0.0000000000000000 0.1000000000000000 0.0000000000000000 1.0000000000000000 0.0000000000000000 1.0000000000000000
0.1000000000000000 0.1000000000000000 -0.0000000000355485 0.9999999998578060 0.0000000002858510 0.9999999997156119
0.2000000000000000 0.1000000000000000 -0.0000000000711201 0.9999999997155198 0.0000000005711647 0.9999999994310396
0.3000000000000000 0.1000000000000000 -0.0000000001067250 0.9999999995730999 0.0000000008553019 0.9999999991461999
0.4000000000000000 0.1000000000000000 -0.0000000001423734 0.9999999994305062 0.0000000011376225 0.9999999988610124
0.5000000000000000 0.1000000000000000 -0.0000000001780749 0.9999999992877004 0.0000000014174840 0.9999999985754009
0.6000000000000000 0.1000000000000000 -0.0000000002138385 0.9999999991446460 0.0000000016942427 0.9999999982892920
0.7000000000000000 0.1000000000000000 -0.0000000002496728 0.9999999990013091 0.0000000019672550 0.9999999980026182
0.7999999999999999 0.1000000000000000 -0.0000000002855854 0.9999999988576586 0.0000000022358776 0.9999999977153171
0.8999999999999999 0.1000000000000000 -0.0000000003215835 0.9999999987136661 0.0000000024994691 0.9999999974273321
0.9999999999999999 0.1000000000000000 -0.0000000003576733 0.9999999985693071 0.0000000027573907 0.9999999971386142
1.0999999999999999 0.1000000000000000 -0.0000000003938600 0.9999999984245601 0.0000000030090078 0.9999999968491202
1.2000000000000000 0.1000000000000000 -0.0000000004301480 0.9999999982794082 0.0000000032536915 0.9999999965588164
1.3000000000000000 0.1000000000000000 -0.0000000004665407 0.9999999981338372 0.0000000034908222 0.9999999962676744
1.4000000000000001 0.1000000000000000 -0.0000000005030404 0.9999999979878383 0.0000000037197885 0.9999999959756767
1.5000000000000002 0.1000000000000000 -0.0000000005396485 0.9999999978414060 0.0000000039399924 0.9999999956828121
1.6000000000000003 0.1000000000000000 -0.0000000005763652 0.9999999976945395 0.0000000041508495 0.9999999953890790
1.7000000000000004 0.1000000000000000 -0.0000000006131895 0.9999999975472421 0.0000000043517928 0.9999999950944842
1.8000000000000005 0.1000000000000000 -0.0000000006501198 0.9999999973995209 0.0000000045422751 0.9999999947990419
1.9000000000000006 0.1000000000000000 -0.0000000006871530 0.9999999972513880 0.0000000047217706 0.9999999945027760
2.0000000000000004 0.1000000000000000 -0.0000000007242854 0.9999999971028587 0.0000000048897787 0.9999999942057174
