0.000000e+00 nan nan
5.000000e-18 2.263731e+22 5.124478e+44
1.000000e-17 2.263704e+22 5.124357e+44
1.500000e-17 2.263660e+22 5.124154e+44
2.000000e-17 2.263597e+22 5.123871e+44
2.500000e-17 2.263517e+22 5.123508e+44
3.000000e-17 2.263418e+22 5.123063e+44
3.500000e-17 2.263302e+22 5.122537e+44
4.000000e-17 2.263168e+22 5.121931e+44
4.500000e-17 2.263017e+22 5.121244e+44
5.000000e-17 2.262847e+22 5.120477e+44
5.500000e-17 2.262660e+22 5.119628e+44
6.000000e-17 2.262454e+22 5.118699e+44
6.500000e-17 2.262231e+22 5.117689e+44
7.000000e-17 2.261990e+22 5.116599e+44
7.500000e-17 2.261731e+22 5.115428e+44
8.000000e-17 2.261455e+22 5.114177e+44
8.500000e-17 2.261160e+22 5.112845e+44
9.000000e-17 2.260848e+22 5.111433e+44
9.500000e-17 2.260518e+22 5.109940e+44
1.000000e-16 2.260170e+22 5.108367e+44
1.050000e-16 2.259804e+22 5.106714e+44
1.100000e-16 2.259420e+22 5.104981e+44
1.150000e-16 2.259019e+22 5.103168e+44
1.200000e-16 2.258600e+22 5.101274e+44
1.250000e-16 2.258163e+22 5.099301e+44
1.300000e-16 2.257709e+22 5.097248e+44
1.350000e-16 2.257236e+22 5.095115e+44
1.400000e-16 2.256746e+22 5.092902e+44
1.450000e-16 2.256238e+22 5.090610e+44
1.500000e-16 2.255712e+22 5.088238e+44
1.550000e-16 2.255169e+22 5.085787e+44
1.600000e-16 2.254608e+22 5.083256e+44
1.650000e-16 2.254029e+22 5.080647e+44
1.700000e-16 2.253432e+22 5.077958e+44
1.750000e-16 2.252818e+22 5.075190e+44
1.800000e-16 2.252186e+22 5.072343e+44
1.850000e-16 2.251537e+22 5.069417e+44
1.900000e-16 2.250869e+22 5.066413e+44
1.950000e-16 2.250184e+22 5.063330e+44
2.000000e-16 2.249482e+22 5.060169e+44
2.050000e-16 2.248762e+22 5.056929e+44
2.100000e-16 2.248024e+22 5.053611e+44
2.150000e-16 2.247268e+22 5.050215e+44
2.200000e-16 2.246495e+22 5.046741e+44
2.250000e-16 2.245705e+22 5.043189e+44
2.300000e-16 2.244896e+22 5.039560e+44
2.350000e-16 2.244071e+22 5.035853e+44
2.400000e-16 2.243227e+22 5.032069e+44
2.450000e-16 2.242366e+22 5.028207e+44
2.500000e-16 2.241488e+22 5.024269e+44
2.550000e-16 2.240592e+22 5.020253e+44
2.600000e-16 2.239679e+22 5.016161e+44
2.650000e-16 2.238748e+22 5.011992e+44
2.700000e-16 2.237800e+22 5.007747e+44
2.750000e-16 2.236834e+22 5.003425e+44
2.800000e-16 2.235850e+22 4.999027e+44
2.850000e-16 2.234850e+22 4.994554e+44
2.900000e-16 2.233832e+22 4.990004e+44
2.950000e-16 2.232796e+22 4.985379e+44
3.000000e-16 2.231743e+22 4.980679e+44
3.050000e-16 2.230673e+22 4.975903e+44
3.100000e-16 2.229586e+22 4.971052e+44
3.150000e-16 2.228481e+22 4.966127e+44
3.200000e-16 2.227359e+22 4.961126e+44
3.250000e-16 2.226219e+22 4.956052e+44
3.300000e-16 2.225062e+22 4.950903e+44
3.350000e-16 2.223888e+22 4.945680e+44
3.400000e-16 2.222697e+22 4.940383e+44
3.450000e-16 2.221489e+22 4.935012e+44
3.500000e-16 2.220263e+22 4.929568e+44
3.550000e-16 2.219020e+22 4.924051e+44
3.600000e-16 2.217760e+22 4.918460e+44
3.650000e-16 2.216483e+22 4.912797e+44
3.700000e-16 2.215189e+22 4.907061e+44
3.750000e-16 2.213877e+22 4.901253e+44
3.800000e-16 2.212549e+22 4.895373e+44
3.850000e-16 2.211203e+22 4.889420e+44
3.900000e-16 2.209841e+22 4.883396e+44
3.950000e-16 2.208461e+22 4.877301e+44
4.000000e-16 2.207065e+22 4.871134e+44
4.050000e-16 2.205651e+22 4.864897e+44
4.100000e-16 2.204221e+22 4.858588e+44
4.150000e-16 2.202773e+22 4.852209e+44
4.200000e-16 2.201309e+22 4.845760e+44
4.250000e-16 2.199827e+22 4.839241e+44
4.300000e-16 2.198329e+22 4.832651e+44
4.350000e-16 2.196814e+22 4.825993e+44
4.400000e-16 2.195282e+22 4.819265e+44
4.450000e-16 2.193734e+22 4.812468e+44
4.500000e-16 2.192168e+22 4.805603e+44
4.550000e-16 2.190586e+22 4.798669e+44
4.600000e-16 2.188987e+22 4.791666e+44
4.650000e-16 2.187372e+22 4.784596e+44
4.700000e-16 2.185740e+22 4.777458e+44
4.750000e-16 2.184091e+22 4.770253e+44
4.800000e-16 2.182425e+22 4.762980e+44
4.850000e-16 2.180743e+22 4.755641e+44
4.900000e-16 2.179044e+22 4.748235e+44
4.950000e-16 2.177329e+22 4.740763e+44
5.000000e-16 2.175597e+22 4.733224e+44
5.050000e-16 2.173849e+22 4.725620e+44
5.100000e-16 2.172084e+22 4.717951e+44
5.150000e-16 2.170303e+22 4.710216e+44
5.200000e-16 2.168506e+22 4.702417e+44
5.250000e-16 2.166692e+22 4.694553e+44
5.300000e-16 2.164861e+22 4.686625e+44
5.350000e-16 2.163015e+22 4.678633e+44
5.400000e-16 2.161152e+22 4.670577e+44
5.450000e-16 2.159273e+22 4.662458e+44
5.500000e-16 2.157377e+22 4.654276e+44
5.550000e-16 2.155465e+22 4.646031e+44
5.600000e-16 2.153537e+22 4.637724e+44
5.650000e-16 2.151593e+22 4.629354e+44
5.700000e-16 2.149633e+22 4.620923e+44
5.750000e-16 2.147657e+22 4.612430e+44
5.800000e-16 2.145665e+22 4.603877e+44
5.850000e-16 2.143656e+22 4.595262e+44
5.900000e-16 2.141632e+22 4.586587e+44
5.950000e-16 2.139591e+22 4.577852e+44
6.000000e-16 2.137535e+22 4.569057e+44
6.050000e-16 2.135463e+22 4.560202e+44
6.100000e-16 2.133375e+22 4.551288e+44
6.150000e-16 2.131271e+22 4.542316e+44
6.200000e-16 2.129151e+22 4.533285e+44
6.250000e-16 2.127016e+22 4.524196e+44
6.300000e-16 2.124864e+22 4.515049e+44
6.350000e-16 2.122697e+22 4.505844e+44
6.400000e-16 2.120515e+22 4.496583e+44
6.450000e-16 2.118316e+22 4.487264e+44
6.500000e-16 2.116102e+22 4.477890e+44
6.550000e-16 2.113873e+22 4.468459e+44
6.600000e-16 2.111628e+22 4.458972e+44
6.650000e-16 2.109367e+22 4.449430e+44
6.700000e-16 2.107091e+22 4.439833e+44
6.750000e-16 2.104800e+22 4.430182e+44
6.800000e-16 2.102493e+22 4.420476e+44
6.850000e-16 2.100171e+22 4.410716e+44
6.900000e-16 2.097833e+22 4.400903e+44
6.950000e-16 2.095480e+22 4.391037e+44
7.000000e-16 2.093112e+22 4.381118e+44
7.050000e-16 2.090729e+22 4.371146e+44
7.100000e-16 2.088330e+22 4.361122e+44
7.150000e-16 2.085916e+22 4.351047e+44
7.200000e-16 2.083487e+22 4.340920e+44
7.250000e-16 2.081044e+22 4.330742e+44
7.300000e-16 2.078585e+22 4.320514e+44
7.350000e-16 2.076111e+22 4.310235e+44
7.400000e-16 2.073622e+22 4.299907e+44
7.450000e-16 2.071118e+22 4.289529e+44
7.500000e-16 2.068599e+22 4.279103e+44
7.550000e-16 2.066066e+22 4.268627e+44
7.600000e-16 2.063517e+22 4.258104e+44
7.650000e-16 2.060954e+22 4.247532e+44
7.700000e-16 2.058376e+22 4.236913e+44
7.750000e-16 2.055784e+22 4.226247e+44
7.800000e-16 2.053177e+22 4.215535e+44
7.850000e-16 2.050555e+22 4.204776e+44
7.900000e-16 2.047919e+22 4.193971e+44
7.950000e-16 2.045268e+22 4.183120e+44
8.000000e-16 2.042602e+22 4.172225e+44
8.050000e-16 2.039923e+22 4.161284e+44
8.100000e-16 2.037228e+22 4.150300e+44
8.150000e-16 2.034520e+22 4.139272e+44
8.200000e-16 2.031797e+22 4.128200e+44
8.250000e-16 2.029060e+22 4.117085e+44
8.300000e-16 2.026309e+22 4.105927e+44
8.350000e-16 2.023543e+22 4.094727e+44
8.400000e-16 2.020764e+22 4.083486e+44
8.450000e-16 2.017970e+22 4.072202e+44
8.500000e-16 2.015162e+22 4.060878e+44
8.550000e-16 2.012340e+22 4.049513e+44
8.600000e-16 2.009505e+22 4.038108e+44
8.650000e-16 2.006655e+22 4.026664e+44
8.700000e-16 2.003791e+22 4.015180e+44
8.750000e-16 2.000914e+22 4.003657e+44
8.800000e-16 1.998023e+22 3.992095e+44
8.850000e-16 1.995118e+22 3.980495e+44
8.900000e-16 1.992199e+22 3.968858e+44
8.950000e-16 1.989267e+22 3.957183e+44
9.000000e-16 1.986321e+22 3.945472e+44
9.050000e-16 1.983362e+22 3.933724e+44
9.100000e-16 1.980389e+22 3.921940e+44
9.150000e-16 1.977403e+22 3.910121e+44
9.200000e-16 1.974403e+22 3.898266e+44
9.250000e-16 1.971390e+22 3.886377e+44
9.300000e-16 1.968363e+22 3.874454e+44
9.350000e-16 1.965323e+22 3.862496e+44
9.400000e-16 1.962270e+22 3.850505e+44
9.450000e-16 1.959204e+22 3.838482e+44
9.500000e-16 1.956125e+22 3.826425e+44
9.550000e-16 1.953033e+22 3.814337e+44
9.600000e-16 1.949927e+22 3.802217e+44
9.650000e-16 1.946809e+22 3.790066e+44
9.700000e-16 1.943678e+22 3.777884e+44
9.750000e-16 1.940534e+22 3.765671e+44
9.800000e-16 1.937377e+22 3.753429e+44
9.850000e-16 1.934207e+22 3.741157e+44
9.900000e-16 1.931025e+22 3.728856e+44
9.950000e-16 1.927829e+22 3.716526e+44
1.000000e-15 1.924622e+22 3.704168e+44
1.005000e-15 1.921401e+22 3.691783e+44
1.010000e-15 1.918168e+22 3.679370e+44
1.015000e-15 1.914923e+22 3.666930e+44
1.020000e-15 1.911665e+22 3.654464e+44
1.025000e-15 1.908395e+22 3.641972e+44
1.030000e-15 1.905113e+22 3.629455e+44
1.035000e-15 1.901818e+22 3.616912e+44
1.040000e-15 1.898511e+22 3.604344e+44
1.045000e-15 1.895192e+22 3.591753e+44
1.050000e-15 1.891861e+22 3.579137e+44
1.055000e-15 1.888518e+22 3.566499e+44
1.060000e-15 1.885162e+22 3.553837e+44
1.065000e-15 1.881795e+22 3.541153e+44
1.070000e-15 1.878416e+22 3.528447e+44
1.075000e-15 1.875025e+22 3.515720e+44
1.080000e-15 1.871623e+22 3.502971e+44
1.085000e-15 1.868208e+22 3.490202e+44
1.090000e-15 1.864782e+22 3.477412e+44
1.095000e-15 1.861344e+22 3.464603e+44
1.100000e-15 1.857895e+22 3.451775e+44
1.105000e-15 1.854434e+22 3.438927e+44
1.110000e-15 1.850962e+22 3.426061e+44
1.115000e-15 1.847479e+22 3.413178e+44
1.120000e-15 1.843984e+22 3.400276e+44
1.125000e-15 1.840478e+22 3.387358e+44
1.130000e-15 1.836960e+22 3.374423e+44
1.135000e-15 1.833432e+22 3.361471e+44
1.140000e-15 1.829892e+22 3.348504e+44
1.145000e-15 1.826341e+22 3.335522e+44
1.150000e-15 1.822779e+22 3.322525e+44
1.155000e-15 1.819207e+22 3.309513e+44
1.160000e-15 1.815623e+22 3.296488e+44
1.165000e-15 1.812029e+22 3.283449e+44
1.170000e-15 1.808424e+22 3.270397e+44
1.175000e-15 1.804808e+22 3.257332e+44
1.180000e-15 1.801182e+22 3.244255e+44
1.185000e-15 1.797545e+22 3.231167e+44
1.190000e-15 1.793897e+22 3.218067e+44
1.195000e-15 1.790239e+22 3.204956e+44
1.200000e-15 1.786571e+22 3.191835e+44
1.205000e-15 1.782892e+22 3.178704e+44
1.210000e-15 1.779203e+22 3.165563e+44
1.215000e-15 1.775504e+22 3.152413e+44
1.220000e-15 1.771794e+22 3.139255e+44
1.225000e-15 1.768075e+22 3.126088e+44
1.230000e-15 1.764345e+22 3.112914e+44
1.235000e-15 1.760606e+22 3.099733e+44
1.240000e-15 1.756856e+22 3.086544e+44
1.245000e-15 1.753097e+22 3.073349e+44
1.250000e-15 1.749328e+22 3.060149e+44
1.255000e-15 1.745549e+22 3.046942e+44
1.260000e-15 1.741761e+22 3.033731e+44
1.265000e-15 1.737963e+22 3.020515e+44
1.270000e-15 1.734155e+22 3.007294e+44
1.275000e-15 1.730338e+22 2.994070e+44
1.280000e-15 1.726512e+22 2.980843e+44
1.285000e-15 1.722676e+22 2.967612e+44
1.290000e-15 1.718831e+22 2.954380e+44
1.295000e-15 1.714977e+22 2.941145e+44
1.300000e-15 1.711113e+22 2.927908e+44
1.305000e-15 1.707241e+22 2.914670e+44
1.310000e-15 1.703359e+22 2.901432e+44
1.315000e-15 1.699468e+22 2.888193e+44
1.320000e-15 1.695569e+22 2.874954e+44
1.325000e-15 1.691661e+22 2.861716e+44
1.330000e-15 1.687744e+22 2.848479e+44
1.335000e-15 1.683818e+22 2.835243e+44
1.340000e-15 1.679884e+22 2.822010e+44
1.345000e-15 1.675941e+22 2.808778e+44
1.350000e-15 1.671990e+22 2.795549e+44
1.355000e-15 1.668030e+22 2.782323e+44
1.360000e-15 1.664062e+22 2.769101e+44
1.365000e-15 1.660085e+22 2.755882e+44
1.370000e-15 1.656100e+22 2.742668e+44
1.375000e-15 1.652107e+22 2.729459e+44
1.380000e-15 1.648106e+22 2.716255e+44
1.385000e-15 1.644097e+22 2.703057e+44
1.390000e-15 1.640081e+22 2.689864e+44
1.395000e-15 1.636056e+22 2.676678e+44
1.400000e-15 1.632023e+22 2.663499e+44
1.405000e-15 1.627983e+22 2.650327e+44
1.410000e-15 1.623935e+22 2.637163e+44
1.415000e-15 1.619879e+22 2.624007e+44
1.420000e-15 1.615816e+22 2.610860e+44
1.425000e-15 1.611745e+22 2.597722e+44
1.430000e-15 1.607667e+22 2.584592e+44
1.435000e-15 1.603581e+22 2.571473e+44
1.440000e-15 1.599489e+22 2.558364e+44
1.445000e-15 1.595389e+22 2.545265e+44
1.450000e-15 1.591282e+22 2.532177e+44
1.455000e-15 1.587168e+22 2.519101e+44
1.460000e-15 1.583046e+22 2.506036e+44
1.465000e-15 1.578918e+22 2.492984e+44
1.470000e-15 1.574784e+22 2.479944e+44
1.475000e-15 1.570642e+22 2.466917e+44
1.480000e-15 1.566494e+22 2.453903e+44
1.485000e-15 1.562339e+22 2.440903e+44
1.490000e-15 1.558177e+22 2.427917e+44
1.495000e-15 1.554010e+22 2.414946e+44
1.500000e-15 1.549835e+22 2.401989e+44
1.505000e-15 1.545655e+22 2.389048e+44
1.510000e-15 1.541468e+22 2.376122e+44
1.515000e-15 1.537275e+22 2.363213e+44
1.520000e-15 1.533075e+22 2.350320e+44
1.525000e-15 1.528870e+22 2.337444e+44
1.530000e-15 1.524659e+22 2.324585e+44
1.535000e-15 1.520442e+22 2.311743e+44
1.540000e-15 1.516219e+22 2.298919e+44
1.545000e-15 1.511990e+22 2.286114e+44
1.550000e-15 1.507756e+22 2.273328e+44
1.555000e-15 1.503516e+22 2.260560e+44
1.560000e-15 1.499270e+22 2.247812e+44
1.565000e-15 1.495020e+22 2.235084e+44
1.570000e-15 1.490763e+22 2.222375e+44
1.575000e-15 1.486502e+22 2.209688e+44
1.580000e-15 1.482235e+22 2.197021e+44
1.585000e-15 1.477963e+22 2.184375e+44
1.590000e-15 1.473686e+22 2.171751e+44
1.595000e-15 1.469404e+22 2.159149e+44
1.600000e-15 1.465117e+22 2.146569e+44
1.605000e-15 1.460826e+22 2.134012e+44
1.610000e-15 1.456529e+22 2.121477e+44
1.615000e-15 1.452228e+22 2.108966e+44
1.620000e-15 1.447922e+22 2.096479e+44
1.625000e-15 1.443612e+22 2.084016e+44
1.630000e-15 1.439297e+22 2.071577e+44
1.635000e-15 1.434978e+22 2.059163e+44
1.640000e-15 1.430655e+22 2.046774e+44
1.645000e-15 1.426327e+22 2.034410e+44
1.650000e-15 1.421996e+22 2.022072e+44
1.655000e-15 1.417660e+22 2.009760e+44
1.660000e-15 1.413320e+22 1.997474e+44
1.665000e-15 1.408977e+22 1.985215e+44
1.670000e-15 1.404629e+22 1.972983e+44
1.675000e-15 1.400278e+22 1.960778e+44
1.680000e-15 1.395923e+22 1.948601e+44
1.685000e-15 1.391565e+22 1.936452e+44
1.690000e-15 1.387203e+22 1.924331e+44
1.695000e-15 1.382837e+22 1.912239e+44
1.700000e-15 1.378469e+22 1.900175e+44
1.705000e-15 1.374097e+22 1.888141e+44
1.710000e-15 1.369721e+22 1.876137e+44
1.715000e-15 1.365343e+22 1.864162e+44
1.720000e-15 1.360962e+22 1.852217e+44
1.725000e-15 1.356578e+22 1.840303e+44
1.730000e-15 1.352191e+22 1.828419e+44
1.735000e-15 1.347801e+22 1.816567e+44
1.740000e-15 1.343408e+22 1.804745e+44
1.745000e-15 1.339013e+22 1.792956e+44
1.750000e-15 1.334615e+22 1.781198e+44
1.755000e-15 1.330215e+22 1.769472e+44
1.760000e-15 1.325813e+22 1.757779e+44
1.765000e-15 1.321408e+22 1.746118e+44
1.770000e-15 1.317001e+22 1.734491e+44
1.775000e-15 1.312592e+22 1.722896e+44
1.780000e-15 1.308180e+22 1.711336e+44
1.785000e-15 1.303767e+22 1.699809e+44
1.790000e-15 1.299352e+22 1.688316e+44
1.795000e-15 1.294935e+22 1.676857e+44
1.800000e-15 1.290517e+22 1.665434e+44
1.805000e-15 1.286097e+22 1.654045e+44
1.810000e-15 1.281675e+22 1.642691e+44
1.815000e-15 1.277252e+22 1.631372e+44
1.820000e-15 1.272827e+22 1.620089e+44
1.825000e-15 1.268401e+22 1.608842e+44
1.830000e-15 1.263974e+22 1.597631e+44
1.835000e-15 1.259546e+22 1.586457e+44
1.840000e-15 1.255117e+22 1.575319e+44
1.845000e-15 1.250687e+22 1.564217e+44
1.850000e-15 1.246256e+22 1.553153e+44
1.855000e-15 1.241824e+22 1.542127e+44
1.860000e-15 1.237391e+22 1.531137e+44
1.865000e-15 1.232958e+22 1.520186e+44
1.870000e-15 1.228525e+22 1.509273e+44
1.875000e-15 1.224090e+22 1.498397e+44
1.880000e-15 1.219656e+22 1.487561e+44
1.885000e-15 1.215221e+22 1.476762e+44
1.890000e-15 1.210786e+22 1.466003e+44
1.895000e-15 1.206351e+22 1.455283e+44
1.900000e-15 1.201916e+22 1.444602e+44
1.905000e-15 1.197481e+22 1.433961e+44
1.910000e-15 1.193046e+22 1.423359e+44
1.915000e-15 1.188611e+22 1.412797e+44
1.920000e-15 1.184177e+22 1.402275e+44
1.925000e-15 1.179743e+22 1.391794e+44
1.930000e-15 1.175310e+22 1.381353e+44
1.935000e-15 1.170877e+22 1.370952e+44
1.940000e-15 1.166445e+22 1.360593e+44
1.945000e-15 1.162013e+22 1.350275e+44
1.950000e-15 1.157583e+22 1.339997e+44
1.955000e-15 1.153153e+22 1.329761e+44
1.960000e-15 1.148724e+22 1.319567e+44
1.965000e-15 1.144297e+22 1.309415e+44
1.970000e-15 1.139870e+22 1.299304e+44
1.975000e-15 1.135445e+22 1.289235e+44
1.980000e-15 1.131021e+22 1.279209e+44
1.985000e-15 1.126599e+22 1.269225e+44
1.990000e-15 1.122178e+22 1.259283e+44
1.995000e-15 1.117759e+22 1.249385e+44
2.000000e-15 1.113341e+22 1.239529e+44
2.005000e-15 1.108926e+22 1.229716e+44
2.010000e-15 1.104512e+22 1.219946e+44
2.015000e-15 1.100100e+22 1.210220e+44
2.020000e-15 1.095690e+22 1.200537e+44
2.025000e-15 1.091282e+22 1.190897e+44
2.030000e-15 1.086877e+22 1.181301e+44
2.035000e-15 1.082474e+22 1.171749e+44
2.040000e-15 1.078073e+22 1.162241e+44
2.045000e-15 1.073675e+22 1.152777e+44
2.050000e-15 1.069279e+22 1.143357e+44
2.055000e-15 1.064886e+22 1.133982e+44
2.060000e-15 1.060496e+22 1.124651e+44
2.065000e-15 1.056108e+22 1.115364e+44
2.070000e-15 1.051724e+22 1.106123e+44
2.075000e-15 1.047342e+22 1.096925e+44
2.080000e-15 1.042964e+22 1.087773e+44
2.085000e-15 1.038588e+22 1.078666e+44
2.090000e-15 1.034216e+22 1.069604e+44
2.095000e-15 1.029848e+22 1.060586e+44
2.100000e-15 1.025483e+22 1.051615e+44
2.105000e-15 1.021121e+22 1.042688e+44
2.110000e-15 1.016763e+22 1.033807e+44
2.115000e-15 1.012409e+22 1.024971e+44
2.120000e-15 1.008058e+22 1.016181e+44
2.125000e-15 1.003711e+22 1.007437e+44
2.130000e-15 9.993688e+21 9.987379e+43
2.135000e-15 9.950301e+21 9.900850e+43
2.140000e-15 9.906957e+21 9.814779e+43
2.145000e-15 9.863654e+21 9.729167e+43
2.150000e-15 9.820395e+21 9.644015e+43
2.155000e-15 9.777179e+21 9.559323e+43
2.160000e-15 9.734009e+21 9.475092e+43
2.165000e-15 9.690884e+21 9.391323e+43
2.170000e-15 9.647806e+21 9.308015e+43
2.175000e-15 9.604775e+21 9.225170e+43
2.180000e-15 9.561792e+21 9.142788e+43
2.185000e-15 9.518859e+21 9.060868e+43
2.190000e-15 9.475976e+21 8.979412e+43
2.195000e-15 9.433144e+21 8.898420e+43
2.200000e-15 9.390363e+21 8.817892e+43
2.205000e-15 9.347635e+21 8.737829e+43
2.210000e-15 9.304961e+21 8.658230e+43
2.215000e-15 9.262341e+21 8.579096e+43
2.220000e-15 9.219776e+21 8.500427e+43
2.225000e-15 9.177267e+21 8.422223e+43
2.230000e-15 9.134815e+21 8.344485e+43
2.235000e-15 9.092421e+21 8.267212e+43
2.240000e-15 9.050085e+21 8.190404e+43
2.245000e-15 9.007809e+21 8.114063e+43
2.250000e-15 8.965593e+21 8.038186e+43
2.255000e-15 8.923438e+21 7.962775e+43
2.260000e-15 8.881345e+21 7.887830e+43
2.265000e-15 8.839315e+21 7.813350e+43
2.270000e-15 8.797349e+21 7.739335e+43
2.275000e-15 8.755447e+21 7.665785e+43
2.280000e-15 8.713610e+21 7.592700e+43
2.285000e-15 8.671840e+21 7.520080e+43
2.290000e-15 8.630136e+21 7.447925e+43
2.295000e-15 8.588500e+21 7.376234e+43
2.300000e-15 8.546933e+21 7.305007e+43
2.305000e-15 8.505435e+21 7.234243e+43
2.310000e-15 8.464008e+21 7.163943e+43
2.315000e-15 8.422651e+21 7.094106e+43
2.320000e-15 8.381367e+21 7.024731e+43
2.325000e-15 8.340155e+21 6.955818e+43
2.330000e-15 8.299017e+21 6.887367e+43
2.335000e-15 8.257952e+21 6.819378e+43
2.340000e-15 8.216963e+21 6.751849e+43
2.345000e-15 8.176050e+21 6.684780e+43
2.350000e-15 8.135214e+21 6.618171e+43
2.355000e-15 8.094455e+21 6.552021e+43
2.360000e-15 8.053775e+21 6.486329e+43
2.365000e-15 8.013173e+21 6.421095e+43
2.370000e-15 7.972652e+21 6.356318e+43
2.375000e-15 7.932211e+21 6.291997e+43
2.380000e-15 7.891851e+21 6.228132e+43
2.385000e-15 7.851574e+21 6.164722e+43
2.390000e-15 7.811380e+21 6.101766e+43
2.395000e-15 7.771270e+21 6.039263e+43
2.400000e-15 7.731244e+21 5.977213e+43
2.405000e-15 7.691303e+21 5.915614e+43
2.410000e-15 7.651448e+21 5.854466e+43
2.415000e-15 7.611681e+21 5.793768e+43
2.420000e-15 7.572000e+21 5.733519e+43
2.425000e-15 7.532408e+21 5.673718e+43
2.430000e-15 7.492906e+21 5.614363e+43
2.435000e-15 7.453493e+21 5.555455e+43
2.440000e-15 7.414170e+21 5.496992e+43
2.445000e-15 7.374939e+21 5.438972e+43
2.450000e-15 7.335799e+21 5.381395e+43
2.455000e-15 7.296753e+21 5.324260e+43
2.460000e-15 7.257800e+21 5.267566e+43
2.465000e-15 7.218941e+21 5.211310e+43
2.470000e-15 7.180176e+21 5.155493e+43
2.475000e-15 7.141508e+21 5.100113e+43
2.480000e-15 7.102935e+21 5.045169e+43
2.485000e-15 7.064460e+21 4.990660e+43
2.490000e-15 7.026082e+21 4.936583e+43
2.495000e-15 6.987803e+21 4.882939e+43
2.500000e-15 6.949622e+21 4.829725e+43
2.505000e-15 6.911542e+21 4.776941e+43
2.510000e-15 6.873561e+21 4.724585e+43
2.515000e-15 6.835682e+21 4.672655e+43
2.520000e-15 6.797904e+21 4.621150e+43
2.525000e-15 6.760229e+21 4.570070e+43
2.530000e-15 6.722657e+21 4.519411e+43
2.535000e-15 6.685188e+21 4.469174e+43
2.540000e-15 6.647824e+21 4.419356e+43
2.545000e-15 6.610564e+21 4.369956e+43
2.550000e-15 6.573410e+21 4.320973e+43
2.555000e-15 6.536363e+21 4.272404e+43
2.560000e-15 6.499422e+21 4.224248e+43
2.565000e-15 6.462588e+21 4.176505e+43
2.570000e-15 6.425863e+21 4.129171e+43
2.575000e-15 6.389246e+21 4.082246e+43
2.580000e-15 6.352738e+21 4.035728e+43
2.585000e-15 6.316340e+21 3.989615e+43
2.590000e-15 6.280053e+21 3.943906e+43
2.595000e-15 6.243876e+21 3.898599e+43
2.600000e-15 6.207811e+21 3.853692e+43
2.605000e-15 6.171858e+21 3.809183e+43
2.610000e-15 6.136018e+21 3.765071e+43
2.615000e-15 6.100290e+21 3.721354e+43
2.620000e-15 6.064677e+21 3.678031e+43
2.625000e-15 6.029178e+21 3.635098e+43
2.630000e-15 5.993793e+21 3.592556e+43
2.635000e-15 5.958524e+21 3.550401e+43
2.640000e-15 5.923371e+21 3.508632e+43
2.645000e-15 5.888334e+21 3.467248e+43
2.650000e-15 5.853414e+21 3.426245e+43
2.655000e-15 5.818611e+21 3.385624e+43
2.660000e-15 5.783926e+21 3.345380e+43
2.665000e-15 5.749360e+21 3.305514e+43
2.670000e-15 5.714912e+21 3.266022e+43
2.675000e-15 5.680584e+21 3.226903e+43
2.680000e-15 5.646375e+21 3.188155e+43
2.685000e-15 5.612286e+21 3.149776e+43
2.690000e-15 5.578318e+21 3.111763e+43
2.695000e-15 5.544471e+21 3.074116e+43
2.700000e-15 5.510746e+21 3.036832e+43
2.705000e-15 5.477142e+21 2.999909e+43
2.710000e-15 5.443661e+21 2.963345e+43
2.715000e-15 5.410303e+21 2.927138e+43
2.720000e-15 5.377068e+21 2.891286e+43
2.725000e-15 5.343956e+21 2.855787e+43
2.730000e-15 5.310968e+21 2.820638e+43
2.735000e-15 5.278105e+21 2.785839e+43
2.740000e-15 5.245366e+21 2.751386e+43
2.745000e-15 5.212752e+21 2.717279e+43
2.750000e-15 5.180264e+21 2.683513e+43
2.755000e-15 5.147901e+21 2.650089e+43
2.760000e-15 5.115665e+21 2.617003e+43
2.765000e-15 5.083555e+21 2.584253e+43
2.770000e-15 5.051571e+21 2.551837e+43
2.775000e-15 5.019715e+21 2.519754e+43
2.780000e-15 4.987986e+21 2.488000e+43
2.785000e-15 4.956385e+21 2.456575e+43
2.790000e-15 4.924911e+21 2.425475e+43
2.795000e-15 4.893566e+21 2.394699e+43
2.800000e-15 4.862350e+21 2.364244e+43
2.805000e-15 4.831262e+21 2.334109e+43
2.810000e-15 4.800303e+21 2.304291e+43
2.815000e-15 4.769473e+21 2.274788e+43
2.820000e-15 4.738773e+21 2.245597e+43
2.825000e-15 4.708203e+21 2.216718e+43
2.830000e-15 4.677763e+21 2.188147e+43
2.835000e-15 4.647453e+21 2.159882e+43
2.840000e-15 4.617273e+21 2.131921e+43
2.845000e-15 4.587224e+21 2.104263e+43
2.850000e-15 4.557306e+21 2.076904e+43
2.855000e-15 4.527519e+21 2.049843e+43
2.860000e-15 4.497863e+21 2.023077e+43
2.865000e-15 4.468338e+21 1.996605e+43
2.870000e-15 4.438945e+21 1.970423e+43
2.875000e-15 4.409684e+21 1.944531e+43
2.880000e-15 4.380554e+21 1.918925e+43
2.885000e-15 4.351556e+21 1.893604e+43
2.890000e-15 4.322690e+21 1.868565e+43
2.895000e-15 4.293957e+21 1.843806e+43
2.900000e-15 4.265355e+21 1.819326e+43
2.905000e-15 4.236886e+21 1.795121e+43
2.910000e-15 4.208550e+21 1.771189e+43
2.915000e-15 4.180346e+21 1.747529e+43
2.920000e-15 4.152274e+21 1.724138e+43
2.925000e-15 4.124336e+21 1.701015e+43
2.930000e-15 4.096530e+21 1.678156e+43
2.935000e-15 4.068857e+21 1.655560e+43
2.940000e-15 4.041317e+21 1.633224e+43
2.945000e-15 4.013909e+21 1.611147e+43
2.950000e-15 3.986635e+21 1.589326e+43
2.955000e-15 3.959493e+21 1.567759e+43
2.960000e-15 3.932484e+21 1.546443e+43
2.965000e-15 3.905609e+21 1.525378e+43
2.970000e-15 3.878866e+21 1.504560e+43
2.975000e-15 3.852256e+21 1.483988e+43
2.980000e-15 3.825779e+21 1.463659e+43
2.985000e-15 3.799435e+21 1.443571e+43
2.990000e-15 3.773224e+21 1.423722e+43
2.995000e-15 3.747145e+21 1.404110e+43
3.000000e-15 3.721199e+21 1.384732e+43
3.005000e-15 3.695386e+21 1.365588e+43
3.010000e-15 3.669705e+21 1.346674e+43
3.015000e-15 3.644157e+21 1.327988e+43
3.020000e-15 3.618742e+21 1.309529e+43
3.025000e-15 3.593458e+21 1.291294e+43
3.030000e-15 3.568307e+21 1.273282e+43
3.035000e-15 3.543288e+21 1.255489e+43
3.040000e-15 3.518401e+21 1.237915e+43
3.045000e-15 3.493646e+21 1.220556e+43
3.050000e-15 3.469022e+21 1.203412e+43
3.055000e-15 3.444530e+21 1.186479e+43
3.060000e-15 3.420170e+21 1.169756e+43
3.065000e-15 3.395941e+21 1.153241e+43
3.070000e-15 3.371843e+21 1.136932e+43
3.075000e-15 3.347876e+21 1.120827e+43
3.080000e-15 3.324040e+21 1.104924e+43
3.085000e-15 3.300334e+21 1.089220e+43
3.090000e-15 3.276759e+21 1.073715e+43
3.095000e-15 3.253314e+21 1.058405e+43
3.100000e-15 3.229999e+21 1.043289e+43
3.105000e-15 3.206813e+21 1.028365e+43
3.110000e-15 3.183758e+21 1.013631e+43
3.115000e-15 3.160831e+21 9.990855e+42
3.120000e-15 3.138034e+21 9.847259e+42
3.125000e-15 3.115366e+21 9.705505e+42
3.130000e-15 3.092826e+21 9.565574e+42
3.135000e-15 3.070415e+21 9.427448e+42
3.140000e-15 3.048132e+21 9.291107e+42
3.145000e-15 3.025976e+21 9.156534e+42
3.150000e-15 3.003949e+21 9.023708e+42
3.155000e-15 2.982048e+21 8.892613e+42
3.160000e-15 2.960275e+21 8.763228e+42
3.165000e-15 2.938628e+21 8.635537e+42
3.170000e-15 2.917108e+21 8.509520e+42
3.175000e-15 2.895714e+21 8.385161e+42
3.180000e-15 2.874446e+21 8.262440e+42
3.185000e-15 2.853303e+21 8.141340e+42
3.190000e-15 2.832286e+21 8.021844e+42
3.195000e-15 2.811393e+21 7.903933e+42
3.200000e-15 2.790625e+21 7.787590e+42
3.205000e-15 2.769982e+21 7.672798e+42
3.210000e-15 2.749462e+21 7.559540e+42
3.215000e-15 2.729065e+21 7.447798e+42
3.220000e-15 2.708792e+21 7.337555e+42
3.225000e-15 2.688642e+21 7.228795e+42
3.230000e-15 2.668614e+21 7.121500e+42
3.235000e-15 2.648708e+21 7.015655e+42
3.240000e-15 2.628924e+21 6.911242e+42
3.245000e-15 2.609261e+21 6.808245e+42
3.250000e-15 2.589720e+21 6.706648e+42
3.255000e-15 2.570298e+21 6.606434e+42
3.260000e-15 2.550998e+21 6.507588e+42
3.265000e-15 2.531816e+21 6.410094e+42
3.270000e-15 2.512755e+21 6.313936e+42
3.275000e-15 2.493812e+21 6.219098e+42
3.280000e-15 2.474988e+21 6.125564e+42
3.285000e-15 2.456282e+21 6.033320e+42
3.290000e-15 2.437694e+21 5.942350e+42
3.295000e-15 2.419223e+21 5.852639e+42
3.300000e-15 2.400869e+21 5.764171e+42
3.305000e-15 2.382631e+21 5.676933e+42
3.310000e-15 2.364510e+21 5.590908e+42
3.315000e-15 2.346504e+21 5.506083e+42
3.320000e-15 2.328614e+21 5.422443e+42
3.325000e-15 2.310838e+21 5.339973e+42
3.330000e-15 2.293177e+21 5.258659e+42
3.335000e-15 2.275629e+21 5.178488e+42
3.340000e-15 2.258195e+21 5.099444e+42
3.345000e-15 2.240874e+21 5.021515e+42
3.350000e-15 2.223665e+21 4.944685e+42
3.355000e-15 2.206568e+21 4.868943e+42
3.360000e-15 2.189583e+21 4.794274e+42
3.365000e-15 2.172709e+21 4.720664e+42
3.370000e-15 2.155946e+21 4.648101e+42
3.375000e-15 2.139292e+21 4.576572e+42
3.380000e-15 2.122749e+21 4.506062e+42
3.385000e-15 2.106314e+21 4.436561e+42
3.390000e-15 2.089989e+21 4.368053e+42
3.395000e-15 2.073771e+21 4.300528e+42
3.400000e-15 2.057662e+21 4.233972e+42
3.405000e-15 2.041660e+21 4.168374e+42
3.410000e-15 2.025764e+21 4.103720e+42
3.415000e-15 2.009975e+21 4.039999e+42
3.420000e-15 1.994291e+21 3.977198e+42
3.425000e-15 1.978713e+21 3.915306e+42
3.430000e-15 1.963240e+21 3.854311e+42
3.435000e-15 1.947871e+21 3.794201e+42
3.440000e-15 1.932606e+21 3.734965e+42
3.445000e-15 1.917444e+21 3.676591e+42
3.450000e-15 1.902385e+21 3.619068e+42
3.455000e-15 1.887428e+21 3.562385e+42
3.460000e-15 1.872573e+21 3.506531e+42
3.465000e-15 1.857820e+21 3.451494e+42
3.470000e-15 1.843167e+21 3.397264e+42
3.475000e-15 1.828614e+21 3.343830e+42
3.480000e-15 1.814161e+21 3.291182e+42
3.485000e-15 1.799808e+21 3.239308e+42
3.490000e-15 1.785553e+21 3.188200e+42
3.495000e-15 1.771396e+21 3.137845e+42
3.500000e-15 1.757338e+21 3.088235e+42
3.505000e-15 1.743376e+21 3.039360e+42
3.510000e-15 1.729511e+21 2.991208e+42
3.515000e-15 1.715742e+21 2.943771e+42
3.520000e-15 1.702069e+21 2.897039e+42
3.525000e-15 1.688491e+21 2.851002e+42
3.530000e-15 1.675008e+21 2.805650e+42
3.535000e-15 1.661618e+21 2.760975e+42
3.540000e-15 1.648322e+21 2.716967e+42
3.545000e-15 1.635120e+21 2.673617e+42
3.550000e-15 1.622010e+21 2.630915e+42
3.555000e-15 1.608991e+21 2.588854e+42
3.560000e-15 1.596065e+21 2.547423e+42
3.565000e-15 1.583229e+21 2.506615e+42
3.570000e-15 1.570484e+21 2.466420e+42
3.575000e-15 1.557829e+21 2.426830e+42
3.580000e-15 1.545263e+21 2.387837e+42
3.585000e-15 1.532786e+21 2.349433e+42
3.590000e-15 1.520397e+21 2.311608e+42
3.595000e-15 1.508097e+21 2.274356e+42
3.600000e-15 1.495883e+21 2.237667e+42
3.605000e-15 1.483757e+21 2.201535e+42
3.610000e-15 1.471717e+21 2.165950e+42
3.615000e-15 1.459762e+21 2.130906e+42
3.620000e-15 1.447893e+21 2.096395e+42
3.625000e-15 1.436109e+21 2.062409e+42
3.630000e-15 1.424409e+21 2.028940e+42
3.635000e-15 1.412792e+21 1.995982e+42
3.640000e-15 1.401259e+21 1.963528e+42
3.645000e-15 1.389809e+21 1.931569e+42
3.650000e-15 1.378441e+21 1.900098e+42
3.655000e-15 1.367154e+21 1.869110e+42
3.660000e-15 1.355949e+21 1.838597e+42
3.665000e-15 1.344824e+21 1.808551e+42
3.670000e-15 1.333779e+21 1.778967e+42
3.675000e-15 1.322814e+21 1.749838e+42
3.680000e-15 1.311928e+21 1.721156e+42
3.685000e-15 1.301121e+21 1.692917e+42
3.690000e-15 1.290392e+21 1.665112e+42
3.695000e-15 1.279741e+21 1.637737e+42
3.700000e-15 1.269167e+21 1.610784e+42
3.705000e-15 1.258669e+21 1.584247e+42
3.710000e-15 1.248247e+21 1.558121e+42
3.715000e-15 1.237901e+21 1.532400e+42
3.720000e-15 1.227631e+21 1.507077e+42
3.725000e-15 1.217434e+21 1.482146e+42
3.730000e-15 1.207312e+21 1.457603e+42
3.735000e-15 1.197264e+21 1.433441e+42
3.740000e-15 1.187289e+21 1.409654e+42
3.745000e-15 1.177386e+21 1.386238e+42
3.750000e-15 1.167556e+21 1.363186e+42
3.755000e-15 1.157797e+21 1.340493e+42
3.760000e-15 1.148109e+21 1.318155e+42
3.765000e-15 1.138492e+21 1.296165e+42
3.770000e-15 1.128946e+21 1.274519e+42
3.775000e-15 1.119469e+21 1.253211e+42
3.780000e-15 1.110061e+21 1.232236e+42
3.785000e-15 1.100723e+21 1.211590e+42
3.790000e-15 1.091452e+21 1.191268e+42
3.795000e-15 1.082249e+21 1.171264e+42
3.800000e-15 1.073114e+21 1.151574e+42
3.805000e-15 1.064046e+21 1.132194e+42
3.810000e-15 1.055044e+21 1.113118e+42
3.815000e-15 1.046108e+21 1.094342e+42
3.820000e-15 1.037238e+21 1.075862e+42
3.825000e-15 1.028432e+21 1.057673e+42
3.830000e-15 1.019691e+21 1.039770e+42
3.835000e-15 1.011014e+21 1.022150e+42
3.840000e-15 1.002401e+21 1.004809e+42
3.845000e-15 9.938515e+20 9.877408e+41
3.850000e-15 9.853643e+20 9.709429e+41
3.855000e-15 9.769395e+20 9.544108e+41
3.860000e-15 9.685765e+20 9.381404e+41
3.865000e-15 9.602749e+20 9.221278e+41
3.870000e-15 9.520342e+20 9.063691e+41
3.875000e-15 9.438540e+20 8.908604e+41
3.880000e-15 9.357339e+20 8.755979e+41
3.885000e-15 9.276734e+20 8.605779e+41
3.890000e-15 9.196721e+20 8.457967e+41
3.895000e-15 9.117295e+20 8.312507e+41
3.900000e-15 9.038453e+20 8.169362e+41
3.905000e-15 8.960189e+20 8.028498e+41
3.910000e-15 8.882499e+20 7.889879e+41
3.915000e-15 8.805380e+20 7.753472e+41
3.920000e-15 8.728827e+20 7.619241e+41
3.925000e-15 8.652835e+20 7.487155e+41
3.930000e-15 8.577401e+20 7.357180e+41
3.935000e-15 8.502520e+20 7.229284e+41
3.940000e-15 8.428188e+20 7.103435e+41
3.945000e-15 8.354401e+20 6.979601e+41
3.950000e-15 8.281154e+20 6.857752e+41
3.955000e-15 8.208444e+20 6.737856e+41
3.960000e-15 8.136267e+20 6.619885e+41
3.965000e-15 8.064619e+20 6.503807e+41
3.970000e-15 7.993494e+20 6.389595e+41
3.975000e-15 7.922890e+20 6.277219e+41
3.980000e-15 7.852802e+20 6.166651e+41
3.985000e-15 7.783227e+20 6.057862e+41
3.990000e-15 7.714160e+20 5.950826e+41
3.995000e-15 7.645597e+20 5.845516e+41
4.000000e-15 7.577535e+20 5.741904e+41
4.005000e-15 7.509970e+20 5.639965e+41
4.010000e-15 7.442897e+20 5.539671e+41
4.015000e-15 7.376313e+20 5.440999e+41
4.020000e-15 7.310214e+20 5.343923e+41
4.025000e-15 7.244596e+20 5.248417e+41
4.030000e-15 7.179455e+20 5.154458e+41
4.035000e-15 7.114788e+20 5.062021e+41
4.040000e-15 7.050591e+20 4.971083e+41
4.045000e-15 6.986860e+20 4.881621e+41
4.050000e-15 6.923591e+20 4.793611e+41
4.055000e-15 6.860781e+20 4.707031e+41
4.060000e-15 6.798425e+20 4.621859e+41
4.065000e-15 6.736521e+20 4.538072e+41
4.070000e-15 6.675065e+20 4.455649e+41
4.075000e-15 6.614053e+20 4.374569e+41
4.080000e-15 6.553481e+20 4.294811e+41
4.085000e-15 6.493346e+20 4.216354e+41
4.090000e-15 6.433644e+20 4.139178e+41
4.095000e-15 6.374372e+20 4.063262e+41
4.100000e-15 6.315527e+20 3.988588e+41
4.105000e-15 6.257104e+20 3.915135e+41
4.110000e-15 6.199100e+20 3.842884e+41
4.115000e-15 6.141513e+20 3.771818e+41
4.120000e-15 6.084337e+20 3.701916e+41
4.125000e-15 6.027571e+20 3.633161e+41
4.130000e-15 5.971211e+20 3.565536e+41
4.135000e-15 5.915252e+20 3.499021e+41
4.140000e-15 5.859693e+20 3.433600e+41
4.145000e-15 5.804529e+20 3.369256e+41
4.150000e-15 5.749758e+20 3.305972e+41
4.155000e-15 5.695375e+20 3.243730e+41
4.160000e-15 5.641379e+20 3.182515e+41
4.165000e-15 5.587764e+20 3.122311e+41
4.170000e-15 5.534529e+20 3.063102e+41
4.175000e-15 5.481671e+20 3.004871e+41
4.180000e-15 5.429185e+20 2.947604e+41
4.185000e-15 5.377068e+20 2.891286e+41
4.190000e-15 5.325318e+20 2.835902e+41
4.195000e-15 5.273932e+20 2.781436e+41
4.200000e-15 5.222906e+20 2.727875e+41
4.205000e-15 5.172237e+20 2.675204e+41
4.210000e-15 5.121922e+20 2.623409e+41
4.215000e-15 5.071959e+20 2.572477e+41
4.220000e-15 5.022343e+20 2.522393e+41
4.225000e-15 4.973073e+20 2.473145e+41
4.230000e-15 4.924145e+20 2.424720e+41
4.235000e-15 4.875555e+20 2.377104e+41
4.240000e-15 4.827302e+20 2.330285e+41
4.245000e-15 4.779382e+20 2.284249e+41
4.250000e-15 4.731792e+20 2.238986e+41
4.255000e-15 4.684530e+20 2.194482e+41
4.260000e-15 4.637592e+20 2.150726e+41
4.265000e-15 4.590976e+20 2.107706e+41
4.270000e-15 4.544679e+20 2.065410e+41
4.275000e-15 4.498697e+20 2.023828e+41
4.280000e-15 4.453029e+20 1.982947e+41
4.285000e-15 4.407671e+20 1.942756e+41
4.290000e-15 4.362621e+20 1.903246e+41
4.295000e-15 4.317875e+20 1.864404e+41
4.300000e-15 4.273432e+20 1.826222e+41
4.305000e-15 4.229287e+20 1.788687e+41
4.310000e-15 4.185440e+20 1.751791e+41
4.315000e-15 4.141886e+20 1.715522e+41
4.320000e-15 4.098624e+20 1.679872e+41
4.325000e-15 4.055651e+20 1.644830e+41
4.330000e-15 4.012963e+20 1.610387e+41
4.335000e-15 3.970559e+20 1.576534e+41
4.340000e-15 3.928436e+20 1.543261e+41
4.345000e-15 3.886591e+20 1.510559e+41
4.350000e-15 3.845021e+20 1.478419e+41
4.355000e-15 3.803725e+20 1.446832e+41
4.360000e-15 3.762699e+20 1.415791e+41
4.365000e-15 3.721942e+20 1.385285e+41
4.370000e-15 3.681449e+20 1.355307e+41
4.375000e-15 3.641220e+20 1.325848e+41
4.380000e-15 3.601252e+20 1.296901e+41
4.385000e-15 3.561541e+20 1.268458e+41
4.390000e-15 3.522087e+20 1.240509e+41
4.395000e-15 3.482885e+20 1.213049e+41
4.400000e-15 3.443935e+20 1.186069e+41
4.405000e-15 3.405233e+20 1.159561e+41
4.410000e-15 3.366777e+20 1.133519e+41
4.415000e-15 3.328564e+20 1.107934e+41
4.420000e-15 3.290594e+20 1.082801e+41
4.425000e-15 3.252862e+20 1.058111e+41
4.430000e-15 3.215367e+20 1.033858e+41
4.435000e-15 3.178106e+20 1.010036e+41
4.440000e-15 3.141078e+20 9.866371e+40
4.445000e-15 3.104280e+20 9.636552e+40
4.450000e-15 3.067709e+20 9.410837e+40
4.455000e-15 3.031363e+20 9.189164e+40
4.460000e-15 2.995241e+20 8.971470e+40
4.465000e-15 2.959340e+20 8.757693e+40
4.470000e-15 2.923657e+20 8.547773e+40
4.475000e-15 2.888192e+20 8.341650e+40
4.480000e-15 2.852940e+20 8.139267e+40
4.485000e-15 2.817901e+20 7.940565e+40
4.490000e-15 2.783072e+20 7.745488e+40
4.495000e-15 2.748451e+20 7.553980e+40
4.500000e-15 2.714035e+20 7.365987e+40
4.505000e-15 2.679824e+20 7.181455e+40
4.510000e-15 2.645814e+20 7.000332e+40
4.515000e-15 2.612004e+20 6.822564e+40
4.520000e-15 2.578391e+20 6.648101e+40
4.525000e-15 2.544974e+20 6.476892e+40
4.530000e-15 2.511750e+20 6.308889e+40
4.535000e-15 2.478718e+20 6.144043e+40
4.540000e-15 2.445875e+20 5.982305e+40
4.545000e-15 2.413220e+20 5.823629e+40
4.550000e-15 2.380750e+20 5.667969e+40
4.555000e-15 2.348463e+20 5.515280e+40
4.560000e-15 2.316358e+20 5.365516e+40
4.565000e-15 2.284433e+20 5.218634e+40
4.570000e-15 2.252685e+20 5.074590e+40
4.575000e-15 2.221113e+20 4.933343e+40
4.580000e-15 2.189715e+20 4.794851e+40
4.585000e-15 2.158488e+20 4.659072e+40
4.590000e-15 2.127432e+20 4.525967e+40
4.595000e-15 2.096544e+20 4.395496e+40
4.600000e-15 2.065822e+20 4.267620e+40
4.605000e-15 2.035264e+20 4.142301e+40
4.610000e-15 2.004869e+20 4.019501e+40
4.615000e-15 1.974635e+20 3.899184e+40
4.620000e-15 1.944560e+20 3.781313e+40
4.625000e-15 1.914642e+20 3.665852e+40
4.630000e-15 1.884879e+20 3.552768e+40
4.635000e-15 1.855269e+20 3.442024e+40
4.640000e-15 1.825812e+20 3.333589e+40
4.645000e-15 1.796504e+20 3.227427e+40
4.650000e-15 1.767345e+20 3.123508e+40
4.655000e-15 1.738332e+20 3.021798e+40
4.660000e-15 1.709464e+20 2.922267e+40
4.665000e-15 1.680739e+20 2.824883e+40
4.670000e-15 1.652155e+20 2.729617e+40
4.675000e-15 1.623711e+20 2.636437e+40
4.680000e-15 1.595405e+20 2.545317e+40
4.685000e-15 1.567235e+20 2.456225e+40
4.690000e-15 1.539200e+20 2.369135e+40
4.695000e-15 1.511297e+20 2.284019e+40
4.700000e-15 1.483526e+20 2.200850e+40
4.705000e-15 1.455884e+20 2.119600e+40
4.710000e-15 1.428371e+20 2.040244e+40
4.715000e-15 1.400984e+20 1.962755e+40
4.720000e-15 1.373721e+20 1.887110e+40
4.725000e-15 1.346582e+20 1.813283e+40
4.730000e-15 1.319564e+20 1.741250e+40
4.735000e-15 1.292666e+20 1.670986e+40
4.740000e-15 1.265887e+20 1.602469e+40
4.745000e-15 1.239224e+20 1.535676e+40
4.750000e-15 1.212677e+20 1.470585e+40
4.755000e-15 1.186243e+20 1.407172e+40
4.760000e-15 1.159921e+20 1.345417e+40
4.765000e-15 1.133710e+20 1.285299e+40
4.770000e-15 1.107608e+20 1.226796e+40
4.775000e-15 1.081614e+20 1.169889e+40
4.780000e-15 1.055726e+20 1.114556e+40
4.785000e-15 1.029942e+20 1.060780e+40
4.790000e-15 1.004261e+20 1.008540e+40
4.795000e-15 9.786817e+19 9.578179e+39
4.800000e-15 9.532025e+19 9.085951e+39
4.805000e-15 9.278220e+19 8.608536e+39
4.810000e-15 9.025385e+19 8.145758e+39
4.815000e-15 8.773508e+19 7.697444e+39
4.820000e-15 8.522572e+19 7.263424e+39
4.825000e-15 8.272565e+19 6.843533e+39
4.830000e-15 8.023471e+19 6.437609e+39
4.835000e-15 7.775276e+19 6.045492e+39
4.840000e-15 7.527966e+19 5.667028e+39
4.845000e-15 7.281528e+19 5.302064e+39
4.850000e-15 7.035946e+19 4.950453e+39
4.855000e-15 6.791206e+19 4.612048e+39
4.860000e-15 6.547296e+19 4.286709e+39
4.865000e-15 6.304201e+19 3.974295e+39
4.870000e-15 6.061907e+19 3.674671e+39
4.875000e-15 5.820400e+19 3.387706e+39
4.880000e-15 5.579668e+19 3.113269e+39
4.885000e-15 5.339695e+19 2.851235e+39
4.890000e-15 5.100470e+19 2.601479e+39
4.895000e-15 4.861978e+19 2.363883e+39
4.900000e-15 4.624205e+19 2.138327e+39
4.905000e-15 4.387139e+19 1.924699e+39
4.910000e-15 4.150767e+19 1.722886e+39
4.915000e-15 3.915074e+19 1.532780e+39
4.920000e-15 3.680048e+19 1.354276e+39
4.925000e-15 3.445676e+19 1.187269e+39
4.930000e-15 3.211945e+19 1.031659e+39
4.935000e-15 2.978842e+19 8.873499e+38
4.940000e-15 2.746353e+19 7.542457e+38
4.945000e-15 2.514467e+19 6.322543e+38
4.950000e-15 2.283169e+19 5.212862e+38
4.955000e-15 2.052448e+19 4.212544e+38
4.960000e-15 1.822291e+19 3.320744e+38
4.965000e-15 1.592685e+19 2.536644e+38
4.970000e-15 1.363617e+19 1.859450e+38
4.975000e-15 1.135075e+19 1.288395e+38
4.980000e-15 9.070462e+18 8.227329e+37
4.985000e-15 6.795187e+18 4.617457e+37
4.990000e-15 4.524798e+18 2.047380e+37
4.995000e-15 2.259171e+18 5.103855e+36
5.000000e-15 -1.815258e+15 3.295160e+30
