0.000000e+00 nan nan
5.000000e-18 1.765232e+23 3.116045e+46
1.000000e-17 1.763500e+23 3.109931e+46
1.500000e-17 1.760614e+23 3.099762e+46
2.000000e-17 1.756579e+23 3.085570e+46
2.500000e-17 1.751399e+23 3.067399e+46
3.000000e-17 1.745081e+23 3.045307e+46
3.500000e-17 1.737631e+23 3.019362e+46
4.000000e-17 1.729059e+23 2.989645e+46
4.500000e-17 1.719375e+23 2.956249e+46
5.000000e-17 1.708589e+23 2.919277e+46
5.500000e-17 1.696715e+23 2.878843e+46
6.000000e-17 1.683767e+23 2.835072e+46
6.500000e-17 1.669760e+23 2.788098e+46
7.000000e-17 1.654710e+23 2.738064e+46
7.500000e-17 1.638634e+23 2.685123e+46
8.000000e-17 1.621553e+23 2.629433e+46
8.500000e-17 1.603484e+23 2.571162e+46
9.000000e-17 1.584451e+23 2.510484e+46
9.500000e-17 1.564474e+23 2.447578e+46
1.000000e-16 1.543577e+23 2.382629e+46
1.050000e-16 1.521784e+23 2.315826e+46
1.100000e-16 1.499120e+23 2.247362e+46
1.150000e-16 1.475613e+23 2.177433e+46
1.200000e-16 1.451288e+23 2.106236e+46
1.250000e-16 1.426174e+23 2.033972e+46
1.300000e-16 1.400300e+23 1.960839e+46
1.350000e-16 1.373695e+23 1.887037e+46
1.400000e-16 1.346390e+23 1.812765e+46
1.450000e-16 1.318416e+23 1.738220e+46
1.500000e-16 1.289805e+23 1.663596e+46
1.550000e-16 1.260589e+23 1.589085e+46
1.600000e-16 1.230802e+23 1.514874e+46
1.650000e-16 1.200478e+23 1.441147e+46
1.700000e-16 1.169649e+23 1.368080e+46
1.750000e-16 1.138352e+23 1.295845e+46
1.800000e-16 1.106621e+23 1.224610e+46
1.850000e-16 1.074491e+23 1.154531e+46
1.900000e-16 1.041998e+23 1.085761e+46
1.950000e-16 1.009179e+23 1.018442e+46
2.000000e-16 9.760689e+22 9.527105e+45
2.050000e-16 9.427045e+22 8.886917e+45
2.100000e-16 9.091222e+22 8.265032e+45
2.150000e-16 8.753587e+22 7.662528e+45
2.200000e-16 8.414505e+22 7.080389e+45
2.250000e-16 8.074341e+22 6.519499e+45
2.300000e-16 7.733461e+22 5.980642e+45
2.350000e-16 7.392227e+22 5.464502e+45
2.400000e-16 7.051002e+22 4.971663e+45
2.450000e-16 6.710144e+22 4.502604e+45
2.500000e-16 6.370012e+22 4.057705e+45
2.550000e-16 6.030958e+22 3.637245e+45
2.600000e-16 5.693332e+22 3.241403e+45
2.650000e-16 5.357482e+22 2.870261e+45
2.700000e-16 5.023747e+22 2.523803e+45
2.750000e-16 4.692465e+22 2.201923e+45
2.800000e-16 4.363968e+22 1.904421e+45
2.850000e-16 4.038580e+22 1.631012e+45
2.900000e-16 3.716620e+22 1.381326e+45
2.950000e-16 3.398402e+22 1.154914e+45
3.000000e-16 3.084231e+22 9.512480e+44
3.050000e-16 2.774405e+22 7.697323e+44
3.100000e-16 2.469215e+22 6.097021e+44
3.150000e-16 2.168943e+22 4.704312e+44
3.200000e-16 1.873863e+22 3.511362e+44
3.250000e-16 1.584240e+22 2.509817e+44
3.300000e-16 1.300331e+22 1.690861e+44
3.350000e-16 1.022382e+22 1.045266e+44
3.400000e-16 7.506310e+21 5.634469e+43
3.450000e-16 4.853043e+21 2.355203e+43
3.500000e-16 2.266193e+21 5.135632e+42
3.550000e-16 -2.521739e+20 6.359169e+40
3.600000e-16 -2.700098e+21 7.290530e+42
3.650000e-16 -5.075728e+21 2.576301e+43
3.700000e-16 -7.377322e+21 5.442488e+43
3.750000e-16 -9.603250e+21 9.222242e+43
3.800000e-16 -1.175200e+22 1.381094e+44
3.850000e-16 -1.382216e+22 1.910522e+44
3.900000e-16 -1.581246e+22 2.500339e+44
3.950000e-16 -1.772172e+22 3.140594e+44
4.000000e-16 -1.954889e+22 3.821593e+44
4.050000e-16 -2.129305e+22 4.533940e+44
4.100000e-16 -2.295338e+22 5.268575e+44
4.150000e-16 -2.452918e+22 6.016805e+44
4.200000e-16 -2.601988e+22 6.770340e+44
4.250000e-16 -2.742502e+22 7.521320e+44
4.300000e-16 -2.874428e+22 8.262337e+44
4.350000e-16 -2.997743e+22 8.986464e+44
4.400000e-16 -3.112438e+22 9.687268e+44
4.450000e-16 -3.218513e+22 1.035883e+45
4.500000e-16 -3.315984e+22 1.099575e+45
4.550000e-16 -3.404874e+22 1.159317e+45
4.600000e-16 -3.485220e+22 1.214676e+45
4.650000e-16 -3.557070e+22 1.265275e+45
4.700000e-16 -3.620483e+22 1.310790e+45
4.750000e-16 -3.675529e+22 1.350951e+45
4.800000e-16 -3.722287e+22 1.385542e+45
4.850000e-16 -3.760850e+22 1.414399e+45
4.900000e-16 -3.791318e+22 1.437409e+45
4.950000e-16 -3.813803e+22 1.454509e+45
5.000000e-16 -3.828426e+22 1.465685e+45
5.050000e-16 -3.835319e+22 1.470967e+45
5.100000e-16 -3.834622e+22 1.470432e+45
5.150000e-16 -3.826483e+22 1.464197e+45
5.200000e-16 -3.811062e+22 1.452419e+45
5.250000e-16 -3.788524e+22 1.435292e+45
5.300000e-16 -3.759045e+22 1.413042e+45
5.350000e-16 -3.722806e+22 1.385928e+45
5.400000e-16 -3.679998e+22 1.354238e+45
5.450000e-16 -3.630818e+22 1.318284e+45
5.500000e-16 -3.575469e+22 1.278398e+45
5.550000e-16 -3.514161e+22 1.234933e+45
5.600000e-16 -3.447112e+22 1.188258e+45
5.650000e-16 -3.374543e+22 1.138754e+45
5.700000e-16 -3.296680e+22 1.086810e+45
5.750000e-16 -3.213756e+22 1.032823e+45
5.800000e-16 -3.126008e+22 9.771925e+44
5.850000e-16 -3.033675e+22 9.203186e+44
5.900000e-16 -2.937003e+22 8.625987e+44
5.950000e-16 -2.836239e+22 8.044249e+44
6.000000e-16 -2.731632e+22 7.461815e+44
6.050000e-16 -2.623437e+22 6.882422e+44
6.100000e-16 -2.511908e+22 6.309681e+44
6.150000e-16 -2.397301e+22 5.747053e+44
6.200000e-16 -2.279875e+22 5.197831e+44
6.250000e-16 -2.159888e+22 4.665117e+44
6.300000e-16 -2.037600e+22 4.151812e+44
6.350000e-16 -1.913268e+22 3.660596e+44
6.400000e-16 -1.787154e+22 3.193918e+44
6.450000e-16 -1.659513e+22 2.753983e+44
6.500000e-16 -1.530603e+22 2.342747e+44
6.550000e-16 -1.400680e+22 1.961905e+44
6.600000e-16 -1.269997e+22 1.612893e+44
6.650000e-16 -1.138805e+22 1.296876e+44
6.700000e-16 -1.007352e+22 1.014757e+44
6.750000e-16 -8.758833e+21 7.671716e+43
6.800000e-16 -7.446416e+21 5.544911e+43
6.850000e-16 -6.138648e+21 3.768299e+43
6.900000e-16 -4.837870e+21 2.340498e+43
6.950000e-16 -3.546379e+21 1.257681e+43
7.000000e-16 -2.266427e+21 5.136694e+42
7.050000e-16 -1.000213e+21 1.000427e+42
7.100000e-16 2.501162e+20 6.255811e+40
7.150000e-16 1.482471e+21 2.197721e+42
7.200000e-16 2.694820e+21 7.262056e+42
7.250000e-16 3.885194e+21 1.509473e+43
7.300000e-16 5.051687e+21 2.551954e+43
7.350000e-16 6.192460e+21 3.834657e+43
7.400000e-16 7.305745e+21 5.337391e+43
7.450000e-16 8.389841e+21 7.038943e+43
7.500000e-16 9.443124e+21 8.917258e+43
7.550000e-16 1.046404e+22 1.094962e+44
7.600000e-16 1.145112e+22 1.311282e+44
7.650000e-16 1.240297e+22 1.538336e+44
7.700000e-16 1.331826e+22 1.773762e+44
7.750000e-16 1.419578e+22 2.015201e+44
7.800000e-16 1.503435e+22 2.260317e+44
7.850000e-16 1.583292e+22 2.506814e+44
7.900000e-16 1.659050e+22 2.752446e+44
7.950000e-16 1.730619e+22 2.995041e+44
8.000000e-16 1.797917e+22 3.232506e+44
8.050000e-16 1.860872e+22 3.462845e+44
8.100000e-16 1.919420e+22 3.684173e+44
8.150000e-16 1.973505e+22 3.894721e+44
8.200000e-16 2.023080e+22 4.092852e+44
8.250000e-16 2.068107e+22 4.277067e+44
8.300000e-16 2.108557e+22 4.446011e+44
8.350000e-16 2.144408e+22 4.598485e+44
8.400000e-16 2.175648e+22 4.733444e+44
8.450000e-16 2.202273e+22 4.850007e+44
8.500000e-16 2.224288e+22 4.947456e+44
8.550000e-16 2.241704e+22 5.025238e+44
8.600000e-16 2.254544e+22 5.082968e+44
8.650000e-16 2.262835e+22 5.120422e+44
8.700000e-16 2.266615e+22 5.137543e+44
8.750000e-16 2.265928e+22 5.134430e+44
8.800000e-16 2.260826e+22 5.111336e+44
8.850000e-16 2.251370e+22 5.068666e+44
8.900000e-16 2.237625e+22 5.006967e+44
8.950000e-16 2.219667e+22 4.926921e+44
9.000000e-16 2.197575e+22 4.829337e+44
9.050000e-16 2.171438e+22 4.715143e+44
9.100000e-16 2.141349e+22 4.585377e+44
9.150000e-16 2.107409e+22 4.441174e+44
9.200000e-16 2.069724e+22 4.283759e+44
9.250000e-16 2.028406e+22 4.114432e+44
9.300000e-16 1.983572e+22 3.934559e+44
9.350000e-16 1.935345e+22 3.745562e+44
9.400000e-16 1.883853e+22 3.548902e+44
9.450000e-16 1.829228e+22 3.346074e+44
9.500000e-16 1.771606e+22 3.138586e+44
9.550000e-16 1.711128e+22 2.927959e+44
9.600000e-16 1.647939e+22 2.715703e+44
9.650000e-16 1.582187e+22 2.503317e+44
9.700000e-16 1.514024e+22 2.292269e+44
9.750000e-16 1.443603e+22 2.083990e+44
9.800000e-16 1.371082e+22 1.879866e+44
9.850000e-16 1.296620e+22 1.681223e+44
9.900000e-16 1.220378e+22 1.489321e+44
9.950000e-16 1.142518e+22 1.305348e+44
1.000000e-15 1.063206e+22 1.130408e+44
1.005000e-15 9.826073e+21 9.655171e+43
1.010000e-15 9.008872e+21 8.115977e+43
1.015000e-15 8.182126e+21 6.694719e+43
1.020000e-15 7.347506e+21 5.398584e+43
1.025000e-15 6.506677e+21 4.233685e+43
1.030000e-15 5.661304e+21 3.205036e+43
1.035000e-15 4.813040e+21 2.316535e+43
1.040000e-15 3.963531e+21 1.570958e+43
1.045000e-15 3.114410e+21 9.699551e+42
1.050000e-15 2.267292e+21 5.140615e+42
1.055000e-15 1.423775e+21 2.027136e+42
1.060000e-15 5.854345e+20 3.427335e+41
1.065000e-15 -2.461782e+20 6.060369e+40
1.070000e-15 -1.069538e+21 1.143911e+42
1.075000e-15 -1.883149e+21 3.546251e+42
1.080000e-15 -2.685548e+21 7.212169e+42
1.085000e-15 -3.475306e+21 1.207775e+43
1.090000e-15 -4.251028e+21 1.807124e+43
1.095000e-15 -5.011361e+21 2.511374e+43
1.100000e-15 -5.754992e+21 3.311993e+43
1.105000e-15 -6.480649e+21 4.199881e+43
1.110000e-15 -7.187108e+21 5.165452e+43
1.115000e-15 -7.873188e+21 6.198709e+43
1.120000e-15 -8.537760e+21 7.289335e+43
1.125000e-15 -9.179743e+21 8.426769e+43
1.130000e-15 -9.798110e+21 9.600295e+43
1.135000e-15 -1.039188e+22 1.079912e+44
1.140000e-15 -1.096014e+22 1.201247e+44
1.145000e-15 -1.150202e+22 1.322966e+44
1.150000e-15 -1.201672e+22 1.444015e+44
1.155000e-15 -1.250348e+22 1.563369e+44
1.160000e-15 -1.296160e+22 1.680032e+44
1.165000e-15 -1.339047e+22 1.793048e+44
1.170000e-15 -1.378951e+22 1.901506e+44
1.175000e-15 -1.415820e+22 2.004547e+44
1.180000e-15 -1.449611e+22 2.101371e+44
1.185000e-15 -1.480283e+22 2.191238e+44
1.190000e-15 -1.507805e+22 2.273475e+44
1.195000e-15 -1.532150e+22 2.347482e+44
1.200000e-15 -1.553297e+22 2.412733e+44
1.205000e-15 -1.571234e+22 2.468776e+44
1.210000e-15 -1.585952e+22 2.515243e+44
1.215000e-15 -1.597449e+22 2.551843e+44
1.220000e-15 -1.605730e+22 2.578369e+44
1.225000e-15 -1.610805e+22 2.594693e+44
1.230000e-15 -1.612691e+22 2.600772e+44
1.235000e-15 -1.611410e+22 2.596641e+44
1.240000e-15 -1.606989e+22 2.582414e+44
1.245000e-15 -1.599463e+22 2.558283e+44
1.250000e-15 -1.588872e+22 2.524514e+44
1.255000e-15 -1.575259e+22 2.481442e+44
1.260000e-15 -1.558676e+22 2.429470e+44
1.265000e-15 -1.539177e+22 2.369065e+44
1.270000e-15 -1.516823e+22 2.300752e+44
1.275000e-15 -1.491680e+22 2.225109e+44
1.280000e-15 -1.463817e+22 2.142761e+44
1.285000e-15 -1.433311e+22 2.054379e+44
1.290000e-15 -1.400239e+22 1.960669e+44
1.295000e-15 -1.364685e+22 1.862366e+44
1.300000e-15 -1.326738e+22 1.760233e+44
1.305000e-15 -1.286488e+22 1.655051e+44
1.310000e-15 -1.244030e+22 1.547612e+44
1.315000e-15 -1.199464e+22 1.438714e+44
1.320000e-15 -1.152891e+22 1.329157e+44
1.325000e-15 -1.104415e+22 1.219733e+44
1.330000e-15 -1.054146e+22 1.111223e+44
1.335000e-15 -1.002192e+22 1.004388e+44
1.340000e-15 -9.486665e+21 8.999682e+43
1.345000e-15 -8.936848e+21 7.986726e+43
1.350000e-15 -8.373634e+21 7.011775e+43
1.355000e-15 -7.798208e+21 6.081204e+43
1.360000e-15 -7.211768e+21 5.200960e+43
1.365000e-15 -6.615527e+21 4.376520e+43
1.370000e-15 -6.010706e+21 3.612858e+43
1.375000e-15 -5.398533e+21 2.914416e+43
1.380000e-15 -4.780243e+21 2.285072e+43
1.385000e-15 -4.157072e+21 1.728125e+43
1.390000e-15 -3.530258e+21 1.246272e+43
1.395000e-15 -2.901036e+21 8.416008e+42
1.400000e-15 -2.270637e+21 5.155791e+42
1.405000e-15 -1.640286e+21 2.690537e+42
1.410000e-15 -1.011199e+21 1.022523e+42
1.415000e-15 -3.845807e+20 1.479023e+41
1.420000e-15 2.383762e+20 5.682323e+40
1.425000e-15 8.564955e+20 7.335845e+41
1.430000e-15 1.468618e+21 2.156838e+42
1.435000e-15 2.073603e+21 4.299830e+42
1.440000e-15 2.670333e+21 7.130680e+42
1.445000e-15 3.257713e+21 1.061270e+43
1.450000e-15 3.834673e+21 1.470472e+43
1.455000e-15 4.400171e+21 1.936151e+43
1.460000e-15 4.953194e+21 2.453413e+43
1.465000e-15 5.492758e+21 3.017039e+43
1.470000e-15 6.017913e+21 3.621527e+43
1.475000e-15 6.527742e+21 4.261141e+43
1.480000e-15 7.021364e+21 4.929956e+43
1.485000e-15 7.497936e+21 5.621904e+43
1.490000e-15 7.956650e+21 6.330828e+43
1.495000e-15 8.396741e+21 7.050526e+43
1.500000e-15 8.817481e+21 7.774798e+43
1.505000e-15 9.218188e+21 8.497499e+43
1.510000e-15 9.598219e+21 9.212580e+43
1.515000e-15 9.956976e+21 9.914138e+43
1.520000e-15 1.029391e+22 1.059645e+44
1.525000e-15 1.060850e+22 1.125404e+44
1.530000e-15 1.090030e+22 1.188166e+44
1.535000e-15 1.116889e+22 1.247442e+44
1.540000e-15 1.141390e+22 1.302772e+44
1.545000e-15 1.163501e+22 1.353735e+44
1.550000e-15 1.183195e+22 1.399950e+44
1.555000e-15 1.200449e+22 1.441077e+44
1.560000e-15 1.215245e+22 1.476820e+44
1.565000e-15 1.227571e+22 1.506930e+44
1.570000e-15 1.237418e+22 1.531204e+44
1.575000e-15 1.244784e+22 1.549487e+44
1.580000e-15 1.249669e+22 1.561674e+44
1.585000e-15 1.252081e+22 1.567707e+44
1.590000e-15 1.252030e+22 1.567578e+44
1.595000e-15 1.249531e+22 1.561328e+44
1.600000e-15 1.244605e+22 1.549042e+44
1.605000e-15 1.237277e+22 1.530854e+44
1.610000e-15 1.227575e+22 1.506940e+44
1.615000e-15 1.215533e+22 1.477522e+44
1.620000e-15 1.201190e+22 1.442857e+44
1.625000e-15 1.184586e+22 1.403245e+44
1.630000e-15 1.165769e+22 1.359017e+44
1.635000e-15 1.144788e+22 1.310539e+44
1.640000e-15 1.121696e+22 1.258203e+44
1.645000e-15 1.096553e+22 1.202428e+44
1.650000e-15 1.069418e+22 1.143654e+44
1.655000e-15 1.040356e+22 1.082340e+44
1.660000e-15 1.009435e+22 1.018960e+44
1.665000e-15 9.767274e+21 9.539965e+43
1.670000e-15 9.423059e+21 8.879405e+43
1.675000e-15 9.062479e+21 8.212852e+43
1.680000e-15 8.686329e+21 7.545231e+43
1.685000e-15 8.295431e+21 6.881418e+43
1.690000e-15 7.890631e+21 6.226206e+43
1.695000e-15 7.472794e+21 5.584265e+43
1.700000e-15 7.042808e+21 4.960114e+43
1.705000e-15 6.601576e+21 4.358081e+43
1.710000e-15 6.150021e+21 3.782275e+43
1.715000e-15 5.689076e+21 3.236559e+43
1.720000e-15 5.219692e+21 2.724518e+43
1.725000e-15 4.742825e+21 2.249439e+43
1.730000e-15 4.259444e+21 1.814286e+43
1.735000e-15 3.770524e+21 1.421685e+43
1.740000e-15 3.277043e+21 1.073901e+43
1.745000e-15 2.779985e+21 7.728316e+42
1.750000e-15 2.280333e+21 5.199921e+42
1.755000e-15 1.779072e+21 3.165097e+42
1.760000e-15 1.277181e+21 1.631191e+42
1.765000e-15 7.756375e+20 6.016136e+41
1.770000e-15 2.754116e+20 7.585152e+40
1.775000e-15 -2.225346e+20 4.952163e+40
1.780000e-15 -7.172483e+20 5.144452e+41
1.785000e-15 -1.207789e+21 1.458754e+42
1.790000e-15 -1.693228e+21 2.867022e+42
1.795000e-15 -2.172654e+21 4.720426e+42
1.800000e-15 -2.645171e+21 6.996927e+42
1.805000e-15 -3.109899e+21 9.671475e+42
1.810000e-15 -3.565983e+21 1.271624e+43
1.815000e-15 -4.012585e+21 1.610084e+43
1.820000e-15 -4.448891e+21 1.979264e+43
1.825000e-15 -4.874113e+21 2.375698e+43
1.830000e-15 -5.287486e+21 2.795751e+43
1.835000e-15 -5.688273e+21 3.235645e+43
1.840000e-15 -6.075767e+21 3.691495e+43
1.845000e-15 -6.449288e+21 4.159331e+43
1.850000e-15 -6.808187e+21 4.635141e+43
1.855000e-15 -7.151848e+21 5.114892e+43
1.860000e-15 -7.479686e+21 5.594570e+43
1.865000e-15 -7.791151e+21 6.070203e+43
1.870000e-15 -8.085727e+21 6.537898e+43
1.875000e-15 -8.362933e+21 6.993865e+43
1.880000e-15 -8.622324e+21 7.434447e+43
1.885000e-15 -8.863492e+21 7.856150e+43
1.890000e-15 -9.086067e+21 8.255661e+43
1.895000e-15 -9.289715e+21 8.629880e+43
1.900000e-15 -9.474141e+21 8.975935e+43
1.905000e-15 -9.639089e+21 9.291204e+43
1.910000e-15 -9.784342e+21 9.573335e+43
1.915000e-15 -9.909721e+21 9.820258e+43
1.920000e-15 -1.001509e+22 1.003020e+44
1.925000e-15 -1.010034e+22 1.020169e+44
1.930000e-15 -1.016542e+22 1.033358e+44
1.935000e-15 -1.021031e+22 1.042504e+44
1.940000e-15 -1.023502e+22 1.047556e+44
1.945000e-15 -1.023961e+22 1.048496e+44
1.950000e-15 -1.022418e+22 1.045338e+44
1.955000e-15 -1.018885e+22 1.038126e+44
1.960000e-15 -1.013380e+22 1.026939e+44
1.965000e-15 -1.005924e+22 1.011883e+44
1.970000e-15 -9.965406e+21 9.930932e+43
1.975000e-15 -9.852586e+21 9.707346e+43
1.980000e-15 -9.721093e+21 9.449965e+43
1.985000e-15 -9.571277e+21 9.160934e+43
1.990000e-15 -9.403521e+21 8.842621e+43
1.995000e-15 -9.218241e+21 8.497597e+43
2.000000e-15 -9.015886e+21 8.128619e+43
2.005000e-15 -8.796932e+21 7.738602e+43
2.010000e-15 -8.561890e+21 7.330596e+43
2.015000e-15 -8.311295e+21 6.907763e+43
2.020000e-15 -8.045711e+21 6.473347e+43
2.025000e-15 -7.765728e+21 6.030654e+43
2.030000e-15 -7.471962e+21 5.583021e+43
2.035000e-15 -7.165049e+21 5.133793e+43
2.040000e-15 -6.845652e+21 4.686295e+43
2.045000e-15 -6.514450e+21 4.243806e+43
2.050000e-15 -6.172146e+21 3.809539e+43
2.055000e-15 -5.819458e+21 3.386609e+43
2.060000e-15 -5.457120e+21 2.978016e+43
2.065000e-15 -5.085884e+21 2.586622e+43
2.070000e-15 -4.706513e+21 2.215127e+43
2.075000e-15 -4.319783e+21 1.866053e+43
2.080000e-15 -3.926480e+21 1.541724e+43
2.085000e-15 -3.527399e+21 1.244254e+43
2.090000e-15 -3.123342e+21 9.755266e+42
2.095000e-15 -2.715118e+21 7.371866e+42
2.100000e-15 -2.303538e+21 5.306290e+42
2.105000e-15 -1.889418e+21 3.569902e+42
2.110000e-15 -1.473574e+21 2.171419e+42
2.115000e-15 -1.056819e+21 1.116866e+42
2.120000e-15 -6.399679e+20 4.095590e+41
2.125000e-15 -2.238296e+20 5.009970e+40
2.130000e-15 1.907918e+20 3.640151e+40
2.135000e-15 6.030990e+20 3.637284e+41
2.140000e-15 1.012303e+21 1.024757e+42
2.145000e-15 1.417624e+21 2.009657e+42
2.150000e-15 1.818294e+21 3.306192e+42
2.155000e-15 2.213557e+21 4.899835e+42
2.160000e-15 2.602672e+21 6.773902e+42
2.165000e-15 2.984913e+21 8.909703e+42
2.170000e-15 3.359569e+21 1.128670e+43
2.175000e-15 3.725949e+21 1.388270e+43
2.180000e-15 4.083381e+21 1.667400e+43
2.185000e-15 4.431213e+21 1.963565e+43
2.190000e-15 4.768813e+21 2.274158e+43
2.195000e-15 5.095575e+21 2.596488e+43
2.200000e-15 5.410914e+21 2.927799e+43
2.205000e-15 5.714270e+21 3.265289e+43
2.210000e-15 6.005111e+21 3.606136e+43
2.215000e-15 6.282929e+21 3.947519e+43
2.220000e-15 6.547244e+21 4.286640e+43
2.225000e-15 6.797605e+21 4.620744e+43
2.230000e-15 7.033590e+21 4.947139e+43
2.235000e-15 7.254807e+21 5.263222e+43
2.240000e-15 7.460892e+21 5.566490e+43
2.245000e-15 7.651514e+21 5.854567e+43
2.250000e-15 7.826374e+21 6.125213e+43
2.255000e-15 7.985202e+21 6.376345e+43
2.260000e-15 8.127763e+21 6.606054e+43
2.265000e-15 8.253853e+21 6.812610e+43
2.270000e-15 8.363301e+21 6.994481e+43
2.275000e-15 8.455969e+21 7.150341e+43
2.280000e-15 8.531752e+21 7.279079e+43
2.285000e-15 8.590577e+21 7.379801e+43
2.290000e-15 8.632406e+21 7.451843e+43
2.295000e-15 8.657232e+21 7.494767e+43
2.300000e-15 8.665083e+21 7.508366e+43
2.305000e-15 8.656018e+21 7.492665e+43
2.310000e-15 8.630129e+21 7.447912e+43
2.315000e-15 8.587539e+21 7.374583e+43
2.320000e-15 8.528405e+21 7.273370e+43
2.325000e-15 8.452914e+21 7.145175e+43
2.330000e-15 8.361282e+21 6.991103e+43
2.335000e-15 8.253758e+21 6.812452e+43
2.340000e-15 8.130619e+21 6.610697e+43
2.345000e-15 7.992172e+21 6.387481e+43
2.350000e-15 7.838751e+21 6.144602e+43
2.355000e-15 7.670718e+21 5.883991e+43
2.360000e-15 7.488462e+21 5.607706e+43
2.365000e-15 7.292396e+21 5.317904e+43
2.370000e-15 7.082961e+21 5.016834e+43
2.375000e-15 6.860620e+21 4.706811e+43
2.380000e-15 6.625858e+21 4.390199e+43
2.385000e-15 6.379183e+21 4.069398e+43
2.390000e-15 6.121125e+21 3.746817e+43
2.395000e-15 5.852231e+21 3.424861e+43
2.400000e-15 5.573068e+21 3.105909e+43
2.405000e-15 5.284222e+21 2.792300e+43
2.410000e-15 4.986291e+21 2.486310e+43
2.415000e-15 4.679893e+21 2.190140e+43
2.420000e-15 4.365656e+21 1.905895e+43
2.425000e-15 4.044221e+21 1.635572e+43
2.430000e-15 3.716242e+21 1.381045e+43
2.435000e-15 3.382381e+21 1.144050e+43
2.440000e-15 3.043309e+21 9.261732e+42
2.445000e-15 2.699706e+21 7.288411e+42
2.450000e-15 2.352254e+21 5.533101e+42
2.455000e-15 2.001644e+21 4.006579e+42
2.460000e-15 1.648567e+21 2.717773e+42
2.465000e-15 1.293717e+21 1.673703e+42
2.470000e-15 9.377879e+20 8.794462e+41
2.475000e-15 5.814742e+20 3.381122e+41
2.480000e-15 2.254669e+20 5.083534e+40
2.485000e-15 -1.295459e+20 1.678214e+40
2.490000e-15 -4.828811e+20 2.331741e+41
2.495000e-15 -8.338616e+20 6.953251e+41
2.500000e-15 -1.181818e+21 1.396693e+42
2.505000e-15 -1.526088e+21 2.328944e+42
2.510000e-15 -1.866021e+21 3.482035e+42
2.515000e-15 -2.200977e+21 4.844302e+42
2.520000e-15 -2.530328e+21 6.402562e+42
2.525000e-15 -2.853460e+21 8.142231e+42
2.530000e-15 -3.169771e+21 1.004745e+43
2.535000e-15 -3.478677e+21 1.210120e+43
2.540000e-15 -3.779612e+21 1.428546e+43
2.545000e-15 -4.072024e+21 1.658138e+43
2.550000e-15 -4.355381e+21 1.896935e+43
2.555000e-15 -4.629174e+21 2.142925e+43
2.560000e-15 -4.892909e+21 2.394056e+43
2.565000e-15 -5.146117e+21 2.648252e+43
2.570000e-15 -5.388350e+21 2.903431e+43
2.575000e-15 -5.619183e+21 3.157522e+43
2.580000e-15 -5.838216e+21 3.408477e+43
2.585000e-15 -6.045071e+21 3.654289e+43
2.590000e-15 -6.239397e+21 3.893008e+43
2.595000e-15 -6.420867e+21 4.122754e+43
2.600000e-15 -6.589182e+21 4.341732e+43
2.605000e-15 -6.744068e+21 4.548245e+43
2.610000e-15 -6.885277e+21 4.740704e+43
2.615000e-15 -7.012592e+21 4.917644e+43
2.620000e-15 -7.125819e+21 5.077730e+43
2.625000e-15 -7.224796e+21 5.219768e+43
2.630000e-15 -7.309387e+21 5.342713e+43
2.635000e-15 -7.379483e+21 5.445677e+43
2.640000e-15 -7.435007e+21 5.527933e+43
2.645000e-15 -7.475908e+21 5.588920e+43
2.650000e-15 -7.502162e+21 5.628244e+43
2.655000e-15 -7.513777e+21 5.645684e+43
2.660000e-15 -7.510785e+21 5.641189e+43
2.665000e-15 -7.493250e+21 5.614879e+43
2.670000e-15 -7.461260e+21 5.567041e+43
2.675000e-15 -7.414934e+21 5.498125e+43
2.680000e-15 -7.354415e+21 5.408743e+43
2.685000e-15 -7.279875e+21 5.299659e+43
2.690000e-15 -7.191512e+21 5.171784e+43
2.695000e-15 -7.089547e+21 5.026168e+43
2.700000e-15 -6.974231e+21 4.863990e+43
2.705000e-15 -6.845836e+21 4.686547e+43
2.710000e-15 -6.704660e+21 4.495247e+43
2.715000e-15 -6.551024e+21 4.291591e+43
2.720000e-15 -6.385270e+21 4.077168e+43
2.725000e-15 -6.207766e+21 3.853635e+43
2.730000e-15 -6.018896e+21 3.622711e+43
2.735000e-15 -5.819069e+21 3.386157e+43
2.740000e-15 -5.608712e+21 3.145765e+43
2.745000e-15 -5.388268e+21 2.903344e+43
2.750000e-15 -5.158202e+21 2.660705e+43
2.755000e-15 -4.918992e+21 2.419649e+43
2.760000e-15 -4.671135e+21 2.181950e+43
2.765000e-15 -4.415139e+21 1.949346e+43
2.770000e-15 -4.151530e+21 1.723520e+43
2.775000e-15 -3.880842e+21 1.506094e+43
2.780000e-15 -3.603625e+21 1.298611e+43
2.785000e-15 -3.320437e+21 1.102530e+43
2.790000e-15 -3.031844e+21 9.192080e+42
2.795000e-15 -2.738425e+21 7.498969e+42
2.800000e-15 -2.440760e+21 5.957310e+42
2.805000e-15 -2.139440e+21 4.577205e+42
2.810000e-15 -1.835059e+21 3.367441e+42
2.815000e-15 -1.528213e+21 2.335435e+42
2.820000e-15 -1.219503e+21 1.487188e+42
2.825000e-15 -9.095305e+20 8.272457e+41
2.830000e-15 -5.988963e+20 3.586767e+41
2.835000e-15 -2.882011e+20 8.305987e+40
2.840000e-15 2.195669e+19 4.820963e+38
2.845000e-15 3.309820e+20 1.095491e+41
2.850000e-15 6.382841e+20 4.074066e+41
2.855000e-15 9.432778e+20 8.897730e+41
2.860000e-15 1.245384e+21 1.550983e+42
2.865000e-15 1.544033e+21 2.384039e+42
2.870000e-15 1.838662e+21 3.380678e+42
2.875000e-15 2.128719e+21 4.531443e+42
2.880000e-15 2.413661e+21 5.825759e+42
2.885000e-15 2.692960e+21 7.252032e+42
2.890000e-15 2.966098e+21 8.797736e+42
2.895000e-15 3.232572e+21 1.044952e+43
2.900000e-15 3.491893e+21 1.219332e+43
2.905000e-15 3.743589e+21 1.401446e+43
2.910000e-15 3.987203e+21 1.589778e+43
2.915000e-15 4.222294e+21 1.782777e+43
2.920000e-15 4.448441e+21 1.978863e+43
2.925000e-15 4.665242e+21 2.176449e+43
2.930000e-15 4.872313e+21 2.373943e+43
2.935000e-15 5.069289e+21 2.569769e+43
2.940000e-15 5.255829e+21 2.762373e+43
2.945000e-15 5.431610e+21 2.950238e+43
2.950000e-15 5.596332e+21 3.131893e+43
2.955000e-15 5.749719e+21 3.305926e+43
2.960000e-15 5.891514e+21 3.470994e+43
2.965000e-15 6.021486e+21 3.625830e+43
2.970000e-15 6.139428e+21 3.769257e+43
2.975000e-15 6.245153e+21 3.900194e+43
2.980000e-15 6.338502e+21 4.017661e+43
2.985000e-15 6.419339e+21 4.120791e+43
2.990000e-15 6.487551e+21 4.208832e+43
2.995000e-15 6.543052e+21 4.281153e+43
3.000000e-15 6.585779e+21 4.337248e+43
3.005000e-15 6.615693e+21 4.376739e+43
3.010000e-15 6.632782e+21 4.399380e+43
3.015000e-15 6.637057e+21 4.405052e+43
3.020000e-15 6.628553e+21 4.393771e+43
3.025000e-15 6.607331e+21 4.365682e+43
3.030000e-15 6.573475e+21 4.321057e+43
3.035000e-15 6.527093e+21 4.260294e+43
3.040000e-15 6.468316e+21 4.183911e+43
3.045000e-15 6.397299e+21 4.092544e+43
3.050000e-15 6.314221e+21 3.986939e+43
3.055000e-15 6.219281e+21 3.867946e+43
3.060000e-15 6.112701e+21 3.736512e+43
3.065000e-15 5.994726e+21 3.593674e+43
3.070000e-15 5.865619e+21 3.440548e+43
3.075000e-15 5.725665e+21 3.278324e+43
3.080000e-15 5.575169e+21 3.108251e+43
3.085000e-15 5.414454e+21 2.931632e+43
3.090000e-15 5.243864e+21 2.749811e+43
3.095000e-15 5.063757e+21 2.564163e+43
3.100000e-15 4.874510e+21 2.376085e+43
3.105000e-15 4.676516e+21 2.186980e+43
3.110000e-15 4.470183e+21 1.998254e+43
3.115000e-15 4.255935e+21 1.811298e+43
3.120000e-15 4.034206e+21 1.627482e+43
3.125000e-15 3.805448e+21 1.448143e+43
3.130000e-15 3.570119e+21 1.274575e+43
3.135000e-15 3.328694e+21 1.108020e+43
3.140000e-15 3.081653e+21 9.496582e+42
3.145000e-15 2.829487e+21 8.005997e+42
3.150000e-15 2.572697e+21 6.618767e+42
3.155000e-15 2.311787e+21 5.344360e+42
3.160000e-15 2.047272e+21 4.191321e+42
3.165000e-15 1.779667e+21 3.167216e+42
3.170000e-15 1.509496e+21 2.278579e+42
3.175000e-15 1.237283e+21 1.530870e+42
3.180000e-15 9.635555e+20 9.284392e+41
3.185000e-15 6.888408e+20 4.745016e+41
3.190000e-15 4.136675e+20 1.711208e+41
3.195000e-15 1.385631e+20 1.919974e+40
3.200000e-15 -1.359470e+20 1.848158e+40
3.205000e-15 -4.093402e+20 1.675594e+41
3.210000e-15 -6.810978e+20 4.638942e+41
3.215000e-15 -9.507059e+20 9.038418e+41
3.220000e-15 -1.217657e+21 1.482687e+42
3.225000e-15 -1.481448e+21 2.194689e+42
3.230000e-15 -1.741588e+21 3.033128e+42
3.235000e-15 -1.997589e+21 3.990364e+42
3.240000e-15 -2.248978e+21 5.057903e+42
3.245000e-15 -2.495289e+21 6.226466e+42
3.250000e-15 -2.736067e+21 7.486062e+42
3.255000e-15 -2.970871e+21 8.826072e+42
3.260000e-15 -3.199271e+21 1.023534e+43
3.265000e-15 -3.420852e+21 1.170223e+43
3.270000e-15 -3.635214e+21 1.321478e+43
3.275000e-15 -3.841968e+21 1.476072e+43
3.280000e-15 -4.040746e+21 1.632763e+43
3.285000e-15 -4.231193e+21 1.790299e+43
3.290000e-15 -4.412972e+21 1.947432e+43
3.295000e-15 -4.585763e+21 2.102923e+43
3.300000e-15 -4.749266e+21 2.255553e+43
3.305000e-15 -4.903197e+21 2.404134e+43
3.310000e-15 -5.047293e+21 2.547517e+43
3.315000e-15 -5.181310e+21 2.684597e+43
3.320000e-15 -5.305024e+21 2.814328e+43
3.325000e-15 -5.418231e+21 2.935722e+43
3.330000e-15 -5.520747e+21 3.047865e+43
3.335000e-15 -5.612412e+21 3.149916e+43
3.340000e-15 -5.693082e+21 3.241119e+43
3.345000e-15 -5.762640e+21 3.320802e+43
3.350000e-15 -5.820987e+21 3.388389e+43
3.355000e-15 -5.868045e+21 3.443395e+43
3.360000e-15 -5.903761e+21 3.485439e+43
3.365000e-15 -5.928100e+21 3.514237e+43
3.370000e-15 -5.941052e+21 3.529610e+43
3.375000e-15 -5.942626e+21 3.531481e+43
3.380000e-15 -5.932855e+21 3.519877e+43
3.385000e-15 -5.911792e+21 3.494928e+43
3.390000e-15 -5.879511e+21 3.456864e+43
3.395000e-15 -5.836107e+21 3.406015e+43
3.400000e-15 -5.781698e+21 3.342803e+43
3.405000e-15 -5.716420e+21 3.267745e+43
3.410000e-15 -5.640430e+21 3.181445e+43
3.415000e-15 -5.553905e+21 3.084586e+43
3.420000e-15 -5.457042e+21 2.977931e+43
3.425000e-15 -5.350056e+21 2.862310e+43
3.430000e-15 -5.233181e+21 2.738619e+43
3.435000e-15 -5.106670e+21 2.607808e+43
3.440000e-15 -4.970792e+21 2.470877e+43
3.445000e-15 -4.825832e+21 2.328866e+43
3.450000e-15 -4.672095e+21 2.182848e+43
3.455000e-15 -4.509899e+21 2.033919e+43
3.460000e-15 -4.339577e+21 1.883193e+43
3.465000e-15 -4.161478e+21 1.731790e+43
3.470000e-15 -3.975963e+21 1.580828e+43
3.475000e-15 -3.783407e+21 1.431417e+43
3.480000e-15 -3.584197e+21 1.284647e+43
3.485000e-15 -3.378731e+21 1.141582e+43
3.490000e-15 -3.167418e+21 1.003254e+43
3.495000e-15 -2.950678e+21 8.706499e+42
3.500000e-15 -2.728937e+21 7.447098e+42
3.505000e-15 -2.502633e+21 6.263171e+42
3.510000e-15 -2.272208e+21 5.162929e+42
3.515000e-15 -2.038113e+21 4.153903e+42
3.520000e-15 -1.800802e+21 3.242888e+42
3.525000e-15 -1.560737e+21 2.435899e+42
3.530000e-15 -1.318381e+21 1.738128e+42
3.535000e-15 -1.074201e+21 1.153908e+42
3.540000e-15 -8.286666e+20 6.866883e+41
3.545000e-15 -5.822479e+20 3.390126e+41
3.550000e-15 -3.354154e+20 1.125035e+41
3.555000e-15 -8.863907e+19 7.856886e+39
3.560000e-15 1.576127e+20 2.484176e+40
3.565000e-15 4.028738e+20 1.623073e+41
3.570000e-15 6.466815e+20 4.181970e+41
3.575000e-15 8.885771e+20 7.895692e+41
3.580000e-15 1.128107e+21 1.272625e+42
3.585000e-15 1.364823e+21 1.862741e+42
3.590000e-15 1.598284e+21 2.554510e+42
3.595000e-15 1.828056e+21 3.341787e+42
3.600000e-15 2.053713e+21 4.217738e+42
3.605000e-15 2.274840e+21 5.174897e+42
3.610000e-15 2.491029e+21 6.205226e+42
3.615000e-15 2.701884e+21 7.300179e+42
3.620000e-15 2.907021e+21 8.450770e+42
3.625000e-15 3.106065e+21 9.647643e+42
3.630000e-15 3.298658e+21 1.088114e+43
3.635000e-15 3.484451e+21 1.214140e+43
3.640000e-15 3.663111e+21 1.341838e+43
3.645000e-15 3.834320e+21 1.470201e+43
3.650000e-15 3.997773e+21 1.598219e+43
3.655000e-15 4.153183e+21 1.724893e+43
3.660000e-15 4.300277e+21 1.849238e+43
3.665000e-15 4.438800e+21 1.970294e+43
3.670000e-15 4.568512e+21 2.087130e+43
3.675000e-15 4.689193e+21 2.198853e+43
3.680000e-15 4.800638e+21 2.304613e+43
3.685000e-15 4.902663e+21 2.403610e+43
3.690000e-15 4.995099e+21 2.495101e+43
3.695000e-15 5.077798e+21 2.578403e+43
3.700000e-15 5.150630e+21 2.652899e+43
3.705000e-15 5.213485e+21 2.718043e+43
3.710000e-15 5.266271e+21 2.773361e+43
3.715000e-15 5.308915e+21 2.818458e+43
3.720000e-15 5.341364e+21 2.853017e+43
3.725000e-15 5.363586e+21 2.876805e+43
3.730000e-15 5.375565e+21 2.889670e+43
3.735000e-15 5.377307e+21 2.891543e+43
3.740000e-15 5.368838e+21 2.882442e+43
3.745000e-15 5.350200e+21 2.862464e+43
3.750000e-15 5.321457e+21 2.831790e+43
3.755000e-15 5.282690e+21 2.790682e+43
3.760000e-15 5.234001e+21 2.739477e+43
3.765000e-15 5.175509e+21 2.678589e+43
3.770000e-15 5.107350e+21 2.608502e+43
3.775000e-15 5.029680e+21 2.529768e+43
3.780000e-15 4.942672e+21 2.443001e+43
3.785000e-15 4.846516e+21 2.348872e+43
3.790000e-15 4.741419e+21 2.248105e+43
3.795000e-15 4.627603e+21 2.141471e+43
3.800000e-15 4.505308e+21 2.029780e+43
3.805000e-15 4.374787e+21 1.913876e+43
3.810000e-15 4.236311e+21 1.794633e+43
3.815000e-15 4.090162e+21 1.672942e+43
3.820000e-15 3.936637e+21 1.549711e+43
3.825000e-15 3.776048e+21 1.425854e+43
3.830000e-15 3.608716e+21 1.302283e+43
3.835000e-15 3.434977e+21 1.179907e+43
3.840000e-15 3.255176e+21 1.059617e+43
3.845000e-15 3.069670e+21 9.422875e+42
3.850000e-15 2.878825e+21 8.287635e+42
3.855000e-15 2.683017e+21 7.198578e+42
3.860000e-15 2.482628e+21 6.163443e+42
3.865000e-15 2.278051e+21 5.189517e+42
3.870000e-15 2.069684e+21 4.283591e+42
3.875000e-15 1.857930e+21 3.451905e+42
3.880000e-15 1.643200e+21 2.700107e+42
3.885000e-15 1.425908e+21 2.033214e+42
3.890000e-15 1.206472e+21 1.455574e+42
3.895000e-15 9.853114e+20 9.708386e+41
3.900000e-15 7.628507e+20 5.819411e+41
3.905000e-15 5.395137e+20 2.910750e+41
3.910000e-15 3.157253e+20 9.968244e+40
3.915000e-15 9.191002e+19 8.447451e+39
3.920000e-15 -1.315085e+20 1.729449e+40
3.925000e-15 -3.541087e+20 1.253930e+41
3.930000e-15 -5.754715e+20 3.311675e+41
3.935000e-15 -7.951814e+20 6.323135e+41
3.940000e-15 -1.012827e+21 1.025819e+42
3.945000e-15 -1.228002e+21 1.507989e+42
3.950000e-15 -1.440305e+21 2.074480e+42
3.955000e-15 -1.649343e+21 2.720334e+42
3.960000e-15 -1.854729e+21 3.440019e+42
3.965000e-15 -2.056082e+21 4.227475e+42
3.970000e-15 -2.253034e+21 5.076161e+42
3.975000e-15 -2.445222e+21 5.979109e+42
3.980000e-15 -2.632295e+21 6.928975e+42
3.985000e-15 -2.813912e+21 7.918101e+42
3.990000e-15 -2.989744e+21 8.938571e+42
3.995000e-15 -3.159474e+21 9.982273e+42
4.000000e-15 -3.322794e+21 1.104096e+43
4.005000e-15 -3.479414e+21 1.210632e+43
4.010000e-15 -3.629053e+21 1.317003e+43
4.015000e-15 -3.771447e+21 1.422381e+43
4.020000e-15 -3.906344e+21 1.525952e+43
4.025000e-15 -4.033508e+21 1.626918e+43
4.030000e-15 -4.152718e+21 1.724507e+43
4.035000e-15 -4.263769e+21 1.817973e+43
4.040000e-15 -4.366471e+21 1.906607e+43
4.045000e-15 -4.460652e+21 1.989741e+43
4.050000e-15 -4.546153e+21 2.066751e+43
4.055000e-15 -4.622836e+21 2.137062e+43
4.060000e-15 -4.690578e+21 2.200152e+43
4.065000e-15 -4.749272e+21 2.255558e+43
4.070000e-15 -4.798830e+21 2.302877e+43
4.075000e-15 -4.839181e+21 2.341767e+43
4.080000e-15 -4.870272e+21 2.371955e+43
4.085000e-15 -4.892066e+21 2.393231e+43
4.090000e-15 -4.904547e+21 2.405458e+43
4.095000e-15 -4.907712e+21 2.408564e+43
4.100000e-15 -4.901580e+21 2.402549e+43
4.105000e-15 -4.886184e+21 2.387480e+43
4.110000e-15 -4.861577e+21 2.363493e+43
4.115000e-15 -4.827827e+21 2.330792e+43
4.120000e-15 -4.785022e+21 2.289643e+43
4.125000e-15 -4.733263e+21 2.240378e+43
4.130000e-15 -4.672671e+21 2.183385e+43
4.135000e-15 -4.603382e+21 2.119112e+43
4.140000e-15 -4.525548e+21 2.048058e+43
4.145000e-15 -4.439336e+21 1.970771e+43
4.150000e-15 -4.344932e+21 1.887843e+43
4.155000e-15 -4.242531e+21 1.799907e+43
4.160000e-15 -4.132348e+21 1.707630e+43
4.165000e-15 -4.014610e+21 1.611709e+43
4.170000e-15 -3.889557e+21 1.512865e+43
4.175000e-15 -3.757443e+21 1.411838e+43
4.180000e-15 -3.618535e+21 1.309380e+43
4.185000e-15 -3.473113e+21 1.206251e+43
4.190000e-15 -3.321465e+21 1.103213e+43
4.195000e-15 -3.163895e+21 1.001023e+43
4.200000e-15 -3.000713e+21 9.004278e+42
4.205000e-15 -2.832242e+21 8.021592e+42
4.210000e-15 -2.658812e+21 7.069281e+42
4.215000e-15 -2.480763e+21 6.154186e+42
4.220000e-15 -2.298443e+21 5.282840e+42
4.225000e-15 -2.112206e+21 4.461414e+42
4.230000e-15 -1.922413e+21 3.695673e+42
4.235000e-15 -1.729432e+21 2.990934e+42
4.240000e-15 -1.533634e+21 2.352033e+42
4.245000e-15 -1.335396e+21 1.783282e+42
4.250000e-15 -1.135098e+21 1.288448e+42
4.255000e-15 -9.331239e+20 8.707203e+41
4.260000e-15 -7.298588e+20 5.326939e+41
4.265000e-15 -5.256897e+20 2.763497e+41
4.270000e-15 -3.210044e+20 1.030438e+41
4.275000e-15 -1.161908e+20 1.350030e+40
4.280000e-15 8.836400e+19 7.808197e+39
4.285000e-15 2.922742e+20 8.542421e+40
4.290000e-15 4.951562e+20 2.451797e+41
4.295000e-15 6.966292e+20 4.852922e+41
4.300000e-15 8.963159e+20 8.033822e+41
4.305000e-15 1.093843e+21 1.196494e+42
4.310000e-15 1.288844e+21 1.661118e+42
4.315000e-15 1.480955e+21 2.193226e+42
4.320000e-15 1.669820e+21 2.788298e+42
4.325000e-15 1.855090e+21 3.441358e+42
4.330000e-15 2.036424e+21 4.147022e+42
4.335000e-15 2.213488e+21 4.899529e+42
4.340000e-15 2.385958e+21 5.692796e+42
4.345000e-15 2.553519e+21 6.520459e+42
4.350000e-15 2.715865e+21 7.375925e+42
4.355000e-15 2.872703e+21 8.252424e+42
4.360000e-15 3.023749e+21 9.143057e+42
4.365000e-15 3.168730e+21 1.004085e+43
4.370000e-15 3.307388e+21 1.093881e+43
4.375000e-15 3.439474e+21 1.182998e+43
4.380000e-15 3.564755e+21 1.270748e+43
4.385000e-15 3.683009e+21 1.356455e+43
4.390000e-15 3.794030e+21 1.439466e+43
4.395000e-15 3.897623e+21 1.519147e+43
4.400000e-15 3.993612e+21 1.594894e+43
4.405000e-15 4.081831e+21 1.666135e+43
4.410000e-15 4.162132e+21 1.732335e+43
4.415000e-15 4.234382e+21 1.792999e+43
4.420000e-15 4.298462e+21 1.847678e+43
4.425000e-15 4.354270e+21 1.895967e+43
4.430000e-15 4.401719e+21 1.937513e+43
4.435000e-15 4.440739e+21 1.972016e+43
4.440000e-15 4.471274e+21 1.999230e+43
4.445000e-15 4.493288e+21 2.018964e+43
4.450000e-15 4.506757e+21 2.031086e+43
4.455000e-15 4.511675e+21 2.035521e+43
4.460000e-15 4.508052e+21 2.032254e+43
4.465000e-15 4.495915e+21 2.021325e+43
4.470000e-15 4.475305e+21 2.002835e+43
4.475000e-15 4.446280e+21 1.976941e+43
4.480000e-15 4.408915e+21 1.943853e+43
4.485000e-15 4.363298e+21 1.903837e+43
4.490000e-15 4.309533e+21 1.857208e+43
4.495000e-15 4.247742e+21 1.804331e+43
4.500000e-15 4.178057e+21 1.745616e+43
4.505000e-15 4.100630e+21 1.681516e+43
4.510000e-15 4.015622e+21 1.612522e+43
4.515000e-15 3.923211e+21 1.539158e+43
4.520000e-15 3.823588e+21 1.461983e+43
4.525000e-15 3.716958e+21 1.381578e+43
4.530000e-15 3.603537e+21 1.298548e+43
4.535000e-15 3.483554e+21 1.213515e+43
4.540000e-15 3.357251e+21 1.127113e+43
4.545000e-15 3.224879e+21 1.039984e+43
4.550000e-15 3.086703e+21 9.527733e+42
4.555000e-15 2.942995e+21 8.661218e+42
4.560000e-15 2.794039e+21 7.806655e+42
4.565000e-15 2.640129e+21 6.970280e+42
4.570000e-15 2.481565e+21 6.158163e+42
4.575000e-15 2.318657e+21 5.376169e+42
4.580000e-15 2.151722e+21 4.629906e+42
4.585000e-15 1.981084e+21 3.924693e+42
4.590000e-15 1.807073e+21 3.265513e+42
4.595000e-15 1.630025e+21 2.656983e+42
4.600000e-15 1.450282e+21 2.103317e+42
4.605000e-15 1.268187e+21 1.608299e+42
4.610000e-15 1.084091e+21 1.175253e+42
4.615000e-15 8.983443e+20 8.070225e+41
4.620000e-15 7.113019e+20 5.059504e+41
4.625000e-15 5.233195e+20 2.738633e+41
4.630000e-15 3.347540e+20 1.120603e+41
4.635000e-15 1.459627e+20 2.130510e+40
4.640000e-15 -4.269771e+19 1.823094e+39
4.645000e-15 -2.308712e+20 5.330153e+40
4.650000e-15 -4.182038e+20 1.748944e+41
4.655000e-15 -6.043436e+20 3.652311e+41
4.660000e-15 -7.889417e+20 6.224291e+41
4.665000e-15 -9.716532e+20 9.441099e+41
4.670000e-15 -1.152137e+21 1.327420e+42
4.675000e-15 -1.330058e+21 1.769053e+42
4.680000e-15 -1.505084e+21 2.265278e+42
4.685000e-15 -1.676893e+21 2.811969e+42
4.690000e-15 -1.845166e+21 3.404638e+42
4.695000e-15 -2.009594e+21 4.038467e+42
4.700000e-15 -2.169874e+21 4.708352e+42
4.705000e-15 -2.325713e+21 5.408939e+42
4.710000e-15 -2.476825e+21 6.134663e+42
4.715000e-15 -2.622937e+21 6.879797e+42
4.720000e-15 -2.763782e+21 7.638490e+42
4.725000e-15 -2.899106e+21 8.404814e+42
4.730000e-15 -3.028665e+21 9.172812e+42
4.735000e-15 -3.152227e+21 9.936536e+42
4.740000e-15 -3.269572e+21 1.069010e+43
4.745000e-15 -3.380490e+21 1.142771e+43
4.750000e-15 -3.484787e+21 1.214374e+43
4.755000e-15 -3.582279e+21 1.283272e+43
4.760000e-15 -3.672796e+21 1.348943e+43
4.765000e-15 -3.756183e+21 1.410891e+43
4.770000e-15 -3.832297e+21 1.468650e+43
4.775000e-15 -3.901010e+21 1.521788e+43
4.780000e-15 -3.962207e+21 1.569908e+43
4.785000e-15 -4.015789e+21 1.612656e+43
4.790000e-15 -4.061670e+21 1.649716e+43
4.795000e-15 -4.099780e+21 1.680820e+43
4.800000e-15 -4.130064e+21 1.705743e+43
4.805000e-15 -4.152480e+21 1.724309e+43
4.810000e-15 -4.167003e+21 1.736391e+43
4.815000e-15 -4.173621e+21 1.741911e+43
4.820000e-15 -4.172339e+21 1.740841e+43
4.825000e-15 -4.163175e+21 1.733202e+43
4.830000e-15 -4.146163e+21 1.719066e+43
4.835000e-15 -4.121351e+21 1.698553e+43
4.840000e-15 -4.088803e+21 1.671831e+43
4.845000e-15 -4.048595e+21 1.639113e+43
4.850000e-15 -4.000821e+21 1.600657e+43
4.855000e-15 -3.945584e+21 1.556763e+43
4.860000e-15 -3.883005e+21 1.507773e+43
4.865000e-15 -3.813218e+21 1.454063e+43
4.870000e-15 -3.736368e+21 1.396045e+43
4.875000e-15 -3.652616e+21 1.334160e+43
4.880000e-15 -3.562133e+21 1.268879e+43
4.885000e-15 -3.465104e+21 1.200695e+43
4.890000e-15 -3.361726e+21 1.130120e+43
4.895000e-15 -3.252207e+21 1.057685e+43
4.900000e-15 -3.136766e+21 9.839300e+42
4.905000e-15 -3.015633e+21 9.094041e+42
4.910000e-15 -2.889048e+21 8.346599e+42
4.915000e-15 -2.757262e+21 7.602493e+42
4.920000e-15 -2.620533e+21 6.867195e+42
4.925000e-15 -2.479131e+21 6.146089e+42
4.930000e-15 -2.333330e+21 5.444430e+42
4.935000e-15 -2.183416e+21 4.767306e+42
4.940000e-15 -2.029680e+21 4.119599e+42
4.945000e-15 -1.872419e+21 3.505952e+42
4.950000e-15 -1.711938e+21 2.930730e+42
4.955000e-15 -1.548545e+21 2.397993e+42
4.960000e-15 -1.382556e+21 1.911462e+42
4.965000e-15 -1.214289e+21 1.474498e+42
4.970000e-15 -1.044066e+21 1.090074e+42
4.975000e-15 -8.722124e+20 7.607544e+41
4.980000e-15 -6.990555e+20 4.886786e+41
4.985000e-15 -5.249251e+20 2.755463e+41
4.990000e-15 -3.501517e+20 1.226062e+41
4.995000e-15 -1.750666e+20 3.064830e+40
5.000000e-15 -7.836549e+14 6.141150e+29
