0.0000000000000000 0.0018767057868707 -0.2571764621757088
0.0018767057868707 0.0020218677900480 -0.2571801417378924
0.0038985735769187 0.0018444762761324 -0.2571772354045742
0.0057430498530512 0.0017609944006784 -0.2571743272852952
0.0075040442537295 0.0018588168720319 -0.2571736686837715
0.0093628611257615 0.0020279986248374 -0.2571736255471703
0.0113908597505989 0.0022110077677373 -0.2571736597168642
0.0136018675183361 0.0023668912489654 -0.2571736209768054
0.0159687587673015 0.0021989750076612 -0.2571735414196567
0.0181677337749626 0.0014424908866437 -0.2571735349987574
0.0196102246616064 0.0012393789125479 -0.2571735545815685
0.0208496035741543 0.0013402704184780 -0.2571735693152760
0.0221898739926323 0.0016746103242253 -0.2571735542482778
0.0238644843168576 0.0018096417602858 -0.2571732155239403
0.0256741260771435 0.0013962538657718 -0.2571714566957151
0.0270703799429152 0.0010658750431591 -0.2571690863013216
0.0281362549860744 0.0008143772597357 -0.2571665510085269
0.0289506322458100 0.0006328293206921 -0.2571646393388130
0.0295834615665021 0.0005125218138153 -0.2571651581322089
0.0300959833803174 0.0004496128886636 -0.2571713144395582
0.0305455962689810 0.0004462458773353 -0.2571852388823031
0.0309918421463163 0.0004640648592398 -0.2571941758770188
0.0314559070055560 0.0004413118783359 -0.2571784143104441
0.0318972188838920 0.0004627946926975 -0.2571683162437408
0.0323600135765894 0.0005288290837930 -0.2571654164785030
0.0328888426603824 0.0006311930085947 -0.2571653232066694
0.0335200356689771 0.0007701974637640 -0.2571662420105941
0.0342902331327411 0.0009495188371310 -0.2571674488379501
0.0352397519698721 0.0011736929890084 -0.2571686415221717
0.0364134449588805 0.0014460384271939 -0.2571696909113282
0.0378594833860744 0.0017657700539503 -0.2571705319828224
0.0396252534400247 0.0021235164079229 -0.2571711269419528
0.0417487698479476 0.0024949005289972 -0.2571714863195944
0.0442436703769448 0.0028334504025360 -0.2571716555624817
0.0470771207794807 0.0027754390692180 -0.2571716126359300
0.0498525598486987 0.0022257378191222 -0.2571715021326656
0.0520782976678209 0.0021082599802037 -0.2571717393361818
0.0541865576480246 0.0016536583525615 -0.2571725480419280
0.0558402160005860 0.0017156331396108 -0.2571730720857887
0.0575558491401968 0.0019444771805208 -0.2571736510546085
0.0595003263207176 0.0011050043255594 -0.2571759237617029
0.0606053306462770 0.0009693174838261 -0.2571764631735700
0.0615746481301031 0.0010656408799520 -0.2571765199167211
0.0626402890100551 0.0012951617982790 -0.2571760289455207
0.0639354508083341 0.0015662052355851 -0.2571747443686738
0.0655016560439192 0.0013807561191292 -0.2571739003414060
0.0668824121630483 0.0013947465179604 -0.2571759957678795
0.0682771586810088 0.0015340664503678 -0.2571788781773798
0.0698112251313765 0.0013741376867370 -0.2571749856290847
0.0711853628181135 0.0013619134664603 -0.2571727994329069
0.0725472762845738 0.0014993246524834 -0.2571725131093522
0.0740466009370572 0.0017261951212321 -0.2571727586308267
0.0757727960582893 0.0020251827378054 -0.2571731324707610
0.0777979787960947 0.0023865063634931 -0.2571734870116565
0.0801844851595878 0.0027896954539684 -0.2571737529676633
0.0829741806135562 0.0031843007035726 -0.2571739725852244
0.0861584813171288 0.0034994915762652 -0.2571742631569705
0.0896579728933941 0.0029240055007078 -0.2571747319663222
0.0925819783941019 0.0033943081162456 -0.2571751043308322
0.0959762865103475 0.0027322839448137 -0.2571751889910712
0.0987085704551612 0.0030380750195983 -0.2571749028387955
0.1017466454747595 0.0036832353645896 -0.2571745523666550
0.1054298808393491 0.0039858569520214 -0.2571742487474457
0.1094157377913705 0.0043576537230449 -0.2571740446419444
0.1137733915144154 0.0037501247208035 -0.2571736223962039
0.1175235162352189 0.0034811827248977 -0.2571734594098448
0.1210046989601166 0.0025763340078651 -0.2571739853379553
0.1235810329679817 0.0021180414016580 -0.2571745053486194
0.1256990743696397 0.0021234437586392 -0.2571748119498087
0.1278225181282789 0.0026752143395681 -0.2571750246821343
0.1304977324678469 0.0034026052180043 -0.2571751362090349
0.1339003376858512 0.0041748114195443 -0.2571743803165149
0.1380751491053956 0.0040035452825346 -0.2571727112794817
0.1420786943879302 0.0028296544346927 -0.2571731343663965
0.1449083488226229 0.0025808777591211 -0.2571737707079022
0.1474892265817440 0.0026812398378039 -0.2571743718742260
0.1501704664195479 0.0030219458447888 -0.2571746840493216
0.1531924122643367 0.0031150227072559 -0.2571735297075007
0.1563074349715927 0.0024393272268267 -0.2571710404549721
0.1587467621984193 0.0020859367393779 -0.2571705971870250
0.1608326989377973 0.0018488508744957 -0.2571718229399255
0.1626815498122929 0.0016359135145822 -0.2571728639267307
0.1643174633268751 0.0020145578783531 -0.2571722675613087
0.1663320212052281 0.0019086975686106 -0.2571714045531713
0.1682407187738388 0.0019768268638092 -0.2571731743555559
0.1702175456376479 0.0021085119752831 -0.2571757776032738
0.1723260576129310 0.0017029557473598 -0.2571740893925526
0.1740290133602908 0.0015684576811507 -0.2571723630891704
0.1755974710414415 0.0017888477072740 -0.2571716921607198
0.1773863187487155 0.0023557424968423 -0.2571715211922935
0.1797420612455578 0.0028132337547500 -0.2571719369250781
0.1825552950003078 0.0036698565624951 -0.2571724824068193
0.1862251515628028 0.0038068675806929 -0.2571720320659190
0.1900320191434958 0.0030500152786975 -0.2571710881321740
0.1930820344221933 0.0024938024340639 -0.2571708967729525
0.1955758368562572 0.0024857908279097 -0.2571712782893568
0.1980616276841668 0.0017166920699561 -0.2571727644411587
0.1997783197541229 0.0014930538507152 -0.2571732915274262
0.2012713736048380 0.0016879692723562 -0.2571732636499820
0.2029593428771943 0.0023079770219644 -0.2571728518286211
0.2052673198991586 0.0024073480539668 -0.2571726810634505
0.2076746679531255 0.0022025830137723 -0.2571737314610696
0.2098772509668977 0.0017131514916553 -0.2571742965220126
0.2115904024585530 0.0018075505940346 -0.2571744963134864
0.2133979530525876 0.0025235647792798 -0.2571744217546603
0.2159215178318674 0.0022114078270378 -0.2571728687943249
0.2181329256589052 0.0014413964335337 -0.2571724048800266
0.2195743220924388 0.0009770191733291 -0.2571724755438561
0.2205513412657679 0.0007970030633734 -0.2571724943365536
0.2213483443291412 0.0008434403794634 -0.2571724901239160
0.2221917847086046 0.0010921861121740 -0.2571724658394156
0.2232839708207786 0.0016014086173699 -0.2571723781067851
0.2248853794381485 0.0025091583675916 -0.2571720881345213
0.2273945378057400 0.0023768918332937 -0.2571715267638093
0.2297714296390337 0.0024145875468006 -0.2571714951296963
0.2321860171858343 0.0025899414260974 -0.2571716103041169
0.2347759586119318 0.0021317877972830 -0.2571717520872253
0.2369077464092147 0.0017128865410073 -0.2571717812252268
0.2386206329502220 0.0018808099891555 -0.2571717667803092
0.2405014429393775 0.0022496431331091 -0.2571717797273378
0.2427510860724866 0.0020169526435761 -0.2571726934754581
0.2447680387160627 0.0020910173614333 -0.2571751985603148
0.2468590560774960 0.0019303561841215 -0.2571762674609111
0.2487894122616175 0.0018850456014756 -0.2571737617209063
0.2506744578630931 0.0018344057070309 -0.2571724267297825
0.2525088635701240 0.0019090147946176 -0.2571721577981168
0.2544178783647416 0.0020113030240814 -0.2571721681200523
0.2564291813888230 0.0020973935608839 -0.2571723393056706
0.2585265749497069 0.0021697745177791 -0.2571728283418767
0.2606963494674860 0.0023129948549880 -0.2571736945061604
0.2630093443224740 0.0022705695828287 -0.2571743766897354
0.2652799139053028 0.0018701924716481 -0.2571739664756442
0.2671501063769509 0.0016363196909024 -0.2571737397725214
0.2687864260678533 0.0015744362426475 -0.2571749485894576
0.2703608623105008 0.0017198151346239 -0.2571779858158060
0.2720806774451248 0.0017087011841798 -0.2571771695768990
0.2737893786293046 0.0015980820809248 -0.2571727201934441
0.2753874607102294 0.0017188097628339 -0.2571714810022653
0.2771062704730633 0.0019963857692846 -0.2571713929540506
0.2791026562423479 0.0024347178860567 -0.2571715939398652
0.2815373741284045 0.0028144665305069 -0.2571715647993418
0.2843518406589114 0.0019551199702487 -0.2571705386064714
0.2863069606291602 0.0013107658437253 -0.2571679557278100
0.2876177264728855 0.0008583295856398 -0.2571621621178256
0.2884760560585253 0.0005534509026210 -0.2571533281858648
0.2890295069611463 0.0003533351418141 -0.2571410459772028
0.2893828421029604 0.0002242065819895 -0.2571242546684093
0.2896070486849499 0.0001418079083288 -0.2571015292349014
0.2897488565932786 0.0000896054603015 -0.2570711144610026
0.2898384620535802 0.0000566801224449 -0.2570309684798177
0.2898951421760251 0.0000359638165870 -0.2569789506319002
0.2899311059926121 0.0000229409630684 -0.2569133120114984
0.2899540469556805 0.0000147518420398 -0.2568337699734626
0.2899687987977203 0.0000095960596762 -0.2567436572078990
0.2899783948573965 0.0000063447962417 -0.2566539417777549
0.2899847396536382 0.0000042926459178 -0.2565902293933657
0.2899890322995560 0.0000030006990464 -0.2566036524184995
0.2899920329986024 0.0000021983936676 -0.2567836388833180
0.2899942313922700 0.0000017233138591 -0.2572572594926200
0.2899959547061290 0.0000014832627724 -0.2581148673473104
0.2899974379689014 0.0000014151845797 -0.2591183308768047
0.2899988531534812 0.0000014138701297 -0.2593541101224926
0.2900002670236109 0.0000014409974384 -0.2585503994633885
0.2900017080210493 0.0000015846834857 -0.2578118276944181
0.2900032927045351 0.0000018661667053 -0.2574086554638463
0.2900051588712404 0.0000022998219247 -0.2572204711987899
0.2900074586931651 0.0000029206583330 -0.2571478115816896
0.2900103793514981 0.0000037864684602 -0.2571344382706846
0.2900141658199584 0.0000049820333967 -0.2571500390290128
0.2900191478533551 0.0000066273603150 -0.2571783722352496
0.2900257752136701 0.0000088904396522 -0.2572108146564833
0.2900346656533223 0.0000120058165752 -0.2572429150911329
0.2900466714698975 0.0000163012478952 -0.2572725233921676
0.2900629727177928 0.0000222360026866 -0.2572987544774748
0.2900852087204794 0.0000304562946925 -0.2573214059241545
0.2901156650151719 0.0000418764211058 -0.2573406279519286
0.2901575414362778 0.0000577993410092 -0.2573567365980431
0.2902153407772870 0.0000800994285740 -0.2573701092369321
0.2902954402058610 0.0001115066320036 -0.2573811277772214
0.2904069468378646 0.0001560633048827 -0.2573901494245470
0.2905630101427473 0.0002198917010917 -0.2573974931473745
0.2907829018438390 0.0003125615010394 -0.2574034346773499
0.2910954633448784 0.0004497286828031 -0.2574082054229467
0.2915451920276815 0.0006588212369483 -0.2574119918119546
0.2922040132646297 0.0009933784242646 -0.2574149319222068
0.2931973916888944 0.0015789682144000 -0.2574171063848689
0.2947763599032944 0.0024564549799318 -0.2574185098985864
0.2972328148832262 0.0028010094167190 -0.2574188423488344
0.3000338242999451 0.0031839142888000 -0.2574188196384341
0.3032177385887451 0.0030198576404927 -0.2574190197888592
0.3062375962292378 0.0014066174737465 -0.2574130698185769
0.3076442137029843 0.0005922806984191 -0.2573933859755450
0.3082364944014034 0.0003182376394373 -0.2573734869320750
0.3085547320408407 0.0001822326428317 -0.2573483338873874
0.3087369646836724 0.0001077039369142 -0.2573153729197134
0.3088446686205866 0.0000648860008326 -0.2572717448817064
0.3089095546214193 0.0000396091310919 -0.2572139759961123
0.3089491637525112 0.0000244268564358 -0.2571379097133434
0.3089735906089470 0.0000151986204972 -0.2570388654427204
0.3089887892294442 0.0000095400106366 -0.2569122248414436
0.3089983292400808 0.0000060460915624 -0.2567548586731684
0.3090043753316432 0.0000038761345687 -0.2565681467721496
0.3090082514662119 0.0000025215405719 -0.2563638710643507
0.3090107730067838 0.0000016723557451 -0.2561750045700855
0.3090124453625289 0.0000011388207704 -0.2560739534671420
0.3090135841832993 0.0000008046926317 -0.2561993128877137
0.3090143888759310 0.0000005993611509 -0.2567813967350610
0.3090149882370818 0.0000004812621759 -0.2581125599058961
0.3090154694992577 0.0000004270182990 -0.2602745568483421
0.3090158965175567 0.0000004163435457 -0.2623043861644053
0.3090163128611024 0.0000004165281984 -0.2620010033262252
0.3090167293893008 0.0000004327640339 -0.2600163091009847
0.3090171621533347 0.0000004867511651 -0.2585712939957011
0.3090176489044998 0.0000005820837739 -0.2578203549301005
0.3090182309882737 0.0000007247288523 -0.2574806025165844
0.3090189557171260 0.0000009270555721 -0.2573590276325444
0.3090198827726982 0.0000012085160542 -0.2573486629524679
0.3090210912887524 0.0000015973371192 -0.2573918368505240
0.3090226886258716 0.0000021335082181 -0.2574576031155500
0.3090248221340897 0.0000028733415163 -0.2575295651511899
0.3090276954756060 0.0000038961959362 -0.2575993333063271
0.3090315916715422 0.0000053143777853 -0.2576629450545148
0.3090369060493275 0.0000072878795463 -0.2577188695046363
0.3090441939288738 0.0000100467253229 -0.2577668801734319
0.3090542406541967 0.0000139257062360 -0.2578074144403041
0.3090681663604327 0.0000194201872552 -0.2578412105803692
0.3090875865476879 0.0000272797481741 -0.2578691048104879
0.3091148662958620 0.0000386746216640 -0.2578919206948856
0.3091535409175259 0.0000555153079560 -0.2579104109401463
0.3092090562254819 0.0000811349625757 -0.2579252266471742
0.3092901911880576 0.0001219824398006 -0.2579368953785839
0.3094121736278582 0.0001928890565014 -0.2579457843694379
0.3096050626843597 0.0003411617038275 -0.2579519831470242
0.3099462243881871 0.0009228824905014 -0.2579547770010865
0.3108691068786886 0.0001712538088988 -0.2580082852640344
0.3110403606875873 0.0000675718277437 -0.2579163787312689
0.3111079325153311 0.0000360706255341 -0.2578302493805155
0.3111440031408652 0.0000206060807493 -0.2577222130227287
0.3111646092216145 0.0000121671086972 -0.2575811113837194
0.3111767763303117 0.0000073279864527 -0.2573947518227880
0.3111841043167644 0.0000044738484731 -0.2571484821113875
0.3111885781652375 0.0000027601808818 -0.2568249600688981
0.3111913383461194 0.0000017186367860 -0.2564049983000781
0.3111930569829054 0.0000010798962519 -0.2558703743032327
0.3111941368791573 0.0000006853972570 -0.2552104658090573
0.3111948222764143 0.0000004402919377 -0.2544360667917607
0.3111952625683519 0.0000002872195303 -0.2536060625788792
0.3111955497878822 0.0000001912292088 -0.2528756564952345
0.3111957410170910 0.0000001309311241 -0.2525764708705294
0.3111958719482151 0.0000000932372492 -0.2533293841831326
0.3111959651854643 0.0000000702261702 -0.2561337874175072
0.3111960354116345 0.0000000572782032 -0.2621542025278233
0.3111960926898377 0.0000000517711971 -0.2713019859383384
0.3111961444610348 0.0000000509803615 -0.2785247999721022
0.3111961954413964 0.0000000510800343 -0.2753505314266846
0.3111962465214306 0.0000000537786140 -0.2673185242208465
0.3111963003000446 0.0000000612421891 -0.2620163885216041
0.3111963615422337 0.0000000738432535 -0.2593333163295041
0.3111964353854871 0.0000000924423479 -0.2581510321245706
0.3111965278278351 0.0000001186965465 -0.2577588032196169
0.3111966465243816 0.0000001551560061 -0.2577664142872529
0.3111968016803877 0.0000002054980942 -0.2579636826931279
0.3111970071784819 0.0000002749243394 -0.2582379459279939
0.3111972821028213 0.0000003707603728 -0.2585297412306365
0.3111976528631941 0.0000005033399063 -0.2588089270594225
0.3111981562031004 0.0000006873095619 -0.2590615719655492
0.3111988435126623 0.0000009435796737 -0.2592826253812310
0.3111997870923360 0.0000013022993702 -0.2594717705186297
0.3112010893917063 0.0000018075173027 -0.2596310671019165
0.3112028969090090 0.0000025247462931 -0.2597636173472286
0.3112054216553021 0.0000035538277836 -0.2598728223326977
0.3112089754830857 0.0000050522091806 -0.2599619785393924
0.3112140276922662 0.0000072807376596 -0.2600340655548653
0.3112213084299258 0.0000107047741919 -0.2600916296299747
0.3112320132041178 0.0000162576627107 -0.2601366852124533
0.3112482708668285 0.0000262269183572 -0.2601705149484119
0.3112744977851857 0.0000489713084868 -0.2601929739935090
0.3113234690936726 0.0001939189564023 -0.2601991450173978
0.3115173880500749 0.0000516271698135 -0.2600378363897963
0.3115690152198884 0.0000075346024678 -0.2598702667865001
0.3115765498223562 0.0000041684560243 -0.2595764140819871
0.3115807182783805 0.0000024434885037 -0.2592155482766323
0.3115831617668842 0.0000014808463160 -0.2587716230081267
0.3115846426132002 0.0000009195485069 -0.2582405840893339
0.3115855621617071 0.0000005834238935 -0.2576419380205405
0.3115861455856007 0.0000003785306355 -0.2570434944791542
0.3115865241162362 0.0000002521294092 -0.2566053987120573
0.3115867762456454 0.0000001736805811 -0.2566499139097357
0.3115869499262265 0.0000001252194424 -0.2577486721177150
0.3115870751456689 0.0000000962184470 -0.2607483624410335
0.3115871713641159 0.0000000807246032 -0.2664095987206618
0.3115872520887191 0.0000000751575681 -0.2737907361079512
0.3115873272462871 0.0000000747151811 -0.2774240638823285
0.3115874019614682 0.0000000754904415 -0.2728582506742463
0.3115874774519097 0.0000000815310905 -0.2670057888236826
0.3115875589830003 0.0000000947384499 -0.2635046041565061
0.3115876537214502 0.0000001157966661 -0.2617638549156375
0.3115877695181163 0.0000001463897838 -0.2610079370177141
0.3115879159079001 0.0000001894470559 -0.2607708536941145
0.3115881053549560 0.0000002493909373 -0.2607965517703860
0.3115883547458932 0.0000003326396292 -0.2609460618873461
0.3115886873855225 0.0000004484360412 -0.2611444107628005
0.3115891358215637 0.0000006101505494 -0.2613518838358113
0.3115897459721130 0.0000008373425707 -0.2615483512370631
0.3115905833146838 0.0000011591202945 -0.2617245610901161
0.3115917424349782 0.0000016198677341 -0.2618772205701183
0.3115933623027123 0.0000022896293348 -0.2620061797636464
0.3115956519320472 0.0000032845851172 -0.2621127974278919
0.3115989365171644 0.0000048123795413 -0.2621989593487127
0.3116037488967057 0.0000072905847189 -0.2622664021851951
0.3116110394814245 0.0000117462814490 -0.2623159864029529
0.3116227857628736 0.0000219401076192 -0.2623460467420016
0.3116447258704927 0.0000798999961172 -0.2623460473756991
0.3117246258666099 0.0000266818414550 -0.2617777748327594
0.3117513077080649 0.0000039785184026 -0.2623891564708770
0.3117552862264675 0.0000021563853632 -0.2620245633560917
0.3117574426118307 0.0000012672779900 -0.2616071512519562
0.3117587098898207 0.0000007797028498 -0.2611563775097817
0.3117594895926705 0.0000004970998568 -0.2607396185478366
0.3117599866925274 0.0000003280820466 -0.2605084214029544
0.3117603147745739 0.0000002252689057 -0.2607565064090010
0.3117605400434797 0.0000001626559877 -0.2619858241742711
0.3117607026994674 0.0000001256795609 -0.2648983997099094
0.3117608283790283 0.0000001063219209 -0.2700080443380217
0.3117609347009492 0.0000000996440161 -0.2761590862565852
0.3117610343449653 0.0000000990985346 -0.2785228326216749
0.3117611334434999 0.0000001007589291 -0.2743848493474730
0.3117612342024290 0.0000001098250494 -0.2696189113232789
0.3117613440274783 0.0000001284421849 -0.2667497007433493
0.3117614724696633 0.0000001577641919 -0.2652835553563769
0.3117616302338552 0.0000002003660420 -0.2646145210423285
0.3117618305998972 0.0000002606276054 -0.2643728179448216
0.3117620912275026 0.0000003452402842 -0.2643519143419904
0.3117624364677868 0.0000004641810432 -0.2644380362861674
0.3117629006488299 0.0000006324018952 -0.2645688406370915
0.3117635330507252 0.0000008727647997 -0.2647106279575893
0.3117644058155249 0.0000012213973392 -0.2648457200181634
0.3117656272128641 0.0000017382817986 -0.2649653215620985
0.3117673654946627 0.0000025307292405 -0.2650653429134660
0.3117698962239032 0.0000038147176204 -0.2651437346259287
0.3117737109415236 0.0000061209046174 -0.2651982291008507
0.3117798318461409 0.0000113648967266 -0.2652226267532397
0.3117911967428675 0.0000347887123795 -0.2651969197248484
0.3118259854552470 0.0000187974953011 -0.2636351747993047
0.3118447829505482 0.0000027394745552 -0.2659286665917655
0.3118475224251034 0.0000014134645367 -0.2656170082668365
0.3118489358896401 0.0000008236214121 -0.2652704439731804
0.3118497595110522 0.0000005104782577 -0.2649805741760414
0.3118502699893099 0.0000003316912616 -0.2649151534302339
0.3118506016805715 0.0000002258286142 -0.2653834320977156
0.3118508275091857 0.0000001623935963 -0.2668961909242464
0.3118509899027819 0.0000001252717020 -0.2701373904235140
0.3118511151744840 0.0000001058516132 -0.2755378822781240
0.3118512210260972 0.0000000989223479 -0.2817962823678630
0.3118513199484451 0.0000000981980374 -0.2841302617083352
0.3118514181464825 0.0000001001354529 -0.2800437035296642
0.3118515182819354 0.0000001093431588 -0.2751677128445075
0.3118516276250942 0.0000001279836015 -0.2721093438781737
0.3118517556086957 0.0000001573998919 -0.2704743588313052
0.3118519130085877 0.0000002003851408 -0.2696732917251248
0.3118521133937284 0.0000002617040147 -0.2693304061902381
0.3118523750977432 0.0000003488186925 -0.2692306250674408
0.3118527239164356 0.0000004733015935 -0.2692530603471133
0.3118531972180291 0.0000006535061174 -0.2693299317480619
0.3118538507241466 0.0000009198780914 -0.2694232560477586
0.3118547706022379 0.0000013266731976 -0.2695115407736378
0.3118560972754355 0.0000019821881332 -0.2695817234647270
0.3118580794635687 0.0000031476181008 -0.2696232013260638
0.3118612270816695 0.0000057148666594 -0.2696202250858592
0.3118669419483289 0.0000144846482080 -0.2695395527259966
0.3118814265965369 0.0000019625727893 9.2692035241733066
0.3118833891693262 0.0000024506692810 9.2691969773148060
0.3118858398386072 0.0000030584157848 9.2691917484319966
0.3118888982543921 0.0000038134804646 9.2691875762858142
0.3118927117348567 0.0000047483651133 9.2691842523124777
0.3118974600999700 0.0000058997266315 9.2691816102207518
0.3119033598266016 0.0000073059144714 9.2691795176499543
0.3119106657410730 0.0000090010762321 9.2691778694585381
0.3119196668173051 0.0000110032204459 9.2691765822817480
0.3119306700377510 0.0000132928574624 9.2691755900240125
0.3119439628952134 0.0000157799980760 9.2691748399826288
0.3119597428932894 0.0000182649569745 9.2691742893074309
0.3119780078502640 0.0000204210662401 9.2691739015984371
0.3119984289165041 0.0000218715024290 9.2691736437040788
0.3120203004189331 0.0000224750611251 9.2691734833348445
0.3120427754800582 0.0000228767296772 9.2691733886624874
0.3120656522097355 0.0000251014802444 9.2691733304351729
0.3120907536899799 0.0000330565420294 9.2691732837426422
0.3121238102320094 0.0000557147101717 9.2691732208315756
0.3121795249421811 0.0001289853087765 9.2691730684202387
0.3123085102509576 0.0005794604964967 9.2691724361550190
0.3128879707474543 0.0008346088391051 9.2691697306161362
0.3137225795865594 0.0001806224932903 9.2691484530347896
0.3139032020798497 0.0002664079366527 9.2691479842986944
0.3141696100165024 0.0003130353165972 9.2691504334408048
0.3144826453330996 0.0003768768692107 9.2691520249731187
0.3148595222023103 0.0001544375535734 9.2691526922247842
0.3150139597558836 0.0001249321851397 9.2691527282904325
0.3151388919410234 0.0001143919423088 9.2691526648571436
0.3152532838833322 0.0001208427160279 9.2691524365195317
0.3153741265993601 0.0001372090863771 9.2691520051468466
0.3155113356857372 0.0001326513242196 9.2691521193732598
0.3156439870099568 0.0001194566347925 9.2691525514630726
0.3157634436447493 0.0001221309392629 9.2691526014033876
0.3158855745840123 0.0001367475244074 9.2691525694400099
0.3160223221084197 0.0001686900057109 9.2691526101320250
0.3161910121141307 0.0002392062162072 9.2691527228864139
0.3164302183303379 0.0004163197805906 9.2691515169208873
0.3168465381109285 0.0003401197290094 9.2691560372984778
0.3171866578399379 0.0007347301572746 9.2691563483737784
0.3179213879972125 0.0014902545869700 9.2691524470910274
0.3194116425841824 0.0015631964027119 9.2691655572913891
0.3209748389868943 0.0023063898480231 9.2691734200102012
0.3232812288349174 0.0023286378231019 9.2691693391315333
0.3256098666580193 0.0024715974478588 9.2691638791065465
0.3280814641058780 0.0026562016342912 9.2691630738198167
0.3307376657401692 0.0020690176292333 9.2691566785320720
0.3328066833694024 0.0018139218581776 9.2691609783641908
0.3346206052275801 0.0019517694916743 9.2691601347583337
0.3365723747192544 0.0024425302139899 9.2691594824749917
0.3390149049332443 0.0020575253018743 9.2691588540237309
0.3410724302351185 0.0013657390088442 9.2691589679547608
0.3424381692439628 0.0010936779324750 9.2691589409273210
0.3435318471764378 0.0011532339744252 9.2691589020011271
0.3446850811508629 0.0014472185135689 9.2691589120727471
0.3461322996644318 0.0019349137292234 9.2691590078958175
0.3480672133936552 0.0019283616051507 9.2691593199222275
0.3499955749988059 0.0005910447309657 9.2691564728925275
0.3505866197297716 0.0006218270626213 9.2691563618903530
0.3512084467923929 0.0004785997321306 9.2691567760388249
0.3516870465245234 0.0006311588266189 9.2691568176179047
0.3523182053511423 0.0013640860783918 9.2691567903458889
0.3536822914295342 0.0027586384678693 9.2691565247079168
0.3564409298974035 0.0024119268859033 9.2691554348521326
0.3588528567833068 0.0023713369512741 9.2691534152378221
0.3612241937345808 0.0025869135138334 9.2691503967808266
0.3638111072484142 0.0024246725134003 9.2691514168170848
0.3662357797618145 0.0023345681373466 9.2691524518708110
0.3685703478991611 0.0025178776526371 9.2691524921770601
0.3710882255517982 0.0028733905384664 9.2691543629752307
0.3739616160902646 0.0029283093029996 9.2691573845699828
0.3768899253932642 0.0023243988510375 9.2691593179223570
0.3792143242443017 0.0018699950331204 9.2691604254041700
0.3810843192774221 0.0015333568307344 9.2691611701101735
0.3826176761081565 0.0013164822633814 9.2691607994612948
0.3839341583715379 0.0012412557508822 9.2691578532717056
0.3851754141224201 0.0013257190971148 9.2691522061937430
0.3865011332195349 0.0013163632861040 9.2691530550216648
0.3878174965056389 0.0012583112299673 9.2691597686230960
0.3890758077356062 0.0013692009325674 9.2691619462276762
0.3904450086681736 0.0015934216170513 9.2691621035895668
0.3920384302852249 0.0016263276915578 9.2691607494414949
0.3936647579767827 0.0014825140372678 9.2691568205313359
0.3951472720140505 0.0015364069789554 9.2691508976769139
0.3966836789930059 0.0015757151204420 9.2691489968541472
0.3982593941134480 0.0014341795818608 9.2691559152493994
0.3996935736953088 0.0014820569350040 9.2691589328982147
0.4011756306303128 0.0016444173048440 9.2691596567275436
0.4028200479351569 0.0018727646174043 9.2691591587154001
0.4046928125525612 0.0021409400478893 9.2691579906148096
0.4068337526004505 0.0024277958379155 9.2691571196621432
0.4092615484383660 0.0022075360708286 9.2691554453571978
0.4114690845091946 0.0018708185352189 9.2691489992064362
0.4133399030444135 0.0017518044508197 9.2691403399105710
0.4150917074952332 0.0017439693749242 9.2691365942629051
0.4168356768701574 0.0017751045012378 9.2691424304352168
0.4186107813713952 0.0017238076492177 9.2691498420113287
0.4203345890206129 0.0016934882417738 9.2691536343315253
0.4220280772623868 0.0017646054072656 9.2691557509084959
0.4237926826696524 0.0013215005265482 9.2691586338744330
0.4251141831962006 0.0009781004572268 9.2691616337873093
0.4260922836534274 0.0007227578505939 9.2691648989190814
0.4268150415040213 0.0005401952068141 9.2691676291000498
0.4273552367108354 0.0004160583277115 9.2691678671194939
0.4277712950385469 0.0003396485813147 9.2691619962564982
0.4281109436198617 0.0003056156430962 9.2691457237430566
0.4284165592629579 0.0003078890419999 9.2691229448200296
0.4287244483049578 0.0003077455610025 9.2691234801116504
0.4290321938659603 0.0003062201107117 9.2691467488287191
0.4293384139766721 0.0003365390611657 9.2691589200661415
0.4296749530378378 0.0003951287980819 9.2691630254051560
0.4300700818359197 0.0004810041673853 9.2691635828042429
0.4305510860033051 0.0005972113423013 9.2691626794722257
0.4311482973456063 0.0007489720604556 9.2691612478716152
0.4318972694060619 0.0009426724640517 9.2691596909311347
0.4328399418701135 0.0011848630139699 9.2691581375651548
0.4340248048840834 0.0014806401116336 9.2691566171194921
0.4355054449957170 0.0018307818185933 9.2691555507261079
0.4373362268143103 0.0022270030891830 9.2691560837290279
0.4395632299034933 0.0023403666916049 9.2691578219372417
0.4419035965950982 0.0024189565891859 9.2691583917750489
0.4443225531842841 0.0023320165142048 9.2691578738500802
0.4466545696984889 0.0023489844473577 9.2691568788997625
0.4490035541458466 0.0026297700077849 9.2691558926257880
0.4516333241536316 0.0031750571010990 9.2691557170877541
0.4548083812547306 0.0032823408299924 9.2691572367081463
0.4580907220847230 0.0033623325451520 9.2691581162100913
0.4614530546298751 0.0041016638681204 9.2691578218977231
0.4655547184979955 0.0023729504051593 9.2691571512504698
0.4679276689031547 0.0012173717723171 9.2691572612340529
0.4691450406754719 0.0007747916657274 9.2691572916462199
0.4699198323411993 0.0006595473252507 9.2691573007691481
0.4705793796664500 0.0007262066070032 9.2691573067534740
0.4713055862734532 0.0009340247186360 9.2691573150753950
0.4722396109920892 0.0012993657380116 9.2691573336098045
0.4735389767301008 0.0018775490745784 9.2691573885167724
0.4754165258046792 0.0024356717237328 9.2691576082070650
0.4778521975284120 0.0021329224707445 9.2691585436639077
0.4799851199991565 0.0017859912674812 9.2691600506089955
0.4817711112666377 0.0014412354507777 9.2691621013198606
0.4832123467174154 0.0011404617790651 9.2691643832508763
0.4843528084964804 0.0009042682913254 9.2691662382977089
0.4852570767878058 0.0007385819316610 9.2691665317730738
0.4859956587194668 0.0006458410161379 9.2691633948404544
0.4866414997356047 0.0006397905831654 9.2691548185478556
0.4872812903187702 0.0006857865395403 9.2691463133852388
0.4879670768583105 0.0006333093238411 9.2691563662050367
0.4886003861821516 0.0006417484710810 9.2691640470040717
0.4892421346532325 0.0007181290074352 9.2691664636345710
0.4899602636606677 0.0008413742397277 9.2691668334251975
0.4908016379003954 0.0010068094230769 9.2691662818410965
0.4918084473234722 0.0012144845414211 9.2691653347127065
0.4930229318648933 0.0014647606005877 9.2691643940180573
0.4944876924654810 0.0011056066018527 9.2691641442036872
0.4955932990673337 0.0010417287092916 9.2691648330955339
0.4966350277766253 0.0008682641231869 9.2691669093869216
0.4975032918998122 0.0006404057309890 9.2691709029199956
0.4981436976308012 0.0004684043267201 9.2691761419087264
0.4986121019575213 0.0003418089544594 9.2691824356844617
0.4989539109119807 0.0002509136632955 9.2691890096078797
0.4992048245752762 0.0001875984453325 9.2691937786425100
0.4993924230206087 0.0001456601015549 9.2691922286287003
0.4995380831221636 0.0001210670833660 9.2691765821911591
0.4996591502055295 0.0001120436964139 9.2691397284990060
0.4997711939019434 0.0001145166922945 9.2690991652487416
0.4998857105942379 0.0001125434606646 9.2691183813800819
0.4999982540549025 0.0001146624427017 9.2691602602846768
0.5001129164976043 0.0001286108362096 9.2691789633457251
0.5002415273338138 0.0001528182623730 9.2691846852038395
0.5003943455961868 0.0001874809493811 9.2691848112420789
0.5005818265455679 0.0002341882325213 9.2691826798110988
0.5008160147780892 0.0002954442561486 9.2691798001148484
0.5011114590342378 0.0003745186578260 9.2691768579610354
0.5014859776920638 0.0004754051635216 9.2691741520694322
0.5019613828555854 0.0006027756763804 9.2691717952090453
0.5025641585319659 0.0007618391565227 9.2691698135590315
0.5033259976884886 0.0009579968319574 9.2691682004988980
0.5042839945204460 0.0011961996343325 9.2691669488691346
0.5054801941547785 0.0014802254667408 9.2691660637576874
0.5069604196215194 0.0018139869912049 9.2691655370826158
0.5087744066127243 0.0022167461785558 9.2691652875300878
0.5109911527912802 0.0028113703738956 9.2691651601268230
0.5138025231651757 0.0035287632894488 9.2691649980420010
0.5173312864546246 0.0026291761187546 9.2691651602815632
0.5199604625733791 0.0020539200926834 9.2691659546841265
0.5220143826660625 0.0017368070804036 9.2691660547984238
0.5237511897464661 0.0016557358977139 9.2691643891688802
0.5254069256441800 0.0018079040101609 9.2691610338774328
0.5272148296543409 0.0017004596525336 9.2691626490357120
0.5289152893068744 0.0016036051268241 9.2691659907374007
0.5305188944336985 0.0016300740297639 9.2691667282657821
0.5321489684634624 0.0017052270750041 9.2691666579316880
0.5338541955384665 0.0020516184753688 9.2691664116132362
0.5359058140138353 0.0023948922640080 9.2691659860845164
0.5383007062778433 0.0021785015506820 9.2691647741072032
0.5404792078285253 0.0021394057222962 9.2691616075985817
0.5426186135508215 0.0022466120123516 9.2691583557968471
0.5448652255631731 0.0020300203970063 9.2691620295685020
0.5468952459601794 0.0019675806346407 9.2691641305485071
0.5488628265948200 0.0020682246767661 9.2691634251464752
0.5509310512715860 0.0022269270508642 9.2691619816850714
0.5531579783224503 0.0020085175295937 9.2691611972333803
0.5551664958520439 0.0017388088721930 9.2691600130759308
0.5569053047242369 0.0016083479216077 9.2691603275377901
0.5585136526458446 0.0015534828268564 9.2691615009315438
0.5600671354727010 0.0016820495143338 9.2691624778293882
0.5617491849870349 0.0022788239352998 9.2691631524578959
0.5640280089223346 0.0030835095373915 9.2691636725353117
0.5671115184597261 0.0032656979097362 9.2691637167951129
0.5703772163694623 0.0030181656375448 9.2691636786534470
0.5733953820070071 0.0030183579991950 9.2691638927134115
0.5764137400062020 0.0026063765814039 9.2691640713942949
0.5790201165876059 0.0023665887678979 9.2691628392519458
0.5813867053555037 0.0023700601237462 9.2691591855266822
0.5837567654792499 0.0023539991798361 9.2691561538310552
0.5861107646590860 0.0022398000896861 9.2691561735360324
0.5883505647487720 0.0022510895500980 9.2691578734400100
0.5906016542988700 0.0024136904893725 9.2691609481804758
0.5930153447882425 0.0022195528311079 9.2691617481767850
0.5952348976193504 0.0020034129044128 9.2691599131226443
0.5972383105237632 0.0016436744368951 9.2691555072260226
0.5988819849606584 0.0014659693180400 9.2691479834066417
0.6003479542786984 0.0014379917042092 9.2691392914943105
0.6017859459829076 0.0014467679696726 9.2691390147152770
0.6032327139525802 0.0014653568641486 9.2691476490687776
0.6046980708167288 0.0016068414636305 9.2691538670031246
0.6063049122803592 0.0018695926363851 9.2691568231418078
0.6081745049167443 0.0022451153235129 9.2691579965310869
0.6104196202402572 0.0027287377035463 9.2691583232374803
0.6131483579438035 0.0033063070061893 9.2691582935467718
0.6164546649499929 0.0039399840545455 9.2691581282660795
0.6203946490045384 0.0045595854887552 9.2691579026071906
0.6249542344932937 0.0050774198385460 9.2691574832057633
0.6300316543318397 0.0038966093929667 9.2691567348261845
0.6339282637248064 0.0031815835776248 9.2691569359132693
0.6371098473024313 0.0033013004212498 9.2691571977191280
0.6404111477236811 0.0034740623961976 9.2691569332928800
0.6438852101198788 0.0031460446068533 9.2691550891229006
0.6470312547267321 0.0029472633383702 9.2691529229868550
0.6499785180651023 0.0031472926268204 9.2691507304549479
0.6531258106919227 0.0031501814809721 9.2691519025088134
0.6562759921728948 0.0029809591774944 9.2691560858232904
0.6592569513503892 0.0030684010285683 9.2691575215720068
0.6623253523789575 0.0030471332880277 9.2691578161321218
0.6653724856669851 0.0034415234866988 9.2691577387651183
0.6688140091536839 0.0041881668652008 9.2691573617088885
0.6730021760188847 0.0049122276895623 9.2691565605419548
0.6779144037084469 0.0038273325027145 9.2691562794470297
0.6817417362111614 0.0037624826549303 9.2691559446143010
0.6855042188660917 0.0028427067930844 9.2691551151220875
0.6883469256591761 0.0021517735793015 9.2691547562535437
0.6904986992384776 0.0022967860239152 9.2691546755147236
0.6927954852623928 0.0028378330896553 9.2691546877392863
0.6956333183520480 0.0037450500262944 9.2691548963975094
0.6993783683783424 0.0041737866213882 9.2691555621735287
0.7035521549997307 0.0034360204483327 9.2691564513455287
0.7069881754480634 0.0025457782252487 9.2691564741817398
0.7095339536733121 0.0019106748344307 9.2691557124075707
0.7114446285077428 0.0015552207205610 9.2691550222501906
0.7129998492283038 0.0015185698711250 9.2691546933907532
0.7145184190994288 0.0018282447395906 9.2691546667512981
0.7163466638390195 0.0023606360189406 9.2691551207235765
0.7187072998579601 0.0022873528803589 9.2691560950292722
0.7209946527383191 0.0027779500396920 9.2691564599432130
0.7237726027780111 0.0019851597152136 9.2691568085106972
0.7257577624932248 0.0015156543243115 9.2691569269487584
0.7272734168175362 0.0015539754294808 9.2691569677812886
0.7288273922470170 0.0017813766736671 9.2691569996208578
0.7306087689206840 0.0020830556268550 9.2691570384219197
0.7326918245475391 0.0023694174143902 9.2691571086143796
0.7350612419619292 0.0025604819661683 9.2691572405949056
0.7376217239280974 0.0026117177503295 9.2691573364904052
0.7402334416784270 0.0025404098405189 9.2691568399231681
0.7427738515189459 0.0024269493026966 9.2691550683979163
0.7452008008216425 0.0024016747892504 9.2691532988004326
0.7476024756108930 0.0026235271987558 9.2691524541180836
0.7502260028096488 0.0028115556327071 9.2691534485818252
0.7530375584423559 0.0025635761184939 9.2691583265125068
0.7556011345608498 0.0025452889094296 9.2691599337250512
0.7581464234702794 0.0021958382430065 9.2691594675110593
0.7603422617132859 0.0020147919533798 9.2691565919971008
0.7623570536666656 0.0021242026129518 9.2691518066873417
0.7644812562796174 0.0020671906291314 9.2691517119028628
0.7665484469087488 0.0019323970734382 9.2691558595764825
0.7684808439821870 0.0020268233786725 9.2691576746537798
0.7705076673608595 0.0022438222492399 9.2691587100602231
0.7727514896100994 0.0025300178550122 9.2691595778658193
0.7752815074651116 0.0022802649338599 9.2691607815155574
0.7775617723989715 0.0016431783509550 9.2691626053044800
0.7792049507499265 0.0012027784496951 9.2691638659715352
0.7804077291996215 0.0009146237737409 9.2691631840948183
0.7813223529733624 0.0007414067495978 9.2691582578439888
0.7820637597229602 0.0006635783044768 9.2691468228666167
0.7827273380274370 0.0006615269432652 9.2691324856091768
0.7833888649707021 0.0006605000570939 9.2691332845527974
0.7840493650277961 0.0006660651846439 9.2691475264935352
0.7847154302124399 0.0007372130213827 9.2691557710708441
0.7854526432338227 0.0008709395727576 9.2691589760001438
0.7863235828065802 0.0010685179503953 9.2691597786243438
0.7873921007569755 0.0013383779084069 9.2691595218486782
0.7887304786653825 0.0016967964122801 9.2691588589879093
0.7904272750776626 0.0021640373632409 9.2691581201317277
0.7925913124409035 0.0022015254706361 9.2691573495877417
0.7947928379115397 0.0019546232719032 9.2691558362817492
0.7967474611834429 0.0019189849051831 9.2691521774808106
0.7986664460886259 0.0020619736854931 9.2691477150655750
0.8007284197741190 0.0019746712658780 9.2691511669454556
0.8027030910399970 0.0019773562803499 9.2691554107380369
0.8046804473203469 0.0021790861973208 9.2691564725923818
0.8068595335176678 0.0025123433902502 9.2691557024947731
0.8093718769079180 0.0029018287725156 9.2691531800077751
0.8122737056804336 0.0028094513513583 9.2691545686167949
0.8150831570317919 0.0027020928435309 9.2691577491140293
0.8177852498753229 0.0030011479483217 9.2691584300860104
0.8207863978236446 0.0027086384972355 9.2691572982260304
0.8234950363208802 0.0024876101005108 9.2691540498174270
0.8259826464213910 0.0026233003933372 9.2691495524685337
0.8286059468147281 0.0027181971654177 9.2691484791407088
0.8313241439801458 0.0023861266742120 9.2691544280503368
0.8337102706543578 0.0023399523145891 9.2691568123327226
0.8360502229689468 0.0024615183610197 9.2691571663286325
0.8385117413299665 0.0026761175065018 9.2691570645542232
0.8411878588364684 0.0030122455719613 9.2691574010034365
0.8442001044084296 0.0027675743784271 9.2691578642057930
0.8469676787868567 0.0023001200752343 9.2691573813503929
0.8492677988620910 0.0021733183601254 9.2691564827301409
0.8514411172222164 0.0025377607903822 9.2691560168121363
0.8539788780125986 0.0028023675972264 9.2691566746832788
0.8567812456098250 0.0023953996047693 9.2691563225763396
0.8591766452145944 0.0009470970115765 9.2691545936557329
0.8601237422261708 0.0009168413748294 9.2691544561756611
0.8610405836010002 0.0011180301107049 9.2691543322449093
0.8621586137117051 0.0016301615503662 9.2691541265492621
0.8637887752620712 0.0031487847462103 9.2691536362795510
0.8669375600082815 0.0032311361861890 9.2691537721386812
0.8701686961944705 0.0032968942166418 9.2691584647249030
0.8734655904111123 0.0034709338504071 9.2691618592316036
0.8769365242615194 0.0028638397654894 9.2691629878646324
0.8798003640270088 0.0010756366299301 9.2691633559555751
0.8808760006569389 0.0007673644726932 9.2691633682481687
0.8816433651296322 0.0007676182053149 9.2691633651638767
0.8824109833349471 0.0009115496336545 9.2691633489844296
0.8833225329686015 0.0011567644319723 9.2691632815696838
0.8844792974005737 0.0014820222170472 9.2691630010256745
0.8859613196176209 0.0018611205899904 9.2691621714869310
0.8878224402076114 0.0017136037491187 9.2691620046716103
0.8895360439567300 0.0011923177480213 9.2691634176130915
0.8907283617047513 0.0010379964772730 9.2691638006446500
0.8917663581820243 0.0011377880239096 9.2691639289030121
0.8929041462059338 0.0014686101153536 9.2691639817911984
0.8943727563212874 0.0020833117685761 9.2691639435655411
0.8964560680898636 0.0021324020240203 9.2691636891683729
0.8985884701138839 0.0020966242808128 9.2691635585409369
0.9006850943946967 0.0019563829015221 9.2691635811171729
0.9026414772962188 0.0017737367598015 9.2691633933097872
0.9044152140560203 0.0016970506260339 9.2691629315171298
0.9061122646820542 0.0018913779688137 9.2691627266294621
0.9080036426508679 0.0017379532433508 9.2691635428035504
0.9097415958942187 0.0015619844628319 9.2691644620416902
0.9113035803570506 0.0017226457170712 9.2691650029749102
0.9130262260741219 0.0018064926011220 9.2691657567675350
0.9148327186752439 0.0014066191376428 9.2691670929423342
0.9162393378128867 0.0011200987078248 9.2691674745901498
0.9173594365207115 0.0009449363836930 9.2691651984549388
0.9183043729044045 0.0008853668256049 9.2691581242831855
0.9191897397300094 0.0009242667291806 9.2691487785620534
0.9201140064591899 0.0009018155989410 9.2691529694212793
0.9210158220581309 0.0008999762984981 9.2691625010316248
0.9219157983566290 0.0009988512174479 9.2691660273191427
0.9229146495740769 0.0011748369101830 9.2691667551646209
0.9240894864842598 0.0014222763949401 9.2691664156643103
0.9255117628791999 0.0017433605935159 9.2691657046145224
0.9272551234727158 0.0021378171588209 9.2691648986498745
0.9293929406315367 0.0013700123934336 9.2691640688668855
0.9307629530249703 0.0011217285296822 9.2691639190715041
0.9318846815546524 0.0012445070703401 9.2691638489624140
0.9331291886249925 0.0016516591669200 9.2691637639103046
0.9347808477919125 0.0023966869191040 9.2691636076451100
0.9371775347110165 0.0025678648205830 9.2691635360097440
0.9397453995315995 0.0018005067896689 9.2691644048768129
0.9415459063212684 0.0013907304238506 9.2691649678103172
0.9429366367451191 0.0012866520550399 9.2691653210858629
0.9442232888001590 0.0014303310463338 9.2691657015182756
0.9456536198464928 0.0013975096784788 9.2691664157503304
0.9470511295249715 0.0011336791807259 9.2691667728660292
0.9481848087056974 0.0009932408957277 9.2691647233990189
0.9491780496014252 0.0009863933439888 9.2691586486053126
0.9501644429454140 0.0010511495541877 9.2691528839759236
0.9512155924996017 0.0009793358181481 9.2691603995639458
0.9521949283177499 0.0010008701902469 9.2691656002748708
0.9531957985079967 0.0011282907915626 9.2691668575827233
0.9543240892995594 0.0013357693672608 9.2691667648642309
0.9556598586668202 0.0016246822943976 9.2691662793969076
0.9572845409612178 0.0020116571264655 9.2691657350484000
0.9592961980876833 0.0025312396270511 9.2691651969379993
0.9618274377147344 0.0028618504898711 9.2691647003465043
0.9646892882046055 0.0024349427708405 9.2691640810794631
0.9671242309754461 0.0023223472190538 9.2691619803348075
0.9694465781944999 0.0024791816604092 9.2691582964577393
0.9719257598549090 0.0023388080220391 9.2691601562860857
0.9742645678769482 0.0021238691838057 9.2691641583626581
0.9763884370607538 0.0020753947088539 9.2691653303552037
0.9784638317696077 0.0016528804315971 9.2691653078991560
0.9801167122012049 0.0012486503615946 9.2691632581635446
0.9813653625627995 0.0010106252892471 9.2691573353407382
0.9823759878520466 0.0009064467675549 9.2691462235285460
0.9832824346196015 0.0008977860400522 9.2691345736233970
0.9841802206596537 0.0008953132526290 9.2691367490103680
0.9850755339122826 0.0009187312193115 9.2691484388969165
0.9859942651315942 0.0010277341368101 9.2691556698426325
0.9870219992684043 0.0012230438787758 9.2691588410465720
0.9882450431471801 0.0015121574637613 9.2691598533199180
0.9897572006109414 0.0019158259596699 9.2691596018357370
0.9916730265706113 0.0021995241185581 9.2691579645637638
0.9938725506891695 0.0024426219168337 9.2691562575571638
0.9963151726060031 0.0022519165323383 9.2691589186878982
0.9985670891383414 0.0018368873661304 9.2691609491512583
1.0004039765044717 0.0010685853490923 9.2691612040589551
1.0014725618535640 0.0009060235194194 9.2691612031600013
1.0023785853729834 0.0010543197187588 9.2691611963952294
1.0034329050917423 0.0014434110038787 9.2691611844325426
1.0048763160956209 0.0021181979626361 9.2691611601916080
1.0069945140582570 0.0032057974694982 9.2691611143272912
1.0102003115277554 0.0050088144884122 9.2691610086898439
1.0152091260161675 0.0033311550028169 9.2691605831379551
1.0185402810189845 0.0020846605906715 9.2691605341229000
1.0206249416096560 0.0019757514592934 9.2691605699736392
1.0226006930689493 0.0022711962285614 9.2691606546985366
1.0248718892975106 0.0027212948199592 9.2691609273598736
1.0275931841174699 0.0020778181975002 9.2691621425778354
1.0296710023149702 0.0012115748052059 9.2691638767956714
1.0308825771201762 0.0008225314223744 9.2691648145959515
1.0317051085425506 0.0007471054262723 9.2691654413599949
1.0324522139688228 0.0008808842533337 9.2691663768642361
1.0333330982221565 0.0006494617841663 9.2691698918262482
1.0339825600063228 0.0004882451883365 9.2691726916585360
1.0344708051946594 0.0003813455882435 9.2691726415015463
1.0348521507829029 0.0003187354061408 9.2691658814543860
1.0351708861890436 0.0002970061351322 9.2691484333133758
1.0354678923241758 0.0003062983243792 9.2691282149497969
1.0357741906485549 0.0002995505057696 9.2691383925299977
1.0360737411543246 0.0003033087070276 9.2691590798916526
1.0363770498613523 0.0003393745543977 9.2691675630505230
1.0367164244157501 0.0004024009763568 9.2691697945396019
1.0371188253921069 0.0004926346296562 9.2691694616259035
1.0376114600217632 0.0006133260265685 9.2691681512724156
1.0382247860483316 0.0007695156359848 9.2691665650414290
1.0389943016843164 0.0009683885142938 9.2691650219068809
1.0399626901986101 0.0012171815164227 9.2691636612742219
1.0411798717150329 0.0012163577635985 9.2691625445076617
1.0423962294786313 0.0012608773790226 9.2691620713344207
1.0436571068576539 0.0014626692120909 9.2691618221496253
1.0451197760697448 0.0017481870228206 9.2691616225333568
1.0468679630925655 0.0020922534546278 9.2691613839739286
1.0489602165471932 0.0025120719285612 9.2691607204783804
1.0514722884757544 0.0027251318023780 9.2691583878814221
1.0541974202781323 0.0027654620631389 9.2691573752587111
1.0569628823412713 0.0024614386933781 9.2691598607469388
1.0594243210346495 0.0025018091209681 9.2691608900592311
1.0619261301556175 0.0027276671763297 9.2691611390285189
1.0646537973319472 0.0029460378309755 9.2691610285088260
1.0675998351629228 0.0032504656575614 9.2691611878764153
1.0708503008204842 0.0033438656758261 9.2691620178927305
1.0741941664963102 0.0027945965027034 9.2691627840795636
1.0769887629990136 0.0021032845797976 9.2691630997427161
1.0790920475788111 0.0015134143712943 9.2691630154516016
1.0806054619501053 0.0014978932138149 9.2691626220252026
1.0821033551639203 0.0017775273566967 9.2691612829392440
1.0838808825206170 0.0018668556272369 9.2691564988272894
1.0857477381478540 0.0019186343784246 9.2691553573157126
1.0876663725262785 0.0018142065364268 9.2691612989245620
1.0894805790627053 0.0018008167581889 9.2691636733001666
1.0912813958208942 0.0010978704792007 9.2691639734403246
1.0923792663000951 0.0007092712751988 9.2691639265652697
1.0930885375752939 0.0005722499576281 9.2691639089134625
1.0936607875329221 0.0006066042279683 9.2691638995630008
1.0942673917608903 0.0007784188475742 9.2691638893779871
1.0950458106084644 0.0011096169445933 9.2691638721818617
1.0961554275530576 0.0016741408758829 9.2691638462813426
1.0978295684289405 0.0026147470852657 9.2691639010570039
1.1004443155142063 0.0030627883970365 9.2691648028353431
1.1035071039112427 0.0020916099376634 9.2691665069731943
1.1055987138489061 0.0014702449582723 9.2691668316790317
1.1070689588071785 0.0015512444018121 9.2691668424054008
1.1086202032089907 0.0021065689996620 9.2691666629387424
1.1107267722086527 0.0023662908095164 9.2691651092718104
1.1130930630181690 0.0021924404018570 9.2691612353618176
1.1152855034200260 0.0020108260940952 9.2691613754382409
1.1172963295141212 0.0015322173376553 9.2691629013912031
1.1188285468517765 0.0014796177014259 9.2691626078042706
1.1203081645532023 0.0016320400713987 9.2691623882909351
1.1219402046246010 0.0015984174299635 9.2691630542656611
1.1235386220545645 0.0013910272410952 9.2691602751620543
1.1249296492956598 0.0012170222057269 9.2691508462621126
1.1261466715013866 0.0011521549627629 9.2691457090155414
1.1272988264641495 0.0010836472387036 9.2691510992119213
1.1283824737028532 0.0011403394410681 9.2691559847956349
1.1295228131439212 0.0013519336416924 9.2691582228133189
1.1308747467856137 0.0011732468318420 9.2691589887480621
1.1320479936174557 0.0008308829970081 9.2691590097442855
1.1328788766144637 0.0008127997619544 9.2691590029348152
1.1336916763764182 0.0009658527239783 9.2691590093381180
1.1346575291003966 0.0012486999412937 9.2691590586342230
1.1359062290416904 0.0014805880876666 9.2691592864940375
1.1373868171293571 0.0012819269002198 9.2691598271063818
1.1386687440295769 0.0011534849458944 9.2691596828830338
1.1398222289754711 0.0011448264433690 9.2691576896857093
1.1409670554188400 0.0012831902173660 9.2691538354563683
1.1422502456362060 0.0008996046627874 9.2691559275085318
1.1431498502989934 0.0007574570638401 9.2691572946751766
1.1439073073628334 0.0008401373767179 9.2691573215864143
1.1447474447395514 0.0010889798159635 9.2691565457939173
1.1458364245555148 0.0014403660739153 9.2691542402782758
1.1472767906294301 0.0016343854318232 9.2691538777465095
1.1489111760612534 0.0015967391585665 9.2691605098298098
1.1505079152198199 0.0017342137729599 9.2691636608691255
1.1522421289927798 0.0020218478095940 9.2691644192960219
1.1542639768023739 0.0024534235588773 9.2691643839408613
1.1567174003612513 0.0030563659522735 9.2691643861714930
1.1597737663135248 0.0021529658228564 9.2691644435837262
1.1619267321363813 0.0014055155828189 9.2691643419328358
1.1633322477192003 0.0012384198044086 9.2691642880854204
1.1645706675236089 0.0014259293407021 9.2691642388754847
1.1659965968643111 0.0019502617722020 9.2691641487158876
1.1679468586365132 0.0029810043642144 9.2691639153576819
1.1709278630007276 0.0036136691203802 9.2691636271843514
1.1745415321211077 0.0033408643955952 9.2691647264989623
1.1778823965167029 0.0030798577102866 9.2691654817070415
1.1809622542269895 0.0031545504277346 9.2691655974819689
1.1841168046547241 0.0038627215059598 9.2691651841505536
1.1879795261606838 0.0035045538563269 9.2691634708604393
1.1914840800170108 0.0034693960798155 9.2691633528624475
1.1949534760968263 0.0041311211248412 9.2691645983602271
1.1990845972216675 0.0040597074372829 9.2691655696462085
1.2031443046589503 0.0026797769129399 9.2691654944683659
1.2058240815718901 0.0020886129196389 9.2691657942426744
1.2079126944915290 0.0019451348586893 9.2691660818997921
1.2098578293502185 0.0018293571734459 9.2691663715005284
1.2116871865236643 0.0016620189505479 9.2691666439021603
1.2133492054742121 0.0014808561538850 9.2691668198246475
1.2148300616280971 0.0013566858009761 9.2691665745672651
1.2161867474290733 0.0013735728653753 9.2691651817527294
1.2175603202944485 0.0015573848410508 9.2691628354606106
1.2191177051354993 0.0014326513390913 9.2691652428839664
1.2205503564745905 0.0013798118217512 9.2691675981677708
1.2219301682963417 0.0014892696031591 9.2691681705832263
1.2234194378995007 0.0016778316325150 9.2691681848207850
1.2250972695320157 0.0014982422471546 9.2691666669708450
1.2265955117791703 0.0013265149722061 9.2691612184039265
1.2279220267513764 0.0013075208610145 9.2691520122413387
1.2292295476123909 0.0013435702301766 9.2691473884372009
1.2305731178425674 0.0013070538756013 9.2691562929672138
1.2318801717181687 0.0013790917380122 9.2691632068911503
1.2332592634561808 0.0015685477885445 9.2691658450077696
1.2348278112447253 0.0018493757084019 9.2691663691241768
1.2366771869531272 0.0022061214059863 9.2691659183880049
1.2388833083591135 0.0026166466609509 9.2691651038467935
1.2414999550200645 0.0030374179802890 9.2691643631215506
1.2445373730003535 0.0033924459211933 9.2691639824009258
1.2479298189215469 0.0035749588448035 9.2691638281509245
1.2515047777663504 0.0034787055852587 9.2691630488282684
1.2549834833516091 0.0030650941154164 9.2691610691380291
1.2580485774670256 0.0024263442880112 9.2691598930519703
1.2604749217550368 0.0017662651133396 9.2691600455269434
1.2622411868683765 0.0012870333912956 9.2691602850188399
1.2635282202596720 0.0010860172098985 9.2691603895584986
1.2646142374695706 0.0011592275336468 9.2691604463989421
1.2657734650032173 0.0015076350944647 9.2691605029834090
1.2672811000976820 0.0022330132888452 9.2691605918382045
1.2695141133865273 0.0031338287954925 9.2691607474354782
1.2726479421820198 0.0029899716831495 9.2691608257368223
1.2756379138651692 0.0032121952219145 9.2691606188272644
1.2788501090870839 0.0021440935275224 9.2691605310682696
1.2809942026146062 0.0009478936633588 9.2691607772025026
1.2819420962779651 0.0006038765396612 9.2691608103244469
1.2825459728176263 0.0005450464857680 9.2691608195149779
1.2830910193033942 0.0006308199685319 9.2691608263096956
1.2837218392719261 0.0008320496310535 9.2691608365563667
1.2845538889029795 0.0011647221085758 9.2691608584328709
1.2857186110115553 0.0016750571409619 9.2691609101423218
1.2873936681525171 0.0024592435154176 9.2691610279128298
1.2898529116679347 0.0035133974810346 9.2691612897163278
1.2933663091489693 0.0028469472562036 9.2691621070966423
1.2962132564051729 0.0022374238522169 9.2691630211934211
1.2984506802573899 0.0017466789088546 9.2691637070773183
1.3001973591662443 0.0013948254344022 9.2691631485518631
1.3015921846006466 0.0011827485171524 9.2691596066478077
1.3027749331177989 0.0011117743830154 9.2691515997596312
1.3038867075008143 0.0011428997704195 9.2691434227172103
1.3050296072712337 0.0011215928514657 9.2691485236442741
1.3061512001226994 0.0011470939895200 9.2691572163566693
1.3072982941122193 0.0012869300456753 9.2691609363106515
1.3085852241578946 0.0015216515841777 9.2691620205485190
1.3101068757420722 0.0018470239220503 9.2691619823501501
1.3119538996641225 0.0022651763088380 9.2691614953312236
1.3142190759729604 0.0027700386906505 9.2691608583137164
1.3169891146636110 0.0016555266323481 9.2691602069075465
1.3186446412959592 0.0008959233047742 9.2691601179716354
1.3195405646007334 0.0007963973232741 9.2691601059066233
1.3203369619240075 0.0009117458890887 9.2691600978035158
1.3212487078130961 0.0011615321008109 9.2691600856505740
1.3224102399139070 0.0015295594956985 9.2691600593558316
1.3239397994096056 0.0020229056915781 9.2691599935684010
1.3259627051011837 0.0026965348370623 9.2691598312103505
1.3286592399382460 0.0036328370155655 9.2691595765195078
1.3322920769538114 0.0042582067623547 9.2691602152208503
1.3365502837161660 0.0037853878702838 9.2691621241080338
1.3403356715864498 0.0031163502994587 9.2691628544603510
1.3434520218859085 0.0027367827293251 9.2691631542298314
1.3461888046152337 0.0029212401736683 9.2691634005340191
1.3491100447889020 0.0030132192033390 9.2691637649469900
1.3521232639922409 0.0025593029593450 9.2691639620322785
1.3546825669515861 0.0026217089505564 9.2691634629324984
1.3573042759021425 0.0023331578702732 9.2691615238311371
1.3596374337724157 0.0022299639683632 9.2691595188496407
1.3618673977407789 0.0016442037214315 9.2691600683357969
1.3635116014622104 0.0012397731364364 9.2691600621435626
1.3647513745986468 0.0009843007046030 9.2691560254218004
1.3657356753032497 0.0008520516764793 9.2691462207819377
1.3665877269797291 0.0008195813097893 9.2691325967358402
1.3674073082895184 0.0008220962081840 9.2691282932426180
1.3682294044977024 0.0008240123360640 9.2691398291064484
1.3690534168337662 0.0008946896713170 9.2691495635518564
1.3699481065050834 0.0010430798225371 9.2691542398736733
1.3709911863276205 0.0012702541180253 9.2691561279709216
1.3722614404456459 0.0015880943581123 9.2691568321969449
1.3738495348037583 0.0013455000677058 9.2691578675699411
1.3751950348714641 0.0010545880729495 9.2691598266744215
1.3762496229444137 0.0008039400361532 9.2691628372463928
1.3770535629805669 0.0005975776991889 9.2691670982534831
1.3776511406797558 0.0004374128184204 9.2691726760797000
1.3780885534981762 0.0003184891573621 9.2691793354644538
1.3784070426555384 0.0002331550062868 9.2691861404293139
1.3786401976618252 0.0001740000440510 9.2691906841518286
1.3788141977058763 0.0001350720424161 9.2691879198808813
1.3789492697482924 0.0001125302723397 9.2691694856176987
1.3790618000206321 0.0001045476923010 9.2691286857550867
1.3791663477129330 0.0001067232786986 9.2690872026591133
1.3792730709916317 0.0001048012319667 9.2691108262999098
1.3793778722235983 0.0001075570520662 9.2691542538424141
1.3794854292756644 0.0001212129419416 9.2691737197794222
1.3796066422176061 0.0001444910507893 9.2691798192467445
1.3797511332683954 0.0001777641131558 9.2691800710780328
1.3799288973815511 0.0002227132647163 9.2691779231075966
1.3801516106462675 0.0002817638931956 9.2691749522723974
1.3804333745394630 0.0003582230624791 9.2691718880702911
1.3807915976019420 0.0004560905417456 9.2691690528173485
1.3812476881436877 0.0005799863645950 9.2691665705959991
1.3818276745082827 0.0007348891707473 9.2691644693663946
1.3825625636790300 0.0009254966250516 9.2691627323523900
1.3834880603040816 0.0011550890609907 9.2691613242060562
1.3846431493650722 0.0014244822331883 9.2691602035618956
1.3860676315982605 0.0017345207360506 9.2691593268611143
1.3878021523343111 0.0017193907141011 9.2691586447881740
1.3895215430484122 0.0019605930072032 9.2691583242215465
1.3914821360556155 0.0022976128339209 9.2691580644474705
1.3937797488895365 0.0025668546968980 9.2691578290531549
1.3963466035864345 0.0026554415184489 9.2691576536250153
1.3990020451048835 0.0025592442932082 9.2691575682318756
1.4015612893980918 0.0019750930267948 9.2691573921437005
1.4035363824248865 0.0013605344926626 9.2691568678465952
1.4048969169175491 0.0013650114222897 9.2691563893308029
1.4062619283398388 0.0017189885261673 9.2691556057512479
1.4079809168660060 0.0024447568917861 9.2691544625289399
1.4104256737577923 0.0021961242948498 9.2691582323116446
1.4126217980526421 0.0018545512568002 9.2691610444845391
1.4144763493094423 0.0017474786549339 9.2691599525378869
1.4162238279643762 0.0018699799872567 9.2691566656982278
1.4180938079516330 0.0017932719307660 9.2691571638649659
1.4198870798823990 0.0016980261488030 9.2691605054027555
1.4215851060312021 0.0019049382942626 9.2691614422192430
1.4234900443254648 0.0022729830722294 9.2691615192955474
1.4257630273976942 0.0018120356470424 9.2691617354928102
1.4275750630447366 0.0015902565535569 9.2691621359934828
1.4291653195982934 0.0014128733841993 9.2691625774746100
1.4305781929824926 0.0012555311620202 9.2691629480424851
1.4318337241445127 0.0011402530479520 9.2691628925818428
1.4329739771924648 0.0011122770794476 9.2691615551103599
1.4340862542719124 0.0012278558201001 9.2691582099890280
1.4353141100920124 0.0012583152929145 9.2691576715439030
1.4365724253849268 0.0011622199488632 9.2691621367713317
1.4377346453337900 0.0012543929172837 9.2691632290538113
1.4389890382510737 0.0014313880480280 9.2691630409060988
1.4404204262991018 0.0016820965913254 9.2691625369791382
1.4421025228904272 0.0020185648067705 9.2691621816841270
1.4441210876971977 0.0025087103922803 9.2691622113733096
1.4466297980894780 0.0029831334816707 9.2691624514314999
1.4496129315711488 0.0032024144753218 9.2691619520404895
1.4528153460464706 0.0027576608096045 9.2691617084440558
1.4555730068560750 0.0030626136569495 9.2691627564192913
1.4586356205130246 0.0029548110117821 9.2691639173007037
1.4615904315248067 0.0029419669498195 9.2691643300403399
1.4645323984746261 0.0032001320227261 9.2691644056385538
1.4677325304973521 0.0033281923933353 9.2691644223961980
1.4710607228906873 0.0030285373180432 9.2691646605892473
1.4740892602087305 0.0025576523717811 9.2691649728374372
1.4766469125805117 0.0022195592431092 9.2691651294121211
1.4788664718236209 0.0020396212272795 9.2691650576758686
1.4809060930509004 0.0020264906610359 9.2691645328348606
1.4829325837119363 0.0022428505509220 9.2691632833404256
1.4851754342628583 0.0024042538130453 9.2691627462245840
1.4875796880759036 0.0022483700283519 9.2691649626934662
1.4898280581042556 0.0024661812870955 9.2691659502498869
1.4922942393913510 0.0017667910661550 9.2691662588637840
1.4940610304575059 0.0013328935825719 9.2691663365612182
1.4953939240400778 0.0013573767756895 9.2691664009379870
1.4967513008157671 0.0014475453432413 9.2691665244612018
1.4981988461590083 0.0014740644110411 9.2691667867748837
1.4996729105700495 0.0011524377586786 9.2691672451744616
1.5008253483287279 0.0012206952851744 9.2691675205765840
1.5020460436139023 0.0011509915602997 9.2691675142857619
1.5031970351742019 0.0010632179390892 9.2691655281795029
1.5042602531132911 0.0010919344471673 9.2691598263026567
1.5053521875604585 0.0011570824697939 9.2691552737991696
1.5065092700302525 0.0010646705416029 9.2691630869953858
1.5075739405718553 0.0010861555232452 9.2691673401235732
1.5086600960951004 0.0012022039294614 9.2691682647322811
1.5098623000245619 0.0013701623482933 9.2691680971342620
1.5112324623728552 0.0015606205421230 9.2691676358759256
1.5127930829149783 0.0017357807348321 9.2691671932718744
1.5145288636498104 0.0018427135602584 9.2691669009314825
1.5163715772100688 0.0018271412098667 9.2691667884655438
1.5181987184199355 0.0016802237326411 9.2691668018944195
1.5198789421525767 0.0014988059171737 9.2691668500669504
1.5213777480697503 0.0014756102648975 9.2691668737089348
1.5228533583346480 0.0018056178167899 9.2691668340144204
1.5246589761514380 0.0023994701498550 9.2691664190489913
1.5270584463012928 0.0024925379641622 9.2691636430865962
1.5295509842654551 0.0026532342205859 9.2691618336107933
1.5322042184860409 0.0015997558935144 9.2691663677050791
1.5338039743795553 0.0014027966024618 9.2691671538097697
1.5352067709820170 0.0016357202809714 9.2691673124974425
1.5368424912629883 0.0016995547957523 9.2691665899072380
1.5385420460587407 0.0018353139898497 9.2691640318230792
1.5403773600485904 0.0018674113003866 9.2691633612590696
1.5422447713489771 0.0016682644459331 9.2691666409028031
1.5439130357949102 0.0017120723478507 9.2691675106623794
1.5456251081427610 0.0018858305743405 9.2691674726517057
1.5475109387171015 0.0021458832042363 9.2691671530516349
1.5496568219213378 0.0025037305387037 9.2691667440143135
1.5521605524600415 0.0030495408186416 9.2691665404251555
1.5552100932786830 0.0031242901282740 9.2691674742384969
1.5583343834069570 0.0026794106876072 9.2691689681170661
1.5610137940945641 0.0022831234906002 9.2691698695664080
1.5632969175851643 0.0019792780759949 9.2691701129372781
1.5652761956611592 0.0018310363889768 9.2691686313975605
1.5671072320501360 0.0019195526139277 9.2691640286656227
1.5690267846640638 0.0020185867278783 9.2691595352872795
1.5710453713919421 0.0018240638530563 9.2691643914315378
1.5728694352449983 0.0018707515655321 9.2691684356147999
1.5747401868105304 0.0020695436744031 9.2691701131326489
1.5768097304849336 0.0023199752753941 9.2691703059625699
1.5791297057603277 0.0026145035728617 9.2691697668016086
1.5817442093331895 0.0029733466526837 9.2691686137198825
1.5847175559858733 0.0028444073717356 9.2691659620383966
1.5875619633576088 0.0024074210865095 9.2691651139501801
1.5899693844441183 0.0019709032245415 9.2691671028664882
1.5919402876686599 0.0016100108953413 9.2691680247289696
1.5935502985640013 0.0013687876866253 9.2691664973314492
1.5949190862506266 0.0012694398305480 9.2691613273606510
1.5961885260811746 0.0013155056824473 9.2691539988609826
1.5975040317636220 0.0012847203480302 9.2691561877971012
1.5987887521116522 0.0012520603686317 9.2691639160116637
1.6000408124802838 0.0013570324795616 9.2691669670349341
1.6013978449598454 0.0015568119546207 9.2691677651960376
1.6029546569144661 0.0018316625369704 9.2691676744681981
1.6047863194514367 0.0021741979658409 9.2691672144518744
1.6069605174172776 0.0025824747368292 9.2691665633217202
1.6095429921541069 0.0027230030884891 9.2691656122379857
1.6122659952425960 0.0029462371959663 9.2691644033128178
1.6152122324385623 0.0031923908596447 9.2691637005114522
1.6184046232982070 0.0028615049900473 9.2691647670623247
1.6212661282882543 0.0028096222670782 9.2691652982178052
1.6240757505553325 0.0031005817412386 9.2691653056095511
1.6271763322965711 0.0032428503457519 9.2691651160716013
1.6304191826423229 0.0026334726069344 9.2691651877753962
1.6330526552492572 0.0025908472575602 9.2691655505167816
1.6356435025068174 0.0024333012324480 9.2691661069084059
1.6380768037392655 0.0020945778383906 9.2691662489363864
1.6401713815776560 0.0019177119356624 9.2691647285429752
1.6420890935133183 0.0019598050990597 9.2691605276721862
1.6440488986123780 0.0020281950838717 9.2691579985663051
1.6460770936962497 0.0018489009211733 9.2691629063792806
1.6479259946174230 0.0018883414913865 9.2691649991739862
1.6498143361088093 0.0020747598203332 9.2691653286383513
1.6518890959291426 0.0023360678246598 9.2691651353957969
1.6542251637538024 0.0026279789686239 9.2691654384156958
1.6568531427224262 0.0019724167292642 9.2691688048617635
1.6588255594516903 0.0013541863808453 9.2691729421513696
1.6601797458325356 0.0009191299955191 9.2691776888442714
1.6610988758280547 0.0006215956356732 9.2691833158878314
1.6617204714637279 0.0004222231007744 9.2691894015907579
1.6621426945645024 0.0002906752198151 9.2691946652822033
1.6624333697843174 0.0002054021367392 9.2691963714997545
1.6626387719210567 0.0001512769673543 9.2691895027717806
1.6627900488884109 0.0001187123460134 9.2691663953842038
1.6629087612344242 0.0001021232129191 9.2691202393570880
1.6630108844473432 0.0000976863328889 9.2690616785024780
1.6631085707802322 0.0000978109457023 9.2690447513362937
1.6632063817259346 0.0000989383758348 9.2690922443280499
1.6633053201017693 0.0001081766085746 9.2691348357632464
1.6634134967103440 0.0001268992614954 9.2691567512686373
1.6635403959718393 0.0001557387818851 9.2691661538104295
1.6636961347537245 0.0001966952918604 9.2691691145759130
1.6638928300455849 0.0002531001893648 9.2691689114443907
1.6641459302349497 0.0003296836672079 9.2691672565373846
1.6644756139021577 0.0004327905703167 9.2691650419115561
1.6649084044724745 0.0005706684940155 9.2691627260642306
1.6654790729664899 0.0007537419600170 9.2691605339558052
1.6662328149265069 0.0009947386324179 9.2691585612632075
1.6672275535589247 0.0013084327583924 9.2691568226087586
1.6685359863173170 0.0017106207830839 9.2691552439622260
1.6702466071004010 0.0019389917828943 9.2691535821070179
1.6721855988832952 0.0013472307091888 9.2691523256435122
1.6735328295924841 0.0012890910650067 9.2691522551660590
1.6748219206574908 0.0014885453922476 9.2691524172114406
1.6763104660497385 0.0018548895559088 9.2691528073730733
1.6781653556056473 0.0023458726457989 9.2691533917247835
1.6805112282514463 0.0029663311511071 9.2691537529303236
1.6834775594025535 0.0036658590553389 9.2691529281494880
1.6871434184578924 0.0032796214386360 9.2691510086531252
1.6904230398965283 0.0024250363720618 9.2691521513127881
1.6928480762685900 0.0023569606804597 9.2691528328668245
1.6952050369490497 0.0020019528972132 9.2691532024806094
1.6972069898462629 0.0020242804780976 9.2691532337855662
1.6992312703243606 0.0024732509473464 9.2691528149853823
1.7017045212717070 0.0023748056951261 9.2691495803114705
1.7040793269668331 0.0025079560137554 9.2691453946588744
1.7065872829805886 0.0023685810166355 9.2691475482344039
1.7089558639972242 0.0023370604568325 9.2691488827878548
1.7112929244540567 0.0025477236224698 9.2691469364290029
1.7138406480765265 0.0016200559319995 9.2691486542607056
1.7154607040085259 0.0007172440487076 9.2691497131161302
1.7161779480572334 0.0004647607125747 9.2691497844086950
1.7166427087698082 0.0004217974877737 9.2691497997092789
1.7170645062575818 0.0004818430920845 9.2691498089192841
1.7175463493496663 0.0006197098416023 9.2691498195452056
1.7181660591912686 0.0008382363124469 9.2691498351177817
1.7190042955037155 0.0011538148634096 9.2691498549899016
1.7201581103671251 0.0016016168979272 9.2691498596737034
1.7217597272650522 0.0022519198786635 9.2691497898342092
1.7240116471437157 0.0021612345222295 9.2691497431687235
1.7261728816659452 0.0017626578857421 9.2691500614623585
1.7279355395516873 0.0018365795496728 9.2691502651966715
1.7297721191013602 0.0021149167194059 9.2691503550563432
1.7318870358207661 0.0015847815732548 9.2691496775299456
1.7334718173940209 0.0012241128512365 9.2691474940166589
1.7346959302452574 0.0010042575847932 9.2691422021602357
1.7357001878300506 0.0009076614878687 9.2691320442687548
1.7366078493179193 0.0009076241439038 9.2691205870126119
1.7375154734618230 0.0009057742002099 9.2691225517102325
1.7384212476620329 0.0009205514063082 9.2691344055177503
1.7393417990683411 0.0010222971542765 9.2691413918413303
1.7403640962226175 0.0012061690386217 9.2691444185064107
1.7415702652612393 0.0014713666168715 9.2691451813306198
1.7430416318781108 0.0016135538728130 9.2691428573282089
1.7446551857509238 0.0017330870894576 9.2691399620497137
1.7463882728403815 0.0015412264965978 9.2691447451766695
1.7479294993369794 0.0015353338065323 9.2691468500278518
1.7494648331435116 0.0016583060471297 9.2691470726251435
1.7511231391906414 0.0018305385234093 9.2691467264628677
1.7529536777140506 0.0020006429798907 9.2691461898602903
1.7549543206939413 0.0021171202999826 9.2691456613896381
1.7570714409939239 0.0021350606514494 9.2691454979946215
1.7592065016453733 0.0018449300583696 9.2691460701234796
1.7610514317037429 0.0014720633949013 9.2691467246928916
1.7625234950986441 0.0012853301919126 9.2691461725732971
1.7638088252905568 0.0012889217360890 9.2691433811826194
1.7650977470266458 0.0014117603330425 9.2691400024632156
1.7665095073596881 0.0012698108732852 9.2691443675141496
1.7677793182329733 0.0012514052185951 9.2691470809493683
1.7690307234515685 0.0013686150869788 9.2691475681135707
1.7703993385385475 0.0015663700936508 9.2691474433931500
1.7719657086321983 0.0018357010078963 9.2691472253239766
1.7738014096400947 0.0021997690086825 9.2691471723288501
1.7760011786487773 0.0018871465693621 9.2691476157538659
1.7778883252181394 0.0013722996005882 9.2691474988723623
1.7792606248187277 0.0010349732820028 9.2691446511169406
1.7802955981007305 0.0008313128472037 9.2691368062257915
1.7811269109479342 0.0007377370321933 9.2691229830347659
1.7818646479801274 0.0007221537373081 9.2691089889698066
1.7825868017174356 0.0007213370961009 9.2691105650532393
1.7833081388135363 0.0007430351349103 9.2691241113212417
1.7840511739484466 0.0008306496847451 9.2691335305481370
1.7848818236331916 0.0009883755332134 9.2691381412272627
1.7858701991664050 0.0012243385281896 9.2691400634185115
1.7870945376945946 0.0015563878982584 9.2691406419490985
1.7886509255928529 0.0013827802920727 9.2691404245051814
1.7900337058849256 0.0012696225143050 9.2691391511756276
1.7913033283992306 0.0012798494685170 9.2691354814861207
1.7925831778677477 0.0014062209571609 9.2691306193892284
1.7939893988249085 0.0013348059028866 9.2691346589068893
1.7953242047277951 0.0013252310778390 9.2691389958317352
1.7966494358056340 0.0014429824459727 9.2691400129844101
1.7980924182516067 0.0016334440836610 9.2691402485669290
1.7997258623352677 0.0018533907919459 9.2691406193259507
1.8015792531272135 0.0020583848469533 9.2691410984813167
1.8036376379741668 0.0020820766200326 9.2691414487539276
1.8057197145941994 0.0020459337260506 9.2691415324757802
1.8077656483202500 0.0019942882556653 9.2691413418054154
1.8097599365759154 0.0019788195241176 9.2691408545021901
1.8117387561000329 0.0021438941688136 9.2691402840004642
1.8138826502688465 0.0023759318954342 9.2691404396216530
1.8162585821642807 0.0017993953112663 9.2691424525637167
1.8180579774755470 0.0014353772017721 9.2691434823419225
1.8194933546773191 0.0012320045260881 9.2691428265647868
1.8207253592034072 0.0011934502435161 9.2691391647996753
1.8219188094469232 0.0011423710487751 9.2691337667541518
1.8230611804956982 0.0011410775339620 9.2691361888701707
1.8242022580296602 0.0011881368608170 9.2691407444870819
1.8253903948904773 0.0012928763375275 9.2691423539550097
1.8266832712280048 0.0011317302893384 9.2691423860205813
1.8278150015173431 0.0008878507248125 9.2691421922949857
1.8287028522421556 0.0009327435679831 9.2691421105576044
1.8296355958101387 0.0010340034584428 9.2691420416991317
1.8306695992685815 0.0011621902182666 9.2691419840225517
1.8318317894868481 0.0014427074180592 9.2691419517781419
1.8332744969049073 0.0017089596692396 9.2691419932386125
1.8349834565741470 0.0018093532914974 9.2691422859017862
1.8367928098656443 0.0017544641407283 9.2691430201378964
1.8385472740063726 0.0014823252776660 9.2691441381513062
1.8400295992840385 0.0012556778835567 9.2691446452605906
1.8412852771675952 0.0011176337977105 9.2691430964161636
1.8424029109653057 0.0011107184442508 9.2691376103953989
1.8435136294095564 0.0011975584683913 9.2691307156227758
1.8447111878779476 0.0011070446251052 9.2691359656786272
1.8458182325030528 0.0011037228995060 9.2691417720424329
1.8469219554025589 0.0012122889805074 9.2691441379227300
1.8481342443830662 0.0013837474493197 9.2691447963400613
1.8495179918323859 0.0015910829349897 9.2691444412410000
1.8511090747673755 0.0015086448083199 9.2691435548868419
1.8526177195756954 0.0016233438577085 9.2691429970295225
1.8542410634334039 0.0018756364492565 9.2691427486483278
1.8561166998826604 0.0018055014383833 9.2691429614169820
1.8579222013210437 0.0016390028366470 9.2691432012502659
1.8595612041576908 0.0014805105322620 9.2691431057121711
1.8610417146899527 0.0014592754821285 9.2691427236457624
1.8625009901720813 0.0012965740907119 9.2691423492423599
1.8637975642627931 0.0011451156542387 9.2691432333415040
1.8649426799170317 0.0008445084583570 9.2691467237876974
1.8657871883753887 0.0006139304424981 9.2691514589710522
1.8664011188178868 0.0004443427416017 9.2691568450271156
1.8668454615594885 0.0003238311245197 9.2691619359564736
1.8671692926840082 0.0002412397441608 9.2691644579840240
1.8674105324281689 0.0001876659940307 9.2691598685133858
1.8675981984221997 0.0001574799273645 9.2691412735528314
1.8677556783495641 0.0001477017006832 9.2691051714735746
1.8679033800502474 0.0001502564879468 9.2690751656062460
1.8680536365381941 0.0001476667265695 9.2690998049429627
1.8682013032647635 0.0001539896288013 9.2691333746177964
1.8683552928935647 0.0001752799081925 9.2691485906776130
1.8685305728017572 0.0002102959758329 9.2691536203044365
1.8687408687775899 0.0002600581627330 9.2691540535232715
1.8690009269403229 0.0003273685829200 9.2691525356083933
1.8693282955232431 0.0004164458553952 9.2691503098558492
1.8697447413786383 0.0005326835659952 9.2691479621679438
1.8702774249446334 0.0006818390755975 9.2691457618958637
1.8709592640202310 0.0008718077072735 9.2691438266867543
1.8718310717275046 0.0011110528512590 9.2691421828552620
1.8729421245787636 0.0008344045121660 9.2691408099312955
1.8737765290909296 0.0006229112148966 9.2691405299093237
1.8743994403058262 0.0005977378818360 9.2691404556799579
1.8749971781876622 0.0006989730104477 9.2691404085635032
1.8756961511981098 0.0009179363223611 9.2691403538318209
1.8766140875204709 0.0012801481035835 9.2691402683036515
1.8778942356240544 0.0018413872596081 9.2691401270981792
1.8797356228836626 0.0027016846135951 9.2691399416349274
1.8824373074972578 0.0021064262174242 9.2691398185751392
1.8845437337146820 0.0022307244332317 9.2691394360637549
1.8867744581479136 0.0023716603016647 9.2691374026048656
1.8891461184495784 0.0025684777339559 9.2691341277748283
1.8917145961835342 0.0023857870557778 9.2691372210111549
1.8941003832393120 0.0023615259564522 9.2691398260220979
1.8964619091957642 0.0026079140247464 9.2691401101481858
1.8990698232205105 0.0030413002435578 9.2691394469073902
1.9021111234640684 0.0035566737178180 9.2691384223789015
1.9056677971818863 0.0037925257515265 9.2691384998310085
1.9094603229334128 0.0030006486844885 9.2691393568240663
1.9124609716179013 0.0029672740168430 9.2691385820040537
1.9154282456347442 0.0030837030580598 9.2691377212065635
1.9185119486928039 0.0026829796314168 9.2691389346540056
1.9211949283242207 0.0025380158413610 9.2691398267399432
1.9237329441655817 0.0021783296763710 9.2691405990177369
1.9259112738419526 0.0017096059099343 9.2691416293498126
1.9276208797518870 0.0013573522418799 9.2691428186820968
1.9289782319937669 0.0010886068787042 9.2691440754163601
1.9300668388724711 0.0008956671110007 9.2691449584413377
1.9309625059834719 0.0007806351458839 9.2691443720329794
1.9317431411293557 0.0007603946176010 9.2691404830129951
1.9325035357469567 0.0008352604834900 9.2691340154242372
1.9333387962304467 0.0007889522850223 9.2691382992129352
1.9341277485154689 0.0007658482777983 9.2691445126842229
1.9348935967932672 0.0008435559605984 9.2691458901108419
1.9357371527538656 0.0009880126797541 9.2691457151116108
1.9367251654336197 0.0011972067231437 9.2691450790372070
1.9379223721567633 0.0011707356012742 9.2691443558121147
1.9390931077580376 0.0009915909823162 9.2691440045135334
1.9400846987403537 0.0010985320099597 9.2691438898438676
1.9411832307503134 0.0013811176870479 9.2691438030604481
1.9425643484373614 0.0018093854768234 9.2691436993047311
1.9443737339141847 0.0017236122796579 9.2691433429927077
1.9460973461938427 0.0013659718194790 9.2691423898122718
1.9474633180133216 0.0014274201028372 9.2691414825306087
1.9488907381161589 0.0016629376000146 9.2691406207543867
1.9505536757161734 0.0019647243586032 9.2691411845878751
1.9525184000747766 0.0020680200852138 9.2691431716632913
1.9545864201599905 0.0022098206496851 9.2691429919416262
1.9567962408096755 0.0013329138756786 9.2691429010396220
1.9581291546853541 0.0010215574819862 9.2691433280435458
1.9591507121673404 0.0010495223775642 9.2691435112572567
1.9602002345449046 0.0012059099214977 9.2691436206548250
1.9614061444664024 0.0014107613662551 9.2691436447493913
1.9628169058326574 0.0015668434056847 9.2691435923353858
1.9643837492383420 0.0006192224451639 9.2691437840982545
1.9650029716835060 0.0003408528757473 9.2691438206550512
1.9653438245592534 0.0002618299236406 9.2691438289076515
1.9656056544828939 0.0002699960134240 9.2691438332877780
1.9658756504963180 0.0003321550901961 9.2691438387259861
1.9662078055865140 0.0004434744277271 9.2691438502319770
1.9666512800142411 0.0006085224682878 9.2691438820527470
1.9672598024825287 0.0008320619599990 9.2691439811774003
1.9680918644425278 0.0011106057631400 9.2691443029721974
1.9692024702056679 0.0011786017444400 9.2691453343001200
1.9703810719501078 0.0008931943166500 9.2691472017218928
1.9712742662667577 0.0006597032301498 9.2691496933893056
1.9719339694969076 0.0004787979526051 9.2691543379269579
1.9724127674495127 0.0003437757941666 9.2691612427997576
1.9727565432436793 0.0002458374073698 9.2691697905746633
1.9730023806510490 0.0001765574361236 9.2691787868111373
1.9731789380871727 0.0001288298608435 9.2691855023958567
1.9733077679480162 0.0000971458145504 9.2691842223211616
1.9734049137625667 0.0000776499072573 9.2691649936434235
1.9734825636698239 0.0000681101570012 9.2691165344393891
1.9735506738268251 0.0000668477968979 9.2690480679704201
1.9736175216237231 0.0000672333368009 9.2690342819165092
1.9736847549605241 0.0000670818560683 9.2690989690030818
1.9737518368165923 0.0000732335414085 9.2691428313872386
1.9738250703580007 0.0000858023565295 9.2691608570190454
1.9739108727145303 0.0001047605568578 9.2691660905428481
1.9740156332713881 0.0001310427744156 9.2691655423888264
1.9741466760458037 0.0001662893321883 9.2691625665781885
1.9743129653779921 0.0002127704874046 9.2691587764234562
1.9745257358653967 0.0002734279965830 9.2691549479139965
1.9747991638619797 0.0003519875217272 9.2691514486353803
1.9751511513837070 0.0004531393187666 9.2691484530316490
1.9756042907024736 0.0005822582386511 9.2691460435434756
1.9761865489411246 0.0007458318455382 9.2691442197222020
1.9769323807866628 0.0009519999784091 9.2691428306135943
1.9778843807650719 0.0012102838341855 9.2691416041731145
1.9790946645992573 0.0015322712312000 9.2691403895870987
1.9806269358304573 0.0013914576143235 9.2691394160020248
1.9820183934447808 0.0012028706454566 9.2691389559769277
1.9832212640902374 0.0011080783080073 9.2691370001279676
1.9843293423982447 0.0011541621630854 9.2691319021320915
1.9854835045613302 0.0012219461291782 9.2691289167544983
1.9867054506905084 0.0011199710450334 9.2691364550027622
1.9878254217355418 0.0011582680573006 9.2691393095293684
1.9889836897928423 0.0012996119183957 9.2691384777738381
1.9902833017112380 0.0013693314360055 9.2691342956125489
1.9916526331472435 0.0014473518106855 9.2691330447977869
1.9930999849579289 0.0014266204666564 9.2691380241177708
1.9945266054245854 0.0014740456466958 9.2691403736191251
1.9960006510712811 0.0016364234437976 9.2691406205565272
1.9976370745150787 0.0018587455140975 9.2691401473373691
1.9994958200291761 0.0020512640045647 9.2691390169390910
2.0015470840337408 0.0021569317574479 9.2691362376095388
