0.000000e+00 nan nan
1.500000e-17 4.352762e+22 1.894654e+45
3.000000e-17 4.345324e+22 1.888184e+45
4.500000e-17 4.332943e+22 1.877440e+45
6.000000e-17 4.315646e+22 1.862480e+45
7.500000e-17 4.293468e+22 1.843387e+45
9.000000e-17 4.266456e+22 1.820265e+45
1.050000e-16 4.234664e+22 1.793238e+45
1.200000e-16 4.198160e+22 1.762454e+45
1.350000e-16 4.157016e+22 1.728079e+45
1.500000e-16 4.111320e+22 1.690295e+45
1.650000e-16 4.061163e+22 1.649305e+45
1.800000e-16 4.006650e+22 1.605325e+45
1.950000e-16 3.947893e+22 1.558586e+45
2.100000e-16 3.885010e+22 1.509330e+45
2.250000e-16 3.818131e+22 1.457813e+45
2.400000e-16 3.747392e+22 1.404295e+45
2.550000e-16 3.672937e+22 1.349047e+45
2.700000e-16 3.594916e+22 1.292342e+45
2.850000e-16 3.513488e+22 1.234460e+45
3.000000e-16 3.428816e+22 1.175678e+45
3.150000e-16 3.341071e+22 1.116276e+45
3.300000e-16 3.250429e+22 1.056529e+45
3.450000e-16 3.157070e+22 9.967090e+44
3.600000e-16 3.061180e+22 9.370823e+44
3.750000e-16 2.962949e+22 8.779067e+44
3.900000e-16 2.862571e+22 8.194312e+44
4.050000e-16 2.760243e+22 7.618939e+44
4.200000e-16 2.656164e+22 7.055207e+44
4.350000e-16 2.550537e+22 6.505241e+44
4.500000e-16 2.443567e+22 5.971021e+44
4.650000e-16 2.335459e+22 5.454369e+44
4.800000e-16 2.226419e+22 4.956944e+44
4.950000e-16 2.116655e+22 4.480229e+44
5.100000e-16 2.006373e+22 4.025535e+44
5.250000e-16 1.895781e+22 3.593984e+44
5.400000e-16 1.785082e+22 3.186517e+44
5.550000e-16 1.674481e+22 2.803886e+44
5.700000e-16 1.564180e+22 2.446659e+44
5.850000e-16 1.454379e+22 2.115217e+44
6.000000e-16 1.345273e+22 1.809759e+44
6.150000e-16 1.237056e+22 1.530309e+44
6.300000e-16 1.129919e+22 1.276716e+44
6.450000e-16 1.024044e+22 1.048667e+44
6.600000e-16 9.196149e+21 8.456915e+43
6.750000e-16 8.168054e+21 6.671710e+43
6.900000e-16 7.157863e+21 5.123500e+43
7.050000e-16 6.167222e+21 3.803462e+43
7.200000e-16 5.197714e+21 2.701623e+43
7.350000e-16 4.250861e+21 1.806982e+43
7.500000e-16 3.328114e+21 1.107635e+43
7.650000e-16 2.430858e+21 5.909072e+42
7.800000e-16 1.560402e+21 2.434856e+42
7.950000e-16 7.179813e+20 5.154972e+41
8.100000e-16 -9.524805e+19 9.072192e+39
8.250000e-16 -8.782085e+20 7.712501e+41
8.400000e-16 -1.629904e+21 2.656588e+42
8.550000e-16 -2.349423e+21 5.519789e+42
8.700000e-16 -3.035937e+21 9.216916e+42
8.850000e-16 -3.688705e+21 1.360655e+43
9.000000e-16 -4.307071e+21 1.855086e+43
9.150000e-16 -4.890468e+21 2.391668e+43
9.300000e-16 -5.438416e+21 2.957636e+43
9.450000e-16 -5.950523e+21 3.540872e+43
9.600000e-16 -6.426487e+21 4.129973e+43
9.750000e-16 -6.866092e+21 4.714321e+43
9.900000e-16 -7.269210e+21 5.284142e+43
1.005000e-15 -7.635802e+21 5.830547e+43
1.020000e-15 -7.965912e+21 6.345575e+43
1.035000e-15 -8.259671e+21 6.822216e+43
1.050000e-15 -8.517293e+21 7.254428e+43
1.065000e-15 -8.739074e+21 7.637142e+43
1.080000e-15 -8.925391e+21 7.966261e+43
1.095000e-15 -9.076700e+21 8.238649e+43
1.110000e-15 -9.193532e+21 8.452103e+43
1.125000e-15 -9.276493e+21 8.605332e+43
1.140000e-15 -9.326260e+21 8.697913e+43
1.155000e-15 -9.343582e+21 8.730252e+43
1.170000e-15 -9.329269e+21 8.703527e+43
1.185000e-15 -9.284201e+21 8.619638e+43
1.200000e-15 -9.209313e+21 8.481144e+43
1.215000e-15 -9.105599e+21 8.291194e+43
1.230000e-15 -8.974109e+21 8.053464e+43
1.245000e-15 -8.815942e+21 7.772083e+43
1.260000e-15 -8.632242e+21 7.451560e+43
1.275000e-15 -8.424200e+21 7.096715e+43
1.290000e-15 -8.193045e+21 6.712599e+43
1.305000e-15 -7.940042e+21 6.304427e+43
1.320000e-15 -7.666490e+21 5.877506e+43
1.335000e-15 -7.373713e+21 5.437165e+43
1.350000e-15 -7.063064e+21 4.988687e+43
1.365000e-15 -6.735914e+21 4.537253e+43
1.380000e-15 -6.393651e+21 4.087877e+43
1.395000e-15 -6.037677e+21 3.645354e+43
1.410000e-15 -5.669403e+21 3.214213e+43
1.425000e-15 -5.290245e+21 2.798669e+43
1.440000e-15 -4.901620e+21 2.402588e+43
1.455000e-15 -4.504943e+21 2.029452e+43
1.470000e-15 -4.101624e+21 1.682332e+43
1.485000e-15 -3.693062e+21 1.363871e+43
1.500000e-15 -3.280644e+21 1.076262e+43
1.515000e-15 -2.865737e+21 8.212449e+42
1.530000e-15 -2.449692e+21 6.000991e+42
1.545000e-15 -2.033834e+21 4.136481e+42
1.560000e-15 -1.619462e+21 2.622656e+42
1.575000e-15 -1.207844e+21 1.458888e+42
1.590000e-15 -8.002174e+20 6.403478e+41
1.605000e-15 -3.977816e+20 1.582302e+41
1.620000e-15 -1.698827e+18 2.886014e+36
1.635000e-15 3.869100e+20 1.496993e+41
1.650000e-15 7.669673e+20 5.882389e+41
1.665000e-15 1.137441e+21 1.293773e+42
1.680000e-15 1.497348e+21 2.242051e+42
1.695000e-15 1.845753e+21 3.406805e+42
1.710000e-15 2.181774e+21 4.760140e+42
1.725000e-15 2.504582e+21 6.272930e+42
1.740000e-15 2.813401e+21 7.915223e+42
1.755000e-15 3.107512e+21 9.656632e+42
1.770000e-15 3.386255e+21 1.146672e+43
1.785000e-15 3.649024e+21 1.331538e+43
1.800000e-15 3.895275e+21 1.517317e+43
1.815000e-15 4.124523e+21 1.701169e+43
1.830000e-15 4.336341e+21 1.880385e+43
1.845000e-15 4.530363e+21 2.052419e+43
1.860000e-15 4.706284e+21 2.214911e+43
1.875000e-15 4.863856e+21 2.365710e+43
1.890000e-15 5.002896e+21 2.502896e+43
1.905000e-15 5.123274e+21 2.624793e+43
1.920000e-15 5.224923e+21 2.729982e+43
1.935000e-15 5.307832e+21 2.817308e+43
1.950000e-15 5.372048e+21 2.885890e+43
1.965000e-15 5.417673e+21 2.935119e+43
1.980000e-15 5.444866e+21 2.964656e+43
1.995000e-15 5.453835e+21 2.974432e+43
2.010000e-15 5.444844e+21 2.964633e+43
2.025000e-15 5.418206e+21 2.935696e+43
2.040000e-15 5.374283e+21 2.888292e+43
2.055000e-15 5.313482e+21 2.823309e+43
2.070000e-15 5.236257e+21 2.741839e+43
2.085000e-15 5.143104e+21 2.645152e+43
2.100000e-15 5.034560e+21 2.534680e+43
2.115000e-15 4.911200e+21 2.411988e+43
2.130000e-15 4.773634e+21 2.278758e+43
2.145000e-15 4.622509e+21 2.136759e+43
2.160000e-15 4.458500e+21 1.987823e+43
2.175000e-15 4.282314e+21 1.833821e+43
2.190000e-15 4.094681e+21 1.676641e+43
2.205000e-15 3.896357e+21 1.518160e+43
2.220000e-15 3.688120e+21 1.360223e+43
2.235000e-15 3.470763e+21 1.204620e+43
2.250000e-15 3.245099e+21 1.053067e+43
2.265000e-15 3.011951e+21 9.071848e+42
2.280000e-15 2.772155e+21 7.684841e+42
2.295000e-15 2.526553e+21 6.383470e+42
2.310000e-15 2.275994e+21 5.180149e+42
2.325000e-15 2.021329e+21 4.085772e+42
2.340000e-15 1.763410e+21 3.109614e+42
2.355000e-15 1.503084e+21 2.259262e+42
2.370000e-15 1.241197e+21 1.540570e+42
2.385000e-15 9.785845e+20 9.576276e+41
2.400000e-15 7.160742e+20 5.127622e+41
2.415000e-15 4.544810e+20 2.065530e+41
2.430000e-15 1.946059e+20 3.787146e+40
2.445000e-15 -6.276668e+19 3.939656e+39
2.460000e-15 -3.168708e+20 1.004071e+41
2.475000e-15 -5.669610e+20 3.214448e+41
2.490000e-15 -8.123143e+20 6.598546e+41
2.505000e-15 -1.052232e+21 1.107192e+42
2.520000e-15 -1.286041e+21 1.653903e+42
2.535000e-15 -1.513097e+21 2.289464e+42
2.550000e-15 -1.732784e+21 3.002541e+42
2.565000e-15 -1.944516e+21 3.781144e+42
2.580000e-15 -2.147740e+21 4.612789e+42
2.595000e-15 -2.341936e+21 5.484665e+42
2.610000e-15 -2.526617e+21 6.383794e+42
2.625000e-15 -2.701333e+21 7.297198e+42
2.640000e-15 -2.865668e+21 8.212051e+42
2.655000e-15 -3.019243e+21 9.115831e+42
2.670000e-15 -3.161719e+21 9.996470e+42
2.685000e-15 -3.292792e+21 1.084248e+43
2.700000e-15 -3.412197e+21 1.164309e+43
2.715000e-15 -3.519708e+21 1.238834e+43
2.730000e-15 -3.615136e+21 1.306921e+43
2.745000e-15 -3.698332e+21 1.367766e+43
2.760000e-15 -3.769187e+21 1.420677e+43
2.775000e-15 -3.827627e+21 1.465073e+43
2.790000e-15 -3.873618e+21 1.500492e+43
2.805000e-15 -3.907165e+21 1.526594e+43
2.820000e-15 -3.928307e+21 1.543160e+43
2.835000e-15 -3.937122e+21 1.550093e+43
2.850000e-15 -3.933724e+21 1.547418e+43
2.865000e-15 -3.918259e+21 1.535275e+43
2.880000e-15 -3.890910e+21 1.513918e+43
2.895000e-15 -3.851893e+21 1.483708e+43
2.910000e-15 -3.801454e+21 1.445105e+43
2.925000e-15 -3.739873e+21 1.398665e+43
2.940000e-15 -3.667456e+21 1.345023e+43
2.955000e-15 -3.584541e+21 1.284894e+43
2.970000e-15 -3.491491e+21 1.219051e+43
2.985000e-15 -3.388695e+21 1.148325e+43
3.000000e-15 -3.276566e+21 1.073589e+43
3.015000e-15 -3.155541e+21 9.957438e+42
3.030000e-15 -3.026076e+21 9.157134e+42
3.045000e-15 -2.888647e+21 8.344282e+42
3.060000e-15 -2.743750e+21 7.528163e+42
3.075000e-15 -2.591894e+21 6.717915e+42
3.090000e-15 -2.433605e+21 5.922434e+42
3.105000e-15 -2.269421e+21 5.150270e+42
3.120000e-15 -2.099890e+21 4.409537e+42
3.135000e-15 -1.925570e+21 3.707822e+42
3.150000e-15 -1.747029e+21 3.052109e+42
3.165000e-15 -1.564836e+21 2.448712e+42
3.180000e-15 -1.379569e+21 1.903210e+42
3.195000e-15 -1.191804e+21 1.420398e+42
3.210000e-15 -1.002122e+21 1.004249e+42
3.225000e-15 -8.111004e+20 6.578839e+41
3.240000e-15 -6.193141e+20 3.835500e+41
3.255000e-15 -4.273345e+20 1.826147e+41
3.270000e-15 -2.357268e+20 5.556712e+40
3.285000e-15 -4.504901e+19 2.029413e+39
3.300000e-15 1.441499e+20 2.077919e+40
3.315000e-15 3.313313e+20 1.097804e+41
3.330000e-15 5.159683e+20 2.662233e+41
3.345000e-15 6.975472e+20 4.865722e+41
3.360000e-15 8.755689e+20 7.666209e+41
3.375000e-15 1.049550e+21 1.101555e+42
3.390000e-15 1.219023e+21 1.486018e+42
3.405000e-15 1.383541e+21 1.914185e+42
3.420000e-15 1.542673e+21 2.379839e+42
3.435000e-15 1.696010e+21 2.876449e+42
3.450000e-15 1.843164e+21 3.397253e+42
3.465000e-15 1.983768e+21 3.935337e+42
3.480000e-15 2.117479e+21 4.483719e+42
3.495000e-15 2.243977e+21 5.035431e+42
3.510000e-15 2.362964e+21 5.583597e+42
3.525000e-15 2.474169e+21 6.121510e+42
3.540000e-15 2.577345e+21 6.642705e+42
3.555000e-15 2.672270e+21 7.141029e+42
3.570000e-15 2.758750e+21 7.610703e+42
3.585000e-15 2.836615e+21 8.046385e+42
3.600000e-15 2.905721e+21 8.443216e+42
3.615000e-15 2.965952e+21 8.796870e+42
3.630000e-15 3.017216e+21 9.103594e+42
3.645000e-15 3.059450e+21 9.360237e+42
3.660000e-15 3.092616e+21 9.564273e+42
3.675000e-15 3.116701e+21 9.713824e+42
3.690000e-15 3.131719e+21 9.807662e+42
3.705000e-15 3.137709e+21 9.845216e+42
3.720000e-15 3.134735e+21 9.826564e+42
3.735000e-15 3.122886e+21 9.752419e+42
3.750000e-15 3.102275e+21 9.624111e+42
3.765000e-15 3.073038e+21 9.443562e+42
3.780000e-15 3.035334e+21 9.213250e+42
3.795000e-15 2.989344e+21 8.936175e+42
3.810000e-15 2.935270e+21 8.615812e+42
3.825000e-15 2.873337e+21 8.256067e+42
3.840000e-15 2.803787e+21 7.861223e+42
3.855000e-15 2.726882e+21 7.435888e+42
3.870000e-15 2.642902e+21 6.984933e+42
3.885000e-15 2.552144e+21 6.513441e+42
3.900000e-15 2.454921e+21 6.026637e+42
3.915000e-15 2.351560e+21 5.529837e+42
3.930000e-15 2.242404e+21 5.028377e+42
3.945000e-15 2.127807e+21 4.527564e+42
3.960000e-15 2.008136e+21 4.032609e+42
3.975000e-15 1.883767e+21 3.548576e+42
3.990000e-15 1.755086e+21 3.080328e+42
4.005000e-15 1.622490e+21 2.632473e+42
4.020000e-15 1.486378e+21 2.209321e+42
4.035000e-15 1.347161e+21 1.814842e+42
4.050000e-15 1.205249e+21 1.452625e+42
4.065000e-15 1.061059e+21 1.125847e+42
4.080000e-15 9.150105e+20 8.372442e+41
4.095000e-15 7.675228e+20 5.890913e+41
4.110000e-15 6.190163e+20 3.831812e+41
4.125000e-15 4.699101e+20 2.208155e+41
4.140000e-15 3.206213e+20 1.027980e+41
4.155000e-15 1.715636e+20 2.943406e+40
4.170000e-15 2.314648e+19 5.357596e+38
4.185000e-15 -1.242259e+20 1.543208e+40
4.200000e-15 -2.701560e+20 7.298426e+40
4.215000e-15 -4.142535e+20 1.716060e+41
4.230000e-15 -5.561367e+20 3.092880e+41
4.245000e-15 -6.954331e+20 4.836271e+41
4.260000e-15 -8.317805e+20 6.918589e+41
4.275000e-15 -9.648281e+20 9.308933e+41
4.290000e-15 -1.094237e+21 1.197354e+42
4.305000e-15 -1.219681e+21 1.487621e+42
4.320000e-15 -1.340847e+21 1.797870e+42
4.335000e-15 -1.457437e+21 2.124121e+42
4.350000e-15 -1.569167e+21 2.462285e+42
4.365000e-15 -1.675770e+21 2.808206e+42
4.380000e-15 -1.776994e+21 3.157709e+42
4.395000e-15 -1.872604e+21 3.506646e+42
4.410000e-15 -1.962382e+21 3.850942e+42
4.425000e-15 -2.046127e+21 4.186636e+42
4.440000e-15 -2.123657e+21 4.509920e+42
4.455000e-15 -2.194808e+21 4.817184e+42
4.470000e-15 -2.259435e+21 5.105045e+42
4.485000e-15 -2.317409e+21 5.370387e+42
4.500000e-15 -2.368625e+21 5.610383e+42
4.515000e-15 -2.412992e+21 5.822529e+42
4.530000e-15 -2.450441e+21 6.004659e+42
4.545000e-15 -2.480921e+21 6.154969e+42
4.560000e-15 -2.504401e+21 6.272026e+42
4.575000e-15 -2.520870e+21 6.354783e+42
4.590000e-15 -2.530332e+21 6.402581e+42
4.605000e-15 -2.532815e+21 6.415150e+42
4.620000e-15 -2.528361e+21 6.392608e+42
4.635000e-15 -2.517033e+21 6.335453e+42
4.650000e-15 -2.498911e+21 6.244554e+42
4.665000e-15 -2.474092e+21 6.121133e+42
4.680000e-15 -2.442693e+21 5.966748e+42
4.695000e-15 -2.404844e+21 5.783273e+42
4.710000e-15 -2.360693e+21 5.572871e+42
4.725000e-15 -2.310404e+21 5.337968e+42
4.740000e-15 -2.254157e+21 5.081223e+42
4.755000e-15 -2.192144e+21 4.805495e+42
4.770000e-15 -2.124573e+21 4.513812e+42
4.785000e-15 -2.051666e+21 4.209334e+42
4.800000e-15 -1.973655e+21 3.895315e+42
4.815000e-15 -1.890787e+21 3.575075e+42
4.830000e-15 -1.803317e+21 3.251953e+42
4.845000e-15 -1.711514e+21 2.929280e+42
4.860000e-15 -1.615653e+21 2.610336e+42
4.875000e-15 -1.516022e+21 2.298322e+42
4.890000e-15 -1.412912e+21 1.996322e+42
4.905000e-15 -1.306627e+21 1.707273e+42
4.920000e-15 -1.197472e+21 1.433939e+42
4.935000e-15 -1.085761e+21 1.178876e+42
4.950000e-15 -9.718110e+20 9.444167e+41
4.965000e-15 -8.559442e+20 7.326405e+41
4.980000e-15 -7.384846e+20 5.453595e+41
4.995000e-15 -6.197585e+20 3.841006e+41
5.010000e-15 -5.000937e+20 2.500937e+41
5.025000e-15 -3.798181e+20 1.442618e+41
5.040000e-15 -2.592589e+20 6.721520e+40
5.055000e-15 -1.387424e+20 1.924945e+40
5.070000e-15 -1.859220e+19 3.456697e+38
5.085000e-15 1.008710e+20 1.017495e+40
5.100000e-15 2.193302e+20 4.810575e+40
5.115000e-15 3.364735e+20 1.132144e+41
5.130000e-15 4.519942e+20 2.042987e+41
5.145000e-15 5.655918e+20 3.198941e+41
5.160000e-15 6.769730e+20 4.582924e+41
5.175000e-15 7.858521e+20 6.175636e+41
5.190000e-15 8.919519e+20 7.955783e+41
5.205000e-15 9.950043e+20 9.900335e+41
5.220000e-15 1.094751e+21 1.198479e+42
5.235000e-15 1.190943e+21 1.418346e+42
5.250000e-15 1.283345e+21 1.646974e+42
5.265000e-15 1.371730e+21 1.881642e+42
5.280000e-15 1.455885e+21 2.119600e+42
5.295000e-15 1.535608e+21 2.358092e+42
5.310000e-15 1.610712e+21 2.594394e+42
5.325000e-15 1.681023e+21 2.825837e+42
5.340000e-15 1.746378e+21 3.049836e+42
5.355000e-15 1.806632e+21 3.263918e+42
5.370000e-15 1.861651e+21 3.465745e+42
5.385000e-15 1.911319e+21 3.653139e+42
5.400000e-15 1.955531e+21 3.824103e+42
5.415000e-15 1.994201e+21 3.976840e+42
5.430000e-15 2.027257e+21 4.109769e+42
5.445000e-15 2.054640e+21 4.221544e+42
5.460000e-15 2.076308e+21 4.311056e+42
5.475000e-15 2.092237e+21 4.377455e+42
5.490000e-15 2.102414e+21 4.420144e+42
5.505000e-15 2.106844e+21 4.438792e+42
5.520000e-15 2.105547e+21 4.433328e+42
5.535000e-15 2.098557e+21 4.403943e+42
5.550000e-15 2.085925e+21 4.351084e+42
5.565000e-15 2.067715e+21 4.275444e+42
5.580000e-15 2.044005e+21 4.177957e+42
5.595000e-15 2.014890e+21 4.059780e+42
5.610000e-15 1.980475e+21 3.922282e+42
5.625000e-15 1.940883e+21 3.767026e+42
5.640000e-15 1.896246e+21 3.595748e+42
5.655000e-15 1.846711e+21 3.410343e+42
5.670000e-15 1.792438e+21 3.212834e+42
5.685000e-15 1.733596e+21 3.005356e+42
5.700000e-15 1.670368e+21 2.790131e+42
5.715000e-15 1.602947e+21 2.569439e+42
5.730000e-15 1.531535e+21 2.345600e+42
5.745000e-15 1.456345e+21 2.120941e+42
5.760000e-15 1.377599e+21 1.897778e+42
5.775000e-15 1.295526e+21 1.678386e+42
5.790000e-15 1.210364e+21 1.464980e+42
5.805000e-15 1.122357e+21 1.259686e+42
5.820000e-15 1.031758e+21 1.064525e+42
5.835000e-15 9.388228e+20 8.813882e+41
5.850000e-15 8.438128e+20 7.120200e+41
5.865000e-15 7.469943e+20 5.580005e+41
5.880000e-15 6.486369e+20 4.207298e+41
5.895000e-15 5.490130e+20 3.014153e+41
5.910000e-15 4.483970e+20 2.010599e+41
5.925000e-15 3.470649e+20 1.204540e+41
5.940000e-15 2.452928e+20 6.016857e+40
5.955000e-15 1.433572e+20 2.055129e+40
5.970000e-15 4.153344e+19 1.725027e+39
5.985000e-15 -5.990473e+19 3.588577e+39
6.000000e-15 -1.606858e+20 2.581993e+40
6.015000e-15 -2.605413e+20 6.788177e+40
6.030000e-15 -3.592065e+20 1.290293e+41
6.045000e-15 -4.564212e+20 2.083203e+41
6.060000e-15 -5.519300e+20 3.046267e+41
6.075000e-15 -6.454836e+20 4.166490e+41
6.090000e-15 -7.368387e+20 5.429313e+41
6.105000e-15 -8.257595e+20 6.818787e+41
6.120000e-15 -9.120172e+20 8.317754e+41
6.135000e-15 -9.953918e+20 9.908048e+41
6.150000e-15 -1.075672e+21 1.157069e+42
6.165000e-15 -1.152654e+21 1.328612e+42
6.180000e-15 -1.226147e+21 1.503437e+42
6.195000e-15 -1.295968e+21 1.679533e+42
6.210000e-15 -1.361945e+21 1.854895e+42
6.225000e-15 -1.423919e+21 2.027544e+42
6.240000e-15 -1.481738e+21 2.195549e+42
6.255000e-15 -1.535268e+21 2.357048e+42
6.270000e-15 -1.584382e+21 2.510265e+42
6.285000e-15 -1.628967e+21 2.653534e+42
6.300000e-15 -1.668924e+21 2.785308e+42
6.315000e-15 -1.704166e+21 2.904181e+42
6.330000e-15 -1.734618e+21 3.008898e+42
6.345000e-15 -1.760219e+21 3.098372e+42
6.360000e-15 -1.780923e+21 3.171686e+42
6.375000e-15 -1.796694e+21 3.228110e+42
6.390000e-15 -1.807513e+21 3.267103e+42
6.405000e-15 -1.813371e+21 3.288316e+42
6.420000e-15 -1.814276e+21 3.291597e+42
6.435000e-15 -1.810246e+21 3.276991e+42
6.450000e-15 -1.801314e+21 3.244732e+42
6.465000e-15 -1.787526e+21 3.195249e+42
6.480000e-15 -1.768940e+21 3.129150e+42
6.495000e-15 -1.745629e+21 3.047219e+42
6.510000e-15 -1.717674e+21 2.950405e+42
6.525000e-15 -1.685174e+21 2.839810e+42
6.540000e-15 -1.648234e+21 2.716676e+42
6.555000e-15 -1.606975e+21 2.582370e+42
6.570000e-15 -1.561528e+21 2.438369e+42
6.585000e-15 -1.512032e+21 2.286242e+42
6.600000e-15 -1.458641e+21 2.127634e+42
6.615000e-15 -1.401516e+21 1.964246e+42
6.630000e-15 -1.340826e+21 1.797815e+42
6.645000e-15 -1.276753e+21 1.630099e+42
6.660000e-15 -1.209485e+21 1.462853e+42
6.675000e-15 -1.139216e+21 1.297814e+42
6.690000e-15 -1.066152e+21 1.136681e+42
6.705000e-15 -9.905022e+20 9.810946e+41
6.720000e-15 -9.124823e+20 8.326239e+41
6.735000e-15 -8.323144e+20 6.927472e+41
6.750000e-15 -7.502251e+20 5.628376e+41
6.765000e-15 -6.664453e+20 4.441493e+41
6.780000e-15 -5.812095e+20 3.378045e+41
6.795000e-15 -4.947553e+20 2.447828e+41
6.810000e-15 -4.073224e+20 1.659115e+41
6.825000e-15 -3.191524e+20 1.018583e+41
6.840000e-15 -2.304878e+20 5.312461e+40
6.855000e-15 -1.415713e+20 2.004244e+40
6.870000e-15 -5.264561e+19 2.771560e+39
6.885000e-15 3.604779e+19 1.299443e+39
6.900000e-15 1.242689e+20 1.544277e+40
6.915000e-15 2.117801e+20 4.485083e+40
6.930000e-15 2.983466e+20 8.901068e+40
6.945000e-15 3.837370e+20 1.472541e+41
6.960000e-15 4.677242e+20 2.187659e+41
6.975000e-15 5.500858e+20 3.025944e+41
6.990000e-15 6.306047e+20 3.976622e+41
7.005000e-15 7.090696e+20 5.027796e+41
7.020000e-15 7.852757e+20 6.166579e+41
7.035000e-15 8.590251e+20 7.379242e+41
7.050000e-15 9.301276e+20 8.651374e+41
7.065000e-15 9.984006e+20 9.968038e+41
7.080000e-15 1.063670e+21 1.131394e+42
7.095000e-15 1.125771e+21 1.267361e+42
7.110000e-15 1.184547e+21 1.403153e+42
7.125000e-15 1.239853e+21 1.537236e+42
7.140000e-15 1.291552e+21 1.668106e+42
7.155000e-15 1.339517e+21 1.794307e+42
7.170000e-15 1.383635e+21 1.914446e+42
7.185000e-15 1.423800e+21 2.027207e+42
7.200000e-15 1.459919e+21 2.131365e+42
7.215000e-15 1.491911e+21 2.225800e+42
7.230000e-15 1.519706e+21 2.309505e+42
7.245000e-15 1.543243e+21 2.381600e+42
7.260000e-15 1.562478e+21 2.441337e+42
7.275000e-15 1.577374e+21 2.488110e+42
7.290000e-15 1.587910e+21 2.521457e+42
7.305000e-15 1.594073e+21 2.541068e+42
7.320000e-15 1.595865e+21 2.546784e+42
7.335000e-15 1.593298e+21 2.538598e+42
7.350000e-15 1.586397e+21 2.516656e+42
7.365000e-15 1.575198e+21 2.481250e+42
7.380000e-15 1.559749e+21 2.432818e+42
7.395000e-15 1.540110e+21 2.371937e+42
7.410000e-15 1.516349e+21 2.299314e+42
7.425000e-15 1.488548e+21 2.215776e+42
7.440000e-15 1.456800e+21 2.122267e+42
7.455000e-15 1.421206e+21 2.019827e+42
7.470000e-15 1.381879e+21 1.909589e+42
7.485000e-15 1.338940e+21 1.792760e+42
7.500000e-15 1.292521e+21 1.670610e+42
7.515000e-15 1.242762e+21 1.544457e+42
7.530000e-15 1.189811e+21 1.415650e+42
7.545000e-15 1.133826e+21 1.285561e+42
7.560000e-15 1.074971e+21 1.155562e+42
7.575000e-15 1.013417e+21 1.027013e+42
7.590000e-15 9.493423e+20 9.012508e+41
7.605000e-15 8.829320e+20 7.795689e+41
7.620000e-15 8.143756e+20 6.632076e+41
7.635000e-15 7.438682e+20 5.533399e+41
7.650000e-15 6.716095e+20 4.510593e+41
7.665000e-15 5.978029e+20 3.573683e+41
7.680000e-15 5.226555e+20 2.731688e+41
7.695000e-15 4.463770e+20 1.992524e+41
7.710000e-15 3.691795e+20 1.362935e+41
7.725000e-15 2.912766e+20 8.484209e+40
7.740000e-15 2.128833e+20 4.531929e+40
7.755000e-15 1.342146e+20 1.801356e+40
7.770000e-15 5.548584e+19 3.078678e+39
7.785000e-15 -2.308857e+19 5.330818e+38
7.800000e-15 -1.012954e+20 1.026075e+40
7.815000e-15 -1.789232e+20 3.201352e+40
7.830000e-15 -2.557631e+20 6.541476e+40
7.845000e-15 -3.316090e+20 1.099645e+41
7.860000e-15 -4.062583e+20 1.650458e+41
7.875000e-15 -4.795127e+20 2.299325e+41
7.890000e-15 -5.511782e+20 3.037974e+41
7.905000e-15 -6.210660e+20 3.857230e+41
7.920000e-15 -6.889927e+20 4.747110e+41
7.935000e-15 -7.547813e+20 5.696947e+41
7.950000e-15 -8.182608e+20 6.695507e+41
7.965000e-15 -8.792675e+20 7.731114e+41
7.980000e-15 -9.376451e+20 8.791783e+41
7.995000e-15 -9.932447e+20 9.865350e+41
8.010000e-15 -1.045926e+21 1.093961e+42
8.025000e-15 -1.095556e+21 1.200244e+42
8.040000e-15 -1.142013e+21 1.304193e+42
8.055000e-15 -1.185181e+21 1.404655e+42
8.070000e-15 -1.224957e+21 1.500519e+42
8.085000e-15 -1.261244e+21 1.590736e+42
8.100000e-15 -1.293957e+21 1.674325e+42
8.115000e-15 -1.323022e+21 1.750386e+42
8.130000e-15 -1.348372e+21 1.818107e+42
8.145000e-15 -1.369953e+21 1.876771e+42
8.160000e-15 -1.387721e+21 1.925769e+42
8.175000e-15 -1.401641e+21 1.964598e+42
8.190000e-15 -1.411691e+21 1.992871e+42
8.205000e-15 -1.417857e+21 2.010319e+42
8.220000e-15 -1.420138e+21 2.016791e+42
8.235000e-15 -1.418541e+21 2.012260e+42
8.250000e-15 -1.413087e+21 1.996814e+42
8.265000e-15 -1.403803e+21 1.970664e+42
8.280000e-15 -1.390730e+21 1.934131e+42
8.295000e-15 -1.373918e+21 1.887650e+42
8.310000e-15 -1.353425e+21 1.831759e+42
8.325000e-15 -1.329322e+21 1.767096e+42
8.340000e-15 -1.301687e+21 1.694388e+42
8.355000e-15 -1.270608e+21 1.614445e+42
8.370000e-15 -1.236184e+21 1.528150e+42
8.385000e-15 -1.198519e+21 1.436447e+42
8.400000e-15 -1.157727e+21 1.340333e+42
8.415000e-15 -1.113933e+21 1.240846e+42
8.430000e-15 -1.067265e+21 1.139054e+42
8.445000e-15 -1.017860e+21 1.036039e+42
8.460000e-15 -9.658637e+20 9.328926e+41
8.475000e-15 -9.114260e+20 8.306974e+41
8.490000e-15 -8.547040e+20 7.305189e+41
8.505000e-15 -7.958600e+20 6.333931e+41
8.520000e-15 -7.350616e+20 5.403155e+41
8.535000e-15 -6.724810e+20 4.522307e+41
8.550000e-15 -6.082947e+20 3.700225e+41
8.565000e-15 -5.426828e+20 2.945047e+41
8.580000e-15 -4.758287e+20 2.264130e+41
8.595000e-15 -4.079184e+20 1.663975e+41
8.610000e-15 -3.391402e+20 1.150161e+41
8.625000e-15 -2.696838e+20 7.272937e+40
8.640000e-15 -1.997404e+20 3.989624e+40
8.655000e-15 -1.295016e+20 1.677067e+40
8.670000e-15 -5.915917e+19 3.499807e+39
8.685000e-15 1.109558e+19 1.231120e+38
8.700000e-15 8.107222e+19 6.572704e+39
8.715000e-15 1.505818e+20 2.267487e+40
8.730000e-15 2.194372e+20 4.815267e+40
8.745000e-15 2.874539e+20 8.262972e+40
8.760000e-15 3.544502e+20 1.256349e+41
8.775000e-15 4.202479e+20 1.766083e+41
8.790000e-15 4.846726e+20 2.349076e+41
8.805000e-15 5.475543e+20 2.998158e+41
8.820000e-15 6.087278e+20 3.705496e+41
8.835000e-15 6.680330e+20 4.462681e+41
8.850000e-15 7.253155e+20 5.260826e+41
8.865000e-15 7.804269e+20 6.090661e+41
8.880000e-15 8.332252e+20 6.942643e+41
8.895000e-15 8.835752e+20 7.807052e+41
8.910000e-15 9.313488e+20 8.674106e+41
8.925000e-15 9.764252e+20 9.534062e+41
8.940000e-15 1.018691e+21 1.037732e+42
8.955000e-15 1.058043e+21 1.119454e+42
8.970000e-15 1.094382e+21 1.197672e+42
8.985000e-15 1.127621e+21 1.271529e+42
9.000000e-15 1.157680e+21 1.340224e+42
9.015000e-15 1.184489e+21 1.403015e+42
9.030000e-15 1.207986e+21 1.459231e+42
9.045000e-15 1.228119e+21 1.508276e+42
9.060000e-15 1.244844e+21 1.549635e+42
9.075000e-15 1.258127e+21 1.582883e+42
9.090000e-15 1.267944e+21 1.607682e+42
9.105000e-15 1.274281e+21 1.623791e+42
9.120000e-15 1.277131e+21 1.631063e+42
9.135000e-15 1.276499e+21 1.629449e+42
9.150000e-15 1.272397e+21 1.618995e+42
9.165000e-15 1.264850e+21 1.599846e+42
9.180000e-15 1.253888e+21 1.572236e+42
9.195000e-15 1.239554e+21 1.536493e+42
9.210000e-15 1.221896e+21 1.493029e+42
9.225000e-15 1.200974e+21 1.442338e+42
9.240000e-15 1.176855e+21 1.384987e+42
9.255000e-15 1.149616e+21 1.321616e+42
9.270000e-15 1.119340e+21 1.252921e+42
9.285000e-15 1.086119e+21 1.179655e+42
9.300000e-15 1.050054e+21 1.102614e+42
9.315000e-15 1.011252e+21 1.022631e+42
9.330000e-15 9.698262e+20 9.405628e+41
9.345000e-15 9.258979e+20 8.572869e+41
9.360000e-15 8.795944e+20 7.736863e+41
9.375000e-15 8.310490e+20 6.906424e+41
9.390000e-15 7.804006e+20 6.090251e+41
9.405000e-15 7.277933e+20 5.296831e+41
9.420000e-15 6.733762e+20 4.534356e+41
9.435000e-15 6.173027e+20 3.810626e+41
9.450000e-15 5.597301e+20 3.132978e+41
9.465000e-15 5.008194e+20 2.508201e+41
9.480000e-15 4.407346e+20 1.942470e+41
9.495000e-15 3.796425e+20 1.441284e+41
9.510000e-15 3.177119e+20 1.009409e+41
9.525000e-15 2.551135e+20 6.508291e+40
9.540000e-15 1.920192e+20 3.687137e+40
9.555000e-15 1.286016e+20 1.653838e+40
9.570000e-15 6.503391e+19 4.229410e+39
9.585000e-15 1.488878e+18 2.216758e+36
9.600000e-15 -6.186116e+19 3.826803e+39
9.615000e-15 -1.248450e+20 1.558627e+40
9.630000e-15 -1.872929e+20 3.507862e+40
9.645000e-15 -2.490371e+20 6.201948e+40
9.660000e-15 -3.099124e+20 9.604570e+40
9.675000e-15 -3.697563e+20 1.367197e+41
9.690000e-15 -4.284097e+20 1.835348e+41
9.705000e-15 -4.857170e+20 2.359210e+41
9.720000e-15 -5.415271e+20 2.932516e+41
9.735000e-15 -5.956931e+20 3.548503e+41
9.750000e-15 -6.480731e+20 4.199987e+41
9.765000e-15 -6.985304e+20 4.879447e+41
9.780000e-15 -7.469340e+20 5.579105e+41
9.795000e-15 -7.931590e+20 6.291011e+41
9.810000e-15 -8.370864e+20 7.007136e+41
9.825000e-15 -8.786040e+20 7.719451e+41
9.840000e-15 -9.176066e+20 8.420019e+41
9.855000e-15 -9.539959e+20 9.101081e+41
9.870000e-15 -9.876810e+20 9.755137e+41
9.885000e-15 -1.018579e+21 1.037502e+42
9.900000e-15 -1.046613e+21 1.095399e+42
9.915000e-15 -1.071718e+21 1.148579e+42
9.930000e-15 -1.093832e+21 1.196469e+42
9.945000e-15 -1.112906e+21 1.238559e+42
9.960000e-15 -1.128896e+21 1.274406e+42
9.975000e-15 -1.141768e+21 1.303635e+42
9.990000e-15 -1.151497e+21 1.325946e+42
1.000500e-14 -1.158065e+21 1.341115e+42
1.002000e-14 -1.161464e+21 1.349000e+42
1.003500e-14 -1.161695e+21 1.349535e+42
1.005000e-14 -1.158765e+21 1.342735e+42
1.006500e-14 -1.152692e+21 1.328698e+42
1.008000e-14 -1.143501e+21 1.307595e+42
1.009500e-14 -1.131228e+21 1.279676e+42
1.011000e-14 -1.115913e+21 1.245262e+42
1.012500e-14 -1.097608e+21 1.204744e+42
1.014000e-14 -1.076371e+21 1.158575e+42
1.015500e-14 -1.052268e+21 1.107268e+42
1.017000e-14 -1.025373e+21 1.051390e+42
1.018500e-14 -9.957670e+20 9.915518e+41
1.020000e-14 -9.635380e+20 9.284056e+41
1.021500e-14 -9.287814e+20 8.626348e+41
1.023000e-14 -8.915986e+20 7.949481e+41
1.024500e-14 -8.520978e+20 7.260706e+41
1.026000e-14 -8.103927e+20 6.567363e+41
1.027500e-14 -7.666029e+20 5.876801e+41
1.029000e-14 -7.208535e+20 5.196297e+41
1.030500e-14 -6.732741e+20 4.532980e+41
1.032000e-14 -6.239992e+20 3.893750e+41
1.033500e-14 -5.731676e+20 3.285211e+41
1.035000e-14 -5.209216e+20 2.713593e+41
1.036500e-14 -4.674073e+20 2.184696e+41
1.038000e-14 -4.127735e+20 1.703820e+41
1.039500e-14 -3.571719e+20 1.275718e+41
1.041000e-14 -3.007562e+20 9.045429e+40
1.042500e-14 -2.436820e+20 5.938093e+40
1.044000e-14 -1.861063e+20 3.463554e+40
1.045500e-14 -1.281867e+20 1.643184e+40
1.047000e-14 -7.008180e+19 4.911459e+39
1.048500e-14 -1.194985e+19 1.427989e+38
1.050000e-14 4.605109e+19 2.120703e+39
1.051500e-14 1.037638e+20 1.076692e+40
1.053000e-14 1.610321e+20 2.593135e+40
1.054500e-14 2.177018e+20 4.739409e+40
1.056000e-14 2.736205e+20 7.486819e+40
1.057500e-14 3.286383e+20 1.080031e+41
1.059000e-14 3.826081e+20 1.463890e+41
1.060500e-14 4.353862e+20 1.895611e+41
1.062000e-14 4.868324e+20 2.370057e+41
1.063500e-14 5.368105e+20 2.881655e+41
1.065000e-14 5.851888e+20 3.424459e+41
1.066500e-14 6.318401e+20 3.992219e+41
1.068000e-14 6.766423e+20 4.578448e+41
1.069500e-14 7.194788e+20 5.176498e+41
1.071000e-14 7.602385e+20 5.779626e+41
1.072500e-14 7.988162e+20 6.381074e+41
1.074000e-14 8.351131e+20 6.974139e+41
1.075500e-14 8.690366e+20 7.552246e+41
1.077000e-14 9.005010e+20 8.109021e+41
1.078500e-14 9.294275e+20 8.638355e+41
1.080000e-14 9.557443e+20 9.134471e+41
1.081500e-14 9.793869e+20 9.591987e+41
1.083000e-14 1.000298e+21 1.000597e+42
1.084500e-14 1.018429e+21 1.037198e+42
1.086000e-14 1.033737e+21 1.068613e+42
1.087500e-14 1.046189e+21 1.094512e+42
1.089000e-14 1.055758e+21 1.114626e+42
1.090500e-14 1.062427e+21 1.128750e+42
1.092000e-14 1.066184e+21 1.136748e+42
1.093500e-14 1.067027e+21 1.138548e+42
1.095000e-14 1.064963e+21 1.134146e+42
1.096500e-14 1.060004e+21 1.123609e+42
1.098000e-14 1.052172e+21 1.107065e+42
1.099500e-14 1.041495e+21 1.084712e+42
1.101000e-14 1.028011e+21 1.056806e+42
1.102500e-14 1.011763e+21 1.023664e+42
1.104000e-14 9.928031e+20 9.856579e+41
1.105500e-14 9.711902e+20 9.432104e+41
1.107000e-14 9.469901e+20 8.967902e+41
1.108500e-14 9.202754e+20 8.469069e+41
1.110000e-14 8.911257e+20 7.941050e+41
1.111500e-14 8.596265e+20 7.389578e+41
1.113000e-14 8.258700e+20 6.820612e+41
1.114500e-14 7.899538e+20 6.240270e+41
1.116000e-14 7.519814e+20 5.654761e+41
1.117500e-14 7.120617e+20 5.070319e+41
1.119000e-14 6.703083e+20 4.493132e+41
1.120500e-14 6.268398e+20 3.929281e+41
1.122000e-14 5.817788e+20 3.384666e+41
1.123500e-14 5.352523e+20 2.864950e+41
1.125000e-14 4.873906e+20 2.375496e+41
1.126500e-14 4.383277e+20 1.921311e+41
1.128000e-14 3.882000e+20 1.506992e+41
1.129500e-14 3.371468e+20 1.136680e+41
1.131000e-14 2.853095e+20 8.140151e+40
1.132500e-14 2.328312e+20 5.421036e+40
1.134000e-14 1.798564e+20 3.234831e+40
1.135500e-14 1.265305e+20 1.600996e+40
1.137000e-14 7.299956e+19 5.328935e+39
1.138500e-14 1.940985e+19 3.767422e+38
1.140000e-14 -3.409267e+19 1.162310e+39
1.141500e-14 -8.736261e+19 7.632226e+39
1.143000e-14 -1.402556e+20 1.967164e+40
1.144500e-14 -1.926287e+20 3.710582e+40
1.146000e-14 -2.443407e+20 5.970238e+40
1.147500e-14 -2.952526e+20 8.717409e+40
1.149000e-14 -3.452279e+20 1.191823e+41
1.150500e-14 -3.941329e+20 1.553408e+41
1.152000e-14 -4.418375e+20 1.952204e+41
1.153500e-14 -4.882148e+20 2.383537e+41
1.155000e-14 -5.331421e+20 2.842405e+41
1.156500e-14 -5.765008e+20 3.323532e+41
1.158000e-14 -6.181770e+20 3.821428e+41
1.159500e-14 -6.580616e+20 4.330451e+41
1.161000e-14 -6.960506e+20 4.844865e+41
1.162500e-14 -7.320456e+20 5.358907e+41
1.164000e-14 -7.659536e+20 5.866849e+41
1.165500e-14 -7.976878e+20 6.363058e+41
1.167000e-14 -8.271674e+20 6.842059e+41
1.168500e-14 -8.543179e+20 7.298591e+41
1.170000e-14 -8.790714e+20 7.727665e+41
1.171500e-14 -9.013667e+20 8.124619e+41
1.173000e-14 -9.211493e+20 8.485161e+41
1.174500e-14 -9.383720e+20 8.805419e+41
1.176000e-14 -9.529942e+20 9.081980e+41
1.177500e-14 -9.649829e+20 9.311920e+41
1.179000e-14 -9.743122e+20 9.492842e+41
1.180500e-14 -9.809634e+20 9.622891e+41
1.182000e-14 -9.849252e+20 9.700777e+41
1.183500e-14 -9.861938e+20 9.725781e+41
1.185000e-14 -9.847724e+20 9.697767e+41
1.186500e-14 -9.806719e+20 9.617173e+41
1.188000e-14 -9.739101e+20 9.485008e+41
1.189500e-14 -9.645122e+20 9.302837e+41
1.191000e-14 -9.525104e+20 9.072761e+41
1.192500e-14 -9.379441e+20 8.797391e+41
1.194000e-14 -9.208593e+20 8.479819e+41
1.195500e-14 -9.013089e+20 8.123578e+41
1.197000e-14 -8.793523e+20 7.732605e+41
1.198500e-14 -8.550554e+20 7.311197e+41
1.200000e-14 -8.284901e+20 6.863959e+41
1.201500e-14 -7.997345e+20 6.395753e+41
1.203000e-14 -7.688723e+20 5.911647e+41
1.204500e-14 -7.359929e+20 5.416855e+41
1.206000e-14 -7.011907e+20 4.916684e+41
1.207500e-14 -6.645653e+20 4.416470e+41
1.209000e-14 -6.262209e+20 3.921526e+41
1.210500e-14 -5.862662e+20 3.437080e+41
1.212000e-14 -5.448139e+20 2.968222e+41
1.213500e-14 -5.019806e+20 2.519845e+41
1.215000e-14 -4.578863e+20 2.096599e+41
1.216500e-14 -4.126542e+20 1.702834e+41
1.218000e-14 -3.664100e+20 1.342563e+41
1.219500e-14 -3.192823e+20 1.019412e+41
1.221000e-14 -2.714015e+20 7.365876e+40
1.222500e-14 -2.228996e+20 4.968424e+40
1.224000e-14 -1.739103e+20 3.024480e+40
1.225500e-14 -1.245681e+20 1.551721e+40
1.227000e-14 -7.500802e+19 5.626204e+39
1.228500e-14 -2.536557e+19 6.434119e+38
1.230000e-14 2.422402e+19 5.868030e+38
1.231500e-14 7.362591e+19 5.420775e+39
1.233000e-14 1.227062e+20 1.505680e+40
1.234500e-14 1.713320e+20 2.935466e+40
1.236000e-14 2.193723e+20 4.812419e+40
1.237500e-14 2.666976e+20 7.112763e+40
1.239000e-14 3.131811e+20 9.808242e+40
1.240500e-14 3.586983e+20 1.286645e+41
1.242000e-14 4.031277e+20 1.625120e+41
1.243500e-14 4.463511e+20 1.992293e+41
1.245000e-14 4.882538e+20 2.383918e+41
1.246500e-14 5.287251e+20 2.795502e+41
1.248000e-14 5.676583e+20 3.222359e+41
1.249500e-14 6.049512e+20 3.659659e+41
1.251000e-14 6.405064e+20 4.102484e+41
1.252500e-14 6.742313e+20 4.545878e+41
1.254000e-14 7.060386e+20 4.984905e+41
1.255500e-14 7.358465e+20 5.414700e+41
1.257000e-14 7.635786e+20 5.830523e+41
1.258500e-14 7.891646e+20 6.227808e+41
1.260000e-14 8.125401e+20 6.602214e+41
1.261500e-14 8.336466e+20 6.949667e+41
1.263000e-14 8.524324e+20 7.266410e+41
1.264500e-14 8.688518e+20 7.549035e+41
1.266000e-14 8.828660e+20 7.794523e+41
1.267500e-14 8.944424e+20 8.000273e+41
1.269000e-14 9.035556e+20 8.164127e+41
1.270500e-14 9.101865e+20 8.284394e+41
1.272000e-14 9.143231e+20 8.359867e+41
1.273500e-14 9.159600e+20 8.389828e+41
1.275000e-14 9.150989e+20 8.374060e+41
1.276500e-14 9.117479e+20 8.312842e+41
1.278000e-14 9.059221e+20 8.206949e+41
1.279500e-14 8.976433e+20 8.057634e+41
1.281000e-14 8.869397e+20 7.866620e+41
1.282500e-14 8.738462e+20 7.636072e+41
1.284000e-14 8.584042e+20 7.368577e+41
1.285500e-14 8.406610e+20 7.067110e+41
1.287000e-14 8.206705e+20 6.735001e+41
1.288500e-14 7.984923e+20 6.375900e+41
1.290000e-14 7.741919e+20 5.993731e+41
1.291500e-14 7.478404e+20 5.592652e+41
1.293000e-14 7.195142e+20 5.177006e+41
1.294500e-14 6.892950e+20 4.751276e+41
1.296000e-14 6.572695e+20 4.320031e+41
1.297500e-14 6.235289e+20 3.887883e+41
1.299000e-14 5.881691e+20 3.459429e+41
1.300500e-14 5.512900e+20 3.039207e+41
1.302000e-14 5.129955e+20 2.631643e+41
1.303500e-14 4.733929e+20 2.241008e+41
1.305000e-14 4.325931e+20 1.871368e+41
1.306500e-14 3.907097e+20 1.526541e+41
1.308000e-14 3.478593e+20 1.210061e+41
1.309500e-14 3.041606e+20 9.251366e+40
1.311000e-14 2.597344e+20 6.746194e+40
1.312500e-14 2.147031e+20 4.609744e+40
1.314000e-14 1.691908e+20 2.862552e+40
1.315500e-14 1.233222e+20 1.520837e+40
1.317000e-14 7.722295e+19 5.963384e+39
1.318500e-14 3.101894e+19 9.621748e+38
1.320000e-14 -1.516393e+19 2.299447e+38
1.321500e-14 -6.120010e+19 3.745452e+39
1.323000e-14 -1.069647e+20 1.144145e+40
1.324500e-14 -1.523339e+20 2.320561e+40
1.326000e-14 -1.971852e+20 3.888199e+40
1.327500e-14 -2.413977e+20 5.827287e+40
1.329000e-14 -2.848528e+20 8.114113e+40
1.330500e-14 -3.274339e+20 1.072130e+41
1.332000e-14 -3.690272e+20 1.361811e+41
1.333500e-14 -4.095219e+20 1.677082e+41
1.335000e-14 -4.488102e+20 2.014306e+41
1.336500e-14 -4.867880e+20 2.369626e+41
1.338000e-14 -5.233551e+20 2.739005e+41
1.339500e-14 -5.584151e+20 3.118274e+41
1.341000e-14 -5.918760e+20 3.503172e+41
1.342500e-14 -6.236505e+20 3.889400e+41
1.344000e-14 -6.536559e+20 4.272661e+41
1.345500e-14 -6.818146e+20 4.648712e+41
1.347000e-14 -7.080541e+20 5.013407e+41
1.348500e-14 -7.323074e+20 5.362741e+41
1.350000e-14 -7.545128e+20 5.692896e+41
1.351500e-14 -7.746146e+20 6.000278e+41
1.353000e-14 -7.925628e+20 6.281558e+41
1.354500e-14 -8.083133e+20 6.533704e+41
1.356000e-14 -8.218282e+20 6.754016e+41
1.357500e-14 -8.330757e+20 6.940151e+41
1.359000e-14 -8.420301e+20 7.090147e+41
1.360500e-14 -8.486723e+20 7.202447e+41
1.362000e-14 -8.529892e+20 7.275906e+41
1.363500e-14 -8.549743e+20 7.309810e+41
1.365000e-14 -8.546272e+20 7.303876e+41
1.366500e-14 -8.519540e+20 7.258256e+41
1.368000e-14 -8.469671e+20 7.173533e+41
1.369500e-14 -8.396852e+20 7.050712e+41
1.371000e-14 -8.301330e+20 6.891208e+41
1.372500e-14 -8.183416e+20 6.696829e+41
1.374000e-14 -8.043478e+20 6.469753e+41
1.375500e-14 -7.881945e+20 6.212506e+41
1.377000e-14 -7.699305e+20 5.927929e+41
1.378500e-14 -7.496099e+20 5.619150e+41
1.380000e-14 -7.272925e+20 5.289543e+41
1.381500e-14 -7.030433e+20 4.942698e+41
1.383000e-14 -6.769325e+20 4.582376e+41
1.384500e-14 -6.490351e+20 4.212465e+41
1.386000e-14 -6.194309e+20 3.836946e+41
1.387500e-14 -5.882040e+20 3.459840e+41
1.389000e-14 -5.554431e+20 3.085170e+41
1.390500e-14 -5.212403e+20 2.716915e+41
1.392000e-14 -4.856920e+20 2.358967e+41
1.393500e-14 -4.488976e+20 2.015091e+41
1.395000e-14 -4.109600e+20 1.688881e+41
1.396500e-14 -3.719848e+20 1.383727e+41
1.398000e-14 -3.320802e+20 1.102773e+41
1.399500e-14 -2.913568e+20 8.488881e+40
1.401000e-14 -2.499272e+20 6.246360e+40
1.402500e-14 -2.079055e+20 4.322469e+40
1.404000e-14 -1.654073e+20 2.735957e+40
1.405500e-14 -1.225492e+20 1.501831e+40
1.407000e-14 -7.944867e+19 6.312091e+39
1.408500e-14 -3.622340e+19 1.312134e+39
1.410000e-14 7.008735e+18 4.912236e+37
1.411500e-14 5.013010e+19 2.513026e+39
1.413000e-14 9.302360e+19 8.653391e+39
1.414500e-14 1.355730e+20 1.838005e+40
1.416000e-14 1.776634e+20 3.156427e+40
1.417500e-14 2.191810e+20 4.804033e+40
1.419000e-14 2.600143e+20 6.760744e+40
1.420500e-14 3.000535e+20 9.003210e+40
1.422000e-14 3.391914e+20 1.150508e+41
1.423500e-14 3.773233e+20 1.423729e+41
1.425000e-14 4.143477e+20 1.716840e+41
1.426500e-14 4.501660e+20 2.026494e+41
1.428000e-14 4.846835e+20 2.349181e+41
1.429500e-14 5.178088e+20 2.681259e+41
1.431000e-14 5.494547e+20 3.019005e+41
1.432500e-14 5.795383e+20 3.358646e+41
1.434000e-14 6.079809e+20 3.696408e+41
1.435500e-14 6.347085e+20 4.028549e+41
1.437000e-14 6.596521e+20 4.351408e+41
1.438500e-14 6.827473e+20 4.661439e+41
1.440000e-14 7.039352e+20 4.955248e+41
1.441500e-14 7.231622e+20 5.229635e+41
1.443000e-14 7.403798e+20 5.481623e+41
1.444500e-14 7.555455e+20 5.708491e+41
1.446000e-14 7.686223e+20 5.907802e+41
1.447500e-14 7.795787e+20 6.077430e+41
1.449000e-14 7.883895e+20 6.215580e+41
1.450500e-14 7.950350e+20 6.320807e+41
1.452000e-14 7.995016e+20 6.392029e+41
1.453500e-14 8.017817e+20 6.428539e+41
1.455000e-14 8.018735e+20 6.430011e+41
1.456500e-14 7.997813e+20 6.396501e+41
1.458000e-14 7.955152e+20 6.328444e+41
1.459500e-14 7.890913e+20 6.226651e+41
1.461000e-14 7.805315e+20 6.092294e+41
1.462500e-14 7.698635e+20 5.926898e+41
1.464000e-14 7.571206e+20 5.732316e+41
1.465500e-14 7.423417e+20 5.510712e+41
1.467000e-14 7.255712e+20 5.264536e+41
1.468500e-14 7.068588e+20 4.996493e+41
1.470000e-14 6.862594e+20 4.709519e+41
1.471500e-14 6.638328e+20 4.406740e+41
1.473000e-14 6.396439e+20 4.091443e+41
1.474500e-14 6.137620e+20 3.767038e+41
1.476000e-14 5.862610e+20 3.437019e+41
1.477500e-14 5.572190e+20 3.104930e+41
1.479000e-14 5.267183e+20 2.774321e+41
1.480500e-14 4.948447e+20 2.448712e+41
1.482000e-14 4.616878e+20 2.131556e+41
1.483500e-14 4.273404e+20 1.826198e+41
1.485000e-14 3.918984e+20 1.535844e+41
1.486500e-14 3.554605e+20 1.263522e+41
1.488000e-14 3.181279e+20 1.012054e+41
1.489500e-14 2.800040e+20 7.840223e+40
1.491000e-14 2.411941e+20 5.817457e+40
1.492500e-14 2.018052e+20 4.072533e+40
1.494000e-14 1.619457e+20 2.622642e+40
1.495500e-14 1.217251e+20 1.481700e+40
1.497000e-14 8.125353e+19 6.602136e+39
1.498500e-14 4.064166e+19 1.651744e+39
