0.000000e+00 nan nan
1.500000e-17 -1.038832e+20 1.079173e+40
3.000000e-17 -2.077214e+20 4.314817e+40
4.500000e-17 -3.114693e+20 9.701311e+40
6.000000e-17 -4.150819e+20 1.722930e+41
7.500000e-17 -5.185144e+20 2.688572e+41
9.000000e-17 -6.217218e+20 3.865380e+41
1.050000e-16 -7.246594e+20 5.251313e+41
1.200000e-16 -8.272828e+20 6.843968e+41
1.350000e-16 -9.295474e+20 8.640583e+41
1.500000e-16 -1.031409e+21 1.063805e+42
1.650000e-16 -1.132824e+21 1.283291e+42
1.800000e-16 -1.233749e+21 1.522136e+42
1.950000e-16 -1.334140e+21 1.779928e+42
2.100000e-16 -1.433954e+21 2.056223e+42
2.250000e-16 -1.533148e+21 2.350543e+42
2.400000e-16 -1.631681e+21 2.662382e+42
2.550000e-16 -1.729509e+21 2.991203e+42
2.700000e-16 -1.826593e+21 3.336441e+42
2.850000e-16 -1.922890e+21 3.697504e+42
3.000000e-16 -2.018359e+21 4.073774e+42
3.150000e-16 -2.112962e+21 4.464607e+42
3.300000e-16 -2.206657e+21 4.869336e+42
3.450000e-16 -2.299406e+21 5.287269e+42
3.600000e-16 -2.391171e+21 5.717697e+42
3.750000e-16 -2.481912e+21 6.159888e+42
3.900000e-16 -2.571593e+21 6.613093e+42
4.050000e-16 -2.660177e+21 7.076543e+42
4.200000e-16 -2.747628e+21 7.549458e+42
4.350000e-16 -2.833909e+21 8.031041e+42
4.500000e-16 -2.918986e+21 8.520481e+42
4.650000e-16 -3.002825e+21 9.016958e+42
4.800000e-16 -3.085392e+21 9.519642e+42
4.950000e-16 -3.166653e+21 1.002769e+43
5.100000e-16 -3.246578e+21 1.054027e+43
5.250000e-16 -3.325133e+21 1.105651e+43
5.400000e-16 -3.402290e+21 1.157557e+43
5.550000e-16 -3.478016e+21 1.209660e+43
5.700000e-16 -3.552284e+21 1.261872e+43
5.850000e-16 -3.625065e+21 1.314109e+43
6.000000e-16 -3.696330e+21 1.366286e+43
6.150000e-16 -3.766054e+21 1.418316e+43
6.300000e-16 -3.834210e+21 1.470117e+43
6.450000e-16 -3.900773e+21 1.521603e+43
6.600000e-16 -3.965718e+21 1.572692e+43
6.750000e-16 -4.029023e+21 1.623302e+43
6.900000e-16 -4.090663e+21 1.673352e+43
7.050000e-16 -4.150617e+21 1.722762e+43
7.200000e-16 -4.208864e+21 1.771454e+43
7.350000e-16 -4.265385e+21 1.819351e+43
7.500000e-16 -4.320158e+21 1.866377e+43
7.650000e-16 -4.373167e+21 1.912459e+43
7.800000e-16 -4.424394e+21 1.957526e+43
7.950000e-16 -4.473821e+21 2.001507e+43
8.100000e-16 -4.521433e+21 2.044336e+43
8.250000e-16 -4.567215e+21 2.085945e+43
8.400000e-16 -4.611153e+21 2.126274e+43
8.550000e-16 -4.653235e+21 2.165259e+43
8.700000e-16 -4.693447e+21 2.202844e+43
8.850000e-16 -4.731778e+21 2.238972e+43
9.000000e-16 -4.768218e+21 2.273590e+43
9.150000e-16 -4.802758e+21 2.306648e+43
9.300000e-16 -4.835388e+21 2.338098e+43
9.450000e-16 -4.866102e+21 2.367895e+43
9.600000e-16 -4.894892e+21 2.395997e+43
9.750000e-16 -4.921753e+21 2.422365e+43
9.900000e-16 -4.946679e+21 2.446963e+43
1.005000e-15 -4.969666e+21 2.469758e+43
1.020000e-15 -4.990712e+21 2.490721e+43
1.035000e-15 -5.009814e+21 2.509824e+43
1.050000e-15 -5.026971e+21 2.527044e+43
1.065000e-15 -5.042183e+21 2.542361e+43
1.080000e-15 -5.055449e+21 2.555756e+43
1.095000e-15 -5.066771e+21 2.567217e+43
1.110000e-15 -5.076153e+21 2.576733e+43
1.125000e-15 -5.083596e+21 2.584295e+43
1.140000e-15 -5.089105e+21 2.589899e+43
1.155000e-15 -5.092685e+21 2.593544e+43
1.170000e-15 -5.094343e+21 2.595233e+43
1.185000e-15 -5.094084e+21 2.594969e+43
1.200000e-15 -5.091917e+21 2.592762e+43
1.215000e-15 -5.087850e+21 2.588621e+43
1.230000e-15 -5.081892e+21 2.582563e+43
1.245000e-15 -5.074055e+21 2.574603e+43
1.260000e-15 -5.064349e+21 2.564763e+43
1.275000e-15 -5.052786e+21 2.553065e+43
1.290000e-15 -5.039380e+21 2.539535e+43
1.305000e-15 -5.024145e+21 2.524203e+43
1.320000e-15 -5.007094e+21 2.507099e+43
1.335000e-15 -4.988244e+21 2.488257e+43
1.350000e-15 -4.967611e+21 2.467715e+43
1.365000e-15 -4.945212e+21 2.445512e+43
1.380000e-15 -4.921065e+21 2.421688e+43
1.395000e-15 -4.895190e+21 2.396288e+43
1.410000e-15 -4.867606e+21 2.369358e+43
1.425000e-15 -4.838333e+21 2.340946e+43
1.440000e-15 -4.807393e+21 2.311103e+43
1.455000e-15 -4.774808e+21 2.279879e+43
1.470000e-15 -4.740600e+21 2.247329e+43
1.485000e-15 -4.704794e+21 2.213509e+43
1.500000e-15 -4.667414e+21 2.178475e+43
1.515000e-15 -4.628484e+21 2.142286e+43
1.530000e-15 -4.588031e+21 2.105003e+43
1.545000e-15 -4.546082e+21 2.066686e+43
1.560000e-15 -4.502662e+21 2.027397e+43
1.575000e-15 -4.457802e+21 1.987200e+43
1.590000e-15 -4.411528e+21 1.946158e+43
1.605000e-15 -4.363871e+21 1.904337e+43
1.620000e-15 -4.314859e+21 1.861801e+43
1.635000e-15 -4.264525e+21 1.818617e+43
1.650000e-15 -4.212897e+21 1.774851e+43
1.665000e-15 -4.160010e+21 1.730568e+43
1.680000e-15 -4.105894e+21 1.685836e+43
1.695000e-15 -4.050582e+21 1.640721e+43
1.710000e-15 -3.994108e+21 1.595290e+43
1.725000e-15 -3.936505e+21 1.549607e+43
1.740000e-15 -3.877808e+21 1.503740e+43
1.755000e-15 -3.818052e+21 1.457752e+43
1.770000e-15 -3.757270e+21 1.411708e+43
1.785000e-15 -3.695500e+21 1.365672e+43
1.800000e-15 -3.632777e+21 1.319707e+43
1.815000e-15 -3.569137e+21 1.273874e+43
1.830000e-15 -3.504616e+21 1.228233e+43
1.845000e-15 -3.439252e+21 1.182846e+43
1.860000e-15 -3.373082e+21 1.137768e+43
1.875000e-15 -3.306143e+21 1.093058e+43
1.890000e-15 -3.238473e+21 1.048771e+43
1.905000e-15 -3.170109e+21 1.004959e+43
1.920000e-15 -3.101090e+21 9.616758e+42
1.935000e-15 -3.031453e+21 9.189708e+42
1.950000e-15 -2.961237e+21 8.768926e+42
1.965000e-15 -2.890480e+21 8.354876e+42
1.980000e-15 -2.819221e+21 7.948005e+42
1.995000e-15 -2.747497e+21 7.548737e+42
2.010000e-15 -2.675346e+21 7.157478e+42
2.025000e-15 -2.602808e+21 6.774611e+42
2.040000e-15 -2.529920e+21 6.400497e+42
2.055000e-15 -2.456721e+21 6.035477e+42
2.070000e-15 -2.383247e+21 5.679868e+42
2.085000e-15 -2.309538e+21 5.333965e+42
2.100000e-15 -2.235630e+21 4.998039e+42
2.115000e-15 -2.161560e+21 4.672341e+42
2.130000e-15 -2.087366e+21 4.357096e+42
2.145000e-15 -2.013084e+21 4.052508e+42
2.160000e-15 -1.938751e+21 3.758756e+42
2.175000e-15 -1.864403e+21 3.475997e+42
2.190000e-15 -1.790074e+21 3.204367e+42
2.205000e-15 -1.715802e+21 2.943976e+42
2.220000e-15 -1.641619e+21 2.694914e+42
2.235000e-15 -1.567562e+21 2.457249e+42
2.250000e-15 -1.493662e+21 2.231026e+42
2.265000e-15 -1.419954e+21 2.016269e+42
2.280000e-15 -1.346470e+21 1.812982e+42
2.295000e-15 -1.273243e+21 1.621148e+42
2.310000e-15 -1.200303e+21 1.440728e+42
2.325000e-15 -1.127683e+21 1.271669e+42
2.340000e-15 -1.055411e+21 1.113893e+42
2.355000e-15 -9.835182e+20 9.673081e+41
2.370000e-15 -9.120327e+20 8.318037e+41
2.385000e-15 -8.409829e+20 7.072522e+41
2.400000e-15 -7.703961e+20 5.935101e+41
2.415000e-15 -7.002991e+20 4.904188e+41
2.430000e-15 -6.307177e+20 3.978048e+41
2.445000e-15 -5.616771e+20 3.154812e+41
2.460000e-15 -4.932017e+20 2.432479e+41
2.475000e-15 -4.253148e+20 1.808927e+41
2.490000e-15 -3.580392e+20 1.281921e+41
2.505000e-15 -2.913968e+20 8.491211e+40
2.520000e-15 -2.254085e+20 5.080901e+40
2.535000e-15 -1.600945e+20 2.563026e+40
2.550000e-15 -9.547406e+19 9.115297e+39
2.565000e-15 -3.156553e+19 9.963826e+38
2.580000e-15 3.161356e+19 9.994170e+38
2.595000e-15 9.404656e+19 8.844755e+39
2.610000e-15 1.557177e+20 2.424801e+40
2.625000e-15 2.166122e+20 4.692084e+40
2.640000e-15 2.767160e+20 7.657175e+40
2.655000e-15 3.360161e+20 1.129068e+41
2.670000e-15 3.945002e+20 1.556304e+41
2.685000e-15 4.521571e+20 2.044461e+41
2.700000e-15 5.089764e+20 2.590569e+41
2.715000e-15 5.649484e+20 3.191667e+41
2.730000e-15 6.200645e+20 3.844799e+41
2.745000e-15 6.743168e+20 4.547032e+41
2.760000e-15 7.276985e+20 5.295451e+41
2.775000e-15 7.802033e+20 6.087172e+41
2.790000e-15 8.318260e+20 6.919344e+41
2.805000e-15 8.825620e+20 7.789157e+41
2.820000e-15 9.324078e+20 8.693844e+41
2.835000e-15 9.813605e+20 9.630684e+41
2.850000e-15 1.029418e+21 1.059701e+42
2.865000e-15 1.076579e+21 1.159022e+42
2.880000e-15 1.122842e+21 1.260775e+42
2.895000e-15 1.168209e+21 1.364712e+42
2.910000e-15 1.212680e+21 1.470592e+42
2.925000e-15 1.256255e+21 1.578178e+42
2.940000e-15 1.298939e+21 1.687242e+42
2.955000e-15 1.340733e+21 1.797565e+42
2.970000e-15 1.381641e+21 1.908932e+42
2.985000e-15 1.421667e+21 2.021138e+42
3.000000e-15 1.460817e+21 2.133985e+42
3.015000e-15 1.499094e+21 2.247283e+42
3.030000e-15 1.536506e+21 2.360849e+42
3.045000e-15 1.573057e+21 2.474510e+42
3.060000e-15 1.608757e+21 2.588098e+42
3.075000e-15 1.643611e+21 2.701456e+42
3.090000e-15 1.677627e+21 2.814433e+42
3.105000e-15 1.710814e+21 2.926886e+42
3.120000e-15 1.743181e+21 3.038680e+42
3.135000e-15 1.774736e+21 3.149689e+42
3.150000e-15 1.805489e+21 3.259791e+42
3.165000e-15 1.835450e+21 3.368877e+42
3.180000e-15 1.864628e+21 3.476839e+42
3.195000e-15 1.893035e+21 3.583582e+42
3.210000e-15 1.920680e+21 3.689013e+42
3.225000e-15 1.947575e+21 3.793050e+42
3.240000e-15 1.973731e+21 3.895615e+42
3.255000e-15 1.999159e+21 3.996637e+42
3.270000e-15 2.023871e+21 4.096052e+42
3.285000e-15 2.047877e+21 4.193801e+42
3.300000e-15 2.071191e+21 4.289833e+42
3.315000e-15 2.093824e+21 4.384099e+42
3.330000e-15 2.115788e+21 4.476558e+42
3.345000e-15 2.137095e+21 4.567175e+42
3.360000e-15 2.157757e+21 4.655916e+42
3.375000e-15 2.177787e+21 4.742757e+42
3.390000e-15 2.197197e+21 4.827673e+42
3.405000e-15 2.215998e+21 4.910648e+42
3.420000e-15 2.234204e+21 4.991668e+42
3.435000e-15 2.251826e+21 5.070722e+42
3.450000e-15 2.268877e+21 5.147804e+42
3.465000e-15 2.285369e+21 5.222910e+42
3.480000e-15 2.301313e+21 5.296041e+42
3.495000e-15 2.316722e+21 5.367200e+42
3.510000e-15 2.331607e+21 5.436393e+42
3.525000e-15 2.345981e+21 5.503627e+42
3.540000e-15 2.359855e+21 5.568914e+42
3.555000e-15 2.373240e+21 5.632266e+42
3.570000e-15 2.386147e+21 5.693699e+42
3.585000e-15 2.398589e+21 5.753229e+42
3.600000e-15 2.410575e+21 5.810874e+42
3.615000e-15 2.422118e+21 5.866655e+42
3.630000e-15 2.433227e+21 5.920593e+42
3.645000e-15 2.443913e+21 5.972710e+42
3.660000e-15 2.454186e+21 6.023029e+42
3.675000e-15 2.464057e+21 6.071576e+42
3.690000e-15 2.473535e+21 6.118376e+42
3.705000e-15 2.482630e+21 6.163454e+42
3.720000e-15 2.491352e+21 6.206837e+42
3.735000e-15 2.499710e+21 6.248553e+42
3.750000e-15 2.507714e+21 6.288628e+42
3.765000e-15 2.515371e+21 6.327090e+42
3.780000e-15 2.522691e+21 6.363968e+42
3.795000e-15 2.529681e+21 6.399288e+42
3.810000e-15 2.536352e+21 6.433080e+42
3.825000e-15 2.542710e+21 6.465372e+42
3.840000e-15 2.548763e+21 6.496190e+42
3.855000e-15 2.554518e+21 6.525564e+42
3.870000e-15 2.559984e+21 6.553520e+42
3.885000e-15 2.565168e+21 6.580086e+42
3.900000e-15 2.570076e+21 6.605290e+42
3.915000e-15 2.574715e+21 6.629157e+42
3.930000e-15 2.579092e+21 6.651714e+42
3.945000e-15 2.583213e+21 6.672988e+42
3.960000e-15 2.587084e+21 6.693003e+42
3.975000e-15 2.590711e+21 6.711785e+42
3.990000e-15 2.594101e+21 6.729360e+42
4.005000e-15 2.597258e+21 6.745750e+42
4.020000e-15 2.600188e+21 6.760980e+42
4.035000e-15 2.602897e+21 6.775074e+42
4.050000e-15 2.605389e+21 6.788053e+42
4.065000e-15 2.607670e+21 6.799941e+42
4.080000e-15 2.609743e+21 6.810760e+42
4.095000e-15 2.611614e+21 6.820530e+42
4.110000e-15 2.613288e+21 6.829273e+42
4.125000e-15 2.614767e+21 6.837009e+42
4.140000e-15 2.616058e+21 6.843758e+42
4.155000e-15 2.617163e+21 6.849540e+42
4.170000e-15 2.618086e+21 6.854373e+42
4.185000e-15 2.618831e+21 6.858277e+42
4.200000e-15 2.619402e+21 6.861269e+42
4.215000e-15 2.619803e+21 6.863367e+42
4.230000e-15 2.620036e+21 6.864589e+42
4.245000e-15 2.620105e+21 6.864951e+42
4.260000e-15 2.620013e+21 6.864470e+42
4.275000e-15 2.619764e+21 6.863162e+42
4.290000e-15 2.619359e+21 6.861042e+42
4.305000e-15 2.618803e+21 6.858127e+42
4.320000e-15 2.618097e+21 6.854431e+42
4.335000e-15 2.617245e+21 6.849970e+42
4.350000e-15 2.616249e+21 6.844756e+42
4.365000e-15 2.615111e+21 6.838805e+42
4.380000e-15 2.613835e+21 6.832131e+42
4.395000e-15 2.612422e+21 6.824746e+42
4.410000e-15 2.610874e+21 6.816665e+42
4.425000e-15 2.609195e+21 6.807899e+42
4.440000e-15 2.607386e+21 6.798463e+42
4.455000e-15 2.605450e+21 6.788368e+42
4.470000e-15 2.603387e+21 6.777626e+42
4.485000e-15 2.601202e+21 6.766250e+42
4.500000e-15 2.598894e+21 6.754251e+42
4.515000e-15 2.596467e+21 6.741641e+42
4.530000e-15 2.593922e+21 6.728432e+42
4.545000e-15 2.591261e+21 6.714634e+42
4.560000e-15 2.588486e+21 6.700259e+42
4.575000e-15 2.585598e+21 6.685317e+42
4.590000e-15 2.582599e+21 6.669820e+42
4.605000e-15 2.579491e+21 6.653776e+42
4.620000e-15 2.576276e+21 6.637198e+42
4.635000e-15 2.572954e+21 6.620094e+42
4.650000e-15 2.569528e+21 6.602475e+42
4.665000e-15 2.565999e+21 6.584351e+42
4.680000e-15 2.562368e+21 6.565730e+42
4.695000e-15 2.558637e+21 6.546624e+42
4.710000e-15 2.554807e+21 6.527040e+42
4.725000e-15 2.550880e+21 6.506989e+42
4.740000e-15 2.546857e+21 6.486479e+42
4.755000e-15 2.542738e+21 6.465519e+42
4.770000e-15 2.538527e+21 6.444117e+42
4.785000e-15 2.534222e+21 6.422283e+42
4.800000e-15 2.529827e+21 6.400025e+42
4.815000e-15 2.525342e+21 6.377351e+42
4.830000e-15 2.520768e+21 6.354269e+42
4.845000e-15 2.516106e+21 6.330787e+42
4.860000e-15 2.511357e+21 6.306914e+42
4.875000e-15 2.506523e+21 6.282656e+42
4.890000e-15 2.501604e+21 6.258022e+42
4.905000e-15 2.496602e+21 6.233020e+42
4.920000e-15 2.491517e+21 6.207655e+42
4.935000e-15 2.486350e+21 6.181936e+42
4.950000e-15 2.481103e+21 6.155870e+42
4.965000e-15 2.475775e+21 6.129464e+42
4.980000e-15 2.470369e+21 6.102725e+42
4.995000e-15 2.464885e+21 6.075658e+42
5.010000e-15 2.459324e+21 6.048272e+42
5.025000e-15 2.453685e+21 6.020572e+42
5.040000e-15 2.447972e+21 5.992566e+42
5.055000e-15 2.442183e+21 5.964258e+42
5.070000e-15 2.436320e+21 5.935656e+42
5.085000e-15 2.430384e+21 5.906766e+42
5.100000e-15 2.424375e+21 5.877592e+42
5.115000e-15 2.418293e+21 5.848143e+42
5.130000e-15 2.412141e+21 5.818422e+42
5.145000e-15 2.405917e+21 5.788437e+42
5.160000e-15 2.399623e+21 5.758192e+42
5.175000e-15 2.393260e+21 5.727693e+42
5.190000e-15 2.386827e+21 5.696945e+42
5.205000e-15 2.380327e+21 5.665955e+42
5.220000e-15 2.373758e+21 5.634726e+42
5.235000e-15 2.367122e+21 5.603266e+42
5.250000e-15 2.360419e+21 5.571577e+42
5.265000e-15 2.353650e+21 5.539667e+42
5.280000e-15 2.346815e+21 5.507539e+42
5.295000e-15 2.339914e+21 5.475199e+42
5.310000e-15 2.332949e+21 5.442652e+42
5.325000e-15 2.325920e+21 5.409903e+42
5.340000e-15 2.318827e+21 5.376956e+42
5.355000e-15 2.311670e+21 5.343817e+42
5.370000e-15 2.304450e+21 5.310490e+42
5.385000e-15 2.297168e+21 5.276980e+42
5.400000e-15 2.289823e+21 5.243292e+42
5.415000e-15 2.282418e+21 5.209430e+42
5.430000e-15 2.274950e+21 5.175399e+42
5.445000e-15 2.267422e+21 5.141204e+42
5.460000e-15 2.259834e+21 5.106849e+42
5.475000e-15 2.252186e+21 5.072340e+42
5.490000e-15 2.244478e+21 5.037680e+42
5.505000e-15 2.236711e+21 5.002875e+42
5.520000e-15 2.228885e+21 4.967928e+42
5.535000e-15 2.221001e+21 4.932845e+42
5.550000e-15 2.213059e+21 4.897631e+42
5.565000e-15 2.205060e+21 4.862289e+42
5.580000e-15 2.197003e+21 4.826824e+42
5.595000e-15 2.188890e+21 4.791241e+42
5.610000e-15 2.180721e+21 4.755545e+42
5.625000e-15 2.172496e+21 4.719740e+42
5.640000e-15 2.164216e+21 4.683831e+42
5.655000e-15 2.155881e+21 4.647822e+42
5.670000e-15 2.147491e+21 4.611718e+42
5.685000e-15 2.139047e+21 4.575524e+42
5.700000e-15 2.130550e+21 4.539244e+42
5.715000e-15 2.122000e+21 4.502882e+42
5.730000e-15 2.113396e+21 4.466444e+42
5.745000e-15 2.104741e+21 4.429934e+42
5.760000e-15 2.096034e+21 4.393357e+42
5.775000e-15 2.087275e+21 4.356717e+42
5.790000e-15 2.078465e+21 4.320018e+42
5.805000e-15 2.069605e+21 4.283266e+42
5.820000e-15 2.060695e+21 4.246466e+42
5.835000e-15 2.051736e+21 4.209621e+42
5.850000e-15 2.042728e+21 4.172736e+42
5.865000e-15 2.033671e+21 4.135816e+42
5.880000e-15 2.024565e+21 4.098865e+42
5.895000e-15 2.015413e+21 4.061889e+42
5.910000e-15 2.006213e+21 4.024891e+42
5.925000e-15 1.996967e+21 3.987876e+42
5.940000e-15 1.987674e+21 3.950849e+42
5.955000e-15 1.978336e+21 3.913814e+42
5.970000e-15 1.968953e+21 3.876775e+42
5.985000e-15 1.959525e+21 3.839738e+42
6.000000e-15 1.950053e+21 3.802706e+42
6.015000e-15 1.940537e+21 3.765684e+42
6.030000e-15 1.930978e+21 3.728677e+42
6.045000e-15 1.921377e+21 3.691688e+42
6.060000e-15 1.911733e+21 3.654723e+42
6.075000e-15 1.902048e+21 3.617785e+42
6.090000e-15 1.892321e+21 3.580879e+42
6.105000e-15 1.882554e+21 3.544008e+42
6.120000e-15 1.872746e+21 3.507178e+42
6.135000e-15 1.862899e+21 3.470392e+42
6.150000e-15 1.853012e+21 3.433655e+42
6.165000e-15 1.843087e+21 3.396971e+42
6.180000e-15 1.833124e+21 3.360343e+42
6.195000e-15 1.823123e+21 3.323776e+42
6.210000e-15 1.813084e+21 3.287274e+42
6.225000e-15 1.803009e+21 3.250841e+42
6.240000e-15 1.792897e+21 3.214481e+42
6.255000e-15 1.782750e+21 3.178197e+42
6.270000e-15 1.772567e+21 3.141993e+42
6.285000e-15 1.762349e+21 3.105874e+42
6.300000e-15 1.752097e+21 3.069844e+42
6.315000e-15 1.741811e+21 3.033904e+42
6.330000e-15 1.731491e+21 2.998061e+42
6.345000e-15 1.721138e+21 2.962316e+42
6.360000e-15 1.710753e+21 2.926675e+42
6.375000e-15 1.700335e+21 2.891140e+42
6.390000e-15 1.689886e+21 2.855714e+42
6.405000e-15 1.679405e+21 2.820402e+42
6.420000e-15 1.668894e+21 2.785207e+42
6.435000e-15 1.658352e+21 2.750132e+42
6.450000e-15 1.647781e+21 2.715181e+42
6.465000e-15 1.637179e+21 2.680356e+42
6.480000e-15 1.626549e+21 2.645662e+42
6.495000e-15 1.615890e+21 2.611102e+42
6.510000e-15 1.605203e+21 2.576678e+42
6.525000e-15 1.594489e+21 2.542394e+42
6.540000e-15 1.583746e+21 2.508253e+42
6.555000e-15 1.572977e+21 2.474258e+42
6.570000e-15 1.562182e+21 2.440413e+42
6.585000e-15 1.551361e+21 2.406720e+42
6.600000e-15 1.540513e+21 2.373182e+42
6.615000e-15 1.529641e+21 2.339802e+42
6.630000e-15 1.518744e+21 2.306584e+42
6.645000e-15 1.507823e+21 2.273530e+42
6.660000e-15 1.496878e+21 2.240643e+42
6.675000e-15 1.485909e+21 2.207926e+42
6.690000e-15 1.474917e+21 2.175381e+42
6.705000e-15 1.463903e+21 2.143012e+42
6.720000e-15 1.452867e+21 2.110821e+42
6.735000e-15 1.441808e+21 2.078811e+42
6.750000e-15 1.430729e+21 2.046985e+42
6.765000e-15 1.419628e+21 2.015345e+42
6.780000e-15 1.408508e+21 1.983894e+42
6.795000e-15 1.397367e+21 1.952634e+42
6.810000e-15 1.386206e+21 1.921568e+42
6.825000e-15 1.375027e+21 1.890699e+42
6.840000e-15 1.363829e+21 1.860029e+42
6.855000e-15 1.352613e+21 1.829561e+42
6.870000e-15 1.341378e+21 1.799296e+42
6.885000e-15 1.330127e+21 1.769238e+42
6.900000e-15 1.318859e+21 1.739388e+42
6.915000e-15 1.307574e+21 1.709750e+42
6.930000e-15 1.296274e+21 1.680325e+42
6.945000e-15 1.284957e+21 1.651116e+42
6.960000e-15 1.273626e+21 1.622124e+42
6.975000e-15 1.262281e+21 1.593353e+42
6.990000e-15 1.250921e+21 1.564803e+42
7.005000e-15 1.239548e+21 1.536478e+42
7.020000e-15 1.228161e+21 1.508380e+42
7.035000e-15 1.216762e+21 1.480510e+42
7.050000e-15 1.205351e+21 1.452870e+42
7.065000e-15 1.193928e+21 1.425463e+42
7.080000e-15 1.182493e+21 1.398290e+42
7.095000e-15 1.171048e+21 1.371354e+42
7.110000e-15 1.159593e+21 1.344656e+42
7.125000e-15 1.148128e+21 1.318198e+42
7.140000e-15 1.136654e+21 1.291981e+42
7.155000e-15 1.125170e+21 1.266008e+42
7.170000e-15 1.113679e+21 1.240281e+42
7.185000e-15 1.102180e+21 1.214800e+42
7.200000e-15 1.090673e+21 1.189567e+42
7.215000e-15 1.079159e+21 1.164585e+42
7.230000e-15 1.067640e+21 1.139854e+42
7.245000e-15 1.056114e+21 1.115376e+42
7.260000e-15 1.044583e+21 1.091153e+42
7.275000e-15 1.033047e+21 1.067185e+42
7.290000e-15 1.021506e+21 1.043475e+42
7.305000e-15 1.009962e+21 1.020023e+42
7.320000e-15 9.984141e+20 9.968308e+41
7.335000e-15 9.868634e+20 9.738994e+41
7.350000e-15 9.753103e+20 9.512302e+41
7.365000e-15 9.637552e+20 9.288241e+41
7.380000e-15 9.521986e+20 9.066822e+41
7.395000e-15 9.406410e+20 8.848056e+41
7.410000e-15 9.290829e+20 8.631951e+41
7.425000e-15 9.175248e+20 8.418518e+41
7.440000e-15 9.059671e+20 8.207764e+41
7.455000e-15 8.944103e+20 7.999698e+41
7.470000e-15 8.828549e+20 7.794328e+41
7.485000e-15 8.713014e+20 7.591661e+41
7.500000e-15 8.597502e+20 7.391704e+41
7.515000e-15 8.482018e+20 7.194463e+41
7.530000e-15 8.366567e+20 6.999944e+41
7.545000e-15 8.251152e+20 6.808152e+41
7.560000e-15 8.135780e+20 6.619092e+41
7.575000e-15 8.020454e+20 6.432769e+41
7.590000e-15 7.905179e+20 6.249186e+41
7.605000e-15 7.789960e+20 6.068348e+41
7.620000e-15 7.674801e+20 5.890256e+41
7.635000e-15 7.559706e+20 5.714915e+41
7.650000e-15 7.444680e+20 5.542326e+41
7.665000e-15 7.329727e+20 5.372490e+41
7.680000e-15 7.214853e+20 5.205410e+41
7.695000e-15 7.100060e+20 5.041085e+41
7.710000e-15 6.985354e+20 4.879517e+41
7.725000e-15 6.870739e+20 4.720706e+41
7.740000e-15 6.756219e+20 4.564650e+41
7.755000e-15 6.641799e+20 4.411349e+41
7.770000e-15 6.527483e+20 4.260803e+41
7.785000e-15 6.413274e+20 4.113008e+41
7.800000e-15 6.299178e+20 3.967964e+41
7.815000e-15 6.185199e+20 3.825668e+41
7.830000e-15 6.071340e+20 3.686117e+41
7.845000e-15 5.957606e+20 3.549307e+41
7.860000e-15 5.844001e+20 3.415235e+41
7.875000e-15 5.730530e+20 3.283898e+41
7.890000e-15 5.617196e+20 3.155290e+41
7.905000e-15 5.504004e+20 3.029406e+41
7.920000e-15 5.390958e+20 2.906243e+41
7.935000e-15 5.278061e+20 2.785793e+41
7.950000e-15 5.165319e+20 2.668052e+41
7.965000e-15 5.052734e+20 2.553013e+41
7.980000e-15 4.940312e+20 2.440669e+41
7.995000e-15 4.828056e+20 2.331013e+41
8.010000e-15 4.715971e+20 2.224038e+41
8.025000e-15 4.604060e+20 2.119737e+41
8.040000e-15 4.492327e+20 2.018101e+41
8.055000e-15 4.380778e+20 1.919121e+41
8.070000e-15 4.269414e+20 1.822790e+41
8.085000e-15 4.158242e+20 1.729098e+41
8.100000e-15 4.047264e+20 1.638035e+41
8.115000e-15 3.936486e+20 1.549592e+41
8.130000e-15 3.825910e+20 1.463758e+41
8.145000e-15 3.715541e+20 1.380524e+41
8.160000e-15 3.605383e+20 1.299879e+41
8.175000e-15 3.495440e+20 1.221810e+41
8.190000e-15 3.385717e+20 1.146308e+41
8.205000e-15 3.276216e+20 1.073359e+41
8.220000e-15 3.166943e+20 1.002953e+41
8.235000e-15 3.057901e+20 9.350759e+40
8.250000e-15 2.949094e+20 8.697158e+40
8.265000e-15 2.840527e+20 8.068594e+40
8.280000e-15 2.732203e+20 7.464933e+40
8.295000e-15 2.624126e+20 6.886040e+40
8.310000e-15 2.516301e+20 6.331772e+40
8.325000e-15 2.408731e+20 5.801987e+40
8.340000e-15 2.301421e+20 5.296539e+40
8.355000e-15 2.194374e+20 4.815278e+40
8.370000e-15 2.087595e+20 4.358051e+40
8.385000e-15 1.981086e+20 3.924703e+40
8.400000e-15 1.874854e+20 3.515076e+40
8.415000e-15 1.768900e+20 3.129008e+40
8.430000e-15 1.663230e+20 2.766334e+40
8.445000e-15 1.557847e+20 2.426887e+40
8.460000e-15 1.452755e+20 2.110497e+40
8.475000e-15 1.347958e+20 1.816992e+40
8.490000e-15 1.243461e+20 1.546194e+40
8.505000e-15 1.139266e+20 1.297926e+40
8.520000e-15 1.035377e+20 1.072006e+40
8.535000e-15 9.317995e+19 8.682503e+39
8.550000e-15 8.285361e+19 6.864721e+39
8.565000e-15 7.255909e+19 5.264822e+39
8.580000e-15 6.229677e+19 3.880887e+39
8.595000e-15 5.206701e+19 2.710974e+39
8.610000e-15 4.187020e+19 1.753114e+39
8.625000e-15 3.170671e+19 1.005316e+39
8.640000e-15 2.157691e+19 4.655629e+38
8.655000e-15 1.148115e+19 1.318169e+38
8.670000e-15 1.419819e+18 2.015886e+36
8.685000e-15 -8.606738e+18 7.407594e+37
8.700000e-15 -1.859816e+19 3.458915e+38
8.715000e-15 -2.855409e+19 8.153359e+38
8.730000e-15 -3.847417e+19 1.480262e+39
8.745000e-15 -4.835806e+19 2.338502e+39
8.760000e-15 -5.820540e+19 3.387869e+39
8.775000e-15 -6.801586e+19 4.626157e+39
8.790000e-15 -7.778909e+19 6.051143e+39
8.805000e-15 -8.752476e+19 7.660583e+39
8.820000e-15 -9.722252e+19 9.452218e+39
8.835000e-15 -1.068821e+20 1.142377e+40
8.850000e-15 -1.165030e+20 1.357295e+40
8.865000e-15 -1.260851e+20 1.589745e+40
8.880000e-15 -1.356280e+20 1.839495e+40
8.895000e-15 -1.451313e+20 2.106310e+40
8.910000e-15 -1.545948e+20 2.389956e+40
8.925000e-15 -1.640181e+20 2.690195e+40
8.940000e-15 -1.734010e+20 3.006791e+40
8.955000e-15 -1.827431e+20 3.339504e+40
8.970000e-15 -1.920441e+20 3.688094e+40
8.985000e-15 -2.013037e+20 4.052320e+40
9.000000e-15 -2.105217e+20 4.431938e+40
9.015000e-15 -2.196977e+20 4.826706e+40
9.030000e-15 -2.288314e+20 5.236379e+40
9.045000e-15 -2.379225e+20 5.660711e+40
9.060000e-15 -2.469708e+20 6.099457e+40
9.075000e-15 -2.559759e+20 6.552368e+40
9.090000e-15 -2.649377e+20 7.019198e+40
9.105000e-15 -2.738557e+20 7.499696e+40
9.120000e-15 -2.827298e+20 7.993615e+40
9.135000e-15 -2.915597e+20 8.500704e+40
9.150000e-15 -3.003450e+20 9.020711e+40
9.165000e-15 -3.090855e+20 9.553386e+40
9.180000e-15 -3.177810e+20 1.009848e+41
9.195000e-15 -3.264312e+20 1.065573e+41
9.210000e-15 -3.350358e+20 1.122490e+41
9.225000e-15 -3.435945e+20 1.180572e+41
9.240000e-15 -3.521072e+20 1.239795e+41
9.255000e-15 -3.605735e+20 1.300133e+41
9.270000e-15 -3.689932e+20 1.361560e+41
9.285000e-15 -3.773660e+20 1.424051e+41
9.300000e-15 -3.856918e+20 1.487581e+41
9.315000e-15 -3.939701e+20 1.552125e+41
9.330000e-15 -4.022009e+20 1.617656e+41
9.345000e-15 -4.103838e+20 1.684149e+41
9.360000e-15 -4.185186e+20 1.751579e+41
9.375000e-15 -4.266051e+20 1.819919e+41
9.390000e-15 -4.346431e+20 1.889146e+41
9.405000e-15 -4.426322e+20 1.959232e+41
9.420000e-15 -4.505723e+20 2.030154e+41
9.435000e-15 -4.584631e+20 2.101884e+41
9.450000e-15 -4.663043e+20 2.174397e+41
9.465000e-15 -4.740959e+20 2.247669e+41
9.480000e-15 -4.818375e+20 2.321674e+41
9.495000e-15 -4.895289e+20 2.396385e+41
9.510000e-15 -4.971699e+20 2.471779e+41
9.525000e-15 -5.047602e+20 2.547829e+41
9.540000e-15 -5.122997e+20 2.624510e+41
9.555000e-15 -5.197881e+20 2.701797e+41
9.570000e-15 -5.272253e+20 2.779665e+41
9.585000e-15 -5.346109e+20 2.858088e+41
9.600000e-15 -5.419448e+20 2.937042e+41
9.615000e-15 -5.492268e+20 3.016500e+41
9.630000e-15 -5.564566e+20 3.096439e+41
9.645000e-15 -5.636341e+20 3.176834e+41
9.660000e-15 -5.707590e+20 3.257659e+41
9.675000e-15 -5.778312e+20 3.338889e+41
9.690000e-15 -5.848504e+20 3.420500e+41
9.705000e-15 -5.918165e+20 3.502468e+41
9.720000e-15 -5.987293e+20 3.584768e+41
9.735000e-15 -6.055885e+20 3.667375e+41
9.750000e-15 -6.123940e+20 3.750264e+41
9.765000e-15 -6.191456e+20 3.833413e+41
9.780000e-15 -6.258431e+20 3.916796e+41
9.795000e-15 -6.324863e+20 4.000390e+41
9.810000e-15 -6.390751e+20 4.084170e+41
9.825000e-15 -6.456092e+20 4.168113e+41
9.840000e-15 -6.520886e+20 4.252195e+41
9.855000e-15 -6.585129e+20 4.336393e+41
9.870000e-15 -6.648822e+20 4.420683e+41
9.885000e-15 -6.711961e+20 4.505042e+41
9.900000e-15 -6.774545e+20 4.589446e+41
9.915000e-15 -6.836573e+20 4.673874e+41
9.930000e-15 -6.898044e+20 4.758301e+41
9.945000e-15 -6.958955e+20 4.842705e+41
9.960000e-15 -7.019305e+20 4.927065e+41
9.975000e-15 -7.079093e+20 5.011356e+41
9.990000e-15 -7.138318e+20 5.095558e+41
1.000500e-14 -7.196977e+20 5.179647e+41
1.002000e-14 -7.255070e+20 5.263603e+41
1.003500e-14 -7.312594e+20 5.347404e+41
1.005000e-14 -7.369550e+20 5.431027e+41
1.006500e-14 -7.425936e+20 5.514453e+41
1.008000e-14 -7.481750e+20 5.597658e+41
1.009500e-14 -7.536991e+20 5.680624e+41
1.011000e-14 -7.591659e+20 5.763328e+41
1.012500e-14 -7.645751e+20 5.845751e+41
1.014000e-14 -7.699267e+20 5.927872e+41
1.015500e-14 -7.752206e+20 6.009670e+41
1.017000e-14 -7.804567e+20 6.091127e+41
1.018500e-14 -7.856349e+20 6.172222e+41
1.020000e-14 -7.907550e+20 6.252935e+41
1.021500e-14 -7.958171e+20 6.333248e+41
1.023000e-14 -8.008209e+20 6.413141e+41
1.024500e-14 -8.057665e+20 6.492596e+41
1.026000e-14 -8.106537e+20 6.571594e+41
1.027500e-14 -8.154824e+20 6.650116e+41
1.029000e-14 -8.202526e+20 6.728144e+41
1.030500e-14 -8.249643e+20 6.805660e+41
1.032000e-14 -8.296172e+20 6.882647e+41
1.033500e-14 -8.342114e+20 6.959087e+41
1.035000e-14 -8.387469e+20 7.034963e+41
1.036500e-14 -8.432234e+20 7.110257e+41
1.038000e-14 -8.476411e+20 7.184954e+41
1.039500e-14 -8.519997e+20 7.259035e+41
1.041000e-14 -8.562994e+20 7.332486e+41
1.042500e-14 -8.605399e+20 7.405290e+41
1.044000e-14 -8.647214e+20 7.477431e+41
1.045500e-14 -8.688436e+20 7.548893e+41
1.047000e-14 -8.729067e+20 7.619661e+41
1.048500e-14 -8.769105e+20 7.689720e+41
1.050000e-14 -8.808550e+20 7.759056e+41
1.051500e-14 -8.847402e+20 7.827652e+41
1.053000e-14 -8.885660e+20 7.895496e+41
1.054500e-14 -8.923325e+20 7.962573e+41
1.056000e-14 -8.960396e+20 8.028869e+41
1.057500e-14 -8.996872e+20 8.094370e+41
1.059000e-14 -9.032753e+20 8.159063e+41
1.060500e-14 -9.068040e+20 8.222935e+41
1.062000e-14 -9.102732e+20 8.285974e+41
1.063500e-14 -9.136829e+20 8.348165e+41
1.065000e-14 -9.170331e+20 8.409497e+41
1.066500e-14 -9.203238e+20 8.469958e+41
1.068000e-14 -9.235549e+20 8.529536e+41
1.069500e-14 -9.267264e+20 8.588219e+41
1.071000e-14 -9.298385e+20 8.645996e+41
1.072500e-14 -9.328910e+20 8.702856e+41
1.074000e-14 -9.358839e+20 8.758787e+41
1.075500e-14 -9.388173e+20 8.813780e+41
1.077000e-14 -9.416912e+20 8.867824e+41
1.078500e-14 -9.445056e+20 8.920908e+41
1.080000e-14 -9.472604e+20 8.973023e+41
1.081500e-14 -9.499558e+20 9.024160e+41
1.083000e-14 -9.525917e+20 9.074309e+41
1.084500e-14 -9.551681e+20 9.123460e+41
1.086000e-14 -9.576850e+20 9.171606e+41
1.087500e-14 -9.601426e+20 9.218737e+41
1.089000e-14 -9.625407e+20 9.264846e+41
1.090500e-14 -9.648795e+20 9.309924e+41
1.092000e-14 -9.671589e+20 9.353964e+41
1.093500e-14 -9.693790e+20 9.396957e+41
1.095000e-14 -9.715399e+20 9.438897e+41
1.096500e-14 -9.736415e+20 9.479778e+41
1.098000e-14 -9.756839e+20 9.519591e+41
1.099500e-14 -9.776672e+20 9.558331e+41
1.101000e-14 -9.795913e+20 9.595991e+41
1.102500e-14 -9.814564e+20 9.632567e+41
1.104000e-14 -9.832625e+20 9.668051e+41
1.105500e-14 -9.850096e+20 9.702439e+41
1.107000e-14 -9.866978e+20 9.735725e+41
1.108500e-14 -9.883272e+20 9.767906e+41
1.110000e-14 -9.898977e+20 9.798975e+41
1.111500e-14 -9.914096e+20 9.828929e+41
1.113000e-14 -9.928628e+20 9.857764e+41
1.114500e-14 -9.942573e+20 9.885477e+41
1.116000e-14 -9.955934e+20 9.912063e+41
1.117500e-14 -9.968711e+20 9.937519e+41
1.119000e-14 -9.980903e+20 9.961843e+41
1.120500e-14 -9.992513e+20 9.985031e+41
1.122000e-14 -1.000354e+21 1.000708e+42
1.123500e-14 -1.001399e+21 1.002799e+42
1.125000e-14 -1.002385e+21 1.004776e+42
1.126500e-14 -1.003314e+21 1.006639e+42
1.128000e-14 -1.004185e+21 1.008387e+42
1.129500e-14 -1.004998e+21 1.010021e+42
1.131000e-14 -1.005753e+21 1.011540e+42
1.132500e-14 -1.006451e+21 1.012944e+42
1.134000e-14 -1.007092e+21 1.014234e+42
1.135500e-14 -1.007675e+21 1.015408e+42
1.137000e-14 -1.008201e+21 1.016469e+42
1.138500e-14 -1.008669e+21 1.017414e+42
1.140000e-14 -1.009081e+21 1.018245e+42
1.141500e-14 -1.009436e+21 1.018961e+42
1.143000e-14 -1.009734e+21 1.019563e+42
1.144500e-14 -1.009976e+21 1.020051e+42
1.146000e-14 -1.010161e+21 1.020425e+42
1.147500e-14 -1.010290e+21 1.020685e+42
1.149000e-14 -1.010362e+21 1.020831e+42
1.150500e-14 -1.010378e+21 1.020864e+42
1.152000e-14 -1.010339e+21 1.020784e+42
1.153500e-14 -1.010243e+21 1.020592e+42
1.155000e-14 -1.010092e+21 1.020286e+42
1.156500e-14 -1.009886e+21 1.019869e+42
1.158000e-14 -1.009624e+21 1.019340e+42
1.159500e-14 -1.009306e+21 1.018700e+42
1.161000e-14 -1.008934e+21 1.017948e+42
1.162500e-14 -1.008507e+21 1.017086e+42
1.164000e-14 -1.008025e+21 1.016114e+42
1.165500e-14 -1.007489e+21 1.015033e+42
1.167000e-14 -1.006898e+21 1.013843e+42
1.168500e-14 -1.006252e+21 1.012544e+42
1.170000e-14 -1.005553e+21 1.011137e+42
1.171500e-14 -1.004800e+21 1.009623e+42
1.173000e-14 -1.003993e+21 1.008002e+42
1.174500e-14 -1.003132e+21 1.006274e+42
1.176000e-14 -1.002218e+21 1.004442e+42
1.177500e-14 -1.001251e+21 1.002504e+42
1.179000e-14 -1.000231e+21 1.000462e+42
1.180500e-14 -9.991579e+20 9.983165e+41
1.182000e-14 -9.980322e+20 9.960682e+41
1.183500e-14 -9.968540e+20 9.937179e+41
1.185000e-14 -9.956235e+20 9.912662e+41
1.186500e-14 -9.943409e+20 9.887139e+41
1.188000e-14 -9.930065e+20 9.860618e+41
1.189500e-14 -9.916203e+20 9.833108e+41
1.191000e-14 -9.901826e+20 9.804616e+41
1.192500e-14 -9.886936e+20 9.775150e+41
1.194000e-14 -9.871535e+20 9.744720e+41
1.195500e-14 -9.855624e+20 9.713333e+41
1.197000e-14 -9.839207e+20 9.681000e+41
1.198500e-14 -9.822285e+20 9.647728e+41
1.200000e-14 -9.804860e+20 9.613528e+41
1.201500e-14 -9.786934e+20 9.578408e+41
1.203000e-14 -9.768510e+20 9.542378e+41
1.204500e-14 -9.749589e+20 9.505448e+41
1.206000e-14 -9.730173e+20 9.467627e+41
1.207500e-14 -9.710265e+20 9.428925e+41
1.209000e-14 -9.689868e+20 9.389354e+41
1.210500e-14 -9.668982e+20 9.348922e+41
1.212000e-14 -9.647611e+20 9.307640e+41
1.213500e-14 -9.625757e+20 9.265519e+41
1.215000e-14 -9.603421e+20 9.222569e+41
1.216500e-14 -9.580606e+20 9.178802e+41
1.218000e-14 -9.557315e+20 9.134228e+41
1.219500e-14 -9.533550e+20 9.088858e+41
1.221000e-14 -9.509313e+20 9.042703e+41
1.222500e-14 -9.484606e+20 8.995775e+41
1.224000e-14 -9.459432e+20 8.948085e+41
1.225500e-14 -9.433793e+20 8.899644e+41
1.227000e-14 -9.407691e+20 8.850465e+41
1.228500e-14 -9.381129e+20 8.800559e+41
1.230000e-14 -9.354110e+20 8.749938e+41
1.231500e-14 -9.326635e+20 8.698613e+41
1.233000e-14 -9.298708e+20 8.646597e+41
1.234500e-14 -9.270330e+20 8.593903e+41
1.236000e-14 -9.241505e+20 8.540541e+41
1.237500e-14 -9.212234e+20 8.486526e+41
1.239000e-14 -9.182521e+20 8.431868e+41
1.240500e-14 -9.152367e+20 8.376582e+41
1.242000e-14 -9.121775e+20 8.320678e+41
1.243500e-14 -9.090749e+20 8.264171e+41
1.245000e-14 -9.059289e+20 8.207073e+41
1.246500e-14 -9.027400e+20 8.149396e+41
1.248000e-14 -8.995084e+20 8.091154e+41
1.249500e-14 -8.962343e+20 8.032360e+41
1.251000e-14 -8.929180e+20 7.973026e+41
1.252500e-14 -8.895598e+20 7.913167e+41
1.254000e-14 -8.861599e+20 7.852794e+41
1.255500e-14 -8.827187e+20 7.791923e+41
1.257000e-14 -8.792363e+20 7.730565e+41
1.258500e-14 -8.757131e+20 7.668734e+41
1.260000e-14 -8.721493e+20 7.606445e+41
1.261500e-14 -8.685453e+20 7.543709e+41
1.263000e-14 -8.649012e+20 7.480541e+41
1.264500e-14 -8.612175e+20 7.416955e+41
1.266000e-14 -8.574942e+20 7.352964e+41
1.267500e-14 -8.537319e+20 7.288581e+41
1.269000e-14 -8.499307e+20 7.223821e+41
1.270500e-14 -8.460909e+20 7.158697e+41
1.272000e-14 -8.422128e+20 7.093223e+41
1.273500e-14 -8.382967e+20 7.027413e+41
1.275000e-14 -8.343429e+20 6.961281e+41
1.276500e-14 -8.303517e+20 6.894839e+41
1.278000e-14 -8.263234e+20 6.828103e+41
1.279500e-14 -8.222583e+20 6.761086e+41
1.281000e-14 -8.181566e+20 6.693803e+41
1.282500e-14 -8.140188e+20 6.626266e+41
1.284000e-14 -8.098450e+20 6.558489e+41
1.285500e-14 -8.056356e+20 6.490488e+41
1.287000e-14 -8.013909e+20 6.422274e+41
1.288500e-14 -7.971113e+20 6.353863e+41
1.290000e-14 -7.927969e+20 6.285269e+41
1.291500e-14 -7.884481e+20 6.216504e+41
1.293000e-14 -7.840653e+20 6.147583e+41
1.294500e-14 -7.796487e+20 6.078520e+41
1.296000e-14 -7.751986e+20 6.009328e+41
1.297500e-14 -7.707154e+20 5.940022e+41
1.299000e-14 -7.661993e+20 5.870614e+41
1.300500e-14 -7.616508e+20 5.801119e+41
1.302000e-14 -7.570700e+20 5.731551e+41
1.303500e-14 -7.524574e+20 5.661922e+41
1.305000e-14 -7.478132e+20 5.592246e+41
1.306500e-14 -7.431378e+20 5.522538e+41
1.308000e-14 -7.384314e+20 5.452810e+41
1.309500e-14 -7.336944e+20 5.383075e+41
1.311000e-14 -7.289272e+20 5.313349e+41
1.312500e-14 -7.241300e+20 5.243642e+41
1.314000e-14 -7.193031e+20 5.173970e+41
1.315500e-14 -7.144470e+20 5.104345e+41
1.317000e-14 -7.095618e+20 5.034779e+41
1.318500e-14 -7.046480e+20 4.965288e+41
1.320000e-14 -6.997058e+20 4.895882e+41
1.321500e-14 -6.947356e+20 4.826576e+41
1.323000e-14 -6.897377e+20 4.757382e+41
1.324500e-14 -6.847125e+20 4.688312e+41
1.326000e-14 -6.796603e+20 4.619381e+41
1.327500e-14 -6.745813e+20 4.550599e+41
1.329000e-14 -6.694759e+20 4.481980e+41
1.330500e-14 -6.643446e+20 4.413537e+41
1.332000e-14 -6.591875e+20 4.345281e+41
1.333500e-14 -6.540050e+20 4.277225e+41
1.335000e-14 -6.487974e+20 4.209381e+41
1.336500e-14 -6.435652e+20 4.141761e+41
1.338000e-14 -6.383085e+20 4.074378e+41
1.339500e-14 -6.330278e+20 4.007242e+41
1.341000e-14 -6.277234e+20 3.940367e+41
1.342500e-14 -6.223956e+20 3.873763e+41
1.344000e-14 -6.170447e+20 3.807442e+41
1.345500e-14 -6.116711e+20 3.741416e+41
1.347000e-14 -6.062751e+20 3.675696e+41
1.348500e-14 -6.008571e+20 3.610293e+41
1.350000e-14 -5.954174e+20 3.545218e+41
1.351500e-14 -5.899562e+20 3.480483e+41
1.353000e-14 -5.844740e+20 3.416099e+41
1.354500e-14 -5.789712e+20 3.352076e+41
1.356000e-14 -5.734479e+20 3.288425e+41
1.357500e-14 -5.679046e+20 3.225156e+41
1.359000e-14 -5.623416e+20 3.162281e+41
1.360500e-14 -5.567592e+20 3.099809e+41
1.362000e-14 -5.511579e+20 3.037750e+41
1.363500e-14 -5.455378e+20 2.976115e+41
1.365000e-14 -5.398994e+20 2.914914e+41
1.366500e-14 -5.342430e+20 2.854156e+41
1.368000e-14 -5.285689e+20 2.793851e+41
1.369500e-14 -5.228775e+20 2.734008e+41
1.371000e-14 -5.171691e+20 2.674638e+41
1.372500e-14 -5.114440e+20 2.615750e+41
1.374000e-14 -5.057026e+20 2.557352e+41
1.375500e-14 -4.999453e+20 2.499453e+41
1.377000e-14 -4.941724e+20 2.442063e+41
1.378500e-14 -4.883841e+20 2.385190e+41
1.380000e-14 -4.825809e+20 2.328843e+41
1.381500e-14 -4.767631e+20 2.273031e+41
1.383000e-14 -4.709311e+20 2.217761e+41
1.384500e-14 -4.650851e+20 2.163041e+41
1.386000e-14 -4.592255e+20 2.108881e+41
1.387500e-14 -4.533527e+20 2.055287e+41
1.389000e-14 -4.474671e+20 2.002268e+41
1.390500e-14 -4.415688e+20 1.949830e+41
1.392000e-14 -4.356584e+20 1.897982e+41
1.393500e-14 -4.297361e+20 1.846731e+41
1.395000e-14 -4.238022e+20 1.796083e+41
1.396500e-14 -4.178572e+20 1.746047e+41
1.398000e-14 -4.119014e+20 1.696627e+41
1.399500e-14 -4.059350e+20 1.647833e+41
1.401000e-14 -3.999585e+20 1.599668e+41
1.402500e-14 -3.939722e+20 1.552141e+41
1.404000e-14 -3.879765e+20 1.505258e+41
1.405500e-14 -3.819716e+20 1.459023e+41
1.407000e-14 -3.759579e+20 1.413444e+41
1.408500e-14 -3.699359e+20 1.368525e+41
1.410000e-14 -3.639057e+20 1.324273e+41
1.411500e-14 -3.578678e+20 1.280693e+41
1.413000e-14 -3.518224e+20 1.237790e+41
1.414500e-14 -3.457700e+20 1.195569e+41
1.416000e-14 -3.397109e+20 1.154035e+41
1.417500e-14 -3.336454e+20 1.113193e+41
1.419000e-14 -3.275739e+20 1.073047e+41
1.420500e-14 -3.214967e+20 1.033601e+41
1.422000e-14 -3.154142e+20 9.948609e+40
1.423500e-14 -3.093266e+20 9.568294e+40
1.425000e-14 -3.032344e+20 9.195108e+40
1.426500e-14 -2.971378e+20 8.829087e+40
1.428000e-14 -2.910373e+20 8.470268e+40
1.429500e-14 -2.849331e+20 8.118685e+40
1.431000e-14 -2.788256e+20 7.774370e+40
1.432500e-14 -2.727151e+20 7.437353e+40
1.434000e-14 -2.666020e+20 7.107663e+40
1.435500e-14 -2.604866e+20 6.785328e+40
1.437000e-14 -2.543693e+20 6.470374e+40
1.438500e-14 -2.482503e+20 6.162823e+40
1.440000e-14 -2.421301e+20 5.862699e+40
1.441500e-14 -2.360090e+20 5.570022e+40
1.443000e-14 -2.298872e+20 5.284811e+40
1.444500e-14 -2.237651e+20 5.007083e+40
1.446000e-14 -2.176431e+20 4.736854e+40
1.447500e-14 -2.115216e+20 4.474137e+40
1.449000e-14 -2.054007e+20 4.218944e+40
1.450500e-14 -1.992809e+20 3.971287e+40
1.452000e-14 -1.931625e+20 3.731174e+40
1.453500e-14 -1.870458e+20 3.498613e+40
1.455000e-14 -1.809312e+20 3.273608e+40
1.456500e-14 -1.748189e+20 3.056165e+40
1.458000e-14 -1.687093e+20 2.846284e+40
1.459500e-14 -1.626028e+20 2.643968e+40
1.461000e-14 -1.564997e+20 2.449215e+40
1.462500e-14 -1.504002e+20 2.262023e+40
1.464000e-14 -1.443048e+20 2.082387e+40
1.465500e-14 -1.382137e+20 1.910301e+40
1.467000e-14 -1.321272e+20 1.745760e+40
1.468500e-14 -1.260457e+20 1.588752e+40
1.470000e-14 -1.199695e+20 1.439269e+40
1.471500e-14 -1.138990e+20 1.297298e+40
1.473000e-14 -1.078344e+20 1.162825e+40
1.474500e-14 -1.017760e+20 1.035835e+40
1.476000e-14 -9.572419e+19 9.163121e+39
1.477500e-14 -8.967929e+19 8.042375e+39
1.479000e-14 -8.364159e+19 6.995916e+39
1.480500e-14 -7.761141e+19 6.023530e+39
1.482000e-14 -7.158905e+19 5.124992e+39
1.483500e-14 -6.557484e+19 4.300059e+39
1.485000e-14 -5.956907e+19 3.548475e+39
1.486500e-14 -5.357207e+19 2.869967e+39
1.488000e-14 -4.758414e+19 2.264250e+39
1.489500e-14 -4.160558e+19 1.731024e+39
1.491000e-14 -3.563670e+19 1.269975e+39
1.492500e-14 -2.967781e+19 8.807727e+38
1.494000e-14 -2.372922e+19 5.630757e+38
1.495500e-14 -1.779121e+19 3.165272e+38
1.497000e-14 -1.186410e+19 1.407569e+38
1.498500e-14 -5.948188e+18 3.538094e+37
