0.000000e+00 nan nan
1.500000e-17 -3.191050e+20 1.018280e+41
3.000000e-17 -6.379399e+20 4.069674e+41
4.500000e-17 -9.562350e+20 9.143853e+41
6.000000e-17 -1.273721e+21 1.622365e+42
7.500000e-17 -1.590129e+21 2.528510e+42
9.000000e-17 -1.905192e+21 3.629757e+42
1.050000e-16 -2.218644e+21 4.922381e+42
1.200000e-16 -2.530220e+21 6.402013e+42
1.350000e-16 -2.839658e+21 8.063656e+42
1.500000e-16 -3.146696e+21 9.901698e+42
1.650000e-16 -3.451078e+21 1.190994e+43
1.800000e-16 -3.752546e+21 1.408160e+43
1.950000e-16 -4.050849e+21 1.640938e+43
2.100000e-16 -4.345737e+21 1.888543e+43
2.250000e-16 -4.636963e+21 2.150143e+43
2.400000e-16 -4.924285e+21 2.424859e+43
2.550000e-16 -5.207464e+21 2.711769e+43
2.700000e-16 -5.486266e+21 3.009911e+43
2.850000e-16 -5.760459e+21 3.318288e+43
3.000000e-16 -6.029817e+21 3.635870e+43
3.150000e-16 -6.294121e+21 3.961596e+43
3.300000e-16 -6.553153e+21 4.294381e+43
3.450000e-16 -6.806702e+21 4.633119e+43
3.600000e-16 -7.054563e+21 4.976686e+43
3.750000e-16 -7.296536e+21 5.323943e+43
3.900000e-16 -7.532426e+21 5.673744e+43
4.050000e-16 -7.762045e+21 6.024935e+43
4.200000e-16 -7.985212e+21 6.376361e+43
4.350000e-16 -8.201750e+21 6.726870e+43
4.500000e-16 -8.411490e+21 7.075316e+43
4.650000e-16 -8.614269e+21 7.420563e+43
4.800000e-16 -8.809933e+21 7.761491e+43
4.950000e-16 -8.998331e+21 8.096996e+43
5.100000e-16 -9.179323e+21 8.425998e+43
5.250000e-16 -9.352775e+21 8.747439e+43
5.400000e-16 -9.518558e+21 9.060295e+43
5.550000e-16 -9.676555e+21 9.363572e+43
5.700000e-16 -9.826653e+21 9.656311e+43
5.850000e-16 -9.968748e+21 9.937595e+43
6.000000e-16 -1.010274e+22 1.020655e+44
6.150000e-16 -1.022855e+22 1.046233e+44
6.300000e-16 -1.034610e+22 1.070417e+44
6.450000e-16 -1.045530e+22 1.093133e+44
6.600000e-16 -1.055610e+22 1.114313e+44
6.750000e-16 -1.064844e+22 1.133893e+44
6.900000e-16 -1.073228e+22 1.151818e+44
7.050000e-16 -1.080757e+22 1.168035e+44
7.200000e-16 -1.087428e+22 1.182500e+44
7.350000e-16 -1.093240e+22 1.195173e+44
7.500000e-16 -1.098190e+22 1.206021e+44
7.650000e-16 -1.102279e+22 1.215018e+44
7.800000e-16 -1.105506e+22 1.222143e+44
7.950000e-16 -1.107872e+22 1.227381e+44
8.100000e-16 -1.109381e+22 1.230725e+44
8.250000e-16 -1.110033e+22 1.232173e+44
8.400000e-16 -1.109834e+22 1.231730e+44
8.550000e-16 -1.108786e+22 1.229407e+44
8.700000e-16 -1.106897e+22 1.225220e+44
8.850000e-16 -1.104171e+22 1.219193e+44
9.000000e-16 -1.100615e+22 1.211354e+44
9.150000e-16 -1.096238e+22 1.201738e+44
9.300000e-16 -1.091047e+22 1.190384e+44
9.450000e-16 -1.085052e+22 1.177338e+44
9.600000e-16 -1.078263e+22 1.162651e+44
9.750000e-16 -1.070690e+22 1.146378e+44
9.900000e-16 -1.062345e+22 1.128578e+44
1.005000e-15 -1.053240e+22 1.109315e+44
1.020000e-15 -1.043389e+22 1.088660e+44
1.035000e-15 -1.032803e+22 1.066682e+44
1.050000e-15 -1.021499e+22 1.043459e+44
1.065000e-15 -1.009490e+22 1.019069e+44
1.080000e-15 -9.967920e+21 9.935942e+43
1.095000e-15 -9.834217e+21 9.671182e+43
1.110000e-15 -9.693956e+21 9.397278e+43
1.125000e-15 -9.547311e+21 9.115114e+43
1.140000e-15 -9.394460e+21 8.825588e+43
1.155000e-15 -9.235589e+21 8.529611e+43
1.170000e-15 -9.070888e+21 8.228101e+43
1.185000e-15 -8.900551e+21 7.921981e+43
1.200000e-15 -8.724779e+21 7.612176e+43
1.215000e-15 -8.543775e+21 7.299609e+43
1.230000e-15 -8.357748e+21 6.985195e+43
1.245000e-15 -8.166911e+21 6.669843e+43
1.260000e-15 -7.971480e+21 6.354449e+43
1.275000e-15 -7.771675e+21 6.039893e+43
1.290000e-15 -7.567719e+21 5.727037e+43
1.305000e-15 -7.359838e+21 5.416722e+43
1.320000e-15 -7.148262e+21 5.109766e+43
1.335000e-15 -6.933223e+21 4.806957e+43
1.350000e-15 -6.714952e+21 4.509059e+43
1.365000e-15 -6.493688e+21 4.216798e+43
1.380000e-15 -6.269666e+21 3.930871e+43
1.395000e-15 -6.043125e+21 3.651936e+43
1.410000e-15 -5.814307e+21 3.380616e+43
1.425000e-15 -5.583450e+21 3.117491e+43
1.440000e-15 -5.350797e+21 2.863103e+43
1.455000e-15 -5.116589e+21 2.617949e+43
1.470000e-15 -4.881068e+21 2.382483e+43
1.485000e-15 -4.644476e+21 2.157115e+43
1.500000e-15 -4.407052e+21 1.942211e+43
1.515000e-15 -4.169038e+21 1.738088e+43
1.530000e-15 -3.930672e+21 1.545018e+43
1.545000e-15 -3.692191e+21 1.363228e+43
1.560000e-15 -3.453833e+21 1.192896e+43
1.575000e-15 -3.215830e+21 1.034156e+43
1.590000e-15 -2.978415e+21 8.870955e+42
1.605000e-15 -2.741817e+21 7.517562e+42
1.620000e-15 -2.506264e+21 6.281359e+42
1.635000e-15 -2.271979e+21 5.161889e+42
1.650000e-15 -2.039183e+21 4.158268e+42
1.665000e-15 -1.808094e+21 3.269204e+42
1.680000e-15 -1.578925e+21 2.493005e+42
1.695000e-15 -1.351887e+21 1.827598e+42
1.710000e-15 -1.127185e+21 1.270546e+42
1.725000e-15 -9.050208e+20 8.190627e+41
1.740000e-15 -6.855916e+20 4.700359e+41
1.755000e-15 -4.690898e+20 2.200452e+41
1.770000e-15 -2.557028e+20 6.538393e+40
1.785000e-15 -4.561304e+19 2.080549e+39
1.800000e-15 1.610024e+20 2.592178e+40
1.815000e-15 3.639719e+20 1.324755e+41
1.830000e-15 5.631293e+20 3.171146e+41
1.845000e-15 7.583144e+20 5.750407e+41
1.860000e-15 9.493728e+20 9.013087e+41
1.875000e-15 1.136156e+21 1.290851e+42
1.890000e-15 1.318522e+21 1.738501e+42
1.905000e-15 1.496336e+21 2.239020e+42
1.920000e-15 1.669466e+21 2.787118e+42
1.935000e-15 1.837792e+21 3.377480e+42
1.950000e-15 2.001196e+21 4.004785e+42
1.965000e-15 2.159569e+21 4.663737e+42
1.980000e-15 2.312807e+21 5.349078e+42
1.995000e-15 2.460816e+21 6.055615e+42
2.010000e-15 2.603505e+21 6.778241e+42
2.025000e-15 2.740793e+21 7.511949e+42
2.040000e-15 2.872605e+21 8.251859e+42
2.055000e-15 2.998871e+21 8.993230e+42
2.070000e-15 3.119532e+21 9.731478e+42
2.085000e-15 3.234532e+21 1.046219e+43
2.100000e-15 3.343824e+21 1.118116e+43
2.115000e-15 3.447368e+21 1.188435e+43
2.130000e-15 3.545131e+21 1.256795e+43
2.145000e-15 3.637086e+21 1.322839e+43
2.160000e-15 3.723213e+21 1.386232e+43
2.175000e-15 3.803501e+21 1.446662e+43
2.190000e-15 3.877943e+21 1.503844e+43
2.205000e-15 3.946539e+21 1.557517e+43
2.220000e-15 4.009298e+21 1.607447e+43
2.235000e-15 4.066233e+21 1.653425e+43
2.250000e-15 4.117364e+21 1.695268e+43
2.265000e-15 4.162718e+21 1.732822e+43
2.280000e-15 4.202327e+21 1.765956e+43
2.295000e-15 4.236232e+21 1.794566e+43
2.310000e-15 4.264477e+21 1.818576e+43
2.325000e-15 4.287112e+21 1.837933e+43
2.340000e-15 4.304194e+21 1.852608e+43
2.355000e-15 4.315784e+21 1.862600e+43
2.370000e-15 4.321952e+21 1.867927e+43
2.385000e-15 4.322768e+21 1.868633e+43
2.400000e-15 4.318312e+21 1.864782e+43
2.415000e-15 4.308664e+21 1.856459e+43
2.430000e-15 4.293914e+21 1.843770e+43
2.445000e-15 4.274152e+21 1.826838e+43
2.460000e-15 4.249476e+21 1.805804e+43
2.475000e-15 4.219984e+21 1.780827e+43
2.490000e-15 4.185783e+21 1.752078e+43
2.505000e-15 4.146981e+21 1.719745e+43
2.520000e-15 4.103688e+21 1.684026e+43
2.535000e-15 4.056021e+21 1.645131e+43
2.550000e-15 4.004099e+21 1.603280e+43
2.565000e-15 3.948041e+21 1.558703e+43
2.580000e-15 3.887974e+21 1.511634e+43
2.595000e-15 3.824024e+21 1.462316e+43
2.610000e-15 3.756321e+21 1.410994e+43
2.625000e-15 3.684995e+21 1.357919e+43
2.640000e-15 3.610181e+21 1.303341e+43
2.655000e-15 3.532014e+21 1.247512e+43
2.670000e-15 3.450631e+21 1.190685e+43
2.685000e-15 3.366170e+21 1.133110e+43
2.700000e-15 3.278772e+21 1.075034e+43
2.715000e-15 3.188576e+21 1.016701e+43
2.730000e-15 3.095724e+21 9.583505e+42
2.745000e-15 3.000358e+21 9.002147e+42
2.760000e-15 2.902620e+21 8.425205e+42
2.775000e-15 2.802654e+21 7.854870e+42
2.790000e-15 2.700602e+21 7.293251e+42
2.805000e-15 2.596606e+21 6.742365e+42
2.820000e-15 2.490810e+21 6.204134e+42
2.835000e-15 2.383354e+21 5.680378e+42
2.850000e-15 2.274381e+21 5.172808e+42
2.865000e-15 2.164030e+21 4.683025e+42
2.880000e-15 2.052441e+21 4.212515e+42
2.895000e-15 1.939753e+21 3.762642e+42
2.910000e-15 1.826103e+21 3.334651e+42
2.925000e-15 1.711626e+21 2.929662e+42
2.940000e-15 1.596456e+21 2.548673e+42
2.955000e-15 1.480727e+21 2.192553e+42
2.970000e-15 1.364569e+21 1.862050e+42
2.985000e-15 1.248112e+21 1.557782e+42
3.000000e-15 1.131480e+21 1.280248e+42
3.015000e-15 1.014801e+21 1.029821e+42
3.030000e-15 8.981952e+20 8.067546e+41
3.045000e-15 7.817838e+20 6.111858e+41
3.060000e-15 6.656842e+20 4.431354e+41
3.075000e-15 5.500117e+20 3.025128e+41
3.090000e-15 4.348788e+20 1.891196e+41
3.105000e-15 3.203957e+20 1.026534e+41
3.120000e-15 2.066694e+20 4.271223e+40
3.135000e-15 9.380436e+19 8.799257e+39
3.150000e-15 -1.809780e+19 3.275303e+38
3.165000e-15 -1.289384e+20 1.662512e+40
3.180000e-15 -2.386218e+20 5.694036e+40
3.195000e-15 -3.470552e+20 1.204473e+41
3.210000e-15 -4.541488e+20 2.062512e+41
3.225000e-15 -5.598161e+20 3.133941e+41
3.240000e-15 -6.639735e+20 4.408608e+41
3.255000e-15 -7.665403e+20 5.875841e+41
3.270000e-15 -8.674393e+20 7.524510e+41
3.285000e-15 -9.665962e+20 9.343082e+41
3.300000e-15 -1.063940e+21 1.131968e+42
3.315000e-15 -1.159402e+21 1.344213e+42
3.330000e-15 -1.252918e+21 1.569803e+42
3.345000e-15 -1.344426e+21 1.807480e+42
3.360000e-15 -1.433867e+21 2.055974e+42
3.375000e-15 -1.521185e+21 2.314004e+42
3.390000e-15 -1.606329e+21 2.580291e+42
3.405000e-15 -1.689247e+21 2.853556e+42
3.420000e-15 -1.769895e+21 3.132527e+42
3.435000e-15 -1.848227e+21 3.415944e+42
3.450000e-15 -1.924205e+21 3.702563e+42
3.465000e-15 -1.997788e+21 3.991159e+42
3.480000e-15 -2.068944e+21 4.280530e+42
3.495000e-15 -2.137640e+21 4.569504e+42
3.510000e-15 -2.203846e+21 4.856938e+42
3.525000e-15 -2.267536e+21 5.141721e+42
3.540000e-15 -2.328687e+21 5.422783e+42
3.555000e-15 -2.387276e+21 5.699089e+42
3.570000e-15 -2.443286e+21 5.969648e+42
3.585000e-15 -2.496701e+21 6.233515e+42
3.600000e-15 -2.547506e+21 6.489787e+42
3.615000e-15 -2.595691e+21 6.737611e+42
3.630000e-15 -2.641247e+21 6.976185e+42
3.645000e-15 -2.684168e+21 7.204755e+42
3.660000e-15 -2.724449e+21 7.422621e+42
3.675000e-15 -2.762089e+21 7.629133e+42
3.690000e-15 -2.797087e+21 7.823698e+42
3.705000e-15 -2.829448e+21 8.005773e+42
3.720000e-15 -2.859174e+21 8.174873e+42
3.735000e-15 -2.886272e+21 8.330565e+42
3.750000e-15 -2.910751e+21 8.472471e+42
3.765000e-15 -2.932621e+21 8.600266e+42
3.780000e-15 -2.951894e+21 8.713680e+42
3.795000e-15 -2.968585e+21 8.812495e+42
3.810000e-15 -2.982708e+21 8.896547e+42
3.825000e-15 -2.994282e+21 8.965722e+42
3.840000e-15 -3.003324e+21 9.019957e+42
3.855000e-15 -3.009857e+21 9.059239e+42
3.870000e-15 -3.013902e+21 9.083603e+42
3.885000e-15 -3.015482e+21 9.093130e+42
3.900000e-15 -3.014623e+21 9.087949e+42
3.915000e-15 -3.011351e+21 9.068232e+42
3.930000e-15 -3.005693e+21 9.034193e+42
3.945000e-15 -2.997680e+21 8.986087e+42
3.960000e-15 -2.987341e+21 8.924209e+42
3.975000e-15 -2.974709e+21 8.848891e+42
3.990000e-15 -2.959814e+21 8.760501e+42
4.005000e-15 -2.942693e+21 8.659441e+42
4.020000e-15 -2.923379e+21 8.546143e+42
4.035000e-15 -2.901908e+21 8.421072e+42
4.050000e-15 -2.878319e+21 8.284718e+42
4.065000e-15 -2.852648e+21 8.137599e+42
4.080000e-15 -2.824934e+21 7.980255e+42
4.095000e-15 -2.795219e+21 7.813248e+42
4.110000e-15 -2.763542e+21 7.637163e+42
4.125000e-15 -2.729945e+21 7.452598e+42
4.140000e-15 -2.694470e+21 7.260169e+42
4.155000e-15 -2.657161e+21 7.060506e+42
4.170000e-15 -2.618062e+21 6.854250e+42
4.185000e-15 -2.577218e+21 6.642051e+42
4.200000e-15 -2.534673e+21 6.424568e+42
4.215000e-15 -2.490474e+21 6.202462e+42
4.230000e-15 -2.444668e+21 5.976403e+42
4.245000e-15 -2.397302e+21 5.747058e+42
4.260000e-15 -2.348424e+21 5.515095e+42
4.275000e-15 -2.298082e+21 5.281180e+42
4.290000e-15 -2.246325e+21 5.045976e+42
4.305000e-15 -2.193203e+21 4.810139e+42
4.320000e-15 -2.138765e+21 4.574317e+42
4.335000e-15 -2.083063e+21 4.339150e+42
4.350000e-15 -2.026146e+21 4.105267e+42
4.365000e-15 -1.968066e+21 3.873283e+42
4.380000e-15 -1.908874e+21 3.643800e+42
4.395000e-15 -1.848623e+21 3.417406e+42
4.410000e-15 -1.787363e+21 3.194668e+42
4.425000e-15 -1.725149e+21 2.976140e+42
4.440000e-15 -1.662032e+21 2.762351e+42
4.455000e-15 -1.598066e+21 2.553814e+42
4.470000e-15 -1.533302e+21 2.351016e+42
4.485000e-15 -1.467796e+21 2.154425e+42
4.500000e-15 -1.401599e+21 1.964481e+42
4.515000e-15 -1.334766e+21 1.781601e+42
4.530000e-15 -1.267350e+21 1.606177e+42
4.545000e-15 -1.199405e+21 1.438573e+42
4.560000e-15 -1.130984e+21 1.279125e+42
4.575000e-15 -1.062141e+21 1.128143e+42
4.590000e-15 -9.929293e+20 9.859086e+41
4.605000e-15 -9.234026e+20 8.526724e+41
4.620000e-15 -8.536142e+20 7.286572e+41
4.635000e-15 -7.836174e+20 6.140562e+41
4.650000e-15 -7.134652e+20 5.090325e+41
4.665000e-15 -6.432105e+20 4.137197e+41
4.680000e-15 -5.729059e+20 3.282212e+41
4.695000e-15 -5.026039e+20 2.526107e+41
4.710000e-15 -4.323565e+20 1.869321e+41
4.725000e-15 -3.622154e+20 1.312000e+41
4.740000e-15 -2.922321e+20 8.539959e+40
4.755000e-15 -2.224574e+20 4.948732e+40
4.770000e-15 -1.529421e+20 2.339128e+40
4.785000e-15 -8.373611e+19 7.011737e+39
4.800000e-15 -1.488911e+19 2.216856e+38
4.815000e-15 5.354984e+19 2.867585e+39
4.830000e-15 1.215322e+20 1.477008e+40
4.845000e-15 1.890101e+20 3.572481e+40
4.860000e-15 2.559361e+20 6.550331e+40
4.875000e-15 3.222637e+20 1.038539e+41
4.890000e-15 3.879469e+20 1.505028e+41
4.905000e-15 4.529404e+20 2.051550e+41
4.920000e-15 5.171997e+20 2.674955e+41
4.935000e-15 5.806810e+20 3.371905e+41
4.950000e-15 6.433416e+20 4.138884e+41
4.965000e-15 7.051392e+20 4.972212e+41
4.980000e-15 7.660326e+20 5.868059e+41
4.995000e-15 8.259815e+20 6.822455e+41
5.010000e-15 8.849465e+20 7.831304e+41
5.025000e-15 9.428892e+20 8.890400e+41
5.040000e-15 9.997719e+20 9.995438e+41
5.055000e-15 1.055558e+21 1.114203e+42
5.070000e-15 1.110213e+21 1.232572e+42
5.085000e-15 1.163701e+21 1.354199e+42
5.100000e-15 1.215989e+21 1.478629e+42
5.115000e-15 1.267045e+21 1.605403e+42
5.130000e-15 1.316838e+21 1.734062e+42
5.145000e-15 1.365337e+21 1.864146e+42
5.160000e-15 1.412514e+21 1.995197e+42
5.175000e-15 1.458341e+21 2.126760e+42
5.190000e-15 1.502792e+21 2.258382e+42
5.205000e-15 1.545839e+21 2.389620e+42
5.220000e-15 1.587461e+21 2.520032e+42
5.235000e-15 1.627633e+21 2.649188e+42
5.250000e-15 1.666333e+21 2.776667e+42
5.265000e-15 1.703542e+21 2.902055e+42
5.280000e-15 1.739239e+21 3.024953e+42
5.295000e-15 1.773407e+21 3.144972e+42
5.310000e-15 1.806029e+21 3.261739e+42
5.325000e-15 1.837088e+21 3.374894e+42
5.340000e-15 1.866572e+21 3.484091e+42
5.355000e-15 1.894466e+21 3.589003e+42
5.370000e-15 1.920760e+21 3.689318e+42
5.385000e-15 1.945442e+21 3.784743e+42
5.400000e-15 1.968503e+21 3.875003e+42
5.415000e-15 1.989935e+21 3.959841e+42
5.430000e-15 2.009732e+21 4.039021e+42
5.445000e-15 2.027887e+21 4.112327e+42
5.460000e-15 2.044398e+21 4.179562e+42
5.475000e-15 2.059260e+21 4.240552e+42
5.490000e-15 2.072473e+21 4.295142e+42
5.505000e-15 2.084035e+21 4.343200e+42
5.520000e-15 2.093947e+21 4.384614e+42
5.535000e-15 2.102212e+21 4.419295e+42
5.550000e-15 2.108832e+21 4.447173e+42
5.565000e-15 2.113812e+21 4.468203e+42
5.580000e-15 2.117158e+21 4.482358e+42
5.595000e-15 2.118876e+21 4.489635e+42
5.610000e-15 2.118974e+21 4.490049e+42
5.625000e-15 2.117460e+21 4.483639e+42
5.640000e-15 2.114346e+21 4.470461e+42
5.655000e-15 2.109643e+21 4.450594e+42
5.670000e-15 2.103362e+21 4.424133e+42
5.685000e-15 2.095518e+21 4.391196e+42
5.700000e-15 2.086124e+21 4.351915e+42
5.715000e-15 2.075197e+21 4.306443e+42
5.730000e-15 2.062753e+21 4.254948e+42
5.745000e-15 2.048809e+21 4.197617e+42
5.760000e-15 2.033384e+21 4.134649e+42
5.775000e-15 2.016497e+21 4.066261e+42
5.790000e-15 1.998170e+21 3.992682e+42
5.805000e-15 1.978423e+21 3.914157e+42
5.820000e-15 1.957278e+21 3.830939e+42
5.835000e-15 1.934760e+21 3.743296e+42
5.850000e-15 1.910892e+21 3.651507e+42
5.865000e-15 1.885698e+21 3.555857e+42
5.880000e-15 1.859205e+21 3.456642e+42
5.895000e-15 1.831439e+21 3.354167e+42
5.910000e-15 1.802427e+21 3.248742e+42
5.925000e-15 1.772197e+21 3.140682e+42
5.940000e-15 1.740778e+21 3.030309e+42
5.955000e-15 1.708200e+21 2.917947e+42
5.970000e-15 1.674492e+21 2.803924e+42
5.985000e-15 1.639686e+21 2.688569e+42
6.000000e-15 1.603812e+21 2.572212e+42
6.015000e-15 1.566902e+21 2.455182e+42
6.030000e-15 1.528990e+21 2.337810e+42
6.045000e-15 1.490108e+21 2.220421e+42
6.060000e-15 1.450289e+21 2.103339e+42
6.075000e-15 1.409569e+21 1.986885e+42
6.090000e-15 1.367981e+21 1.871373e+42
6.105000e-15 1.325561e+21 1.757112e+42
6.120000e-15 1.282344e+21 1.644406e+42
6.135000e-15 1.238366e+21 1.533550e+42
6.150000e-15 1.193663e+21 1.424832e+42
6.165000e-15 1.148272e+21 1.318529e+42
6.180000e-15 1.102230e+21 1.214911e+42
6.195000e-15 1.055574e+21 1.114236e+42
6.210000e-15 1.008341e+21 1.016752e+42
6.225000e-15 9.605695e+20 9.226938e+41
6.240000e-15 9.122972e+20 8.322861e+41
6.255000e-15 8.635622e+20 7.457397e+41
6.270000e-15 8.144029e+20 6.632521e+41
6.285000e-15 7.648577e+20 5.850074e+41
6.300000e-15 7.149653e+20 5.111754e+41
6.315000e-15 6.647642e+20 4.419115e+41
6.330000e-15 6.142932e+20 3.773562e+41
6.345000e-15 5.635911e+20 3.176350e+41
6.360000e-15 5.126967e+20 2.628579e+41
6.375000e-15 4.616486e+20 2.131194e+41
6.390000e-15 4.104857e+20 1.684985e+41
6.405000e-15 3.592465e+20 1.290580e+41
6.420000e-15 3.079696e+20 9.484526e+40
6.435000e-15 2.566934e+20 6.589150e+40
6.450000e-15 2.054562e+20 4.221226e+40
6.465000e-15 1.542961e+20 2.380730e+40
6.480000e-15 1.032511e+20 1.066078e+40
6.495000e-15 5.235866e+19 2.741429e+39
6.510000e-15 1.656341e+18 2.743466e+36
6.525000e-15 -4.881875e+19 2.383270e+39
6.540000e-15 -9.902977e+19 9.806895e+39
6.555000e-15 -1.489402e+20 2.218319e+40
6.570000e-15 -1.985140e+20 3.940779e+40
6.585000e-15 -2.477152e+20 6.136282e+40
6.600000e-15 -2.965086e+20 8.791734e+40
6.615000e-15 -3.448592e+20 1.189278e+41
6.630000e-15 -3.927325e+20 1.542388e+41
6.645000e-15 -4.400945e+20 1.936832e+41
6.660000e-15 -4.869118e+20 2.370831e+41
6.675000e-15 -5.331513e+20 2.842504e+41
6.690000e-15 -5.787807e+20 3.349871e+41
6.705000e-15 -6.237680e+20 3.890866e+41
6.720000e-15 -6.680821e+20 4.463337e+41
6.735000e-15 -7.116922e+20 5.065058e+41
6.750000e-15 -7.545684e+20 5.693735e+41
6.765000e-15 -7.966814e+20 6.347012e+41
6.780000e-15 -8.380023e+20 7.022479e+41
6.795000e-15 -8.785034e+20 7.717682e+41
6.810000e-15 -9.181573e+20 8.430129e+41
6.825000e-15 -9.569376e+20 9.157295e+41
6.840000e-15 -9.948184e+20 9.896636e+41
6.855000e-15 -1.031775e+21 1.064559e+42
6.870000e-15 -1.067783e+21 1.140160e+42
6.885000e-15 -1.102818e+21 1.216208e+42
6.900000e-15 -1.136860e+21 1.292450e+42
6.915000e-15 -1.169885e+21 1.368630e+42
6.930000e-15 -1.201872e+21 1.444497e+42
6.945000e-15 -1.232803e+21 1.519804e+42
6.960000e-15 -1.262658e+21 1.594304e+42
6.975000e-15 -1.291418e+21 1.667759e+42
6.990000e-15 -1.319066e+21 1.739934e+42
7.005000e-15 -1.345586e+21 1.810601e+42
7.020000e-15 -1.370962e+21 1.879536e+42
7.035000e-15 -1.395180e+21 1.946526e+42
7.050000e-15 -1.418225e+21 2.011363e+42
7.065000e-15 -1.440087e+21 2.073850e+42
7.080000e-15 -1.460752e+21 2.133796e+42
7.095000e-15 -1.480210e+21 2.191021e+42
7.110000e-15 -1.498451e+21 2.245355e+42
7.125000e-15 -1.515466e+21 2.296638e+42
7.140000e-15 -1.531248e+21 2.344721e+42
7.155000e-15 -1.545790e+21 2.389466e+42
7.170000e-15 -1.559085e+21 2.430746e+42
7.185000e-15 -1.571129e+21 2.468446e+42
7.200000e-15 -1.581918e+21 2.502463e+42
7.215000e-15 -1.591448e+21 2.532708e+42
7.230000e-15 -1.599719e+21 2.559100e+42
7.245000e-15 -1.606728e+21 2.581575e+42
7.260000e-15 -1.612476e+21 2.600080e+42
7.275000e-15 -1.616964e+21 2.614573e+42
7.290000e-15 -1.620194e+21 2.625027e+42
7.305000e-15 -1.622167e+21 2.631427e+42
7.320000e-15 -1.622889e+21 2.633769e+42
7.335000e-15 -1.622364e+21 2.632064e+42
7.350000e-15 -1.620597e+21 2.626335e+42
7.365000e-15 -1.617595e+21 2.616614e+42
7.380000e-15 -1.613366e+21 2.602949e+42
7.395000e-15 -1.607917e+21 2.585398e+42
7.410000e-15 -1.601259e+21 2.564029e+42
7.425000e-15 -1.593400e+21 2.538925e+42
7.440000e-15 -1.584353e+21 2.510175e+42
7.455000e-15 -1.574129e+21 2.477883e+42
7.470000e-15 -1.562741e+21 2.442159e+42
7.485000e-15 -1.550202e+21 2.403125e+42
7.500000e-15 -1.536526e+21 2.360913e+42
7.515000e-15 -1.521729e+21 2.315660e+42
7.530000e-15 -1.505827e+21 2.267515e+42
7.545000e-15 -1.488836e+21 2.216633e+42
7.560000e-15 -1.470774e+21 2.163175e+42
7.575000e-15 -1.451658e+21 2.107311e+42
7.590000e-15 -1.431508e+21 2.049215e+42
7.605000e-15 -1.410343e+21 1.989068e+42
7.620000e-15 -1.388184e+21 1.927054e+42
7.635000e-15 -1.365051e+21 1.863363e+42
7.650000e-15 -1.340965e+21 1.798188e+42
7.665000e-15 -1.315950e+21 1.731724e+42
7.680000e-15 -1.290027e+21 1.664169e+42
7.695000e-15 -1.263220e+21 1.595725e+42
7.710000e-15 -1.235553e+21 1.526591e+42
7.725000e-15 -1.207050e+21 1.456970e+42
7.740000e-15 -1.177737e+21 1.387063e+42
7.755000e-15 -1.147637e+21 1.317072e+42
7.770000e-15 -1.116779e+21 1.247195e+42
7.785000e-15 -1.085187e+21 1.177631e+42
7.800000e-15 -1.052889e+21 1.108575e+42
7.815000e-15 -1.019912e+21 1.040220e+42
7.830000e-15 -9.862829e+20 9.727540e+41
7.845000e-15 -9.520304e+20 9.063619e+41
7.860000e-15 -9.171826e+20 8.412239e+41
7.875000e-15 -8.817681e+20 7.775149e+41
7.890000e-15 -8.458158e+20 7.154043e+41
7.905000e-15 -8.093549e+20 6.550553e+41
7.920000e-15 -7.724149e+20 5.966248e+41
7.935000e-15 -7.350256e+20 5.402626e+41
7.950000e-15 -6.972167e+20 4.861112e+41
7.965000e-15 -6.590186e+20 4.343055e+41
7.980000e-15 -6.204613e+20 3.849722e+41
7.995000e-15 -5.815754e+20 3.382299e+41
8.010000e-15 -5.423914e+20 2.941884e+41
8.025000e-15 -5.029399e+20 2.529486e+41
8.040000e-15 -4.632518e+20 2.146022e+41
8.055000e-15 -4.233577e+20 1.792317e+41
8.070000e-15 -3.832886e+20 1.469101e+41
8.085000e-15 -3.430752e+20 1.177006e+41
8.100000e-15 -3.027485e+20 9.165664e+40
8.115000e-15 -2.623392e+20 6.882185e+40
8.130000e-15 -2.218781e+20 4.922990e+40
8.145000e-15 -1.813960e+20 3.290450e+40
8.160000e-15 -1.409233e+20 1.985938e+40
8.175000e-15 -1.004907e+20 1.009838e+40
8.190000e-15 -6.012841e+19 3.615426e+39
8.205000e-15 -1.986670e+19 3.946857e+38
8.220000e-15 2.026443e+19 4.106470e+38
8.235000e-15 6.023513e+19 3.628271e+39
8.250000e-15 1.000158e+20 1.000316e+40
8.265000e-15 1.395771e+20 1.948177e+40
8.280000e-15 1.788899e+20 3.200158e+40
8.295000e-15 2.179253e+20 4.749143e+40
8.310000e-15 2.566548e+20 6.587170e+40
8.325000e-15 2.950502e+20 8.705465e+40
8.340000e-15 3.330837e+20 1.109447e+41
8.355000e-15 3.707276e+20 1.374390e+41
8.370000e-15 4.079549e+20 1.664272e+41
8.385000e-15 4.447387e+20 1.977925e+41
8.400000e-15 4.810528e+20 2.314118e+41
8.415000e-15 5.168711e+20 2.671558e+41
8.430000e-15 5.521683e+20 3.048899e+41
8.445000e-15 5.869194e+20 3.444744e+41
8.460000e-15 6.210998e+20 3.857649e+41
8.475000e-15 6.546854e+20 4.286130e+41
8.490000e-15 6.876529e+20 4.728665e+41
8.505000e-15 7.199792e+20 5.183701e+41
8.520000e-15 7.516419e+20 5.649656e+41
8.535000e-15 7.826192e+20 6.124927e+41
8.550000e-15 8.128896e+20 6.607896e+41
8.565000e-15 8.424327e+20 7.096929e+41
8.580000e-15 8.712283e+20 7.590387e+41
8.595000e-15 8.992568e+20 8.086629e+41
8.610000e-15 9.264996e+20 8.584016e+41
8.625000e-15 9.529385e+20 9.080917e+41
8.640000e-15 9.785558e+20 9.575714e+41
8.655000e-15 1.003335e+21 1.006681e+42
8.670000e-15 1.027259e+21 1.055262e+42
8.685000e-15 1.050314e+21 1.103159e+42
8.700000e-15 1.072484e+21 1.150221e+42
8.715000e-15 1.093755e+21 1.196299e+42
8.730000e-15 1.114114e+21 1.241249e+42
8.745000e-15 1.133548e+21 1.284931e+42
8.760000e-15 1.152045e+21 1.327209e+42
8.775000e-15 1.169595e+21 1.367954e+42
8.790000e-15 1.186188e+21 1.407041e+42
8.805000e-15 1.201812e+21 1.444352e+42
8.820000e-15 1.216460e+21 1.479775e+42
8.835000e-15 1.230124e+21 1.513204e+42
8.850000e-15 1.242795e+21 1.544541e+42
8.865000e-15 1.254469e+21 1.573693e+42
8.880000e-15 1.265139e+21 1.600576e+42
8.895000e-15 1.274800e+21 1.625114e+42
8.910000e-15 1.283448e+21 1.647238e+42
8.925000e-15 1.291079e+21 1.666886e+42
8.940000e-15 1.297692e+21 1.684005e+42
8.955000e-15 1.303284e+21 1.698550e+42
8.970000e-15 1.307855e+21 1.710485e+42
8.985000e-15 1.311404e+21 1.719780e+42
9.000000e-15 1.313932e+21 1.726417e+42
9.015000e-15 1.315440e+21 1.730382e+42
9.030000e-15 1.315930e+21 1.731672e+42
9.045000e-15 1.315406e+21 1.730293e+42
9.060000e-15 1.313871e+21 1.726257e+42
9.075000e-15 1.311329e+21 1.719585e+42
9.090000e-15 1.307787e+21 1.710306e+42
9.105000e-15 1.303249e+21 1.698457e+42
9.120000e-15 1.297723e+21 1.684084e+42
9.135000e-15 1.291215e+21 1.667237e+42
9.150000e-15 1.283736e+21 1.647977e+42
9.165000e-15 1.275292e+21 1.626369e+42
9.180000e-15 1.265894e+21 1.602488e+42
9.195000e-15 1.255553e+21 1.576413e+42
9.210000e-15 1.244279e+21 1.548229e+42
9.225000e-15 1.232084e+21 1.518030e+42
9.240000e-15 1.218980e+21 1.485912e+42
9.255000e-15 1.204981e+21 1.451979e+42
9.270000e-15 1.190100e+21 1.416338e+42
9.285000e-15 1.174352e+21 1.379102e+42
9.300000e-15 1.157751e+21 1.340388e+42
9.315000e-15 1.140313e+21 1.300315e+42
9.330000e-15 1.122055e+21 1.259007e+42
9.345000e-15 1.102993e+21 1.216593e+42
9.360000e-15 1.083143e+21 1.173199e+42
9.375000e-15 1.062525e+21 1.128960e+42
9.390000e-15 1.041156e+21 1.084006e+42
9.405000e-15 1.019056e+21 1.038475e+42
9.420000e-15 9.962428e+20 9.924997e+41
9.435000e-15 9.727373e+20 9.462179e+41
9.450000e-15 9.485596e+20 8.997653e+41
9.465000e-15 9.237303e+20 8.532777e+41
9.480000e-15 8.982707e+20 8.068902e+41
9.495000e-15 8.722023e+20 7.607368e+41
9.510000e-15 8.455470e+20 7.149497e+41
9.525000e-15 8.183271e+20 6.696593e+41
9.540000e-15 7.905654e+20 6.249937e+41
9.555000e-15 7.622849e+20 5.810782e+41
9.570000e-15 7.335088e+20 5.380351e+41
9.585000e-15 7.042607e+20 4.959832e+41
9.600000e-15 6.745647e+20 4.550375e+41
9.615000e-15 6.444447e+20 4.153089e+41
9.630000e-15 6.139251e+20 3.769041e+41
9.645000e-15 5.830307e+20 3.399248e+41
9.660000e-15 5.517861e+20 3.044679e+41
9.675000e-15 5.202163e+20 2.706250e+41
9.690000e-15 4.883464e+20 2.384822e+41
9.705000e-15 4.562018e+20 2.081201e+41
9.720000e-15 4.238078e+20 1.796130e+41
9.735000e-15 3.911899e+20 1.530295e+41
9.750000e-15 3.583736e+20 1.284316e+41
9.765000e-15 3.253846e+20 1.058751e+41
9.780000e-15 2.922486e+20 8.540925e+40
9.795000e-15 2.589913e+20 6.707647e+40
9.810000e-15 2.256383e+20 5.091263e+40
9.825000e-15 1.922153e+20 3.694674e+40
9.840000e-15 1.587481e+20 2.520097e+40
9.855000e-15 1.252622e+20 1.569062e+40
9.870000e-15 9.178315e+19 8.424147e+39
9.885000e-15 5.833637e+19 3.403132e+39
9.900000e-15 2.494722e+19 6.223637e+38
9.915000e-15 -8.359097e+18 6.987451e+37
9.930000e-15 -4.155750e+19 1.727026e+39
9.945000e-15 -7.462309e+19 5.568606e+39
9.960000e-15 -1.075311e+20 1.156294e+40
9.975000e-15 -1.402571e+20 1.967205e+40
9.990000e-15 -1.727766e+20 2.985176e+40
1.000500e-14 -2.050657e+20 4.205193e+40
1.002000e-14 -2.371003e+20 5.621658e+40
1.003500e-14 -2.688571e+20 7.228414e+40
1.005000e-14 -3.003126e+20 9.018765e+40
1.006500e-14 -3.314438e+20 1.098550e+41
1.008000e-14 -3.622281e+20 1.312092e+41
1.009500e-14 -3.926430e+20 1.541685e+41
1.011000e-14 -4.226666e+20 1.786470e+41
1.012500e-14 -4.522770e+20 2.045545e+41
1.014000e-14 -4.814532e+20 2.317971e+41
1.015500e-14 -5.101740e+20 2.602775e+41
1.017000e-14 -5.384190e+20 2.898950e+41
1.018500e-14 -5.661681e+20 3.205463e+41
1.020000e-14 -5.934015e+20 3.521254e+41
1.021500e-14 -6.201001e+20 3.845242e+41
1.023000e-14 -6.462451e+20 4.176327e+41
1.024500e-14 -6.718180e+20 4.513395e+41
1.026000e-14 -6.968011e+20 4.855318e+41
1.027500e-14 -7.211771e+20 5.200964e+41
1.029000e-14 -7.449289e+20 5.549191e+41
1.030500e-14 -7.680404e+20 5.898861e+41
1.032000e-14 -7.904957e+20 6.248834e+41
1.033500e-14 -8.122794e+20 6.597978e+41
1.035000e-14 -8.333768e+20 6.945169e+41
1.036500e-14 -8.537738e+20 7.289298e+41
1.038000e-14 -8.734567e+20 7.629267e+41
1.039500e-14 -8.924125e+20 7.964001e+41
1.041000e-14 -9.106286e+20 8.292445e+41
1.042500e-14 -9.280933e+20 8.613571e+41
1.044000e-14 -9.447951e+20 8.926377e+41
1.045500e-14 -9.607234e+20 9.229895e+41
1.047000e-14 -9.758682e+20 9.523187e+41
1.048500e-14 -9.902199e+20 9.805354e+41
1.050000e-14 -1.003770e+21 1.007554e+42
1.051500e-14 -1.016510e+21 1.033292e+42
1.053000e-14 -1.028432e+21 1.057672e+42
1.054500e-14 -1.039529e+21 1.080621e+42
1.056000e-14 -1.049796e+21 1.102071e+42
1.057500e-14 -1.059226e+21 1.121960e+42
1.059000e-14 -1.067815e+21 1.140228e+42
1.060500e-14 -1.075558e+21 1.156824e+42
1.062000e-14 -1.082451e+21 1.171700e+42
1.063500e-14 -1.088492e+21 1.184814e+42
1.065000e-14 -1.093677e+21 1.196130e+42
1.066500e-14 -1.098007e+21 1.205618e+42
1.068000e-14 -1.101478e+21 1.213254e+42
1.069500e-14 -1.104091e+21 1.219018e+42
1.071000e-14 -1.105847e+21 1.222897e+42
1.072500e-14 -1.106745e+21 1.224885e+42
1.074000e-14 -1.106789e+21 1.224981e+42
1.075500e-14 -1.105979e+21 1.223189e+42
1.077000e-14 -1.104319e+21 1.219520e+42
1.078500e-14 -1.101812e+21 1.213990e+42
1.080000e-14 -1.098463e+21 1.206621e+42
1.081500e-14 -1.094276e+21 1.197440e+42
1.083000e-14 -1.089257e+21 1.186480e+42
1.084500e-14 -1.083411e+21 1.173780e+42
1.086000e-14 -1.076746e+21 1.159382e+42
1.087500e-14 -1.069269e+21 1.143336e+42
1.089000e-14 -1.060988e+21 1.125695e+42
1.090500e-14 -1.051910e+21 1.106515e+42
1.092000e-14 -1.042046e+21 1.085860e+42
1.093500e-14 -1.031405e+21 1.063797e+42
1.095000e-14 -1.019998e+21 1.040395e+42
1.096500e-14 -1.007834e+21 1.015730e+42
1.098000e-14 -9.949262e+20 9.898782e+41
1.099500e-14 -9.812857e+20 9.629217e+41
1.101000e-14 -9.669251e+20 9.349442e+41
1.102500e-14 -9.518575e+20 9.060326e+41
1.104000e-14 -9.360963e+20 8.762762e+41
1.105500e-14 -9.196555e+20 8.457663e+41
1.107000e-14 -9.025497e+20 8.145960e+41
1.108500e-14 -8.847939e+20 7.828603e+41
1.110000e-14 -8.664035e+20 7.506550e+41
1.111500e-14 -8.473943e+20 7.180771e+41
1.113000e-14 -8.277827e+20 6.852243e+41
1.114500e-14 -8.075856e+20 6.521944e+41
1.116000e-14 -7.868199e+20 6.190855e+41
1.117500e-14 -7.655033e+20 5.859952e+41
1.119000e-14 -7.436536e+20 5.530207e+41
1.120500e-14 -7.212893e+20 5.202582e+41
1.122000e-14 -6.984289e+20 4.878029e+41
1.123500e-14 -6.750913e+20 4.557483e+41
1.125000e-14 -6.512959e+20 4.241864e+41
1.126500e-14 -6.270623e+20 3.932071e+41
1.128000e-14 -6.024102e+20 3.628981e+41
1.129500e-14 -5.773599e+20 3.333445e+41
1.131000e-14 -5.519318e+20 3.046287e+41
1.132500e-14 -5.261463e+20 2.768299e+41
1.134000e-14 -5.000244e+20 2.500244e+41
1.135500e-14 -4.735870e+20 2.242847e+41
1.137000e-14 -4.468555e+20 1.996798e+41
1.138500e-14 -4.198511e+20 1.762749e+41
1.140000e-14 -3.925953e+20 1.541311e+41
1.141500e-14 -3.651099e+20 1.333052e+41
1.143000e-14 -3.374165e+20 1.138499e+41
1.144500e-14 -3.095371e+20 9.581321e+40
1.146000e-14 -2.814935e+20 7.923860e+40
1.147500e-14 -2.533078e+20 6.416485e+40
1.149000e-14 -2.250020e+20 5.062590e+40
1.150500e-14 -1.965981e+20 3.865082e+40
1.152000e-14 -1.681183e+20 2.826376e+40
1.153500e-14 -1.395846e+20 1.948385e+40
1.155000e-14 -1.110190e+20 1.232521e+40
1.156500e-14 -8.244353e+19 6.796936e+39
1.158000e-14 -5.388016e+19 2.903072e+39
1.159500e-14 -2.535075e+19 6.426605e+38
1.161000e-14 3.122934e+18 9.752714e+36
1.162500e-14 3.151921e+19 9.934609e+38
1.164000e-14 5.981654e+19 3.578019e+39
1.165500e-14 8.799351e+19 7.742859e+39
1.167000e-14 1.160289e+20 1.346270e+40
1.168500e-14 1.439015e+20 2.070765e+40
1.170000e-14 1.715906e+20 2.944332e+40
1.171500e-14 1.990753e+20 3.963098e+40
1.173000e-14 2.263353e+20 5.122765e+40
1.174500e-14 2.533502e+20 6.418631e+40
1.176000e-14 2.801000e+20 7.845602e+40
1.177500e-14 3.065651e+20 9.398213e+40
1.179000e-14 3.327258e+20 1.107065e+41
1.180500e-14 3.585630e+20 1.285674e+41
1.182000e-14 3.840579e+20 1.475005e+41
1.183500e-14 4.091917e+20 1.674379e+41
1.185000e-14 4.339464e+20 1.883094e+41
1.186500e-14 4.583038e+20 2.100424e+41
1.188000e-14 4.822465e+20 2.325617e+41
1.189500e-14 5.057572e+20 2.557903e+41
1.191000e-14 5.288191e+20 2.796496e+41
1.192500e-14 5.514157e+20 3.040593e+41
1.194000e-14 5.735310e+20 3.289378e+41
1.195500e-14 5.951493e+20 3.542027e+41
1.197000e-14 6.162553e+20 3.797706e+41
1.198500e-14 6.368343e+20 4.055579e+41
1.200000e-14 6.568718e+20 4.314805e+41
1.201500e-14 6.763539e+20 4.574546e+41
1.203000e-14 6.952671e+20 4.833963e+41
1.204500e-14 7.135984e+20 5.092227e+41
1.206000e-14 7.313352e+20 5.348512e+41
1.207500e-14 7.484655e+20 5.602007e+41
1.209000e-14 7.649777e+20 5.851909e+41
1.210500e-14 7.808607e+20 6.097434e+41
1.212000e-14 7.961038e+20 6.337813e+41
1.213500e-14 8.106970e+20 6.572297e+41
1.215000e-14 8.246308e+20 6.800159e+41
1.216500e-14 8.378960e+20 7.020697e+41
1.218000e-14 8.504842e+20 7.233233e+41
1.219500e-14 8.623873e+20 7.437118e+41
1.221000e-14 8.735978e+20 7.631732e+41
1.222500e-14 8.841090e+20 7.816486e+41
1.224000e-14 8.939143e+20 7.990827e+41
1.225500e-14 9.030079e+20 8.154233e+41
1.227000e-14 9.113846e+20 8.306219e+41
1.228500e-14 9.190396e+20 8.446338e+41
1.230000e-14 9.259688e+20 8.574182e+41
1.231500e-14 9.321685e+20 8.689381e+41
1.233000e-14 9.376357e+20 8.791607e+41
1.234500e-14 9.423679e+20 8.880572e+41
1.236000e-14 9.463631e+20 8.956031e+41
1.237500e-14 9.496200e+20 9.017782e+41
1.239000e-14 9.521379e+20 9.065665e+41
1.240500e-14 9.539163e+20 9.099564e+41
1.242000e-14 9.549558e+20 9.119405e+41
1.243500e-14 9.552570e+20 9.125160e+41
1.245000e-14 9.548216e+20 9.116843e+41
1.246500e-14 9.536515e+20 9.094511e+41
1.248000e-14 9.517492e+20 9.058265e+41
1.249500e-14 9.491178e+20 9.008246e+41
1.251000e-14 9.457611e+20 8.944640e+41
1.252500e-14 9.416831e+20 8.867671e+41
1.254000e-14 9.368888e+20 8.777605e+41
1.255500e-14 9.313832e+20 8.674747e+41
1.257000e-14 9.251724e+20 8.559439e+41
1.258500e-14 9.182625e+20 8.432061e+41
1.260000e-14 9.106606e+20 8.293027e+41
1.261500e-14 9.023739e+20 8.142787e+41
1.263000e-14 8.934104e+20 7.981821e+41
1.264500e-14 8.837785e+20 7.810644e+41
1.266000e-14 8.734870e+20 7.629796e+41
1.267500e-14 8.625454e+20 7.439846e+41
1.269000e-14 8.509636e+20 7.241390e+41
1.270500e-14 8.387518e+20 7.035046e+41
1.272000e-14 8.259209e+20 6.821454e+41
1.273500e-14 8.124822e+20 6.601273e+41
1.275000e-14 7.984473e+20 6.375181e+41
1.276500e-14 7.838285e+20 6.143871e+41
1.278000e-14 7.686382e+20 5.908047e+41
1.279500e-14 7.528895e+20 5.668426e+41
1.281000e-14 7.365958e+20 5.425733e+41
1.282500e-14 7.197708e+20 5.180700e+41
1.284000e-14 7.024287e+20 4.934061e+41
1.285500e-14 6.845841e+20 4.686554e+41
1.287000e-14 6.662519e+20 4.438916e+41
1.288500e-14 6.474473e+20 4.191880e+41
1.290000e-14 6.281858e+20 3.946175e+41
1.291500e-14 6.084835e+20 3.702522e+41
1.293000e-14 5.883565e+20 3.461633e+41
1.294500e-14 5.678212e+20 3.224209e+41
1.296000e-14 5.468946e+20 2.990937e+41
1.297500e-14 5.255935e+20 2.762486e+41
1.299000e-14 5.039354e+20 2.539509e+41
1.300500e-14 4.819379e+20 2.322641e+41
1.302000e-14 4.596185e+20 2.112492e+41
1.303500e-14 4.369954e+20 1.909650e+41
1.305000e-14 4.140867e+20 1.714678e+41
1.306500e-14 3.909107e+20 1.528112e+41
1.308000e-14 3.674860e+20 1.350460e+41
1.309500e-14 3.438312e+20 1.182199e+41
1.311000e-14 3.199652e+20 1.023777e+41
1.312500e-14 2.959069e+20 8.756088e+40
1.314000e-14 2.716752e+20 7.380743e+40
1.315500e-14 2.472894e+20 6.115205e+40
1.317000e-14 2.227686e+20 4.962584e+40
1.318500e-14 1.981320e+20 3.925629e+40
1.320000e-14 1.733990e+20 3.006721e+40
1.321500e-14 1.485888e+20 2.207864e+40
1.323000e-14 1.237209e+20 1.530686e+40
1.324500e-14 9.881452e+19 9.764310e+39
1.326000e-14 7.388899e+19 5.459583e+39
1.327500e-14 4.896360e+19 2.397434e+39
1.329000e-14 2.405758e+19 5.787670e+38
1.330500e-14 -8.098996e+17 6.559374e+35
1.332000e-14 -2.561974e+19 6.563710e+38
1.333500e-14 -5.035294e+19 2.535419e+39
1.335000e-14 -7.499062e+19 5.623592e+39
1.336500e-14 -9.951399e+19 9.903034e+39
1.338000e-14 -1.239044e+20 1.535231e+40
1.339500e-14 -1.481434e+20 2.194648e+40
1.341000e-14 -1.722127e+20 2.965722e+40
1.342500e-14 -1.960941e+20 3.845290e+40
1.344000e-14 -2.197696e+20 4.829870e+40
1.345500e-14 -2.432216e+20 5.915675e+40
1.347000e-14 -2.664325e+20 7.098626e+40
1.348500e-14 -2.893849e+20 8.374362e+40
1.350000e-14 -3.120619e+20 9.738260e+40
1.351500e-14 -3.344466e+20 1.118545e+41
1.353000e-14 -3.565224e+20 1.271083e+41
1.354500e-14 -3.782733e+20 1.430907e+41
1.356000e-14 -3.996831e+20 1.597466e+41
1.357500e-14 -4.207362e+20 1.770190e+41
1.359000e-14 -4.414173e+20 1.948493e+41
1.360500e-14 -4.617114e+20 2.131774e+41
1.362000e-14 -4.816037e+20 2.319422e+41
1.363500e-14 -5.010800e+20 2.510812e+41
1.365000e-14 -5.201262e+20 2.705312e+41
1.366500e-14 -5.387287e+20 2.902286e+41
1.368000e-14 -5.568742e+20 3.101089e+41
1.369500e-14 -5.745500e+20 3.301077e+41
1.371000e-14 -5.917434e+20 3.501603e+41
1.372500e-14 -6.084425e+20 3.702022e+41
1.374000e-14 -6.246355e+20 3.901695e+41
1.375500e-14 -6.403112e+20 4.099984e+41
1.377000e-14 -6.554587e+20 4.296261e+41
1.378500e-14 -6.700677e+20 4.489907e+41
1.380000e-14 -6.841281e+20 4.680313e+41
1.381500e-14 -6.976305e+20 4.866883e+41
1.383000e-14 -7.105657e+20 5.049036e+41
1.384500e-14 -7.229250e+20 5.226206e+41
1.386000e-14 -7.347004e+20 5.397847e+41
1.387500e-14 -7.458841e+20 5.563431e+41
1.389000e-14 -7.564688e+20 5.722450e+41
1.390500e-14 -7.664478e+20 5.874422e+41
1.392000e-14 -7.758147e+20 6.018884e+41
1.393500e-14 -7.845637e+20 6.155402e+41
1.395000e-14 -7.926895e+20 6.283566e+41
1.396500e-14 -8.001872e+20 6.402995e+41
1.398000e-14 -8.070524e+20 6.513336e+41
1.399500e-14 -8.132813e+20 6.614264e+41
1.401000e-14 -8.188704e+20 6.705487e+41
1.402500e-14 -8.238168e+20 6.786741e+41
1.404000e-14 -8.281181e+20 6.857796e+41
1.405500e-14 -8.317724e+20 6.918454e+41
1.407000e-14 -8.347783e+20 6.968548e+41
1.408500e-14 -8.371348e+20 7.007946e+41
1.410000e-14 -8.388414e+20 7.036550e+41
1.411500e-14 -8.398983e+20 7.054292e+41
1.413000e-14 -8.403060e+20 7.061141e+41
1.414500e-14 -8.400654e+20 7.057099e+41
1.416000e-14 -8.391782e+20 7.042201e+41
1.417500e-14 -8.376463e+20 7.016513e+41
1.419000e-14 -8.354722e+20 6.980139e+41
1.420500e-14 -8.326590e+20 6.933209e+41
1.422000e-14 -8.292099e+20 6.875891e+41
1.423500e-14 -8.251291e+20 6.808380e+41
1.425000e-14 -8.204208e+20 6.730903e+41
1.426500e-14 -8.150900e+20 6.643717e+41
1.428000e-14 -8.091419e+20 6.547107e+41
1.429500e-14 -8.025824e+20 6.441386e+41
1.431000e-14 -7.954178e+20 6.326895e+41
1.432500e-14 -7.876547e+20 6.203998e+41
1.434000e-14 -7.793002e+20 6.073087e+41
1.435500e-14 -7.703619e+20 5.934575e+41
1.437000e-14 -7.608479e+20 5.788895e+41
1.438500e-14 -7.507665e+20 5.636504e+41
1.440000e-14 -7.401267e+20 5.477875e+41
1.441500e-14 -7.289376e+20 5.313500e+41
1.443000e-14 -7.172090e+20 5.143887e+41
1.444500e-14 -7.049509e+20 4.969557e+41
1.446000e-14 -6.921737e+20 4.791044e+41
1.447500e-14 -6.788883e+20 4.608893e+41
1.449000e-14 -6.651059e+20 4.423658e+41
1.450500e-14 -6.508380e+20 4.235901e+41
1.452000e-14 -6.360966e+20 4.046188e+41
1.453500e-14 -6.208938e+20 3.855091e+41
1.455000e-14 -6.052424e+20 3.663183e+41
1.456500e-14 -5.891551e+20 3.471038e+41
1.458000e-14 -5.726453e+20 3.279226e+41
1.459500e-14 -5.557264e+20 3.088319e+41
1.461000e-14 -5.384124e+20 2.898879e+41
1.462500e-14 -5.207172e+20 2.711464e+41
1.464000e-14 -5.026552e+20 2.526622e+41
1.465500e-14 -4.842411e+20 2.344895e+41
1.467000e-14 -4.654898e+20 2.166808e+41
1.468500e-14 -4.464163e+20 1.992876e+41
1.470000e-14 -4.270361e+20 1.823598e+41
1.471500e-14 -4.073646e+20 1.659459e+41
1.473000e-14 -3.874176e+20 1.500924e+41
1.474500e-14 -3.672110e+20 1.348439e+41
1.476000e-14 -3.467610e+20 1.202432e+41
1.477500e-14 -3.260837e+20 1.063306e+41
1.479000e-14 -3.051957e+20 9.314441e+40
1.480500e-14 -2.841134e+20 8.072043e+40
1.482000e-14 -2.628536e+20 6.909199e+40
1.483500e-14 -2.414329e+20 5.828984e+40
1.485000e-14 -2.198683e+20 4.834207e+40
1.486500e-14 -1.981768e+20 3.927402e+40
1.488000e-14 -1.763752e+20 3.110822e+40
1.489500e-14 -1.544808e+20 2.386433e+40
1.491000e-14 -1.325107e+20 1.755908e+40
1.492500e-14 -1.104819e+20 1.220625e+40
1.494000e-14 -8.841165e+19 7.816620e+39
1.495500e-14 -6.631710e+19 4.397957e+39
1.497000e-14 -4.421537e+19 1.954999e+39
1.498500e-14 -2.212360e+19 4.894535e+38
