0.000000e+00 nan nan
1.500000e-17 nan nan
3.000000e-17 nan nan
4.500000e-17 nan nan
6.000000e-17 1.559755e+07 2.432835e+14
7.500000e-17 1.451134e+08 2.105790e+16
9.000000e-17 8.973692e+08 8.052715e+17
1.050000e-16 4.185915e+09 1.752189e+19
1.200000e-16 1.588406e+10 2.523032e+20
1.350000e-16 5.147996e+10 2.650186e+21
1.500000e-16 1.473210e+11 2.170348e+22
1.650000e-16 3.811914e+11 1.453069e+23
1.800000e-16 9.075701e+11 8.236835e+23
1.950000e-16 2.014896e+12 4.059804e+24
2.100000e-16 4.214543e+12 1.776237e+25
2.250000e-16 8.374011e+12 7.012405e+25
2.400000e-16 1.591004e+13 2.531292e+26
2.550000e-16 2.906100e+13 8.445415e+26
2.700000e-16 5.126202e+13 2.627795e+27
2.850000e-16 8.765070e+13 7.682645e+27
3.000000e-16 1.457362e+14 2.123903e+28
3.150000e-16 2.362693e+14 5.582320e+28
3.300000e-16 3.743582e+14 1.401440e+29
3.450000e-16 5.808765e+14 3.374176e+29
3.600000e-16 8.842226e+14 7.818496e+29
3.750000e-16 1.322488e+15 1.748974e+30
3.900000e-16 1.946103e+15 3.787317e+30
4.050000e-16 2.821039e+15 7.958263e+30
4.200000e-16 4.032637e+15 1.626216e+31
4.350000e-16 5.690155e+15 3.237787e+31
4.500000e-16 7.932131e+15 6.291870e+31
4.650000e-16 1.093264e+16 1.195227e+32
4.800000e-16 1.490858e+16 2.222658e+32
4.950000e-16 2.012805e+16 4.051382e+32
5.100000e-16 2.691994e+16 7.246834e+32
5.250000e-16 3.568495e+16 1.273416e+33
5.400000e-16 4.690791e+16 2.200352e+33
5.550000e-16 6.117179e+16 3.741988e+33
5.700000e-16 7.917337e+16 6.268422e+33
5.850000e-16 1.017406e+17 1.035116e+34
6.000000e-16 1.298522e+17 1.686160e+34
6.150000e-16 1.646587e+17 2.711248e+34
6.300000e-16 2.075061e+17 4.305878e+34
6.450000e-16 2.599618e+17 6.758014e+34
6.600000e-16 3.238423e+17 1.048738e+35
6.750000e-16 4.012437e+17 1.609965e+35
6.900000e-16 4.945749e+17 2.446043e+35
7.050000e-16 6.065923e+17 3.679542e+35
7.200000e-16 7.404384e+17 5.482490e+35
7.350000e-16 8.996818e+17 8.094274e+35
7.500000e-16 1.088361e+18 1.184529e+36
7.650000e-16 1.311028e+18 1.718794e+36
7.800000e-16 1.572800e+18 2.473699e+36
7.950000e-16 1.879406e+18 3.532167e+36
8.100000e-16 2.237243e+18 5.005255e+36
8.250000e-16 2.653428e+18 7.040682e+36
8.400000e-16 3.135861e+18 9.833621e+36
8.550000e-16 3.693275e+18 1.364028e+37
8.700000e-16 4.335307e+18 1.879489e+37
8.850000e-16 5.072556e+18 2.573082e+37
9.000000e-16 5.916643e+18 3.500667e+37
9.150000e-16 6.880286e+18 4.733833e+37
9.300000e-16 7.977354e+18 6.363818e+37
9.450000e-16 9.222943e+18 8.506268e+37
9.600000e-16 1.063343e+19 1.130699e+38
9.750000e-16 1.222657e+19 1.494889e+38
9.900000e-16 1.402149e+19 1.966022e+38
1.005000e-15 1.603885e+19 2.572446e+38
1.020000e-15 1.830081e+19 3.349198e+38
1.035000e-15 2.083117e+19 4.339377e+38
1.050000e-15 2.365536e+19 5.595761e+38
1.065000e-15 2.680053e+19 7.182683e+38
1.080000e-15 3.029558e+19 9.178224e+38
1.095000e-15 3.417124e+19 1.167673e+39
1.110000e-15 3.846004e+19 1.479175e+39
1.125000e-15 4.319641e+19 1.865930e+39
1.140000e-15 4.841668e+19 2.344175e+39
1.155000e-15 5.415908e+19 2.933206e+39
1.170000e-15 6.046378e+19 3.655869e+39
1.185000e-15 6.737288e+19 4.539105e+39
1.200000e-15 7.493040e+19 5.614564e+39
1.215000e-15 8.318224e+19 6.919286e+39
1.230000e-15 9.217623e+19 8.496457e+39
1.245000e-15 1.019620e+20 1.039625e+40
1.260000e-15 1.125909e+20 1.267672e+40
1.275000e-15 1.241162e+20 1.540483e+40
1.290000e-15 1.365926e+20 1.865755e+40
1.305000e-15 1.500765e+20 2.252297e+40
1.320000e-15 1.646258e+20 2.710164e+40
1.335000e-15 1.802994e+20 3.250788e+40
1.350000e-15 1.971579e+20 3.887123e+40
1.365000e-15 2.152626e+20 4.633797e+40
1.380000e-15 2.346758e+20 5.507273e+40
1.395000e-15 2.554606e+20 6.526013e+40
1.410000e-15 2.776806e+20 7.710652e+40
1.425000e-15 3.013997e+20 9.084176e+40
1.440000e-15 3.266818e+20 1.067210e+41
1.455000e-15 3.535909e+20 1.250265e+41
1.470000e-15 3.821905e+20 1.460696e+41
1.485000e-15 4.125434e+20 1.701920e+41
1.500000e-15 4.447115e+20 1.977683e+41
1.515000e-15 4.787555e+20 2.292069e+41
1.530000e-15 5.147347e+20 2.649518e+41
1.545000e-15 5.527063e+20 3.054842e+41
1.560000e-15 5.927254e+20 3.513234e+41
1.575000e-15 6.348448e+20 4.030280e+41
1.590000e-15 6.791142e+20 4.611961e+41
1.605000e-15 7.255802e+20 5.264666e+41
1.620000e-15 7.742857e+20 5.995184e+41
1.635000e-15 8.252698e+20 6.810703e+41
1.650000e-15 8.785671e+20 7.718802e+41
1.665000e-15 9.342077e+20 8.727440e+41
1.680000e-15 9.922163e+20 9.844933e+41
1.695000e-15 1.052613e+21 1.107993e+42
1.710000e-15 1.115410e+21 1.244139e+42
1.725000e-15 1.180616e+21 1.393853e+42
1.740000e-15 1.248231e+21 1.558080e+42
1.755000e-15 1.318249e+21 1.737780e+42
1.770000e-15 1.390657e+21 1.933926e+42
1.785000e-15 1.465433e+21 2.147493e+42
1.800000e-15 1.542548e+21 2.379455e+42
1.815000e-15 1.621966e+21 2.630774e+42
1.830000e-15 1.703640e+21 2.902388e+42
1.845000e-15 1.787515e+21 3.195209e+42
1.860000e-15 1.873527e+21 3.510104e+42
1.875000e-15 1.961604e+21 3.847890e+42
1.890000e-15 2.051662e+21 4.209317e+42
1.905000e-15 2.143609e+21 4.595059e+42
1.920000e-15 2.237343e+21 5.005702e+42
1.935000e-15 2.332750e+21 5.441724e+42
1.950000e-15 2.429710e+21 5.903491e+42
1.965000e-15 2.528089e+21 6.391235e+42
1.980000e-15 2.627745e+21 6.905044e+42
1.995000e-15 2.728525e+21 7.444847e+42
2.010000e-15 2.830266e+21 8.010404e+42
2.025000e-15 2.932795e+21 8.601287e+42
2.040000e-15 3.035930e+21 9.216874e+42
2.055000e-15 3.139480e+21 9.856333e+42
2.070000e-15 3.243242e+21 1.051862e+43
2.085000e-15 3.347005e+21 1.120244e+43
2.100000e-15 3.450552e+21 1.190631e+43
2.115000e-15 3.553653e+21 1.262845e+43
2.130000e-15 3.656074e+21 1.336687e+43
2.145000e-15 3.757570e+21 1.411934e+43
2.160000e-15 3.857893e+21 1.488334e+43
2.175000e-15 3.956785e+21 1.565615e+43
2.190000e-15 4.053985e+21 1.643479e+43
2.205000e-15 4.149223e+21 1.721605e+43
2.220000e-15 4.242228e+21 1.799650e+43
2.235000e-15 4.332724e+21 1.877250e+43
2.250000e-15 4.420432e+21 1.954022e+43
2.265000e-15 4.505070e+21 2.029566e+43
2.280000e-15 4.586356e+21 2.103466e+43
2.295000e-15 4.664006e+21 2.175295e+43
2.310000e-15 4.737736e+21 2.244615e+43
2.325000e-15 4.807266e+21 2.310981e+43
2.340000e-15 4.872316e+21 2.373946e+43
2.355000e-15 4.932609e+21 2.433063e+43
2.370000e-15 4.987873e+21 2.487888e+43
2.385000e-15 5.037842e+21 2.537985e+43
2.400000e-15 5.082253e+21 2.582930e+43
2.415000e-15 5.120855e+21 2.622316e+43
2.430000e-15 5.153402e+21 2.655755e+43
2.445000e-15 5.179658e+21 2.682885e+43
2.460000e-15 5.199397e+21 2.703373e+43
2.475000e-15 5.212407e+21 2.716918e+43
2.490000e-15 5.218484e+21 2.723258e+43
2.505000e-15 5.217442e+21 2.722170e+43
2.520000e-15 5.209107e+21 2.713479e+43
2.535000e-15 5.193320e+21 2.697057e+43
2.550000e-15 5.169940e+21 2.672828e+43
2.565000e-15 5.138842e+21 2.640769e+43
2.580000e-15 5.099920e+21 2.600918e+43
2.595000e-15 5.053086e+21 2.553368e+43
2.610000e-15 4.998273e+21 2.498273e+43
2.625000e-15 4.935434e+21 2.435851e+43
2.640000e-15 4.864541e+21 2.366376e+43
2.655000e-15 4.785592e+21 2.290189e+43
2.670000e-15 4.698604e+21 2.207688e+43
2.685000e-15 4.603617e+21 2.119329e+43
2.700000e-15 4.500696e+21 2.025626e+43
2.715000e-15 4.389927e+21 1.927146e+43
2.730000e-15 4.271423e+21 1.824506e+43
2.745000e-15 4.145319e+21 1.718367e+43
2.760000e-15 4.011774e+21 1.609433e+43
2.775000e-15 3.870972e+21 1.498442e+43
2.790000e-15 3.723120e+21 1.386162e+43
2.805000e-15 3.568451e+21 1.273384e+43
2.820000e-15 3.407220e+21 1.160915e+43
2.835000e-15 3.239705e+21 1.049569e+43
2.850000e-15 3.066209e+21 9.401639e+42
2.865000e-15 2.887056e+21 8.335093e+42
2.880000e-15 2.702592e+21 7.304005e+42
2.895000e-15 2.513185e+21 6.316099e+42
2.910000e-15 2.319223e+21 5.378793e+42
2.925000e-15 2.121112e+21 4.499116e+42
2.940000e-15 1.919280e+21 3.683634e+42
2.955000e-15 1.714169e+21 2.938375e+42
2.970000e-15 1.506240e+21 2.268760e+42
2.985000e-15 1.295969e+21 1.679536e+42
3.000000e-15 1.083845e+21 1.174720e+42
3.015000e-15 8.703697e+20 7.575434e+41
3.030000e-15 6.560566e+20 4.304103e+41
3.045000e-15 4.414287e+20 1.948593e+41
3.060000e-15 2.270173e+20 5.153686e+40
3.075000e-15 1.336018e+19 1.784944e+38
3.090000e-15 -1.990000e+20 3.960098e+40
3.105000e-15 -4.095171e+20 1.677043e+41
3.120000e-15 -6.176439e+20 3.814840e+41
3.135000e-15 -8.228332e+20 6.770544e+41
3.150000e-15 -1.024540e+21 1.049682e+42
3.165000e-15 -1.222223e+21 1.493828e+42
3.180000e-15 -1.415347e+21 2.003206e+42
3.195000e-15 -1.603384e+21 2.570839e+42
3.210000e-15 -1.785816e+21 3.189138e+42
3.225000e-15 -1.962136e+21 3.849978e+42
3.240000e-15 -2.131850e+21 4.544786e+42
3.255000e-15 -2.294481e+21 5.264641e+42
3.270000e-15 -2.449564e+21 6.000364e+42
3.285000e-15 -2.596658e+21 6.742631e+42
3.300000e-15 -2.735338e+21 7.482074e+42
3.315000e-15 -2.865204e+21 8.209393e+42
3.330000e-15 -2.985877e+21 8.915462e+42
3.345000e-15 -3.097005e+21 9.591441e+42
3.360000e-15 -3.198262e+21 1.022888e+43
3.375000e-15 -3.289348e+21 1.081981e+43
3.390000e-15 -3.369996e+21 1.135687e+43
3.405000e-15 -3.439965e+21 1.183336e+43
3.420000e-15 -3.499050e+21 1.224335e+43
3.435000e-15 -3.547076e+21 1.258175e+43
3.450000e-15 -3.583902e+21 1.284435e+43
3.465000e-15 -3.609421e+21 1.302792e+43
3.480000e-15 -3.623561e+21 1.313020e+43
3.495000e-15 -3.626288e+21 1.314997e+43
3.510000e-15 -3.617601e+21 1.308704e+43
3.525000e-15 -3.597537e+21 1.294227e+43
3.540000e-15 -3.566170e+21 1.271757e+43
3.555000e-15 -3.523608e+21 1.241582e+43
3.570000e-15 -3.470000e+21 1.204090e+43
3.585000e-15 -3.405528e+21 1.159762e+43
3.600000e-15 -3.330411e+21 1.109164e+43
3.615000e-15 -3.244904e+21 1.052940e+43
3.630000e-15 -3.149296e+21 9.918068e+42
3.645000e-15 -3.043913e+21 9.265406e+42
3.660000e-15 -2.929111e+21 8.579690e+42
3.675000e-15 -2.805280e+21 7.869594e+42
3.690000e-15 -2.672841e+21 7.144078e+42
3.705000e-15 -2.532245e+21 6.412265e+42
3.720000e-15 -2.383972e+21 5.683324e+42
3.735000e-15 -2.228529e+21 4.966341e+42
3.750000e-15 -2.066447e+21 4.270205e+42
3.765000e-15 -1.898284e+21 3.603480e+42
3.780000e-15 -1.724615e+21 2.974298e+42
3.795000e-15 -1.546040e+21 2.390241e+42
3.810000e-15 -1.363175e+21 1.858246e+42
3.825000e-15 -1.176650e+21 1.384506e+42
3.840000e-15 -9.871119e+20 9.743899e+41
3.855000e-15 -7.952169e+20 6.323700e+41
3.870000e-15 -6.016313e+20 3.619603e+41
3.885000e-15 -4.070279e+20 1.656717e+41
3.900000e-15 -2.120840e+20 4.497962e+40
3.915000e-15 -1.747887e+19 3.055110e+38
3.930000e-15 1.761086e+20 3.101425e+40
3.945000e-15 3.680026e+20 1.354259e+41
3.960000e-15 5.575325e+20 3.108425e+41
3.975000e-15 7.440357e+20 5.535891e+41
3.990000e-15 9.268597e+20 8.590690e+41
4.005000e-15 1.105365e+21 1.221832e+42
4.020000e-15 1.278927e+21 1.635655e+42
4.035000e-15 1.446939e+21 2.093633e+42
4.050000e-15 1.608814e+21 2.588281e+42
4.065000e-15 1.763985e+21 3.111644e+42
4.080000e-15 1.911913e+21 3.655411e+42
4.095000e-15 2.052082e+21 4.211041e+42
4.110000e-15 2.184006e+21 4.769882e+42
4.125000e-15 2.307228e+21 5.323301e+42
4.140000e-15 2.421324e+21 5.862808e+42
4.155000e-15 2.525902e+21 6.380181e+42
4.170000e-15 2.620607e+21 6.867581e+42
4.185000e-15 2.705120e+21 7.317672e+42
4.200000e-15 2.779158e+21 7.723719e+42
4.215000e-15 2.842480e+21 8.079693e+42
4.230000e-15 2.894883e+21 8.380348e+42
4.245000e-15 2.936205e+21 8.621301e+42
4.260000e-15 2.966327e+21 8.799094e+42
4.275000e-15 2.985169e+21 8.911234e+42
4.290000e-15 2.992697e+21 8.956234e+42
4.305000e-15 2.988917e+21 8.933623e+42
4.320000e-15 2.973879e+21 8.843954e+42
4.335000e-15 2.947674e+21 8.688785e+42
4.350000e-15 2.910439e+21 8.470654e+42
4.365000e-15 2.862348e+21 8.193035e+42
4.380000e-15 2.803619e+21 7.860278e+42
4.395000e-15 2.734510e+21 7.477542e+42
4.410000e-15 2.655317e+21 7.050710e+42
4.425000e-15 2.566377e+21 6.586293e+42
4.440000e-15 2.468062e+21 6.091332e+42
4.455000e-15 2.360781e+21 5.573285e+42
4.470000e-15 2.244974e+21 5.039909e+42
4.485000e-15 2.121118e+21 4.499141e+42
4.500000e-15 1.989716e+21 3.958971e+42
4.515000e-15 1.851304e+21 3.427326e+42
4.530000e-15 1.706440e+21 2.911939e+42
4.545000e-15 1.555710e+21 2.420235e+42
4.560000e-15 1.399721e+21 1.959218e+42
4.575000e-15 1.239097e+21 1.535362e+42
4.590000e-15 1.074484e+21 1.154515e+42
4.605000e-15 9.065379e+20 8.218110e+41
4.620000e-15 7.359298e+20 5.415927e+41
4.635000e-15 5.633390e+20 3.173508e+41
4.650000e-15 3.894514e+20 1.516724e+41
4.665000e-15 2.149571e+20 4.620655e+40
4.680000e-15 4.054727e+19 1.644081e+39
4.695000e-15 -1.330885e+20 1.771254e+40
4.710000e-15 -3.052648e+20 9.318660e+40
4.725000e-15 -4.753036e+20 2.259135e+41
4.740000e-15 -6.425363e+20 4.128529e+41
4.755000e-15 -8.063072e+20 6.501313e+41
4.770000e-15 -9.659753e+20 9.331084e+41
4.785000e-15 -1.120918e+21 1.256456e+42
4.800000e-15 -1.270531e+21 1.614250e+42
4.815000e-15 -1.414236e+21 2.000063e+42
4.830000e-15 -1.551476e+21 2.407079e+42
4.845000e-15 -1.681724e+21 2.828197e+42
4.860000e-15 -1.804481e+21 3.256153e+42
4.875000e-15 -1.919280e+21 3.683636e+42
4.890000e-15 -2.025686e+21 4.103404e+42
4.905000e-15 -2.123300e+21 4.508404e+42
4.920000e-15 -2.211760e+21 4.891882e+42
4.935000e-15 -2.290741e+21 5.247493e+42
4.950000e-15 -2.359957e+21 5.569399e+42
4.965000e-15 -2.419165e+21 5.852360e+42
4.980000e-15 -2.468161e+21 6.091816e+42
4.995000e-15 -2.506783e+21 6.283959e+42
5.010000e-15 -2.534913e+21 6.425783e+42
5.025000e-15 -2.552477e+21 6.515137e+42
5.040000e-15 -2.559443e+21 6.550746e+42
5.055000e-15 -2.555823e+21 6.532229e+42
5.070000e-15 -2.541673e+21 6.460101e+42
5.085000e-15 -2.517092e+21 6.335753e+42
5.100000e-15 -2.482222e+21 6.161428e+42
5.115000e-15 -2.437248e+21 5.940176e+42
5.130000e-15 -2.382393e+21 5.675798e+42
5.145000e-15 -2.317925e+21 5.372777e+42
5.160000e-15 -2.244148e+21 5.036200e+42
5.175000e-15 -2.161404e+21 4.671669e+42
5.190000e-15 -2.070074e+21 4.285205e+42
5.205000e-15 -1.970570e+21 3.883145e+42
5.220000e-15 -1.863340e+21 3.472035e+42
5.235000e-15 -1.748861e+21 3.058515e+42
5.250000e-15 -1.627641e+21 2.649215e+42
5.265000e-15 -1.500213e+21 2.250639e+42
5.280000e-15 -1.367136e+21 1.869060e+42
5.295000e-15 -1.228989e+21 1.510414e+42
5.310000e-15 -1.086373e+21 1.180207e+42
5.325000e-15 -9.399058e+20 8.834229e+41
5.340000e-15 -7.902181e+20 6.244447e+41
5.355000e-15 -6.379536e+20 4.069849e+41
5.370000e-15 -4.837649e+20 2.340285e+41
5.385000e-15 -3.283106e+20 1.077878e+41
5.400000e-15 -1.722529e+20 2.967107e+40
5.415000e-15 -1.625471e+19 2.642155e+38
5.430000e-15 1.390234e+20 1.932750e+40
5.445000e-15 2.929257e+20 8.580547e+40
5.460000e-15 4.448043e+20 1.978509e+41
5.475000e-15 5.940218e+20 3.528620e+41
5.490000e-15 7.399541e+20 5.475321e+41
5.505000e-15 8.819927e+20 7.779111e+41
5.520000e-15 1.019548e+21 1.039478e+42
5.535000e-15 1.152050e+21 1.327219e+42
5.550000e-15 1.278954e+21 1.635724e+42
5.565000e-15 1.399740e+21 1.959271e+42
5.580000e-15 1.513914e+21 2.291936e+42
5.595000e-15 1.621015e+21 2.627691e+42
5.610000e-15 1.720612e+21 2.960506e+42
5.625000e-15 1.812307e+21 3.284457e+42
5.640000e-15 1.895738e+21 3.593823e+42
5.655000e-15 1.970580e+21 3.883185e+42
5.670000e-15 2.036545e+21 4.147515e+42
5.685000e-15 2.093385e+21 4.382259e+42
5.700000e-15 2.140891e+21 4.583413e+42
5.715000e-15 2.178896e+21 4.747588e+42
5.730000e-15 2.207275e+21 4.872062e+42
5.745000e-15 2.225943e+21 4.954823e+42
5.760000e-15 2.234860e+21 4.994598e+42
5.775000e-15 2.234025e+21 4.990869e+42
5.790000e-15 2.223483e+21 4.943876e+42
5.805000e-15 2.203318e+21 4.854610e+42
5.820000e-15 2.173657e+21 4.724784e+42
5.835000e-15 2.134667e+21 4.556804e+42
5.850000e-15 2.086556e+21 4.353718e+42
5.865000e-15 2.029571e+21 4.119160e+42
5.880000e-15 1.963996e+21 3.857281e+42
5.895000e-15 1.890152e+21 3.572674e+42
5.910000e-15 1.808394e+21 3.270290e+42
5.925000e-15 1.719113e+21 2.955350e+42
5.940000e-15 1.622729e+21 2.633251e+42
5.955000e-15 1.519694e+21 2.309469e+42
5.970000e-15 1.410484e+21 1.989465e+42
5.985000e-15 1.295605e+21 1.678591e+42
6.000000e-15 1.175582e+21 1.381994e+42
6.015000e-15 1.050965e+21 1.104527e+42
6.030000e-15 9.223188e+20 8.506719e+41
6.045000e-15 7.902256e+20 6.244566e+41
6.060000e-15 6.552809e+20 4.293930e+41
6.075000e-15 5.180903e+20 2.684175e+41
6.090000e-15 3.792675e+20 1.438438e+41
6.105000e-15 2.394313e+20 5.732736e+40
6.120000e-15 9.920302e+19 9.841240e+39
6.135000e-15 -4.079659e+19 1.664361e+39
6.150000e-15 -1.799497e+20 3.238191e+40
6.165000e-15 -3.176445e+20 1.008980e+41
6.180000e-15 -4.532775e+20 2.054605e+41
6.195000e-15 -5.862563e+20 3.436965e+41
6.210000e-15 -7.160026e+20 5.126597e+41
6.225000e-15 -8.419541e+20 7.088867e+41
6.240000e-15 -9.635673e+20 9.284619e+41
6.255000e-15 -1.080320e+21 1.167091e+42
6.270000e-15 -1.191713e+21 1.420179e+42
6.285000e-15 -1.297272e+21 1.682915e+42
6.300000e-15 -1.396553e+21 1.950360e+42
6.315000e-15 -1.489138e+21 2.217531e+42
6.330000e-15 -1.574641e+21 2.479495e+42
6.345000e-15 -1.652712e+21 2.731457e+42
6.360000e-15 -1.723031e+21 2.968836e+42
6.375000e-15 -1.785316e+21 3.187355e+42
6.390000e-15 -1.839322e+21 3.383107e+42
6.405000e-15 -1.884841e+21 3.552627e+42
6.420000e-15 -1.921704e+21 3.692947e+42
6.435000e-15 -1.949781e+21 3.801646e+42
6.450000e-15 -1.968982e+21 3.876889e+42
6.465000e-15 -1.979256e+21 3.917455e+42
6.480000e-15 -1.980595e+21 3.922756e+42
6.495000e-15 -1.973028e+21 3.892839e+42
6.510000e-15 -1.956625e+21 3.828382e+42
6.525000e-15 -1.931496e+21 3.730677e+42
6.540000e-15 -1.897789e+21 3.601603e+42
6.555000e-15 -1.855690e+21 3.443586e+42
6.570000e-15 -1.805423e+21 3.259553e+42
6.585000e-15 -1.747247e+21 3.052872e+42
6.600000e-15 -1.681456e+21 2.827293e+42
6.615000e-15 -1.608376e+21 2.586874e+42
6.630000e-15 -1.528368e+21 2.335908e+42
6.645000e-15 -1.441819e+21 2.078843e+42
6.660000e-15 -1.349148e+21 1.820199e+42
6.675000e-15 -1.250796e+21 1.564490e+42
6.690000e-15 -1.147231e+21 1.316140e+42
6.705000e-15 -1.038943e+21 1.079403e+42
6.720000e-15 -9.264401e+20 8.582913e+41
6.735000e-15 -8.102483e+20 6.565023e+41
6.750000e-15 -6.909084e+20 4.773545e+41
6.765000e-15 -5.689738e+20 3.237312e+41
6.780000e-15 -4.450075e+20 1.980317e+41
6.795000e-15 -3.195795e+20 1.021311e+41
6.810000e-15 -1.932649e+20 3.735131e+40
6.825000e-15 -6.664027e+19 4.440926e+39
6.840000e-15 5.971808e+19 3.566249e+39
6.855000e-15 1.852372e+20 3.431284e+40
6.870000e-15 3.093501e+20 9.569751e+40
6.885000e-15 4.314981e+20 1.861906e+41
6.900000e-15 5.511333e+20 3.037479e+41
6.915000e-15 6.677214e+20 4.458519e+41
6.930000e-15 7.807437e+20 6.095607e+41
6.945000e-15 8.896997e+20 7.915655e+41
6.960000e-15 9.941091e+20 9.882528e+41
6.975000e-15 1.093514e+21 1.195773e+42
6.990000e-15 1.187481e+21 1.410111e+42
7.005000e-15 1.275603e+21 1.627163e+42
7.020000e-15 1.357501e+21 1.842810e+42
7.035000e-15 1.432827e+21 2.052992e+42
7.050000e-15 1.501261e+21 2.253784e+42
7.065000e-15 1.562519e+21 2.441464e+42
7.080000e-15 1.616349e+21 2.612583e+42
7.095000e-15 1.662534e+21 2.764020e+42
7.110000e-15 1.700894e+21 2.893042e+42
7.125000e-15 1.731285e+21 2.997347e+42
7.140000e-15 1.753598e+21 3.075105e+42
7.155000e-15 1.767764e+21 3.124988e+42
7.170000e-15 1.773750e+21 3.146188e+42
7.185000e-15 1.771561e+21 3.138428e+42
7.200000e-15 1.761240e+21 3.101966e+42
7.215000e-15 1.742867e+21 3.037585e+42
7.230000e-15 1.716558e+21 2.946570e+42
7.245000e-15 1.682465e+21 2.830688e+42
7.260000e-15 1.640776e+21 2.692147e+42
7.275000e-15 1.591714e+21 2.533552e+42
7.290000e-15 1.535532e+21 2.357858e+42
7.305000e-15 1.472518e+21 2.168308e+42
7.320000e-15 1.402988e+21 1.968376e+42
7.335000e-15 1.327290e+21 1.761699e+42
7.350000e-15 1.245796e+21 1.552007e+42
7.365000e-15 1.158904e+21 1.343059e+42
7.380000e-15 1.067037e+21 1.138568e+42
7.395000e-15 9.706377e+20 9.421376e+41
7.410000e-15 8.701691e+20 7.571943e+41
7.425000e-15 7.661110e+20 5.869261e+41
7.440000e-15 6.589579e+20 4.342255e+41
7.455000e-15 5.492170e+20 3.016393e+41
7.470000e-15 4.374055e+20 1.913236e+41
7.485000e-15 3.240485e+20 1.050074e+41
7.500000e-15 2.096761e+20 4.396405e+40
7.515000e-15 9.482129e+19 8.991078e+39
7.530000e-15 -1.998250e+19 3.993003e+38
7.545000e-15 -1.342041e+20 1.801075e+40
7.560000e-15 -2.473171e+20 6.116574e+40
7.575000e-15 -3.588018e+20 1.287387e+41
7.590000e-15 -4.681480e+20 2.191626e+41
7.605000e-15 -5.748575e+20 3.304612e+41
7.620000e-15 -6.784458e+20 4.602887e+41
7.635000e-15 -7.784447e+20 6.059761e+41
7.650000e-15 -8.744043e+20 7.645829e+41
7.665000e-15 -9.658952e+20 9.329536e+41
7.680000e-15 -1.052510e+21 1.107777e+42
7.695000e-15 -1.133866e+21 1.285652e+42
7.710000e-15 -1.209605e+21 1.463144e+42
7.725000e-15 -1.279398e+21 1.636858e+42
7.740000e-15 -1.342943e+21 1.803495e+42
7.755000e-15 -1.399969e+21 1.959912e+42
7.770000e-15 -1.450236e+21 2.103185e+42
7.785000e-15 -1.493538e+21 2.230655e+42
7.800000e-15 -1.529698e+21 2.339977e+42
7.815000e-15 -1.558578e+21 2.429166e+42
7.830000e-15 -1.580071e+21 2.496624e+42
7.845000e-15 -1.594105e+21 2.541170e+42
7.860000e-15 -1.600644e+21 2.562060e+42
7.875000e-15 -1.599686e+21 2.558995e+42
7.890000e-15 -1.591266e+21 2.532126e+42
7.905000e-15 -1.575450e+21 2.482044e+42
7.920000e-15 -1.552343e+21 2.409769e+42
7.935000e-15 -1.522080e+21 2.316726e+42
7.950000e-15 -1.484829e+21 2.204717e+42
7.965000e-15 -1.440792e+21 2.075881e+42
7.980000e-15 -1.390201e+21 1.932658e+42
7.995000e-15 -1.333316e+21 1.777733e+42
8.010000e-15 -1.270430e+21 1.613992e+42
8.025000e-15 -1.201857e+21 1.444461e+42
8.040000e-15 -1.127942e+21 1.272253e+42
8.055000e-15 -1.049050e+21 1.100506e+42
8.070000e-15 -9.655693e+20 9.323241e+41
8.085000e-15 -8.779083e+20 7.707229e+41
8.100000e-15 -7.864932e+20 6.185716e+41
8.115000e-15 -6.917665e+20 4.785409e+41
8.130000e-15 -5.941845e+20 3.530552e+41
8.145000e-15 -4.942151e+20 2.442485e+41
8.160000e-15 -3.923358e+20 1.539274e+41
8.175000e-15 -2.890315e+20 8.353921e+40
8.190000e-15 -1.847918e+20 3.414799e+40
8.205000e-15 -8.010889e+19 6.417434e+39
8.220000e-15 2.452447e+19 6.014498e+38
8.235000e-15 1.286177e+20 1.654252e+40
8.250000e-15 2.316845e+20 5.367771e+40
8.265000e-15 3.332451e+20 1.110523e+41
8.280000e-15 4.328284e+20 1.873404e+41
8.295000e-15 5.299744e+20 2.808729e+41
8.310000e-15 6.242363e+20 3.896709e+41
8.325000e-15 7.151821e+20 5.114854e+41
8.340000e-15 8.023972e+20 6.438412e+41
8.355000e-15 8.854858e+20 7.840851e+41
8.370000e-15 9.640731e+20 9.294370e+41
8.385000e-15 1.037807e+21 1.077043e+42
8.400000e-15 1.106358e+21 1.224028e+42
8.415000e-15 1.169425e+21 1.367554e+42
8.430000e-15 1.226731e+21 1.504868e+42
8.445000e-15 1.278028e+21 1.633354e+42
8.460000e-15 1.323097e+21 1.750586e+42
8.475000e-15 1.361751e+21 1.854365e+42
8.490000e-15 1.393830e+21 1.942763e+42
8.505000e-15 1.419210e+21 2.014157e+42
8.520000e-15 1.437795e+21 2.067255e+42
8.535000e-15 1.449524e+21 2.101120e+42
8.550000e-15 1.454367e+21 2.115183e+42
8.565000e-15 1.452327e+21 2.109255e+42
8.580000e-15 1.443440e+21 2.083520e+42
8.595000e-15 1.427774e+21 2.038539e+42
8.610000e-15 1.405428e+21 1.975227e+42
8.625000e-15 1.376532e+21 1.894840e+42
8.640000e-15 1.341247e+21 1.798944e+42
8.655000e-15 1.299764e+21 1.689388e+42
8.670000e-15 1.252303e+21 1.568262e+42
8.685000e-15 1.199108e+21 1.437861e+42
8.700000e-15 1.140454e+21 1.300636e+42
8.715000e-15 1.076638e+21 1.159149e+42
8.730000e-15 1.007980e+21 1.016023e+42
8.745000e-15 9.348225e+20 8.738931e+41
8.760000e-15 8.575290e+20 7.353560e+41
8.775000e-15 7.764799e+20 6.029210e+41
8.790000e-15 6.920724e+20 4.789643e+41
8.805000e-15 6.047183e+20 3.656843e+41
8.820000e-15 5.148417e+20 2.650620e+41
8.835000e-15 4.228772e+20 1.788251e+41
8.850000e-15 3.292677e+20 1.084172e+41
8.865000e-15 2.344623e+20 5.497258e+40
8.880000e-15 1.389144e+20 1.929720e+40
8.895000e-15 4.307894e+19 1.855795e+39
8.910000e-15 -5.258910e+19 2.765613e+39
8.925000e-15 -1.476372e+20 2.179676e+40
8.940000e-15 -2.416176e+20 5.837904e+40
8.955000e-15 -3.340887e+20 1.116152e+41
8.970000e-15 -4.246180e+20 1.803005e+41
8.985000e-15 -5.127836e+20 2.629471e+41
9.000000e-15 -5.981763e+20 3.578149e+41
9.015000e-15 -6.804015e+20 4.629461e+41
9.030000e-15 -7.590808e+20 5.762036e+41
9.045000e-15 -8.338541e+20 6.953127e+41
9.060000e-15 -9.043812e+20 8.179053e+41
9.075000e-15 -9.703430e+20 9.415655e+41
9.090000e-15 -1.031443e+21 1.063875e+42
9.105000e-15 -1.087410e+21 1.182460e+42
9.120000e-15 -1.137996e+21 1.295034e+42
9.135000e-15 -1.182981e+21 1.399444e+42
9.150000e-15 -1.222172e+21 1.493704e+42
9.165000e-15 -1.255404e+21 1.576038e+42
9.180000e-15 -1.282540e+21 1.644910e+42
9.195000e-15 -1.303475e+21 1.699048e+42
9.210000e-15 -1.318132e+21 1.737471e+42
9.225000e-15 -1.326463e+21 1.759504e+42
9.240000e-15 -1.328452e+21 1.764784e+42
9.255000e-15 -1.324113e+21 1.753274e+42
9.270000e-15 -1.313489e+21 1.725252e+42
9.285000e-15 -1.296653e+21 1.681310e+42
9.300000e-15 -1.273709e+21 1.622335e+42
9.315000e-15 -1.244788e+21 1.549497e+42
9.330000e-15 -1.210048e+21 1.464216e+42
9.345000e-15 -1.169677e+21 1.368143e+42
9.360000e-15 -1.123886e+21 1.263119e+42
9.375000e-15 -1.072913e+21 1.151142e+42
9.390000e-15 -1.017020e+21 1.034329e+42
9.405000e-15 -9.564896e+20 9.148723e+41
9.420000e-15 -8.916279e+20 7.950002e+41
9.435000e-15 -8.227589e+20 6.769321e+41
9.450000e-15 -7.502250e+20 5.628375e+41
9.465000e-15 -6.743849e+20 4.547950e+41
9.480000e-15 -5.956118e+20 3.547535e+41
9.495000e-15 -5.142916e+20 2.644959e+41
9.510000e-15 -4.308208e+20 1.856066e+41
9.525000e-15 -3.456051e+20 1.194429e+41
9.540000e-15 -2.590567e+20 6.711039e+40
9.555000e-15 -1.715932e+20 2.944421e+40
9.570000e-15 -8.363463e+19 6.994752e+39
9.585000e-15 4.397645e+18 1.933928e+37
9.600000e-15 9.208360e+19 8.479389e+39
9.615000e-15 1.790062e+20 3.204323e+40
9.630000e-15 2.647536e+20 7.009448e+40
9.645000e-15 3.489209e+20 1.217458e+41
9.660000e-15 4.311120e+20 1.858576e+41
9.675000e-15 5.109418e+20 2.610615e+41
9.690000e-15 5.880377e+20 3.457883e+41
9.705000e-15 6.620413e+20 4.382987e+41
9.720000e-15 7.326104e+20 5.367181e+41
9.735000e-15 7.994202e+20 6.390727e+41
9.750000e-15 8.621650e+20 7.433285e+41
9.765000e-15 9.205595e+20 8.474297e+41
9.780000e-15 9.743401e+20 9.493386e+41
9.795000e-15 1.023266e+21 1.047074e+42
9.810000e-15 1.067121e+21 1.138748e+42
9.825000e-15 1.105714e+21 1.222603e+42
9.840000e-15 1.138878e+21 1.297042e+42
9.855000e-15 1.166473e+21 1.360660e+42
9.870000e-15 1.188389e+21 1.412268e+42
9.885000e-15 1.204539e+21 1.450914e+42
9.900000e-15 1.214867e+21 1.475902e+42
9.915000e-15 1.219344e+21 1.486800e+42
9.930000e-15 1.217969e+21 1.483448e+42
9.945000e-15 1.210769e+21 1.465961e+42
9.960000e-15 1.197799e+21 1.434721e+42
9.975000e-15 1.179140e+21 1.390371e+42
9.990000e-15 1.154903e+21 1.333800e+42
1.000500e-14 1.125222e+21 1.266124e+42
1.002000e-14 1.090258e+21 1.188663e+42
1.003500e-14 1.050198e+21 1.102916e+42
1.005000e-14 1.005250e+21 1.010528e+42
1.006500e-14 9.556470e+20 9.132612e+41
1.008000e-14 9.016420e+20 8.129584e+41
1.009500e-14 8.435091e+20 7.115077e+41
1.011000e-14 7.815409e+20 6.108062e+41
1.012500e-14 7.160473e+20 5.127238e+41
1.014000e-14 6.473542e+20 4.190675e+41
1.015500e-14 5.758016e+20 3.315475e+41
1.017000e-14 5.017422e+20 2.517452e+41
1.018500e-14 4.255392e+20 1.810836e+41
1.020000e-14 3.475652e+20 1.208016e+41
1.021500e-14 2.681999e+20 7.193117e+40
1.023000e-14 1.878283e+20 3.527946e+40
1.024500e-14 1.068390e+20 1.141458e+40
1.026000e-14 2.562243e+19 6.565090e+38
1.027500e-14 -5.543148e+19 3.072649e+39
1.029000e-14 -1.359347e+20 1.847824e+40
1.030500e-14 -2.155032e+20 4.644162e+40
1.032000e-14 -2.937586e+20 8.629413e+40
1.033500e-14 -3.703303e+20 1.371445e+41
1.035000e-14 -4.448566e+20 1.978974e+41
1.036500e-14 -5.169873e+20 2.672758e+41
1.038000e-14 -5.863843e+20 3.438466e+41
1.039500e-14 -6.527243e+20 4.260490e+41
1.041000e-14 -7.156992e+20 5.122254e+41
1.042500e-14 -7.750185e+20 6.006536e+41
1.044000e-14 -8.304097e+20 6.895802e+41
1.045500e-14 -8.816204e+20 7.772546e+41
1.047000e-14 -9.284191e+20 8.619620e+41
1.048500e-14 -9.705959e+20 9.420564e+41
1.050000e-14 -1.007964e+21 1.015992e+42
1.051500e-14 -1.040360e+21 1.082350e+42
1.053000e-14 -1.067646e+21 1.139868e+42
1.054500e-14 -1.089707e+21 1.187462e+42
1.056000e-14 -1.106456e+21 1.224244e+42
1.057500e-14 -1.117829e+21 1.249541e+42
1.059000e-14 -1.123790e+21 1.262903e+42
1.060500e-14 -1.124328e+21 1.264113e+42
1.062000e-14 -1.119459e+21 1.253189e+42
1.063500e-14 -1.109225e+21 1.230381e+42
1.065000e-14 -1.093693e+21 1.196164e+42
1.066500e-14 -1.072954e+21 1.151230e+42
1.068000e-14 -1.047126e+21 1.096472e+42
1.069500e-14 -1.016350e+21 1.032967e+42
1.071000e-14 -9.807896e+20 9.619482e+41
1.072500e-14 -9.406325e+20 8.847895e+41
1.074000e-14 -8.960865e+20 8.029711e+41
1.075500e-14 -8.473804e+20 7.180535e+41
1.077000e-14 -7.947619e+20 6.316465e+41
1.078500e-14 -7.384971e+20 5.453779e+41
1.080000e-14 -6.788683e+20 4.608622e+41
1.081500e-14 -6.161734e+20 3.796697e+41
1.083000e-14 -5.507240e+20 3.032969e+41
1.084500e-14 -4.828438e+20 2.331381e+41
1.086000e-14 -4.128673e+20 1.704594e+41
1.087500e-14 -3.411379e+20 1.163750e+41
1.089000e-14 -2.680063e+20 7.182736e+40
1.090500e-14 -1.938289e+20 3.756964e+40
1.092000e-14 -1.189660e+20 1.415291e+40
1.093500e-14 -4.377993e+19 1.916682e+39
1.095000e-14 3.136648e+19 9.838564e+38
1.096500e-14 1.061118e+20 1.125972e+40
1.098000e-14 1.800977e+20 3.243518e+40
1.099500e-14 2.529706e+20 6.399412e+40
1.101000e-14 3.243834e+20 1.052246e+41
1.102500e-14 3.939971e+20 1.552337e+41
1.104000e-14 4.614825e+20 2.129661e+41
1.105500e-14 5.265217e+20 2.772251e+41
1.107000e-14 5.888094e+20 3.466965e+41
1.108500e-14 6.480547e+20 4.199748e+41
1.110000e-14 7.039821e+20 4.955908e+41
1.111500e-14 7.563331e+20 5.720398e+41
1.113000e-14 8.048671e+20 6.478110e+41
1.114500e-14 8.493626e+20 7.214168e+41
1.116000e-14 8.896183e+20 7.914207e+41
1.117500e-14 9.254540e+20 8.564650e+41
1.119000e-14 9.567111e+20 9.152961e+41
1.120500e-14 9.832537e+20 9.667879e+41
1.122000e-14 1.004969e+21 1.009963e+42
1.123500e-14 1.021768e+21 1.044010e+42
1.125000e-14 1.033585e+21 1.068299e+42
1.126500e-14 1.040380e+21 1.082390e+42
1.128000e-14 1.042135e+21 1.086045e+42
1.129500e-14 1.038857e+21 1.079225e+42
1.131000e-14 1.030580e+21 1.062095e+42
1.132500e-14 1.017358e+21 1.035017e+42
1.134000e-14 9.992704e+20 9.985413e+41
1.135500e-14 9.764203e+20 9.533967e+41
1.137000e-14 9.489328e+20 9.004734e+41
1.138500e-14 9.169548e+20 8.408061e+41
1.140000e-14 8.806547e+20 7.755527e+41
1.141500e-14 8.402210e+20 7.059713e+41
1.143000e-14 7.958617e+20 6.333958e+41
1.144500e-14 7.478029e+20 5.592091e+41
1.146000e-14 6.962879e+20 4.848168e+41
1.147500e-14 6.415760e+20 4.116197e+41
1.149000e-14 5.839409e+20 3.409870e+41
1.150500e-14 5.236698e+20 2.742300e+41
1.152000e-14 4.610615e+20 2.125777e+41
1.153500e-14 3.964252e+20 1.571529e+41
1.155000e-14 3.300791e+20 1.089522e+41
1.156500e-14 2.623484e+20 6.882667e+40
1.158000e-14 1.935642e+20 3.746709e+40
1.159500e-14 1.240616e+20 1.539127e+40
1.161000e-14 5.417805e+19 2.935261e+39
1.162500e-14 -1.574801e+19 2.479999e+38
1.164000e-14 -8.537908e+19 7.289588e+39
1.165500e-14 -1.543801e+20 2.383321e+40
1.167000e-14 -2.224200e+20 4.947064e+40
1.168500e-14 -2.891733e+20 8.362123e+40
1.170000e-14 -3.543220e+20 1.255441e+41
1.171500e-14 -4.175564e+20 1.743533e+41
1.173000e-14 -4.785772e+20 2.290361e+41
1.174500e-14 -5.370965e+20 2.884727e+41
1.176000e-14 -5.928396e+20 3.514588e+41
1.177500e-14 -6.455458e+20 4.167293e+41
1.179000e-14 -6.949698e+20 4.829830e+41
1.180500e-14 -7.408830e+20 5.489076e+41
1.182000e-14 -7.830744e+20 6.132055e+41
1.183500e-14 -8.213514e+20 6.746182e+41
1.185000e-14 -8.555412e+20 7.319507e+41
1.186500e-14 -8.854908e+20 7.840940e+41
1.188000e-14 -9.110685e+20 8.300459e+41
1.189500e-14 -9.321639e+20 8.689295e+41
1.191000e-14 -9.486885e+20 9.000099e+41
1.192500e-14 -9.605762e+20 9.227067e+41
1.194000e-14 -9.677836e+20 9.366051e+41
1.195500e-14 -9.702897e+20 9.414621e+41
1.197000e-14 -9.680965e+20 9.372109e+41
1.198500e-14 -9.612286e+20 9.239605e+41
1.200000e-14 -9.497331e+20 9.019930e+41
1.201500e-14 -9.336793e+20 8.717571e+41
1.203000e-14 -9.131583e+20 8.338580e+41
1.204500e-14 -8.882824e+20 7.890456e+41
1.206000e-14 -8.591847e+20 7.381984e+41
1.207500e-14 -8.260184e+20 6.823064e+41
1.209000e-14 -7.889556e+20 6.224510e+41
1.210500e-14 -7.481871e+20 5.597839e+41
1.212000e-14 -7.039206e+20 4.955042e+41
1.213500e-14 -6.563804e+20 4.308353e+41
1.215000e-14 -6.058059e+20 3.670008e+41
1.216500e-14 -5.524505e+20 3.052015e+41
1.218000e-14 -4.965801e+20 2.465918e+41
1.219500e-14 -4.384722e+20 1.922579e+41
1.221000e-14 -3.784142e+20 1.431973e+41
1.222500e-14 -3.167021e+20 1.003002e+41
1.224000e-14 -2.536391e+20 6.433279e+40
1.225500e-14 -1.895340e+20 3.592313e+40
1.227000e-14 -1.246998e+20 1.555003e+40
1.228500e-14 -5.945202e+19 3.534543e+39
1.230000e-14 5.892537e+18 3.472200e+37
1.231500e-14 7.101765e+19 5.043506e+39
1.233000e-14 1.356090e+20 1.838980e+40
1.234500e-14 1.993557e+20 3.974270e+40
1.236000e-14 2.619520e+20 6.861883e+40
1.237500e-14 3.230982e+20 1.043925e+41
1.239000e-14 3.825029e+20 1.463085e+41
1.240500e-14 4.398837e+20 1.934977e+41
1.242000e-14 4.949687e+20 2.449941e+41
1.243500e-14 5.474981e+20 2.997541e+41
1.245000e-14 5.972249e+20 3.566775e+41
1.246500e-14 6.439165e+20 4.146284e+41
1.248000e-14 6.873556e+20 4.724577e+41
1.249500e-14 7.273412e+20 5.290252e+41
1.251000e-14 7.636896e+20 5.832218e+41
1.252500e-14 7.962352e+20 6.339905e+41
1.254000e-14 8.248311e+20 6.803464e+41
1.255500e-14 8.493501e+20 7.213956e+41
1.257000e-14 8.696849e+20 7.563518e+41
1.258500e-14 8.857488e+20 7.845509e+41
1.260000e-14 8.974760e+20 8.054631e+41
1.261500e-14 9.048218e+20 8.187025e+41
1.263000e-14 9.077628e+20 8.240334e+41
1.264500e-14 9.062971e+20 8.213745e+41
1.266000e-14 9.004440e+20 8.107994e+41
1.267500e-14 8.902439e+20 7.925342e+41
1.269000e-14 8.757582e+20 7.669524e+41
1.270500e-14 8.570689e+20 7.345671e+41
1.272000e-14 8.342780e+20 6.960197e+41
1.273500e-14 8.075071e+20 6.520677e+41
1.275000e-14 7.768968e+20 6.035687e+41
1.276500e-14 7.426059e+20 5.514635e+41
1.278000e-14 7.048103e+20 4.967576e+41
1.279500e-14 6.637027e+20 4.405013e+41
1.281000e-14 6.194912e+20 3.837694e+41
1.282500e-14 5.723984e+20 3.276399e+41
1.284000e-14 5.226600e+20 2.731735e+41
1.285500e-14 4.705242e+20 2.213930e+41
1.287000e-14 4.162500e+20 1.732641e+41
1.288500e-14 3.601060e+20 1.296763e+41
1.290000e-14 3.023692e+20 9.142714e+40
1.291500e-14 2.433236e+20 5.920636e+40
1.293000e-14 1.832586e+20 3.358373e+40
1.294500e-14 1.224681e+20 1.499844e+40
1.296000e-14 6.124841e+19 3.751368e+39
1.297500e-14 -1.026976e+17 1.054680e+34
1.299000e-14 -6.128763e+19 3.756174e+39
1.300500e-14 -1.220104e+20 1.488654e+40
1.302000e-14 -1.819780e+20 3.311599e+40
1.303500e-14 -2.409018e+20 5.803369e+40
1.305000e-14 -2.984992e+20 8.910176e+40
1.306500e-14 -3.544944e+20 1.256663e+41
1.308000e-14 -4.086204e+20 1.669706e+41
1.309500e-14 -4.606197e+20 2.121705e+41
1.311000e-14 -5.102460e+20 2.603510e+41
1.312500e-14 -5.572649e+20 3.105442e+41
1.314000e-14 -6.014553e+20 3.617485e+41
1.315500e-14 -6.426105e+20 4.129483e+41
1.317000e-14 -6.805388e+20 4.631331e+41
1.318500e-14 -7.150648e+20 5.113177e+41
1.320000e-14 -7.460300e+20 5.565608e+41
1.321500e-14 -7.732934e+20 5.979827e+41
1.323000e-14 -7.967325e+20 6.347827e+41
1.324500e-14 -8.162434e+20 6.662533e+41
1.326000e-14 -8.317417e+20 6.917943e+41
1.327500e-14 -8.431626e+20 7.109232e+41
1.329000e-14 -8.504611e+20 7.232841e+41
1.330500e-14 -8.536124e+20 7.286541e+41
1.332000e-14 -8.526118e+20 7.269469e+41
1.333500e-14 -8.474747e+20 7.182134e+41
1.335000e-14 -8.382366e+20 7.026405e+41
1.336500e-14 -8.249526e+20 6.805468e+41
1.338000e-14 -8.076975e+20 6.523752e+41
1.339500e-14 -7.865649e+20 6.186844e+41
1.341000e-14 -7.616672e+20 5.801370e+41
1.342500e-14 -7.331346e+20 5.374864e+41
1.344000e-14 -7.011147e+20 4.915618e+41
1.345500e-14 -6.657714e+20 4.432515e+41
1.347000e-14 -6.272845e+20 3.934859e+41
1.348500e-14 -5.858487e+20 3.432188e+41
1.350000e-14 -5.416723e+20 2.934089e+41
1.351500e-14 -4.949764e+20 2.450017e+41
1.353000e-14 -4.459939e+20 1.989106e+41
1.354500e-14 -3.949680e+20 1.559997e+41
1.356000e-14 -3.421514e+20 1.170676e+41
1.357500e-14 -2.878048e+20 8.283162e+40
1.359000e-14 -2.321957e+20 5.391485e+40
1.360500e-14 -1.755971e+20 3.083433e+40
1.362000e-14 -1.182859e+20 1.399156e+40
1.363500e-14 -6.054221e+19 3.665360e+39
1.365000e-14 -2.647220e+18 7.007775e+36
1.366500e-14 5.511769e+19 3.037960e+39
1.368000e-14 1.124725e+20 1.265005e+40
1.369500e-14 1.691397e+20 2.860823e+40
1.371000e-14 2.248460e+20 5.055571e+40
1.372500e-14 2.793232e+20 7.802146e+40
1.374000e-14 3.323099e+20 1.104299e+41
1.375500e-14 3.835524e+20 1.471124e+41
1.377000e-14 4.328061e+20 1.873211e+41
1.378500e-14 4.798367e+20 2.302432e+41
1.380000e-14 5.244210e+20 2.750174e+41
1.381500e-14 5.663485e+20 3.207506e+41
1.383000e-14 6.054219e+20 3.665357e+41
1.384500e-14 6.414582e+20 4.114686e+41
1.386000e-14 6.742896e+20 4.546664e+41
1.387500e-14 7.037642e+20 4.952840e+41
1.389000e-14 7.297468e+20 5.325304e+41
1.390500e-14 7.521194e+20 5.656836e+41
1.392000e-14 7.707818e+20 5.941046e+41
1.393500e-14 7.856521e+20 6.172492e+41
1.395000e-14 7.966669e+20 6.346781e+41
1.396500e-14 8.037816e+20 6.460648e+41
1.398000e-14 8.069707e+20 6.512017e+41
1.399500e-14 8.062279e+20 6.500035e+41
1.401000e-14 8.015659e+20 6.425079e+41
1.402500e-14 7.930163e+20 6.288748e+41
1.404000e-14 7.806297e+20 6.093827e+41
1.405500e-14 7.644749e+20 5.844219e+41
1.407000e-14 7.446393e+20 5.544877e+41
1.408500e-14 7.212275e+20 5.201691e+41
1.410000e-14 6.943615e+20 4.821378e+41
1.411500e-14 6.641796e+20 4.411346e+41
1.413000e-14 6.308362e+20 3.979543e+41
1.414500e-14 5.945003e+20 3.534306e+41
1.416000e-14 5.553554e+20 3.084196e+41
1.417500e-14 5.135980e+20 2.637829e+41
1.419000e-14 4.694370e+20 2.203711e+41
1.420500e-14 4.230923e+20 1.790071e+41
1.422000e-14 3.747943e+20 1.404708e+41
1.423500e-14 3.247819e+20 1.054833e+41
1.425000e-14 2.733022e+20 7.469411e+40
1.426500e-14 2.206087e+20 4.866820e+40
1.428000e-14 1.669602e+20 2.787571e+40
1.429500e-14 1.126197e+20 1.268320e+40
1.431000e-14 5.785290e+19 3.346958e+39
1.432500e-14 2.927044e+18 8.567589e+36
1.434000e-14 -5.189044e+19 2.692618e+39
1.435500e-14 -1.063332e+20 1.130676e+40
1.437000e-14 -1.601374e+20 2.564399e+40
1.438500e-14 -2.130427e+20 4.538718e+40
1.440000e-14 -2.647937e+20 7.011572e+40
1.441500e-14 -3.151414e+20 9.931409e+40
1.443000e-14 -3.638438e+20 1.323823e+41
1.444500e-14 -4.106676e+20 1.686478e+41
1.446000e-14 -4.553890e+20 2.073792e+41
1.447500e-14 -4.977952e+20 2.478000e+41
1.449000e-14 -5.376847e+20 2.891048e+41
1.450500e-14 -5.748688e+20 3.304741e+41
1.452000e-14 -6.091725e+20 3.710911e+41
1.453500e-14 -6.404349e+20 4.101568e+41
1.455000e-14 -6.685104e+20 4.469061e+41
1.456500e-14 -6.932691e+20 4.806221e+41
1.458000e-14 -7.145976e+20 5.106498e+41
1.459500e-14 -7.323993e+20 5.364087e+41
1.461000e-14 -7.465949e+20 5.574040e+41
1.462500e-14 -7.571230e+20 5.732352e+41
1.464000e-14 -7.639399e+20 5.836042e+41
1.465500e-14 -7.670202e+20 5.883200e+41
1.467000e-14 -7.663567e+20 5.873026e+41
1.468500e-14 -7.619603e+20 5.805835e+41
1.470000e-14 -7.538602e+20 5.683053e+41
1.471500e-14 -7.421035e+20 5.507176e+41
1.473000e-14 -7.267548e+20 5.281726e+41
1.474500e-14 -7.078963e+20 5.011172e+41
1.476000e-14 -6.856270e+20 4.700844e+41
1.477500e-14 -6.600622e+20 4.356822e+41
1.479000e-14 -6.313332e+20 3.985816e+41
1.480500e-14 -5.995862e+20 3.595036e+41
1.482000e-14 -5.649819e+20 3.192046e+41
1.483500e-14 -5.276947e+20 2.784617e+41
1.485000e-14 -4.879114e+20 2.380576e+41
1.486500e-14 -4.458309e+20 1.987652e+41
1.488000e-14 -4.016627e+20 1.613330e+41
1.489500e-14 -3.556262e+20 1.264700e+41
1.491000e-14 -3.079491e+20 9.483265e+40
1.492500e-14 -2.588671e+20 6.701218e+40
1.494000e-14 -2.086220e+20 4.352315e+40
1.495500e-14 -1.574609e+20 2.479394e+40
1.497000e-14 -1.056349e+20 1.115872e+40
1.498500e-14 -5.339762e+19 2.851305e+39
