0.000000e+00 nan nan
1.500000e-17 nan nan
3.000000e-17 nan nan
4.500000e-17 nan nan
6.000000e-17 -1.107559e+02 1.226687e+04
7.500000e-17 -1.031276e+03 1.063529e+06
9.000000e-17 -6.383728e+03 4.075199e+07
1.050000e-16 -2.981322e+04 8.888283e+08
1.200000e-16 -1.132855e+05 1.283361e+10
1.350000e-16 -3.677266e+05 1.352229e+11
1.500000e-16 -1.054156e+06 1.111244e+12
1.650000e-16 -2.732849e+06 7.468463e+12
1.800000e-16 -6.520253e+06 4.251371e+13
1.950000e-16 -1.450868e+07 2.105019e+14
2.100000e-16 -3.042260e+07 9.255346e+14
2.250000e-16 -6.060789e+07 3.673316e+15
2.400000e-16 -1.154771e+08 1.333497e+16
2.550000e-16 -2.115650e+08 4.475975e+16
2.700000e-16 -3.743837e+08 1.401632e+17
2.850000e-16 -6.423090e+08 4.125608e+17
3.000000e-16 -1.071773e+09 1.148697e+18
3.150000e-16 -1.744090e+09 3.041851e+18
3.300000e-16 -2.774308e+09 7.696785e+18
3.450000e-16 -4.322514e+09 1.868413e+19
3.600000e-16 -6.608137e+09 4.366747e+19
3.750000e-16 -9.927808e+09 9.856138e+19
3.900000e-16 -1.467748e+10 2.154285e+20
4.050000e-16 -2.137955e+10 4.570851e+20
4.200000e-16 -3.071580e+10 9.434604e+20
4.350000e-16 -4.356723e+10 1.898103e+21
4.500000e-16 -6.106165e+10 3.728525e+21
4.650000e-16 -8.463043e+10 7.162309e+21
4.800000e-16 -1.160754e+11 1.347351e+22
4.950000e-16 -1.576479e+11 2.485286e+22
5.100000e-16 -2.121404e+11 4.500355e+22
5.250000e-16 -2.829939e+11 8.008556e+22
5.400000e-16 -3.744217e+11 1.401916e+23
5.550000e-16 -4.915519e+11 2.416232e+23
5.700000e-16 -6.405910e+11 4.103568e+23
5.850000e-16 -8.290107e+11 6.872587e+23
6.000000e-16 -1.065760e+12 1.135845e+24
6.150000e-16 -1.361508e+12 1.853703e+24
6.300000e-16 -1.728910e+12 2.989129e+24
6.450000e-16 -2.182920e+12 4.765140e+24
6.600000e-16 -2.741131e+12 7.513797e+24
6.750000e-16 -3.424155e+12 1.172484e+25
6.900000e-16 -4.256058e+12 1.811403e+25
7.050000e-16 -5.264828e+12 2.771841e+25
7.200000e-16 -6.482903e+12 4.202804e+25
7.350000e-16 -7.947759e+12 6.316688e+25
7.500000e-16 -9.702545e+12 9.413939e+25
7.650000e-16 -1.179679e+13 1.391643e+26
7.800000e-16 -1.428720e+13 2.041240e+26
7.950000e-16 -1.723845e+13 2.971641e+26
8.100000e-16 -2.072419e+13 4.294919e+26
8.250000e-16 -2.482799e+13 6.164290e+26
8.400000e-16 -2.964448e+13 8.787952e+26
8.550000e-16 -3.528053e+13 1.244716e+27
8.700000e-16 -4.185656e+13 1.751972e+27
8.850000e-16 -4.950790e+13 2.451033e+27
9.000000e-16 -5.838637e+13 3.408968e+27
9.150000e-16 -6.866185e+13 4.714449e+27
9.300000e-16 -8.052407e+13 6.484125e+27
9.450000e-16 -9.418448e+13 8.870716e+27
9.600000e-16 -1.098783e+14 1.207324e+28
9.750000e-16 -1.278666e+14 1.634988e+28
9.900000e-16 -1.484388e+14 2.203409e+28
1.005000e-15 -1.719150e+14 2.955477e+28
1.020000e-15 -1.986485e+14 3.946123e+28
1.035000e-15 -2.290289e+14 5.245424e+28
1.050000e-15 -2.634849e+14 6.942429e+28
1.065000e-15 -3.024875e+14 9.149867e+28
1.080000e-15 -3.465532e+14 1.200992e+29
1.095000e-15 -3.962481e+14 1.570126e+29
1.110000e-15 -4.521909e+14 2.044766e+29
1.125000e-15 -5.150574e+14 2.652841e+29
1.140000e-15 -5.855845e+14 3.429092e+29
1.155000e-15 -6.645748e+14 4.416596e+29
1.170000e-15 -7.529008e+14 5.668596e+29
1.185000e-15 -8.515103e+14 7.250698e+29
1.200000e-15 -9.614314e+14 9.243503e+29
1.215000e-15 -1.083777e+15 1.174574e+30
1.230000e-15 -1.219753e+15 1.487798e+30
1.245000e-15 -1.370661e+15 1.878712e+30
1.260000e-15 -1.537906e+15 2.365154e+30
1.275000e-15 -1.723002e+15 2.968737e+30
1.290000e-15 -1.927582e+15 3.715572e+30
1.305000e-15 -2.153400e+15 4.637131e+30
1.320000e-15 -2.402342e+15 5.771246e+30
1.335000e-15 -2.676431e+15 7.163284e+30
1.350000e-15 -2.977839e+15 8.867525e+30
1.365000e-15 -3.308889e+15 1.094875e+31
1.380000e-15 -3.672071e+15 1.348410e+31
1.395000e-15 -4.070042e+15 1.656524e+31
1.410000e-15 -4.505644e+15 2.030083e+31
1.425000e-15 -4.981908e+15 2.481941e+31
1.440000e-15 -5.502065e+15 3.027271e+31
1.455000e-15 -6.069556e+15 3.683951e+31
1.470000e-15 -6.688044e+15 4.472993e+31
1.485000e-15 -7.361423e+15 5.419055e+31
1.500000e-15 -8.093830e+15 6.551009e+31
1.515000e-15 -8.889656e+15 7.902598e+31
1.530000e-15 -9.753558e+15 9.513189e+31
1.545000e-15 -1.069047e+16 1.142862e+32
1.560000e-15 -1.170562e+16 1.370216e+32
1.575000e-15 -1.280454e+16 1.639562e+32
1.590000e-15 -1.399307e+16 1.958060e+32
1.605000e-15 -1.527739e+16 2.333987e+32
1.620000e-15 -1.666403e+16 2.776898e+32
1.635000e-15 -1.815985e+16 3.297802e+32
1.650000e-15 -1.977212e+16 3.909369e+32
1.665000e-15 -2.150848e+16 4.626148e+32
1.680000e-15 -2.337697e+16 5.464828e+32
1.695000e-15 -2.538606e+16 6.444520e+32
1.710000e-15 -2.754465e+16 7.587075e+32
1.725000e-15 -2.986208e+16 8.917439e+32
1.740000e-15 -3.234819e+16 1.046405e+33
1.755000e-15 -3.501327e+16 1.225929e+33
1.770000e-15 -3.786815e+16 1.433997e+33
1.785000e-15 -4.092415e+16 1.674786e+33
1.800000e-15 -4.419315e+16 1.953035e+33
1.815000e-15 -4.768758e+16 2.274105e+33
1.830000e-15 -5.142045e+16 2.644063e+33
1.845000e-15 -5.540537e+16 3.069755e+33
1.860000e-15 -5.965656e+16 3.558905e+33
1.875000e-15 -6.418889e+16 4.120214e+33
1.890000e-15 -6.901789e+16 4.763469e+33
1.905000e-15 -7.415975e+16 5.499669e+33
1.920000e-15 -7.963138e+16 6.341157e+33
1.935000e-15 -8.545041e+16 7.301773e+33
1.950000e-15 -9.163521e+16 8.397012e+33
1.965000e-15 -9.820493e+16 9.644209e+33
1.980000e-15 -1.051795e+17 1.106273e+34
1.995000e-15 -1.125797e+17 1.267419e+34
2.010000e-15 -1.204271e+17 1.450268e+34
2.025000e-15 -1.287441e+17 1.657505e+34
2.040000e-15 -1.375542e+17 1.892115e+34
2.055000e-15 -1.468815e+17 2.157418e+34
2.070000e-15 -1.567513e+17 2.457098e+34
2.085000e-15 -1.671898e+17 2.795244e+34
2.100000e-15 -1.782242e+17 3.176386e+34
2.115000e-15 -1.898826e+17 3.605540e+34
2.130000e-15 -2.021943e+17 4.088254e+34
2.145000e-15 -2.151897e+17 4.630661e+34
2.160000e-15 -2.289002e+17 5.239529e+34
2.175000e-15 -2.433584e+17 5.922330e+34
2.190000e-15 -2.585980e+17 6.687295e+34
2.205000e-15 -2.746542e+17 7.543492e+34
2.220000e-15 -2.915630e+17 8.500898e+34
2.235000e-15 -3.093620e+17 9.570484e+34
2.250000e-15 -3.280899e+17 1.076430e+35
2.265000e-15 -3.477870e+17 1.209558e+35
2.280000e-15 -3.684947e+17 1.357883e+35
2.295000e-15 -3.902559e+17 1.522996e+35
2.310000e-15 -4.131150e+17 1.706640e+35
2.325000e-15 -4.371179e+17 1.910720e+35
2.340000e-15 -4.623119e+17 2.137323e+35
2.355000e-15 -4.887461e+17 2.388727e+35
2.370000e-15 -5.164709e+17 2.667422e+35
2.385000e-15 -5.455385e+17 2.976123e+35
2.400000e-15 -5.760029e+17 3.317794e+35
2.415000e-15 -6.079197e+17 3.695664e+35
2.430000e-15 -6.413462e+17 4.113250e+35
2.445000e-15 -6.763417e+17 4.574381e+35
2.460000e-15 -7.129672e+17 5.083222e+35
2.475000e-15 -7.512858e+17 5.644303e+35
2.490000e-15 -7.913623e+17 6.262543e+35
2.505000e-15 -8.332638e+17 6.943286e+35
2.520000e-15 -8.770593e+17 7.692331e+35
2.535000e-15 -9.228199e+17 8.515966e+35
2.550000e-15 -9.706190e+17 9.421012e+35
2.565000e-15 -1.020532e+18 1.041485e+36
2.580000e-15 -1.072637e+18 1.150549e+36
2.595000e-15 -1.127013e+18 1.270159e+36
2.610000e-15 -1.183744e+18 1.401250e+36
2.625000e-15 -1.242914e+18 1.544836e+36
2.640000e-15 -1.304611e+18 1.702010e+36
2.655000e-15 -1.368925e+18 1.873955e+36
2.670000e-15 -1.435948e+18 2.061946e+36
2.685000e-15 -1.505775e+18 2.267360e+36
2.700000e-15 -1.578506e+18 2.491681e+36
2.715000e-15 -1.654240e+18 2.736510e+36
2.730000e-15 -1.733082e+18 3.003572e+36
2.745000e-15 -1.815137e+18 3.294723e+36
2.760000e-15 -1.900516e+18 3.611963e+36
2.775000e-15 -1.989332e+18 3.957444e+36
2.790000e-15 -2.081701e+18 4.333479e+36
2.805000e-15 -2.177741e+18 4.742557e+36
2.820000e-15 -2.277576e+18 5.187352e+36
2.835000e-15 -2.381331e+18 5.670735e+36
2.850000e-15 -2.489134e+18 6.195790e+36
2.865000e-15 -2.601121e+18 6.765828e+36
2.880000e-15 -2.717425e+18 7.384400e+36
2.895000e-15 -2.838189e+18 8.055315e+36
2.910000e-15 -2.963555e+18 8.782656e+36
2.925000e-15 -3.093671e+18 9.570797e+36
2.940000e-15 -3.228688e+18 1.042443e+37
2.955000e-15 -3.368763e+18 1.134857e+37
2.970000e-15 -3.514055e+18 1.234858e+37
2.985000e-15 -3.664727e+18 1.343023e+37
3.000000e-15 -3.820948e+18 1.459965e+37
3.015000e-15 -3.982890e+18 1.586341e+37
3.030000e-15 -4.150730e+18 1.722856e+37
3.045000e-15 -4.324648e+18 1.870258e+37
3.060000e-15 -4.504831e+18 2.029350e+37
3.075000e-15 -4.691468e+18 2.200987e+37
3.090000e-15 -4.884756e+18 2.386084e+37
3.105000e-15 -5.084893e+18 2.585614e+37
3.120000e-15 -5.292085e+18 2.800617e+37
3.135000e-15 -5.506542e+18 3.032200e+37
3.150000e-15 -5.728477e+18 3.281545e+37
3.165000e-15 -5.958112e+18 3.549910e+37
3.180000e-15 -6.195671e+18 3.838634e+37
3.195000e-15 -6.441385e+18 4.149145e+37
3.210000e-15 -6.695490e+18 4.482959e+37
3.225000e-15 -6.958227e+18 4.841692e+37
3.240000e-15 -7.229843e+18 5.227062e+37
3.255000e-15 -7.510590e+18 5.640896e+37
3.270000e-15 -7.800726e+18 6.085133e+37
3.285000e-15 -8.100516e+18 6.561836e+37
3.300000e-15 -8.410230e+18 7.073196e+37
3.315000e-15 -8.730142e+18 7.621538e+37
3.330000e-15 -9.060535e+18 8.209330e+37
3.345000e-15 -9.401697e+18 8.839191e+37
3.360000e-15 -9.753921e+18 9.513898e+37
3.375000e-15 -1.011751e+19 1.023640e+38
3.390000e-15 -1.049276e+19 1.100981e+38
3.405000e-15 -1.088000e+19 1.183744e+38
3.420000e-15 -1.127954e+19 1.272280e+38
3.435000e-15 -1.169171e+19 1.366960e+38
3.450000e-15 -1.211683e+19 1.468176e+38
3.465000e-15 -1.255525e+19 1.576344e+38
3.480000e-15 -1.300732e+19 1.691903e+38
3.495000e-15 -1.347338e+19 1.815319e+38
3.510000e-15 -1.395379e+19 1.947083e+38
3.525000e-15 -1.444892e+19 2.087714e+38
3.540000e-15 -1.495915e+19 2.237761e+38
3.555000e-15 -1.548484e+19 2.397804e+38
3.570000e-15 -1.602639e+19 2.568453e+38
3.585000e-15 -1.658420e+19 2.750356e+38
3.600000e-15 -1.715865e+19 2.944193e+38
3.615000e-15 -1.775016e+19 3.150681e+38
3.630000e-15 -1.835914e+19 3.370580e+38
3.645000e-15 -1.898601e+19 3.604687e+38
3.660000e-15 -1.963121e+19 3.853843e+38
3.675000e-15 -2.029516e+19 4.118934e+38
3.690000e-15 -2.097831e+19 4.400893e+38
3.705000e-15 -2.168110e+19 4.700702e+38
3.720000e-15 -2.240400e+19 5.019393e+38
3.735000e-15 -2.314747e+19 5.358054e+38
3.750000e-15 -2.391198e+19 5.717827e+38
3.765000e-15 -2.469800e+19 6.099913e+38
3.780000e-15 -2.550603e+19 6.505575e+38
3.795000e-15 -2.633655e+19 6.936138e+38
3.810000e-15 -2.719006e+19 7.392994e+38
3.825000e-15 -2.806707e+19 7.877606e+38
3.840000e-15 -2.896810e+19 8.391507e+38
3.855000e-15 -2.989365e+19 8.936306e+38
3.870000e-15 -3.084427e+19 9.513691e+38
3.885000e-15 -3.182048e+19 1.012543e+39
3.900000e-15 -3.282283e+19 1.077338e+39
3.915000e-15 -3.385185e+19 1.145948e+39
3.930000e-15 -3.490812e+19 1.218577e+39
3.945000e-15 -3.599218e+19 1.295437e+39
3.960000e-15 -3.710460e+19 1.376752e+39
3.975000e-15 -3.824597e+19 1.462754e+39
3.990000e-15 -3.941686e+19 1.553689e+39
4.005000e-15 -4.061785e+19 1.649810e+39
4.020000e-15 -4.184955e+19 1.751385e+39
4.035000e-15 -4.311255e+19 1.858692e+39
4.050000e-15 -4.440746e+19 1.972022e+39
4.065000e-15 -4.573488e+19 2.091679e+39
4.080000e-15 -4.709544e+19 2.217981e+39
4.095000e-15 -4.848977e+19 2.351258e+39
4.110000e-15 -4.991849e+19 2.491855e+39
4.125000e-15 -5.138223e+19 2.640134e+39
4.140000e-15 -5.288164e+19 2.796468e+39
4.155000e-15 -5.441737e+19 2.961250e+39
4.170000e-15 -5.599006e+19 3.134887e+39
4.185000e-15 -5.760038e+19 3.317804e+39
4.200000e-15 -5.924898e+19 3.510442e+39
4.215000e-15 -6.093653e+19 3.713261e+39
4.230000e-15 -6.266371e+19 3.926740e+39
4.245000e-15 -6.443118e+19 4.151378e+39
4.260000e-15 -6.623964e+19 4.387690e+39
4.275000e-15 -6.808976e+19 4.636215e+39
4.290000e-15 -6.998223e+19 4.897513e+39
4.305000e-15 -7.191775e+19 5.172163e+39
4.320000e-15 -7.389702e+19 5.460769e+39
4.335000e-15 -7.592072e+19 5.763956e+39
4.350000e-15 -7.798958e+19 6.082374e+39
4.365000e-15 -8.010428e+19 6.416696e+39
4.380000e-15 -8.226556e+19 6.767622e+39
4.395000e-15 -8.447410e+19 7.135874e+39
4.410000e-15 -8.673064e+19 7.522204e+39
4.425000e-15 -8.903589e+19 7.927390e+39
4.440000e-15 -9.139057e+19 8.352236e+39
4.455000e-15 -9.379540e+19 8.797576e+39
4.470000e-15 -9.625110e+19 9.264274e+39
4.485000e-15 -9.875840e+19 9.753222e+39
4.500000e-15 -1.013180e+20 1.026534e+40
4.515000e-15 -1.039307e+20 1.080159e+40
4.530000e-15 -1.065972e+20 1.136296e+40
4.545000e-15 -1.093181e+20 1.195046e+40
4.560000e-15 -1.120944e+20 1.256515e+40
4.575000e-15 -1.149265e+20 1.320811e+40
4.590000e-15 -1.178154e+20 1.388048e+40
4.605000e-15 -1.207617e+20 1.458340e+40
4.620000e-15 -1.237662e+20 1.531807e+40
4.635000e-15 -1.268295e+20 1.608573e+40
4.650000e-15 -1.299525e+20 1.688765e+40
4.665000e-15 -1.331358e+20 1.772514e+40
4.680000e-15 -1.363801e+20 1.859954e+40
4.695000e-15 -1.396862e+20 1.951224e+40
4.710000e-15 -1.430548e+20 2.046468e+40
4.725000e-15 -1.464866e+20 2.145833e+40
4.740000e-15 -1.499824e+20 2.249471e+40
4.755000e-15 -1.535427e+20 2.357536e+40
4.770000e-15 -1.571684e+20 2.470190e+40
4.785000e-15 -1.608601e+20 2.587597e+40
4.800000e-15 -1.646185e+20 2.709926e+40
4.815000e-15 -1.684444e+20 2.837351e+40
4.830000e-15 -1.723383e+20 2.970050e+40
4.845000e-15 -1.763011e+20 3.108207e+40
4.860000e-15 -1.803333e+20 3.252010e+40
4.875000e-15 -1.844356e+20 3.401650e+40
4.890000e-15 -1.886088e+20 3.557327e+40
4.905000e-15 -1.928534e+20 3.719242e+40
4.920000e-15 -1.971700e+20 3.887603e+40
4.935000e-15 -2.015595e+20 4.062622e+40
4.950000e-15 -2.060223e+20 4.244519e+40
4.965000e-15 -2.105591e+20 4.433514e+40
4.980000e-15 -2.151705e+20 4.629836e+40
4.995000e-15 -2.198572e+20 4.833719e+40
5.010000e-15 -2.246197e+20 5.045402e+40
5.025000e-15 -2.294586e+20 5.265126e+40
5.040000e-15 -2.343746e+20 5.493143e+40
5.055000e-15 -2.393680e+20 5.729706e+40
5.070000e-15 -2.444397e+20 5.975074e+40
5.085000e-15 -2.495899e+20 6.229514e+40
5.100000e-15 -2.548194e+20 6.493295e+40
5.115000e-15 -2.601287e+20 6.766693e+40
5.130000e-15 -2.655182e+20 7.049990e+40
5.145000e-15 -2.709884e+20 7.343471e+40
5.160000e-15 -2.765399e+20 7.647429e+40
5.175000e-15 -2.821730e+20 7.962161e+40
5.190000e-15 -2.878883e+20 8.287969e+40
5.205000e-15 -2.936863e+20 8.625162e+40
5.220000e-15 -2.995672e+20 8.974051e+40
5.235000e-15 -3.055316e+20 9.334956e+40
5.250000e-15 -3.115799e+20 9.708200e+40
5.265000e-15 -3.177123e+20 1.009411e+41
5.280000e-15 -3.239294e+20 1.049302e+41
5.295000e-15 -3.302314e+20 1.090528e+41
5.310000e-15 -3.366186e+20 1.133121e+41
5.325000e-15 -3.430915e+20 1.177118e+41
5.340000e-15 -3.496502e+20 1.222553e+41
5.355000e-15 -3.562951e+20 1.269462e+41
5.370000e-15 -3.630264e+20 1.317881e+41
5.385000e-15 -3.698443e+20 1.367848e+41
5.400000e-15 -3.767491e+20 1.419399e+41
5.415000e-15 -3.837410e+20 1.472571e+41
5.430000e-15 -3.908201e+20 1.527404e+41
5.445000e-15 -3.979866e+20 1.583934e+41
5.460000e-15 -4.052407e+20 1.642200e+41
5.475000e-15 -4.125824e+20 1.702242e+41
5.490000e-15 -4.200118e+20 1.764099e+41
5.505000e-15 -4.275291e+20 1.827811e+41
5.520000e-15 -4.351342e+20 1.893417e+41
5.535000e-15 -4.428271e+20 1.960959e+41
5.550000e-15 -4.506080e+20 2.030476e+41
5.565000e-15 -4.584767e+20 2.102009e+41
5.580000e-15 -4.664332e+20 2.175599e+41
5.595000e-15 -4.744774e+20 2.251288e+41
5.610000e-15 -4.826092e+20 2.329117e+41
5.625000e-15 -4.908286e+20 2.409127e+41
5.640000e-15 -4.991352e+20 2.491360e+41
5.655000e-15 -5.075291e+20 2.575857e+41
5.670000e-15 -5.160098e+20 2.662662e+41
5.685000e-15 -5.245773e+20 2.751814e+41
5.700000e-15 -5.332313e+20 2.843356e+41
5.715000e-15 -5.419714e+20 2.937330e+41
5.730000e-15 -5.507974e+20 3.033778e+41
5.745000e-15 -5.597089e+20 3.132740e+41
5.760000e-15 -5.687055e+20 3.234259e+41
5.775000e-15 -5.777868e+20 3.338376e+41
5.790000e-15 -5.869524e+20 3.445131e+41
5.805000e-15 -5.962019e+20 3.554567e+41
5.820000e-15 -6.055346e+20 3.666722e+41
5.835000e-15 -6.149502e+20 3.781638e+41
5.850000e-15 -6.244481e+20 3.899354e+41
5.865000e-15 -6.340276e+20 4.019909e+41
5.880000e-15 -6.436881e+20 4.143344e+41
5.895000e-15 -6.534290e+20 4.269695e+41
5.910000e-15 -6.632497e+20 4.399002e+41
5.925000e-15 -6.731494e+20 4.531301e+41
5.940000e-15 -6.831273e+20 4.666629e+41
5.955000e-15 -6.931827e+20 4.805022e+41
5.970000e-15 -7.033147e+20 4.946516e+41
5.985000e-15 -7.135226e+20 5.091145e+41
6.000000e-15 -7.238054e+20 5.238942e+41
6.015000e-15 -7.341622e+20 5.389942e+41
6.030000e-15 -7.445921e+20 5.544175e+41
6.045000e-15 -7.550942e+20 5.701672e+41
6.060000e-15 -7.656673e+20 5.862464e+41
6.075000e-15 -7.763104e+20 6.026579e+41
6.090000e-15 -7.870225e+20 6.194045e+41
6.105000e-15 -7.978025e+20 6.364888e+41
6.120000e-15 -8.086491e+20 6.539134e+41
6.135000e-15 -8.195613e+20 6.716807e+41
6.150000e-15 -8.305377e+20 6.897929e+41
6.165000e-15 -8.415772e+20 7.082522e+41
6.180000e-15 -8.526784e+20 7.270605e+41
6.195000e-15 -8.638400e+20 7.462196e+41
6.210000e-15 -8.750607e+20 7.657312e+41
6.225000e-15 -8.863390e+20 7.855968e+41
6.240000e-15 -8.976736e+20 8.058178e+41
6.255000e-15 -9.090629e+20 8.263953e+41
6.270000e-15 -9.205054e+20 8.473302e+41
6.285000e-15 -9.319997e+20 8.686234e+41
6.300000e-15 -9.435441e+20 8.902755e+41
6.315000e-15 -9.551371e+20 9.122868e+41
6.330000e-15 -9.667769e+20 9.346576e+41
6.345000e-15 -9.784620e+20 9.573879e+41
6.360000e-15 -9.901906e+20 9.804774e+41
6.375000e-15 -1.001961e+21 1.003926e+42
6.390000e-15 -1.013771e+21 1.027732e+42
6.405000e-15 -1.025620e+21 1.051896e+42
6.420000e-15 -1.037504e+21 1.076415e+42
6.435000e-15 -1.049424e+21 1.101290e+42
6.450000e-15 -1.061375e+21 1.126517e+42
6.465000e-15 -1.073357e+21 1.152096e+42
6.480000e-15 -1.085368e+21 1.178024e+42
6.495000e-15 -1.097405e+21 1.204299e+42
6.510000e-15 -1.109467e+21 1.230917e+42
6.525000e-15 -1.121551e+21 1.257877e+42
6.540000e-15 -1.133656e+21 1.285175e+42
6.555000e-15 -1.145778e+21 1.312807e+42
6.570000e-15 -1.157916e+21 1.340770e+42
6.585000e-15 -1.170068e+21 1.369060e+42
6.600000e-15 -1.182232e+21 1.397672e+42
6.615000e-15 -1.194404e+21 1.426602e+42
6.630000e-15 -1.206584e+21 1.455844e+42
6.645000e-15 -1.218768e+21 1.485394e+42
6.660000e-15 -1.230954e+21 1.515247e+42
6.675000e-15 -1.243139e+21 1.545395e+42
6.690000e-15 -1.255322e+21 1.575834e+42
6.705000e-15 -1.267500e+21 1.606556e+42
6.720000e-15 -1.279670e+21 1.637555e+42
6.735000e-15 -1.291829e+21 1.668823e+42
6.750000e-15 -1.303976e+21 1.700354e+42
6.765000e-15 -1.316108e+21 1.732140e+42
6.780000e-15 -1.328221e+21 1.764172e+42
6.795000e-15 -1.340314e+21 1.796442e+42
6.810000e-15 -1.352384e+21 1.828941e+42
6.825000e-15 -1.364427e+21 1.861661e+42
6.840000e-15 -1.376442e+21 1.894593e+42
6.855000e-15 -1.388425e+21 1.927725e+42
6.870000e-15 -1.400375e+21 1.961049e+42
6.885000e-15 -1.412287e+21 1.994554e+42
6.900000e-15 -1.424159e+21 2.028229e+42
6.915000e-15 -1.435989e+21 2.062063e+42
6.930000e-15 -1.447773e+21 2.096046e+42
6.945000e-15 -1.459509e+21 2.130165e+42
6.960000e-15 -1.471193e+21 2.164409e+42
6.975000e-15 -1.482823e+21 2.198765e+42
6.990000e-15 -1.494397e+21 2.233221e+42
7.005000e-15 -1.505910e+21 2.267764e+42
7.020000e-15 -1.517360e+21 2.302380e+42
7.035000e-15 -1.528743e+21 2.337057e+42
7.050000e-15 -1.540058e+21 2.371780e+42
7.065000e-15 -1.551301e+21 2.406535e+42
7.080000e-15 -1.562469e+21 2.441309e+42
7.095000e-15 -1.573558e+21 2.476086e+42
7.110000e-15 -1.584567e+21 2.510851e+42
7.125000e-15 -1.595491e+21 2.545590e+42
7.140000e-15 -1.606327e+21 2.580287e+42
7.155000e-15 -1.617073e+21 2.614926e+42
7.170000e-15 -1.627726e+21 2.649491e+42
7.185000e-15 -1.638281e+21 2.683966e+42
7.200000e-15 -1.648737e+21 2.718334e+42
7.215000e-15 -1.659090e+21 2.752580e+42
7.230000e-15 -1.669337e+21 2.786686e+42
7.245000e-15 -1.679474e+21 2.820634e+42
7.260000e-15 -1.689500e+21 2.854409e+42
7.275000e-15 -1.699409e+21 2.887991e+42
7.290000e-15 -1.709200e+21 2.921365e+42
7.305000e-15 -1.718869e+21 2.954510e+42
7.320000e-15 -1.728413e+21 2.987411e+42
7.335000e-15 -1.737829e+21 3.020048e+42
7.350000e-15 -1.747113e+21 3.052404e+42
7.365000e-15 -1.756263e+21 3.084460e+42
7.380000e-15 -1.765275e+21 3.116197e+42
7.395000e-15 -1.774147e+21 3.147597e+42
7.410000e-15 -1.782874e+21 3.178641e+42
7.425000e-15 -1.791455e+21 3.209310e+42
7.440000e-15 -1.799885e+21 3.239586e+42
7.455000e-15 -1.808162e+21 3.269450e+42
7.470000e-15 -1.816283e+21 3.298882e+42
7.485000e-15 -1.824244e+21 3.327865e+42
7.500000e-15 -1.832042e+21 3.356378e+42
7.515000e-15 -1.839675e+21 3.384403e+42
7.530000e-15 -1.847139e+21 3.411922e+42
7.545000e-15 -1.854431e+21 3.438915e+42
7.560000e-15 -1.861548e+21 3.465363e+42
7.575000e-15 -1.868488e+21 3.491248e+42
7.590000e-15 -1.875247e+21 3.516551e+42
7.605000e-15 -1.881822e+21 3.541253e+42
7.620000e-15 -1.888210e+21 3.565337e+42
7.635000e-15 -1.894409e+21 3.588784e+42
7.650000e-15 -1.900415e+21 3.611575e+42
7.665000e-15 -1.906225e+21 3.633694e+42
7.680000e-15 -1.911837e+21 3.655121e+42
7.695000e-15 -1.917248e+21 3.675840e+42
7.710000e-15 -1.922455e+21 3.695833e+42
7.725000e-15 -1.927455e+21 3.715084e+42
7.740000e-15 -1.932246e+21 3.733574e+42
7.755000e-15 -1.936824e+21 3.751288e+42
7.770000e-15 -1.941188e+21 3.768210e+42
7.785000e-15 -1.945334e+21 3.784323e+42
7.800000e-15 -1.949259e+21 3.799611e+42
7.815000e-15 -1.952962e+21 3.814061e+42
7.830000e-15 -1.956440e+21 3.827656e+42
7.845000e-15 -1.959689e+21 3.840381e+42
7.860000e-15 -1.962708e+21 3.852224e+42
7.875000e-15 -1.965495e+21 3.863170e+42
7.890000e-15 -1.968046e+21 3.873205e+42
7.905000e-15 -1.970360e+21 3.882317e+42
7.920000e-15 -1.972433e+21 3.890494e+42
7.935000e-15 -1.974265e+21 3.897723e+42
7.950000e-15 -1.975852e+21 3.903993e+42
7.965000e-15 -1.977193e+21 3.909293e+42
7.980000e-15 -1.978285e+21 3.913613e+42
7.995000e-15 -1.979127e+21 3.916942e+42
8.010000e-15 -1.979715e+21 3.919272e+42
8.025000e-15 -1.980049e+21 3.920594e+42
8.040000e-15 -1.980126e+21 3.920899e+42
8.055000e-15 -1.979944e+21 3.920180e+42
8.070000e-15 -1.979502e+21 3.918430e+42
8.085000e-15 -1.978798e+21 3.915642e+42
8.100000e-15 -1.977830e+21 3.911811e+42
8.115000e-15 -1.976596e+21 3.906932e+42
8.130000e-15 -1.975095e+21 3.901001e+42
8.145000e-15 -1.973325e+21 3.894013e+42
8.160000e-15 -1.971286e+21 3.885967e+42
8.175000e-15 -1.968974e+21 3.876858e+42
8.190000e-15 -1.966389e+21 3.866686e+42
8.205000e-15 -1.963530e+21 3.855450e+42
8.220000e-15 -1.960395e+21 3.843150e+42
8.235000e-15 -1.956984e+21 3.829786e+42
8.250000e-15 -1.953295e+21 3.815360e+42
8.265000e-15 -1.949326e+21 3.799873e+42
8.280000e-15 -1.945078e+21 3.783329e+42
8.295000e-15 -1.940549e+21 3.765730e+42
8.310000e-15 -1.935738e+21 3.747082e+42
8.325000e-15 -1.930645e+21 3.727390e+42
8.340000e-15 -1.925268e+21 3.706658e+42
8.355000e-15 -1.919608e+21 3.684895e+42
8.370000e-15 -1.913663e+21 3.662107e+42
8.385000e-15 -1.907434e+21 3.638303e+42
8.400000e-15 -1.900919e+21 3.613491e+42
8.415000e-15 -1.894118e+21 3.587682e+42
8.430000e-15 -1.887031e+21 3.560886e+42
8.445000e-15 -1.879658e+21 3.533114e+42
8.460000e-15 -1.871999e+21 3.504379e+42
8.475000e-15 -1.864053e+21 3.474694e+42
8.490000e-15 -1.855821e+21 3.444072e+42
8.505000e-15 -1.847303e+21 3.412527e+42
8.520000e-15 -1.838498e+21 3.380076e+42
8.535000e-15 -1.829408e+21 3.346733e+42
8.550000e-15 -1.820032e+21 3.312517e+42
8.565000e-15 -1.810371e+21 3.277444e+42
8.580000e-15 -1.800426e+21 3.241532e+42
8.595000e-15 -1.790196e+21 3.204802e+42
8.610000e-15 -1.779683e+21 3.167271e+42
8.625000e-15 -1.768887e+21 3.128962e+42
8.640000e-15 -1.757809e+21 3.089894e+42
8.655000e-15 -1.746451e+21 3.050090e+42
8.670000e-15 -1.734812e+21 3.009573e+42
8.685000e-15 -1.722894e+21 2.968364e+42
8.700000e-15 -1.710699e+21 2.926490e+42
8.715000e-15 -1.698226e+21 2.883973e+42
8.730000e-15 -1.685479e+21 2.840838e+42
8.745000e-15 -1.672457e+21 2.797113e+42
8.760000e-15 -1.659163e+21 2.752822e+42
8.775000e-15 -1.645598e+21 2.707992e+42
8.790000e-15 -1.631763e+21 2.662652e+42
8.805000e-15 -1.617661e+21 2.616828e+42
8.820000e-15 -1.603293e+21 2.570549e+42
8.835000e-15 -1.588661e+21 2.523844e+42
8.850000e-15 -1.573767e+21 2.476743e+42
8.865000e-15 -1.558613e+21 2.429275e+42
8.880000e-15 -1.543201e+21 2.381470e+42
8.895000e-15 -1.527533e+21 2.333359e+42
8.910000e-15 -1.511612e+21 2.284972e+42
8.925000e-15 -1.495440e+21 2.236342e+42
8.940000e-15 -1.479020e+21 2.187499e+42
8.955000e-15 -1.462353e+21 2.138476e+42
8.970000e-15 -1.445443e+21 2.089305e+42
8.985000e-15 -1.428292e+21 2.040018e+42
9.000000e-15 -1.410903e+21 1.990647e+42
9.015000e-15 -1.393279e+21 1.941226e+42
9.030000e-15 -1.375423e+21 1.891787e+42
9.045000e-15 -1.357337e+21 1.842364e+42
9.060000e-15 -1.339025e+21 1.792989e+42
9.075000e-15 -1.320491e+21 1.743696e+42
9.090000e-15 -1.301737e+21 1.694518e+42
9.105000e-15 -1.282766e+21 1.645489e+42
9.120000e-15 -1.263583e+21 1.596641e+42
9.135000e-15 -1.244189e+21 1.548007e+42
9.150000e-15 -1.224590e+21 1.499622e+42
9.165000e-15 -1.204789e+21 1.451517e+42
9.180000e-15 -1.184789e+21 1.403725e+42
9.195000e-15 -1.164594e+21 1.356280e+42
9.210000e-15 -1.144209e+21 1.309213e+42
9.225000e-15 -1.123636e+21 1.262557e+42
9.240000e-15 -1.102880e+21 1.216344e+42
9.255000e-15 -1.081945e+21 1.170605e+42
9.270000e-15 -1.060835e+21 1.125371e+42
9.285000e-15 -1.039555e+21 1.080674e+42
9.300000e-15 -1.018108e+21 1.036543e+42
9.315000e-15 -9.964987e+20 9.930097e+41
9.330000e-15 -9.747320e+20 9.501025e+41
9.345000e-15 -9.528121e+20 9.078509e+41
9.360000e-15 -9.307435e+20 8.662834e+41
9.375000e-15 -9.085308e+20 8.254282e+41
9.390000e-15 -8.861786e+20 7.853125e+41
9.405000e-15 -8.636917e+20 7.459634e+41
9.420000e-15 -8.410749e+20 7.074069e+41
9.435000e-15 -8.183329e+20 6.696687e+41
9.450000e-15 -7.954706e+20 6.327735e+41
9.465000e-15 -7.724931e+20 5.967456e+41
9.480000e-15 -7.494052e+20 5.616082e+41
9.495000e-15 -7.262121e+20 5.273840e+41
9.510000e-15 -7.029189e+20 4.940949e+41
9.525000e-15 -6.795306e+20 4.617618e+41
9.540000e-15 -6.560525e+20 4.304049e+41
9.555000e-15 -6.324899e+20 4.000435e+41
9.570000e-15 -6.088480e+20 3.706959e+41
9.585000e-15 -5.851322e+20 3.423797e+41
9.600000e-15 -5.613479e+20 3.151114e+41
9.615000e-15 -5.375004e+20 2.889067e+41
9.630000e-15 -5.135953e+20 2.637802e+41
9.645000e-15 -4.896381e+20 2.397455e+41
9.660000e-15 -4.656342e+20 2.168153e+41
9.675000e-15 -4.415894e+20 1.950012e+41
9.690000e-15 -4.175091e+20 1.743139e+41
9.705000e-15 -3.933991e+20 1.547628e+41
9.720000e-15 -3.692650e+20 1.363566e+41
9.735000e-15 -3.451124e+20 1.191026e+41
9.750000e-15 -3.209473e+20 1.030072e+41
9.765000e-15 -2.967752e+20 8.807552e+40
9.780000e-15 -2.726020e+20 7.431186e+40
9.795000e-15 -2.484335e+20 6.171921e+40
9.810000e-15 -2.242755e+20 5.029951e+40
9.825000e-15 -2.001339e+20 4.005358e+40
9.840000e-15 -1.760145e+20 3.098110e+40
9.855000e-15 -1.519232e+20 2.308064e+40
9.870000e-15 -1.278658e+20 1.634966e+40
9.885000e-15 -1.038483e+20 1.078448e+40
9.900000e-15 -7.987669e+19 6.380285e+39
9.915000e-15 -5.595674e+19 3.131157e+39
9.930000e-15 -3.209443e+19 1.030053e+39
9.945000e-15 -8.295700e+18 6.881864e+37
9.960000e-15 1.543353e+19 2.381938e+38
9.975000e-15 3.908732e+19 1.527818e+39
9.990000e-15 6.265973e+19 3.926242e+39
1.000500e-14 8.614485e+19 7.420935e+39
1.002000e-14 1.095367e+20 1.199830e+40
1.003500e-14 1.328295e+20 1.764367e+40
1.005000e-14 1.560172e+20 2.434136e+40
1.006500e-14 1.790939e+20 3.207463e+40
1.008000e-14 2.020538e+20 4.082575e+40
1.009500e-14 2.248910e+20 5.057598e+40
1.011000e-14 2.475997e+20 6.130561e+40
1.012500e-14 2.701740e+20 7.299396e+40
1.014000e-14 2.926080e+20 8.561944e+40
1.015500e-14 3.148961e+20 9.915952e+40
1.017000e-14 3.370323e+20 1.135908e+41
1.018500e-14 3.590111e+20 1.288890e+41
1.020000e-14 3.808267e+20 1.450290e+41
1.021500e-14 4.024733e+20 1.619848e+41
1.023000e-14 4.239454e+20 1.797297e+41
1.024500e-14 4.452373e+20 1.982363e+41
1.026000e-14 4.663435e+20 2.174763e+41
1.027500e-14 4.872584e+20 2.374208e+41
1.029000e-14 5.079765e+20 2.580401e+41
1.030500e-14 5.284923e+20 2.793042e+41
1.032000e-14 5.488005e+20 3.011820e+41
1.033500e-14 5.688957e+20 3.236423e+41
1.035000e-14 5.887724e+20 3.466530e+41
1.036500e-14 6.084256e+20 3.701817e+41
1.038000e-14 6.278498e+20 3.941954e+41
1.039500e-14 6.470401e+20 4.186609e+41
1.041000e-14 6.659912e+20 4.435443e+41
1.042500e-14 6.846981e+20 4.688115e+41
1.044000e-14 7.031559e+20 4.944282e+41
1.045500e-14 7.213595e+20 5.203595e+41
1.047000e-14 7.393041e+20 5.465706e+41
1.048500e-14 7.569849e+20 5.730262e+41
1.050000e-14 7.743972e+20 5.996910e+41
1.051500e-14 7.915362e+20 6.265296e+41
1.053000e-14 8.083974e+20 6.535064e+41
1.054500e-14 8.249763e+20 6.805858e+41
1.056000e-14 8.412683e+20 7.077323e+41
1.057500e-14 8.572691e+20 7.349103e+41
1.059000e-14 8.729744e+20 7.620843e+41
1.060500e-14 8.883800e+20 7.892189e+41
1.062000e-14 9.034816e+20 8.162790e+41
1.063500e-14 9.182753e+20 8.432295e+41
1.065000e-14 9.327570e+20 8.700357e+41
1.066500e-14 9.469229e+20 8.966631e+41
1.068000e-14 9.607692e+20 9.230774e+41
1.069500e-14 9.742920e+20 9.492449e+41
1.071000e-14 9.874878e+20 9.751322e+41
1.072500e-14 1.000353e+21 1.000706e+42
1.074000e-14 1.012884e+21 1.025935e+42
1.075500e-14 1.025078e+21 1.050785e+42
1.077000e-14 1.036931e+21 1.075226e+42
1.078500e-14 1.048441e+21 1.099228e+42
1.080000e-14 1.059603e+21 1.122759e+42
1.081500e-14 1.070416e+21 1.145790e+42
1.083000e-14 1.080875e+21 1.168292e+42
1.084500e-14 1.090980e+21 1.190237e+42
1.086000e-14 1.100726e+21 1.211598e+42
1.087500e-14 1.110111e+21 1.232347e+42
1.089000e-14 1.119134e+21 1.252460e+42
1.090500e-14 1.127790e+21 1.271911e+42
1.092000e-14 1.136079e+21 1.290676e+42
1.093500e-14 1.143998e+21 1.308732e+42
1.095000e-14 1.151545e+21 1.326056e+42
1.096500e-14 1.158718e+21 1.342628e+42
1.098000e-14 1.165516e+21 1.358427e+42
1.099500e-14 1.171936e+21 1.373434e+42
1.101000e-14 1.177977e+21 1.387630e+42
1.102500e-14 1.183638e+21 1.400998e+42
1.104000e-14 1.188917e+21 1.413523e+42
1.105500e-14 1.193813e+21 1.425189e+42
1.107000e-14 1.198325e+21 1.435982e+42
1.108500e-14 1.202451e+21 1.445889e+42
1.110000e-14 1.206192e+21 1.454900e+42
1.111500e-14 1.209546e+21 1.463002e+42
1.113000e-14 1.212513e+21 1.470187e+42
1.114500e-14 1.215092e+21 1.476448e+42
1.116000e-14 1.217282e+21 1.481775e+42
1.117500e-14 1.219084e+21 1.486165e+42
1.119000e-14 1.220497e+21 1.489612e+42
1.120500e-14 1.221521e+21 1.492113e+42
1.122000e-14 1.222156e+21 1.493665e+42
1.123500e-14 1.222403e+21 1.494269e+42
1.125000e-14 1.222261e+21 1.493923e+42
1.126500e-14 1.221732e+21 1.492629e+42
1.128000e-14 1.220816e+21 1.490391e+42
1.129500e-14 1.219513e+21 1.487211e+42
1.131000e-14 1.217824e+21 1.483095e+42
1.132500e-14 1.215750e+21 1.478048e+42
1.134000e-14 1.213293e+21 1.472079e+42
1.135500e-14 1.210453e+21 1.465196e+42
1.137000e-14 1.207232e+21 1.457408e+42
1.138500e-14 1.203630e+21 1.448726e+42
1.140000e-14 1.199651e+21 1.439162e+42
1.141500e-14 1.195295e+21 1.428730e+42
1.143000e-14 1.190564e+21 1.417442e+42
1.144500e-14 1.185460e+21 1.405315e+42
1.146000e-14 1.179985e+21 1.392364e+42
1.147500e-14 1.174141e+21 1.378607e+42
1.149000e-14 1.167931e+21 1.364062e+42
1.150500e-14 1.161356e+21 1.348748e+42
1.152000e-14 1.154420e+21 1.332686e+42
1.153500e-14 1.147125e+21 1.315896e+42
1.155000e-14 1.139473e+21 1.298400e+42
1.156500e-14 1.131468e+21 1.280221e+42
1.158000e-14 1.123113e+21 1.261383e+42
1.159500e-14 1.114410e+21 1.241910e+42
1.161000e-14 1.105363e+21 1.221828e+42
1.162500e-14 1.095975e+21 1.201161e+42
1.164000e-14 1.086250e+21 1.179938e+42
1.165500e-14 1.076190e+21 1.158186e+42
1.167000e-14 1.065801e+21 1.135931e+42
1.168500e-14 1.055084e+21 1.113203e+42
1.170000e-14 1.044046e+21 1.090031e+42
1.171500e-14 1.032688e+21 1.066444e+42
1.173000e-14 1.021016e+21 1.042473e+42
1.174500e-14 1.009033e+21 1.018148e+42
1.176000e-14 9.967441e+20 9.934988e+41
1.177500e-14 9.841535e+20 9.685581e+41
1.179000e-14 9.712655e+20 9.433568e+41
1.180500e-14 9.580849e+20 9.179267e+41
1.182000e-14 9.446162e+20 8.922999e+41
1.183500e-14 9.308643e+20 8.665084e+41
1.185000e-14 9.168341e+20 8.405847e+41
1.186500e-14 9.025304e+20 8.145611e+41
1.188000e-14 8.879584e+20 7.884701e+41
1.189500e-14 8.731232e+20 7.623442e+41
1.191000e-14 8.580301e+20 7.362157e+41
1.192500e-14 8.426844e+20 7.101170e+41
1.194000e-14 8.270915e+20 6.840803e+41
1.195500e-14 8.112569e+20 6.581377e+41
1.197000e-14 7.951861e+20 6.323210e+41
1.198500e-14 7.788849e+20 6.066617e+41
1.200000e-14 7.623590e+20 5.811913e+41
1.201500e-14 7.456142e+20 5.559405e+41
1.203000e-14 7.286564e+20 5.309401e+41
1.204500e-14 7.114915e+20 5.062201e+41
1.206000e-14 6.941256e+20 4.818103e+41
1.207500e-14 6.765648e+20 4.577399e+41
1.209000e-14 6.588152e+20 4.340374e+41
1.210500e-14 6.408831e+20 4.107311e+41
1.212000e-14 6.227747e+20 3.878484e+41
1.213500e-14 6.044965e+20 3.654160e+41
1.215000e-14 5.860548e+20 3.434603e+41
1.216500e-14 5.674562e+20 3.220065e+41
1.218000e-14 5.487070e+20 3.010794e+41
1.219500e-14 5.298140e+20 2.807029e+41
1.221000e-14 5.107837e+20 2.609000e+41
1.222500e-14 4.916227e+20 2.416929e+41
1.224000e-14 4.723379e+20 2.231031e+41
1.225500e-14 4.529360e+20 2.051510e+41
1.227000e-14 4.334237e+20 1.878561e+41
1.228500e-14 4.138079e+20 1.712370e+41
1.230000e-14 3.940954e+20 1.553112e+41
1.231500e-14 3.742932e+20 1.400954e+41
1.233000e-14 3.544083e+20 1.256052e+41
1.234500e-14 3.344474e+20 1.118551e+41
1.236000e-14 3.144178e+20 9.885853e+40
1.237500e-14 2.943262e+20 8.662793e+40
1.239000e-14 2.741799e+20 7.517462e+40
1.240500e-14 2.539858e+20 6.450878e+40
1.242000e-14 2.337510e+20 5.463952e+40
1.243500e-14 2.134825e+20 4.557480e+40
1.245000e-14 1.931876e+20 3.732144e+40
1.246500e-14 1.728732e+20 2.988513e+40
1.248000e-14 1.525464e+20 2.327041e+40
1.249500e-14 1.322144e+20 1.748066e+40
1.251000e-14 1.118843e+20 1.251810e+40
1.252500e-14 9.156319e+19 8.383817e+39
1.254000e-14 7.125813e+19 5.077721e+39
1.255500e-14 5.097625e+19 2.598578e+39
1.257000e-14 3.072461e+19 9.440019e+38
1.258500e-14 1.051030e+19 1.104665e+38
1.260000e-14 -9.659624e+18 9.330834e+37
1.261500e-14 -2.977813e+19 8.867373e+38
1.263000e-14 -4.983821e+19 2.483847e+39
1.264500e-14 -6.983284e+19 4.876626e+39
1.266000e-14 -8.975507e+19 8.055972e+39
1.267500e-14 -1.095979e+20 1.201171e+40
1.269000e-14 -1.293546e+20 1.673260e+40
1.270500e-14 -1.490180e+20 2.220637e+40
1.272000e-14 -1.685815e+20 2.841971e+40
1.273500e-14 -1.880381e+20 3.535834e+40
1.275000e-14 -2.073812e+20 4.300697e+40
1.276500e-14 -2.266040e+20 5.134936e+40
1.278000e-14 -2.456998e+20 6.036838e+40
1.279500e-14 -2.646619e+20 7.004594e+40
1.281000e-14 -2.834839e+20 8.036311e+40
1.282500e-14 -3.021591e+20 9.130012e+40
1.284000e-14 -3.206811e+20 1.028364e+41
1.285500e-14 -3.390434e+20 1.149505e+41
1.287000e-14 -3.572398e+20 1.276203e+41
1.288500e-14 -3.752638e+20 1.408229e+41
1.290000e-14 -3.931093e+20 1.545349e+41
1.291500e-14 -4.107701e+20 1.687321e+41
1.293000e-14 -4.282401e+20 1.833896e+41
1.294500e-14 -4.455132e+20 1.984821e+41
1.296000e-14 -4.625836e+20 2.139836e+41
1.297500e-14 -4.794453e+20 2.298678e+41
1.299000e-14 -4.960924e+20 2.461077e+41
1.300500e-14 -5.125194e+20 2.626761e+41
1.302000e-14 -5.287205e+20 2.795454e+41
1.303500e-14 -5.446903e+20 2.966875e+41
1.305000e-14 -5.604231e+20 3.140741e+41
1.306500e-14 -5.759137e+20 3.316766e+41
1.308000e-14 -5.911567e+20 3.494663e+41
1.309500e-14 -6.061470e+20 3.674142e+41
1.311000e-14 -6.208794e+20 3.854913e+41
1.312500e-14 -6.353490e+20 4.036683e+41
1.314000e-14 -6.495508e+20 4.219162e+41
1.315500e-14 -6.634800e+20 4.402056e+41
1.317000e-14 -6.771318e+20 4.585075e+41
1.318500e-14 -6.905018e+20 4.767928e+41
1.320000e-14 -7.035854e+20 4.950324e+41
1.321500e-14 -7.163781e+20 5.131976e+41
1.323000e-14 -7.288758e+20 5.312600e+41
1.324500e-14 -7.410742e+20 5.491910e+41
1.326000e-14 -7.529693e+20 5.669628e+41
1.327500e-14 -7.645571e+20 5.845476e+41
1.329000e-14 -7.758339e+20 6.019182e+41
1.330500e-14 -7.867957e+20 6.190475e+41
1.332000e-14 -7.974392e+20 6.359093e+41
1.333500e-14 -8.077607e+20 6.524774e+41
1.335000e-14 -8.177570e+20 6.687266e+41
1.336500e-14 -8.274248e+20 6.846318e+41
1.338000e-14 -8.367610e+20 7.001689e+41
1.339500e-14 -8.457625e+20 7.153143e+41
1.341000e-14 -8.544266e+20 7.300448e+41
1.342500e-14 -8.627505e+20 7.443384e+41
1.344000e-14 -8.707315e+20 7.581734e+41
1.345500e-14 -8.783673e+20 7.715291e+41
1.347000e-14 -8.856554e+20 7.843855e+41
1.348500e-14 -8.925936e+20 7.967233e+41
1.350000e-14 -8.991799e+20 8.085244e+41
1.351500e-14 -9.054122e+20 8.197713e+41
1.353000e-14 -9.112888e+20 8.304473e+41
1.354500e-14 -9.168080e+20 8.405368e+41
1.356000e-14 -9.219681e+20 8.500252e+41
1.357500e-14 -9.267679e+20 8.588987e+41
1.359000e-14 -9.312060e+20 8.671446e+41
1.360500e-14 -9.352812e+20 8.747509e+41
1.362000e-14 -9.389926e+20 8.817071e+41
1.363500e-14 -9.423392e+20 8.880032e+41
1.365000e-14 -9.453204e+20 8.936307e+41
1.366500e-14 -9.479355e+20 8.985818e+41
1.368000e-14 -9.501841e+20 9.028499e+41
1.369500e-14 -9.520659e+20 9.064294e+41
1.371000e-14 -9.535806e+20 9.093160e+41
1.372500e-14 -9.547282e+20 9.115060e+41
1.374000e-14 -9.555089e+20 9.129972e+41
1.375500e-14 -9.559228e+20 9.137884e+41
1.377000e-14 -9.559703e+20 9.138792e+41
1.378500e-14 -9.556519e+20 9.132706e+41
1.380000e-14 -9.549683e+20 9.119645e+41
1.381500e-14 -9.539203e+20 9.099639e+41
1.383000e-14 -9.525087e+20 9.072729e+41
1.384500e-14 -9.507347e+20 9.038964e+41
1.386000e-14 -9.485994e+20 8.998408e+41
1.387500e-14 -9.461041e+20 8.951130e+41
1.389000e-14 -9.432504e+20 8.897213e+41
1.390500e-14 -9.400398e+20 8.836748e+41
1.392000e-14 -9.364741e+20 8.769837e+41
1.393500e-14 -9.325551e+20 8.696590e+41
1.395000e-14 -9.282848e+20 8.617127e+41
1.396500e-14 -9.236655e+20 8.531579e+41
1.398000e-14 -9.186993e+20 8.440083e+41
1.399500e-14 -9.133886e+20 8.342788e+41
1.401000e-14 -9.077360e+20 8.239847e+41
1.402500e-14 -9.017442e+20 8.131426e+41
1.404000e-14 -8.954159e+20 8.017697e+41
1.405500e-14 -8.887541e+20 7.898838e+41
1.407000e-14 -8.817617e+20 7.775037e+41
1.408500e-14 -8.744420e+20 7.646488e+41
1.410000e-14 -8.667983e+20 7.513392e+41
1.411500e-14 -8.588339e+20 7.375956e+41
1.413000e-14 -8.505523e+20 7.234393e+41
1.414500e-14 -8.419573e+20 7.088922e+41
1.416000e-14 -8.330527e+20 6.939767e+41
1.417500e-14 -8.238422e+20 6.787159e+41
1.419000e-14 -8.143299e+20 6.631332e+41
1.420500e-14 -8.045199e+20 6.472523e+41
1.422000e-14 -7.944164e+20 6.310975e+41
1.423500e-14 -7.840239e+20 6.146934e+41
1.425000e-14 -7.733466e+20 5.980649e+41
1.426500e-14 -7.623892e+20 5.812373e+41
1.428000e-14 -7.511563e+20 5.642358e+41
1.429500e-14 -7.396527e+20 5.470861e+41
1.431000e-14 -7.278833e+20 5.298140e+41
1.432500e-14 -7.158529e+20 5.124454e+41
1.434000e-14 -7.035667e+20 4.950061e+41
1.435500e-14 -6.910299e+20 4.775223e+41
1.437000e-14 -6.782476e+20 4.600198e+41
1.438500e-14 -6.652252e+20 4.425245e+41
1.440000e-14 -6.519681e+20 4.250624e+41
1.441500e-14 -6.384819e+20 4.076592e+41
1.443000e-14 -6.247721e+20 3.903402e+41
1.444500e-14 -6.108445e+20 3.731310e+41
1.446000e-14 -5.967048e+20 3.560566e+41
1.447500e-14 -5.823588e+20 3.391417e+41
1.449000e-14 -5.678124e+20 3.224109e+41
1.450500e-14 -5.530717e+20 3.058883e+41
1.452000e-14 -5.381427e+20 2.895976e+41
1.453500e-14 -5.230315e+20 2.735620e+41
1.455000e-14 -5.077444e+20 2.578044e+41
1.456500e-14 -4.922876e+20 2.423471e+41
1.458000e-14 -4.766674e+20 2.272118e+41
1.459500e-14 -4.608901e+20 2.124197e+41
1.461000e-14 -4.449624e+20 1.979915e+41
1.462500e-14 -4.288905e+20 1.839471e+41
1.464000e-14 -4.126812e+20 1.703058e+41
1.465500e-14 -3.963409e+20 1.570861e+41
1.467000e-14 -3.798763e+20 1.443060e+41
1.468500e-14 -3.632941e+20 1.319826e+41
1.470000e-14 -3.466010e+20 1.201323e+41
1.471500e-14 -3.298038e+20 1.087705e+41
1.473000e-14 -3.129092e+20 9.791220e+40
1.474500e-14 -2.959242e+20 8.757113e+40
1.476000e-14 -2.788555e+20 7.776039e+40
1.477500e-14 -2.617100e+20 6.849215e+40
1.479000e-14 -2.444947e+20 5.977768e+40
1.480500e-14 -2.272165e+20 5.162735e+40
1.482000e-14 -2.098824e+20 4.405060e+40
1.483500e-14 -1.924992e+20 3.705593e+40
1.485000e-14 -1.750740e+20 3.065090e+40
1.486500e-14 -1.576138e+20 2.484210e+40
1.488000e-14 -1.401255e+20 1.963517e+40
1.489500e-14 -1.226163e+20 1.503475e+40
1.491000e-14 -1.050930e+20 1.104454e+40
1.492500e-14 -8.756275e+19 7.667235e+39
1.494000e-14 -7.003248e+19 4.904548e+39
1.495500e-14 -5.250920e+19 2.757216e+39
1.497000e-14 -3.499990e+19 1.224993e+39
1.498500e-14 -1.751156e+19 3.066549e+38
