0.000000e+00 nan nan
1.500000e-17 nan nan
3.000000e-17 nan nan
4.500000e-17 nan nan
6.000000e-17 -2.270654e+03 5.155870e+06
7.500000e-17 -2.113944e+04 4.468757e+08
9.000000e-17 -1.308317e+05 1.711694e+10
1.050000e-16 -6.108761e+05 3.731696e+11
1.200000e-16 -2.320650e+06 5.385417e+12
1.350000e-16 -7.530727e+06 5.671185e+13
1.500000e-16 -2.158136e+07 4.657550e+14
1.650000e-16 -5.592905e+07 3.128059e+15
1.800000e-16 -1.333890e+08 1.779261e+16
1.950000e-16 -2.966898e+08 8.802485e+16
2.100000e-16 -6.218363e+08 3.866804e+17
2.250000e-16 -1.238226e+09 1.533203e+18
2.400000e-16 -2.357998e+09 5.560155e+18
2.550000e-16 -4.317716e+09 1.864268e+19
2.700000e-16 -7.636179e+09 5.831123e+19
2.850000e-16 -1.309297e+10 1.714258e+20
3.000000e-16 -2.183323e+10 4.766898e+20
3.150000e-16 -3.550517e+10 1.260617e+21
3.300000e-16 -5.643793e+10 3.185240e+21
3.450000e-16 -8.786847e+10 7.720867e+21
3.600000e-16 -1.342278e+11 1.801709e+22
3.750000e-16 -2.014977e+11 4.060132e+22
3.900000e-16 -2.976517e+11 8.859651e+22
4.050000e-16 -4.331937e+11 1.876568e+23
4.200000e-16 -6.218122e+11 3.866504e+23
4.350000e-16 -8.811668e+11 7.764549e+23
4.500000e-16 -1.233828e+12 1.522332e+24
4.650000e-16 -1.708393e+12 2.918607e+24
4.800000e-16 -2.340799e+12 5.479340e+24
4.950000e-16 -3.175865e+12 1.008612e+25
5.100000e-16 -4.269084e+12 1.822508e+25
5.250000e-16 -5.688709e+12 3.236140e+25
5.400000e-16 -7.518144e+12 5.652249e+25
5.550000e-16 -9.858708e+12 9.719413e+25
5.700000e-16 -1.283277e+13 1.646801e+26
5.850000e-16 -1.658736e+13 2.751404e+26
6.000000e-16 -2.129817e+13 4.536120e+26
6.150000e-16 -2.717420e+13 7.384373e+26
6.300000e-16 -3.446289e+13 1.187691e+27
6.450000e-16 -4.345589e+13 1.888415e+27
6.600000e-16 -5.449552e+13 2.969762e+27
6.750000e-16 -6.798199e+13 4.621550e+27
6.900000e-16 -8.438132e+13 7.120208e+27
7.050000e-16 -1.042343e+14 1.086479e+28
7.200000e-16 -1.281661e+14 1.642654e+28
7.350000e-16 -1.568971e+14 2.461669e+28
7.500000e-16 -1.912547e+14 3.657836e+28
7.650000e-16 -2.321863e+14 5.391047e+28
7.800000e-16 -2.807732e+14 7.883359e+28
7.950000e-16 -3.382463e+14 1.144106e+29
8.100000e-16 -4.060026e+14 1.648381e+29
8.250000e-16 -4.856235e+14 2.358302e+29
8.400000e-16 -5.788944e+14 3.351188e+29
8.550000e-16 -6.878263e+14 4.731050e+29
8.700000e-16 -8.146780e+14 6.637003e+29
8.850000e-16 -9.619817e+14 9.254088e+29
9.000000e-16 -1.132569e+15 1.282713e+30
9.150000e-16 -1.329599e+15 1.767835e+30
9.300000e-16 -1.556591e+15 2.422976e+30
9.450000e-16 -1.817453e+15 3.303135e+30
9.600000e-16 -2.116520e+15 4.479657e+30
9.750000e-16 -2.458590e+15 6.044665e+30
9.900000e-16 -2.848963e+15 8.116589e+30
1.005000e-15 -3.293483e+15 1.084703e+31
1.020000e-15 -3.798581e+15 1.442922e+31
1.035000e-15 -4.371327e+15 1.910850e+31
1.050000e-15 -5.019471e+15 2.519509e+31
1.065000e-15 -5.751504e+15 3.307980e+31
1.080000e-15 -6.576707e+15 4.325308e+31
1.095000e-15 -7.505214e+15 5.632823e+31
1.110000e-15 -8.548067e+15 7.306945e+31
1.125000e-15 -9.717286e+15 9.442565e+31
1.140000e-15 -1.102593e+16 1.215712e+32
1.155000e-15 -1.248819e+16 1.559548e+32
1.170000e-15 -1.411940e+16 1.993576e+32
1.185000e-15 -1.593621e+16 2.539629e+32
1.200000e-15 -1.795659e+16 3.224390e+32
1.215000e-15 -2.019992e+16 4.080366e+32
1.230000e-15 -2.268711e+16 5.147051e+32
1.245000e-15 -2.544070e+16 6.472290e+32
1.260000e-15 -2.848488e+16 8.113882e+32
1.275000e-15 -3.184566e+16 1.014146e+33
1.290000e-15 -3.555097e+16 1.263871e+33
1.305000e-15 -3.963069e+16 1.570592e+33
1.320000e-15 -4.411685e+16 1.946296e+33
1.335000e-15 -4.904368e+16 2.405283e+33
1.350000e-15 -5.444776e+16 2.964559e+33
1.365000e-15 -6.036811e+16 3.644308e+33
1.380000e-15 -6.684633e+16 4.468431e+33
1.395000e-15 -7.392672e+16 5.465160e+33
1.410000e-15 -8.165642e+16 6.667771e+33
1.425000e-15 -9.008552e+16 8.115401e+33
1.440000e-15 -9.926722e+16 9.853981e+33
1.455000e-15 -1.092579e+17 1.193730e+34
1.470000e-15 -1.201175e+17 1.442822e+34
1.485000e-15 -1.319093e+17 1.740005e+34
1.500000e-15 -1.447002e+17 2.093815e+34
1.515000e-15 -1.585612e+17 2.514164e+34
1.530000e-15 -1.735670e+17 3.012550e+34
1.545000e-15 -1.897966e+17 3.602277e+34
1.560000e-15 -2.073334e+17 4.298713e+34
1.575000e-15 -2.262649e+17 5.119581e+34
1.590000e-15 -2.466836e+17 6.085281e+34
1.605000e-15 -2.686867e+17 7.219253e+34
1.620000e-15 -2.923762e+17 8.548384e+34
1.635000e-15 -3.178595e+17 1.010347e+35
1.650000e-15 -3.452491e+17 1.191970e+35
1.665000e-15 -3.746633e+17 1.403726e+35
1.680000e-15 -4.062257e+17 1.650193e+35
1.695000e-15 -4.400660e+17 1.936581e+35
1.710000e-15 -4.763201e+17 2.268808e+35
1.725000e-15 -5.151297e+17 2.653586e+35
1.740000e-15 -5.566434e+17 3.098519e+35
1.755000e-15 -6.010161e+17 3.612203e+35
1.770000e-15 -6.484097e+17 4.204351e+35
1.785000e-15 -6.989929e+17 4.885911e+35
1.800000e-15 -7.529419e+17 5.669215e+35
1.815000e-15 -8.104400e+17 6.568130e+35
1.830000e-15 -8.716784e+17 7.598232e+35
1.845000e-15 -9.368557e+17 8.776986e+35
1.860000e-15 -1.006179e+18 1.012396e+36
1.875000e-15 -1.079863e+18 1.166104e+36
1.890000e-15 -1.158131e+18 1.341268e+36
1.905000e-15 -1.241216e+18 1.540617e+36
1.920000e-15 -1.329358e+18 1.767191e+36
1.935000e-15 -1.422806e+18 2.024377e+36
1.950000e-15 -1.521821e+18 2.315938e+36
1.965000e-15 -1.626670e+18 2.646054e+36
1.980000e-15 -1.737631e+18 3.019361e+36
1.995000e-15 -1.854993e+18 3.440998e+36
2.010000e-15 -1.979053e+18 3.916649e+36
2.025000e-15 -2.110119e+18 4.452602e+36
2.040000e-15 -2.248510e+18 5.055799e+36
2.055000e-15 -2.394556e+18 5.733899e+36
2.070000e-15 -2.548596e+18 6.495343e+36
2.085000e-15 -2.710982e+18 7.349422e+36
2.100000e-15 -2.882075e+18 8.306358e+36
2.115000e-15 -3.062251e+18 9.377379e+36
2.130000e-15 -3.251893e+18 1.057481e+37
2.145000e-15 -3.451401e+18 1.191217e+37
2.160000e-15 -3.661183e+18 1.340426e+37
2.175000e-15 -3.881662e+18 1.506730e+37
2.190000e-15 -4.113271e+18 1.691900e+37
2.205000e-15 -4.356458e+18 1.897873e+37
2.220000e-15 -4.611684e+18 2.126763e+37
2.235000e-15 -4.879420e+18 2.380874e+37
2.250000e-15 -5.160153e+18 2.662718e+37
2.265000e-15 -5.454384e+18 2.975031e+37
2.280000e-15 -5.762627e+18 3.320787e+37
2.295000e-15 -6.085409e+18 3.703220e+37
2.310000e-15 -6.423271e+18 4.125841e+37
2.325000e-15 -6.776771e+18 4.592463e+37
2.340000e-15 -7.146480e+18 5.107217e+37
2.355000e-15 -7.532982e+18 5.674582e+37
2.370000e-15 -7.936879e+18 6.299404e+37
2.385000e-15 -8.358786e+18 6.986930e+37
2.400000e-15 -8.799335e+18 7.742830e+37
2.415000e-15 -9.259173e+18 8.573228e+37
2.430000e-15 -9.738962e+18 9.484739e+37
2.445000e-15 -1.023938e+19 1.048449e+38
2.460000e-15 -1.076113e+19 1.158019e+38
2.475000e-15 -1.130491e+19 1.278010e+38
2.490000e-15 -1.187146e+19 1.409315e+38
2.505000e-15 -1.246151e+19 1.552893e+38
2.520000e-15 -1.307584e+19 1.709776e+38
2.535000e-15 -1.371522e+19 1.881073e+38
2.550000e-15 -1.438045e+19 2.067973e+38
2.565000e-15 -1.507234e+19 2.271755e+38
2.580000e-15 -1.579173e+19 2.493787e+38
2.595000e-15 -1.653946e+19 2.735537e+38
2.610000e-15 -1.731641e+19 2.998579e+38
2.625000e-15 -1.812345e+19 3.284596e+38
2.640000e-15 -1.896151e+19 3.595388e+38
2.655000e-15 -1.983150e+19 3.932883e+38
2.670000e-15 -2.073436e+19 4.299137e+38
2.685000e-15 -2.167106e+19 4.696349e+38
2.700000e-15 -2.264258e+19 5.126866e+38
2.715000e-15 -2.364993e+19 5.593192e+38
2.730000e-15 -2.469412e+19 6.097996e+38
2.745000e-15 -2.577620e+19 6.644123e+38
2.760000e-15 -2.689722e+19 7.234605e+38
2.775000e-15 -2.805827e+19 7.872668e+38
2.790000e-15 -2.926046e+19 8.561745e+38
2.805000e-15 -3.050490e+19 9.305489e+38
2.820000e-15 -3.179274e+19 1.010778e+39
2.835000e-15 -3.312513e+19 1.097274e+39
2.850000e-15 -3.450328e+19 1.190476e+39
2.865000e-15 -3.592837e+19 1.290848e+39
2.880000e-15 -3.740165e+19 1.398883e+39
2.895000e-15 -3.892435e+19 1.515105e+39
2.910000e-15 -4.049774e+19 1.640067e+39
2.925000e-15 -4.212313e+19 1.774358e+39
2.940000e-15 -4.380180e+19 1.918598e+39
2.955000e-15 -4.553511e+19 2.073447e+39
2.970000e-15 -4.732441e+19 2.239600e+39
2.985000e-15 -4.917106e+19 2.417794e+39
3.000000e-15 -5.107648e+19 2.608807e+39
3.015000e-15 -5.304206e+19 2.813461e+39
3.030000e-15 -5.506927e+19 3.032624e+39
3.045000e-15 -5.715954e+19 3.267214e+39
3.060000e-15 -5.931438e+19 3.518196e+39
3.075000e-15 -6.153527e+19 3.786590e+39
3.090000e-15 -6.382375e+19 4.073471e+39
3.105000e-15 -6.618135e+19 4.379971e+39
3.120000e-15 -6.860964e+19 4.707283e+39
3.135000e-15 -7.111021e+19 5.056661e+39
3.150000e-15 -7.368465e+19 5.429428e+39
3.165000e-15 -7.633460e+19 5.826971e+39
3.180000e-15 -7.906169e+19 6.250751e+39
3.195000e-15 -8.186760e+19 6.702304e+39
3.210000e-15 -8.475399e+19 7.183239e+39
3.225000e-15 -8.772258e+19 7.695251e+39
3.240000e-15 -9.077507e+19 8.240113e+39
3.255000e-15 -9.391321e+19 8.819691e+39
3.270000e-15 -9.713874e+19 9.435935e+39
3.285000e-15 -1.004534e+20 1.009089e+40
3.300000e-15 -1.038591e+20 1.078671e+40
3.315000e-15 -1.073575e+20 1.152563e+40
3.330000e-15 -1.109504e+20 1.231000e+40
3.345000e-15 -1.146398e+20 1.314228e+40
3.360000e-15 -1.184274e+20 1.402505e+40
3.375000e-15 -1.223151e+20 1.496098e+40
3.390000e-15 -1.263047e+20 1.595288e+40
3.405000e-15 -1.303982e+20 1.700369e+40
3.420000e-15 -1.345974e+20 1.811647e+40
3.435000e-15 -1.389043e+20 1.929439e+40
3.450000e-15 -1.433206e+20 2.054080e+40
3.465000e-15 -1.478485e+20 2.185917e+40
3.480000e-15 -1.524896e+20 2.325309e+40
3.495000e-15 -1.572461e+20 2.472635e+40
3.510000e-15 -1.621199e+20 2.628285e+40
3.525000e-15 -1.671128e+20 2.792667e+40
3.540000e-15 -1.722267e+20 2.966205e+40
3.555000e-15 -1.774638e+20 3.149339e+40
3.570000e-15 -1.828258e+20 3.342527e+40
3.585000e-15 -1.883147e+20 3.546243e+40
3.600000e-15 -1.939325e+20 3.760981e+40
3.615000e-15 -1.996811e+20 3.987253e+40
3.630000e-15 -2.055623e+20 4.225587e+40
3.645000e-15 -2.115782e+20 4.476535e+40
3.660000e-15 -2.177307e+20 4.740664e+40
3.675000e-15 -2.240215e+20 5.018565e+40
3.690000e-15 -2.304527e+20 5.310846e+40
3.705000e-15 -2.370261e+20 5.618138e+40
3.720000e-15 -2.437436e+20 5.941092e+40
3.735000e-15 -2.506069e+20 6.280382e+40
3.750000e-15 -2.576180e+20 6.636703e+40
3.765000e-15 -2.647786e+20 7.010772e+40
3.780000e-15 -2.720906e+20 7.403328e+40
3.795000e-15 -2.795556e+20 7.815133e+40
3.810000e-15 -2.871755e+20 8.246974e+40
3.825000e-15 -2.949518e+20 8.699659e+40
3.840000e-15 -3.028865e+20 9.174021e+40
3.855000e-15 -3.109809e+20 9.670914e+40
3.870000e-15 -3.192369e+20 1.019122e+41
3.885000e-15 -3.276559e+20 1.073584e+41
3.900000e-15 -3.362396e+20 1.130571e+41
3.915000e-15 -3.449894e+20 1.190177e+41
3.930000e-15 -3.539068e+20 1.252500e+41
3.945000e-15 -3.629932e+20 1.317640e+41
3.960000e-15 -3.722500e+20 1.385700e+41
3.975000e-15 -3.816785e+20 1.456785e+41
3.990000e-15 -3.912801e+20 1.531001e+41
4.005000e-15 -4.010560e+20 1.608459e+41
4.020000e-15 -4.110073e+20 1.689270e+41
4.035000e-15 -4.211351e+20 1.773548e+41
4.050000e-15 -4.314407e+20 1.861410e+41
4.065000e-15 -4.419248e+20 1.952976e+41
4.080000e-15 -4.525886e+20 2.048365e+41
4.095000e-15 -4.634329e+20 2.147701e+41
4.110000e-15 -4.744586e+20 2.251109e+41
4.125000e-15 -4.856663e+20 2.358717e+41
4.140000e-15 -4.970567e+20 2.470654e+41
4.155000e-15 -5.086306e+20 2.587051e+41
4.170000e-15 -5.203883e+20 2.708040e+41
4.185000e-15 -5.323305e+20 2.833757e+41
4.200000e-15 -5.444574e+20 2.964338e+41
4.215000e-15 -5.567693e+20 3.099921e+41
4.230000e-15 -5.692666e+20 3.240644e+41
4.245000e-15 -5.819493e+20 3.386649e+41
4.260000e-15 -5.948174e+20 3.538078e+41
4.275000e-15 -6.078710e+20 3.695072e+41
4.290000e-15 -6.211100e+20 3.857776e+41
4.305000e-15 -6.345340e+20 4.026334e+41
4.320000e-15 -6.481428e+20 4.200891e+41
4.335000e-15 -6.619361e+20 4.381594e+41
4.350000e-15 -6.759132e+20 4.568586e+41
4.365000e-15 -6.900735e+20 4.762015e+41
4.380000e-15 -7.044165e+20 4.962026e+41
4.395000e-15 -7.189412e+20 5.168765e+41
4.410000e-15 -7.336468e+20 5.382376e+41
4.425000e-15 -7.485322e+20 5.603004e+41
4.440000e-15 -7.635963e+20 5.830792e+41
4.455000e-15 -7.788378e+20 6.065884e+41
4.470000e-15 -7.942555e+20 6.308418e+41
4.485000e-15 -8.098479e+20 6.558536e+41
4.500000e-15 -8.256133e+20 6.816373e+41
4.515000e-15 -8.415501e+20 7.082066e+41
4.530000e-15 -8.576566e+20 7.355748e+41
4.545000e-15 -8.739306e+20 7.637548e+41
4.560000e-15 -8.903704e+20 7.927594e+41
4.575000e-15 -9.069736e+20 8.226011e+41
4.590000e-15 -9.237379e+20 8.532918e+41
4.605000e-15 -9.406611e+20 8.848433e+41
4.620000e-15 -9.577405e+20 9.172669e+41
4.635000e-15 -9.749735e+20 9.505734e+41
4.650000e-15 -9.923574e+20 9.847731e+41
4.665000e-15 -1.009889e+21 1.019876e+42
4.680000e-15 -1.027566e+21 1.055891e+42
4.695000e-15 -1.045384e+21 1.092828e+42
4.710000e-15 -1.063341e+21 1.130694e+42
4.725000e-15 -1.081433e+21 1.169497e+42
4.740000e-15 -1.099656e+21 1.209244e+42
4.755000e-15 -1.118007e+21 1.249941e+42
4.770000e-15 -1.136483e+21 1.291593e+42
4.785000e-15 -1.155078e+21 1.334205e+42
4.800000e-15 -1.173789e+21 1.377782e+42
4.815000e-15 -1.192613e+21 1.422325e+42
4.830000e-15 -1.211544e+21 1.467838e+42
4.845000e-15 -1.230577e+21 1.514321e+42
4.860000e-15 -1.249710e+21 1.561775e+42
4.875000e-15 -1.268936e+21 1.610199e+42
4.890000e-15 -1.288252e+21 1.659592e+42
4.905000e-15 -1.307651e+21 1.709951e+42
4.920000e-15 -1.327129e+21 1.761272e+42
4.935000e-15 -1.346681e+21 1.813551e+42
4.950000e-15 -1.366302e+21 1.866781e+42
4.965000e-15 -1.385985e+21 1.920956e+42
4.980000e-15 -1.405726e+21 1.976066e+42
4.995000e-15 -1.425519e+21 2.032104e+42
5.010000e-15 -1.445357e+21 2.089057e+42
5.025000e-15 -1.465235e+21 2.146915e+42
5.040000e-15 -1.485147e+21 2.205663e+42
5.055000e-15 -1.505087e+21 2.265287e+42
5.070000e-15 -1.525048e+21 2.325772e+42
5.085000e-15 -1.545024e+21 2.387099e+42
5.100000e-15 -1.565008e+21 2.449251e+42
5.115000e-15 -1.584994e+21 2.512206e+42
5.130000e-15 -1.604975e+21 2.575945e+42
5.145000e-15 -1.624944e+21 2.640443e+42
5.160000e-15 -1.644894e+21 2.705676e+42
5.175000e-15 -1.664818e+21 2.771619e+42
5.190000e-15 -1.684709e+21 2.838245e+42
5.205000e-15 -1.704560e+21 2.905523e+42
5.220000e-15 -1.724362e+21 2.973425e+42
5.235000e-15 -1.744110e+21 3.041918e+42
5.250000e-15 -1.763794e+21 3.110969e+42
5.265000e-15 -1.783408e+21 3.180544e+42
5.280000e-15 -1.802944e+21 3.250606e+42
5.295000e-15 -1.822393e+21 3.321117e+42
5.310000e-15 -1.841749e+21 3.392039e+42
5.325000e-15 -1.861003e+21 3.463330e+42
5.340000e-15 -1.880146e+21 3.534949e+42
5.355000e-15 -1.899171e+21 3.606852e+42
5.370000e-15 -1.918070e+21 3.678994e+42
5.385000e-15 -1.936835e+21 3.751328e+42
5.400000e-15 -1.955456e+21 3.823807e+42
5.415000e-15 -1.973926e+21 3.896382e+42
5.430000e-15 -1.992235e+21 3.969002e+42
5.445000e-15 -2.010377e+21 4.041615e+42
5.460000e-15 -2.028342e+21 4.114169e+42
5.475000e-15 -2.046121e+21 4.186609e+42
5.490000e-15 -2.063705e+21 4.258880e+42
5.505000e-15 -2.081087e+21 4.330925e+42
5.520000e-15 -2.098258e+21 4.402686e+42
5.535000e-15 -2.115208e+21 4.474105e+42
5.550000e-15 -2.131929e+21 4.545122e+42
5.565000e-15 -2.148413e+21 4.615676e+42
5.580000e-15 -2.164649e+21 4.685706e+42
5.595000e-15 -2.180630e+21 4.755149e+42
5.610000e-15 -2.196347e+21 4.823942e+42
5.625000e-15 -2.211791e+21 4.892021e+42
5.640000e-15 -2.226953e+21 4.959322e+42
5.655000e-15 -2.241825e+21 5.025779e+42
5.670000e-15 -2.256397e+21 5.091327e+42
5.685000e-15 -2.270660e+21 5.155899e+42
5.700000e-15 -2.284607e+21 5.219430e+42
5.715000e-15 -2.298228e+21 5.281853e+42
5.730000e-15 -2.311515e+21 5.343100e+42
5.745000e-15 -2.324458e+21 5.403106e+42
5.760000e-15 -2.337050e+21 5.461803e+42
5.775000e-15 -2.349282e+21 5.519124e+42
5.790000e-15 -2.361144e+21 5.575002e+42
5.805000e-15 -2.372630e+21 5.629372e+42
5.820000e-15 -2.383730e+21 5.682167e+42
5.835000e-15 -2.394435e+21 5.733321e+42
5.850000e-15 -2.404739e+21 5.782770e+42
5.865000e-15 -2.414632e+21 5.830449e+42
5.880000e-15 -2.424107e+21 5.876295e+42
5.895000e-15 -2.433155e+21 5.920244e+42
5.910000e-15 -2.441769e+21 5.962235e+42
5.925000e-15 -2.449940e+21 6.002207e+42
5.940000e-15 -2.457662e+21 6.040101e+42
5.955000e-15 -2.464926e+21 6.075859e+42
5.970000e-15 -2.471725e+21 6.109422e+42
5.985000e-15 -2.478051e+21 6.140736e+42
6.000000e-15 -2.483898e+21 6.169748e+42
6.015000e-15 -2.489258e+21 6.196404e+42
6.030000e-15 -2.494124e+21 6.220654e+42
6.045000e-15 -2.498490e+21 6.242450e+42
6.060000e-15 -2.502348e+21 6.261745e+42
6.075000e-15 -2.505692e+21 6.278495e+42
6.090000e-15 -2.508517e+21 6.292657e+42
6.105000e-15 -2.510815e+21 6.304192e+42
6.120000e-15 -2.512581e+21 6.313061e+42
6.135000e-15 -2.513808e+21 6.319231e+42
6.150000e-15 -2.514491e+21 6.322667e+42
6.165000e-15 -2.514625e+21 6.323340e+42
6.180000e-15 -2.514204e+21 6.321224e+42
6.195000e-15 -2.513224e+21 6.316293e+42
6.210000e-15 -2.511678e+21 6.308526e+42
6.225000e-15 -2.509563e+21 6.297905e+42
6.240000e-15 -2.506873e+21 6.284415e+42
6.255000e-15 -2.503606e+21 6.268042e+42
6.270000e-15 -2.499756e+21 6.248778e+42
6.285000e-15 -2.495319e+21 6.226617e+42
6.300000e-15 -2.490292e+21 6.201557e+42
6.315000e-15 -2.484673e+21 6.173597e+42
6.330000e-15 -2.478456e+21 6.142744e+42
6.345000e-15 -2.471640e+21 6.109004e+42
6.360000e-15 -2.464222e+21 6.072388e+42
6.375000e-15 -2.456199e+21 6.032912e+42
6.390000e-15 -2.447569e+21 5.990593e+42
6.405000e-15 -2.438330e+21 5.945454e+42
6.420000e-15 -2.428481e+21 5.897520e+42
6.435000e-15 -2.418020e+21 5.846820e+42
6.450000e-15 -2.406946e+21 5.793388e+42
6.465000e-15 -2.395257e+21 5.737258e+42
6.480000e-15 -2.382955e+21 5.678472e+42
6.495000e-15 -2.370037e+21 5.617074e+42
6.510000e-15 -2.356504e+21 5.553110e+42
6.525000e-15 -2.342356e+21 5.486631e+42
6.540000e-15 -2.327594e+21 5.417693e+42
6.555000e-15 -2.312218e+21 5.346352e+42
6.570000e-15 -2.296229e+21 5.272670e+42
6.585000e-15 -2.279630e+21 5.196712e+42
6.600000e-15 -2.262421e+21 5.118547e+42
6.615000e-15 -2.244604e+21 5.038245e+42
6.630000e-15 -2.226181e+21 4.955883e+42
6.645000e-15 -2.207156e+21 4.871537e+42
6.660000e-15 -2.187530e+21 4.785289e+42
6.675000e-15 -2.167308e+21 4.697223e+42
6.690000e-15 -2.146492e+21 4.607426e+42
6.705000e-15 -2.125085e+21 4.515988e+42
6.720000e-15 -2.103093e+21 4.423001e+42
6.735000e-15 -2.080520e+21 4.328561e+42
6.750000e-15 -2.057369e+21 4.232766e+42
6.765000e-15 -2.033646e+21 4.135716e+42
6.780000e-15 -2.009356e+21 4.037512e+42
6.795000e-15 -1.984505e+21 3.938260e+42
6.810000e-15 -1.959098e+21 3.838065e+42
6.825000e-15 -1.933142e+21 3.737038e+42
6.840000e-15 -1.906643e+21 3.635286e+42
6.855000e-15 -1.879607e+21 3.532922e+42
6.870000e-15 -1.852042e+21 3.430059e+42
6.885000e-15 -1.823955e+21 3.326811e+42
6.900000e-15 -1.795353e+21 3.223293e+42
6.915000e-15 -1.766245e+21 3.119622e+42
6.930000e-15 -1.736639e+21 3.015914e+42
6.945000e-15 -1.706542e+21 2.912287e+42
6.960000e-15 -1.675965e+21 2.808858e+42
6.975000e-15 -1.644915e+21 2.705746e+42
6.990000e-15 -1.613403e+21 2.603069e+42
7.005000e-15 -1.581437e+21 2.500944e+42
7.020000e-15 -1.549028e+21 2.399489e+42
7.035000e-15 -1.516187e+21 2.298822e+42
7.050000e-15 -1.482922e+21 2.199058e+42
7.065000e-15 -1.449245e+21 2.100312e+42
7.080000e-15 -1.415168e+21 2.002700e+42
7.095000e-15 -1.380700e+21 1.906333e+42
7.110000e-15 -1.345854e+21 1.811324e+42
7.125000e-15 -1.310642e+21 1.717782e+42
7.140000e-15 -1.275075e+21 1.625816e+42
7.155000e-15 -1.239165e+21 1.535531e+42
7.170000e-15 -1.202926e+21 1.447031e+42
7.185000e-15 -1.166369e+21 1.360417e+42
7.200000e-15 -1.129508e+21 1.275788e+42
7.215000e-15 -1.092355e+21 1.193240e+42
7.230000e-15 -1.054925e+21 1.112867e+42
7.245000e-15 -1.017230e+21 1.034758e+42
7.260000e-15 -9.792851e+20 9.589993e+41
7.275000e-15 -9.411032e+20 8.856752e+41
7.290000e-15 -9.026988e+20 8.148652e+41
7.305000e-15 -8.640864e+20 7.466453e+41
7.320000e-15 -8.252803e+20 6.810876e+41
7.335000e-15 -7.862954e+20 6.182605e+41
7.350000e-15 -7.471465e+20 5.582279e+41
7.365000e-15 -7.078486e+20 5.010497e+41
7.380000e-15 -6.684170e+20 4.467812e+41
7.395000e-15 -6.288668e+20 3.954735e+41
7.410000e-15 -5.892137e+20 3.471728e+41
7.425000e-15 -5.494732e+20 3.019208e+41
7.440000e-15 -5.096611e+20 2.597544e+41
7.455000e-15 -4.697931e+20 2.207056e+41
7.470000e-15 -4.298853e+20 1.848014e+41
7.485000e-15 -3.899537e+20 1.520639e+41
7.500000e-15 -3.500145e+20 1.225101e+41
7.515000e-15 -3.100838e+20 9.615196e+40
7.530000e-15 -2.701780e+20 7.299616e+40
7.545000e-15 -2.303135e+20 5.304432e+40
7.560000e-15 -1.905067e+20 3.629281e+40
7.575000e-15 -1.507742e+20 2.273285e+40
7.590000e-15 -1.111323e+20 1.235039e+40
7.605000e-15 -7.159778e+19 5.126242e+39
7.620000e-15 -3.218715e+19 1.036013e+39
7.635000e-15 7.082961e+18 5.016833e+37
7.650000e-15 4.619594e+19 2.134065e+39
7.665000e-15 8.513517e+19 7.247997e+39
7.680000e-15 1.238840e+20 1.534726e+40
7.695000e-15 1.624260e+20 2.638219e+40
7.710000e-15 2.007444e+20 4.029830e+40
7.725000e-15 2.388228e+20 5.703631e+40
7.740000e-15 2.766446e+20 7.653225e+40
7.755000e-15 3.141936e+20 9.871760e+40
7.770000e-15 3.514532e+20 1.235194e+41
7.785000e-15 3.884073e+20 1.508602e+41
7.800000e-15 4.250396e+20 1.806587e+41
7.815000e-15 4.613341e+20 2.128292e+41
7.830000e-15 4.972747e+20 2.472821e+41
7.845000e-15 5.328455e+20 2.839244e+41
7.860000e-15 5.680308e+20 3.226590e+41
7.875000e-15 6.028150e+20 3.633859e+41
7.890000e-15 6.371824e+20 4.060014e+41
7.905000e-15 6.711179e+20 4.503992e+41
7.920000e-15 7.046061e+20 4.964698e+41
7.935000e-15 7.376321e+20 5.441011e+41
7.950000e-15 7.701810e+20 5.931787e+41
7.965000e-15 8.022381e+20 6.435860e+41
7.980000e-15 8.337890e+20 6.952042e+41
7.995000e-15 8.648194e+20 7.479127e+41
8.010000e-15 8.953153e+20 8.015895e+41
8.025000e-15 9.252628e+20 8.561112e+41
8.040000e-15 9.546483e+20 9.113533e+41
8.055000e-15 9.834584e+20 9.671904e+41
8.070000e-15 1.011680e+21 1.023496e+42
8.085000e-15 1.039300e+21 1.080145e+42
8.100000e-15 1.066307e+21 1.137010e+42
8.115000e-15 1.092687e+21 1.193964e+42
8.130000e-15 1.118428e+21 1.250882e+42
8.145000e-15 1.143520e+21 1.307638e+42
8.160000e-15 1.167950e+21 1.364107e+42
8.175000e-15 1.191707e+21 1.420166e+42
8.190000e-15 1.214781e+21 1.475692e+42
8.205000e-15 1.237160e+21 1.530565e+42
8.220000e-15 1.258835e+21 1.584667e+42
8.235000e-15 1.279796e+21 1.637878e+42
8.250000e-15 1.300033e+21 1.690087e+42
8.265000e-15 1.319537e+21 1.741179e+42
8.280000e-15 1.338300e+21 1.791046e+42
8.295000e-15 1.356312e+21 1.839581e+42
8.310000e-15 1.373565e+21 1.886681e+42
8.325000e-15 1.390053e+21 1.932246e+42
8.340000e-15 1.405766e+21 1.976179e+42
8.355000e-15 1.420699e+21 2.018387e+42
8.370000e-15 1.434845e+21 2.058782e+42
8.385000e-15 1.448198e+21 2.097278e+42
8.400000e-15 1.460752e+21 2.133795e+42
8.415000e-15 1.472500e+21 2.168257e+42
8.430000e-15 1.483440e+21 2.200593e+42
8.445000e-15 1.493564e+21 2.230735e+42
8.460000e-15 1.502871e+21 2.258621e+42
8.475000e-15 1.511355e+21 2.284195e+42
8.490000e-15 1.519014e+21 2.307405e+42
8.505000e-15 1.525845e+21 2.328203e+42
8.520000e-15 1.531845e+21 2.346548e+42
8.535000e-15 1.537011e+21 2.362403e+42
8.550000e-15 1.541343e+21 2.375739e+42
8.565000e-15 1.544840e+21 2.386530e+42
8.580000e-15 1.547500e+21 2.394755e+42
8.595000e-15 1.549323e+21 2.400401e+42
8.610000e-15 1.550309e+21 2.403459e+42
8.625000e-15 1.550460e+21 2.403926e+42
8.640000e-15 1.549775e+21 2.401803e+42
8.655000e-15 1.548257e+21 2.397100e+42
8.670000e-15 1.545908e+21 2.389830e+42
8.685000e-15 1.542729e+21 2.380012e+42
8.700000e-15 1.538723e+21 2.367670e+42
8.715000e-15 1.533895e+21 2.352834e+42
8.730000e-15 1.528247e+21 2.335539e+42
8.745000e-15 1.521784e+21 2.315826e+42
8.760000e-15 1.514510e+21 2.293741e+42
8.775000e-15 1.506431e+21 2.269333e+42
8.790000e-15 1.497551e+21 2.242659e+42
8.805000e-15 1.487877e+21 2.213778e+42
8.820000e-15 1.477415e+21 2.182756e+42
8.835000e-15 1.466172e+21 2.149662e+42
8.850000e-15 1.454156e+21 2.114569e+42
8.865000e-15 1.441373e+21 2.077555e+42
8.880000e-15 1.427832e+21 2.038703e+42
8.895000e-15 1.413541e+21 1.998098e+42
8.910000e-15 1.398510e+21 1.955829e+42
8.925000e-15 1.382747e+21 1.911988e+42
8.940000e-15 1.366262e+21 1.866672e+42
8.955000e-15 1.349066e+21 1.819980e+42
8.970000e-15 1.331169e+21 1.772011e+42
8.985000e-15 1.312582e+21 1.722872e+42
9.000000e-15 1.293316e+21 1.672667e+42
9.015000e-15 1.273384e+21 1.621506e+42
9.030000e-15 1.252796e+21 1.569498e+42
9.045000e-15 1.231566e+21 1.516754e+42
9.060000e-15 1.209706e+21 1.463389e+42
9.075000e-15 1.187230e+21 1.409514e+42
9.090000e-15 1.164151e+21 1.355247e+42
9.105000e-15 1.140482e+21 1.300700e+42
9.120000e-15 1.116239e+21 1.245990e+42
9.135000e-15 1.091436e+21 1.191232e+42
9.150000e-15 1.066087e+21 1.136541e+42
9.165000e-15 1.040208e+21 1.082032e+42
9.180000e-15 1.013814e+21 1.027819e+42
9.195000e-15 9.869209e+20 9.740129e+41
9.210000e-15 9.595450e+20 9.207266e+41
9.225000e-15 9.317025e+20 8.680695e+41
9.240000e-15 9.034099e+20 8.161494e+41
9.255000e-15 8.746842e+20 7.650724e+41
9.270000e-15 8.455425e+20 7.149421e+41
9.285000e-15 8.160021e+20 6.658594e+41
9.300000e-15 7.860806e+20 6.179227e+41
9.315000e-15 7.557959e+20 5.712274e+41
9.330000e-15 7.251659e+20 5.258656e+41
9.345000e-15 6.942089e+20 4.819260e+41
9.360000e-15 6.629433e+20 4.394938e+41
9.375000e-15 6.313877e+20 3.986504e+41
9.390000e-15 5.995609e+20 3.594732e+41
9.405000e-15 5.674817e+20 3.220354e+41
9.420000e-15 5.351692e+20 2.864061e+41
9.435000e-15 5.026427e+20 2.526497e+41
9.450000e-15 4.699214e+20 2.208262e+41
9.465000e-15 4.370249e+20 1.909907e+41
9.480000e-15 4.039725e+20 1.631938e+41
9.495000e-15 3.707840e+20 1.374808e+41
9.510000e-15 3.374791e+20 1.138921e+41
9.525000e-15 3.040775e+20 9.246312e+40
9.540000e-15 2.705990e+20 7.322384e+40
9.555000e-15 2.370636e+20 5.619915e+40
9.570000e-15 2.034911e+20 4.140861e+40
9.585000e-15 1.699014e+20 2.886648e+40
9.600000e-15 1.363144e+20 1.858162e+40
9.615000e-15 1.027501e+20 1.055759e+40
9.630000e-15 6.922840e+19 4.792571e+39
9.645000e-15 3.576909e+19 1.279428e+39
9.660000e-15 2.392030e+18 5.721809e+36
9.675000e-15 -3.088301e+19 9.537605e+38
9.690000e-15 -6.403634e+19 4.100652e+39
9.705000e-15 -9.704832e+19 9.418376e+39
9.720000e-15 -1.298994e+20 1.687386e+40
9.735000e-15 -1.625702e+20 2.642908e+40
9.750000e-15 -1.950414e+20 3.804115e+40
9.765000e-15 -2.272938e+20 5.166245e+40
9.780000e-15 -2.593083e+20 6.724078e+40
9.795000e-15 -2.910660e+20 8.471942e+40
9.810000e-15 -3.225483e+20 1.040374e+41
9.825000e-15 -3.537364e+20 1.251295e+41
9.840000e-15 -3.846122e+20 1.479265e+41
9.855000e-15 -4.151573e+20 1.723556e+41
9.870000e-15 -4.453539e+20 1.983401e+41
9.885000e-15 -4.751841e+20 2.257999e+41
9.900000e-15 -5.046305e+20 2.546519e+41
9.915000e-15 -5.336757e+20 2.848098e+41
9.930000e-15 -5.623028e+20 3.161844e+41
9.945000e-15 -5.904949e+20 3.486843e+41
9.960000e-15 -6.182357e+20 3.822154e+41
9.975000e-15 -6.455088e+20 4.166817e+41
9.990000e-15 -6.722985e+20 4.519852e+41
1.000500e-14 -6.985890e+20 4.880266e+41
1.002000e-14 -7.243652e+20 5.247049e+41
1.003500e-14 -7.496120e+20 5.619181e+41
1.005000e-14 -7.743148e+20 5.995634e+41
1.006500e-14 -7.984594e+20 6.375374e+41
1.008000e-14 -8.220318e+20 6.757363e+41
1.009500e-14 -8.450185e+20 7.140562e+41
1.011000e-14 -8.674062e+20 7.523935e+41
1.012500e-14 -8.891822e+20 7.906450e+41
1.014000e-14 -9.103341e+20 8.287081e+41
1.015500e-14 -9.308497e+20 8.664812e+41
1.017000e-14 -9.507176e+20 9.038639e+41
1.018500e-14 -9.699264e+20 9.407572e+41
1.020000e-14 -9.884654e+20 9.770638e+41
1.021500e-14 -1.006324e+21 1.012688e+42
1.023000e-14 -1.023493e+21 1.047538e+42
1.024500e-14 -1.039962e+21 1.081521e+42
1.026000e-14 -1.055722e+21 1.114550e+42
1.027500e-14 -1.070766e+21 1.146539e+42
1.029000e-14 -1.085083e+21 1.177406e+42
1.030500e-14 -1.098668e+21 1.207071e+42
1.032000e-14 -1.111512e+21 1.235460e+42
1.033500e-14 -1.123610e+21 1.262499e+42
1.035000e-14 -1.134954e+21 1.288120e+42
1.036500e-14 -1.145539e+21 1.312259e+42
1.038000e-14 -1.155359e+21 1.334856e+42
1.039500e-14 -1.164411e+21 1.355853e+42
1.041000e-14 -1.172689e+21 1.375199e+42
1.042500e-14 -1.180190e+21 1.392847e+42
1.044000e-14 -1.186910e+21 1.408754e+42
1.045500e-14 -1.192846e+21 1.422882e+42
1.047000e-14 -1.197997e+21 1.435196e+42
1.048500e-14 -1.202360e+21 1.445669e+42
1.050000e-14 -1.205934e+21 1.454277e+42
1.051500e-14 -1.208718e+21 1.461000e+42
1.053000e-14 -1.210713e+21 1.465825e+42
1.054500e-14 -1.211917e+21 1.468744e+42
1.056000e-14 -1.212333e+21 1.469750e+42
1.057500e-14 -1.211960e+21 1.468847e+42
1.059000e-14 -1.210801e+21 1.466040e+42
1.060500e-14 -1.208858e+21 1.461339e+42
1.062000e-14 -1.206134e+21 1.454760e+42
1.063500e-14 -1.202632e+21 1.446324e+42
1.065000e-14 -1.198356e+21 1.436056e+42
1.066500e-14 -1.193309e+21 1.423986e+42
1.068000e-14 -1.187497e+21 1.410149e+42
1.069500e-14 -1.180925e+21 1.394583e+42
1.071000e-14 -1.173598e+21 1.377332e+42
1.072500e-14 -1.165523e+21 1.358443e+42
1.074000e-14 -1.156706e+21 1.337968e+42
1.075500e-14 -1.147154e+21 1.315963e+42
1.077000e-14 -1.136876e+21 1.292486e+42
1.078500e-14 -1.125878e+21 1.267602e+42
1.080000e-14 -1.114170e+21 1.241376e+42
1.081500e-14 -1.101761e+21 1.213878e+42
1.083000e-14 -1.088660e+21 1.185180e+42
1.084500e-14 -1.074877e+21 1.155360e+42
1.086000e-14 -1.060421e+21 1.124493e+42
1.087500e-14 -1.045305e+21 1.092663e+42
1.089000e-14 -1.029539e+21 1.059950e+42
1.090500e-14 -1.013134e+21 1.026441e+42
1.092000e-14 -9.961031e+20 9.922214e+41
1.093500e-14 -9.784581e+20 9.573802e+41
1.095000e-14 -9.602117e+20 9.220066e+41
1.096500e-14 -9.413773e+20 8.861913e+41
1.098000e-14 -9.219683e+20 8.500256e+41
1.099500e-14 -9.019986e+20 8.136015e+41
1.101000e-14 -8.814824e+20 7.770113e+41
1.102500e-14 -8.604344e+20 7.403473e+41
1.104000e-14 -8.388694e+20 7.037018e+41
1.105500e-14 -8.168027e+20 6.671666e+41
1.107000e-14 -7.942499e+20 6.308329e+41
1.108500e-14 -7.712268e+20 5.947908e+41
1.110000e-14 -7.477496e+20 5.591295e+41
1.111500e-14 -7.238348e+20 5.239368e+41
1.113000e-14 -6.994991e+20 4.892990e+41
1.114500e-14 -6.747594e+20 4.553003e+41
1.116000e-14 -6.496331e+20 4.220231e+41
1.117500e-14 -6.241375e+20 3.895476e+41
1.119000e-14 -5.982904e+20 3.579514e+41
1.120500e-14 -5.721097e+20 3.273095e+41
1.122000e-14 -5.456136e+20 2.976942e+41
1.123500e-14 -5.188202e+20 2.691744e+41
1.125000e-14 -4.917482e+20 2.418163e+41
1.126500e-14 -4.644162e+20 2.156824e+41
1.128000e-14 -4.368430e+20 1.908318e+41
1.129500e-14 -4.090475e+20 1.673198e+41
1.131000e-14 -3.810488e+20 1.451982e+41
1.132500e-14 -3.528662e+20 1.245146e+41
1.134000e-14 -3.245189e+20 1.053125e+41
1.135500e-14 -2.960263e+20 8.763155e+40
1.137000e-14 -2.674078e+20 7.150695e+40
1.138500e-14 -2.386831e+20 5.696962e+40
1.140000e-14 -2.098716e+20 4.404610e+40
1.141500e-14 -1.809930e+20 3.275848e+40
1.143000e-14 -1.520670e+20 2.312437e+40
1.144500e-14 -1.231131e+20 1.515683e+40
1.146000e-14 -9.415100e+19 8.864411e+39
1.147500e-14 -6.520036e+19 4.251087e+39
1.149000e-14 -3.628075e+19 1.316293e+39
1.150500e-14 -7.411727e+18 5.493369e+37
1.152000e-14 2.138721e+19 4.574128e+38
1.153500e-14 5.009664e+19 2.509673e+39
1.155000e-14 7.869721e+19 6.193250e+39
1.156500e-14 1.071697e+20 1.148534e+40
1.158000e-14 1.354949e+20 1.835887e+40
1.159500e-14 1.636539e+20 2.678259e+40
1.161000e-14 1.916277e+20 3.672117e+40
1.162500e-14 2.193976e+20 4.813532e+40
1.164000e-14 2.469451e+20 6.098190e+40
1.165500e-14 2.742518e+20 7.521405e+40
1.167000e-14 3.012994e+20 9.078132e+40
1.168500e-14 3.280699e+20 1.076299e+41
1.170000e-14 3.545455e+20 1.257025e+41
1.171500e-14 3.807087e+20 1.449391e+41
1.173000e-14 4.065421e+20 1.652765e+41
1.174500e-14 4.320285e+20 1.866486e+41
1.176000e-14 4.571512e+20 2.089872e+41
1.177500e-14 4.818936e+20 2.322214e+41
1.179000e-14 5.062393e+20 2.562782e+41
1.180500e-14 5.301724e+20 2.810828e+41
1.182000e-14 5.536772e+20 3.065584e+41
1.183500e-14 5.767382e+20 3.326270e+41
1.185000e-14 5.993405e+20 3.592091e+41
1.186500e-14 6.214693e+20 3.862241e+41
1.188000e-14 6.431102e+20 4.135907e+41
1.189500e-14 6.642492e+20 4.412270e+41
1.191000e-14 6.848726e+20 4.690505e+41
1.192500e-14 7.049671e+20 4.969786e+41
1.194000e-14 7.245199e+20 5.249290e+41
1.195500e-14 7.435183e+20 5.528194e+41
1.197000e-14 7.619503e+20 5.805682e+41
1.198500e-14 7.798041e+20 6.080944e+41
1.200000e-14 7.970685e+20 6.353182e+41
1.201500e-14 8.137325e+20 6.621606e+41
1.203000e-14 8.297858e+20 6.885444e+41
1.204500e-14 8.452182e+20 7.143939e+41
1.206000e-14 8.600204e+20 7.396350e+41
1.207500e-14 8.741830e+20 7.641959e+41
1.209000e-14 8.876974e+20 7.880067e+41
1.210500e-14 9.005556e+20 8.110003e+41
1.212000e-14 9.127496e+20 8.331118e+41
1.213500e-14 9.242723e+20 8.542793e+41
1.215000e-14 9.351168e+20 8.744435e+41
1.216500e-14 9.452770e+20 8.935485e+41
1.218000e-14 9.547468e+20 9.115415e+41
1.219500e-14 9.635211e+20 9.283729e+41
1.221000e-14 9.715950e+20 9.439968e+41
1.222500e-14 9.789641e+20 9.583707e+41
1.224000e-14 9.856246e+20 9.714559e+41
1.225500e-14 9.915732e+20 9.832173e+41
1.227000e-14 9.968069e+20 9.936241e+41
1.228500e-14 1.001324e+21 1.002649e+42
1.230000e-14 1.005121e+21 1.010269e+42
1.231500e-14 1.008199e+21 1.016465e+42
1.233000e-14 1.010555e+21 1.021222e+42
1.234500e-14 1.012190e+21 1.024529e+42
1.236000e-14 1.013104e+21 1.026380e+42
1.237500e-14 1.013297e+21 1.026771e+42
1.239000e-14 1.012771e+21 1.025706e+42
1.240500e-14 1.011528e+21 1.023189e+42
1.242000e-14 1.009569e+21 1.019230e+42
1.243500e-14 1.006898e+21 1.013843e+42
1.245000e-14 1.003517e+21 1.007046e+42
1.246500e-14 9.994304e+20 9.988612e+41
1.248000e-14 9.946425e+20 9.893137e+41
1.249500e-14 9.891578e+20 9.784332e+41
1.251000e-14 9.829816e+20 9.662528e+41
1.252500e-14 9.761195e+20 9.528092e+41
1.254000e-14 9.685776e+20 9.381425e+41
1.255500e-14 9.603626e+20 9.222962e+41
1.257000e-14 9.514815e+20 9.053170e+41
1.258500e-14 9.419419e+20 8.872546e+41
1.260000e-14 9.317519e+20 8.681615e+41
1.261500e-14 9.209198e+20 8.480932e+41
1.263000e-14 9.094546e+20 8.271076e+41
1.264500e-14 8.973656e+20 8.052649e+41
1.266000e-14 8.846625e+20 7.826278e+41
1.267500e-14 8.713557e+20 7.592607e+41
1.269000e-14 8.574556e+20 7.352301e+41
1.270500e-14 8.429733e+20 7.106040e+41
1.272000e-14 8.279203e+20 6.854520e+41
1.273500e-14 8.123082e+20 6.598447e+41
1.275000e-14 7.961494e+20 6.338539e+41
1.276500e-14 7.794564e+20 6.075523e+41
1.278000e-14 7.622421e+20 5.810130e+41
1.279500e-14 7.445197e+20 5.543096e+41
1.281000e-14 7.263030e+20 5.275161e+41
1.282500e-14 7.076059e+20 5.007061e+41
1.284000e-14 6.884426e+20 4.739533e+41
1.285500e-14 6.688279e+20 4.473307e+41
1.287000e-14 6.487764e+20 4.209109e+41
1.288500e-14 6.283036e+20 3.947654e+41
1.290000e-14 6.074248e+20 3.689649e+41
1.291500e-14 5.861559e+20 3.435787e+41
1.293000e-14 5.645127e+20 3.186746e+41
1.294500e-14 5.425116e+20 2.943188e+41
1.296000e-14 5.201691e+20 2.705759e+41
1.297500e-14 4.975018e+20 2.475080e+41
1.299000e-14 4.745267e+20 2.251756e+41
1.300500e-14 4.512609e+20 2.036364e+41
1.302000e-14 4.277218e+20 1.829459e+41
1.303500e-14 4.039267e+20 1.631568e+41
1.305000e-14 3.798933e+20 1.443189e+41
1.306500e-14 3.556395e+20 1.264795e+41
1.308000e-14 3.311831e+20 1.096823e+41
1.309500e-14 3.065423e+20 9.396816e+40
1.311000e-14 2.817350e+20 7.937462e+40
1.312500e-14 2.567797e+20 6.593579e+40
1.314000e-14 2.316945e+20 5.368235e+40
1.315500e-14 2.064980e+20 4.264142e+40
1.317000e-14 1.812085e+20 3.283653e+40
1.318500e-14 1.558446e+20 2.428755e+40
1.320000e-14 1.304248e+20 1.701063e+40
1.321500e-14 1.049676e+20 1.101821e+40
1.323000e-14 7.949163e+19 6.318919e+39
1.324500e-14 5.401532e+19 2.917655e+39
1.326000e-14 2.855721e+19 8.155142e+38
1.327500e-14 3.135767e+18 9.833033e+36
1.329000e-14 -2.223059e+19 4.941993e+38
1.330500e-14 -4.752352e+19 2.258485e+39
1.332000e-14 -7.272475e+19 5.288890e+39
1.333500e-14 -9.781610e+19 9.567990e+39
1.335000e-14 -1.227795e+20 1.507481e+40
1.336500e-14 -1.475970e+20 2.178487e+40
1.338000e-14 -1.722507e+20 2.967032e+40
1.339500e-14 -1.967231e+20 3.869997e+40
1.341000e-14 -2.209965e+20 4.883945e+40
1.342500e-14 -2.450536e+20 6.005127e+40
1.344000e-14 -2.688772e+20 7.229497e+40
1.345500e-14 -2.924504e+20 8.552724e+40
1.347000e-14 -3.157564e+20 9.970208e+40
1.348500e-14 -3.387785e+20 1.147709e+41
1.350000e-14 -3.615006e+20 1.306827e+41
1.351500e-14 -3.839065e+20 1.473842e+41
1.353000e-14 -4.059803e+20 1.648200e+41
1.354500e-14 -4.277065e+20 1.829329e+41
1.356000e-14 -4.490699e+20 2.016637e+41
1.357500e-14 -4.700553e+20 2.209520e+41
1.359000e-14 -4.906482e+20 2.407356e+41
1.360500e-14 -5.108340e+20 2.609514e+41
1.362000e-14 -5.305988e+20 2.815351e+41
1.363500e-14 -5.499287e+20 3.024216e+41
1.365000e-14 -5.688104e+20 3.235452e+41
1.366500e-14 -5.872307e+20 3.448399e+41
1.368000e-14 -6.051770e+20 3.662392e+41
1.369500e-14 -6.226369e+20 3.876767e+41
1.371000e-14 -6.395984e+20 4.090861e+41
1.372500e-14 -6.560500e+20 4.304016e+41
1.374000e-14 -6.719804e+20 4.515577e+41
1.375500e-14 -6.873789e+20 4.724898e+41
1.377000e-14 -7.022351e+20 4.931341e+41
1.378500e-14 -7.165389e+20 5.134279e+41
1.380000e-14 -7.302808e+20 5.333100e+41
1.381500e-14 -7.434517e+20 5.527204e+41
1.383000e-14 -7.560428e+20 5.716007e+41
1.384500e-14 -7.680460e+20 5.898946e+41
1.386000e-14 -7.794533e+20 6.075475e+41
1.387500e-14 -7.902575e+20 6.245070e+41
1.389000e-14 -8.004517e+20 6.407229e+41
1.390500e-14 -8.100292e+20 6.561474e+41
1.392000e-14 -8.189843e+20 6.707353e+41
1.393500e-14 -8.273113e+20 6.844440e+41
1.395000e-14 -8.350053e+20 6.972338e+41
1.396500e-14 -8.420615e+20 7.090676e+41
1.398000e-14 -8.484761e+20 7.199116e+41
1.399500e-14 -8.542452e+20 7.297349e+41
1.401000e-14 -8.593659e+20 7.385098e+41
1.402500e-14 -8.638354e+20 7.462117e+41
1.404000e-14 -8.676517e+20 7.528194e+41
1.405500e-14 -8.708129e+20 7.583152e+41
1.407000e-14 -8.733181e+20 7.626844e+41
1.408500e-14 -8.751663e+20 7.659161e+41
1.410000e-14 -8.763575e+20 7.680025e+41
1.411500e-14 -8.768919e+20 7.689394e+41
1.413000e-14 -8.767703e+20 7.687261e+41
1.414500e-14 -8.759939e+20 7.673653e+41
1.416000e-14 -8.745645e+20 7.648631e+41
1.417500e-14 -8.724843e+20 7.612288e+41
1.419000e-14 -8.697560e+20 7.564754e+41
1.420500e-14 -8.663827e+20 7.506190e+41
1.422000e-14 -8.623682e+20 7.436789e+41
1.423500e-14 -8.577165e+20 7.356776e+41
1.425000e-14 -8.524323e+20 7.266408e+41
1.426500e-14 -8.465206e+20 7.165970e+41
1.428000e-14 -8.399869e+20 7.055779e+41
1.429500e-14 -8.328371e+20 6.936177e+41
1.431000e-14 -8.250779e+20 6.807535e+41
1.432500e-14 -8.167159e+20 6.670248e+41
1.434000e-14 -8.077585e+20 6.524738e+41
1.435500e-14 -7.982135e+20 6.371448e+41
1.437000e-14 -7.880890e+20 6.210843e+41
1.438500e-14 -7.773936e+20 6.043408e+41
1.440000e-14 -7.661364e+20 5.869649e+41
1.441500e-14 -7.543267e+20 5.690087e+41
1.443000e-14 -7.419743e+20 5.505259e+41
1.444500e-14 -7.290895e+20 5.315715e+41
1.446000e-14 -7.156829e+20 5.122020e+41
1.447500e-14 -7.017654e+20 4.924747e+41
1.449000e-14 -6.873484e+20 4.724478e+41
1.450500e-14 -6.724435e+20 4.521802e+41
1.452000e-14 -6.570628e+20 4.317315e+41
1.453500e-14 -6.412186e+20 4.111613e+41
1.455000e-14 -6.249238e+20 3.905297e+41
1.456500e-14 -6.081912e+20 3.698965e+41
1.458000e-14 -5.910343e+20 3.493215e+41
1.459500e-14 -5.734667e+20 3.288640e+41
1.461000e-14 -5.555022e+20 3.085827e+41
1.462500e-14 -5.371552e+20 2.885357e+41
1.464000e-14 -5.184401e+20 2.687801e+41
1.465500e-14 -4.993716e+20 2.493720e+41
1.467000e-14 -4.799647e+20 2.303661e+41
1.468500e-14 -4.602346e+20 2.118159e+41
1.470000e-14 -4.401967e+20 1.937731e+41
1.471500e-14 -4.198667e+20 1.762880e+41
1.473000e-14 -3.992603e+20 1.594088e+41
1.474500e-14 -3.783937e+20 1.431818e+41
1.476000e-14 -3.572830e+20 1.276511e+41
1.477500e-14 -3.359445e+20 1.128587e+41
1.479000e-14 -3.143949e+20 9.884413e+40
1.480500e-14 -2.926506e+20 8.564437e+40
1.482000e-14 -2.707285e+20 7.329391e+40
1.483500e-14 -2.486454e+20 6.182455e+40
1.485000e-14 -2.264184e+20 5.126528e+40
1.486500e-14 -2.040644e+20 4.164227e+40
1.488000e-14 -1.816006e+20 3.297877e+40
1.489500e-14 -1.590442e+20 2.529504e+40
1.491000e-14 -1.364123e+20 1.860832e+40
1.492500e-14 -1.137224e+20 1.293278e+40
1.494000e-14 -9.099158e+19 8.279467e+39
1.495500e-14 -6.823721e+19 4.656317e+39
1.497000e-14 -4.547657e+19 2.068118e+39
1.498500e-14 -2.272691e+19 5.165123e+38
