0.000000e+00 nan nan
1.500000e-17 nan nan
3.000000e-17 nan nan
4.500000e-17 nan nan
6.000000e-17 -2.345054e+04 5.499280e+08
7.500000e-17 -2.182931e+05 4.765189e+10
9.000000e-17 -1.350804e+06 1.824671e+12
1.050000e-16 -6.305980e+06 3.976539e+13
1.200000e-16 -2.395065e+07 5.736334e+14
1.350000e-16 -7.770345e+07 6.037826e+15
1.500000e-16 -2.226208e+08 4.956002e+16
1.650000e-16 -5.767610e+08 3.326533e+17
1.800000e-16 -1.375110e+09 1.890928e+18
1.950000e-16 -3.057506e+09 9.348344e+18
2.100000e-16 -6.405835e+09 4.103472e+19
2.250000e-16 -1.275035e+10 1.625715e+20
2.400000e-16 -2.427038e+10 5.890514e+20
2.550000e-16 -4.442075e+10 1.973203e+21
2.700000e-16 -7.852256e+10 6.165792e+21
2.850000e-16 -1.345646e+11 1.810764e+22
3.000000e-16 -2.242711e+11 5.029753e+22
3.150000e-16 -3.645001e+11 1.328603e+23
3.300000e-16 -5.790495e+11 3.352983e+23
3.450000e-16 -9.009576e+11 8.117247e+23
3.600000e-16 -1.375398e+12 1.891721e+24
3.750000e-16 -2.063285e+12 4.257145e+24
3.900000e-16 -3.045711e+12 9.276355e+24
4.050000e-16 -4.429370e+12 1.961931e+25
4.200000e-16 -6.353115e+12 4.036207e+25
4.350000e-16 -8.995838e+12 8.092509e+25
4.500000e-16 -1.258585e+13 1.584036e+26
4.650000e-16 -1.741199e+13 3.031774e+26
4.800000e-16 -2.383669e+13 5.681876e+26
4.950000e-16 -3.231122e+13 1.044015e+27
5.100000e-16 -4.339346e+13 1.882992e+27
5.250000e-16 -5.776835e+13 3.337182e+27
5.400000e-16 -7.627150e+13 5.817341e+27
5.550000e-16 -9.991613e+13 9.983234e+27
5.700000e-16 -1.299238e+14 1.688021e+28
5.850000e-16 -1.677594e+14 2.814323e+28
6.000000e-16 -2.151703e+14 4.629824e+28
6.150000e-16 -2.742306e+14 7.520242e+28
6.300000e-16 -3.473912e+14 1.206807e+29
6.450000e-16 -4.375349e+14 1.914368e+29
6.600000e-16 -5.480382e+14 3.003459e+29
6.750000e-16 -6.828398e+14 4.662702e+29
6.900000e-16 -8.465166e+14 7.165903e+29
7.050000e-16 -1.044367e+15 1.090702e+30
7.200000e-16 -1.282502e+15 1.644811e+30
7.350000e-16 -1.567948e+15 2.458460e+30
7.500000e-16 -1.908754e+15 3.643341e+30
7.650000e-16 -2.314115e+15 5.355127e+30
7.800000e-16 -2.794499e+15 7.809224e+30
7.950000e-16 -3.361791e+15 1.130164e+31
8.100000e-16 -4.029448e+15 1.623645e+31
8.250000e-16 -4.812658e+15 2.316168e+31
8.400000e-16 -5.728527e+15 3.281602e+31
8.550000e-16 -6.796265e+15 4.618922e+31
8.700000e-16 -8.037395e+15 6.459971e+31
8.850000e-16 -9.475971e+15 8.979402e+31
9.000000e-16 -1.113882e+16 1.240732e+32
9.150000e-16 -1.305577e+16 1.704532e+32
9.300000e-16 -1.525997e+16 2.328667e+32
9.450000e-16 -1.778811e+16 3.164169e+32
9.600000e-16 -2.068077e+16 4.276941e+32
9.750000e-16 -2.398270e+16 5.751701e+32
9.900000e-16 -2.774322e+16 7.696860e+32
1.005000e-15 -3.201648e+16 1.025055e+33
1.020000e-15 -3.686195e+16 1.358803e+33
1.035000e-15 -4.234470e+16 1.793074e+33
1.050000e-15 -4.853591e+16 2.355735e+33
1.065000e-15 -5.551324e+16 3.081719e+33
1.080000e-15 -6.336130e+16 4.014654e+33
1.095000e-15 -7.217215e+16 5.208820e+33
1.110000e-15 -8.204577e+16 6.731508e+33
1.125000e-15 -9.309056e+16 8.665851e+33
1.140000e-15 -1.054239e+17 1.111420e+34
1.155000e-15 -1.191728e+17 1.420215e+34
1.170000e-15 -1.344741e+17 1.808329e+34
1.185000e-15 -1.514758e+17 2.294490e+34
1.200000e-15 -1.703367e+17 2.901459e+34
1.215000e-15 -1.912280e+17 3.656816e+34
1.230000e-15 -2.143333e+17 4.593878e+34
1.245000e-15 -2.398496e+17 5.752785e+34
1.260000e-15 -2.679878e+17 7.181748e+34
1.275000e-15 -2.989736e+17 8.938523e+34
1.290000e-15 -3.330481e+17 1.109210e+35
1.305000e-15 -3.704686e+17 1.372470e+35
1.320000e-15 -4.115093e+17 1.693399e+35
1.335000e-15 -4.564623e+17 2.083579e+35
1.350000e-15 -5.056383e+17 2.556701e+35
1.365000e-15 -5.593670e+17 3.128915e+35
1.380000e-15 -6.179988e+17 3.819225e+35
1.395000e-15 -6.819047e+17 4.649940e+35
1.410000e-15 -7.514778e+17 5.647189e+35
1.425000e-15 -8.271340e+17 6.841507e+35
1.440000e-15 -9.093128e+17 8.268497e+35
1.455000e-15 -9.984780e+17 9.969584e+35
1.470000e-15 -1.095119e+18 1.199286e+36
1.485000e-15 -1.199752e+18 1.439405e+36
1.500000e-15 -1.312919e+18 1.723757e+36
1.515000e-15 -1.435192e+18 2.059776e+36
1.530000e-15 -1.567170e+18 2.456022e+36
1.545000e-15 -1.709484e+18 2.922334e+36
1.560000e-15 -1.862793e+18 3.469999e+36
1.575000e-15 -2.027792e+18 4.111939e+36
1.590000e-15 -2.205204e+18 4.862925e+36
1.605000e-15 -2.395789e+18 5.739804e+36
1.620000e-15 -2.600339e+18 6.761764e+36
1.635000e-15 -2.819684e+18 7.950616e+36
1.650000e-15 -3.054687e+18 9.331110e+36
1.665000e-15 -3.306250e+18 1.093129e+37
1.680000e-15 -3.575313e+18 1.278286e+37
1.695000e-15 -3.862853e+18 1.492164e+37
1.710000e-15 -4.169890e+18 1.738798e+37
1.725000e-15 -4.497480e+18 2.022733e+37
1.740000e-15 -4.846723e+18 2.349072e+37
1.755000e-15 -5.218760e+18 2.723545e+37
1.770000e-15 -5.614774e+18 3.152569e+37
1.785000e-15 -6.035993e+18 3.643322e+37
1.800000e-15 -6.483688e+18 4.203821e+37
1.815000e-15 -6.959173e+18 4.843010e+37
1.830000e-15 -7.463811e+18 5.570848e+37
1.845000e-15 -7.999007e+18 6.398412e+37
1.860000e-15 -8.566216e+18 7.338006e+37
1.875000e-15 -9.166937e+18 8.403273e+37
1.890000e-15 -9.802717e+18 9.609327e+37
1.905000e-15 -1.047515e+19 1.097288e+38
1.920000e-15 -1.118589e+19 1.251241e+38
1.935000e-15 -1.193662e+19 1.424829e+38
1.950000e-15 -1.272908e+19 1.620296e+38
1.965000e-15 -1.356507e+19 1.840112e+38
1.980000e-15 -1.444643e+19 2.086994e+38
1.995000e-15 -1.537505e+19 2.363921e+38
2.010000e-15 -1.635287e+19 2.674162e+38
2.025000e-15 -1.738188e+19 3.021296e+38
2.040000e-15 -1.846412e+19 3.409237e+38
2.055000e-15 -1.960169e+19 3.842263e+38
2.070000e-15 -2.079673e+19 4.325041e+38
2.085000e-15 -2.205144e+19 4.862659e+38
2.100000e-15 -2.336805e+19 5.460658e+38
2.115000e-15 -2.474887e+19 6.125065e+38
2.130000e-15 -2.619623e+19 6.862425e+38
2.145000e-15 -2.771254e+19 7.679847e+38
2.160000e-15 -2.930023e+19 8.585034e+38
2.175000e-15 -3.096180e+19 9.586330e+38
2.190000e-15 -3.269979e+19 1.069276e+39
2.205000e-15 -3.451680e+19 1.191409e+39
2.220000e-15 -3.641545e+19 1.326085e+39
2.235000e-15 -3.839845e+19 1.474441e+39
2.250000e-15 -4.046852e+19 1.637701e+39
2.265000e-15 -4.262844e+19 1.817184e+39
2.280000e-15 -4.488104e+19 2.014307e+39
2.295000e-15 -4.722918e+19 2.230596e+39
2.310000e-15 -4.967580e+19 2.467685e+39
2.325000e-15 -5.222383e+19 2.727329e+39
2.340000e-15 -5.487630e+19 3.011408e+39
2.355000e-15 -5.763623e+19 3.321935e+39
2.370000e-15 -6.050671e+19 3.661062e+39
2.385000e-15 -6.349087e+19 4.031090e+39
2.400000e-15 -6.659187e+19 4.434477e+39
2.415000e-15 -6.981290e+19 4.873841e+39
2.430000e-15 -7.315722e+19 5.351978e+39
2.445000e-15 -7.662808e+19 5.871862e+39
2.460000e-15 -8.022879e+19 6.436659e+39
2.475000e-15 -8.396270e+19 7.049734e+39
2.490000e-15 -8.783316e+19 7.714665e+39
2.505000e-15 -9.184359e+19 8.435246e+39
2.520000e-15 -9.599741e+19 9.215503e+39
2.535000e-15 -1.002981e+20 1.005970e+40
2.550000e-15 -1.047491e+20 1.097237e+40
2.565000e-15 -1.093539e+20 1.195827e+40
2.580000e-15 -1.141161e+20 1.302248e+40
2.595000e-15 -1.190392e+20 1.417032e+40
2.610000e-15 -1.241267e+20 1.540744e+40
2.625000e-15 -1.293823e+20 1.673978e+40
2.640000e-15 -1.348096e+20 1.817362e+40
2.655000e-15 -1.404121e+20 1.971555e+40
2.670000e-15 -1.461935e+20 2.137253e+40
2.685000e-15 -1.521574e+20 2.315186e+40
2.700000e-15 -1.583074e+20 2.506123e+40
2.715000e-15 -1.646472e+20 2.710871e+40
2.730000e-15 -1.711805e+20 2.930275e+40
2.745000e-15 -1.779108e+20 3.165225e+40
2.760000e-15 -1.848418e+20 3.416650e+40
2.775000e-15 -1.919772e+20 3.685524e+40
2.790000e-15 -1.993205e+20 3.972868e+40
2.805000e-15 -2.068755e+20 4.279746e+40
2.820000e-15 -2.146456e+20 4.607274e+40
2.835000e-15 -2.226345e+20 4.956613e+40
2.850000e-15 -2.308458e+20 5.328978e+40
2.865000e-15 -2.392830e+20 5.725634e+40
2.880000e-15 -2.479496e+20 6.147899e+40
2.895000e-15 -2.568491e+20 6.597147e+40
2.910000e-15 -2.659851e+20 7.074805e+40
2.925000e-15 -2.753608e+20 7.582359e+40
2.940000e-15 -2.849798e+20 8.121351e+40
2.955000e-15 -2.948455e+20 8.693385e+40
2.970000e-15 -3.049610e+20 9.300120e+40
2.985000e-15 -3.153297e+20 9.943282e+40
3.000000e-15 -3.259548e+20 1.062465e+41
3.015000e-15 -3.368395e+20 1.134608e+41
3.030000e-15 -3.479869e+20 1.210949e+41
3.045000e-15 -3.593999e+20 1.291683e+41
3.060000e-15 -3.710817e+20 1.377017e+41
3.075000e-15 -3.830352e+20 1.467159e+41
3.090000e-15 -3.952630e+20 1.562329e+41
3.105000e-15 -4.077681e+20 1.662749e+41
3.120000e-15 -4.205531e+20 1.768649e+41
3.135000e-15 -4.336206e+20 1.880269e+41
3.150000e-15 -4.469731e+20 1.997850e+41
3.165000e-15 -4.606130e+20 2.121644e+41
3.180000e-15 -4.745427e+20 2.251908e+41
3.195000e-15 -4.887642e+20 2.388905e+41
3.210000e-15 -5.032798e+20 2.532906e+41
3.225000e-15 -5.180914e+20 2.684187e+41
3.240000e-15 -5.332009e+20 2.843032e+41
3.255000e-15 -5.486100e+20 3.009729e+41
3.270000e-15 -5.643203e+20 3.184574e+41
3.285000e-15 -5.803334e+20 3.367868e+41
3.300000e-15 -5.966505e+20 3.559918e+41
3.315000e-15 -6.132729e+20 3.761036e+41
3.330000e-15 -6.302015e+20 3.971540e+41
3.345000e-15 -6.474374e+20 4.191752e+41
3.360000e-15 -6.649813e+20 4.422001e+41
3.375000e-15 -6.828336e+20 4.662618e+41
3.390000e-15 -7.009949e+20 4.913939e+41
3.405000e-15 -7.194654e+20 5.176304e+41
3.420000e-15 -7.382450e+20 5.450057e+41
3.435000e-15 -7.573337e+20 5.735544e+41
3.450000e-15 -7.767312e+20 6.033113e+41
3.465000e-15 -7.964368e+20 6.343116e+41
3.480000e-15 -8.164499e+20 6.665904e+41
3.495000e-15 -8.367696e+20 7.001833e+41
3.510000e-15 -8.573946e+20 7.351255e+41
3.525000e-15 -8.783236e+20 7.714524e+41
3.540000e-15 -8.995551e+20 8.091993e+41
3.555000e-15 -9.210871e+20 8.484014e+41
3.570000e-15 -9.429176e+20 8.890936e+41
3.585000e-15 -9.650444e+20 9.313107e+41
3.600000e-15 -9.874648e+20 9.750867e+41
3.615000e-15 -1.010176e+21 1.020456e+42
3.630000e-15 -1.033175e+21 1.067451e+42
3.645000e-15 -1.056459e+21 1.116105e+42
3.660000e-15 -1.080023e+21 1.166450e+42
3.675000e-15 -1.103865e+21 1.218518e+42
3.690000e-15 -1.127979e+21 1.272337e+42
3.705000e-15 -1.152362e+21 1.327939e+42
3.720000e-15 -1.177009e+21 1.385350e+42
3.735000e-15 -1.201915e+21 1.444599e+42
3.750000e-15 -1.227074e+21 1.505710e+42
3.765000e-15 -1.252481e+21 1.568709e+42
3.780000e-15 -1.278130e+21 1.633617e+42
3.795000e-15 -1.304016e+21 1.700457e+42
3.810000e-15 -1.330130e+21 1.769247e+42
3.825000e-15 -1.356468e+21 1.840005e+42
3.840000e-15 -1.383021e+21 1.912746e+42
3.855000e-15 -1.409782e+21 1.987484e+42
3.870000e-15 -1.436743e+21 2.064230e+42
3.885000e-15 -1.463897e+21 2.142994e+42
3.900000e-15 -1.491234e+21 2.223780e+42
3.915000e-15 -1.518747e+21 2.306594e+42
3.930000e-15 -1.546427e+21 2.391435e+42
3.945000e-15 -1.574263e+21 2.478303e+42
3.960000e-15 -1.602246e+21 2.567191e+42
3.975000e-15 -1.630366e+21 2.658094e+42
3.990000e-15 -1.658613e+21 2.750998e+42
4.005000e-15 -1.686977e+21 2.845890e+42
4.020000e-15 -1.715445e+21 2.942752e+42
4.035000e-15 -1.744008e+21 3.041562e+42
4.050000e-15 -1.772652e+21 3.142296e+42
4.065000e-15 -1.801367e+21 3.244924e+42
4.080000e-15 -1.830140e+21 3.349413e+42
4.095000e-15 -1.858958e+21 3.455727e+42
4.110000e-15 -1.887809e+21 3.563824e+42
4.125000e-15 -1.916679e+21 3.673660e+42
4.140000e-15 -1.945555e+21 3.785186e+42
4.155000e-15 -1.974423e+21 3.898347e+42
4.170000e-15 -2.003269e+21 4.013086e+42
4.185000e-15 -2.032078e+21 4.129341e+42
4.200000e-15 -2.060836e+21 4.247043e+42
4.215000e-15 -2.089527e+21 4.366123e+42
4.230000e-15 -2.118137e+21 4.486504e+42
4.245000e-15 -2.146650e+21 4.608104e+42
4.260000e-15 -2.175049e+21 4.730840e+42
4.275000e-15 -2.203320e+21 4.854620e+42
4.290000e-15 -2.231446e+21 4.979351e+42
4.305000e-15 -2.259410e+21 5.104932e+42
4.320000e-15 -2.287195e+21 5.231261e+42
4.335000e-15 -2.314785e+21 5.358228e+42
4.350000e-15 -2.342161e+21 5.485720e+42
4.365000e-15 -2.369308e+21 5.613621e+42
4.380000e-15 -2.396207e+21 5.741809e+42
4.395000e-15 -2.422841e+21 5.870156e+42
4.410000e-15 -2.449190e+21 5.998534e+42
4.425000e-15 -2.475239e+21 6.126807e+42
4.440000e-15 -2.500967e+21 6.254837e+42
4.455000e-15 -2.526357e+21 6.382481e+42
4.470000e-15 -2.551391e+21 6.509595e+42
4.485000e-15 -2.576049e+21 6.636028e+42
4.500000e-15 -2.600313e+21 6.761627e+42
4.515000e-15 -2.624164e+21 6.886237e+42
4.530000e-15 -2.647583e+21 7.009698e+42
4.545000e-15 -2.670552e+21 7.131849e+42
4.560000e-15 -2.693051e+21 7.252525e+42
4.575000e-15 -2.715062e+21 7.371561e+42
4.590000e-15 -2.736565e+21 7.488787e+42
4.605000e-15 -2.757541e+21 7.604034e+42
4.620000e-15 -2.777972e+21 7.717131e+42
4.635000e-15 -2.797839e+21 7.827903e+42
4.650000e-15 -2.817122e+21 7.936179e+42
4.665000e-15 -2.835804e+21 8.041783e+42
4.680000e-15 -2.853864e+21 8.144542e+42
4.695000e-15 -2.871286e+21 8.244282e+42
4.710000e-15 -2.888049e+21 8.340829e+42
4.725000e-15 -2.904137e+21 8.434010e+42
4.740000e-15 -2.919530e+21 8.523655e+42
4.755000e-15 -2.934211e+21 8.609593e+42
4.770000e-15 -2.948162e+21 8.691657e+42
4.785000e-15 -2.961365e+21 8.769682e+42
4.800000e-15 -2.973803e+21 8.843504e+42
4.815000e-15 -2.985459e+21 8.912965e+42
4.830000e-15 -2.996316e+21 8.977909e+42
4.845000e-15 -3.006357e+21 9.038185e+42
4.860000e-15 -3.015567e+21 9.093644e+42
4.875000e-15 -3.023929e+21 9.144145e+42
4.890000e-15 -3.031427e+21 9.189550e+42
4.905000e-15 -3.038047e+21 9.229727e+42
4.920000e-15 -3.043773e+21 9.264552e+42
4.935000e-15 -3.048591e+21 9.293904e+42
4.950000e-15 -3.052486e+21 9.317672e+42
4.965000e-15 -3.055446e+21 9.335750e+42
4.980000e-15 -3.057456e+21 9.348040e+42
4.995000e-15 -3.058505e+21 9.354453e+42
5.010000e-15 -3.058579e+21 9.354908e+42
5.025000e-15 -3.057668e+21 9.349332e+42
5.040000e-15 -3.055758e+21 9.337660e+42
5.055000e-15 -3.052841e+21 9.319839e+42
5.070000e-15 -3.048905e+21 9.295823e+42
5.085000e-15 -3.043941e+21 9.265577e+42
5.100000e-15 -3.037940e+21 9.229077e+42
5.115000e-15 -3.030892e+21 9.186308e+42
5.130000e-15 -3.022791e+21 9.137266e+42
5.145000e-15 -3.013629e+21 9.081957e+42
5.160000e-15 -3.003398e+21 9.020401e+42
5.175000e-15 -2.992094e+21 8.952625e+42
5.190000e-15 -2.979710e+21 8.878671e+42
5.205000e-15 -2.966242e+21 8.798591e+42
5.220000e-15 -2.951685e+21 8.712447e+42
5.235000e-15 -2.936037e+21 8.620315e+42
5.250000e-15 -2.919295e+21 8.522282e+42
5.265000e-15 -2.901456e+21 8.418446e+42
5.280000e-15 -2.882519e+21 8.308917e+42
5.295000e-15 -2.862484e+21 8.193817e+42
5.310000e-15 -2.841351e+21 8.073278e+42
5.325000e-15 -2.819121e+21 7.947446e+42
5.340000e-15 -2.795796e+21 7.816476e+42
5.355000e-15 -2.771378e+21 7.680535e+42
5.370000e-15 -2.745870e+21 7.539801e+42
5.385000e-15 -2.719276e+21 7.394463e+42
5.400000e-15 -2.691602e+21 7.244719e+42
5.415000e-15 -2.662852e+21 7.090779e+42
5.430000e-15 -2.633033e+21 6.932862e+42
5.445000e-15 -2.602152e+21 6.771197e+42
5.460000e-15 -2.570218e+21 6.606020e+42
5.475000e-15 -2.537238e+21 6.437579e+42
5.490000e-15 -2.503224e+21 6.266128e+42
5.505000e-15 -2.468184e+21 6.091930e+42
5.520000e-15 -2.432130e+21 5.915254e+42
5.535000e-15 -2.395074e+21 5.736378e+42
5.550000e-15 -2.357029e+21 5.555583e+42
5.565000e-15 -2.318008e+21 5.373160e+42
5.580000e-15 -2.278026e+21 5.189402e+42
5.595000e-15 -2.237098e+21 5.004607e+42
5.610000e-15 -2.195240e+21 4.819078e+42
5.625000e-15 -2.152468e+21 4.633120e+42
5.640000e-15 -2.108801e+21 4.447042e+42
5.655000e-15 -2.064256e+21 4.261155e+42
5.670000e-15 -2.018853e+21 4.075769e+42
5.685000e-15 -1.972612e+21 3.891196e+42
5.700000e-15 -1.925552e+21 3.707750e+42
5.715000e-15 -1.877695e+21 3.525740e+42
5.730000e-15 -1.829064e+21 3.345476e+42
5.745000e-15 -1.779682e+21 3.167266e+42
5.760000e-15 -1.729570e+21 2.991414e+42
5.775000e-15 -1.678755e+21 2.818219e+42
5.790000e-15 -1.627261e+21 2.647977e+42
5.805000e-15 -1.575113e+21 2.480979e+42
5.820000e-15 -1.522337e+21 2.317510e+42
5.835000e-15 -1.468961e+21 2.157846e+42
5.850000e-15 -1.415012e+21 2.002258e+42
5.865000e-15 -1.360517e+21 1.851008e+42
5.880000e-15 -1.305507e+21 1.704348e+42
5.895000e-15 -1.250010e+21 1.562524e+42
5.910000e-15 -1.194055e+21 1.425768e+42
5.925000e-15 -1.137674e+21 1.294302e+42
5.940000e-15 -1.080897e+21 1.168338e+42
5.955000e-15 -1.023756e+21 1.048076e+42
5.970000e-15 -9.662818e+20 9.337005e+41
5.985000e-15 -9.085079e+20 8.253866e+41
6.000000e-15 -8.504667e+20 7.232935e+41
6.015000e-15 -7.921914e+20 6.275671e+41
6.030000e-15 -7.337156e+20 5.383385e+41
6.045000e-15 -6.750733e+20 4.557240e+41
6.060000e-15 -6.162989e+20 3.798243e+41
6.075000e-15 -5.574269e+20 3.107248e+41
6.090000e-15 -4.984924e+20 2.484947e+41
6.105000e-15 -4.395306e+20 1.931871e+41
6.120000e-15 -3.805768e+20 1.448387e+41
6.135000e-15 -3.216668e+20 1.034696e+41
6.150000e-15 -2.628365e+20 6.908304e+40
6.165000e-15 -2.041219e+20 4.166575e+40
6.180000e-15 -1.455591e+20 2.118746e+40
6.195000e-15 -8.718449e+19 7.601136e+39
6.210000e-15 -2.903433e+19 8.429923e+38
6.225000e-15 2.885495e+19 8.326083e+38
6.240000e-15 8.644693e+19 7.473071e+39
6.255000e-15 1.437052e+20 2.065118e+40
6.270000e-15 2.005933e+20 4.023768e+40
6.285000e-15 2.570751e+20 6.608758e+40
6.300000e-15 3.131142e+20 9.804047e+40
6.315000e-15 3.686745e+20 1.359209e+41
6.330000e-15 4.237203e+20 1.795389e+41
6.345000e-15 4.782156e+20 2.286902e+41
6.360000e-15 5.321251e+20 2.831571e+41
6.375000e-15 5.854133e+20 3.427087e+41
6.390000e-15 6.380454e+20 4.071019e+41
6.405000e-15 6.899866e+20 4.760815e+41
6.420000e-15 7.412026e+20 5.493812e+41
6.435000e-15 7.916593e+20 6.267245e+41
6.450000e-15 8.413234e+20 7.078250e+41
6.465000e-15 8.901615e+20 7.923875e+41
6.480000e-15 9.381410e+20 8.801085e+41
6.495000e-15 9.852297e+20 9.706776e+41
6.510000e-15 1.031396e+21 1.063778e+42
6.525000e-15 1.076609e+21 1.159086e+42
6.540000e-15 1.120837e+21 1.256276e+42
6.555000e-15 1.164052e+21 1.355016e+42
6.570000e-15 1.206223e+21 1.454973e+42
6.585000e-15 1.247322e+21 1.555811e+42
6.600000e-15 1.287321e+21 1.657195e+42
6.615000e-15 1.326193e+21 1.758787e+42
6.630000e-15 1.363911e+21 1.860253e+42
6.645000e-15 1.400449e+21 1.961259e+42
6.660000e-15 1.435784e+21 2.061475e+42
6.675000e-15 1.469890e+21 2.160576e+42
6.690000e-15 1.502744e+21 2.258240e+42
6.705000e-15 1.534324e+21 2.354151e+42
6.720000e-15 1.564609e+21 2.448001e+42
6.735000e-15 1.593577e+21 2.539489e+42
6.750000e-15 1.621210e+21 2.628323e+42
6.765000e-15 1.647489e+21 2.714218e+42
6.780000e-15 1.672395e+21 2.796904e+42
6.795000e-15 1.695912e+21 2.876118e+42
6.810000e-15 1.718025e+21 2.951609e+42
6.825000e-15 1.738719e+21 3.023142e+42
6.840000e-15 1.757980e+21 3.090492e+42
6.855000e-15 1.775795e+21 3.153449e+42
6.870000e-15 1.792154e+21 3.211817e+42
6.885000e-15 1.807046e+21 3.265417e+42
6.900000e-15 1.820462e+21 3.314083e+42
6.915000e-15 1.832394e+21 3.357668e+42
6.930000e-15 1.842834e+21 3.396039e+42
6.945000e-15 1.851778e+21 3.429081e+42
6.960000e-15 1.859220e+21 3.456698e+42
6.975000e-15 1.865156e+21 3.478808e+42
6.990000e-15 1.869586e+21 3.495351e+42
7.005000e-15 1.872507e+21 3.506281e+42
7.020000e-15 1.873919e+21 3.511572e+42
7.035000e-15 1.873824e+21 3.511218e+42
7.050000e-15 1.872225e+21 3.505227e+42
7.065000e-15 1.869125e+21 3.493628e+42
7.080000e-15 1.864529e+21 3.476468e+42
7.095000e-15 1.858443e+21 3.453810e+42
7.110000e-15 1.850874e+21 3.425735e+42
7.125000e-15 1.841831e+21 3.392342e+42
7.140000e-15 1.831324e+21 3.353748e+42
7.155000e-15 1.819363e+21 3.310083e+42
7.170000e-15 1.805961e+21 3.261495e+42
7.185000e-15 1.791130e+21 3.208148e+42
7.200000e-15 1.774886e+21 3.150221e+42
7.215000e-15 1.757244e+21 3.087906e+42
7.230000e-15 1.738220e+21 3.021409e+42
7.245000e-15 1.717833e+21 2.950949e+42
7.260000e-15 1.696101e+21 2.876758e+42
7.275000e-15 1.673045e+21 2.799079e+42
7.290000e-15 1.648686e+21 2.718165e+42
7.305000e-15 1.623046e+21 2.634278e+42
7.320000e-15 1.596149e+21 2.547691e+42
7.335000e-15 1.568019e+21 2.458684e+42
7.350000e-15 1.538682e+21 2.367543e+42
7.365000e-15 1.508164e+21 2.274560e+42
7.380000e-15 1.476494e+21 2.180034e+42
7.395000e-15 1.443698e+21 2.084265e+42
7.410000e-15 1.409808e+21 1.987558e+42
7.425000e-15 1.374853e+21 1.890220e+42
7.440000e-15 1.338864e+21 1.792558e+42
7.455000e-15 1.301875e+21 1.694878e+42
7.470000e-15 1.263917e+21 1.597487e+42
7.485000e-15 1.225026e+21 1.500688e+42
7.500000e-15 1.185235e+21 1.404781e+42
7.515000e-15 1.144580e+21 1.310062e+42
7.530000e-15 1.103097e+21 1.216823e+42
7.545000e-15 1.060823e+21 1.125346e+42
7.560000e-15 1.017797e+21 1.035910e+42
7.575000e-15 9.740552e+20 9.487835e+41
7.590000e-15 9.296377e+20 8.642262e+41
7.605000e-15 8.845836e+20 7.824882e+41
7.620000e-15 8.389332e+20 7.038088e+41
7.635000e-15 7.927267e+20 6.284157e+41
7.650000e-15 7.460054e+20 5.565241e+41
7.665000e-15 6.988107e+20 4.883364e+41
7.680000e-15 6.511844e+20 4.240411e+41
7.695000e-15 6.031688e+20 3.638126e+41
7.710000e-15 5.548066e+20 3.078103e+41
7.725000e-15 5.061405e+20 2.561782e+41
7.740000e-15 4.572137e+20 2.090444e+41
7.755000e-15 4.080697e+20 1.665209e+41
7.770000e-15 3.587519e+20 1.287029e+41
7.785000e-15 3.093041e+20 9.566901e+40
7.800000e-15 2.597700e+20 6.748047e+40
7.815000e-15 2.101936e+20 4.418135e+40
7.830000e-15 1.606187e+20 2.579837e+40
7.845000e-15 1.110892e+20 1.234081e+40
7.860000e-15 6.164894e+19 3.800592e+39
7.875000e-15 1.234164e+19 1.523161e+38
7.890000e-15 -3.678910e+19 1.353438e+39
7.905000e-15 -8.569984e+19 7.344463e+39
7.920000e-15 -1.343474e+20 1.804922e+40
7.935000e-15 -1.826888e+20 3.337519e+40
7.950000e-15 -2.306813e+20 5.321387e+40
7.965000e-15 -2.782827e+20 7.744126e+40
7.980000e-15 -3.254509e+20 1.059183e+41
7.995000e-15 -3.721445e+20 1.384915e+41
8.010000e-15 -4.183223e+20 1.749935e+41
8.025000e-15 -4.639436e+20 2.152437e+41
8.040000e-15 -5.089684e+20 2.590488e+41
8.055000e-15 -5.533572e+20 3.062042e+41
8.070000e-15 -5.970710e+20 3.564937e+41
8.085000e-15 -6.400715e+20 4.096915e+41
8.100000e-15 -6.823211e+20 4.655620e+41
8.115000e-15 -7.237828e+20 5.238615e+41
8.130000e-15 -7.644205e+20 5.843388e+41
8.145000e-15 -8.041989e+20 6.467358e+41
8.160000e-15 -8.430832e+20 7.107893e+41
8.175000e-15 -8.810398e+20 7.762311e+41
8.190000e-15 -9.180357e+20 8.427895e+41
8.205000e-15 -9.540390e+20 9.101905e+41
8.220000e-15 -9.890188e+20 9.781581e+41
8.235000e-15 -1.022945e+21 1.046416e+42
8.250000e-15 -1.055788e+21 1.114688e+42
8.265000e-15 -1.087521e+21 1.182701e+42
8.280000e-15 -1.118115e+21 1.250182e+42
8.295000e-15 -1.147546e+21 1.316862e+42
8.310000e-15 -1.175789e+21 1.382479e+42
8.325000e-15 -1.202819e+21 1.446773e+42
8.340000e-15 -1.228614e+21 1.509493e+42
8.355000e-15 -1.253154e+21 1.570394e+42
8.370000e-15 -1.276417e+21 1.629240e+42
8.385000e-15 -1.298385e+21 1.685803e+42
8.400000e-15 -1.319040e+21 1.739866e+42
8.415000e-15 -1.338365e+21 1.791221e+42
8.430000e-15 -1.356346e+21 1.839674e+42
8.445000e-15 -1.372968e+21 1.885041e+42
8.460000e-15 -1.388219e+21 1.927152e+42
8.475000e-15 -1.402087e+21 1.965849e+42
8.490000e-15 -1.414563e+21 2.000988e+42
8.505000e-15 -1.425637e+21 2.032442e+42
8.520000e-15 -1.435303e+21 2.060095e+42
8.535000e-15 -1.443554e+21 2.083849e+42
8.550000e-15 -1.450386e+21 2.103619e+42
8.565000e-15 -1.455795e+21 2.119339e+42
8.580000e-15 -1.459780e+21 2.130957e+42
8.595000e-15 -1.462339e+21 2.138436e+42
8.610000e-15 -1.463474e+21 2.141757e+42
8.625000e-15 -1.463187e+21 2.140917e+42
8.640000e-15 -1.461481e+21 2.135928e+42
8.655000e-15 -1.458362e+21 2.126819e+42
8.670000e-15 -1.453834e+21 2.113634e+42
8.685000e-15 -1.447907e+21 2.096435e+42
8.700000e-15 -1.440589e+21 2.075295e+42
8.715000e-15 -1.431889e+21 2.050307e+42
8.730000e-15 -1.421820e+21 2.021573e+42
8.745000e-15 -1.410395e+21 1.989215e+42
8.760000e-15 -1.397628e+21 1.953363e+42
8.775000e-15 -1.383533e+21 1.914165e+42
8.790000e-15 -1.368129e+21 1.871777e+42
8.805000e-15 -1.351432e+21 1.826370e+42
8.820000e-15 -1.333463e+21 1.778124e+42
8.835000e-15 -1.314241e+21 1.727230e+42
8.850000e-15 -1.293788e+21 1.673889e+42
8.865000e-15 -1.272128e+21 1.618309e+42
8.880000e-15 -1.249283e+21 1.560708e+42
8.895000e-15 -1.225279e+21 1.501310e+42
8.910000e-15 -1.200143e+21 1.440343e+42
8.925000e-15 -1.173901e+21 1.378044e+42
8.940000e-15 -1.146582e+21 1.314651e+42
8.955000e-15 -1.118216e+21 1.250407e+42
8.970000e-15 -1.088832e+21 1.185555e+42
8.985000e-15 -1.058462e+21 1.120342e+42
9.000000e-15 -1.027138e+21 1.055013e+42
9.015000e-15 -9.948941e+20 9.898144e+41
9.030000e-15 -9.617633e+20 9.249887e+41
9.045000e-15 -9.277809e+20 8.607773e+41
9.060000e-15 -8.929824e+20 7.974175e+41
9.075000e-15 -8.574043e+20 7.351421e+41
9.090000e-15 -8.210838e+20 6.741787e+41
9.105000e-15 -7.840588e+20 6.147483e+41
9.120000e-15 -7.463678e+20 5.570649e+41
9.135000e-15 -7.080498e+20 5.013346e+41
9.150000e-15 -6.691447e+20 4.477546e+41
9.165000e-15 -6.296925e+20 3.965127e+41
9.180000e-15 -5.897341e+20 3.477864e+41
9.195000e-15 -5.493107e+20 3.017422e+41
9.210000e-15 -5.084637e+20 2.585353e+41
9.225000e-15 -4.672352e+20 2.183088e+41
9.240000e-15 -4.256675e+20 1.811928e+41
9.255000e-15 -3.838031e+20 1.473049e+41
9.270000e-15 -3.416849e+20 1.167486e+41
9.285000e-15 -2.993559e+20 8.961393e+40
9.300000e-15 -2.568591e+20 6.597661e+40
9.315000e-15 -2.142380e+20 4.589792e+40
9.330000e-15 -1.715358e+20 2.942453e+40
9.345000e-15 -1.287959e+20 1.658839e+40
9.360000e-15 -8.606167e+19 7.406612e+39
9.375000e-15 -4.337636e+19 1.881508e+39
9.390000e-15 -7.831294e+17 6.132916e+35
9.405000e-15 4.167500e+19 1.736805e+39
9.420000e-15 8.395521e+19 7.048477e+39
9.435000e-15 1.260149e+20 1.587976e+40
9.450000e-15 1.678119e+20 2.816082e+40
9.465000e-15 2.093041e+20 4.380819e+40
9.480000e-15 2.504499e+20 6.272517e+40
9.495000e-15 2.912083e+20 8.480227e+40
9.510000e-15 3.315384e+20 1.099177e+41
9.525000e-15 3.714001e+20 1.379380e+41
9.540000e-15 4.107535e+20 1.687185e+41
9.555000e-15 4.495598e+20 2.021040e+41
9.570000e-15 4.877802e+20 2.379295e+41
9.585000e-15 5.253770e+20 2.760210e+41
9.600000e-15 5.623131e+20 3.161960e+41
9.615000e-15 5.985520e+20 3.582644e+41
9.630000e-15 6.340580e+20 4.020296e+41
9.645000e-15 6.687964e+20 4.472886e+41
9.660000e-15 7.027331e+20 4.938339e+41
9.675000e-15 7.358351e+20 5.414533e+41
9.690000e-15 7.680700e+20 5.899316e+41
9.705000e-15 7.994067e+20 6.390511e+41
9.720000e-15 8.298148e+20 6.885927e+41
9.735000e-15 8.592651e+20 7.383365e+41
9.750000e-15 8.877292e+20 7.880632e+41
9.765000e-15 9.151800e+20 8.375545e+41
9.780000e-15 9.415914e+20 8.865944e+41
9.795000e-15 9.669384e+20 9.349698e+41
9.810000e-15 9.911971e+20 9.824716e+41
9.825000e-15 1.014345e+21 1.028895e+42
9.840000e-15 1.036360e+21 1.074042e+42
9.855000e-15 1.057223e+21 1.117720e+42
9.870000e-15 1.076913e+21 1.159742e+42
9.885000e-15 1.095414e+21 1.199933e+42
9.900000e-15 1.112709e+21 1.238122e+42
9.915000e-15 1.128783e+21 1.274151e+42
9.930000e-15 1.143621e+21 1.307869e+42
9.945000e-15 1.157211e+21 1.339138e+42
9.960000e-15 1.169542e+21 1.367828e+42
9.975000e-15 1.180603e+21 1.393824e+42
9.990000e-15 1.190386e+21 1.417020e+42
1.000500e-14 1.198884e+21 1.437323e+42
1.002000e-14 1.206091e+21 1.454655e+42
1.003500e-14 1.212001e+21 1.468948e+42
1.005000e-14 1.216613e+21 1.480147e+42
1.006500e-14 1.219924e+21 1.488213e+42
1.008000e-14 1.221933e+21 1.493119e+42
1.009500e-14 1.222641e+21 1.494851e+42
1.011000e-14 1.222051e+21 1.493409e+42
1.012500e-14 1.220167e+21 1.488806e+42
1.014000e-14 1.216992e+21 1.481070e+42
1.015500e-14 1.212534e+21 1.470239e+42
1.017000e-14 1.206800e+21 1.456367e+42
1.018500e-14 1.199800e+21 1.439519e+42
1.020000e-14 1.191543e+21 1.419774e+42
1.021500e-14 1.182041e+21 1.397220e+42
1.023000e-14 1.171307e+21 1.371959e+42
1.024500e-14 1.159355e+21 1.344103e+42
1.026000e-14 1.146200e+21 1.313776e+42
1.027500e-14 1.131861e+21 1.281109e+42
1.029000e-14 1.116353e+21 1.246244e+42
1.030500e-14 1.099697e+21 1.209334e+42
1.032000e-14 1.081913e+21 1.170536e+42
1.033500e-14 1.063022e+21 1.130016e+42
1.035000e-14 1.043047e+21 1.087947e+42
1.036500e-14 1.022012e+21 1.044508e+42
1.038000e-14 9.999408e+20 9.998817e+41
1.039500e-14 9.768605e+20 9.542564e+41
1.041000e-14 9.527976e+20 9.078232e+41
1.042500e-14 9.277799e+20 8.607756e+41
1.044000e-14 9.018365e+20 8.133091e+41
1.045500e-14 8.749972e+20 7.656202e+41
1.047000e-14 8.472928e+20 7.179051e+41
1.048500e-14 8.187549e+20 6.703595e+41
1.050000e-14 7.894159e+20 6.231774e+41
1.051500e-14 7.593091e+20 5.765504e+41
1.053000e-14 7.284687e+20 5.306667e+41
1.054500e-14 6.969293e+20 4.857105e+41
1.056000e-14 6.647265e+20 4.418613e+41
1.057500e-14 6.318963e+20 3.992930e+41
1.059000e-14 5.984755e+20 3.581730e+41
1.060500e-14 5.645015e+20 3.186619e+41
1.062000e-14 5.300119e+20 2.809126e+41
1.063500e-14 4.950452e+20 2.450698e+41
1.065000e-14 4.596402e+20 2.112692e+41
1.066500e-14 4.238361e+20 1.796370e+41
1.068000e-14 3.876723e+20 1.502898e+41
1.069500e-14 3.511889e+20 1.233336e+41
1.071000e-14 3.144258e+20 9.886360e+40
1.072500e-14 2.774236e+20 7.696387e+40
1.074000e-14 2.402229e+20 5.770702e+40
1.075500e-14 2.028642e+20 4.115389e+40
1.077000e-14 1.653886e+20 2.735338e+40
1.078500e-14 1.278368e+20 1.634225e+40
1.080000e-14 9.024984e+19 8.145034e+39
1.081500e-14 5.266853e+19 2.773974e+39
1.083000e-14 1.513369e+19 2.290285e+38
1.084500e-14 -2.231400e+19 4.979146e+38
1.086000e-14 -5.963400e+19 3.556214e+39
1.087500e-14 -9.678601e+19 9.367531e+39
1.089000e-14 -1.337299e+20 1.788370e+40
1.090500e-14 -1.704260e+20 2.904503e+40
1.092000e-14 -2.068348e+20 4.278065e+40
1.093500e-14 -2.429173e+20 5.900880e+40
1.095000e-14 -2.786347e+20 7.763731e+40
1.096500e-14 -3.139490e+20 9.856398e+40
1.098000e-14 -3.488224e+20 1.216771e+41
1.099500e-14 -3.832179e+20 1.468559e+41
1.101000e-14 -4.170988e+20 1.739714e+41
1.102500e-14 -4.504292e+20 2.028865e+41
1.104000e-14 -4.831739e+20 2.334570e+41
1.105500e-14 -5.152983e+20 2.655323e+41
1.107000e-14 -5.467686e+20 2.989559e+41
1.108500e-14 -5.775516e+20 3.335659e+41
1.110000e-14 -6.076152e+20 3.691963e+41
1.111500e-14 -6.369280e+20 4.056773e+41
1.113000e-14 -6.654594e+20 4.428362e+41
1.114500e-14 -6.931797e+20 4.804981e+41
1.116000e-14 -7.200603e+20 5.184869e+41
1.117500e-14 -7.460735e+20 5.566257e+41
1.119000e-14 -7.711926e+20 5.947380e+41
1.120500e-14 -7.953918e+20 6.326481e+41
1.122000e-14 -8.186465e+20 6.701822e+41
1.123500e-14 -8.409332e+20 7.071687e+41
1.125000e-14 -8.622295e+20 7.434396e+41
1.126500e-14 -8.825139e+20 7.788307e+41
1.128000e-14 -9.017663e+20 8.131824e+41
1.129500e-14 -9.199677e+20 8.463406e+41
1.131000e-14 -9.371003e+20 8.781570e+41
1.132500e-14 -9.531475e+20 9.084902e+41
1.134000e-14 -9.680940e+20 9.372060e+41
1.135500e-14 -9.819255e+20 9.641777e+41
1.137000e-14 -9.946292e+20 9.892873e+41
1.138500e-14 -1.006194e+21 1.012425e+42
1.140000e-14 -1.016608e+21 1.033492e+42
1.141500e-14 -1.025864e+21 1.052397e+42
1.143000e-14 -1.033953e+21 1.069059e+42
1.144500e-14 -1.040870e+21 1.083409e+42
1.146000e-14 -1.046608e+21 1.095388e+42
1.147500e-14 -1.051164e+21 1.104946e+42
1.149000e-14 -1.054536e+21 1.112046e+42
1.150500e-14 -1.056722e+21 1.116662e+42
1.152000e-14 -1.057723e+21 1.118778e+42
1.153500e-14 -1.057540e+21 1.118391e+42
1.155000e-14 -1.056176e+21 1.115507e+42
1.156500e-14 -1.053634e+21 1.110145e+42
1.158000e-14 -1.049921e+21 1.102334e+42
1.159500e-14 -1.045043e+21 1.092114e+42
1.161000e-14 -1.039007e+21 1.079536e+42
1.162500e-14 -1.031824e+21 1.064661e+42
1.164000e-14 -1.023503e+21 1.047559e+42
1.165500e-14 -1.014057e+21 1.028311e+42
1.167000e-14 -1.003498e+21 1.007008e+42
1.168500e-14 -9.918401e+20 9.837468e+41
1.170000e-14 -9.790995e+20 9.586358e+41
1.171500e-14 -9.652923e+20 9.317892e+41
1.173000e-14 -9.504364e+20 9.033293e+41
1.174500e-14 -9.345506e+20 8.733848e+41
1.176000e-14 -9.176550e+20 8.420906e+41
1.177500e-14 -8.997705e+20 8.095870e+41
1.179000e-14 -8.809195e+20 7.760192e+41
1.180500e-14 -8.611251e+20 7.415364e+41
1.182000e-14 -8.404115e+20 7.062915e+41
1.183500e-14 -8.188040e+20 6.704400e+41
1.185000e-14 -7.963287e+20 6.341394e+41
1.186500e-14 -7.730127e+20 5.975487e+41
1.188000e-14 -7.488841e+20 5.608273e+41
1.189500e-14 -7.239716e+20 5.241348e+41
1.191000e-14 -6.983049e+20 4.876298e+41
1.192500e-14 -6.719147e+20 4.514693e+41
1.194000e-14 -6.448320e+20 4.158083e+41
1.195500e-14 -6.170888e+20 3.807986e+41
1.197000e-14 -5.887179e+20 3.465887e+41
1.198500e-14 -5.597524e+20 3.133228e+41
1.200000e-14 -5.302264e+20 2.811400e+41
1.201500e-14 -5.001743e+20 2.501743e+41
1.203000e-14 -4.696310e+20 2.205533e+41
1.204500e-14 -4.386322e+20 1.923982e+41
1.206000e-14 -4.072138e+20 1.658231e+41
1.207500e-14 -3.754121e+20 1.409343e+41
1.209000e-14 -3.432639e+20 1.178301e+41
1.210500e-14 -3.108063e+20 9.660053e+40
1.212000e-14 -2.780765e+20 7.732653e+40
1.213500e-14 -2.451122e+20 6.007999e+40
1.215000e-14 -2.119512e+20 4.492330e+40
1.216500e-14 -1.786314e+20 3.190916e+40
1.218000e-14 -1.451908e+20 2.108038e+40
1.219500e-14 -1.116677e+20 1.246967e+40
1.221000e-14 -7.810010e+19 6.099625e+39
1.222500e-14 -4.452620e+19 1.982582e+39
1.224000e-14 -1.098407e+19 1.206497e+38
1.225500e-14 2.248832e+19 5.057246e+38
1.227000e-14 5.585313e+19 3.119573e+39
1.228500e-14 8.907273e+19 7.933951e+39
1.230000e-14 1.221097e+20 1.491078e+40
1.231500e-14 1.549269e+20 2.400234e+40
1.233000e-14 1.874875e+20 3.515156e+40
1.234500e-14 2.197550e+20 4.829227e+40
1.236000e-14 2.516934e+20 6.334957e+40
1.237500e-14 2.832670e+20 8.024020e+40
1.239000e-14 3.144407e+20 9.887294e+40
1.240500e-14 3.451797e+20 1.191491e+41
1.242000e-14 3.754501e+20 1.409628e+41
1.243500e-14 4.052183e+20 1.642019e+41
1.245000e-14 4.344515e+20 1.887481e+41
1.246500e-14 4.631174e+20 2.144777e+41
1.248000e-14 4.911845e+20 2.412622e+41
1.249500e-14 5.186221e+20 2.689689e+41
1.251000e-14 5.454001e+20 2.974613e+41
1.252500e-14 5.714894e+20 3.266002e+41
1.254000e-14 5.968617e+20 3.562439e+41
1.255500e-14 6.214893e+20 3.862490e+41
1.257000e-14 6.453458e+20 4.164712e+41
1.258500e-14 6.684054e+20 4.467658e+41
1.260000e-14 6.906434e+20 4.769883e+41
1.261500e-14 7.120361e+20 5.069955e+41
1.263000e-14 7.325608e+20 5.366454e+41
1.264500e-14 7.521958e+20 5.657985e+41
1.266000e-14 7.709203e+20 5.943181e+41
1.267500e-14 7.887148e+20 6.220711e+41
1.269000e-14 8.055610e+20 6.489285e+41
1.270500e-14 8.214413e+20 6.747658e+41
1.272000e-14 8.363395e+20 6.994638e+41
1.273500e-14 8.502407e+20 7.229093e+41
1.275000e-14 8.631309e+20 7.449949e+41
1.276500e-14 8.749973e+20 7.656202e+41
1.278000e-14 8.858284e+20 7.846920e+41
1.279500e-14 8.956139e+20 8.021243e+41
1.281000e-14 9.043448e+20 8.178394e+41
1.282500e-14 9.120130e+20 8.317677e+41
1.284000e-14 9.186120e+20 8.438479e+41
1.285500e-14 9.241363e+20 8.540278e+41
1.287000e-14 9.285817e+20 8.622640e+41
1.288500e-14 9.319454e+20 8.685223e+41
1.290000e-14 9.342257e+20 8.727776e+41
1.291500e-14 9.354220e+20 8.750143e+41
1.293000e-14 9.355353e+20 8.752263e+41
1.294500e-14 9.345675e+20 8.734165e+41
1.296000e-14 9.325221e+20 8.695974e+41
1.297500e-14 9.294034e+20 8.637907e+41
1.299000e-14 9.252173e+20 8.560271e+41
1.300500e-14 9.199707e+20 8.463462e+41
1.302000e-14 9.136719e+20 8.347963e+41
1.303500e-14 9.063301e+20 8.214342e+41
1.305000e-14 8.979560e+20 8.063249e+41
1.306500e-14 8.885613e+20 7.895411e+41
1.308000e-14 8.781588e+20 7.711629e+41
1.309500e-14 8.667627e+20 7.512776e+41
1.311000e-14 8.543881e+20 7.299790e+41
1.312500e-14 8.410511e+20 7.073670e+41
1.314000e-14 8.267693e+20 6.835475e+41
1.315500e-14 8.115609e+20 6.586312e+41
1.317000e-14 7.954455e+20 6.327336e+41
1.318500e-14 7.784434e+20 6.059742e+41
1.320000e-14 7.605762e+20 5.784761e+41
1.321500e-14 7.418662e+20 5.503654e+41
1.323000e-14 7.223367e+20 5.217704e+41
1.324500e-14 7.020121e+20 4.928210e+41
1.326000e-14 6.809175e+20 4.636486e+41
1.327500e-14 6.590788e+20 4.343849e+41
1.329000e-14 6.365228e+20 4.051613e+41
1.330500e-14 6.132772e+20 3.761090e+41
1.332000e-14 5.893703e+20 3.473573e+41
1.333500e-14 5.648311e+20 3.190341e+41
1.335000e-14 5.396893e+20 2.912646e+41
1.336500e-14 5.139754e+20 2.641707e+41
1.338000e-14 4.877204e+20 2.378712e+41
1.339500e-14 4.609558e+20 2.124802e+41
1.341000e-14 4.337137e+20 1.881076e+41
1.342500e-14 4.060268e+20 1.648578e+41
1.344000e-14 3.779282e+20 1.428297e+41
1.345500e-14 3.494512e+20 1.221162e+41
1.347000e-14 3.206299e+20 1.028035e+41
1.348500e-14 2.914984e+20 8.497134e+40
1.350000e-14 2.620913e+20 6.869187e+40
1.351500e-14 2.324434e+20 5.402994e+40
1.353000e-14 2.025896e+20 4.104256e+40
1.354500e-14 1.725652e+20 2.977876e+40
1.356000e-14 1.424055e+20 2.027934e+40
1.357500e-14 1.121460e+20 1.257672e+40
1.359000e-14 8.182201e+19 6.694841e+39
1.360500e-14 5.146916e+19 2.649075e+39
1.362000e-14 2.112291e+19 4.461773e+38
1.363500e-14 -9.181344e+18 8.429707e+37
1.365000e-14 -3.940830e+19 1.553014e+39
1.366500e-14 -6.952280e+19 4.833419e+39
1.368000e-14 -9.948989e+19 9.898237e+39
1.369500e-14 -1.292748e+20 1.671198e+40
1.371000e-14 -1.588432e+20 2.523116e+40
1.372500e-14 -1.881608e+20 3.540448e+40
1.374000e-14 -2.171938e+20 4.717317e+40
1.375500e-14 -2.459089e+20 6.047121e+40
1.377000e-14 -2.742731e+20 7.522574e+40
1.378500e-14 -3.022538e+20 9.135738e+40
1.380000e-14 -3.298191e+20 1.087806e+41
1.381500e-14 -3.569374e+20 1.274043e+41
1.383000e-14 -3.835779e+20 1.471320e+41
1.384500e-14 -4.097103e+20 1.678625e+41
1.386000e-14 -4.353049e+20 1.894904e+41
1.387500e-14 -4.603328e+20 2.119063e+41
1.389000e-14 -4.847658e+20 2.349979e+41
1.390500e-14 -5.085762e+20 2.586498e+41
1.392000e-14 -5.317375e+20 2.827448e+41
1.393500e-14 -5.542237e+20 3.071639e+41
1.395000e-14 -5.760096e+20 3.317870e+41
1.396500e-14 -5.970711e+20 3.564939e+41
1.398000e-14 -6.173848e+20 3.811640e+41
1.399500e-14 -6.369283e+20 4.056777e+41
1.401000e-14 -6.556801e+20 4.299164e+41
1.402500e-14 -6.736198e+20 4.537636e+41
1.404000e-14 -6.907277e+20 4.771048e+41
1.405500e-14 -7.069854e+20 4.998284e+41
1.407000e-14 -7.223754e+20 5.218262e+41
1.408500e-14 -7.368812e+20 5.429939e+41
1.410000e-14 -7.504875e+20 5.632315e+41
1.411500e-14 -7.631800e+20 5.824437e+41
1.413000e-14 -7.749454e+20 6.005404e+41
1.414500e-14 -7.857718e+20 6.174372e+41
1.416000e-14 -7.956480e+20 6.330558e+41
1.417500e-14 -8.045644e+20 6.473239e+41
1.419000e-14 -8.125123e+20 6.601762e+41
1.420500e-14 -8.194841e+20 6.715541e+41
1.422000e-14 -8.254734e+20 6.814063e+41
1.423500e-14 -8.304751e+20 6.896889e+41
1.425000e-14 -8.344852e+20 6.963655e+41
1.426500e-14 -8.375007e+20 7.014074e+41
1.428000e-14 -8.395201e+20 7.047940e+41
1.429500e-14 -8.405428e+20 7.065122e+41
1.431000e-14 -8.405695e+20 7.065571e+41
1.432500e-14 -8.396020e+20 7.049316e+41
1.434000e-14 -8.376435e+20 7.016466e+41
1.435500e-14 -8.346980e+20 6.967207e+41
1.437000e-14 -8.307708e+20 6.901802e+41
1.438500e-14 -8.258686e+20 6.820590e+41
1.440000e-14 -8.199989e+20 6.723982e+41
1.441500e-14 -8.131704e+20 6.612462e+41
1.443000e-14 -8.053931e+20 6.486581e+41
1.444500e-14 -7.966779e+20 6.346957e+41
1.446000e-14 -7.870369e+20 6.194270e+41
1.447500e-14 -7.764831e+20 6.029261e+41
1.449000e-14 -7.650309e+20 5.852723e+41
1.450500e-14 -7.526955e+20 5.665504e+41
1.452000e-14 -7.394930e+20 5.468498e+41
1.453500e-14 -7.254407e+20 5.262642e+41
1.455000e-14 -7.105569e+20 5.048911e+41
1.456500e-14 -6.948607e+20 4.828314e+41
1.458000e-14 -6.783722e+20 4.601889e+41
1.459500e-14 -6.611125e+20 4.370697e+41
1.461000e-14 -6.431033e+20 4.135819e+41
1.462500e-14 -6.243676e+20 3.898349e+41
1.464000e-14 -6.049287e+20 3.659387e+41
1.465500e-14 -5.848111e+20 3.420040e+41
1.467000e-14 -5.640398e+20 3.181409e+41
1.468500e-14 -5.426407e+20 2.944589e+41
1.470000e-14 -5.206404e+20 2.710664e+41
1.471500e-14 -4.980660e+20 2.480697e+41
1.473000e-14 -4.749454e+20 2.255731e+41
1.474500e-14 -4.513071e+20 2.036781e+41
1.476000e-14 -4.271800e+20 1.824827e+41
1.477500e-14 -4.025937e+20 1.620817e+41
1.479000e-14 -3.775783e+20 1.425654e+41
1.480500e-14 -3.521642e+20 1.240196e+41
1.482000e-14 -3.263824e+20 1.065255e+41
1.483500e-14 -3.002641e+20 9.015856e+40
1.485000e-14 -2.738411e+20 7.498897e+40
1.486500e-14 -2.471453e+20 6.108081e+40
1.488000e-14 -2.202089e+20 4.849197e+40
1.489500e-14 -1.930644e+20 3.727387e+40
1.491000e-14 -1.657445e+20 2.747124e+40
1.492500e-14 -1.382819e+20 1.912190e+40
1.494000e-14 -1.107097e+20 1.225664e+40
1.495500e-14 -8.306078e+19 6.899094e+39
1.497000e-14 -5.536823e+19 3.065641e+39
1.498500e-14 -2.766508e+19 7.653569e+38
