0.000000e+00 nan nan
1.500000e-17 nan nan
3.000000e-17 nan nan
4.500000e-17 nan nan
6.000000e-17 -1.530810e+05 2.343379e+10
7.500000e-17 -1.424828e+06 2.030136e+12
9.000000e-17 -8.815737e+06 7.771721e+13
1.050000e-16 -4.114837e+07 1.693188e+15
1.200000e-16 -1.562574e+08 2.441638e+16
1.350000e-16 -5.068471e+08 2.568940e+17
1.500000e-16 -1.451796e+09 2.107711e+18
1.650000e-16 -3.760352e+09 1.414024e+19
1.800000e-16 -8.962986e+09 8.033511e+19
1.950000e-16 -1.992301e+10 3.969263e+20
2.100000e-16 -4.172780e+10 1.741209e+21
2.250000e-16 -8.302790e+10 6.893631e+21
2.400000e-16 -1.579866e+11 2.495975e+22
2.550000e-16 -2.890420e+11 8.354528e+22
2.700000e-16 -5.107294e+11 2.608445e+23
2.850000e-16 -8.748599e+11 7.653798e+23
3.000000e-16 -1.457410e+12 2.124044e+24
3.150000e-16 -2.367537e+12 5.605230e+24
3.300000e-16 -3.759198e+12 1.413157e+25
3.450000e-16 -5.845937e+12 3.417497e+25
3.600000e-16 -8.919453e+12 7.955664e+25
3.750000e-16 -1.337269e+13 1.788288e+26
3.900000e-16 -1.972821e+13 3.892022e+26
4.050000e-16 -2.867280e+13 8.221295e+26
4.200000e-16 -4.109925e+13 1.689149e+27
4.350000e-16 -5.815641e+13 3.382168e+27
4.500000e-16 -8.130870e+13 6.611104e+27
4.650000e-16 -1.124064e+14 1.263520e+28
4.800000e-16 -1.537682e+14 2.364467e+28
4.950000e-16 -2.082773e+14 4.337942e+28
5.100000e-16 -2.794926e+14 7.811609e+28
5.250000e-16 -3.717775e+14 1.382185e+29
5.400000e-16 -4.904473e+14 2.405386e+29
5.550000e-16 -6.419369e+14 4.120830e+29
5.700000e-16 -8.339921e+14 6.955428e+29
5.850000e-16 -1.075885e+15 1.157530e+30
6.000000e-16 -1.378660e+15 1.900703e+30
6.150000e-16 -1.755400e+15 3.081431e+30
6.300000e-16 -2.221541e+15 4.935243e+30
6.450000e-16 -2.795200e+15 7.813145e+30
6.600000e-16 -3.497563e+15 1.223295e+31
6.750000e-16 -4.353291e+15 1.895114e+31
6.900000e-16 -5.390985e+15 2.906272e+31
7.050000e-16 -6.643686e+15 4.413856e+31
7.200000e-16 -8.149428e+15 6.641318e+31
7.350000e-16 -9.951841e+15 9.903913e+31
7.500000e-16 -1.210080e+16 1.464294e+32
7.650000e-16 -1.465315e+16 2.147148e+32
7.800000e-16 -1.767346e+16 3.123512e+32
7.950000e-16 -2.123487e+16 4.509195e+32
8.100000e-16 -2.541997e+16 6.461747e+32
8.250000e-16 -3.032178e+16 9.194104e+32
8.400000e-16 -3.604479e+16 1.299227e+33
8.550000e-16 -4.270603e+16 1.823805e+33
8.700000e-16 -5.043628e+16 2.543818e+33
8.850000e-16 -5.938131e+16 3.526140e+33
9.000000e-16 -6.970325e+16 4.858542e+33
9.150000e-16 -8.158192e+16 6.655610e+33
9.300000e-16 -9.521642e+16 9.066167e+33
9.450000e-16 -1.108267e+17 1.228255e+34
9.600000e-16 -1.286550e+17 1.655211e+34
9.750000e-16 -1.489681e+17 2.219150e+34
9.900000e-16 -1.720586e+17 2.960418e+34
1.005000e-15 -1.982473e+17 3.930198e+34
1.020000e-15 -2.278846e+17 5.193141e+34
1.035000e-15 -2.613536e+17 6.830569e+34
1.050000e-15 -2.990711e+17 8.944351e+34
1.065000e-15 -3.414908e+17 1.166159e+35
1.080000e-15 -3.891051e+17 1.514028e+35
1.095000e-15 -4.424479e+17 1.957602e+35
1.110000e-15 -5.020970e+17 2.521014e+35
1.125000e-15 -5.686763e+17 3.233928e+35
1.140000e-15 -6.428593e+17 4.132681e+35
1.155000e-15 -7.253711e+17 5.261632e+35
1.170000e-15 -8.169914e+17 6.674750e+35
1.185000e-15 -9.185579e+17 8.437485e+35
1.200000e-15 -1.030968e+18 1.062896e+36
1.215000e-15 -1.155184e+18 1.334451e+36
1.230000e-15 -1.292234e+18 1.669869e+36
1.245000e-15 -1.443216e+18 2.082872e+36
1.260000e-15 -1.609300e+18 2.589845e+36
1.275000e-15 -1.791733e+18 3.210306e+36
1.290000e-15 -1.991841e+18 3.967430e+36
1.305000e-15 -2.211033e+18 4.888667e+36
1.320000e-15 -2.450804e+18 6.006439e+36
1.335000e-15 -2.712736e+18 7.358938e+36
1.350000e-15 -2.998507e+18 8.991042e+36
1.365000e-15 -3.309886e+18 1.095535e+37
1.380000e-15 -3.648745e+18 1.331334e+37
1.395000e-15 -4.017057e+18 1.613674e+37
1.410000e-15 -4.416898e+18 1.950898e+37
1.425000e-15 -4.850455e+18 2.352691e+37
1.440000e-15 -5.320025e+18 2.830267e+37
1.455000e-15 -5.828021e+18 3.396583e+37
1.470000e-15 -6.376973e+18 4.066579e+37
1.485000e-15 -6.969531e+18 4.857436e+37
1.500000e-15 -7.608468e+18 5.788878e+37
1.515000e-15 -8.296684e+18 6.883496e+37
1.530000e-15 -9.037206e+18 8.167109e+37
1.545000e-15 -9.833193e+18 9.669169e+37
1.560000e-15 -1.068794e+19 1.142320e+38
1.575000e-15 -1.160487e+19 1.346730e+38
1.590000e-15 -1.258755e+19 1.584464e+38
1.605000e-15 -1.363968e+19 1.860409e+38
1.620000e-15 -1.476512e+19 2.180087e+38
1.635000e-15 -1.596784e+19 2.549719e+38
1.650000e-15 -1.725198e+19 2.976309e+38
1.665000e-15 -1.862182e+19 3.467722e+38
1.680000e-15 -2.008178e+19 4.032778e+38
1.695000e-15 -2.163642e+19 4.681348e+38
1.710000e-15 -2.329048e+19 5.424462e+38
1.725000e-15 -2.504880e+19 6.274421e+38
1.740000e-15 -2.691639e+19 7.244923e+38
1.755000e-15 -2.889843e+19 8.351192e+38
1.770000e-15 -3.100020e+19 9.610126e+38
1.785000e-15 -3.322717e+19 1.104045e+39
1.800000e-15 -3.558492e+19 1.266286e+39
1.815000e-15 -3.807918e+19 1.450024e+39
1.830000e-15 -4.071584e+19 1.657780e+39
1.845000e-15 -4.350092e+19 1.892330e+39
1.860000e-15 -4.644056e+19 2.156726e+39
1.875000e-15 -4.954106e+19 2.454317e+39
1.890000e-15 -5.280884e+19 2.788773e+39
1.905000e-15 -5.625044e+19 3.164112e+39
1.920000e-15 -5.987253e+19 3.584720e+39
1.935000e-15 -6.368191e+19 4.055386e+39
1.950000e-15 -6.768549e+19 4.581326e+39
1.965000e-15 -7.189030e+19 5.168215e+39
1.980000e-15 -7.630346e+19 5.822218e+39
1.995000e-15 -8.093220e+19 6.550021e+39
2.010000e-15 -8.578386e+19 7.358870e+39
2.025000e-15 -9.086585e+19 8.256602e+39
2.040000e-15 -9.618568e+19 9.251685e+39
2.055000e-15 -1.017509e+20 1.035325e+40
2.070000e-15 -1.075693e+20 1.157115e+40
2.085000e-15 -1.136484e+20 1.291596e+40
2.100000e-15 -1.199961e+20 1.439907e+40
2.115000e-15 -1.266203e+20 1.603270e+40
2.130000e-15 -1.335287e+20 1.782991e+40
2.145000e-15 -1.407293e+20 1.980474e+40
2.160000e-15 -1.482301e+20 2.197215e+40
2.175000e-15 -1.560389e+20 2.434813e+40
2.190000e-15 -1.641637e+20 2.694973e+40
2.205000e-15 -1.726126e+20 2.979509e+40
2.220000e-15 -1.813933e+20 3.290354e+40
2.235000e-15 -1.905140e+20 3.629557e+40
2.250000e-15 -1.999823e+20 3.999294e+40
2.265000e-15 -2.098064e+20 4.401870e+40
2.280000e-15 -2.199938e+20 4.839726e+40
2.295000e-15 -2.305524e+20 5.315440e+40
2.310000e-15 -2.414898e+20 5.831733e+40
2.325000e-15 -2.528137e+20 6.391476e+40
2.340000e-15 -2.645315e+20 6.997690e+40
2.355000e-15 -2.766506e+20 7.653555e+40
2.370000e-15 -2.891783e+20 8.362409e+40
2.385000e-15 -3.021218e+20 9.127757e+40
2.400000e-15 -3.154880e+20 9.953268e+40
2.415000e-15 -3.292838e+20 1.084278e+41
2.430000e-15 -3.435160e+20 1.180032e+41
2.445000e-15 -3.581910e+20 1.283008e+41
2.460000e-15 -3.733152e+20 1.393642e+41
2.475000e-15 -3.888946e+20 1.512390e+41
2.490000e-15 -4.049353e+20 1.639726e+41
2.505000e-15 -4.214430e+20 1.776142e+41
2.520000e-15 -4.384231e+20 1.922148e+41
2.535000e-15 -4.558808e+20 2.078273e+41
2.550000e-15 -4.738211e+20 2.245064e+41
2.565000e-15 -4.922487e+20 2.423087e+41
2.580000e-15 -5.111680e+20 2.612927e+41
2.595000e-15 -5.305831e+20 2.815184e+41
2.610000e-15 -5.504978e+20 3.030479e+41
2.625000e-15 -5.709157e+20 3.259448e+41
2.640000e-15 -5.918399e+20 3.502744e+41
2.655000e-15 -6.132731e+20 3.761040e+41
2.670000e-15 -6.352180e+20 4.035019e+41
2.685000e-15 -6.576765e+20 4.325383e+41
2.700000e-15 -6.806504e+20 4.632849e+41
2.715000e-15 -7.041410e+20 4.958145e+41
2.730000e-15 -7.281492e+20 5.302013e+41
2.745000e-15 -7.526757e+20 5.665207e+41
2.760000e-15 -7.777204e+20 6.048490e+41
2.775000e-15 -8.032831e+20 6.452638e+41
2.790000e-15 -8.293630e+20 6.878430e+41
2.805000e-15 -8.559589e+20 7.326656e+41
2.820000e-15 -8.830691e+20 7.798110e+41
2.835000e-15 -9.106914e+20 8.293588e+41
2.850000e-15 -9.388232e+20 8.813890e+41
2.865000e-15 -9.674614e+20 9.359815e+41
2.880000e-15 -9.966023e+20 9.932162e+41
2.895000e-15 -1.026242e+21 1.053172e+42
2.910000e-15 -1.056375e+21 1.115929e+42
2.925000e-15 -1.086998e+21 1.181564e+42
2.940000e-15 -1.118103e+21 1.250155e+42
2.955000e-15 -1.149686e+21 1.321777e+42
2.970000e-15 -1.181738e+21 1.396504e+42
2.985000e-15 -1.214253e+21 1.474410e+42
3.000000e-15 -1.247223e+21 1.555565e+42
3.015000e-15 -1.280639e+21 1.640036e+42
3.030000e-15 -1.314492e+21 1.727890e+42
3.045000e-15 -1.348773e+21 1.819189e+42
3.060000e-15 -1.383472e+21 1.913994e+42
3.075000e-15 -1.418577e+21 2.012360e+42
3.090000e-15 -1.454077e+21 2.114340e+42
3.105000e-15 -1.489960e+21 2.219982e+42
3.120000e-15 -1.526215e+21 2.329331e+42
3.135000e-15 -1.562826e+21 2.442425e+42
3.150000e-15 -1.599781e+21 2.559300e+42
3.165000e-15 -1.637066e+21 2.679984e+42
3.180000e-15 -1.674664e+21 2.804500e+42
3.195000e-15 -1.712561e+21 2.932866e+42
3.210000e-15 -1.750741e+21 3.065093e+42
3.225000e-15 -1.789186e+21 3.201185e+42
3.240000e-15 -1.827878e+21 3.341140e+42
3.255000e-15 -1.866801e+21 3.484947e+42
3.270000e-15 -1.905936e+21 3.632591e+42
3.285000e-15 -1.945262e+21 3.784044e+42
3.300000e-15 -1.984760e+21 3.939273e+42
3.315000e-15 -2.024410e+21 4.098237e+42
3.330000e-15 -2.064191e+21 4.260884e+42
3.345000e-15 -2.104080e+21 4.427154e+42
3.360000e-15 -2.144057e+21 4.596979e+42
3.375000e-15 -2.184097e+21 4.770279e+42
3.390000e-15 -2.224177e+21 4.946965e+42
3.405000e-15 -2.264275e+21 5.126940e+42
3.420000e-15 -2.304364e+21 5.310093e+42
3.435000e-15 -2.344420e+21 5.496307e+42
3.450000e-15 -2.384418e+21 5.685450e+42
3.465000e-15 -2.424332e+21 5.877383e+42
3.480000e-15 -2.464134e+21 6.071954e+42
3.495000e-15 -2.503797e+21 6.269001e+42
3.510000e-15 -2.543295e+21 6.468350e+42
3.525000e-15 -2.582599e+21 6.669818e+42
3.540000e-15 -2.621681e+21 6.873209e+42
3.555000e-15 -2.660511e+21 7.078317e+42
3.570000e-15 -2.699060e+21 7.284925e+42
3.585000e-15 -2.737299e+21 7.492805e+42
3.600000e-15 -2.775197e+21 7.701718e+42
3.615000e-15 -2.812724e+21 7.911415e+42
3.630000e-15 -2.849848e+21 8.121636e+42
3.645000e-15 -2.886540e+21 8.332112e+42
3.660000e-15 -2.922766e+21 8.542563e+42
3.675000e-15 -2.958496e+21 8.752700e+42
3.690000e-15 -2.993698e+21 8.962225e+42
3.705000e-15 -3.028338e+21 9.170830e+42
3.720000e-15 -3.062385e+21 9.378200e+42
3.735000e-15 -3.095805e+21 9.584011e+42
3.750000e-15 -3.128567e+21 9.787931e+42
3.765000e-15 -3.160637e+21 9.989624e+42
3.780000e-15 -3.191981e+21 1.018875e+43
3.795000e-15 -3.222568e+21 1.038494e+43
3.810000e-15 -3.252363e+21 1.057787e+43
3.825000e-15 -3.281334e+21 1.076715e+43
3.840000e-15 -3.309447e+21 1.095244e+43
3.855000e-15 -3.336670e+21 1.113336e+43
3.870000e-15 -3.362968e+21 1.130956e+43
3.885000e-15 -3.388310e+21 1.148065e+43
3.900000e-15 -3.412663e+21 1.164627e+43
3.915000e-15 -3.435994e+21 1.180605e+43
3.930000e-15 -3.458270e+21 1.195963e+43
3.945000e-15 -3.479461e+21 1.210665e+43
3.960000e-15 -3.499533e+21 1.224673e+43
3.975000e-15 -3.518457e+21 1.237954e+43
3.990000e-15 -3.536200e+21 1.250471e+43
4.005000e-15 -3.552732e+21 1.262190e+43
4.020000e-15 -3.568023e+21 1.273079e+43
4.035000e-15 -3.582043e+21 1.283103e+43
4.050000e-15 -3.594764e+21 1.292233e+43
4.065000e-15 -3.606157e+21 1.300437e+43
4.080000e-15 -3.616194e+21 1.307686e+43
4.095000e-15 -3.624847e+21 1.313952e+43
4.110000e-15 -3.632091e+21 1.319209e+43
4.125000e-15 -3.637900e+21 1.323431e+43
4.140000e-15 -3.642248e+21 1.326597e+43
4.155000e-15 -3.645111e+21 1.328683e+43
4.170000e-15 -3.646467e+21 1.329672e+43
4.185000e-15 -3.646292e+21 1.329544e+43
4.200000e-15 -3.644566e+21 1.328286e+43
4.215000e-15 -3.641267e+21 1.325883e+43
4.230000e-15 -3.636377e+21 1.322324e+43
4.245000e-15 -3.629877e+21 1.317601e+43
4.260000e-15 -3.621751e+21 1.311708e+43
4.275000e-15 -3.611981e+21 1.304640e+43
4.290000e-15 -3.600552e+21 1.296398e+43
4.305000e-15 -3.587453e+21 1.286982e+43
4.320000e-15 -3.572669e+21 1.276396e+43
4.335000e-15 -3.556189e+21 1.264648e+43
4.350000e-15 -3.538005e+21 1.251748e+43
4.365000e-15 -3.518107e+21 1.237708e+43
4.380000e-15 -3.496488e+21 1.222543e+43
4.395000e-15 -3.473143e+21 1.206272e+43
4.410000e-15 -3.448068e+21 1.188917e+43
4.425000e-15 -3.421259e+21 1.170501e+43
4.440000e-15 -3.392716e+21 1.151052e+43
4.455000e-15 -3.362439e+21 1.130600e+43
4.470000e-15 -3.330430e+21 1.109176e+43
4.485000e-15 -3.296692e+21 1.086818e+43
4.500000e-15 -3.261231e+21 1.063563e+43
4.515000e-15 -3.224053e+21 1.039452e+43
4.530000e-15 -3.185167e+21 1.014529e+43
4.545000e-15 -3.144582e+21 9.888399e+42
4.560000e-15 -3.102311e+21 9.624336e+42
4.575000e-15 -3.058367e+21 9.353610e+42
4.590000e-15 -3.012765e+21 9.076753e+42
4.605000e-15 -2.965522e+21 8.794319e+42
4.620000e-15 -2.916656e+21 8.506881e+42
4.635000e-15 -2.866188e+21 8.215032e+42
4.650000e-15 -2.814139e+21 7.919380e+42
4.665000e-15 -2.760534e+21 7.620551e+42
4.680000e-15 -2.705399e+21 7.319182e+42
4.695000e-15 -2.648759e+21 7.015924e+42
4.710000e-15 -2.590645e+21 6.711440e+42
4.725000e-15 -2.531086e+21 6.406397e+42
4.740000e-15 -2.470116e+21 6.101472e+42
4.755000e-15 -2.407768e+21 5.797346e+42
4.770000e-15 -2.344078e+21 5.494701e+42
4.785000e-15 -2.279083e+21 5.194221e+42
4.800000e-15 -2.212823e+21 4.896588e+42
4.815000e-15 -2.145339e+21 4.602478e+42
4.830000e-15 -2.076671e+21 4.312564e+42
4.845000e-15 -2.006866e+21 4.027509e+42
4.860000e-15 -1.935966e+21 3.747965e+42
4.875000e-15 -1.864021e+21 3.474573e+42
4.890000e-15 -1.791077e+21 3.207957e+42
4.905000e-15 -1.717185e+21 2.948726e+42
4.920000e-15 -1.642397e+21 2.697467e+42
4.935000e-15 -1.566764e+21 2.454749e+42
4.950000e-15 -1.490341e+21 2.221115e+42
4.965000e-15 -1.413182e+21 1.997084e+42
4.980000e-15 -1.335345e+21 1.783147e+42
4.995000e-15 -1.256887e+21 1.579765e+42
5.010000e-15 -1.177867e+21 1.387370e+42
5.025000e-15 -1.098344e+21 1.206359e+42
5.040000e-15 -1.018380e+21 1.037097e+42
5.055000e-15 -9.380356e+20 8.799108e+41
5.070000e-15 -8.573746e+20 7.350913e+41
5.085000e-15 -7.764604e+20 6.028907e+41
5.100000e-15 -6.953572e+20 4.835216e+41
5.115000e-15 -6.141302e+20 3.771558e+41
5.130000e-15 -5.328451e+20 2.839239e+41
5.145000e-15 -4.515685e+20 2.039141e+41
5.160000e-15 -3.703670e+20 1.371717e+41
5.175000e-15 -2.893082e+20 8.369924e+40
5.190000e-15 -2.084597e+20 4.345544e+40
5.205000e-15 -1.278895e+20 1.635572e+40
5.220000e-15 -4.766591e+19 2.272039e+39
5.235000e-15 3.214264e+19 1.033149e+39
5.250000e-15 1.114676e+20 1.242504e+40
5.265000e-15 1.902406e+20 3.619149e+40
5.280000e-15 2.683931e+20 7.203485e+40
5.295000e-15 3.458568e+20 1.196169e+41
5.310000e-15 4.225636e+20 1.785600e+41
5.325000e-15 4.984459e+20 2.484483e+41
5.340000e-15 5.734362e+20 3.288291e+41
5.355000e-15 6.474677e+20 4.192144e+41
5.370000e-15 7.204739e+20 5.190826e+41
5.385000e-15 7.923892e+20 6.278806e+41
5.400000e-15 8.631485e+20 7.450254e+41
5.415000e-15 9.326877e+20 8.699063e+41
5.430000e-15 1.000943e+21 1.001888e+42
5.445000e-15 1.067853e+21 1.140310e+42
5.460000e-15 1.133355e+21 1.284494e+42
5.475000e-15 1.197390e+21 1.433743e+42
5.490000e-15 1.259898e+21 1.587343e+42
5.505000e-15 1.320821e+21 1.744569e+42
5.520000e-15 1.380103e+21 1.904685e+42
5.535000e-15 1.437689e+21 2.066951e+42
5.550000e-15 1.493525e+21 2.230618e+42
5.565000e-15 1.547559e+21 2.394940e+42
5.580000e-15 1.599741e+21 2.559172e+42
5.595000e-15 1.650022e+21 2.722571e+42
5.610000e-15 1.698354e+21 2.884405e+42
5.625000e-15 1.744693e+21 3.043952e+42
5.640000e-15 1.788995e+21 3.200501e+42
5.655000e-15 1.831218e+21 3.353361e+42
5.670000e-15 1.871325e+21 3.501857e+42
5.685000e-15 1.909277e+21 3.645337e+42
5.700000e-15 1.945039e+21 3.783175e+42
5.715000e-15 1.978577e+21 3.914769e+42
5.730000e-15 2.009863e+21 4.039549e+42
5.745000e-15 2.038866e+21 4.156975e+42
5.760000e-15 2.065561e+21 4.266542e+42
5.775000e-15 2.089924e+21 4.367782e+42
5.790000e-15 2.111933e+21 4.460262e+42
5.805000e-15 2.131570e+21 4.543592e+42
5.820000e-15 2.148819e+21 4.617421e+42
5.835000e-15 2.163664e+21 4.681442e+42
5.850000e-15 2.176095e+21 4.735390e+42
5.865000e-15 2.186103e+21 4.779047e+42
5.880000e-15 2.193682e+21 4.812240e+42
5.895000e-15 2.198828e+21 4.834843e+42
5.910000e-15 2.201539e+21 4.846776e+42
5.925000e-15 2.201819e+21 4.848007e+42
5.940000e-15 2.199670e+21 4.838549e+42
5.955000e-15 2.195101e+21 4.818466e+42
5.970000e-15 2.188119e+21 4.787866e+42
5.985000e-15 2.178739e+21 4.746902e+42
6.000000e-15 2.166974e+21 4.695775e+42
6.015000e-15 2.152842e+21 4.634729e+42
6.030000e-15 2.136364e+21 4.564050e+42
6.045000e-15 2.117562e+21 4.484068e+42
6.060000e-15 2.096462e+21 4.395152e+42
6.075000e-15 2.073092e+21 4.297709e+42
6.090000e-15 2.047482e+21 4.192182e+42
6.105000e-15 2.019666e+21 4.079051e+42
6.120000e-15 1.989679e+21 3.958824e+42
6.135000e-15 1.957561e+21 3.832043e+42
6.150000e-15 1.923350e+21 3.699275e+42
6.165000e-15 1.887091e+21 3.561111e+42
6.180000e-15 1.848828e+21 3.418166e+42
6.195000e-15 1.808610e+21 3.271071e+42
6.210000e-15 1.766487e+21 3.120476e+42
6.225000e-15 1.722510e+21 2.967042e+42
6.240000e-15 1.676735e+21 2.811440e+42
6.255000e-15 1.629217e+21 2.654349e+42
6.270000e-15 1.580016e+21 2.496450e+42
6.285000e-15 1.529191e+21 2.338425e+42
6.300000e-15 1.476806e+21 2.180955e+42
6.315000e-15 1.422924e+21 2.024711e+42
6.330000e-15 1.367611e+21 1.870360e+42
6.345000e-15 1.310936e+21 1.718553e+42
6.360000e-15 1.252968e+21 1.569928e+42
6.375000e-15 1.193777e+21 1.425103e+42
6.390000e-15 1.133436e+21 1.284677e+42
6.405000e-15 1.072019e+21 1.149224e+42
6.420000e-15 1.009600e+21 1.019293e+42
6.435000e-15 9.462568e+20 8.954019e+41
6.450000e-15 8.820656e+20 7.780397e+41
6.465000e-15 8.171051e+20 6.676608e+41
6.480000e-15 7.514545e+20 5.646839e+41
6.495000e-15 6.851940e+20 4.694908e+41
6.510000e-15 6.184042e+20 3.824238e+41
6.525000e-15 5.511668e+20 3.037849e+41
6.540000e-15 4.835637e+20 2.338339e+41
6.555000e-15 4.156773e+20 1.727876e+41
6.570000e-15 3.475904e+20 1.208191e+41
6.585000e-15 2.793859e+20 7.805648e+40
6.600000e-15 2.111470e+20 4.458306e+40
6.615000e-15 1.429568e+20 2.043665e+40
6.630000e-15 7.489837e+19 5.609765e+39
6.645000e-15 7.054557e+18 4.976677e+37
6.660000e-15 -6.049205e+19 3.659288e+39
6.675000e-15 -1.276592e+20 1.629688e+40
6.690000e-15 -1.943654e+20 3.777789e+40
6.705000e-15 -2.605293e+20 6.787551e+40
6.720000e-15 -3.260706e+20 1.063221e+41
6.735000e-15 -3.909098e+20 1.528105e+41
6.750000e-15 -4.549681e+20 2.069960e+41
6.765000e-15 -5.181680e+20 2.684980e+41
6.780000e-15 -5.804327e+20 3.369021e+41
6.795000e-15 -6.416870e+20 4.117622e+41
6.810000e-15 -7.018568e+20 4.926030e+41
6.825000e-15 -7.608695e+20 5.789223e+41
6.840000e-15 -8.186538e+20 6.701940e+41
6.855000e-15 -8.751403e+20 7.658705e+41
6.870000e-15 -9.302609e+20 8.653854e+41
6.885000e-15 -9.839497e+20 9.681571e+41
6.900000e-15 -1.036142e+21 1.073591e+42
6.915000e-15 -1.086776e+21 1.181083e+42
6.930000e-15 -1.135792e+21 1.290023e+42
6.945000e-15 -1.183130e+21 1.399797e+42
6.960000e-15 -1.228735e+21 1.509790e+42
6.975000e-15 -1.272554e+21 1.619393e+42
6.990000e-15 -1.314534e+21 1.727999e+42
7.005000e-15 -1.354627e+21 1.835013e+42
7.020000e-15 -1.392785e+21 1.939851e+42
7.035000e-15 -1.428966e+21 2.041945e+42
7.050000e-15 -1.463128e+21 2.140743e+42
7.065000e-15 -1.495231e+21 2.235716e+42
7.080000e-15 -1.525240e+21 2.326356e+42
7.095000e-15 -1.553121e+21 2.412183e+42
7.110000e-15 -1.578843e+21 2.492745e+42
7.125000e-15 -1.602379e+21 2.567619e+42
7.140000e-15 -1.623704e+21 2.636415e+42
7.155000e-15 -1.642796e+21 2.698779e+42
7.170000e-15 -1.659636e+21 2.754390e+42
7.185000e-15 -1.674207e+21 2.802969e+42
7.200000e-15 -1.686497e+21 2.844271e+42
7.215000e-15 -1.696495e+21 2.878095e+42
7.230000e-15 -1.704195e+21 2.904280e+42
7.245000e-15 -1.709592e+21 2.922704e+42
7.260000e-15 -1.712685e+21 2.933289e+42
7.275000e-15 -1.713476e+21 2.936001e+42
7.290000e-15 -1.711971e+21 2.930845e+42
7.305000e-15 -1.708177e+21 2.917870e+42
7.320000e-15 -1.702106e+21 2.897166e+42
7.335000e-15 -1.693772e+21 2.868863e+42
7.350000e-15 -1.683191e+21 2.833133e+42
7.365000e-15 -1.670385e+21 2.790185e+42
7.380000e-15 -1.655375e+21 2.740266e+42
7.395000e-15 -1.638188e+21 2.683661e+42
7.410000e-15 -1.618853e+21 2.620687e+42
7.425000e-15 -1.597402e+21 2.551693e+42
7.440000e-15 -1.573869e+21 2.477063e+42
7.455000e-15 -1.548291e+21 2.397204e+42
7.470000e-15 -1.520708e+21 2.312552e+42
7.485000e-15 -1.491162e+21 2.223566e+42
7.500000e-15 -1.459700e+21 2.130725e+42
7.515000e-15 -1.426369e+21 2.034528e+42
7.530000e-15 -1.391218e+21 1.935489e+42
7.545000e-15 -1.354301e+21 1.834132e+42
7.560000e-15 -1.315673e+21 1.730995e+42
7.575000e-15 -1.275390e+21 1.626619e+42
7.590000e-15 -1.233512e+21 1.521551e+42
7.605000e-15 -1.190100e+21 1.416338e+42
7.620000e-15 -1.145218e+21 1.311525e+42
7.635000e-15 -1.098932e+21 1.207651e+42
7.650000e-15 -1.051307e+21 1.105247e+42
7.665000e-15 -1.002415e+21 1.004835e+42
7.680000e-15 -9.523235e+20 9.069201e+41
7.695000e-15 -9.011066e+20 8.119930e+41
7.710000e-15 -8.488372e+20 7.205245e+41
7.725000e-15 -7.955902e+20 6.329638e+41
7.740000e-15 -7.414419e+20 5.497361e+41
7.755000e-15 -6.864695e+20 4.712404e+41
7.770000e-15 -6.307513e+20 3.978472e+41
7.785000e-15 -5.743664e+20 3.298968e+41
7.800000e-15 -5.173949e+20 2.676975e+41
7.815000e-15 -4.599175e+20 2.115242e+41
7.830000e-15 -4.020155e+20 1.616165e+41
7.845000e-15 -3.437706e+20 1.181783e+41
7.860000e-15 -2.852649e+20 8.137609e+40
7.875000e-15 -2.265808e+20 5.133885e+40
7.890000e-15 -1.678006e+20 2.815705e+40
7.905000e-15 -1.090069e+20 1.188250e+40
7.920000e-15 -5.028189e+19 2.528269e+39
7.935000e-15 8.292205e+18 6.876067e+37
7.950000e-15 6.663366e+19 4.440044e+39
7.965000e-15 1.246612e+20 1.554040e+40
7.980000e-15 1.822940e+20 3.323109e+40
7.995000e-15 2.394520e+20 5.733728e+40
8.010000e-15 2.960561e+20 8.764924e+40
8.025000e-15 3.520279e+20 1.239237e+41
8.040000e-15 4.072901e+20 1.658852e+41
8.055000e-15 4.617664e+20 2.132282e+41
8.070000e-15 5.153820e+20 2.656186e+41
8.085000e-15 5.680633e+20 3.226959e+41
8.100000e-15 6.197380e+20 3.840752e+41
8.115000e-15 6.703356e+20 4.493498e+41
8.130000e-15 7.197871e+20 5.180935e+41
8.145000e-15 7.680254e+20 5.898630e+41
8.160000e-15 8.149850e+20 6.642006e+41
8.175000e-15 8.606026e+20 7.406368e+41
8.190000e-15 9.048166e+20 8.186931e+41
8.205000e-15 9.475679e+20 8.978849e+41
8.220000e-15 9.887992e+20 9.777239e+41
8.235000e-15 1.028456e+21 1.057721e+42
8.250000e-15 1.066485e+21 1.137391e+42
8.265000e-15 1.102837e+21 1.216250e+42
8.280000e-15 1.137464e+21 1.293825e+42
8.295000e-15 1.170322e+21 1.369652e+42
8.310000e-15 1.201366e+21 1.443281e+42
8.325000e-15 1.230559e+21 1.514276e+42
8.340000e-15 1.257863e+21 1.582219e+42
8.355000e-15 1.283244e+21 1.646714e+42
8.370000e-15 1.306670e+21 1.707385e+42
8.385000e-15 1.328112e+21 1.763882e+42
8.400000e-15 1.347546e+21 1.815881e+42
8.415000e-15 1.364949e+21 1.863086e+42
8.430000e-15 1.380301e+21 1.905231e+42
8.445000e-15 1.393585e+21 1.942080e+42
8.460000e-15 1.404788e+21 1.973429e+42
8.475000e-15 1.413899e+21 1.999110e+42
8.490000e-15 1.420910e+21 2.018986e+42
8.505000e-15 1.425818e+21 2.032957e+42
8.520000e-15 1.428620e+21 2.040956e+42
8.535000e-15 1.429319e+21 2.042952e+42
8.550000e-15 1.427918e+21 2.038951e+42
8.565000e-15 1.424427e+21 2.028992e+42
8.580000e-15 1.418855e+21 2.013148e+42
8.595000e-15 1.411216e+21 1.991530e+42
8.610000e-15 1.401527e+21 1.964279e+42
8.625000e-15 1.389808e+21 1.931567e+42
8.640000e-15 1.376082e+21 1.893602e+42
8.655000e-15 1.360374e+21 1.850618e+42
8.670000e-15 1.342712e+21 1.802877e+42
8.685000e-15 1.323129e+21 1.750669e+42
8.700000e-15 1.301656e+21 1.694310e+42
8.715000e-15 1.278333e+21 1.634135e+42
8.730000e-15 1.253197e+21 1.570502e+42
8.745000e-15 1.226291e+21 1.503789e+42
8.760000e-15 1.197659e+21 1.434386e+42
8.775000e-15 1.167348e+21 1.362700e+42
8.790000e-15 1.135407e+21 1.289149e+42
8.805000e-15 1.101888e+21 1.214158e+42
8.820000e-15 1.066845e+21 1.138159e+42
8.835000e-15 1.030334e+21 1.061588e+42
8.850000e-15 9.924123e+20 9.848821e+41
8.865000e-15 9.531404e+20 9.084766e+41
8.880000e-15 9.125801e+20 8.328024e+41
8.895000e-15 8.707950e+20 7.582840e+41
8.910000e-15 8.278506e+20 6.853366e+41
8.925000e-15 7.838137e+20 6.143639e+41
8.940000e-15 7.387527e+20 5.457555e+41
8.955000e-15 6.927375e+20 4.798852e+41
8.970000e-15 6.458392e+20 4.171082e+41
8.985000e-15 5.981299e+20 3.577594e+41
9.000000e-15 5.496832e+20 3.021516e+41
9.015000e-15 5.005732e+20 2.505735e+41
9.030000e-15 4.508750e+20 2.032883e+41
9.045000e-15 4.006646e+20 1.605321e+41
9.060000e-15 3.500183e+20 1.225128e+41
9.075000e-15 2.990132e+20 8.940888e+40
9.090000e-15 2.477265e+20 6.136844e+40
9.105000e-15 1.962360e+20 3.850857e+40
9.120000e-15 1.446193e+20 2.091475e+40
9.135000e-15 9.295435e+19 8.640512e+39
9.150000e-15 4.131875e+19 1.707239e+39
9.165000e-15 -1.020994e+19 1.042428e+38
9.180000e-15 -6.155451e+19 3.788958e+39
9.195000e-15 -1.126382e+20 1.268736e+40
9.210000e-15 -1.633848e+20 2.669458e+40
9.225000e-15 -2.137186e+20 4.567565e+40
9.240000e-15 -2.635650e+20 6.946651e+40
9.255000e-15 -3.128500e+20 9.787510e+40
9.270000e-15 -3.615006e+20 1.306827e+41
9.285000e-15 -4.094450e+20 1.676452e+41
9.300000e-15 -4.566127e+20 2.084952e+41
9.315000e-15 -5.029343e+20 2.529429e+41
9.330000e-15 -5.483419e+20 3.006788e+41
9.345000e-15 -5.927691e+20 3.513752e+41
9.360000e-15 -6.361512e+20 4.046884e+41
9.375000e-15 -6.784252e+20 4.602608e+41
9.390000e-15 -7.195298e+20 5.177231e+41
9.405000e-15 -7.594055e+20 5.766968e+41
9.420000e-15 -7.979952e+20 6.367963e+41
9.435000e-15 -8.352434e+20 6.976315e+41
9.450000e-15 -8.710969e+20 7.588099e+41
9.465000e-15 -9.055049e+20 8.199392e+41
9.480000e-15 -9.384187e+20 8.806297e+41
9.495000e-15 -9.697920e+20 9.404966e+41
9.510000e-15 -9.995810e+20 9.991622e+41
9.525000e-15 -1.027744e+21 1.056258e+42
9.540000e-15 -1.054243e+21 1.111429e+42
9.555000e-15 -1.079041e+21 1.164330e+42
9.570000e-15 -1.102105e+21 1.214636e+42
9.585000e-15 -1.123405e+21 1.262038e+42
9.600000e-15 -1.142911e+21 1.306245e+42
9.615000e-15 -1.160599e+21 1.346989e+42
9.630000e-15 -1.176446e+21 1.384025e+42
9.645000e-15 -1.190433e+21 1.417130e+42
9.660000e-15 -1.202543e+21 1.446110e+42
9.675000e-15 -1.212762e+21 1.470793e+42
9.690000e-15 -1.221080e+21 1.491037e+42
9.705000e-15 -1.227489e+21 1.506729e+42
9.720000e-15 -1.231983e+21 1.517782e+42
9.735000e-15 -1.234561e+21 1.524140e+42
9.750000e-15 -1.235223e+21 1.525775e+42
9.765000e-15 -1.233973e+21 1.522690e+42
9.780000e-15 -1.230819e+21 1.514915e+42
9.795000e-15 -1.225769e+21 1.502510e+42
9.810000e-15 -1.218837e+21 1.485564e+42
9.825000e-15 -1.210038e+21 1.464192e+42
9.840000e-15 -1.199390e+21 1.438536e+42
9.855000e-15 -1.186914e+21 1.408765e+42
9.870000e-15 -1.172635e+21 1.375072e+42
9.885000e-15 -1.156578e+21 1.337673e+42
9.900000e-15 -1.138774e+21 1.296806e+42
9.915000e-15 -1.119254e+21 1.252729e+42
9.930000e-15 -1.098053e+21 1.205719e+42
9.945000e-15 -1.075207e+21 1.156070e+42
9.960000e-15 -1.050757e+21 1.104090e+42
9.975000e-15 -1.024744e+21 1.050100e+42
9.990000e-15 -9.972128e+20 9.944334e+41
1.000500e-14 -9.682098e+20 9.374302e+41
1.002000e-14 -9.377836e+20 8.794382e+41
1.003500e-14 -9.059853e+20 8.208093e+41
1.005000e-14 -8.728676e+20 7.618978e+41
1.006500e-14 -8.384853e+20 7.030576e+41
1.008000e-14 -8.028952e+20 6.446407e+41
1.009500e-14 -7.661557e+20 5.869945e+41
1.011000e-14 -7.283268e+20 5.304600e+41
1.012500e-14 -6.894703e+20 4.753694e+41
1.014000e-14 -6.496494e+20 4.220443e+41
1.015500e-14 -6.089285e+20 3.707939e+41
1.017000e-14 -5.673734e+20 3.219126e+41
1.018500e-14 -5.250512e+20 2.756788e+41
1.020000e-14 -4.820299e+20 2.323528e+41
1.021500e-14 -4.383784e+20 1.921756e+41
1.023000e-14 -3.941665e+20 1.553673e+41
1.024500e-14 -3.494650e+20 1.221258e+41
1.026000e-14 -3.043448e+20 9.262577e+40
1.027500e-14 -2.588778e+20 6.701773e+40
1.029000e-14 -2.131361e+20 4.542699e+40
1.030500e-14 -1.671920e+20 2.795316e+40
1.032000e-14 -1.211180e+20 1.466958e+40
1.033500e-14 -7.498690e+19 5.623035e+39
1.035000e-14 -2.887111e+19 8.335411e+38
1.036500e-14 1.715693e+19 2.943604e+38
1.038000e-14 6.302514e+19 3.972168e+39
1.039500e-14 1.086618e+20 1.180738e+40
1.041000e-14 1.539957e+20 2.371467e+40
1.042500e-14 1.989563e+20 3.958359e+40
1.044000e-14 2.434737e+20 5.927942e+40
1.045500e-14 2.874788e+20 8.264409e+40
1.047000e-14 3.309038e+20 1.094973e+41
1.048500e-14 3.736814e+20 1.396378e+41
1.050000e-14 4.157459e+20 1.728447e+41
1.051500e-14 4.570327e+20 2.088789e+41
1.053000e-14 4.974784e+20 2.474847e+41
1.054500e-14 5.370213e+20 2.883919e+41
1.056000e-14 5.756012e+20 3.313167e+41
1.057500e-14 6.131593e+20 3.759644e+41
1.059000e-14 6.496389e+20 4.220308e+41
1.060500e-14 6.849849e+20 4.692044e+41
1.062000e-14 7.191441e+20 5.171683e+41
1.063500e-14 7.520654e+20 5.656024e+41
1.065000e-14 7.836996e+20 6.141850e+41
1.066500e-14 8.139997e+20 6.625955e+41
1.068000e-14 8.429209e+20 7.105157e+41
1.069500e-14 8.704209e+20 7.576325e+41
1.071000e-14 8.964593e+20 8.036392e+41
1.072500e-14 9.209984e+20 8.482380e+41
1.074000e-14 9.440029e+20 8.911414e+41
1.075500e-14 9.654399e+20 9.320743e+41
1.077000e-14 9.852793e+20 9.707753e+41
1.078500e-14 1.003493e+21 1.006999e+42
1.080000e-14 1.020057e+21 1.040516e+42
1.081500e-14 1.034948e+21 1.071117e+42
1.083000e-14 1.048146e+21 1.098610e+42
1.084500e-14 1.059635e+21 1.122827e+42
1.086000e-14 1.069401e+21 1.143618e+42
1.087500e-14 1.077431e+21 1.160858e+42
1.089000e-14 1.083718e+21 1.174446e+42
1.090500e-14 1.088256e+21 1.184301e+42
1.092000e-14 1.091041e+21 1.190371e+42
1.093500e-14 1.092074e+21 1.192625e+42
1.095000e-14 1.091356e+21 1.191057e+42
1.096500e-14 1.088893e+21 1.185688e+42
1.098000e-14 1.084694e+21 1.176561e+42
1.099500e-14 1.078769e+21 1.163742e+42
1.101000e-14 1.071131e+21 1.147322e+42
1.102500e-14 1.061798e+21 1.127415e+42
1.104000e-14 1.050787e+21 1.104154e+42
1.105500e-14 1.038121e+21 1.077696e+42
1.107000e-14 1.023824e+21 1.048216e+42
1.108500e-14 1.007923e+21 1.015908e+42
1.110000e-14 9.904459e+20 9.809830e+41
1.111500e-14 9.714256e+20 9.436677e+41
1.113000e-14 9.508960e+20 9.042032e+41
1.114500e-14 9.288935e+20 8.628432e+41
1.116000e-14 9.054570e+20 8.198524e+41
1.117500e-14 8.806274e+20 7.755046e+41
1.119000e-14 8.544477e+20 7.300810e+41
1.120500e-14 8.269634e+20 6.838684e+41
1.122000e-14 7.982214e+20 6.371574e+41
1.123500e-14 7.682710e+20 5.902403e+41
1.125000e-14 7.371631e+20 5.434095e+41
1.126500e-14 7.049505e+20 4.969552e+41
1.128000e-14 6.716875e+20 4.511640e+41
1.129500e-14 6.374300e+20 4.063170e+41
1.131000e-14 6.022356e+20 3.626877e+41
1.132500e-14 5.661630e+20 3.205405e+41
1.134000e-14 5.292724e+20 2.801293e+41
1.135500e-14 4.916251e+20 2.416952e+41
1.137000e-14 4.532834e+20 2.054659e+41
1.138500e-14 4.143109e+20 1.716535e+41
1.140000e-14 3.747717e+20 1.404538e+41
1.141500e-14 3.347309e+20 1.120448e+41
1.143000e-14 2.942544e+20 8.658563e+40
1.144500e-14 2.534083e+20 6.421575e+40
1.146000e-14 2.122594e+20 4.505407e+40
1.147500e-14 1.708750e+20 2.919827e+40
1.149000e-14 1.293223e+20 1.672426e+40
1.150500e-14 8.766885e+19 7.685827e+39
1.152000e-14 4.598218e+19 2.114361e+39
1.153500e-14 4.329738e+18 1.874663e+37
1.155000e-14 -3.722122e+19 1.385420e+39
1.156500e-14 -7.860375e+19 6.178550e+39
1.158000e-14 -1.197513e+20 1.434037e+40
1.159500e-14 -1.605978e+20 2.579166e+40
1.161000e-14 -2.010779e+20 4.043232e+40
1.162500e-14 -2.411269e+20 5.814216e+40
1.164000e-14 -2.806808e+20 7.878173e+40
1.165500e-14 -3.196769e+20 1.021933e+41
1.167000e-14 -3.580531e+20 1.282020e+41
1.168500e-14 -3.957487e+20 1.566170e+41
1.170000e-14 -4.327041e+20 1.872328e+41
1.171500e-14 -4.688611e+20 2.198307e+41
1.173000e-14 -5.041629e+20 2.541802e+41
1.174500e-14 -5.385541e+20 2.900405e+41
1.176000e-14 -5.719810e+20 3.271622e+41
1.177500e-14 -6.043915e+20 3.652891e+41
1.179000e-14 -6.357353e+20 4.041593e+41
1.180500e-14 -6.659639e+20 4.435079e+41
1.182000e-14 -6.950307e+20 4.830676e+41
1.183500e-14 -7.228911e+20 5.225715e+41
1.185000e-14 -7.495025e+20 5.617540e+41
1.186500e-14 -7.748246e+20 6.003531e+41
1.188000e-14 -7.988189e+20 6.381116e+41
1.189500e-14 -8.214495e+20 6.747793e+41
1.191000e-14 -8.426827e+20 7.101141e+41
1.192500e-14 -8.624869e+20 7.438837e+41
1.194000e-14 -8.808332e+20 7.758672e+41
1.195500e-14 -8.976950e+20 8.058563e+41
1.197000e-14 -9.130481e+20 8.336569e+41
1.198500e-14 -9.268709e+20 8.590897e+41
1.200000e-14 -9.391443e+20 8.819920e+41
1.201500e-14 -9.498517e+20 9.022183e+41
1.203000e-14 -9.589792e+20 9.196412e+41
1.204500e-14 -9.665155e+20 9.341522e+41
1.206000e-14 -9.724517e+20 9.456623e+41
1.207500e-14 -9.767818e+20 9.541026e+41
1.209000e-14 -9.795022e+20 9.594246e+41
1.210500e-14 -9.806122e+20 9.616003e+41
1.212000e-14 -9.801135e+20 9.606224e+41
1.213500e-14 -9.780104e+20 9.565043e+41
1.215000e-14 -9.743100e+20 9.492799e+41
1.216500e-14 -9.690218e+20 9.390033e+41
1.218000e-14 -9.621581e+20 9.257482e+41
1.219500e-14 -9.537335e+20 9.096076e+41
1.221000e-14 -9.437653e+20 8.906930e+41
1.222500e-14 -9.322732e+20 8.691333e+41
1.224000e-14 -9.192794e+20 8.450745e+41
1.225500e-14 -9.048084e+20 8.186782e+41
1.227000e-14 -8.888872e+20 7.901205e+41
1.228500e-14 -8.715452e+20 7.595910e+41
1.230000e-14 -8.528137e+20 7.272912e+41
1.231500e-14 -8.327267e+20 6.934337e+41
1.233000e-14 -8.113199e+20 6.582400e+41
1.234500e-14 -7.886314e+20 6.219395e+41
1.236000e-14 -7.647012e+20 5.847680e+41
1.237500e-14 -7.395713e+20 5.469658e+41
1.239000e-14 -7.132856e+20 5.087764e+41
1.240500e-14 -6.858897e+20 4.704447e+41
1.242000e-14 -6.574310e+20 4.322156e+41
1.243500e-14 -6.279586e+20 3.943321e+41
1.245000e-14 -5.975232e+20 3.570339e+41
1.246500e-14 -5.661767e+20 3.205561e+41
1.248000e-14 -5.339728e+20 2.851270e+41
1.249500e-14 -5.009662e+20 2.509671e+41
1.251000e-14 -4.672130e+20 2.182880e+41
1.252500e-14 -4.327702e+20 1.872901e+41
1.254000e-14 -3.976961e+20 1.581622e+41
1.255500e-14 -3.620497e+20 1.310800e+41
1.257000e-14 -3.258910e+20 1.062049e+41
1.258500e-14 -2.892806e+20 8.368325e+40
1.260000e-14 -2.522797e+20 6.364505e+40
1.261500e-14 -2.149502e+20 4.620358e+40
1.263000e-14 -1.773542e+20 3.145452e+40
1.264500e-14 -1.395544e+20 1.947543e+40
1.266000e-14 -1.016134e+20 1.032529e+40
1.267500e-14 -6.359416e+19 4.044218e+39
1.269000e-14 -2.555951e+19 6.532887e+38
1.270500e-14 1.242776e+19 1.544492e+38
1.272000e-14 5.030506e+19 2.530599e+39
1.273500e-14 8.801012e+19 7.745781e+39
1.275000e-14 1.254810e+20 1.574549e+40
1.276500e-14 1.626565e+20 2.645713e+40
1.278000e-14 1.994756e+20 3.979052e+40
1.279500e-14 2.358784e+20 5.563861e+40
1.281000e-14 2.718055e+20 7.387825e+40
1.282500e-14 3.071987e+20 9.437104e+40
1.284000e-14 3.420005e+20 1.169643e+41
1.285500e-14 3.761546e+20 1.414923e+41
1.287000e-14 4.096059e+20 1.677770e+41
1.288500e-14 4.423005e+20 1.956297e+41
1.290000e-14 4.741860e+20 2.248524e+41
1.291500e-14 5.052113e+20 2.552384e+41
1.293000e-14 5.353267e+20 2.865747e+41
1.294500e-14 5.644845e+20 3.186427e+41
1.296000e-14 5.926382e+20 3.512200e+41
1.297500e-14 6.197434e+20 3.840819e+41
1.299000e-14 6.457573e+20 4.170025e+41
1.300500e-14 6.706392e+20 4.497569e+41
1.302000e-14 6.943501e+20 4.821220e+41
1.303500e-14 7.168532e+20 5.138785e+41
1.305000e-14 7.381136e+20 5.448117e+41
1.306500e-14 7.580988e+20 5.747138e+41
1.308000e-14 7.767782e+20 6.033844e+41
1.309500e-14 7.941236e+20 6.306323e+41
1.311000e-14 8.101089e+20 6.562764e+41
1.312500e-14 8.247104e+20 6.801472e+41
1.314000e-14 8.379067e+20 7.020877e+41
1.315500e-14 8.496790e+20 7.219544e+41
1.317000e-14 8.600105e+20 7.396180e+41
1.318500e-14 8.688870e+20 7.549647e+41
1.320000e-14 8.762970e+20 7.678964e+41
1.321500e-14 8.822309e+20 7.783314e+41
1.323000e-14 8.866822e+20 7.862053e+41
1.324500e-14 8.896464e+20 7.914706e+41
1.326000e-14 8.911216e+20 7.940977e+41
1.327500e-14 8.911085e+20 7.940743e+41
1.329000e-14 8.896102e+20 7.914062e+41
1.330500e-14 8.866322e+20 7.861166e+41
1.332000e-14 8.821825e+20 7.782460e+41
1.333500e-14 8.762716e+20 7.678519e+41
1.335000e-14 8.689123e+20 7.550086e+41
1.336500e-14 8.601199e+20 7.398063e+41
1.338000e-14 8.499119e+20 7.223503e+41
1.339500e-14 8.383083e+20 7.027608e+41
1.341000e-14 8.253312e+20 6.811716e+41
1.342500e-14 8.110051e+20 6.577294e+41
1.344000e-14 7.953567e+20 6.325923e+41
1.345500e-14 7.784147e+20 6.059295e+41
1.347000e-14 7.602101e+20 5.779194e+41
1.348500e-14 7.407757e+20 5.487487e+41
1.350000e-14 7.201466e+20 5.186111e+41
1.351500e-14 6.983596e+20 4.877061e+41
1.353000e-14 6.754534e+20 4.562372e+41
1.354500e-14 6.514685e+20 4.244112e+41
1.356000e-14 6.264472e+20 3.924361e+41
1.357500e-14 6.004333e+20 3.605202e+41
1.359000e-14 5.734724e+20 3.288706e+41
1.360500e-14 5.456114e+20 2.976918e+41
1.362000e-14 5.168987e+20 2.671843e+41
1.363500e-14 4.873840e+20 2.375432e+41
1.365000e-14 4.571183e+20 2.089571e+41
1.366500e-14 4.261536e+20 1.816069e+41
1.368000e-14 3.945432e+20 1.556643e+41
1.369500e-14 3.623412e+20 1.312912e+41
1.371000e-14 3.296028e+20 1.086380e+41
1.372500e-14 2.963837e+20 8.784329e+40
1.374000e-14 2.627405e+20 6.903257e+40
1.375500e-14 2.287304e+20 5.231759e+40
1.377000e-14 1.944110e+20 3.779564e+40
1.378500e-14 1.598405e+20 2.554898e+40
1.380000e-14 1.250771e+20 1.564429e+40
1.381500e-14 9.017962e+19 8.132364e+39
1.383000e-14 5.520666e+19 3.047775e+39
1.384500e-14 2.021698e+19 4.087262e+38
1.386000e-14 -1.473075e+19 2.169950e+38
1.387500e-14 -4.957804e+19 2.457982e+39
1.389000e-14 -8.426669e+19 7.100876e+39
1.390500e-14 -1.187389e+20 1.409892e+40
1.392000e-14 -1.529372e+20 2.338979e+40
1.393500e-14 -1.868049e+20 3.489606e+40
1.395000e-14 -2.202858e+20 4.852581e+40
1.396500e-14 -2.533245e+20 6.417328e+40
1.398000e-14 -2.858664e+20 8.171961e+40
1.399500e-14 -3.178580e+20 1.010337e+41
1.401000e-14 -3.492467e+20 1.219732e+41
1.402500e-14 -3.799809e+20 1.443855e+41
1.404000e-14 -4.100103e+20 1.681085e+41
1.405500e-14 -4.392860e+20 1.929722e+41
1.407000e-14 -4.677603e+20 2.187997e+41
1.408500e-14 -4.953869e+20 2.454082e+41
1.410000e-14 -5.221211e+20 2.726104e+41
1.411500e-14 -5.479197e+20 3.002160e+41
1.413000e-14 -5.727413e+20 3.280326e+41
1.414500e-14 -5.965460e+20 3.558671e+41
1.416000e-14 -6.192959e+20 3.835274e+41
1.417500e-14 -6.409547e+20 4.108230e+41
1.419000e-14 -6.614883e+20 4.375668e+41
1.420500e-14 -6.808642e+20 4.635761e+41
1.422000e-14 -6.990523e+20 4.886741e+41
1.423500e-14 -7.160242e+20 5.126906e+41
1.425000e-14 -7.317537e+20 5.354635e+41
1.426500e-14 -7.462168e+20 5.568396e+41
1.428000e-14 -7.593918e+20 5.766759e+41
1.429500e-14 -7.712588e+20 5.948402e+41
1.431000e-14 -7.818006e+20 6.112121e+41
1.432500e-14 -7.910019e+20 6.256840e+41
1.434000e-14 -7.988498e+20 6.381611e+41
1.435500e-14 -8.053339e+20 6.485627e+41
1.437000e-14 -8.104458e+20 6.568224e+41
1.438500e-14 -8.141796e+20 6.628884e+41
1.440000e-14 -8.165317e+20 6.667240e+41
1.441500e-14 -8.175008e+20 6.683076e+41
1.443000e-14 -8.170880e+20 6.676328e+41
1.444500e-14 -8.152966e+20 6.647086e+41
1.446000e-14 -8.121324e+20 6.595591e+41
1.447500e-14 -8.076033e+20 6.522232e+41
1.449000e-14 -8.017197e+20 6.427545e+41
1.450500e-14 -7.944940e+20 6.312207e+41
1.452000e-14 -7.859411e+20 6.177034e+41
1.453500e-14 -7.760779e+20 6.022969e+41
1.455000e-14 -7.649237e+20 5.851082e+41
1.456500e-14 -7.524996e+20 5.662557e+41
1.458000e-14 -7.388293e+20 5.458687e+41
1.459500e-14 -7.239380e+20 5.240862e+41
1.461000e-14 -7.078534e+20 5.010564e+41
1.462500e-14 -6.906048e+20 4.769350e+41
1.464000e-14 -6.722236e+20 4.518846e+41
1.465500e-14 -6.527431e+20 4.260736e+41
1.467000e-14 -6.321983e+20 3.996746e+41
1.468500e-14 -6.106258e+20 3.728639e+41
1.470000e-14 -5.880642e+20 3.458195e+41
1.471500e-14 -5.645533e+20 3.187205e+41
1.473000e-14 -5.401349e+20 2.917457e+41
1.474500e-14 -5.148519e+20 2.650724e+41
1.476000e-14 -4.887486e+20 2.388752e+41
1.477500e-14 -4.618708e+20 2.133246e+41
1.479000e-14 -4.342654e+20 1.885864e+41
1.480500e-14 -4.059804e+20 1.648201e+41
1.482000e-14 -3.770651e+20 1.421781e+41
1.483500e-14 -3.475695e+20 1.208045e+41
1.485000e-14 -3.175446e+20 1.008346e+41
1.486500e-14 -2.870422e+20 8.239322e+40
1.488000e-14 -2.561149e+20 6.559482e+40
1.489500e-14 -2.248157e+20 5.054212e+40
1.491000e-14 -1.931985e+20 3.732567e+40
1.492500e-14 -1.613173e+20 2.602328e+40
1.494000e-14 -1.292266e+20 1.669952e+40
1.495500e-14 -9.698119e+19 9.405350e+39
1.497000e-14 -6.463591e+19 4.177800e+39
1.498500e-14 -3.224577e+19 1.039789e+39
