0.000000e+00 nan nan
1.500000e-17 -7.431670e+16 5.522972e+33
3.000000e-17 -5.942075e+17 3.530826e+35
4.500000e-17 -2.003617e+18 4.014483e+36
6.000000e-17 -4.743238e+18 2.249831e+37
7.500000e-17 -9.248895e+18 8.554206e+37
9.000000e-17 -1.594995e+19 2.544009e+38
1.050000e-16 -2.526772e+19 6.384575e+38
1.200000e-16 -3.761392e+19 1.414807e+39
1.350000e-16 -5.338918e+19 2.850405e+39
1.500000e-16 -7.298150e+19 5.326299e+39
1.650000e-16 -9.676485e+19 9.363435e+39
1.800000e-16 -1.250977e+20 1.564944e+40
1.950000e-16 -1.583219e+20 2.506582e+40
2.100000e-16 -1.967610e+20 3.871488e+40
2.250000e-16 -2.407192e+20 5.794575e+40
2.400000e-16 -2.904805e+20 8.437892e+40
2.550000e-16 -3.463069e+20 1.199285e+41
2.700000e-16 -4.084380e+20 1.668216e+41
2.850000e-16 -4.770897e+20 2.276146e+41
3.000000e-16 -5.524532e+20 3.052046e+41
3.150000e-16 -6.346947e+20 4.028373e+41
3.300000e-16 -7.239540e+20 5.241094e+41
3.450000e-16 -8.203443e+20 6.729648e+41
3.600000e-16 -9.239516e+20 8.536866e+41
3.750000e-16 -1.034834e+21 1.070881e+42
3.900000e-16 -1.153022e+21 1.329459e+42
4.050000e-16 -1.278516e+21 1.634602e+42
4.200000e-16 -1.411289e+21 1.991738e+42
4.350000e-16 -1.551287e+21 2.406490e+42
4.500000e-16 -1.698423e+21 2.884640e+42
4.650000e-16 -1.852584e+21 3.432069e+42
4.800000e-16 -2.013630e+21 4.054704e+42
4.950000e-16 -2.181388e+21 4.758453e+42
5.100000e-16 -2.355661e+21 5.549140e+42
5.250000e-16 -2.536224e+21 6.432432e+42
5.400000e-16 -2.722823e+21 7.413765e+42
5.550000e-16 -2.915179e+21 8.498271e+42
5.700000e-16 -3.112988e+21 9.690697e+42
5.850000e-16 -3.315920e+21 1.099533e+43
6.000000e-16 -3.523621e+21 1.241591e+43
6.150000e-16 -3.735715e+21 1.395556e+43
6.300000e-16 -3.951801e+21 1.561673e+43
6.450000e-16 -4.171462e+21 1.740109e+43
6.600000e-16 -4.394256e+21 1.930948e+43
6.750000e-16 -4.619726e+21 2.134187e+43
6.900000e-16 -4.847396e+21 2.349724e+43
7.050000e-16 -5.076774e+21 2.577364e+43
7.200000e-16 -5.307355e+21 2.816802e+43
7.350000e-16 -5.538620e+21 3.067631e+43
7.500000e-16 -5.770037e+21 3.329333e+43
7.650000e-16 -6.001066e+21 3.601280e+43
7.800000e-16 -6.231158e+21 3.882733e+43
7.950000e-16 -6.459756e+21 4.172845e+43
8.100000e-16 -6.686299e+21 4.470659e+43
8.250000e-16 -6.910222e+21 4.775116e+43
8.400000e-16 -7.130957e+21 5.085055e+43
8.550000e-16 -7.347938e+21 5.399219e+43
8.700000e-16 -7.560597e+21 5.716263e+43
8.850000e-16 -7.768376e+21 6.034767e+43
9.000000e-16 -7.970713e+21 6.353226e+43
9.150000e-16 -8.167056e+21 6.670080e+43
9.300000e-16 -8.356863e+21 6.983716e+43
9.450000e-16 -8.539600e+21 7.292477e+43
9.600000e-16 -8.714745e+21 7.594679e+43
9.750000e-16 -8.881789e+21 7.888618e+43
9.900000e-16 -9.040237e+21 8.172589e+43
1.005000e-15 -9.189609e+21 8.444892e+43
1.020000e-15 -9.329445e+21 8.703855e+43
1.035000e-15 -9.459303e+21 8.947841e+43
1.050000e-15 -9.578759e+21 9.175262e+43
1.065000e-15 -9.687413e+21 9.384598e+43
1.080000e-15 -9.784889e+21 9.574405e+43
1.095000e-15 -9.870831e+21 9.743331e+43
1.110000e-15 -9.944913e+21 9.890129e+43
1.125000e-15 -1.000683e+22 1.001366e+44
1.140000e-15 -1.005631e+22 1.011293e+44
1.155000e-15 -1.009310e+22 1.018707e+44
1.170000e-15 -1.011699e+22 1.023535e+44
1.185000e-15 -1.012779e+22 1.025721e+44
1.200000e-15 -1.012534e+22 1.025224e+44
1.215000e-15 -1.010951e+22 1.022021e+44
1.230000e-15 -1.008020e+22 1.016105e+44
1.245000e-15 -1.003736e+22 1.007487e+44
1.260000e-15 -9.980957e+21 9.961949e+43
1.275000e-15 -9.910981e+21 9.822754e+43
1.290000e-15 -9.827470e+21 9.657916e+43
1.305000e-15 -9.730489e+21 9.468242e+43
1.320000e-15 -9.620137e+21 9.254704e+43
1.335000e-15 -9.496544e+21 9.018435e+43
1.350000e-15 -9.359872e+21 8.760720e+43
1.365000e-15 -9.210315e+21 8.482989e+43
1.380000e-15 -9.048098e+21 8.186807e+43
1.395000e-15 -8.873478e+21 7.873861e+43
1.410000e-15 -8.686741e+21 7.545946e+43
1.425000e-15 -8.488203e+21 7.204958e+43
1.440000e-15 -8.278209e+21 6.852874e+43
1.455000e-15 -8.057132e+21 6.491737e+43
1.470000e-15 -7.825371e+21 6.123643e+43
1.485000e-15 -7.583353e+21 5.750725e+43
1.500000e-15 -7.331529e+21 5.375132e+43
1.515000e-15 -7.070374e+21 4.999018e+43
1.530000e-15 -6.800385e+21 4.624523e+43
1.545000e-15 -6.522081e+21 4.253754e+43
1.560000e-15 -6.236003e+21 3.888773e+43
1.575000e-15 -5.942707e+21 3.531577e+43
1.590000e-15 -5.642771e+21 3.184086e+43
1.605000e-15 -5.336784e+21 2.848126e+43
1.620000e-15 -5.025354e+21 2.525418e+43
1.635000e-15 -4.709098e+21 2.217561e+43
1.650000e-15 -4.388648e+21 1.926023e+43
1.665000e-15 -4.064644e+21 1.652133e+43
1.680000e-15 -3.737732e+21 1.397064e+43
1.695000e-15 -3.408569e+21 1.161834e+43
1.710000e-15 -3.077813e+21 9.472933e+42
1.725000e-15 -2.746127e+21 7.541216e+42
1.740000e-15 -2.414176e+21 5.828246e+42
1.755000e-15 -2.082623e+21 4.337318e+42
1.770000e-15 -1.752130e+21 3.069960e+42
1.785000e-15 -1.423357e+21 2.025944e+42
1.800000e-15 -1.096956e+21 1.203312e+42
1.815000e-15 -7.735741e+20 5.984169e+41
1.830000e-15 -4.538506e+20 2.059803e+41
1.845000e-15 -1.384135e+20 1.915829e+40
1.860000e-15 1.721201e+20 2.962531e+40
1.875000e-15 4.771460e+20 2.276683e+41
1.890000e-15 7.760746e+20 6.022918e+41
1.905000e-15 1.068332e+21 1.141334e+42
1.920000e-15 1.353362e+21 1.831589e+42
1.935000e-15 1.630627e+21 2.658944e+42
1.950000e-15 1.899608e+21 3.608510e+42
1.965000e-15 2.159808e+21 4.664772e+42
1.980000e-15 2.410754e+21 5.811733e+42
1.995000e-15 2.651992e+21 7.033062e+42
2.010000e-15 2.883097e+21 8.312249e+42
2.025000e-15 3.103667e+21 9.632746e+42
2.040000e-15 3.313325e+21 1.097812e+43
2.055000e-15 3.511725e+21 1.233221e+43
2.070000e-15 3.698544e+21 1.367923e+43
2.085000e-15 3.873491e+21 1.500394e+43
2.100000e-15 4.036304e+21 1.629175e+43
2.115000e-15 4.186747e+21 1.752885e+43
2.130000e-15 4.324618e+21 1.870232e+43
2.145000e-15 4.449743e+21 1.980021e+43
2.160000e-15 4.561980e+21 2.081166e+43
2.175000e-15 4.661217e+21 2.172695e+43
2.190000e-15 4.747373e+21 2.253756e+43
2.205000e-15 4.820399e+21 2.323625e+43
2.220000e-15 4.880275e+21 2.381708e+43
2.235000e-15 4.927013e+21 2.427546e+43
2.250000e-15 4.960656e+21 2.460811e+43
2.265000e-15 4.981276e+21 2.481311e+43
2.280000e-15 4.988975e+21 2.488987e+43
2.295000e-15 4.983886e+21 2.483912e+43
2.310000e-15 4.966171e+21 2.466285e+43
2.325000e-15 4.936017e+21 2.436427e+43
2.340000e-15 4.893644e+21 2.394775e+43
2.355000e-15 4.839294e+21 2.341876e+43
2.370000e-15 4.773238e+21 2.278380e+43
2.385000e-15 4.695772e+21 2.205028e+43
2.400000e-15 4.607217e+21 2.122645e+43
2.415000e-15 4.507916e+21 2.032131e+43
2.430000e-15 4.398236e+21 1.934448e+43
2.445000e-15 4.278564e+21 1.830611e+43
2.460000e-15 4.149309e+21 1.721677e+43
2.475000e-15 4.010898e+21 1.608730e+43
2.490000e-15 3.863777e+21 1.492877e+43
2.505000e-15 3.708407e+21 1.375228e+43
2.520000e-15 3.545265e+21 1.256891e+43
2.535000e-15 3.374845e+21 1.138958e+43
2.550000e-15 3.197650e+21 1.022497e+43
2.565000e-15 3.014197e+21 9.085381e+42
2.580000e-15 2.825011e+21 7.980686e+42
2.595000e-15 2.630628e+21 6.920202e+42
2.610000e-15 2.431590e+21 5.912628e+42
2.625000e-15 2.228445e+21 4.965968e+42
2.640000e-15 2.021747e+21 4.087461e+42
2.655000e-15 1.812052e+21 3.283531e+42
2.670000e-15 1.599916e+21 2.559732e+42
2.685000e-15 1.385900e+21 1.920719e+42
2.700000e-15 1.170559e+21 1.370209e+42
2.715000e-15 9.544496e+20 9.109740e+41
2.730000e-15 7.381218e+20 5.448239e+41
2.745000e-15 5.221222e+20 2.726116e+41
2.760000e-15 3.069905e+20 9.424319e+40
2.775000e-15 9.325893e+19 8.697229e+39
2.790000e-15 -1.185493e+20 1.405393e+40
2.805000e-15 -3.279208e+20 1.075321e+41
2.820000e-15 -5.343537e+20 2.855339e+41
2.835000e-15 -7.373584e+20 5.436974e+41
2.850000e-15 -9.364587e+20 8.769550e+41
2.865000e-15 -1.131193e+21 1.279598e+42
2.880000e-15 -1.321115e+21 1.745346e+42
2.895000e-15 -1.505796e+21 2.267422e+42
2.910000e-15 -1.684823e+21 2.838628e+42
2.925000e-15 -1.857802e+21 3.451428e+42
2.940000e-15 -2.024358e+21 4.098026e+42
2.955000e-15 -2.184136e+21 4.770452e+42
2.970000e-15 -2.336802e+21 5.460644e+42
2.985000e-15 -2.482042e+21 6.160530e+42
3.000000e-15 -2.619563e+21 6.862109e+42
3.015000e-15 -2.749096e+21 7.557528e+42
3.030000e-15 -2.870394e+21 8.239161e+42
3.045000e-15 -2.983232e+21 8.899675e+42
3.060000e-15 -3.087410e+21 9.532103e+42
3.075000e-15 -3.182751e+21 1.012990e+43
3.090000e-15 -3.269100e+21 1.068702e+43
3.105000e-15 -3.346329e+21 1.119792e+43
3.120000e-15 -3.414331e+21 1.165766e+43
3.135000e-15 -3.473025e+21 1.206190e+43
3.150000e-15 -3.522354e+21 1.240698e+43
3.165000e-15 -3.562283e+21 1.268986e+43
3.180000e-15 -3.592803e+21 1.290824e+43
3.195000e-15 -3.613928e+21 1.306047e+43
3.210000e-15 -3.625693e+21 1.314565e+43
3.225000e-15 -3.628158e+21 1.316353e+43
3.240000e-15 -3.621407e+21 1.311459e+43
3.255000e-15 -3.605542e+21 1.299993e+43
3.270000e-15 -3.580689e+21 1.282134e+43
3.285000e-15 -3.546997e+21 1.258118e+43
3.300000e-15 -3.504631e+21 1.228244e+43
3.315000e-15 -3.453779e+21 1.192859e+43
3.330000e-15 -3.394648e+21 1.152363e+43
3.345000e-15 -3.327462e+21 1.107200e+43
3.360000e-15 -3.252464e+21 1.057853e+43
3.375000e-15 -3.169915e+21 1.004836e+43
3.390000e-15 -3.080089e+21 9.486947e+42
3.405000e-15 -2.983278e+21 8.899945e+42
3.420000e-15 -2.879787e+21 8.293171e+42
3.435000e-15 -2.769935e+21 7.672542e+42
3.450000e-15 -2.654055e+21 7.044009e+42
3.465000e-15 -2.532490e+21 6.413505e+42
3.480000e-15 -2.405593e+21 5.786879e+42
3.495000e-15 -2.273730e+21 5.169846e+42
3.510000e-15 -2.137271e+21 4.567928e+42
3.525000e-15 -1.996599e+21 3.986406e+42
3.540000e-15 -1.852099e+21 3.430270e+42
3.555000e-15 -1.704165e+21 2.904178e+42
3.570000e-15 -1.553195e+21 2.412413e+42
3.585000e-15 -1.399589e+21 1.958848e+42
3.600000e-15 -1.243751e+21 1.546917e+42
3.615000e-15 -1.086088e+21 1.179587e+42
3.630000e-15 -9.270051e+20 8.593385e+41
3.645000e-15 -7.669086e+20 5.881488e+41
3.660000e-15 -6.062029e+20 3.674820e+41
3.675000e-15 -4.452904e+20 1.982836e+41
3.690000e-15 -2.845702e+20 8.098018e+40
3.705000e-15 -1.244370e+20 1.548456e+40
3.720000e-15 3.471942e+19 1.205438e+39
3.735000e-15 1.925152e+20 3.706210e+40
3.750000e-15 3.485735e+20 1.215035e+41
3.765000e-15 5.025251e+20 2.525315e+41
3.780000e-15 6.540094e+20 4.277283e+41
3.795000e-15 8.026751e+20 6.442872e+41
3.810000e-15 9.481807e+20 8.990467e+41
3.825000e-15 1.090196e+21 1.188527e+42
3.840000e-15 1.228402e+21 1.508971e+42
3.855000e-15 1.362491e+21 1.856383e+42
3.870000e-15 1.492171e+21 2.226574e+42
3.885000e-15 1.617159e+21 2.615203e+42
3.900000e-15 1.737189e+21 3.017827e+42
3.915000e-15 1.852010e+21 3.429939e+42
3.930000e-15 1.961382e+21 3.847018e+42
3.945000e-15 2.065084e+21 4.264572e+42
3.960000e-15 2.162909e+21 4.678177e+42
3.975000e-15 2.254668e+21 5.083527e+42
3.990000e-15 2.340185e+21 5.476465e+42
4.005000e-15 2.419303e+21 5.853026e+42
4.020000e-15 2.491881e+21 6.209471e+42
4.035000e-15 2.557796e+21 6.542320e+42
4.050000e-15 2.616941e+21 6.848378e+42
4.065000e-15 2.669226e+21 7.124767e+42
4.080000e-15 2.714580e+21 7.368943e+42
4.095000e-15 2.752947e+21 7.578718e+42
4.110000e-15 2.784291e+21 7.752275e+42
4.125000e-15 2.808590e+21 7.888179e+42
4.140000e-15 2.825843e+21 7.985386e+42
4.155000e-15 2.836061e+21 8.043244e+42
4.170000e-15 2.839277e+21 8.061494e+42
4.185000e-15 2.835537e+21 8.040270e+42
4.200000e-15 2.824905e+21 7.980086e+42
4.215000e-15 2.807459e+21 7.881826e+42
4.230000e-15 2.783296e+21 7.746734e+42
4.245000e-15 2.752525e+21 7.576392e+42
4.260000e-15 2.715271e+21 7.372699e+42
4.275000e-15 2.671676e+21 7.137852e+42
4.290000e-15 2.621892e+21 6.874317e+42
4.305000e-15 2.566087e+21 6.584801e+42
4.320000e-15 2.504441e+21 6.272226e+42
4.335000e-15 2.437148e+21 5.939690e+42
4.350000e-15 2.364412e+21 5.590446e+42
4.365000e-15 2.286450e+21 5.227855e+42
4.380000e-15 2.203489e+21 4.855366e+42
4.395000e-15 2.115767e+21 4.476469e+42
4.410000e-15 2.023529e+21 4.094671e+42
4.425000e-15 1.927033e+21 3.713454e+42
4.440000e-15 1.826540e+21 3.336250e+42
4.455000e-15 1.722324e+21 2.966402e+42
4.470000e-15 1.614663e+21 2.607136e+42
4.485000e-15 1.503840e+21 2.261534e+42
4.500000e-15 1.390145e+21 1.932503e+42
4.515000e-15 1.273873e+21 1.622753e+42
4.530000e-15 1.155322e+21 1.334769e+42
4.545000e-15 1.034794e+21 1.070799e+42
4.560000e-15 9.125927e+20 8.328255e+41
4.575000e-15 7.890240e+20 6.225589e+41
4.590000e-15 6.643948e+20 4.414205e+41
4.605000e-15 5.390123e+20 2.905343e+41
4.620000e-15 4.131834e+20 1.707206e+41
4.635000e-15 2.872138e+20 8.249176e+40
4.650000e-15 1.614073e+20 2.605230e+40
4.665000e-15 3.606522e+19 1.300700e+39
4.680000e-15 -8.851415e+19 7.834756e+39
4.695000e-15 -2.120366e+20 4.495951e+40
4.710000e-15 -3.342123e+20 1.116978e+41
4.725000e-15 -4.547566e+20 2.068036e+41
4.740000e-15 -5.733909e+20 3.287771e+41
4.755000e-15 -6.898426e+20 4.758828e+41
4.770000e-15 -8.038465e+20 6.461691e+41
4.785000e-15 -9.151446e+20 8.374896e+41
4.800000e-15 -1.023487e+21 1.047526e+42
4.815000e-15 -1.128634e+21 1.273814e+42
4.830000e-15 -1.230351e+21 1.513765e+42
4.845000e-15 -1.328419e+21 1.764696e+42
4.860000e-15 -1.422623e+21 2.023857e+42
4.875000e-15 -1.512763e+21 2.288453e+42
4.890000e-15 -1.598648e+21 2.555676e+42
4.905000e-15 -1.680098e+21 2.822730e+42
4.920000e-15 -1.756946e+21 3.086859e+42
4.935000e-15 -1.829035e+21 3.345370e+42
4.950000e-15 -1.896223e+21 3.595661e+42
4.965000e-15 -1.958377e+21 3.835242e+42
4.980000e-15 -2.015381e+21 4.061759e+42
4.995000e-15 -2.067127e+21 4.273014e+42
5.010000e-15 -2.113524e+21 4.466986e+42
5.025000e-15 -2.154494e+21 4.641844e+42
5.040000e-15 -2.189969e+21 4.795966e+42
5.055000e-15 -2.219899e+21 4.927952e+42
5.070000e-15 -2.244244e+21 5.036630e+42
5.085000e-15 -2.262978e+21 5.121071e+42
5.100000e-15 -2.276091e+21 5.180590e+42
5.115000e-15 -2.283583e+21 5.214753e+42
5.130000e-15 -2.285470e+21 5.223374e+42
5.145000e-15 -2.281780e+21 5.206520e+42
5.160000e-15 -2.272554e+21 5.164501e+42
5.175000e-15 -2.257846e+21 5.097868e+42
5.190000e-15 -2.237723e+21 5.007405e+42
5.205000e-15 -2.212265e+21 4.894118e+42
5.220000e-15 -2.181564e+21 4.759221e+42
5.235000e-15 -2.145723e+21 4.604126e+42
5.250000e-15 -2.104857e+21 4.430424e+42
5.265000e-15 -2.059094e+21 4.239868e+42
5.280000e-15 -2.008571e+21 4.034357e+42
5.295000e-15 -1.953436e+21 3.815913e+42
5.310000e-15 -1.893849e+21 3.586663e+42
5.325000e-15 -1.829977e+21 3.348814e+42
5.340000e-15 -1.761998e+21 3.104635e+42
5.355000e-15 -1.690098e+21 2.856433e+42
5.370000e-15 -1.614474e+21 2.606526e+42
5.385000e-15 -1.535327e+21 2.357230e+42
5.400000e-15 -1.452868e+21 2.110827e+42
5.415000e-15 -1.367315e+21 1.869550e+42
5.430000e-15 -1.278890e+21 1.635560e+42
5.445000e-15 -1.187823e+21 1.410923e+42
5.460000e-15 -1.094348e+21 1.197598e+42
5.475000e-15 -9.987044e+20 9.974106e+41
5.490000e-15 -9.011352e+20 8.120447e+41
5.505000e-15 -8.018869e+20 6.430226e+41
5.520000e-15 -7.012087e+20 4.916936e+41
5.535000e-15 -5.993521e+20 3.592230e+41
5.550000e-15 -4.965705e+20 2.465823e+41
5.565000e-15 -3.931179e+20 1.545417e+41
5.580000e-15 -2.892490e+20 8.366497e+40
5.595000e-15 -1.852181e+20 3.430574e+40
5.610000e-15 -8.127883e+19 6.606248e+39
5.625000e-15 2.231661e+19 4.980311e+38
5.640000e-15 1.253180e+20 1.570461e+40
5.655000e-15 2.274778e+20 5.174617e+40
5.670000e-15 3.285516e+20 1.079462e+41
5.685000e-15 4.282986e+20 1.834397e+41
5.700000e-15 5.264825e+20 2.771838e+41
5.715000e-15 6.228716e+20 3.879690e+41
5.730000e-15 7.172398e+20 5.144329e+41
5.745000e-15 8.093668e+20 6.550745e+41
5.760000e-15 8.990386e+20 8.082705e+41
5.775000e-15 9.860484e+20 9.722915e+41
5.790000e-15 1.070196e+21 1.145320e+42
5.805000e-15 1.151291e+21 1.325471e+42
5.820000e-15 1.229148e+21 1.510805e+42
5.835000e-15 1.303593e+21 1.699355e+42
5.850000e-15 1.374460e+21 1.889141e+42
5.865000e-15 1.441593e+21 2.078189e+42
5.880000e-15 1.504844e+21 2.264555e+42
5.895000e-15 1.564077e+21 2.446336e+42
5.910000e-15 1.619165e+21 2.621695e+42
5.925000e-15 1.669993e+21 2.788877e+42
5.940000e-15 1.716456e+21 2.946222e+42
5.955000e-15 1.758460e+21 3.092182e+42
5.970000e-15 1.795922e+21 3.225337e+42
5.985000e-15 1.828772e+21 3.344406e+42
6.000000e-15 1.856949e+21 3.448258e+42
6.015000e-15 1.880405e+21 3.535924e+42
6.030000e-15 1.899105e+21 3.606599e+42
6.045000e-15 1.913023e+21 3.659658e+42
6.060000e-15 1.922147e+21 3.694651e+42
6.075000e-15 1.926477e+21 3.711312e+42
6.090000e-15 1.926021e+21 3.709559e+42
6.105000e-15 1.920804e+21 3.689489e+42
6.120000e-15 1.910859e+21 3.651383e+42
6.135000e-15 1.896231e+21 3.595694e+42
6.150000e-15 1.876978e+21 3.523045e+42
6.165000e-15 1.853166e+21 3.434223e+42
6.180000e-15 1.824874e+21 3.330166e+42
6.195000e-15 1.792193e+21 3.211954e+42
6.210000e-15 1.755220e+21 3.080799e+42
6.225000e-15 1.714068e+21 2.938028e+42
6.240000e-15 1.668854e+21 2.785073e+42
6.255000e-15 1.619709e+21 2.623456e+42
6.270000e-15 1.566770e+21 2.454767e+42
6.285000e-15 1.510185e+21 2.280658e+42
6.300000e-15 1.450109e+21 2.102816e+42
6.315000e-15 1.386706e+21 1.922953e+42
6.330000e-15 1.320146e+21 1.742786e+42
6.345000e-15 1.250609e+21 1.564022e+42
6.360000e-15 1.178277e+21 1.388338e+42
6.375000e-15 1.103344e+21 1.217368e+42
6.390000e-15 1.026004e+21 1.052684e+42
6.405000e-15 9.464600e+20 8.957866e+41
6.420000e-15 8.649180e+20 7.480832e+41
6.435000e-15 7.815885e+20 6.108806e+41
6.450000e-15 6.966855e+20 4.853707e+41
6.465000e-15 6.104262e+20 3.726202e+41
6.480000e-15 5.230301e+20 2.735605e+41
6.495000e-15 4.347188e+20 1.889805e+41
6.510000e-15 3.457153e+20 1.195191e+41
6.525000e-15 2.562432e+20 6.566058e+40
6.540000e-15 1.665267e+20 2.773113e+40
6.555000e-15 7.678942e+19 5.896615e+39
6.570000e-15 -1.274555e+19 1.624489e+38
6.585000e-15 -1.018567e+20 1.037478e+40
6.600000e-15 -1.903243e+20 3.622335e+40
6.615000e-15 -2.779313e+20 7.724582e+40
6.630000e-15 -3.644634e+20 1.328336e+41
6.645000e-15 -4.497099e+20 2.022390e+41
6.660000e-15 -5.334642e+20 2.845841e+41
6.675000e-15 -6.155241e+20 3.788699e+41
6.690000e-15 -6.956923e+20 4.839878e+41
6.705000e-15 -7.737773e+20 5.987314e+41
6.720000e-15 -8.495933e+20 7.218088e+41
6.735000e-15 -9.229608e+20 8.518567e+41
6.750000e-15 -9.937073e+20 9.874543e+41
6.765000e-15 -1.061667e+21 1.127138e+42
6.780000e-15 -1.126683e+21 1.269415e+42
6.795000e-15 -1.188605e+21 1.412782e+42
6.810000e-15 -1.247291e+21 1.555735e+42
6.825000e-15 -1.302608e+21 1.696788e+42
6.840000e-15 -1.354433e+21 1.834488e+42
6.855000e-15 -1.402650e+21 1.967426e+42
6.870000e-15 -1.447154e+21 2.094253e+42
6.885000e-15 -1.487849e+21 2.213693e+42
6.900000e-15 -1.524649e+21 2.324554e+42
6.915000e-15 -1.557479e+21 2.425740e+42
6.930000e-15 -1.586272e+21 2.516259e+42
6.945000e-15 -1.610974e+21 2.595237e+42
6.960000e-15 -1.631539e+21 2.661921e+42
6.975000e-15 -1.647934e+21 2.715687e+42
6.990000e-15 -1.660134e+21 2.756045e+42
7.005000e-15 -1.668126e+21 2.782644e+42
7.020000e-15 -1.671907e+21 2.795272e+42
7.035000e-15 -1.671485e+21 2.793862e+42
7.050000e-15 -1.666878e+21 2.778483e+42
7.065000e-15 -1.658115e+21 2.749347e+42
7.080000e-15 -1.645235e+21 2.706799e+42
7.095000e-15 -1.628287e+21 2.651319e+42
7.110000e-15 -1.607330e+21 2.583509e+42
7.125000e-15 -1.582432e+21 2.504091e+42
7.140000e-15 -1.553672e+21 2.413896e+42
7.155000e-15 -1.521137e+21 2.313859e+42
7.170000e-15 -1.484926e+21 2.205004e+42
7.185000e-15 -1.445142e+21 2.088434e+42
7.200000e-15 -1.401900e+21 1.965322e+42
7.215000e-15 -1.355322e+21 1.836898e+42
7.230000e-15 -1.305539e+21 1.704432e+42
7.245000e-15 -1.252688e+21 1.569227e+42
7.260000e-15 -1.196914e+21 1.432603e+42
7.275000e-15 -1.138369e+21 1.295883e+42
7.290000e-15 -1.077209e+21 1.160380e+42
7.305000e-15 -1.013600e+21 1.027385e+42
7.320000e-15 -9.477099e+20 8.981541e+41
7.335000e-15 -8.797133e+20 7.738955e+41
7.350000e-15 -8.097890e+20 6.557583e+41
7.365000e-15 -7.381200e+20 5.448211e+41
7.380000e-15 -6.648927e+20 4.420824e+41
7.395000e-15 -5.902970e+20 3.484506e+41
7.410000e-15 -5.145252e+20 2.647362e+41
7.425000e-15 -4.377719e+20 1.916443e+41
7.440000e-15 -3.602334e+20 1.297681e+41
7.455000e-15 -2.821070e+20 7.958433e+40
7.470000e-15 -2.035908e+20 4.144921e+40
7.485000e-15 -1.248832e+20 1.559581e+40
7.500000e-15 -4.618211e+19 2.132788e+39
7.515000e-15 3.231527e+19 1.044277e+39
7.530000e-15 1.104131e+20 1.219105e+40
7.545000e-15 1.879173e+20 3.531289e+40
7.560000e-15 2.646359e+20 7.003218e+40
7.575000e-15 3.403801e+20 1.158586e+41
7.590000e-15 4.149637e+20 1.721949e+41
7.605000e-15 4.882047e+20 2.383438e+41
7.620000e-15 5.599248e+20 3.135158e+41
7.635000e-15 6.299503e+20 3.968374e+41
7.650000e-15 6.981127e+20 4.873614e+41
7.665000e-15 7.642485e+20 5.840757e+41
7.680000e-15 8.282000e+20 6.859153e+41
7.695000e-15 8.898158e+20 7.917721e+41
7.710000e-15 9.489507e+20 9.005074e+41
7.725000e-15 1.005466e+21 1.010963e+42
7.740000e-15 1.059232e+21 1.121972e+42
7.755000e-15 1.110123e+21 1.232372e+42
7.770000e-15 1.158023e+21 1.341018e+42
7.785000e-15 1.202826e+21 1.446790e+42
7.800000e-15 1.244429e+21 1.548605e+42
7.815000e-15 1.282743e+21 1.645430e+42
7.830000e-15 1.317684e+21 1.736290e+42
7.845000e-15 1.349177e+21 1.820278e+42
7.860000e-15 1.377157e+21 1.896562e+42
7.875000e-15 1.401569e+21 1.964396e+42
7.890000e-15 1.422365e+21 2.023121e+42
7.905000e-15 1.439506e+21 2.072178e+42
7.920000e-15 1.452965e+21 2.111108e+42
7.935000e-15 1.462723e+21 2.139558e+42
7.950000e-15 1.468768e+21 2.157280e+42
7.965000e-15 1.471101e+21 2.164139e+42
7.980000e-15 1.469731e+21 2.160108e+42
7.995000e-15 1.464674e+21 2.145270e+42
8.010000e-15 1.455958e+21 2.119815e+42
8.025000e-15 1.443620e+21 2.084039e+42
8.040000e-15 1.427704e+21 2.038338e+42
8.055000e-15 1.408264e+21 1.983206e+42
8.070000e-15 1.385361e+21 1.919226e+42
8.085000e-15 1.359068e+21 1.847067e+42
8.100000e-15 1.329463e+21 1.767472e+42
8.115000e-15 1.296633e+21 1.681256e+42
8.130000e-15 1.260672e+21 1.589293e+42
8.145000e-15 1.221682e+21 1.492507e+42
8.160000e-15 1.179773e+21 1.391865e+42
8.175000e-15 1.135061e+21 1.288364e+42
8.190000e-15 1.087669e+21 1.183023e+42
8.205000e-15 1.037725e+21 1.076873e+42
8.220000e-15 9.853642e+20 9.709425e+41
8.235000e-15 9.307269e+20 8.662526e+41
8.250000e-15 8.739587e+20 7.638038e+41
8.265000e-15 8.152096e+20 6.645666e+41
8.280000e-15 7.546342e+20 5.694727e+41
8.295000e-15 6.923911e+20 4.794054e+41
8.310000e-15 6.286424e+20 3.951912e+41
8.325000e-15 5.635533e+20 3.175923e+41
8.340000e-15 4.972919e+20 2.472992e+41
8.355000e-15 4.300283e+20 1.849244e+41
8.370000e-15 3.619348e+20 1.309968e+41
8.385000e-15 2.931849e+20 8.595739e+40
8.400000e-15 2.239531e+20 5.015500e+40
8.415000e-15 1.544145e+20 2.384385e+40
8.430000e-15 8.474439e+19 7.181611e+39
8.445000e-15 1.511755e+19 2.285404e+38
8.460000e-15 -5.429184e+19 2.947604e+39
8.475000e-15 -1.233108e+20 1.520556e+40
8.490000e-15 -1.917681e+20 3.677501e+40
8.505000e-15 -2.594944e+20 6.733733e+40
8.520000e-15 -3.263228e+20 1.064865e+41
8.535000e-15 -3.920892e+20 1.537340e+41
8.550000e-15 -4.566331e+20 2.085138e+41
8.565000e-15 -5.197972e+20 2.701891e+41
8.580000e-15 -5.814283e+20 3.380589e+41
8.595000e-15 -6.413779e+20 4.113656e+41
8.610000e-15 -6.995018e+20 4.893028e+41
8.625000e-15 -7.556612e+20 5.710238e+41
8.640000e-15 -8.097224e+20 6.556503e+41
8.655000e-15 -8.615576e+20 7.422815e+41
8.670000e-15 -9.110451e+20 8.300032e+41
8.685000e-15 -9.580693e+20 9.178967e+41
8.700000e-15 -1.002521e+21 1.005049e+42
8.715000e-15 -1.044298e+21 1.090559e+42
8.730000e-15 -1.083306e+21 1.173552e+42
8.745000e-15 -1.119456e+21 1.253182e+42
8.760000e-15 -1.152668e+21 1.328644e+42
8.775000e-15 -1.182869e+21 1.399179e+42
8.790000e-15 -1.209994e+21 1.464086e+42
8.805000e-15 -1.233986e+21 1.522721e+42
8.820000e-15 -1.254795e+21 1.574510e+42
8.835000e-15 -1.272380e+21 1.618951e+42
8.850000e-15 -1.286709e+21 1.655620e+42
8.865000e-15 -1.297756e+21 1.684171e+42
8.880000e-15 -1.305506e+21 1.704346e+42
8.895000e-15 -1.309950e+21 1.715968e+42
8.910000e-15 -1.311088e+21 1.718951e+42
8.925000e-15 -1.308928e+21 1.713293e+42
8.940000e-15 -1.303488e+21 1.699080e+42
8.955000e-15 -1.294791e+21 1.676484e+42
8.970000e-15 -1.282871e+21 1.645758e+42
8.985000e-15 -1.267768e+21 1.607236e+42
9.000000e-15 -1.249530e+21 1.561326e+42
9.015000e-15 -1.228215e+21 1.508511e+42
9.030000e-15 -1.203884e+21 1.449337e+42
9.045000e-15 -1.176610e+21 1.384410e+42
9.060000e-15 -1.146469e+21 1.314392e+42
9.075000e-15 -1.113548e+21 1.239990e+42
9.090000e-15 -1.077938e+21 1.161950e+42
9.105000e-15 -1.039736e+21 1.081051e+42
9.120000e-15 -9.990469e+20 9.980947e+41
9.135000e-15 -9.559807e+20 9.138991e+41
9.150000e-15 -9.106528e+20 8.292886e+41
9.165000e-15 -8.631843e+20 7.450871e+41
9.180000e-15 -8.137008e+20 6.621090e+41
9.195000e-15 -7.623329e+20 5.811514e+41
9.210000e-15 -7.092153e+20 5.029863e+41
9.225000e-15 -6.544866e+20 4.283527e+41
9.240000e-15 -5.982893e+20 3.579500e+41
9.255000e-15 -5.407687e+20 2.924308e+41
9.270000e-15 -4.820733e+20 2.323946e+41
9.285000e-15 -4.223538e+20 1.783827e+41
9.300000e-15 -3.617633e+20 1.308727e+41
9.315000e-15 -3.004562e+20 9.027395e+40
9.330000e-15 -2.385887e+20 5.692457e+40
9.345000e-15 -1.763175e+20 3.108788e+40
9.360000e-15 -1.138001e+20 1.295047e+40
9.375000e-15 -5.119402e+19 2.620828e+39
9.390000e-15 1.134350e+19 1.286749e+38
9.405000e-15 7.365578e+19 5.425174e+39
9.420000e-15 1.355872e+20 1.838389e+40
9.435000e-15 1.969836e+20 3.880254e+40
9.450000e-15 2.576926e+20 6.640545e+40
9.465000e-15 3.175638e+20 1.008468e+41
9.480000e-15 3.764498e+20 1.417144e+41
9.495000e-15 4.342056e+20 1.885345e+41
9.510000e-15 4.906897e+20 2.407764e+41
9.525000e-15 5.457643e+20 2.978586e+41
9.540000e-15 5.992952e+20 3.591547e+41
9.555000e-15 6.511527e+20 4.239998e+41
9.570000e-15 7.012117e+20 4.916978e+41
9.585000e-15 7.493518e+20 5.615281e+41
9.600000e-15 7.954578e+20 6.327531e+41
9.615000e-15 8.394200e+20 7.046259e+41
9.630000e-15 8.811343e+20 7.763977e+41
9.645000e-15 9.205026e+20 8.473251e+41
9.660000e-15 9.574329e+20 9.166778e+41
9.675000e-15 9.918396e+20 9.837457e+41
9.690000e-15 1.023644e+21 1.047846e+42
9.705000e-15 1.052773e+21 1.108330e+42
9.720000e-15 1.079161e+21 1.164589e+42
9.735000e-15 1.102751e+21 1.216060e+42
9.750000e-15 1.123491e+21 1.262232e+42
9.765000e-15 1.141337e+21 1.302651e+42
9.780000e-15 1.156253e+21 1.336922e+42
9.795000e-15 1.168210e+21 1.364715e+42
9.810000e-15 1.177186e+21 1.385767e+42
9.825000e-15 1.183167e+21 1.399884e+42
9.840000e-15 1.186147e+21 1.406944e+42
9.855000e-15 1.186126e+21 1.406895e+42
9.870000e-15 1.183114e+21 1.399759e+42
9.885000e-15 1.177127e+21 1.385627e+42
9.900000e-15 1.168187e+21 1.364661e+42
9.915000e-15 1.156327e+21 1.337092e+42
9.930000e-15 1.141584e+21 1.303213e+42
9.945000e-15 1.124003e+21 1.263382e+42
9.960000e-15 1.103637e+21 1.218014e+42
9.975000e-15 1.080544e+21 1.167576e+42
9.990000e-15 1.054792e+21 1.112586e+42
1.000500e-14 1.026451e+21 1.053603e+42
1.002000e-14 9.956017e+20 9.912227e+41
1.003500e-14 9.623274e+20 9.260740e+41
1.005000e-14 9.267192e+20 8.588084e+41
1.006500e-14 8.888734e+20 7.900959e+41
1.008000e-14 8.488915e+20 7.206168e+41
1.009500e-14 8.068804e+20 6.510560e+41
1.011000e-14 7.629516e+20 5.820951e+41
1.012500e-14 7.172211e+20 5.144061e+41
1.014000e-14 6.698093e+20 4.486445e+41
1.015500e-14 6.208404e+20 3.854428e+41
1.017000e-14 5.704422e+20 3.254043e+41
1.018500e-14 5.187458e+20 2.690972e+41
1.020000e-14 4.658851e+20 2.170490e+41
1.021500e-14 4.119968e+20 1.697414e+41
1.023000e-14 3.572197e+20 1.276059e+41
1.024500e-14 3.016944e+20 9.101954e+40
1.026000e-14 2.455632e+20 6.030128e+40
1.027500e-14 1.889693e+20 3.570941e+40
1.029000e-14 1.320570e+20 1.743905e+40
1.030500e-14 7.497072e+19 5.620609e+39
1.032000e-14 1.785514e+19 3.188061e+38
1.033500e-14 -3.914543e+19 1.532365e+39
1.035000e-14 -9.588735e+19 9.194384e+39
1.036500e-14 -1.522280e+20 2.317337e+40
1.038000e-14 -2.080262e+20 4.327489e+40
1.039500e-14 -2.631424e+20 6.924390e+40
1.041000e-14 -3.174392e+20 1.007676e+41
1.042500e-14 -3.707816e+20 1.374790e+41
1.044000e-14 -4.230375e+20 1.789607e+41
1.045500e-14 -4.740777e+20 2.247497e+41
1.047000e-14 -5.237765e+20 2.743419e+41
1.048500e-14 -5.720120e+20 3.271977e+41
1.050000e-14 -6.186660e+20 3.827476e+41
1.051500e-14 -6.636250e+20 4.403981e+41
1.053000e-14 -7.067798e+20 4.995377e+41
1.054500e-14 -7.480263e+20 5.595433e+41
1.056000e-14 -7.872651e+20 6.197864e+41
1.057500e-14 -8.244026e+20 6.796397e+41
1.059000e-14 -8.593504e+20 7.384832e+41
1.060500e-14 -8.920261e+20 7.957106e+41
1.062000e-14 -9.223531e+20 8.507352e+41
1.063500e-14 -9.502609e+20 9.029959e+41
1.065000e-14 -9.756856e+20 9.519624e+41
1.066500e-14 -9.985694e+20 9.971409e+41
1.068000e-14 -1.018861e+21 1.038078e+42
1.069500e-14 -1.036517e+21 1.074367e+42
1.071000e-14 -1.051499e+21 1.105649e+42
1.072500e-14 -1.063776e+21 1.131618e+42
1.074000e-14 -1.073324e+21 1.152025e+42
1.075500e-14 -1.080127e+21 1.166675e+42
1.077000e-14 -1.084175e+21 1.175436e+42
1.078500e-14 -1.085465e+21 1.178235e+42
1.080000e-14 -1.084002e+21 1.175060e+42
1.081500e-14 -1.079795e+21 1.165957e+42
1.083000e-14 -1.072864e+21 1.151037e+42
1.084500e-14 -1.063233e+21 1.130463e+42
1.086000e-14 -1.050933e+21 1.104460e+42
1.087500e-14 -1.036004e+21 1.073303e+42
1.089000e-14 -1.018489e+21 1.037320e+42
1.090500e-14 -9.984407e+20 9.968839e+41
1.092000e-14 -9.759161e+20 9.524123e+41
1.093500e-14 -9.509790e+20 9.043611e+41
1.095000e-14 -9.236991e+20 8.532199e+41
1.096500e-14 -8.941516e+20 7.995070e+41
1.098000e-14 -8.624175e+20 7.437640e+41
1.099500e-14 -8.285832e+20 6.865501e+41
1.101000e-14 -7.927399e+20 6.284366e+41
1.102500e-14 -7.549839e+20 5.700007e+41
1.104000e-14 -7.154160e+20 5.118200e+41
1.105500e-14 -6.741412e+20 4.544663e+41
1.107000e-14 -6.312687e+20 3.985002e+41
1.108500e-14 -5.869116e+20 3.444652e+41
1.110000e-14 -5.411861e+20 2.928823e+41
1.111500e-14 -4.942118e+20 2.442453e+41
1.113000e-14 -4.461110e+20 1.990151e+41
1.114500e-14 -3.970089e+20 1.576160e+41
1.116000e-14 -3.470323e+20 1.204314e+41
1.117500e-14 -2.963105e+20 8.779989e+40
1.119000e-14 -2.449738e+20 6.001216e+40
1.120500e-14 -1.931541e+20 3.730851e+40
1.122000e-14 -1.409841e+20 1.987650e+40
1.123500e-14 -8.859677e+19 7.849388e+39
1.125000e-14 -3.612564e+19 1.305062e+39
1.126500e-14 1.629610e+19 2.655630e+38
1.128000e-14 6.853573e+19 4.697147e+39
1.129500e-14 1.204613e+20 1.451093e+40
1.131000e-14 1.719421e+20 2.956408e+40
1.132500e-14 2.228487e+20 4.966155e+40
1.134000e-14 2.730537e+20 7.455834e+40
1.135500e-14 3.224317e+20 1.039622e+41
1.137000e-14 3.708598e+20 1.375370e+41
1.138500e-14 4.182177e+20 1.749060e+41
1.140000e-14 4.643882e+20 2.156564e+41
1.141500e-14 5.092575e+20 2.593432e+41
1.143000e-14 5.527154e+20 3.054943e+41
1.144500e-14 5.946555e+20 3.536152e+41
1.146000e-14 6.349755e+20 4.031939e+41
1.147500e-14 6.735775e+20 4.537067e+41
1.149000e-14 7.103684e+20 5.046232e+41
1.150500e-14 7.452596e+20 5.554119e+41
1.152000e-14 7.781679e+20 6.055453e+41
1.153500e-14 8.090151e+20 6.545054e+41
1.155000e-14 8.377285e+20 7.017891e+41
1.156500e-14 8.642411e+20 7.469127e+41
1.158000e-14 8.884916e+20 7.894172e+41
1.159500e-14 9.104244e+20 8.288726e+41
1.161000e-14 9.299903e+20 8.648819e+41
1.162500e-14 9.471458e+20 8.970852e+41
1.164000e-14 9.618541e+20 9.251633e+41
1.165500e-14 9.740842e+20 9.488401e+41
1.167000e-14 9.838119e+20 9.678858e+41
1.168500e-14 9.910191e+20 9.821188e+41
1.170000e-14 9.956942e+20 9.914069e+41
1.171500e-14 9.978321e+20 9.956690e+41
1.173000e-14 9.974342e+20 9.948751e+41
1.174500e-14 9.945082e+20 9.890466e+41
1.176000e-14 9.890682e+20 9.782559e+41
1.177500e-14 9.811346e+20 9.626251e+41
1.179000e-14 9.707341e+20 9.423248e+41
1.180500e-14 9.578997e+20 9.175718e+41
1.182000e-14 9.426702e+20 8.886271e+41
1.183500e-14 9.250906e+20 8.557925e+41
1.185000e-14 9.052115e+20 8.194079e+41
1.186500e-14 8.830895e+20 7.798470e+41
1.188000e-14 8.587864e+20 7.375141e+41
1.189500e-14 8.323695e+20 6.928391e+41
1.191000e-14 8.039114e+20 6.462736e+41
1.192500e-14 7.734894e+20 5.982859e+41
1.194000e-14 7.411858e+20 5.493564e+41
1.195500e-14 7.070872e+20 4.999723e+41
1.197000e-14 6.712848e+20 4.506233e+41
1.198500e-14 6.338736e+20 4.017957e+41
1.200000e-14 5.949526e+20 3.539686e+41
1.201500e-14 5.546242e+20 3.076080e+41
1.203000e-14 5.129943e+20 2.631632e+41
1.204500e-14 4.701716e+20 2.210614e+41
1.206000e-14 4.262677e+20 1.817041e+41
1.207500e-14 3.813964e+20 1.454632e+41
1.209000e-14 3.356740e+20 1.126770e+41
1.210500e-14 2.892182e+20 8.364718e+40
1.212000e-14 2.421487e+20 5.863599e+40
1.213500e-14 1.945861e+20 3.786376e+40
1.215000e-14 1.466521e+20 2.150685e+40
1.216500e-14 9.846899e+19 9.696143e+39
1.218000e-14 5.015930e+19 2.515955e+39
1.219500e-14 1.845625e+18 3.406332e+36
1.221000e-14 -4.634977e+19 2.148301e+39
1.222500e-14 -9.430523e+19 8.893476e+39
1.224000e-14 -1.419000e+20 2.013562e+40
1.225500e-14 -1.890147e+20 3.572654e+40
1.227000e-14 -2.355312e+20 5.547493e+40
1.228500e-14 -2.813334e+20 7.914847e+40
1.230000e-14 -3.263072e+20 1.064764e+41
1.231500e-14 -3.703411e+20 1.371525e+41
1.233000e-14 -4.133259e+20 1.708383e+41
1.234500e-14 -4.551556e+20 2.071666e+41
1.236000e-14 -4.957274e+20 2.457456e+41
1.237500e-14 -5.349417e+20 2.861626e+41
1.239000e-14 -5.727028e+20 3.279885e+41
1.240500e-14 -6.089189e+20 3.707822e+41
1.242000e-14 -6.435022e+20 4.140951e+41
1.243500e-14 -6.763694e+20 4.574756e+41
1.245000e-14 -7.074417e+20 5.004738e+41
1.246500e-14 -7.366449e+20 5.426458e+41
1.248000e-14 -7.639100e+20 5.835584e+41
1.249500e-14 -7.891726e+20 6.227934e+41
1.251000e-14 -8.123741e+20 6.599516e+41
1.252500e-14 -8.334607e+20 6.946567e+41
1.254000e-14 -8.523844e+20 7.265592e+41
1.255500e-14 -8.691028e+20 7.553396e+41
1.257000e-14 -8.835789e+20 7.807116e+41
1.258500e-14 -8.957817e+20 8.024248e+41
1.260000e-14 -9.056859e+20 8.202669e+41
1.261500e-14 -9.132721e+20 8.340660e+41
1.263000e-14 -9.185268e+20 8.436916e+41
1.264500e-14 -9.214425e+20 8.490562e+41
1.266000e-14 -9.220173e+20 8.501159e+41
1.267500e-14 -9.202556e+20 8.468704e+41
1.269000e-14 -9.161675e+20 8.393629e+41
1.270500e-14 -9.097689e+20 8.276795e+41
1.272000e-14 -9.010816e+20 8.119481e+41
1.273500e-14 -8.901331e+20 7.923369e+41
1.275000e-14 -8.769564e+20 7.690525e+41
1.276500e-14 -8.615902e+20 7.423377e+41
1.278000e-14 -8.440787e+20 7.124688e+41
1.279500e-14 -8.244711e+20 6.797526e+41
1.281000e-14 -8.028221e+20 6.445233e+41
1.282500e-14 -7.791911e+20 6.071388e+41
1.284000e-14 -7.536427e+20 5.679774e+41
1.285500e-14 -7.262460e+20 5.274333e+41
1.287000e-14 -6.970746e+20 4.859130e+41
1.288500e-14 -6.662063e+20 4.438308e+41
1.290000e-14 -6.337232e+20 4.016051e+41
1.291500e-14 -5.997112e+20 3.596536e+41
1.293000e-14 -5.642599e+20 3.183892e+41
1.294500e-14 -5.274622e+20 2.782164e+41
1.296000e-14 -4.894142e+20 2.395263e+41
1.297500e-14 -4.502151e+20 2.026937e+41
1.299000e-14 -4.099666e+20 1.680726e+41
1.300500e-14 -3.687729e+20 1.359934e+41
1.302000e-14 -3.267403e+20 1.067592e+41
1.303500e-14 -2.839769e+20 8.064289e+40
1.305000e-14 -2.405926e+20 5.788481e+40
1.306500e-14 -1.966985e+20 3.869031e+40
1.308000e-14 -1.524067e+20 2.322781e+40
1.309500e-14 -1.078301e+20 1.162733e+40
1.311000e-14 -6.308204e+19 3.979344e+39
1.312500e-14 -1.827607e+19 3.340146e+38
1.314000e-14 2.647441e+19 7.008944e+38
1.315500e-14 7.105635e+19 5.049005e+39
1.317000e-14 1.153574e+20 1.330733e+40
1.318500e-14 1.592662e+20 2.536571e+40
1.320000e-14 2.026725e+20 4.107614e+40
1.321500e-14 2.454677e+20 6.025440e+40
1.323000e-14 2.875450e+20 8.268212e+40
1.324500e-14 3.287995e+20 1.081091e+41
1.326000e-14 3.691286e+20 1.362559e+41
1.327500e-14 4.084325e+20 1.668171e+41
1.329000e-14 4.466139e+20 1.994640e+41
1.330500e-14 4.835788e+20 2.338485e+41
1.332000e-14 5.192364e+20 2.696064e+41
1.333500e-14 5.534992e+20 3.063613e+41
1.335000e-14 5.862836e+20 3.437284e+41
1.336500e-14 6.175099e+20 3.813185e+41
1.338000e-14 6.471025e+20 4.187416e+41
1.339500e-14 6.749900e+20 4.556115e+41
1.341000e-14 7.011056e+20 4.915491e+41
1.342500e-14 7.253870e+20 5.261863e+41
1.344000e-14 7.477767e+20 5.591699e+41
1.345500e-14 7.682220e+20 5.901650e+41
1.347000e-14 7.866755e+20 6.188583e+41
1.348500e-14 8.030946e+20 6.449609e+41
1.350000e-14 8.174421e+20 6.682116e+41
1.351500e-14 8.296861e+20 6.883790e+41
1.353000e-14 8.398001e+20 7.052642e+41
1.354500e-14 8.477630e+20 7.187021e+41
1.356000e-14 8.535591e+20 7.285632e+41
1.357500e-14 8.571784e+20 7.347548e+41
1.359000e-14 8.586163e+20 7.372219e+41
1.360500e-14 8.578736e+20 7.359471e+41
1.362000e-14 8.549569e+20 7.309513e+41
1.363500e-14 8.498780e+20 7.222927e+41
1.365000e-14 8.426544e+20 7.100665e+41
1.366500e-14 8.333089e+20 6.944036e+41
1.368000e-14 8.218693e+20 6.754692e+41
1.369500e-14 8.083692e+20 6.534608e+41
1.371000e-14 7.928470e+20 6.286064e+41
1.372500e-14 7.753461e+20 6.011616e+41
1.374000e-14 7.559151e+20 5.714076e+41
1.375500e-14 7.346070e+20 5.396474e+41
1.377000e-14 7.114798e+20 5.062035e+41
1.378500e-14 6.865957e+20 4.714137e+41
1.380000e-14 6.600216e+20 4.356285e+41
1.381500e-14 6.318280e+20 3.992067e+41
1.383000e-14 6.020900e+20 3.625123e+41
1.384500e-14 5.708858e+20 3.259106e+41
1.386000e-14 5.382978e+20 2.897645e+41
1.387500e-14 5.044112e+20 2.544306e+41
1.389000e-14 4.693146e+20 2.202562e+41
1.390500e-14 4.330995e+20 1.875752e+41
1.392000e-14 3.958600e+20 1.567051e+41
1.393500e-14 3.576925e+20 1.279440e+41
1.395000e-14 3.186959e+20 1.015671e+41
1.396500e-14 2.789705e+20 7.782455e+40
1.398000e-14 2.386187e+20 5.693890e+40
1.399500e-14 1.977441e+20 3.910275e+40
1.401000e-14 1.564515e+20 2.447707e+40
1.402500e-14 1.148464e+20 1.318969e+40
1.404000e-14 7.303502e+19 5.334114e+39
1.405500e-14 3.112388e+19 9.686961e+38
1.407000e-14 -1.078045e+19 1.162181e+38
1.408500e-14 -5.257165e+19 2.763778e+39
1.410000e-14 -9.414386e+19 8.863067e+39
1.411500e-14 -1.353920e+20 1.833100e+40
1.413000e-14 -1.762120e+20 3.105068e+40
1.414500e-14 -2.165012e+20 4.687275e+40
1.416000e-14 -2.561581e+20 6.561700e+40
1.417500e-14 -2.950836e+20 8.707431e+40
1.419000e-14 -3.331800e+20 1.110089e+41
1.420500e-14 -3.703524e+20 1.371609e+41
1.422000e-14 -4.065082e+20 1.652489e+41
1.423500e-14 -4.415576e+20 1.949731e+41
1.425000e-14 -4.754136e+20 2.260181e+41
1.426500e-14 -5.079928e+20 2.580567e+41
1.428000e-14 -5.392148e+20 2.907526e+41
1.429500e-14 -5.690030e+20 3.237645e+41
1.431000e-14 -5.972846e+20 3.567489e+41
1.432500e-14 -6.239907e+20 3.893644e+41
1.434000e-14 -6.490565e+20 4.212744e+41
1.435500e-14 -6.724216e+20 4.521509e+41
1.437000e-14 -6.940300e+20 4.816776e+41
1.438500e-14 -7.138301e+20 5.095534e+41
1.440000e-14 -7.317753e+20 5.354951e+41
1.441500e-14 -7.478235e+20 5.592400e+41
1.443000e-14 -7.619378e+20 5.805492e+41
1.444500e-14 -7.740860e+20 5.992091e+41
1.446000e-14 -7.842411e+20 6.150341e+41
1.447500e-14 -7.923813e+20 6.278681e+41
1.449000e-14 -7.984898e+20 6.375859e+41
1.450500e-14 -8.025550e+20 6.440945e+41
1.452000e-14 -8.045707e+20 6.473340e+41
1.453500e-14 -8.045357e+20 6.472778e+41
1.455000e-14 -8.024543e+20 6.439329e+41
1.456500e-14 -7.983356e+20 6.373398e+41
1.458000e-14 -7.921943e+20 6.275717e+41
1.459500e-14 -7.840498e+20 6.147341e+41
1.461000e-14 -7.739269e+20 5.989628e+41
1.462500e-14 -7.618551e+20 5.804232e+41
1.464000e-14 -7.478691e+20 5.593082e+41
1.465500e-14 -7.320082e+20 5.358360e+41
1.467000e-14 -7.143165e+20 5.102480e+41
1.468500e-14 -6.948424e+20 4.828060e+41
1.470000e-14 -6.736392e+20 4.537898e+41
1.471500e-14 -6.507642e+20 4.234940e+41
1.473000e-14 -6.262788e+20 3.922251e+41
1.474500e-14 -6.002486e+20 3.602983e+41
1.476000e-14 -5.727428e+20 3.280343e+41
1.477500e-14 -5.438343e+20 2.957558e+41
1.479000e-14 -5.135995e+20 2.637845e+41
1.480500e-14 -4.821180e+20 2.324378e+41
1.482000e-14 -4.494723e+20 2.020254e+41
1.483500e-14 -4.157478e+20 1.728463e+41
1.485000e-14 -3.810325e+20 1.451858e+41
1.486500e-14 -3.454167e+20 1.193127e+41
1.488000e-14 -3.089929e+20 9.547660e+40
1.489500e-14 -2.718553e+20 7.390529e+40
1.491000e-14 -2.340999e+20 5.480274e+40
1.492500e-14 -1.958240e+20 3.834702e+40
1.494000e-14 -1.571260e+20 2.468859e+40
1.495500e-14 -1.181055e+20 1.394890e+40
1.497000e-14 -7.886219e+19 6.219245e+39
1.498500e-14 -3.949657e+19 1.559979e+39
