0.000000e+00 nan nan
1.500000e-17 -5.342338e+14 2.854057e+29
3.000000e-17 -8.543686e+15 7.299457e+31
4.500000e-17 -4.321822e+16 1.867814e+33
6.000000e-17 -1.364397e+17 1.861580e+34
7.500000e-17 -3.326309e+17 1.106433e+35
9.000000e-17 -6.885437e+17 4.740925e+35
1.050000e-16 -1.272990e+18 1.620504e+36
1.200000e-16 -2.166513e+18 4.693779e+36
1.350000e-16 -3.461003e+18 1.197854e+37
1.500000e-16 -5.259257e+18 2.765979e+37
1.650000e-16 -7.674488e+18 5.889777e+37
1.800000e-16 -1.082978e+19 1.172840e+38
1.950000e-16 -1.485747e+19 2.207446e+38
2.100000e-16 -1.989858e+19 3.959533e+38
2.250000e-16 -2.610201e+19 6.813152e+38
2.400000e-16 -3.362395e+19 1.130570e+39
2.550000e-16 -4.262697e+19 1.817059e+39
2.700000e-16 -5.327935e+19 2.838689e+39
2.850000e-16 -6.575414e+19 4.323607e+39
3.000000e-16 -8.022835e+19 6.436588e+39
3.150000e-16 -9.688202e+19 9.386126e+39
3.300000e-16 -1.158973e+20 1.343220e+40
3.450000e-16 -1.374577e+20 1.889462e+40
3.600000e-16 -1.617467e+20 2.616200e+40
3.750000e-16 -1.889472e+20 3.570106e+40
3.900000e-16 -2.192405e+20 4.806640e+40
4.050000e-16 -2.528051e+20 6.391039e+40
4.200000e-16 -2.898157e+20 8.399314e+40
4.350000e-16 -3.304427e+20 1.091924e+41
4.500000e-16 -3.748507e+20 1.405131e+41
4.650000e-16 -4.231978e+20 1.790963e+41
4.800000e-16 -4.756344e+20 2.262281e+41
4.950000e-16 -5.323028e+20 2.833463e+41
5.100000e-16 -5.933358e+20 3.520474e+41
5.250000e-16 -6.588559e+20 4.340911e+41
5.400000e-16 -7.289746e+20 5.314040e+41
5.550000e-16 -8.037916e+20 6.460810e+41
5.700000e-16 -8.833939e+20 7.803848e+41
5.850000e-16 -9.678550e+20 9.367433e+41
6.000000e-16 -1.057234e+21 1.117745e+42
6.150000e-16 -1.151577e+21 1.326129e+42
6.300000e-16 -1.250911e+21 1.564779e+42
6.450000e-16 -1.355252e+21 1.836707e+42
6.600000e-16 -1.464595e+21 2.145038e+42
6.750000e-16 -1.578921e+21 2.492991e+42
6.900000e-16 -1.698192e+21 2.883857e+42
7.050000e-16 -1.822355e+21 3.320977e+42
7.200000e-16 -1.951336e+21 3.807710e+42
7.350000e-16 -2.085044e+21 4.347408e+42
7.500000e-16 -2.223371e+21 4.943379e+42
7.650000e-16 -2.366190e+21 5.598853e+42
7.800000e-16 -2.513354e+21 6.316949e+42
7.950000e-16 -2.664701e+21 7.100631e+42
8.100000e-16 -2.820048e+21 7.952672e+42
8.250000e-16 -2.979196e+21 8.875608e+42
8.400000e-16 -3.141926e+21 9.871702e+42
8.550000e-16 -3.308005e+21 1.094290e+43
8.700000e-16 -3.477180e+21 1.209078e+43
8.850000e-16 -3.649182e+21 1.331653e+43
9.000000e-16 -3.823728e+21 1.462089e+43
9.150000e-16 -4.000516e+21 1.600413e+43
9.300000e-16 -4.179233e+21 1.746599e+43
9.450000e-16 -4.359549e+21 1.900567e+43
9.600000e-16 -4.541123e+21 2.062180e+43
9.750000e-16 -4.723598e+21 2.231238e+43
9.900000e-16 -4.906609e+21 2.407481e+43
1.005000e-15 -5.089778e+21 2.590584e+43
1.020000e-15 -5.272718e+21 2.780156e+43
1.035000e-15 -5.455033e+21 2.975738e+43
1.050000e-15 -5.636318e+21 3.176808e+43
1.065000e-15 -5.816163e+21 3.382775e+43
1.080000e-15 -5.994151e+21 3.592985e+43
1.095000e-15 -6.169863e+21 3.806721e+43
1.110000e-15 -6.342872e+21 4.023203e+43
1.125000e-15 -6.512755e+21 4.241597e+43
1.140000e-15 -6.679082e+21 4.461013e+43
1.155000e-15 -6.841427e+21 4.680513e+43
1.170000e-15 -6.999366e+21 4.899112e+43
1.185000e-15 -7.152475e+21 5.115789e+43
1.200000e-15 -7.300336e+21 5.329490e+43
1.215000e-15 -7.442536e+21 5.539135e+43
1.230000e-15 -7.578670e+21 5.743624e+43
1.245000e-15 -7.708338e+21 5.941847e+43
1.260000e-15 -7.831150e+21 6.132691e+43
1.275000e-15 -7.946728e+21 6.315049e+43
1.290000e-15 -8.054705e+21 6.487827e+43
1.305000e-15 -8.154724e+21 6.649953e+43
1.320000e-15 -8.246446e+21 6.800386e+43
1.335000e-15 -8.329542e+21 6.938128e+43
1.350000e-15 -8.403705e+21 7.062226e+43
1.365000e-15 -8.468640e+21 7.171786e+43
1.380000e-15 -8.524071e+21 7.265979e+43
1.395000e-15 -8.569744e+21 7.344052e+43
1.410000e-15 -8.605422e+21 7.405329e+43
1.425000e-15 -8.630890e+21 7.449226e+43
1.440000e-15 -8.645953e+21 7.475250e+43
1.455000e-15 -8.650440e+21 7.483011e+43
1.470000e-15 -8.644203e+21 7.472224e+43
1.485000e-15 -8.627116e+21 7.442714e+43
1.500000e-15 -8.599080e+21 7.394418e+43
1.515000e-15 -8.560017e+21 7.327389e+43
1.530000e-15 -8.509877e+21 7.241801e+43
1.545000e-15 -8.448634e+21 7.137942e+43
1.560000e-15 -8.376289e+21 7.016221e+43
1.575000e-15 -8.292866e+21 6.877163e+43
1.590000e-15 -8.198419e+21 6.721407e+43
1.605000e-15 -8.093025e+21 6.549705e+43
1.620000e-15 -7.976789e+21 6.362916e+43
1.635000e-15 -7.849840e+21 6.161999e+43
1.650000e-15 -7.712335e+21 5.948012e+43
1.665000e-15 -7.564456e+21 5.722100e+43
1.680000e-15 -7.406410e+21 5.485490e+43
1.695000e-15 -7.238427e+21 5.239483e+43
1.710000e-15 -7.060766e+21 4.985442e+43
1.725000e-15 -6.873706e+21 4.724784e+43
1.740000e-15 -6.677551e+21 4.458969e+43
1.755000e-15 -6.472627e+21 4.189490e+43
1.770000e-15 -6.259283e+21 3.917862e+43
1.785000e-15 -6.037888e+21 3.645609e+43
1.800000e-15 -5.808832e+21 3.374253e+43
1.815000e-15 -5.572525e+21 3.105303e+43
1.830000e-15 -5.329394e+21 2.840244e+43
1.845000e-15 -5.079885e+21 2.580523e+43
1.860000e-15 -4.824459e+21 2.327540e+43
1.875000e-15 -4.563593e+21 2.082638e+43
1.890000e-15 -4.297779e+21 1.847091e+43
1.905000e-15 -4.027521e+21 1.622092e+43
1.920000e-15 -3.753333e+21 1.408751e+43
1.935000e-15 -3.475743e+21 1.208079e+43
1.950000e-15 -3.195286e+21 1.020985e+43
1.965000e-15 -2.912505e+21 8.482683e+42
1.980000e-15 -2.627948e+21 6.906112e+42
1.995000e-15 -2.342172e+21 5.485769e+42
2.010000e-15 -2.055733e+21 4.226040e+42
2.025000e-15 -1.769194e+21 3.130047e+42
2.040000e-15 -1.483115e+21 2.199629e+42
2.055000e-15 -1.198056e+21 1.435339e+42
2.070000e-15 -9.145787e+20 8.364542e+41
2.085000e-15 -6.332371e+20 4.009892e+41
2.100000e-15 -3.545827e+20 1.257289e+41
2.115000e-15 -7.916059e+19 6.266399e+39
2.130000e-15 1.924916e+20 3.705302e+40
2.145000e-15 4.598450e+20 2.114575e+41
2.160000e-15 7.223809e+20 5.218342e+41
2.175000e-15 9.795918e+20 9.596002e+41
2.190000e-15 1.230983e+21 1.515319e+42
2.205000e-15 1.476073e+21 2.178792e+42
2.220000e-15 1.714397e+21 2.939157e+42
2.235000e-15 1.945504e+21 3.784986e+42
2.250000e-15 2.168962e+21 4.704397e+42
2.265000e-15 2.384357e+21 5.685159e+42
2.280000e-15 2.591294e+21 6.714803e+42
2.295000e-15 2.789397e+21 7.780737e+42
2.310000e-15 2.978314e+21 8.870357e+42
2.325000e-15 3.157714e+21 9.971155e+42
2.340000e-15 3.327286e+21 1.107083e+43
2.355000e-15 3.486746e+21 1.215739e+43
2.370000e-15 3.635832e+21 1.321927e+43
2.385000e-15 3.774308e+21 1.424540e+43
2.400000e-15 3.901962e+21 1.522531e+43
2.415000e-15 4.018609e+21 1.614922e+43
2.430000e-15 4.124089e+21 1.700811e+43
2.445000e-15 4.218268e+21 1.779379e+43
2.460000e-15 4.301040e+21 1.849895e+43
2.475000e-15 4.372325e+21 1.911722e+43
2.490000e-15 4.432069e+21 1.964324e+43
2.505000e-15 4.480246e+21 2.007261e+43
2.520000e-15 4.516858e+21 2.040200e+43
2.535000e-15 4.541930e+21 2.062913e+43
2.550000e-15 4.555517e+21 2.075274e+43
2.565000e-15 4.557700e+21 2.077263e+43
2.580000e-15 4.548584e+21 2.068962e+43
2.595000e-15 4.528301e+21 2.050551e+43
2.610000e-15 4.497009e+21 2.022309e+43
2.625000e-15 4.454890e+21 1.984604e+43
2.640000e-15 4.402148e+21 1.937891e+43
2.655000e-15 4.339014e+21 1.882704e+43
2.670000e-15 4.265740e+21 1.819654e+43
2.685000e-15 4.182600e+21 1.749414e+43
2.700000e-15 4.089890e+21 1.672720e+43
2.715000e-15 3.987925e+21 1.590355e+43
2.730000e-15 3.877043e+21 1.503146e+43
2.745000e-15 3.757596e+21 1.411953e+43
2.760000e-15 3.629957e+21 1.317659e+43
2.775000e-15 3.494514e+21 1.221163e+43
2.790000e-15 3.351672e+21 1.123371e+43
2.805000e-15 3.201849e+21 1.025184e+43
2.820000e-15 3.045478e+21 9.274936e+42
2.835000e-15 2.883002e+21 8.311702e+42
2.850000e-15 2.714878e+21 7.370560e+42
2.865000e-15 2.541569e+21 6.459574e+42
2.880000e-15 2.363551e+21 5.586374e+42
2.895000e-15 2.181305e+21 4.758091e+42
2.910000e-15 1.995318e+21 3.981295e+42
2.925000e-15 1.806083e+21 3.261938e+42
2.940000e-15 1.614097e+21 2.605310e+42
2.955000e-15 1.419859e+21 2.015998e+42
2.970000e-15 1.223867e+21 1.497852e+42
2.985000e-15 1.026624e+21 1.053957e+42
3.000000e-15 8.286278e+20 6.866241e+41
3.015000e-15 6.303748e+20 3.973724e+41
3.030000e-15 4.323583e+20 1.869337e+41
3.045000e-15 2.350664e+20 5.525619e+40
3.060000e-15 3.898123e+19 1.519537e+39
3.075000e-15 -1.554220e+20 2.415598e+40
3.090000e-15 -3.476763e+20 1.208788e+41
3.105000e-15 -5.373242e+20 2.887173e+41
3.120000e-15 -7.239184e+20 5.240579e+41
3.135000e-15 -9.070231e+20 8.226909e+41
3.150000e-15 -1.086215e+21 1.179862e+42
3.165000e-15 -1.261083e+21 1.590330e+42
3.180000e-15 -1.431232e+21 2.048424e+42
3.195000e-15 -1.596280e+21 2.548109e+42
3.210000e-15 -1.755863e+21 3.083054e+42
3.225000e-15 -1.909631e+21 3.646692e+42
3.240000e-15 -2.057255e+21 4.232297e+42
3.255000e-15 -2.198420e+21 4.833050e+42
3.270000e-15 -2.332832e+21 5.442107e+42
3.285000e-15 -2.460217e+21 6.052666e+42
3.300000e-15 -2.580317e+21 6.658038e+42
3.315000e-15 -2.692899e+21 7.251706e+42
3.330000e-15 -2.797747e+21 7.827390e+42
3.345000e-15 -2.894668e+21 8.379103e+42
3.360000e-15 -2.983489e+21 8.901206e+42
3.375000e-15 -3.064059e+21 9.388457e+42
3.390000e-15 -3.136249e+21 9.836055e+42
3.405000e-15 -3.199951e+21 1.023968e+43
3.420000e-15 -3.255079e+21 1.059554e+43
3.435000e-15 -3.301571e+21 1.090037e+43
3.450000e-15 -3.339384e+21 1.115149e+43
3.465000e-15 -3.368499e+21 1.134678e+43
3.480000e-15 -3.388916e+21 1.148475e+43
3.495000e-15 -3.400660e+21 1.156449e+43
3.510000e-15 -3.403774e+21 1.158568e+43
3.525000e-15 -3.398325e+21 1.154861e+43
3.540000e-15 -3.384397e+21 1.145415e+43
3.555000e-15 -3.362098e+21 1.130370e+43
3.570000e-15 -3.331553e+21 1.109925e+43
3.585000e-15 -3.292908e+21 1.084324e+43
3.600000e-15 -3.246326e+21 1.053863e+43
3.615000e-15 -3.191989e+21 1.018880e+43
3.630000e-15 -3.130099e+21 9.797519e+42
3.645000e-15 -3.060871e+21 9.368930e+42
3.660000e-15 -2.984538e+21 8.907469e+42
3.675000e-15 -2.901350e+21 8.417833e+42
3.690000e-15 -2.811570e+21 7.904925e+42
3.705000e-15 -2.715475e+21 7.373805e+42
3.720000e-15 -2.613356e+21 6.829632e+42
3.735000e-15 -2.505517e+21 6.277618e+42
3.750000e-15 -2.392273e+21 5.722969e+42
3.765000e-15 -2.273948e+21 5.170840e+42
3.780000e-15 -2.150879e+21 4.626280e+42
3.795000e-15 -2.023409e+21 4.094186e+42
3.810000e-15 -1.891892e+21 3.579255e+42
3.825000e-15 -1.756686e+21 3.085946e+42
3.840000e-15 -1.618157e+21 2.618433e+42
3.855000e-15 -1.476676e+21 2.180572e+42
3.870000e-15 -1.332618e+21 1.775870e+42
3.885000e-15 -1.186361e+21 1.407451e+42
3.900000e-15 -1.038285e+21 1.078036e+42
3.915000e-15 -8.887732e+20 7.899179e+41
3.930000e-15 -7.382077e+20 5.449506e+41
3.945000e-15 -5.869704e+20 3.445343e+41
3.960000e-15 -4.354420e+20 1.896097e+41
3.975000e-15 -2.840007e+20 8.065641e+40
3.990000e-15 -1.330217e+20 1.769476e+40
4.005000e-15 1.712425e+19 2.932398e+38
4.020000e-15 1.660710e+20 2.757958e+40
4.035000e-15 3.134585e+20 9.825624e+40
4.050000e-15 4.589332e+20 2.106197e+41
4.065000e-15 6.021492e+20 3.625836e+41
4.080000e-15 7.427685e+20 5.517050e+41
4.095000e-15 8.804624e+20 7.752141e+41
4.110000e-15 1.014912e+21 1.030046e+42
4.125000e-15 1.145808e+21 1.312877e+42
4.140000e-15 1.272854e+21 1.620157e+42
4.155000e-15 1.395763e+21 1.948155e+42
4.170000e-15 1.514262e+21 2.292990e+42
4.185000e-15 1.628091e+21 2.650679e+42
4.200000e-15 1.737001e+21 3.017172e+42
4.215000e-15 1.840760e+21 3.388398e+42
4.230000e-15 1.939149e+21 3.760300e+42
4.245000e-15 2.031964e+21 4.128877e+42
4.260000e-15 2.119015e+21 4.490226e+42
4.275000e-15 2.200130e+21 4.840573e+42
4.290000e-15 2.275151e+21 5.176310e+42
4.305000e-15 2.343935e+21 5.494031e+42
4.320000e-15 2.406358e+21 5.790561e+42
4.335000e-15 2.462312e+21 6.062980e+42
4.350000e-15 2.511704e+21 6.308655e+42
4.365000e-15 2.554458e+21 6.525255e+42
4.380000e-15 2.590516e+21 6.710774e+42
4.395000e-15 2.619837e+21 6.863546e+42
4.410000e-15 2.642395e+21 6.982251e+42
4.425000e-15 2.658182e+21 7.065933e+42
4.440000e-15 2.667207e+21 7.113993e+42
4.455000e-15 2.669494e+21 7.126199e+42
4.470000e-15 2.665085e+21 7.102678e+42
4.485000e-15 2.654037e+21 7.043913e+42
4.500000e-15 2.636423e+21 6.950728e+42
4.515000e-15 2.612333e+21 6.824282e+42
4.530000e-15 2.581869e+21 6.666048e+42
4.545000e-15 2.545152e+21 6.477797e+42
4.560000e-15 2.502314e+21 6.261575e+42
4.575000e-15 2.453503e+21 6.019678e+42
4.590000e-15 2.398881e+21 5.754630e+42
4.605000e-15 2.338622e+21 5.469152e+42
4.620000e-15 2.272912e+21 5.166130e+42
4.635000e-15 2.201952e+21 4.848593e+42
4.650000e-15 2.125952e+21 4.519671e+42
4.665000e-15 2.045133e+21 4.182570e+42
4.680000e-15 1.959729e+21 3.840536e+42
4.695000e-15 1.869980e+21 3.496824e+42
4.710000e-15 1.776138e+21 3.154666e+42
4.725000e-15 1.678462e+21 2.817236e+42
4.740000e-15 1.577221e+21 2.487625e+42
4.755000e-15 1.472687e+21 2.168807e+42
4.770000e-15 1.365142e+21 1.863614e+42
4.785000e-15 1.254873e+21 1.574706e+42
4.800000e-15 1.142170e+21 1.304552e+42
4.815000e-15 1.027329e+21 1.055405e+42
4.830000e-15 9.106496e+20 8.292827e+41
4.845000e-15 7.924329e+20 6.279499e+41
4.860000e-15 6.729829e+20 4.529060e+41
4.875000e-15 5.526044e+20 3.053716e+41
4.890000e-15 4.316029e+20 1.862811e+41
4.905000e-15 3.102836e+20 9.627589e+40
4.920000e-15 1.889505e+20 3.570229e+40
4.935000e-15 6.790614e+19 4.611244e+39
4.950000e-15 -5.254952e+19 2.761452e+39
4.965000e-15 -1.721197e+20 2.962519e+40
4.980000e-15 -2.905114e+20 8.439690e+40
4.995000e-15 -4.074364e+20 1.660044e+41
5.010000e-15 -5.226114e+20 2.731227e+41
5.025000e-15 -6.357593e+20 4.041899e+41
5.040000e-15 -7.466093e+20 5.574255e+41
5.055000e-15 -8.548980e+20 7.308505e+41
5.070000e-15 -9.603695e+20 9.223096e+41
5.085000e-15 -1.062777e+21 1.129494e+42
5.100000e-15 -1.161881e+21 1.349966e+42
5.115000e-15 -1.257453e+21 1.581187e+42
5.130000e-15 -1.349274e+21 1.820539e+42
5.145000e-15 -1.437135e+21 2.065356e+42
5.160000e-15 -1.520839e+21 2.312950e+42
5.175000e-15 -1.600199e+21 2.560635e+42
5.190000e-15 -1.675040e+21 2.805759e+42
5.205000e-15 -1.745201e+21 3.045725e+42
5.220000e-15 -1.810530e+21 3.278019e+42
5.235000e-15 -1.870891e+21 3.500234e+42
5.250000e-15 -1.926160e+21 3.710091e+42
5.265000e-15 -1.976224e+21 3.905463e+42
5.280000e-15 -2.020988e+21 4.084393e+42
5.295000e-15 -2.060366e+21 4.245110e+42
5.310000e-15 -2.094290e+21 4.386050e+42
5.325000e-15 -2.122702e+21 4.505863e+42
5.340000e-15 -2.145560e+21 4.603430e+42
5.355000e-15 -2.162838e+21 4.677866e+42
5.370000e-15 -2.174519e+21 4.728534e+42
5.385000e-15 -2.180605e+21 4.755039e+42
5.400000e-15 -2.181110e+21 4.757239e+42
5.415000e-15 -2.176060e+21 4.735237e+42
5.430000e-15 -2.165498e+21 4.689382e+42
5.445000e-15 -2.149479e+21 4.620260e+42
5.460000e-15 -2.128071e+21 4.528687e+42
5.475000e-15 -2.101356e+21 4.415698e+42
5.490000e-15 -2.069429e+21 4.282534e+42
5.505000e-15 -2.032395e+21 4.130631e+42
5.520000e-15 -1.990376e+21 3.961598e+42
5.535000e-15 -1.943503e+21 3.777202e+42
5.550000e-15 -1.891917e+21 3.579350e+42
5.565000e-15 -1.835774e+21 3.370067e+42
5.580000e-15 -1.775238e+21 3.151471e+42
5.595000e-15 -1.710485e+21 2.925759e+42
5.610000e-15 -1.641699e+21 2.695176e+42
5.625000e-15 -1.569075e+21 2.461996e+42
5.640000e-15 -1.492815e+21 2.228498e+42
5.655000e-15 -1.413132e+21 1.996942e+42
5.670000e-15 -1.330244e+21 1.769548e+42
5.685000e-15 -1.244377e+21 1.548473e+42
5.700000e-15 -1.155763e+21 1.335789e+42
5.715000e-15 -1.064642e+21 1.133463e+42
5.730000e-15 -9.712574e+20 9.433410e+41
5.745000e-15 -8.758574e+20 7.671261e+41
5.760000e-15 -7.786946e+20 6.063652e+41
5.775000e-15 -6.800249e+20 4.624339e+41
5.790000e-15 -5.801070e+20 3.365241e+41
5.805000e-15 -4.792015e+20 2.296341e+41
5.820000e-15 -3.775705e+20 1.425595e+41
5.835000e-15 -2.754768e+20 7.588746e+40
5.850000e-15 -1.731832e+20 2.999242e+40
5.865000e-15 -7.095201e+19 5.034188e+39
5.880000e-15 3.095579e+19 9.582611e+38
5.895000e-15 1.322811e+20 1.749830e+40
5.910000e-15 2.327675e+20 5.418069e+40
5.925000e-15 3.321615e+20 1.103312e+41
5.940000e-15 4.302137e+20 1.850838e+41
5.955000e-15 5.266790e+20 2.773908e+41
5.970000e-15 6.213174e+20 3.860354e+41
5.985000e-15 7.138947e+20 5.096456e+41
6.000000e-15 8.041825e+20 6.467096e+41
6.015000e-15 8.919597e+20 7.955921e+41
6.030000e-15 9.770120e+20 9.545525e+41
6.045000e-15 1.059133e+21 1.121763e+42
6.060000e-15 1.138126e+21 1.295330e+42
6.075000e-15 1.213800e+21 1.473311e+42
6.090000e-15 1.285977e+21 1.653736e+42
6.105000e-15 1.354485e+21 1.834629e+42
6.120000e-15 1.419165e+21 2.014030e+42
6.135000e-15 1.479867e+21 2.190008e+42
6.150000e-15 1.536453e+21 2.360688e+42
6.165000e-15 1.588794e+21 2.524268e+42
6.180000e-15 1.636775e+21 2.679032e+42
6.195000e-15 1.680290e+21 2.823374e+42
6.210000e-15 1.719247e+21 2.955809e+42
6.225000e-15 1.753564e+21 3.074987e+42
6.240000e-15 1.783174e+21 3.179710e+42
6.255000e-15 1.808021e+21 3.268939e+42
6.270000e-15 1.828060e+21 3.341803e+42
6.285000e-15 1.843261e+21 3.397610e+42
6.300000e-15 1.853605e+21 3.435850e+42
6.315000e-15 1.859086e+21 3.456200e+42
6.330000e-15 1.859711e+21 3.458524e+42
6.345000e-15 1.855499e+21 3.442876e+42
6.360000e-15 1.846481e+21 3.409493e+42
6.375000e-15 1.832702e+21 3.358797e+42
6.390000e-15 1.814217e+21 3.291385e+42
6.405000e-15 1.791095e+21 3.208020e+42
6.420000e-15 1.763414e+21 3.109628e+42
6.435000e-15 1.731265e+21 2.997280e+42
6.450000e-15 1.694752e+21 2.872186e+42
6.465000e-15 1.653988e+21 2.735675e+42
6.480000e-15 1.609095e+21 2.589186e+42
6.495000e-15 1.560208e+21 2.434248e+42
6.510000e-15 1.507471e+21 2.272468e+42
6.525000e-15 1.451036e+21 2.105506e+42
6.540000e-15 1.391067e+21 1.935067e+42
6.555000e-15 1.327733e+21 1.762876e+42
6.570000e-15 1.261214e+21 1.590661e+42
6.585000e-15 1.191696e+21 1.420140e+42
6.600000e-15 1.119372e+21 1.252994e+42
6.615000e-15 1.044443e+21 1.090860e+42
6.630000e-15 9.671132e+20 9.353080e+41
6.645000e-15 8.875954e+20 7.878256e+41
6.660000e-15 8.061054e+20 6.498060e+41
6.675000e-15 7.228639e+20 5.225322e+41
6.690000e-15 6.380949e+20 4.071651e+41
6.705000e-15 5.520260e+20 3.047327e+41
6.720000e-15 4.648870e+20 2.161199e+41
6.735000e-15 3.769096e+20 1.420608e+41
6.750000e-15 2.883269e+20 8.313239e+40
6.765000e-15 1.993726e+20 3.974943e+40
6.780000e-15 1.102805e+20 1.216179e+40
6.795000e-15 2.128391e+19 4.530047e+38
6.810000e-15 -6.738515e+19 4.540759e+39
6.825000e-15 -1.554963e+20 2.417910e+40
6.840000e-15 -2.428216e+20 5.896232e+40
6.855000e-15 -3.291359e+20 1.083304e+41
6.870000e-15 -4.142177e+20 1.715763e+41
6.885000e-15 -4.978494e+20 2.478541e+41
6.900000e-15 -5.798184e+20 3.361893e+41
6.915000e-15 -6.599168e+20 4.354901e+41
6.930000e-15 -7.379426e+20 5.445593e+41
6.945000e-15 -8.137001e+20 6.621079e+41
6.960000e-15 -8.870002e+20 7.867694e+41
6.975000e-15 -9.576609e+20 9.171144e+41
6.990000e-15 -1.025508e+21 1.051666e+42
7.005000e-15 -1.090375e+21 1.188917e+42
7.020000e-15 -1.152104e+21 1.327343e+42
7.035000e-15 -1.210546e+21 1.465421e+42
7.050000e-15 -1.265561e+21 1.601645e+42
7.065000e-15 -1.317019e+21 1.734539e+42
7.080000e-15 -1.364799e+21 1.862678e+42
7.095000e-15 -1.408792e+21 1.984694e+42
7.110000e-15 -1.448896e+21 2.099299e+42
7.125000e-15 -1.485022e+21 2.205290e+42
7.140000e-15 -1.517092e+21 2.301567e+42
7.155000e-15 -1.545037e+21 2.387140e+42
7.170000e-15 -1.568802e+21 2.461138e+42
7.185000e-15 -1.588340e+21 2.522823e+42
7.200000e-15 -1.603617e+21 2.571586e+42
7.215000e-15 -1.614610e+21 2.606965e+42
7.230000e-15 -1.621308e+21 2.628639e+42
7.245000e-15 -1.623710e+21 2.636433e+42
7.260000e-15 -1.621827e+21 2.630322e+42
7.275000e-15 -1.615681e+21 2.610425e+42
7.290000e-15 -1.605306e+21 2.577006e+42
7.305000e-15 -1.590745e+21 2.530469e+42
7.320000e-15 -1.572054e+21 2.471353e+42
7.335000e-15 -1.549298e+21 2.400324e+42
7.350000e-15 -1.522554e+21 2.318169e+42
7.365000e-15 -1.491907e+21 2.225786e+42
7.380000e-15 -1.457454e+21 2.124171e+42
7.395000e-15 -1.419300e+21 2.014412e+42
7.410000e-15 -1.377561e+21 1.897674e+42
7.425000e-15 -1.332360e+21 1.775184e+42
7.440000e-15 -1.283831e+21 1.648223e+42
7.455000e-15 -1.232114e+21 1.518106e+42
7.470000e-15 -1.177358e+21 1.386172e+42
7.485000e-15 -1.119719e+21 1.253771e+42
7.500000e-15 -1.059360e+21 1.122244e+42
7.515000e-15 -9.964509e+20 9.929145e+41
7.530000e-15 -9.311672e+20 8.670723e+41
7.545000e-15 -8.636901e+20 7.459605e+41
7.560000e-15 -7.942059e+20 6.307630e+41
7.575000e-15 -7.229055e+20 5.225924e+41
7.590000e-15 -6.499838e+20 4.224790e+41
7.605000e-15 -5.756392e+20 3.313605e+41
7.620000e-15 -5.000730e+20 2.500730e+41
7.635000e-15 -4.234891e+20 1.793430e+41
7.650000e-15 -3.460931e+20 1.197804e+41
7.665000e-15 -2.680921e+20 7.187335e+40
7.680000e-15 -1.896939e+20 3.598376e+40
7.695000e-15 -1.111066e+20 1.234467e+40
7.710000e-15 -3.253792e+19 1.058716e+39
7.725000e-15 4.580512e+19 2.098109e+39
7.740000e-15 1.237170e+20 1.530590e+40
7.755000e-15 2.009942e+20 4.039866e+40
7.770000e-15 2.774354e+20 7.697042e+40
7.785000e-15 3.528426e+20 1.244979e+41
7.800000e-15 4.270209e+20 1.823468e+41
7.815000e-15 4.997796e+20 2.497797e+41
7.830000e-15 5.709325e+20 3.259639e+41
7.845000e-15 6.402982e+20 4.099818e+41
7.860000e-15 7.077008e+20 5.008404e+41
7.875000e-15 7.729701e+20 5.974828e+41
7.890000e-15 8.359423e+20 6.987996e+41
7.905000e-15 8.964602e+20 8.036410e+41
7.920000e-15 9.543737e+20 9.108292e+41
7.935000e-15 1.009540e+21 1.019171e+42
7.950000e-15 1.061824e+21 1.127471e+42
7.965000e-15 1.111100e+21 1.234542e+42
7.980000e-15 1.157248e+21 1.339222e+42
7.995000e-15 1.200158e+21 1.440380e+42
8.010000e-15 1.239731e+21 1.536933e+42
8.025000e-15 1.275874e+21 1.627854e+42
8.040000e-15 1.308505e+21 1.712185e+42
8.055000e-15 1.337551e+21 1.789043e+42
8.070000e-15 1.362949e+21 1.857631e+42
8.085000e-15 1.384647e+21 1.917246e+42
8.100000e-15 1.402599e+21 1.967285e+42
8.115000e-15 1.416774e+21 2.007250e+42
8.130000e-15 1.427149e+21 2.036753e+42
8.145000e-15 1.433709e+21 2.055521e+42
8.160000e-15 1.436452e+21 2.063394e+42
8.175000e-15 1.435385e+21 2.060330e+42
8.190000e-15 1.430525e+21 2.046402e+42
8.205000e-15 1.421899e+21 2.021797e+42
8.220000e-15 1.409544e+21 1.986813e+42
8.235000e-15 1.393505e+21 1.941857e+42
8.250000e-15 1.373840e+21 1.887436e+42
8.265000e-15 1.350613e+21 1.824155e+42
8.280000e-15 1.323899e+21 1.752707e+42
8.295000e-15 1.293780e+21 1.673867e+42
8.310000e-15 1.260350e+21 1.588482e+42
8.325000e-15 1.223708e+21 1.497461e+42
8.340000e-15 1.183963e+21 1.401767e+42
8.355000e-15 1.141230e+21 1.302407e+42
8.370000e-15 1.095635e+21 1.200416e+42
8.385000e-15 1.047307e+21 1.096851e+42
8.400000e-15 9.963834e+20 9.927798e+41
8.415000e-15 9.430088e+20 8.892656e+41
8.430000e-15 8.873326e+20 7.873592e+41
8.445000e-15 8.295102e+20 6.880871e+41
8.460000e-15 7.697018e+20 5.924408e+41
8.475000e-15 7.080724e+20 5.013665e+41
8.490000e-15 6.447914e+20 4.157559e+41
8.505000e-15 5.800316e+20 3.364366e+41
8.520000e-15 5.139693e+20 2.641645e+41
8.535000e-15 4.467837e+20 1.996156e+41
8.550000e-15 3.786559e+20 1.433803e+41
8.565000e-15 3.097694e+20 9.595711e+40
8.580000e-15 2.403087e+20 5.774829e+40
8.595000e-15 1.704593e+20 2.905637e+40
8.610000e-15 1.004069e+20 1.008155e+40
8.625000e-15 3.033735e+19 9.203548e+38
8.640000e-15 -3.956428e+19 1.565332e+39
8.655000e-15 -1.091139e+20 1.190585e+40
8.670000e-15 -1.781291e+20 3.172998e+40
8.685000e-15 -2.464294e+20 6.072743e+40
8.700000e-15 -3.138368e+20 9.849351e+40
8.715000e-15 -3.801763e+20 1.445340e+41
8.730000e-15 -4.452764e+20 1.982711e+41
8.745000e-15 -5.089693e+20 2.590498e+41
8.760000e-15 -5.710916e+20 3.261456e+41
8.775000e-15 -6.314845e+20 3.987727e+41
8.790000e-15 -6.899943e+20 4.760922e+41
8.805000e-15 -7.464728e+20 5.572217e+41
8.820000e-15 -8.007777e+20 6.412449e+41
8.835000e-15 -8.527728e+20 7.272214e+41
8.850000e-15 -9.023284e+20 8.141966e+41
8.865000e-15 -9.493219e+20 9.012121e+41
8.880000e-15 -9.936377e+20 9.873158e+41
8.895000e-15 -1.035167e+21 1.071572e+42
8.910000e-15 -1.073811e+21 1.153070e+42
8.925000e-15 -1.109475e+21 1.230935e+42
8.940000e-15 -1.142076e+21 1.304339e+42
8.955000e-15 -1.171538e+21 1.372502e+42
8.970000e-15 -1.197793e+21 1.434709e+42
8.985000e-15 -1.220783e+21 1.490311e+42
9.000000e-15 -1.240457e+21 1.538732e+42
9.015000e-15 -1.256773e+21 1.579480e+42
9.030000e-15 -1.269701e+21 1.612142e+42
9.045000e-15 -1.279217e+21 1.636397e+42
9.060000e-15 -1.285307e+21 1.652015e+42
9.075000e-15 -1.287966e+21 1.658857e+42
9.090000e-15 -1.287198e+21 1.656879e+42
9.105000e-15 -1.283016e+21 1.646131e+42
9.120000e-15 -1.275443e+21 1.626755e+42
9.135000e-15 -1.264509e+21 1.598983e+42
9.150000e-15 -1.250254e+21 1.563135e+42
9.165000e-15 -1.232726e+21 1.519615e+42
9.180000e-15 -1.211983e+21 1.468904e+42
9.195000e-15 -1.188090e+21 1.411557e+42
9.210000e-15 -1.161119e+21 1.348198e+42
9.225000e-15 -1.131152e+21 1.279506e+42
9.240000e-15 -1.098279e+21 1.206216e+42
9.255000e-15 -1.062594e+21 1.129106e+42
9.270000e-15 -1.024202e+21 1.048990e+42
9.285000e-15 -9.832130e+20 9.667077e+41
9.300000e-15 -9.397433e+20 8.831174e+41
9.315000e-15 -8.939160e+20 7.990858e+41
9.330000e-15 -8.458600e+20 7.154792e+41
9.345000e-15 -7.957096e+20 6.331537e+41
9.360000e-15 -7.436041e+20 5.529471e+41
9.375000e-15 -6.896877e+20 4.756692e+41
9.390000e-15 -6.341090e+20 4.020943e+41
9.405000e-15 -5.770204e+20 3.329526e+41
9.420000e-15 -5.185780e+20 2.689231e+41
9.435000e-15 -4.589407e+20 2.106266e+41
9.450000e-15 -3.982705e+20 1.586194e+41
9.465000e-15 -3.367315e+20 1.133881e+41
9.480000e-15 -2.744893e+20 7.534440e+40
9.495000e-15 -2.117114e+20 4.482173e+40
9.510000e-15 -1.485659e+20 2.207183e+40
9.525000e-15 -8.522140e+19 7.262686e+39
9.540000e-15 -2.184659e+19 4.772737e+38
9.555000e-15 4.139024e+19 1.713152e+39
9.570000e-15 1.043217e+20 1.088301e+40
9.585000e-15 1.667816e+20 2.781612e+40
9.600000e-15 2.286057e+20 5.226057e+40
9.615000e-15 2.896317e+20 8.388650e+40
9.630000e-15 3.496998e+20 1.222900e+41
9.645000e-15 4.086536e+20 1.669978e+41
9.660000e-15 4.663397e+20 2.174727e+41
9.675000e-15 5.226087e+20 2.731199e+41
9.690000e-15 5.773153e+20 3.332930e+41
9.705000e-15 6.303188e+20 3.973018e+41
9.720000e-15 6.814834e+20 4.644197e+41
9.735000e-15 7.306786e+20 5.338912e+41
9.750000e-15 7.777793e+20 6.049407e+41
9.765000e-15 8.226666e+20 6.767804e+41
9.780000e-15 8.652276e+20 7.486188e+41
9.795000e-15 9.053560e+20 8.196695e+41
9.810000e-15 9.429521e+20 8.891587e+41
9.825000e-15 9.779234e+20 9.563342e+41
9.840000e-15 1.010184e+21 1.020473e+42
9.855000e-15 1.039657e+21 1.080887e+42
9.870000e-15 1.066272e+21 1.136935e+42
9.885000e-15 1.089965e+21 1.188024e+42
9.900000e-15 1.110683e+21 1.233616e+42
9.915000e-15 1.128378e+21 1.273237e+42
9.930000e-15 1.143013e+21 1.306478e+42
9.945000e-15 1.154557e+21 1.333001e+42
9.960000e-15 1.162988e+21 1.352540e+42
9.975000e-15 1.168292e+21 1.364907e+42
9.990000e-15 1.170466e+21 1.369990e+42
1.000500e-14 1.169511e+21 1.367755e+42
1.002000e-14 1.165439e+21 1.358247e+42
1.003500e-14 1.158269e+21 1.341588e+42
1.005000e-14 1.148031e+21 1.317975e+42
1.006500e-14 1.134759e+21 1.287677e+42
1.008000e-14 1.118497e+21 1.251035e+42
1.009500e-14 1.099298e+21 1.208455e+42
1.011000e-14 1.077220e+21 1.160402e+42
1.012500e-14 1.052330e+21 1.107399e+42
1.014000e-14 1.024704e+21 1.050018e+42
1.015500e-14 9.944215e+20 9.888741e+41
1.017000e-14 9.615713e+20 9.246194e+41
1.018500e-14 9.262481e+20 8.579355e+41
1.020000e-14 8.885529e+20 7.895263e+41
1.021500e-14 8.485929e+20 7.201099e+41
1.023000e-14 8.064810e+20 6.504115e+41
1.024500e-14 7.623353e+20 5.811551e+41
1.026000e-14 7.162794e+20 5.130562e+41
1.027500e-14 6.684413e+20 4.468138e+41
1.029000e-14 6.189537e+20 3.831037e+41
1.030500e-14 5.679531e+20 3.225707e+41
1.032000e-14 5.155797e+20 2.658224e+41
1.033500e-14 4.619772e+20 2.134229e+41
1.035000e-14 4.072919e+20 1.658867e+41
1.036500e-14 3.516728e+20 1.236738e+41
1.038000e-14 2.952709e+20 8.718493e+40
1.039500e-14 2.382390e+20 5.675783e+40
1.041000e-14 1.807310e+20 3.266370e+40
1.042500e-14 1.229018e+20 1.510485e+40
1.044000e-14 6.490662e+19 4.212869e+39
1.045500e-14 6.900855e+18 4.762180e+37
1.047000e-14 -5.096057e+19 2.596980e+39
1.048500e-14 -1.085235e+20 1.177735e+40
1.050000e-14 -1.656350e+20 2.743496e+40
1.051500e-14 -2.221438e+20 4.934785e+40
1.053000e-14 -2.779004e+20 7.722864e+40
1.054500e-14 -3.327581e+20 1.107279e+41
1.056000e-14 -3.865726e+20 1.494384e+41
1.057500e-14 -4.392030e+20 1.928992e+41
1.059000e-14 -4.905118e+20 2.406018e+41
1.060500e-14 -5.403656e+20 2.919949e+41
1.062000e-14 -5.886349e+20 3.464911e+41
1.063500e-14 -6.351952e+20 4.034729e+41
1.065000e-14 -6.799264e+20 4.623000e+41
1.066500e-14 -7.227141e+20 5.223157e+41
1.068000e-14 -7.634490e+20 5.828544e+41
1.069500e-14 -8.020279e+20 6.432487e+41
1.071000e-14 -8.383532e+20 7.028361e+41
1.072500e-14 -8.723341e+20 7.609668e+41
1.074000e-14 -9.038859e+20 8.170097e+41
1.075500e-14 -9.329308e+20 8.703599e+41
1.077000e-14 -9.593979e+20 9.204443e+41
1.078500e-14 -9.832233e+20 9.667281e+41
1.080000e-14 -1.004350e+21 1.008720e+42
1.081500e-14 -1.022730e+21 1.045977e+42
1.083000e-14 -1.038320e+21 1.078109e+42
1.084500e-14 -1.051087e+21 1.104783e+42
1.086000e-14 -1.061003e+21 1.125728e+42
1.087500e-14 -1.068051e+21 1.140732e+42
1.089000e-14 -1.072218e+21 1.149651e+42
1.090500e-14 -1.073502e+21 1.152406e+42
1.092000e-14 -1.071906e+21 1.148982e+42
1.093500e-14 -1.067443e+21 1.139434e+42
1.095000e-14 -1.060132e+21 1.123880e+42
1.096500e-14 -1.050001e+21 1.102502e+42
1.098000e-14 -1.037084e+21 1.075543e+42
1.099500e-14 -1.021423e+21 1.043305e+42
1.101000e-14 -1.003068e+21 1.006145e+42
1.102500e-14 -9.820740e+20 9.644694e+41
1.104000e-14 -9.585054e+20 9.187327e+41
1.105500e-14 -9.324319e+20 8.694293e+41
1.107000e-14 -9.039299e+20 8.170893e+41
1.108500e-14 -8.730823e+20 7.622727e+41
1.110000e-14 -8.399778e+20 7.055628e+41
1.111500e-14 -8.047113e+20 6.475602e+41
1.113000e-14 -7.673828e+20 5.888764e+41
1.114500e-14 -7.280979e+20 5.301265e+41
1.116000e-14 -6.869669e+20 4.719235e+41
1.117500e-14 -6.441050e+20 4.148713e+41
1.119000e-14 -5.996316e+20 3.595580e+41
1.120500e-14 -5.536700e+20 3.065505e+41
1.122000e-14 -5.063474e+20 2.563877e+41
1.123500e-14 -4.577941e+20 2.095755e+41
1.125000e-14 -4.081435e+20 1.665811e+41
1.126500e-14 -3.575315e+20 1.278288e+41
1.128000e-14 -3.060963e+20 9.369494e+40
1.129500e-14 -2.539778e+20 6.450470e+40
1.131000e-14 -2.013174e+20 4.052869e+40
1.132500e-14 -1.482577e+20 2.198036e+40
1.134000e-14 -9.494201e+19 9.013985e+39
1.135500e-14 -4.151374e+19 1.723390e+39
1.137000e-14 1.188362e+19 1.412205e+38
1.138500e-14 6.510706e+19 4.238930e+39
1.140000e-14 1.180144e+20 1.392741e+40
1.141500e-14 1.704648e+20 2.905824e+40
1.143000e-14 2.223188e+20 4.942563e+40
1.144500e-14 2.734390e+20 7.476889e+40
1.146000e-14 3.236904e+20 1.047755e+41
1.147500e-14 3.729407e+20 1.390847e+41
1.149000e-14 4.210604e+20 1.772918e+41
1.150500e-14 4.679236e+20 2.189525e+41
1.152000e-14 5.134079e+20 2.635877e+41
1.153500e-14 5.573952e+20 3.106894e+41
1.155000e-14 5.997714e+20 3.597257e+41
1.156500e-14 6.404272e+20 4.101470e+41
1.158000e-14 6.792582e+20 4.613917e+41
1.159500e-14 7.161650e+20 5.128923e+41
1.161000e-14 7.510538e+20 5.640818e+41
1.162500e-14 7.838363e+20 6.143993e+41
1.164000e-14 8.144302e+20 6.632965e+41
1.165500e-14 8.427592e+20 7.102430e+41
1.167000e-14 8.687532e+20 7.547322e+41
1.168500e-14 8.923488e+20 7.962864e+41
1.170000e-14 9.134889e+20 8.344619e+41
1.171500e-14 9.321232e+20 8.688536e+41
1.173000e-14 9.482082e+20 8.990989e+41
1.174500e-14 9.617076e+20 9.248816e+41
1.176000e-14 9.725918e+20 9.459349e+41
1.177500e-14 9.808385e+20 9.620442e+41
1.179000e-14 9.864324e+20 9.730488e+41
1.180500e-14 9.893653e+20 9.788436e+41
1.182000e-14 9.896362e+20 9.793799e+41
1.183500e-14 9.872514e+20 9.746654e+41
1.185000e-14 9.822241e+20 9.647641e+41
1.186500e-14 9.745745e+20 9.497954e+41
1.188000e-14 9.643299e+20 9.299322e+41
1.189500e-14 9.515245e+20 9.053989e+41
1.191000e-14 9.361991e+20 8.764688e+41
1.192500e-14 9.184014e+20 8.434611e+41
1.194000e-14 8.981853e+20 8.067368e+41
1.195500e-14 8.756112e+20 7.666949e+41
1.197000e-14 8.507456e+20 7.237682e+41
1.198500e-14 8.236612e+20 6.784177e+41
1.200000e-14 7.944361e+20 6.311286e+41
1.201500e-14 7.631540e+20 5.824041e+41
1.203000e-14 7.299042e+20 5.327601e+41
1.204500e-14 6.947807e+20 4.827202e+41
1.206000e-14 6.578824e+20 4.328092e+41
1.207500e-14 6.193127e+20 3.835482e+41
1.209000e-14 5.791791e+20 3.354485e+41
1.210500e-14 5.375934e+20 2.890066e+41
1.212000e-14 4.946705e+20 2.446989e+41
1.213500e-14 4.505288e+20 2.029762e+41
1.215000e-14 4.052898e+20 1.642598e+41
1.216500e-14 3.590774e+20 1.289366e+41
1.218000e-14 3.120179e+20 9.735517e+40
1.219500e-14 2.642396e+20 6.982257e+40
1.221000e-14 2.158723e+20 4.660087e+40
1.222500e-14 1.670472e+20 2.790476e+40
1.224000e-14 1.178961e+20 1.389949e+40
1.225500e-14 6.855165e+19 4.699329e+39
1.227000e-14 1.914656e+19 3.665906e+38
1.228500e-14 -3.018666e+19 9.112342e+38
1.230000e-14 -7.931596e+19 6.291021e+39
1.231500e-14 -1.281102e+20 1.641222e+40
1.233000e-14 -1.764395e+20 3.113088e+40
1.234500e-14 -2.241754e+20 5.025460e+40
1.236000e-14 -2.711915e+20 7.354483e+40
1.237500e-14 -3.173636e+20 1.007197e+41
1.239000e-14 -3.625701e+20 1.314571e+41
1.240500e-14 -4.066922e+20 1.653986e+41
1.242000e-14 -4.496143e+20 2.021530e+41
1.243500e-14 -4.912244e+20 2.413014e+41
1.245000e-14 -5.314141e+20 2.824010e+41
1.246500e-14 -5.700793e+20 3.249904e+41
1.248000e-14 -6.071201e+20 3.685948e+41
1.249500e-14 -6.424412e+20 4.127307e+41
1.251000e-14 -6.759520e+20 4.569112e+41
1.252500e-14 -7.075673e+20 5.006515e+41
1.254000e-14 -7.372070e+20 5.434741e+41
1.255500e-14 -7.647962e+20 5.849133e+41
1.257000e-14 -7.902662e+20 6.245207e+41
1.258500e-14 -8.135538e+20 6.618697e+41
1.260000e-14 -8.346018e+20 6.965601e+41
1.261500e-14 -8.533592e+20 7.282219e+41
1.263000e-14 -8.697812e+20 7.565194e+41
1.264500e-14 -8.838296e+20 7.811547e+41
1.266000e-14 -8.954722e+20 8.018704e+41
1.267500e-14 -9.046836e+20 8.184525e+41
1.269000e-14 -9.114451e+20 8.307321e+41
1.270500e-14 -9.157442e+20 8.385874e+41
1.272000e-14 -9.175753e+20 8.419444e+41
1.273500e-14 -9.169394e+20 8.407778e+41
1.275000e-14 -9.138439e+20 8.351108e+41
1.276500e-14 -9.083032e+20 8.250146e+41
1.278000e-14 -9.003376e+20 8.106078e+41
1.279500e-14 -8.899744e+20 7.920544e+41
1.281000e-14 -8.772469e+20 7.695620e+41
1.282500e-14 -8.621947e+20 7.433797e+41
1.284000e-14 -8.448637e+20 7.137947e+41
1.285500e-14 -8.253057e+20 6.811295e+41
1.287000e-14 -8.035783e+20 6.457380e+41
1.288500e-14 -7.797447e+20 6.080017e+41
1.290000e-14 -7.538737e+20 5.683256e+41
1.291500e-14 -7.260394e+20 5.271333e+41
1.293000e-14 -6.963211e+20 4.848630e+41
1.294500e-14 -6.648025e+20 4.419624e+41
1.296000e-14 -6.315726e+20 3.988839e+41
1.297500e-14 -5.967241e+20 3.560797e+41
1.299000e-14 -5.603543e+20 3.139970e+41
1.300500e-14 -5.225643e+20 2.730734e+41
1.302000e-14 -4.834584e+20 2.337320e+41
1.303500e-14 -4.431446e+20 1.963771e+41
1.305000e-14 -4.017337e+20 1.613900e+41
1.306500e-14 -3.593393e+20 1.291247e+41
1.308000e-14 -3.160772e+20 9.990477e+40
1.309500e-14 -2.720653e+20 7.401955e+40
1.311000e-14 -2.274235e+20 5.172146e+40
1.312500e-14 -1.822728e+20 3.322338e+40
1.314000e-14 -1.367355e+20 1.869659e+40
1.315500e-14 -9.093443e+19 8.269071e+39
1.317000e-14 -4.499312e+19 2.024381e+39
1.318500e-14 9.649335e+17 9.310967e+35
1.320000e-14 4.681646e+19 2.191781e+39
1.321500e-14 9.243871e+19 8.544915e+39
1.323000e-14 1.377099e+20 1.896400e+40
1.324500e-14 1.825092e+20 3.330962e+40
1.326000e-14 2.267178e+20 5.140094e+40
1.327500e-14 2.702181e+20 7.301784e+40
1.329000e-14 3.128952e+20 9.790344e+40
1.330500e-14 3.546364e+20 1.257670e+41
1.332000e-14 3.953318e+20 1.562872e+41
1.333500e-14 4.348745e+20 1.891158e+41
1.335000e-14 4.731608e+20 2.238812e+41
1.336500e-14 5.100910e+20 2.601928e+41
1.338000e-14 5.455688e+20 2.976453e+41
1.339500e-14 5.795022e+20 3.358228e+41
1.341000e-14 6.118035e+20 3.743036e+41
1.342500e-14 6.423897e+20 4.126645e+41
1.344000e-14 6.711823e+20 4.504857e+41
1.345500e-14 6.981080e+20 4.873548e+41
1.347000e-14 7.230985e+20 5.228714e+41
1.348500e-14 7.460910e+20 5.566517e+41
1.350000e-14 7.670280e+20 5.883319e+41
1.351500e-14 7.858578e+20 6.175724e+41
1.353000e-14 8.025343e+20 6.440613e+41
1.354500e-14 8.170174e+20 6.675175e+41
1.356000e-14 8.292730e+20 6.876936e+41
1.357500e-14 8.392728e+20 7.043788e+41
1.359000e-14 8.469948e+20 7.174002e+41
1.360500e-14 8.524232e+20 7.266254e+41
1.362000e-14 8.555483e+20 7.319629e+41
1.363500e-14 8.563665e+20 7.333636e+41
1.365000e-14 8.548806e+20 7.308208e+41
1.366500e-14 8.510993e+20 7.243701e+41
1.368000e-14 8.450378e+20 7.140889e+41
1.369500e-14 8.367171e+20 7.000955e+41
1.371000e-14 8.261643e+20 6.825474e+41
1.372500e-14 8.134124e+20 6.616397e+41
1.374000e-14 7.985004e+20 6.376028e+41
1.375500e-14 7.814727e+20 6.106996e+41
1.377000e-14 7.623797e+20 5.812228e+41
1.378500e-14 7.412768e+20 5.494913e+41
1.380000e-14 7.182250e+20 5.158472e+41
1.381500e-14 6.932903e+20 4.806515e+41
1.383000e-14 6.665437e+20 4.442804e+41
1.384500e-14 6.380606e+20 4.071214e+41
1.386000e-14 6.079214e+20 3.695684e+41
1.387500e-14 5.762104e+20 3.320184e+41
1.389000e-14 5.430161e+20 2.948665e+41
1.390500e-14 5.084308e+20 2.585019e+41
1.392000e-14 4.725504e+20 2.233039e+41
1.393500e-14 4.354739e+20 1.896375e+41
1.395000e-14 3.973035e+20 1.578501e+41
1.396500e-14 3.581441e+20 1.282672e+41
1.398000e-14 3.181029e+20 1.011895e+41
1.399500e-14 2.772895e+20 7.688948e+40
1.401000e-14 2.358152e+20 5.560880e+40
1.402500e-14 1.937928e+20 3.755566e+40
1.404000e-14 1.513365e+20 2.290274e+40
1.405500e-14 1.085614e+20 1.178557e+40
1.407000e-14 6.558306e+19 4.301138e+39
1.408500e-14 2.251760e+19 5.070423e+38
1.410000e-14 -2.051901e+19 4.210296e+38
1.411500e-14 -6.341105e+19 4.020961e+39
1.413000e-14 -1.060434e+20 1.124521e+40
1.414500e-14 -1.483020e+20 2.199348e+40
1.416000e-14 -1.900738e+20 3.612806e+40
1.417500e-14 -2.312475e+20 5.347541e+40
1.419000e-14 -2.717135e+20 7.382820e+40
1.420500e-14 -3.113642e+20 9.694769e+40
1.422000e-14 -3.500948e+20 1.225664e+41
1.423500e-14 -3.878028e+20 1.503910e+41
1.425000e-14 -4.243888e+20 1.801058e+41
1.426500e-14 -4.597566e+20 2.113761e+41
1.428000e-14 -4.938134e+20 2.438517e+41
1.429500e-14 -5.264703e+20 2.771709e+41
1.431000e-14 -5.576421e+20 3.109647e+41
1.432500e-14 -5.872479e+20 3.448601e+41
1.434000e-14 -6.152113e+20 3.784849e+41
1.435500e-14 -6.414601e+20 4.114710e+41
1.437000e-14 -6.659272e+20 4.434590e+41
1.438500e-14 -6.885502e+20 4.741014e+41
1.440000e-14 -7.092720e+20 5.030668e+41
1.441500e-14 -7.280406e+20 5.300431e+41
1.443000e-14 -7.448093e+20 5.547409e+41
1.444500e-14 -7.595370e+20 5.768965e+41
1.446000e-14 -7.721881e+20 5.962745e+41
1.447500e-14 -7.827327e+20 6.126705e+41
1.449000e-14 -7.911466e+20 6.259130e+41
1.450500e-14 -7.974114e+20 6.358650e+41
1.452000e-14 -8.015146e+20 6.424256e+41
1.453500e-14 -8.034493e+20 6.455308e+41
1.455000e-14 -8.032147e+20 6.451539e+41
1.456500e-14 -8.008158e+20 6.413059e+41
1.458000e-14 -7.962633e+20 6.340352e+41
1.459500e-14 -7.895738e+20 6.234268e+41
1.461000e-14 -7.807696e+20 6.096012e+41
1.462500e-14 -7.698786e+20 5.927131e+41
1.464000e-14 -7.569344e+20 5.729496e+41
1.465500e-14 -7.419758e+20 5.505281e+41
1.467000e-14 -7.250472e+20 5.256935e+41
1.468500e-14 -7.061982e+20 4.987159e+41
1.470000e-14 -6.854833e+20 4.698874e+41
1.471500e-14 -6.629622e+20 4.395188e+41
1.473000e-14 -6.386990e+20 4.079364e+41
1.474500e-14 -6.127626e+20 3.754780e+41
1.476000e-14 -5.852263e+20 3.424899e+41
1.477500e-14 -5.561675e+20 3.093223e+41
1.479000e-14 -5.256675e+20 2.763263e+41
1.480500e-14 -4.938114e+20 2.438497e+41
1.482000e-14 -4.606877e+20 2.122332e+41
1.483500e-14 -4.263883e+20 1.818070e+41
1.485000e-14 -3.910080e+20 1.528872e+41
1.486500e-14 -3.546442e+20 1.257725e+41
1.488000e-14 -3.173969e+20 1.007408e+41
1.489500e-14 -2.793684e+20 7.804669e+40
1.491000e-14 -2.406626e+20 5.791851e+40
1.492500e-14 -2.013854e+20 4.055608e+40
1.494000e-14 -1.616437e+20 2.612867e+40
1.495500e-14 -1.215455e+20 1.477331e+40
1.497000e-14 -8.119975e+19 6.593399e+39
1.498500e-14 -4.071566e+19 1.657765e+39
