0.000000e+00 nan nan
1.500000e-17 6.706347e+14 4.497509e+29
3.000000e-17 1.072461e+16 1.150173e+32
4.500000e-17 5.424661e+16 2.942694e+33
6.000000e-17 1.712394e+17 2.932294e+34
7.500000e-17 4.174172e+17 1.742371e+35
9.000000e-17 8.639167e+17 7.463521e+35
1.050000e-16 1.596929e+18 2.550182e+36
1.200000e-16 2.717252e+18 7.383457e+36
1.350000e-16 4.339764e+18 1.883355e+37
1.500000e-16 6.592828e+18 4.346538e+37
1.650000e-16 9.617616e+18 9.249854e+37
1.800000e-16 1.356737e+19 1.840736e+38
1.950000e-16 1.860660e+19 3.462055e+38
2.100000e-16 2.491019e+19 6.205176e+38
2.250000e-16 3.266251e+19 1.066839e+39
2.400000e-16 4.205638e+19 1.768739e+39
2.550000e-16 5.329208e+19 2.840046e+39
2.700000e-16 6.657623e+19 4.432395e+39
2.850000e-16 8.212069e+19 6.743807e+39
3.000000e-16 1.001414e+20 1.002829e+40
3.150000e-16 1.208570e+20 1.460642e+40
3.300000e-16 1.444881e+20 2.087680e+40
3.450000e-16 1.712554e+20 2.932840e+40
3.600000e-16 2.013788e+20 4.055341e+40
3.750000e-16 2.350761e+20 5.526077e+40
3.900000e-16 2.725616e+20 7.428985e+40
4.050000e-16 3.140451e+20 9.862430e+40
4.200000e-16 3.597299e+20 1.294056e+41
4.350000e-16 4.098125e+20 1.679463e+41
4.500000e-16 4.644807e+20 2.157423e+41
4.650000e-16 5.239123e+20 2.744841e+41
4.800000e-16 5.882745e+20 3.460669e+41
4.950000e-16 6.577221e+20 4.325984e+41
5.100000e-16 7.323967e+20 5.364049e+41
5.250000e-16 8.124252e+20 6.600348e+41
5.400000e-16 8.979195e+20 8.062595e+41
5.550000e-16 9.889747e+20 9.780710e+41
5.700000e-16 1.085669e+21 1.178676e+42
5.850000e-16 1.188060e+21 1.411488e+42
6.000000e-16 1.296191e+21 1.680111e+42
6.150000e-16 1.410080e+21 1.988326e+42
6.300000e-16 1.529728e+21 2.340068e+42
6.450000e-16 1.655114e+21 2.739401e+42
6.600000e-16 1.786193e+21 3.190486e+42
6.750000e-16 1.922902e+21 3.697553e+42
6.900000e-16 2.065153e+21 4.264855e+42
7.050000e-16 2.212834e+21 4.896633e+42
7.200000e-16 2.365812e+21 5.597067e+42
7.350000e-16 2.523931e+21 6.370229e+42
7.500000e-16 2.687011e+21 7.220029e+42
7.650000e-16 2.854849e+21 8.150162e+42
7.800000e-16 3.027219e+21 9.164054e+42
7.950000e-16 3.203873e+21 1.026480e+43
8.100000e-16 3.384539e+21 1.145511e+43
8.250000e-16 3.568927e+21 1.273724e+43
8.400000e-16 3.756722e+21 1.411296e+43
8.550000e-16 3.947588e+21 1.558345e+43
8.700000e-16 4.141173e+21 1.714932e+43
8.850000e-16 4.337103e+21 1.881046e+43
9.000000e-16 4.534984e+21 2.056608e+43
9.150000e-16 4.734410e+21 2.241463e+43
9.300000e-16 4.934952e+21 2.435375e+43
9.450000e-16 5.136172e+21 2.638026e+43
9.600000e-16 5.337614e+21 2.849012e+43
9.750000e-16 5.538811e+21 3.067842e+43
9.900000e-16 5.739283e+21 3.293937e+43
1.005000e-15 5.938542e+21 3.526628e+43
1.020000e-15 6.136090e+21 3.765160e+43
1.035000e-15 6.331422e+21 4.008691e+43
1.050000e-15 6.524028e+21 4.256294e+43
1.065000e-15 6.713392e+21 4.506963e+43
1.080000e-15 6.898997e+21 4.759616e+43
1.095000e-15 7.080326e+21 5.013101e+43
1.110000e-15 7.256861e+21 5.266203e+43
1.125000e-15 7.428086e+21 5.517646e+43
1.140000e-15 7.593492e+21 5.766111e+43
1.155000e-15 7.752572e+21 6.010237e+43
1.170000e-15 7.904829e+21 6.248632e+43
1.185000e-15 8.049774e+21 6.479887e+43
1.200000e-15 8.186930e+21 6.702583e+43
1.215000e-15 8.315831e+21 6.915304e+43
1.230000e-15 8.436025e+21 7.116651e+43
1.245000e-15 8.547076e+21 7.305250e+43
1.260000e-15 8.648565e+21 7.479768e+43
1.275000e-15 8.740093e+21 7.638923e+43
1.290000e-15 8.821280e+21 7.781498e+43
1.305000e-15 8.891766e+21 7.906351e+43
1.320000e-15 8.951217e+21 8.012428e+43
1.335000e-15 8.999320e+21 8.098777e+43
1.350000e-15 9.035791e+21 8.164552e+43
1.365000e-15 9.060369e+21 8.209028e+43
1.380000e-15 9.072822e+21 8.231610e+43
1.395000e-15 9.072948e+21 8.231839e+43
1.410000e-15 9.060573e+21 8.209398e+43
1.425000e-15 9.035553e+21 8.164123e+43
1.440000e-15 8.997778e+21 8.096000e+43
1.455000e-15 8.947165e+21 8.005176e+43
1.470000e-15 8.883668e+21 7.891955e+43
1.485000e-15 8.807270e+21 7.756801e+43
1.500000e-15 8.717991e+21 7.600337e+43
1.515000e-15 8.615881e+21 7.423341e+43
1.530000e-15 8.501025e+21 7.226743e+43
1.545000e-15 8.373542e+21 7.011620e+43
1.560000e-15 8.233583e+21 6.779189e+43
1.575000e-15 8.081333e+21 6.530795e+43
1.590000e-15 7.917011e+21 6.267907e+43
1.605000e-15 7.740868e+21 5.992104e+43
1.620000e-15 7.553187e+21 5.705064e+43
1.635000e-15 7.354283e+21 5.408547e+43
1.650000e-15 7.144501e+21 5.104389e+43
1.665000e-15 6.924217e+21 4.794478e+43
1.680000e-15 6.693837e+21 4.480745e+43
1.695000e-15 6.453793e+21 4.165145e+43
1.710000e-15 6.204548e+21 3.849642e+43
1.725000e-15 5.946587e+21 3.536190e+43
1.740000e-15 5.680423e+21 3.226720e+43
1.755000e-15 5.406590e+21 2.923121e+43
1.770000e-15 5.125646e+21 2.627225e+43
1.785000e-15 4.838170e+21 2.340789e+43
1.800000e-15 4.544758e+21 2.065483e+43
1.815000e-15 4.246026e+21 1.802874e+43
1.830000e-15 3.942604e+21 1.554413e+43
1.845000e-15 3.635138e+21 1.321423e+43
1.860000e-15 3.324285e+21 1.105087e+43
1.875000e-15 3.010712e+21 9.064389e+42
1.890000e-15 2.695098e+21 7.263556e+42
1.905000e-15 2.378127e+21 5.655487e+42
1.920000e-15 2.060486e+21 4.245604e+42
1.935000e-15 1.742870e+21 3.037595e+42
1.950000e-15 1.425970e+21 2.033391e+42
1.965000e-15 1.110481e+21 1.233168e+42
1.980000e-15 7.970922e+20 6.353560e+41
1.995000e-15 4.864898e+20 2.366723e+41
2.010000e-15 1.793531e+20 3.216752e+40
2.025000e-15 -1.236468e+20 1.528853e+40
2.040000e-15 -4.218489e+20 1.779565e+41
2.055000e-15 -7.146042e+20 5.106592e+41
2.070000e-15 -1.001278e+21 1.002557e+42
2.085000e-15 -1.281250e+21 1.641601e+42
2.100000e-15 -1.553919e+21 2.414663e+42
2.115000e-15 -1.818701e+21 3.307672e+42
2.130000e-15 -2.075033e+21 4.305763e+42
2.145000e-15 -2.322376e+21 5.393431e+42
2.160000e-15 -2.560212e+21 6.554687e+42
2.175000e-15 -2.788050e+21 7.773223e+42
2.190000e-15 -3.005424e+21 9.032573e+42
2.205000e-15 -3.211896e+21 1.031628e+43
2.220000e-15 -3.407058e+21 1.160805e+43
2.235000e-15 -3.590531e+21 1.289191e+43
2.250000e-15 -3.761965e+21 1.415238e+43
2.265000e-15 -3.921047e+21 1.537461e+43
2.280000e-15 -4.067491e+21 1.654448e+43
2.295000e-15 -4.201048e+21 1.764880e+43
2.310000e-15 -4.321501e+21 1.867537e+43
2.325000e-15 -4.428670e+21 1.961312e+43
2.340000e-15 -4.522407e+21 2.045217e+43
2.355000e-15 -4.602602e+21 2.118394e+43
2.370000e-15 -4.669178e+21 2.180122e+43
2.385000e-15 -4.722095e+21 2.229818e+43
2.400000e-15 -4.761350e+21 2.267045e+43
2.415000e-15 -4.786972e+21 2.291510e+43
2.430000e-15 -4.799029e+21 2.303068e+43
2.445000e-15 -4.797621e+21 2.301716e+43
2.460000e-15 -4.782884e+21 2.287598e+43
2.475000e-15 -4.754990e+21 2.260993e+43
2.490000e-15 -4.714141e+21 2.222312e+43
2.505000e-15 -4.660574e+21 2.172095e+43
2.520000e-15 -4.594557e+21 2.110996e+43
2.535000e-15 -4.516391e+21 2.039779e+43
2.550000e-15 -4.426405e+21 1.959306e+43
2.565000e-15 -4.324959e+21 1.870527e+43
2.580000e-15 -4.212439e+21 1.774464e+43
2.595000e-15 -4.089260e+21 1.672205e+43
2.610000e-15 -3.955861e+21 1.564884e+43
2.625000e-15 -3.812706e+21 1.453673e+43
2.640000e-15 -3.660283e+21 1.339767e+43
2.655000e-15 -3.499098e+21 1.224369e+43
2.670000e-15 -3.329680e+21 1.108677e+43
2.685000e-15 -3.152575e+21 9.938730e+42
2.700000e-15 -2.968346e+21 8.811078e+42
2.715000e-15 -2.777570e+21 7.714897e+42
2.730000e-15 -2.580839e+21 6.660732e+42
2.745000e-15 -2.378756e+21 5.658479e+42
2.760000e-15 -2.171932e+21 4.717289e+42
2.775000e-15 -1.960989e+21 3.845478e+42
2.790000e-15 -1.746553e+21 3.050448e+42
2.805000e-15 -1.529256e+21 2.338625e+42
2.820000e-15 -1.309733e+21 1.715400e+42
2.835000e-15 -1.088617e+21 1.185087e+42
2.850000e-15 -8.665443e+20 7.508990e+41
2.865000e-15 -6.441455e+20 4.149235e+41
2.880000e-15 -4.220484e+20 1.781249e+41
2.895000e-15 -2.008743e+20 4.035047e+40
2.910000e-15 1.876334e+19 3.520629e+38
2.925000e-15 2.362602e+20 5.581890e+40
2.940000e-15 4.510233e+20 2.034220e+41
2.955000e-15 6.624720e+20 4.388692e+41
2.970000e-15 8.700400e+20 7.569696e+41
2.985000e-15 1.073176e+21 1.151708e+42
3.000000e-15 1.271348e+21 1.616325e+42
3.015000e-15 1.464039e+21 2.143409e+42
3.030000e-15 1.650754e+21 2.724987e+42
3.045000e-15 1.831018e+21 3.352627e+42
3.060000e-15 2.004380e+21 4.017537e+42
3.075000e-15 2.170409e+21 4.710675e+42
3.090000e-15 2.328702e+21 5.422852e+42
3.105000e-15 2.478878e+21 6.144835e+42
3.120000e-15 2.620584e+21 6.867459e+42
3.135000e-15 2.753493e+21 7.581724e+42
3.150000e-15 2.877306e+21 8.278892e+42
3.165000e-15 2.991753e+21 8.950587e+42
3.180000e-15 3.096591e+21 9.588877e+42
3.195000e-15 3.191608e+21 1.018636e+43
3.210000e-15 3.276619e+21 1.073623e+43
3.225000e-15 3.351472e+21 1.123236e+43
3.240000e-15 3.416043e+21 1.166935e+43
3.255000e-15 3.470238e+21 1.204255e+43
3.270000e-15 3.513995e+21 1.234816e+43
3.285000e-15 3.547281e+21 1.258320e+43
3.300000e-15 3.570091e+21 1.274555e+43
3.315000e-15 3.582453e+21 1.283397e+43
3.330000e-15 3.584423e+21 1.284809e+43
3.345000e-15 3.576085e+21 1.278838e+43
3.360000e-15 3.557552e+21 1.265618e+43
3.375000e-15 3.528966e+21 1.245360e+43
3.390000e-15 3.490494e+21 1.218355e+43
3.405000e-15 3.442333e+21 1.184966e+43
3.420000e-15 3.384703e+21 1.145621e+43
3.435000e-15 3.317849e+21 1.100812e+43
3.450000e-15 3.242040e+21 1.051083e+43
3.465000e-15 3.157571e+21 9.970257e+42
3.480000e-15 3.064756e+21 9.392729e+42
3.495000e-15 2.963930e+21 8.784881e+42
3.510000e-15 2.855449e+21 8.153590e+42
3.525000e-15 2.739688e+21 7.505889e+42
3.540000e-15 2.617037e+21 6.848885e+42
3.555000e-15 2.487906e+21 6.189676e+42
3.570000e-15 2.352716e+21 5.535274e+42
3.585000e-15 2.211905e+21 4.892522e+42
3.600000e-15 2.065919e+21 4.268023e+42
3.615000e-15 1.915220e+21 3.668068e+42
3.630000e-15 1.760276e+21 3.098570e+42
3.645000e-15 1.601563e+21 2.565003e+42
3.660000e-15 1.439565e+21 2.072347e+42
3.675000e-15 1.274771e+21 1.625040e+42
3.690000e-15 1.107673e+21 1.226939e+42
3.705000e-15 9.387656e+20 8.812809e+41
3.720000e-15 7.685454e+20 5.906620e+41
3.735000e-15 5.975071e+20 3.570148e+41
3.750000e-15 4.261443e+20 1.815990e+41
3.765000e-15 2.549471e+20 6.499803e+40
3.780000e-15 8.440110e+19 7.123546e+39
3.795000e-15 -8.501403e+19 7.227384e+39
3.810000e-15 -2.528258e+20 6.392090e+40
3.825000e-15 -4.185703e+20 1.752011e+41
3.840000e-15 -5.817933e+20 3.384834e+41
3.855000e-15 -7.420513e+20 5.506402e+41
3.870000e-15 -8.989133e+20 8.080451e+41
3.885000e-15 -1.051961e+21 1.106622e+42
3.900000e-15 -1.200791e+21 1.441898e+42
3.915000e-15 -1.345014e+21 1.809062e+42
3.930000e-15 -1.484258e+21 2.203020e+42
3.945000e-15 -1.618167e+21 2.618465e+42
3.960000e-15 -1.746405e+21 3.049931e+42
3.975000e-15 -1.868653e+21 3.491865e+42
3.990000e-15 -1.984612e+21 3.938685e+42
4.005000e-15 -2.094003e+21 4.384849e+42
4.020000e-15 -2.196568e+21 4.824912e+42
4.035000e-15 -2.292071e+21 5.253588e+42
4.050000e-15 -2.380295e+21 5.665807e+42
4.065000e-15 -2.461050e+21 6.056768e+42
4.080000e-15 -2.534165e+21 6.421991e+42
4.095000e-15 -2.599492e+21 6.757358e+42
4.110000e-15 -2.656908e+21 7.059158e+42
4.125000e-15 -2.706311e+21 7.324119e+42
4.140000e-15 -2.747625e+21 7.549442e+42
4.155000e-15 -2.780795e+21 7.732819e+42
4.170000e-15 -2.805790e+21 7.872458e+42
4.185000e-15 -2.822603e+21 7.967090e+42
4.200000e-15 -2.831250e+21 8.015978e+42
4.215000e-15 -2.831769e+21 8.018915e+42
4.230000e-15 -2.824220e+21 7.976220e+42
4.245000e-15 -2.808687e+21 7.888725e+42
4.260000e-15 -2.785275e+21 7.757758e+42
4.275000e-15 -2.754110e+21 7.585120e+42
4.290000e-15 -2.715338e+21 7.373061e+42
4.305000e-15 -2.669127e+21 7.124240e+42
4.320000e-15 -2.615664e+21 6.841699e+42
4.335000e-15 -2.555154e+21 6.528813e+42
4.350000e-15 -2.487822e+21 6.189256e+42
4.365000e-15 -2.413907e+21 5.826948e+42
4.380000e-15 -2.333669e+21 5.446013e+42
4.395000e-15 -2.247382e+21 5.050724e+42
4.410000e-15 -2.155332e+21 4.645457e+42
4.425000e-15 -2.057824e+21 4.234641e+42
4.440000e-15 -1.955173e+21 3.822701e+42
4.455000e-15 -1.847706e+21 3.414018e+42
4.470000e-15 -1.735763e+21 3.012872e+42
4.485000e-15 -1.619691e+21 2.623399e+42
4.500000e-15 -1.499849e+21 2.249547e+42
4.515000e-15 -1.376603e+21 1.895035e+42
4.530000e-15 -1.250324e+21 1.563311e+42
4.545000e-15 -1.121392e+21 1.257521e+42
4.560000e-15 -9.901902e+20 9.804766e+41
4.575000e-15 -8.571041e+20 7.346274e+41
4.590000e-15 -7.225234e+20 5.220401e+41
4.605000e-15 -5.868388e+20 3.443798e+41
4.620000e-15 -4.504412e+20 2.028973e+41
4.635000e-15 -3.137209e+20 9.842079e+40
4.650000e-15 -1.770661e+20 3.135241e+40
4.665000e-15 -4.086243e+19 1.669739e+39
4.680000e-15 9.450860e+19 8.931875e+39
4.695000e-15 2.286704e+20 5.229014e+40
4.710000e-15 3.612523e+20 1.305032e+41
4.725000e-15 4.918906e+20 2.419563e+41
4.740000e-15 6.202295e+20 3.846846e+41
4.755000e-15 7.459220e+20 5.563996e+41
4.770000e-15 8.686309e+20 7.545196e+41
4.785000e-15 9.880295e+20 9.762022e+41
4.800000e-15 1.103803e+21 1.218380e+42
4.815000e-15 1.215647e+21 1.477798e+42
4.830000e-15 1.323273e+21 1.751051e+42
4.845000e-15 1.426404e+21 2.034628e+42
4.860000e-15 1.524778e+21 2.324947e+42
4.875000e-15 1.618147e+21 2.618401e+42
4.890000e-15 1.706282e+21 2.911397e+42
4.905000e-15 1.788965e+21 3.200395e+42
4.920000e-15 1.865999e+21 3.481951e+42
4.935000e-15 1.937201e+21 3.752748e+42
4.950000e-15 2.002408e+21 4.009637e+42
4.965000e-15 2.061473e+21 4.249669e+42
4.980000e-15 2.114267e+21 4.470124e+42
4.995000e-15 2.160681e+21 4.668540e+42
5.010000e-15 2.200622e+21 4.842738e+42
5.025000e-15 2.234019e+21 4.990841e+42
5.040000e-15 2.260817e+21 5.111293e+42
5.055000e-15 2.280980e+21 5.202871e+42
5.070000e-15 2.294493e+21 5.264697e+42
5.085000e-15 2.301357e+21 5.296242e+42
5.100000e-15 2.301592e+21 5.297327e+42
5.115000e-15 2.295239e+21 5.268123e+42
5.130000e-15 2.282355e+21 5.209144e+42
5.145000e-15 2.263015e+21 5.121235e+42
5.160000e-15 2.237311e+21 5.005563e+42
5.175000e-15 2.205356e+21 4.863594e+42
5.190000e-15 2.167275e+21 4.697080e+42
5.205000e-15 2.123212e+21 4.508031e+42
5.220000e-15 2.073328e+21 4.298689e+42
5.235000e-15 2.017797e+21 4.071505e+42
5.250000e-15 1.956809e+21 3.829103e+42
5.265000e-15 1.890569e+21 3.574253e+42
5.280000e-15 1.819295e+21 3.309834e+42
5.295000e-15 1.743217e+21 3.038806e+42
5.310000e-15 1.662579e+21 2.764168e+42
5.325000e-15 1.577635e+21 2.488931e+42
5.340000e-15 1.488650e+21 2.216080e+42
5.355000e-15 1.395901e+21 1.948540e+42
5.370000e-15 1.299671e+21 1.689146e+42
5.385000e-15 1.200254e+21 1.440610e+42
5.400000e-15 1.097950e+21 1.205494e+42
5.415000e-15 9.930653e+20 9.861788e+41
5.430000e-15 8.859131e+20 7.848420e+41
5.445000e-15 7.768106e+20 6.034346e+41
5.460000e-15 6.660791e+20 4.436614e+41
5.475000e-15 5.540431e+20 3.069637e+41
5.490000e-15 4.410288e+20 1.945064e+41
5.505000e-15 3.273639e+20 1.071671e+41
5.520000e-15 2.133760e+20 4.552934e+40
5.535000e-15 9.939242e+19 9.878853e+39
5.550000e-15 -1.426149e+19 2.033902e+38
5.565000e-15 -1.272627e+20 1.619579e+40
5.580000e-15 -2.392915e+20 5.726043e+40
5.595000e-15 -3.500326e+20 1.225228e+41
5.610000e-15 -4.591758e+20 2.108424e+41
5.625000e-15 -5.664168e+20 3.208279e+41
5.640000e-15 -6.714580e+20 4.508559e+41
5.655000e-15 -7.740098e+20 5.990912e+41
5.670000e-15 -8.737906e+20 7.635099e+41
5.685000e-15 -9.705280e+20 9.419246e+41
5.700000e-15 -1.063960e+21 1.132010e+42
5.715000e-15 -1.153834e+21 1.331332e+42
5.730000e-15 -1.239910e+21 1.537376e+42
5.745000e-15 -1.321958e+21 1.747574e+42
5.760000e-15 -1.399764e+21 1.959338e+42
5.775000e-15 -1.473122e+21 2.170090e+42
5.790000e-15 -1.541845e+21 2.377285e+42
5.805000e-15 -1.605755e+21 2.578449e+42
5.820000e-15 -1.664692e+21 2.771199e+42
5.835000e-15 -1.718509e+21 2.953273e+42
5.850000e-15 -1.767075e+21 3.122554e+42
5.865000e-15 -1.810275e+21 3.277095e+42
5.880000e-15 -1.848008e+21 3.415135e+42
5.895000e-15 -1.880192e+21 3.535122e+42
5.910000e-15 -1.906758e+21 3.635726e+42
5.925000e-15 -1.927655e+21 3.715855e+42
5.940000e-15 -1.942849e+21 3.774662e+42
5.955000e-15 -1.952321e+21 3.811557e+42
5.970000e-15 -1.956070e+21 3.826208e+42
5.985000e-15 -1.954109e+21 3.818542e+42
6.000000e-15 -1.946471e+21 3.788748e+42
6.015000e-15 -1.933201e+21 3.737267e+42
6.030000e-15 -1.914364e+21 3.664789e+42
6.045000e-15 -1.890037e+21 3.572242e+42
6.060000e-15 -1.860316e+21 3.460777e+42
6.075000e-15 -1.825310e+21 3.331756e+42
6.090000e-15 -1.785142e+21 3.186733e+42
6.105000e-15 -1.739952e+21 3.027433e+42
6.120000e-15 -1.689892e+21 2.855734e+42
6.135000e-15 -1.635128e+21 2.673642e+42
6.150000e-15 -1.575838e+21 2.483265e+42
6.165000e-15 -1.512215e+21 2.286793e+42
6.180000e-15 -1.444460e+21 2.086465e+42
6.195000e-15 -1.372789e+21 1.884550e+42
6.210000e-15 -1.297426e+21 1.683315e+42
6.225000e-15 -1.218606e+21 1.485000e+42
6.240000e-15 -1.136572e+21 1.291796e+42
6.255000e-15 -1.051576e+21 1.105812e+42
6.270000e-15 -9.638786e+20 9.290619e+41
6.285000e-15 -8.737456e+20 7.634313e+41
6.300000e-15 -7.814499e+20 6.106640e+41
6.315000e-15 -6.872695e+20 4.723394e+41
6.330000e-15 -5.914867e+20 3.498566e+41
6.345000e-15 -4.943876e+20 2.444191e+41
6.360000e-15 -3.962609e+20 1.570227e+41
6.375000e-15 -2.973974e+20 8.844524e+40
6.390000e-15 -1.980890e+20 3.923924e+40
6.405000e-15 -9.862757e+19 9.727398e+39
6.420000e-15 6.952673e+17 4.833966e+35
6.435000e-15 9.958953e+19 9.918074e+39
6.450000e-15 1.977675e+20 3.911197e+40
6.465000e-15 2.949445e+20 8.699225e+40
6.480000e-15 3.908399e+20 1.527558e+41
6.495000e-15 4.851777e+20 2.353974e+41
6.510000e-15 5.776875e+20 3.337228e+41
6.525000e-15 6.681051e+20 4.463644e+41
6.540000e-15 7.561735e+20 5.717984e+41
6.555000e-15 8.416434e+20 7.083636e+41
6.570000e-15 9.242739e+20 8.542822e+41
6.585000e-15 1.003833e+21 1.007681e+42
6.600000e-15 1.080100e+21 1.166615e+42
6.615000e-15 1.152862e+21 1.329090e+42
6.630000e-15 1.221919e+21 1.493086e+42
6.645000e-15 1.287083e+21 1.656582e+42
6.660000e-15 1.348176e+21 1.817578e+42
6.675000e-15 1.405034e+21 1.974120e+42
6.690000e-15 1.457506e+21 2.124325e+42
6.705000e-15 1.505455e+21 2.266394e+42
6.720000e-15 1.548756e+21 2.398644e+42
6.735000e-15 1.587299e+21 2.519517e+42
6.750000e-15 1.620988e+21 2.627603e+42
6.765000e-15 1.649744e+21 2.721654e+42
6.780000e-15 1.673499e+21 2.800598e+42
6.795000e-15 1.692202e+21 2.863548e+42
6.810000e-15 1.705818e+21 2.909815e+42
6.825000e-15 1.714325e+21 2.938911e+42
6.840000e-15 1.717718e+21 2.950554e+42
6.855000e-15 1.716005e+21 2.944673e+42
6.870000e-15 1.709211e+21 2.921404e+42
6.885000e-15 1.697376e+21 2.881086e+42
6.900000e-15 1.680553e+21 2.824259e+42
6.915000e-15 1.658811e+21 2.751654e+42
6.930000e-15 1.632233e+21 2.664183e+42
6.945000e-15 1.600915e+21 2.562928e+42
6.960000e-15 1.564968e+21 2.449125e+42
6.975000e-15 1.524516e+21 2.324150e+42
6.990000e-15 1.479697e+21 2.189502e+42
7.005000e-15 1.430658e+21 2.046782e+42
7.020000e-15 1.377562e+21 1.897676e+42
7.035000e-15 1.320580e+21 1.743932e+42
7.050000e-15 1.259898e+21 1.587343e+42
7.065000e-15 1.195708e+21 1.429718e+42
7.080000e-15 1.128215e+21 1.272870e+42
7.095000e-15 1.057632e+21 1.118585e+42
7.110000e-15 9.841786e+20 9.686074e+41
7.125000e-15 9.080853e+20 8.246188e+41
7.140000e-15 8.295878e+20 6.882159e+41
7.155000e-15 7.489285e+20 5.608939e+41
7.170000e-15 6.663555e+20 4.440296e+41
7.185000e-15 5.821216e+20 3.388655e+41
7.200000e-15 4.964836e+20 2.464960e+41
7.215000e-15 4.097019e+20 1.678556e+41
7.230000e-15 3.220389e+20 1.037091e+41
7.245000e-15 2.337593e+20 5.464340e+40
7.260000e-15 1.451282e+20 2.106219e+40
7.275000e-15 5.641105e+19 3.182207e+39
7.290000e-15 -3.212735e+19 1.032166e+39
7.305000e-15 -1.202237e+20 1.445374e+40
7.320000e-15 -2.076170e+20 4.310483e+40
7.335000e-15 -2.940492e+20 8.646495e+40
7.350000e-15 -3.792661e+20 1.438427e+41
7.365000e-15 -4.630178e+20 2.143855e+41
7.380000e-15 -5.450599e+20 2.970903e+41
7.395000e-15 -6.251540e+20 3.908175e+41
7.410000e-15 -7.030681e+20 4.943047e+41
7.425000e-15 -7.785777e+20 6.061832e+41
7.440000e-15 -8.514662e+20 7.249947e+41
7.455000e-15 -9.215258e+20 8.492098e+41
7.470000e-15 -9.885576e+20 9.772462e+41
7.485000e-15 -1.052373e+21 1.107488e+42
7.500000e-15 -1.112792e+21 1.238307e+42
7.515000e-15 -1.169649e+21 1.368078e+42
7.530000e-15 -1.222785e+21 1.495203e+42
7.545000e-15 -1.272056e+21 1.618127e+42
7.560000e-15 -1.317330e+21 1.735358e+42
7.575000e-15 -1.358485e+21 1.845481e+42
7.590000e-15 -1.395414e+21 1.947181e+42
7.605000e-15 -1.428023e+21 2.039249e+42
7.620000e-15 -1.456229e+21 2.120603e+42
7.635000e-15 -1.479966e+21 2.190298e+42
7.650000e-15 -1.499178e+21 2.247534e+42
7.665000e-15 -1.513825e+21 2.291667e+42
7.680000e-15 -1.523882e+21 2.322215e+42
7.695000e-15 -1.529333e+21 2.338860e+42
7.710000e-15 -1.530182e+21 2.341456e+42
7.725000e-15 -1.526442e+21 2.330024e+42
7.740000e-15 -1.518141e+21 2.304753e+42
7.755000e-15 -1.505323e+21 2.265998e+42
7.770000e-15 -1.488042e+21 2.214269e+42
7.785000e-15 -1.466367e+21 2.150233e+42
7.800000e-15 -1.440380e+21 2.074693e+42
7.815000e-15 -1.410174e+21 1.988589e+42
7.830000e-15 -1.375855e+21 1.892978e+42
7.845000e-15 -1.337544e+21 1.789023e+42
7.860000e-15 -1.295368e+21 1.677979e+42
7.875000e-15 -1.249470e+21 1.561176e+42
7.890000e-15 -1.200001e+21 1.440003e+42
7.905000e-15 -1.147123e+21 1.315891e+42
7.920000e-15 -1.091007e+21 1.190296e+42
7.935000e-15 -1.031833e+21 1.064680e+42
7.950000e-15 -9.697917e+20 9.404960e+41
7.965000e-15 -9.050786e+20 8.191673e+41
7.980000e-15 -8.378983e+20 7.020736e+41
7.995000e-15 -7.684616e+20 5.905332e+41
8.010000e-15 -6.969853e+20 4.857885e+41
8.025000e-15 -6.236916e+20 3.889912e+41
8.040000e-15 -5.488070e+20 3.011892e+41
8.055000e-15 -4.725624e+20 2.233152e+41
8.070000e-15 -3.951916e+20 1.561764e+41
8.085000e-15 -3.169308e+20 1.004451e+41
8.100000e-15 -2.380183e+20 5.665273e+40
8.115000e-15 -1.586933e+20 2.518358e+40
8.130000e-15 -7.919533e+19 6.271900e+39
8.145000e-15 2.365291e+17 5.594603e+34
8.160000e-15 7.936419e+19 6.298675e+39
8.175000e-15 1.579514e+20 2.494865e+40
8.190000e-15 2.357645e+20 5.558491e+40
8.205000e-15 3.125729e+20 9.770184e+40
8.220000e-15 3.881501e+20 1.506605e+41
8.235000e-15 4.622739e+20 2.136972e+41
8.250000e-15 5.347275e+20 2.859335e+41
8.265000e-15 6.052998e+20 3.663879e+41
8.280000e-15 6.737864e+20 4.539881e+41
8.295000e-15 7.399895e+20 5.475845e+41
8.310000e-15 8.037194e+20 6.459648e+41
8.325000e-15 8.647941e+20 7.478688e+41
8.340000e-15 9.230405e+20 8.520038e+41
8.355000e-15 9.782946e+20 9.570604e+41
8.370000e-15 1.030402e+21 1.061728e+42
8.385000e-15 1.079218e+21 1.164713e+42
8.400000e-15 1.124610e+21 1.264747e+42
8.415000e-15 1.166453e+21 1.360612e+42
8.430000e-15 1.204636e+21 1.451147e+42
8.445000e-15 1.239058e+21 1.535264e+42
8.460000e-15 1.269630e+21 1.611959e+42
8.475000e-15 1.296274e+21 1.680327e+42
8.490000e-15 1.318927e+21 1.739568e+42
8.505000e-15 1.337534e+21 1.788998e+42
8.520000e-15 1.352056e+21 1.828057e+42
8.535000e-15 1.362465e+21 1.856310e+42
8.550000e-15 1.368744e+21 1.873460e+42
8.565000e-15 1.370890e+21 1.879340e+42
8.580000e-15 1.368913e+21 1.873923e+42
8.595000e-15 1.362834e+21 1.857316e+42
8.610000e-15 1.352686e+21 1.829760e+42
8.625000e-15 1.338516e+21 1.791625e+42
8.640000e-15 1.320381e+21 1.743405e+42
8.655000e-15 1.298349e+21 1.685711e+42
8.670000e-15 1.272503e+21 1.619264e+42
8.685000e-15 1.242933e+21 1.544883e+42
8.700000e-15 1.209743e+21 1.463477e+42
8.715000e-15 1.173044e+21 1.376033e+42
8.730000e-15 1.132961e+21 1.283601e+42
8.745000e-15 1.089626e+21 1.187284e+42
8.760000e-15 1.043180e+21 1.088225e+42
8.775000e-15 9.937758e+20 9.875904e+41
8.790000e-15 9.415710e+20 8.865560e+41
8.805000e-15 8.867327e+20 7.862949e+41
8.820000e-15 8.294350e+20 6.879625e+41
8.835000e-15 7.698587e+20 5.926825e+41
8.850000e-15 7.081907e+20 5.015340e+41
8.865000e-15 6.446233e+20 4.155392e+41
8.880000e-15 5.793540e+20 3.356511e+41
8.895000e-15 5.125846e+20 2.627430e+41
8.910000e-15 4.445205e+20 1.975985e+41
8.925000e-15 3.753703e+20 1.409028e+41
8.940000e-15 3.053450e+20 9.323555e+40
8.955000e-15 2.346575e+20 5.506413e+40
8.970000e-15 1.635218e+20 2.673938e+40
8.985000e-15 9.215262e+19 8.492105e+39
9.000000e-15 2.076437e+19 4.311590e+38
9.015000e-15 -5.042918e+19 2.543102e+39
9.030000e-15 -1.212156e+20 1.469323e+40
9.045000e-15 -1.913846e+20 3.662807e+40
9.060000e-15 -2.607284e+20 6.797928e+40
9.075000e-15 -3.290423e+20 1.082689e+41
9.090000e-15 -3.961258e+20 1.569157e+41
9.105000e-15 -4.617825e+20 2.132431e+41
9.120000e-15 -5.258212e+20 2.764879e+41
9.135000e-15 -5.880559e+20 3.458097e+41
9.150000e-15 -6.483070e+20 4.203020e+41
9.165000e-15 -7.064014e+20 4.990029e+41
9.180000e-15 -7.621729e+20 5.809075e+41
9.195000e-15 -8.154630e+20 6.649798e+41
9.210000e-15 -8.661210e+20 7.501656e+41
9.225000e-15 -9.140049e+20 8.354050e+41
9.240000e-15 -9.589812e+20 9.196450e+41
9.255000e-15 -1.000926e+21 1.001852e+42
9.270000e-15 -1.039724e+21 1.081025e+42
9.285000e-15 -1.075270e+21 1.156205e+42
9.300000e-15 -1.107470e+21 1.226489e+42
9.315000e-15 -1.136238e+21 1.291038e+42
9.330000e-15 -1.161502e+21 1.349087e+42
9.345000e-15 -1.183197e+21 1.399955e+42
9.360000e-15 -1.201271e+21 1.443053e+42
9.375000e-15 -1.215683e+21 1.477885e+42
9.390000e-15 -1.226402e+21 1.504061e+42
9.405000e-15 -1.233408e+21 1.521296e+42
9.420000e-15 -1.236694e+21 1.529413e+42
9.435000e-15 -1.236263e+21 1.528346e+42
9.450000e-15 -1.232128e+21 1.518138e+42
9.465000e-15 -1.224314e+21 1.498944e+42
9.480000e-15 -1.212857e+21 1.471023e+42
9.495000e-15 -1.197804e+21 1.434735e+42
9.510000e-15 -1.179212e+21 1.390542e+42
9.525000e-15 -1.157149e+21 1.338993e+42
9.540000e-15 -1.131691e+21 1.280724e+42
9.555000e-15 -1.102926e+21 1.216446e+42
9.570000e-15 -1.070952e+21 1.146938e+42
9.585000e-15 -1.035874e+21 1.073034e+42
9.600000e-15 -9.978074e+20 9.956196e+41
9.615000e-15 -9.568762e+20 9.156120e+41
9.630000e-15 -9.132117e+20 8.339557e+41
9.645000e-15 -8.669536e+20 7.516085e+41
9.660000e-15 -8.182484e+20 6.695305e+41
9.675000e-15 -7.672496e+20 5.886720e+41
9.690000e-15 -7.141171e+20 5.099633e+41
9.705000e-15 -6.590165e+20 4.343027e+41
9.720000e-15 -6.021187e+20 3.625469e+41
9.735000e-15 -5.435995e+20 2.955004e+41
9.750000e-15 -4.836390e+20 2.339066e+41
9.765000e-15 -4.224208e+20 1.784393e+41
9.780000e-15 -3.601318e+20 1.296949e+41
9.795000e-15 -2.969616e+20 8.818621e+40
9.810000e-15 -2.331017e+20 5.433639e+40
9.825000e-15 -1.687449e+20 2.847484e+40
9.840000e-15 -1.040851e+20 1.083371e+40
9.855000e-15 -3.931648e+19 1.545785e+39
9.870000e-15 2.536719e+19 6.434943e+38
9.885000e-15 8.977290e+19 8.059174e+39
9.900000e-15 1.537091e+20 2.362649e+40
9.915000e-15 2.169862e+20 4.708302e+40
9.930000e-15 2.794172e+20 7.807398e+40
9.945000e-15 3.408182e+20 1.161570e+41
9.960000e-15 4.010087e+20 1.608080e+41
9.975000e-15 4.598128e+20 2.114278e+41
9.990000e-15 5.170588e+20 2.673498e+41
1.000500e-14 5.725804e+20 3.278483e+41
1.002000e-14 6.262169e+20 3.921476e+41
1.003500e-14 6.778136e+20 4.594313e+41
1.005000e-14 7.272225e+20 5.288526e+41
1.006500e-14 7.743024e+20 5.995442e+41
1.008000e-14 8.189194e+20 6.706290e+41
1.009500e-14 8.609476e+20 7.412307e+41
1.011000e-14 9.002688e+20 8.104840e+41
1.012500e-14 9.367736e+20 8.775448e+41
1.014000e-14 9.703610e+20 9.416004e+41
1.015500e-14 1.000939e+21 1.001879e+42
1.017000e-14 1.028425e+21 1.057658e+42
1.018500e-14 1.052746e+21 1.108274e+42
1.020000e-14 1.073838e+21 1.153128e+42
1.021500e-14 1.091647e+21 1.191693e+42
1.023000e-14 1.106130e+21 1.223523e+42
1.024500e-14 1.117252e+21 1.248252e+42
1.026000e-14 1.124990e+21 1.265603e+42
1.027500e-14 1.129331e+21 1.275388e+42
1.029000e-14 1.130270e+21 1.277510e+42
1.030500e-14 1.127815e+21 1.271967e+42
1.032000e-14 1.121982e+21 1.258844e+42
1.033500e-14 1.112799e+21 1.238321e+42
1.035000e-14 1.100302e+21 1.210664e+42
1.036500e-14 1.084537e+21 1.176220e+42
1.038000e-14 1.065561e+21 1.135420e+42
1.039500e-14 1.043439e+21 1.088766e+42
1.041000e-14 1.018247e+21 1.036827e+42
1.042500e-14 9.900675e+20 9.802337e+41
1.044000e-14 9.589935e+20 9.196686e+41
1.045500e-14 9.251259e+20 8.558579e+41
1.047000e-14 8.885735e+20 7.895628e+41
1.048500e-14 8.494530e+20 7.215704e+41
1.050000e-14 8.078885e+20 6.526838e+41
1.051500e-14 7.640109e+20 5.837127e+41
1.053000e-14 7.179579e+20 5.154636e+41
1.054500e-14 6.698733e+20 4.487302e+41
1.056000e-14 6.199063e+20 3.842839e+41
1.057500e-14 5.682118e+20 3.228647e+41
1.059000e-14 5.149492e+20 2.651727e+41
1.060500e-14 4.602823e+20 2.118598e+41
1.062000e-14 4.043784e+20 1.635219e+41
1.063500e-14 3.474086e+20 1.206927e+41
1.065000e-14 2.895464e+20 8.383709e+40
1.066500e-14 2.309675e+20 5.334597e+40
1.068000e-14 1.718495e+20 2.953226e+40
1.069500e-14 1.123712e+20 1.262728e+40
1.071000e-14 5.271185e+19 2.778539e+39
1.072500e-14 -6.949032e+18 4.828905e+37
1.074000e-14 -6.643242e+19 4.413267e+39
1.075500e-14 -1.255603e+20 1.576538e+40
1.077000e-14 -1.841559e+20 3.391340e+40
1.078500e-14 -2.420449e+20 5.858572e+40
1.080000e-14 -2.990551e+20 8.943393e+40
1.081500e-14 -3.550175e+20 1.260374e+41
1.083000e-14 -4.097667e+20 1.679087e+41
1.084500e-14 -4.631412e+20 2.144998e+41
1.086000e-14 -5.149841e+20 2.652086e+41
1.087500e-14 -5.651434e+20 3.193871e+41
1.089000e-14 -6.134725e+20 3.763485e+41
1.090500e-14 -6.598306e+20 4.353765e+41
1.092000e-14 -7.040833e+20 4.957333e+41
1.093500e-14 -7.461026e+20 5.566690e+41
1.095000e-14 -7.857675e+20 6.174306e+41
1.096500e-14 -8.229646e+20 6.772707e+41
1.098000e-14 -8.575879e+20 7.354570e+41
1.099500e-14 -8.895395e+20 7.912805e+41
1.101000e-14 -9.187296e+20 8.440641e+41
1.102500e-14 -9.450772e+20 8.931708e+41
1.104000e-14 -9.685096e+20 9.380108e+41
1.105500e-14 -9.889633e+20 9.780484e+41
1.107000e-14 -1.006384e+21 1.012808e+42
1.108500e-14 -1.020726e+21 1.041882e+42
1.110000e-14 -1.031954e+21 1.064929e+42
1.111500e-14 -1.040041e+21 1.081685e+42
1.113000e-14 -1.044970e+21 1.091963e+42
1.114500e-14 -1.046735e+21 1.095654e+42
1.116000e-14 -1.045336e+21 1.092727e+42
1.117500e-14 -1.040786e+21 1.083236e+42
1.119000e-14 -1.033106e+21 1.067307e+42
1.120500e-14 -1.022326e+21 1.045150e+42
1.122000e-14 -1.008485e+21 1.017043e+42
1.123500e-14 -9.916340e+20 9.833381e+41
1.125000e-14 -9.718292e+20 9.444520e+41
1.126500e-14 -9.491375e+20 9.008621e+41
1.128000e-14 -9.236341e+20 8.531000e+41
1.129500e-14 -8.954025e+20 8.017456e+41
1.131000e-14 -8.645340e+20 7.474191e+41
1.132500e-14 -8.311280e+20 6.907738e+41
1.134000e-14 -7.952911e+20 6.324880e+41
1.135500e-14 -7.571371e+20 5.732566e+41
1.137000e-14 -7.167864e+20 5.137828e+41
1.138500e-14 -6.743660e+20 4.547695e+41
1.140000e-14 -6.300087e+20 3.969110e+41
1.141500e-14 -5.838529e+20 3.408842e+41
1.143000e-14 -5.360421e+20 2.873411e+41
1.144500e-14 -4.867246e+20 2.369008e+41
1.146000e-14 -4.360527e+20 1.901420e+41
1.147500e-14 -3.841829e+20 1.475965e+41
1.149000e-14 -3.312744e+20 1.097427e+41
1.150500e-14 -2.774897e+20 7.700053e+40
1.152000e-14 -2.229933e+20 4.972602e+40
1.153500e-14 -1.679517e+20 2.820776e+40
1.155000e-14 -1.125325e+20 1.266356e+40
1.156500e-14 -5.690417e+19 3.238084e+39
1.158000e-14 -1.235530e+18 1.526534e+36
1.159500e-14 5.430493e+19 2.949026e+39
1.161000e-14 1.095495e+20 1.200108e+40
1.162500e-14 1.643315e+20 2.700485e+40
1.164000e-14 2.184864e+20 4.773629e+40
1.165500e-14 2.718515e+20 7.390323e+40
1.167000e-14 3.242671e+20 1.051492e+41
1.168500e-14 3.755767e+20 1.410578e+41
1.170000e-14 4.256273e+20 1.811586e+41
1.171500e-14 4.742702e+20 2.249322e+41
1.173000e-14 5.213613e+20 2.718176e+41
1.174500e-14 5.667614e+20 3.212185e+41
1.176000e-14 6.103368e+20 3.725110e+41
1.177500e-14 6.519596e+20 4.250513e+41
1.179000e-14 6.915080e+20 4.781833e+41
1.180500e-14 7.288668e+20 5.312468e+41
1.182000e-14 7.639278e+20 5.835857e+41
1.183500e-14 7.965899e+20 6.345555e+41
1.185000e-14 8.267595e+20 6.835312e+41
1.186500e-14 8.543507e+20 7.299150e+41
1.188000e-14 8.792856e+20 7.731432e+41
1.189500e-14 9.014947e+20 8.126928e+41
1.191000e-14 9.209169e+20 8.480878e+41
1.192500e-14 9.374993e+20 8.789050e+41
1.194000e-14 9.511983e+20 9.047782e+41
1.195500e-14 9.619787e+20 9.254031e+41
1.197000e-14 9.698145e+20 9.405403e+41
1.198500e-14 9.746886e+20 9.500180e+41
1.200000e-14 9.765930e+20 9.537338e+41
1.201500e-14 9.755284e+20 9.516557e+41
1.203000e-14 9.715051e+20 9.438222e+41
1.204500e-14 9.645419e+20 9.303410e+41
1.206000e-14 9.546666e+20 9.113883e+41
1.207500e-14 9.419159e+20 8.872056e+41
1.209000e-14 9.263351e+20 8.580967e+41
1.210500e-14 9.079779e+20 8.244238e+41
1.212000e-14 8.869064e+20 7.866030e+41
1.213500e-14 8.631909e+20 7.450986e+41
1.215000e-14 8.369095e+20 7.004175e+41
1.216500e-14 8.081479e+20 6.531030e+41
1.218000e-14 7.769991e+20 6.037275e+41
1.219500e-14 7.435632e+20 5.528863e+41
1.221000e-14 7.079473e+20 5.011893e+41
1.222500e-14 6.702644e+20 4.492543e+41
1.224000e-14 6.306339e+20 3.976991e+41
1.225500e-14 5.891807e+20 3.471339e+41
1.227000e-14 5.460350e+20 2.981543e+41
1.228500e-14 5.013320e+20 2.513338e+41
1.230000e-14 4.552110e+20 2.072171e+41
1.231500e-14 4.078156e+20 1.663136e+41
1.233000e-14 3.592929e+20 1.290914e+41
1.234500e-14 3.097929e+20 9.597166e+40
1.236000e-14 2.594686e+20 6.732393e+40
1.237500e-14 2.084747e+20 4.346170e+40
1.239000e-14 1.569680e+20 2.463895e+40
1.240500e-14 1.051063e+20 1.104733e+40
1.242000e-14 5.304807e+19 2.814098e+39
1.243500e-14 9.522031e+17 9.066908e+35
1.245000e-14 -5.102280e+19 2.603326e+39
1.246500e-14 -1.027191e+20 1.055122e+40
1.248000e-14 -1.539802e+20 2.370990e+40
1.249500e-14 -2.046511e+20 4.188207e+40
1.251000e-14 -2.545791e+20 6.481050e+40
1.252500e-14 -3.036140e+20 9.218146e+40
1.254000e-14 -3.516088e+20 1.236287e+41
1.255500e-14 -3.984199e+20 1.587384e+41
1.257000e-14 -4.439077e+20 1.970541e+41
1.258500e-14 -4.879370e+20 2.380825e+41
1.260000e-14 -5.303772e+20 2.813000e+41
1.261500e-14 -5.711030e+20 3.261586e+41
1.263000e-14 -6.099945e+20 3.720933e+41
1.264500e-14 -6.469378e+20 4.185285e+41
1.266000e-14 -6.818251e+20 4.648855e+41
1.267500e-14 -7.145552e+20 5.105892e+41
1.269000e-14 -7.450336e+20 5.550751e+41
1.270500e-14 -7.731730e+20 5.977964e+41
1.272000e-14 -7.988933e+20 6.382304e+41
1.273500e-14 -8.221220e+20 6.758846e+41
1.275000e-14 -8.427945e+20 7.103026e+41
1.276500e-14 -8.608540e+20 7.410697e+41
1.278000e-14 -8.762519e+20 7.678173e+41
1.279500e-14 -8.889475e+20 7.902277e+41
1.281000e-14 -8.989090e+20 8.080374e+41
1.282500e-14 -9.061125e+20 8.210398e+41
1.284000e-14 -9.105427e+20 8.290880e+41
1.285500e-14 -9.121930e+20 8.320960e+41
1.287000e-14 -9.110649e+20 8.300392e+41
1.288500e-14 -9.071687e+20 8.229550e+41
1.290000e-14 -9.005229e+20 8.109415e+41
1.291500e-14 -8.911544e+20 7.941562e+41
1.293000e-14 -8.790983e+20 7.728139e+41
1.294500e-14 -8.643979e+20 7.471837e+41
1.296000e-14 -8.471042e+20 7.175856e+41
1.297500e-14 -8.272763e+20 6.843861e+41
1.299000e-14 -8.049805e+20 6.479937e+41
1.300500e-14 -7.802909e+20 6.088538e+41
1.302000e-14 -7.532882e+20 5.674430e+41
1.303500e-14 -7.240602e+20 5.242632e+41
1.305000e-14 -6.927014e+20 4.798353e+41
1.306500e-14 -6.593124e+20 4.346928e+41
1.308000e-14 -6.239995e+20 3.893754e+41
1.309500e-14 -5.868751e+20 3.444223e+41
1.311000e-14 -5.480563e+20 3.003657e+41
1.312500e-14 -5.076654e+20 2.577241e+41
1.314000e-14 -4.658291e+20 2.169968e+41
1.315500e-14 -4.226782e+20 1.786568e+41
1.317000e-14 -3.783470e+20 1.431465e+41
1.318500e-14 -3.329734e+20 1.108713e+41
1.320000e-14 -2.866977e+20 8.219558e+40
1.321500e-14 -2.396630e+20 5.743833e+40
1.323000e-14 -1.920140e+20 3.686936e+40
1.324500e-14 -1.438971e+20 2.070637e+40
1.326000e-14 -9.545973e+19 9.112560e+39
1.327500e-14 -4.684992e+19 2.194915e+39
1.329000e-14 1.784187e+18 3.183322e+36
1.330500e-14 5.029473e+19 2.529559e+39
1.332000e-14 9.853459e+19 9.709064e+39
1.333500e-14 1.463578e+20 2.142062e+40
1.335000e-14 1.936202e+20 3.748879e+40
1.336500e-14 2.401795e+20 5.768620e+40
1.338000e-14 2.858960e+20 8.173653e+40
1.339500e-14 3.306329e+20 1.093181e+41
1.341000e-14 3.742567e+20 1.400681e+41
1.342500e-14 4.166377e+20 1.735870e+41
1.344000e-14 4.576502e+20 2.094437e+41
1.345500e-14 4.971731e+20 2.471810e+41
1.347000e-14 5.350899e+20 2.863212e+41
1.348500e-14 5.712896e+20 3.263718e+41
1.350000e-14 6.056665e+20 3.668319e+41
1.351500e-14 6.381207e+20 4.071980e+41
1.353000e-14 6.685584e+20 4.469704e+41
1.354500e-14 6.968923e+20 4.856588e+41
1.356000e-14 7.230414e+20 5.227889e+41
1.357500e-14 7.469319e+20 5.579073e+41
1.359000e-14 7.684968e+20 5.905873e+41
1.360500e-14 7.876764e+20 6.204341e+41
1.362000e-14 8.044184e+20 6.470889e+41
1.363500e-14 8.186780e+20 6.702336e+41
1.365000e-14 8.304180e+20 6.895941e+41
1.366500e-14 8.396091e+20 7.049435e+41
1.368000e-14 8.462296e+20 7.161046e+41
1.369500e-14 8.502659e+20 7.229521e+41
1.371000e-14 8.517119e+20 7.254132e+41
1.372500e-14 8.505697e+20 7.234689e+41
1.374000e-14 8.468492e+20 7.171535e+41
1.375500e-14 8.405678e+20 7.065542e+41
1.377000e-14 8.317510e+20 6.918097e+41
1.378500e-14 8.204317e+20 6.731082e+41
1.380000e-14 8.066503e+20 6.506847e+41
1.381500e-14 7.904546e+20 6.248185e+41
1.383000e-14 7.718997e+20 5.958291e+41
1.384500e-14 7.510475e+20 5.640723e+41
1.386000e-14 7.279668e+20 5.299356e+41
1.387500e-14 7.027329e+20 4.938336e+41
1.389000e-14 6.754277e+20 4.562026e+41
1.390500e-14 6.461388e+20 4.174953e+41
1.392000e-14 6.149598e+20 3.781756e+41
1.393500e-14 5.819897e+20 3.387121e+41
1.395000e-14 5.473328e+20 2.995732e+41
1.396500e-14 5.110981e+20 2.612213e+41
1.398000e-14 4.733991e+20 2.241067e+41
1.399500e-14 4.343536e+20 1.886630e+41
1.401000e-14 3.940829e+20 1.553014e+41
1.402500e-14 3.527121e+20 1.244058e+41
1.404000e-14 3.103690e+20 9.632891e+40
1.405500e-14 2.671841e+20 7.138735e+40
1.407000e-14 2.232902e+20 4.985851e+40
1.408500e-14 1.788218e+20 3.197723e+40
1.410000e-14 1.339149e+20 1.793320e+40
1.411500e-14 8.870646e+19 7.868837e+39
1.413000e-14 4.333402e+19 1.877837e+39
1.414500e-14 -2.064747e+18 4.263180e+36
1.416000e-14 -4.735239e+19 2.242249e+39
1.417500e-14 -9.239216e+19 8.536311e+39
1.419000e-14 -1.370484e+20 1.878225e+40
1.420500e-14 -1.811868e+20 3.282866e+40
1.422000e-14 -2.246752e+20 5.047893e+40
1.423500e-14 -2.673834e+20 7.149390e+40
1.425000e-14 -3.091842e+20 9.559490e+40
1.426500e-14 -3.499533e+20 1.224673e+41
1.428000e-14 -3.895697e+20 1.517645e+41
1.429500e-14 -4.279163e+20 1.831124e+41
1.431000e-14 -4.648801e+20 2.161135e+41
1.432500e-14 -5.003525e+20 2.503526e+41
1.434000e-14 -5.342297e+20 2.854013e+41
1.435500e-14 -5.664129e+20 3.208236e+41
1.437000e-14 -5.968088e+20 3.561807e+41
1.438500e-14 -6.253294e+20 3.910369e+41
1.440000e-14 -6.518930e+20 4.249645e+41
1.441500e-14 -6.764236e+20 4.575489e+41
1.443000e-14 -6.988517e+20 4.883937e+41
1.444500e-14 -7.191142e+20 5.171253e+41
1.446000e-14 -7.371549e+20 5.433973e+41
1.447500e-14 -7.529242e+20 5.668948e+41
1.449000e-14 -7.663794e+20 5.873374e+41
1.450500e-14 -7.774853e+20 6.044833e+41
1.452000e-14 -7.862133e+20 6.181313e+41
1.453500e-14 -7.925425e+20 6.281235e+41
1.455000e-14 -7.964589e+20 6.343468e+41
1.456500e-14 -7.979562e+20 6.367342e+41
1.458000e-14 -7.970352e+20 6.352650e+41
1.459500e-14 -7.937038e+20 6.299657e+41
1.461000e-14 -7.879774e+20 6.209085e+41
1.462500e-14 -7.798787e+20 6.082108e+41
1.464000e-14 -7.694371e+20 5.920335e+41
1.465500e-14 -7.566893e+20 5.725788e+41
1.467000e-14 -7.416789e+20 5.500875e+41
1.468500e-14 -7.244559e+20 5.248363e+41
1.470000e-14 -7.050772e+20 4.971338e+41
1.471500e-14 -6.836059e+20 4.673170e+41
1.473000e-14 -6.601113e+20 4.357469e+41
1.474500e-14 -6.346687e+20 4.028044e+41
1.476000e-14 -6.073590e+20 3.688850e+41
1.477500e-14 -5.782687e+20 3.343947e+41
1.479000e-14 -5.474894e+20 2.997446e+41
1.480500e-14 -5.151174e+20 2.653460e+41
1.482000e-14 -4.812540e+20 2.316054e+41
1.483500e-14 -4.460045e+20 1.989200e+41
1.485000e-14 -4.094782e+20 1.676724e+41
1.486500e-14 -3.717880e+20 1.382263e+41
1.488000e-14 -3.330503e+20 1.109225e+41
1.489500e-14 -2.933840e+20 8.607415e+40
1.491000e-14 -2.529109e+20 6.396391e+40
1.492500e-14 -2.117548e+20 4.484010e+40
1.494000e-14 -1.700415e+20 2.891410e+40
1.495500e-14 -1.278979e+20 1.635789e+40
1.497000e-14 -8.545237e+19 7.302108e+39
1.498500e-14 -4.283353e+19 1.834711e+39
