0.000000e+00 nan nan
1.500000e-17 -8.142151e+14 6.629463e+29
3.000000e-17 -1.302018e+16 1.695250e+32
4.500000e-17 -6.585338e+16 4.336667e+33
6.000000e-17 -2.078584e+17 4.320510e+34
7.500000e-17 -5.066177e+17 2.566615e+35
9.000000e-17 -1.048374e+18 1.099088e+36
1.050000e-16 -1.937547e+18 3.754090e+36
1.200000e-16 -3.296149e+18 1.086460e+37
1.350000e-16 -5.263097e+18 2.770019e+37
1.500000e-16 -7.993429e+18 6.389491e+37
1.650000e-16 -1.165743e+19 1.358957e+38
1.800000e-16 -1.643966e+19 2.702625e+38
1.950000e-16 -2.253791e+19 5.079574e+38
2.100000e-16 -3.016206e+19 9.097497e+38
2.250000e-16 -3.953286e+19 1.562847e+39
2.400000e-16 -5.088070e+19 2.588845e+39
2.550000e-16 -6.444418e+19 4.153052e+39
2.700000e-16 -8.046879e+19 6.475226e+39
2.850000e-16 -9.920541e+19 9.841713e+39
3.000000e-16 -1.209088e+20 1.461894e+40
3.150000e-16 -1.458362e+20 2.126819e+40
3.300000e-16 -1.742454e+20 3.036146e+40
3.450000e-16 -2.063936e+20 4.259832e+40
3.600000e-16 -2.425355e+20 5.882346e+40
3.750000e-16 -2.829217e+20 8.004469e+40
3.900000e-16 -3.277972e+20 1.074510e+41
4.050000e-16 -3.773998e+20 1.424306e+41
4.200000e-16 -4.319580e+20 1.865877e+41
4.350000e-16 -4.916903e+20 2.417594e+41
4.500000e-16 -5.568029e+20 3.100294e+41
4.650000e-16 -6.274882e+20 3.937415e+41
4.800000e-16 -7.039239e+20 4.955089e+41
4.950000e-16 -7.862710e+20 6.182221e+41
5.100000e-16 -8.746725e+20 7.650520e+41
5.250000e-16 -9.692523e+20 9.394500e+41
5.400000e-16 -1.070114e+21 1.145144e+42
5.550000e-16 -1.177339e+21 1.386126e+42
5.700000e-16 -1.290986e+21 1.666645e+42
5.850000e-16 -1.411091e+21 1.991177e+42
6.000000e-16 -1.537663e+21 2.364408e+42
6.150000e-16 -1.670689e+21 2.791202e+42
6.300000e-16 -1.810126e+21 3.276557e+42
6.450000e-16 -1.955907e+21 3.825572e+42
6.600000e-16 -2.107936e+21 4.443393e+42
6.750000e-16 -2.266089e+21 5.135160e+42
6.900000e-16 -2.430216e+21 5.905949e+42
7.050000e-16 -2.600136e+21 6.760708e+42
7.200000e-16 -2.775642e+21 7.704190e+42
7.350000e-16 -2.956498e+21 8.740882e+42
7.500000e-16 -3.142440e+21 9.874927e+42
7.650000e-16 -3.333175e+21 1.111006e+43
7.800000e-16 -3.528385e+21 1.244950e+43
7.950000e-16 -3.727724e+21 1.389593e+43
8.100000e-16 -3.930821e+21 1.545135e+43
8.250000e-16 -4.137277e+21 1.711706e+43
8.400000e-16 -4.346673e+21 1.889356e+43
8.550000e-16 -4.558562e+21 2.078049e+43
8.700000e-16 -4.772479e+21 2.277656e+43
8.850000e-16 -4.987935e+21 2.487950e+43
9.000000e-16 -5.204423e+21 2.708602e+43
9.150000e-16 -5.421418e+21 2.939177e+43
9.300000e-16 -5.638377e+21 3.179130e+43
9.450000e-16 -5.854743e+21 3.427802e+43
9.600000e-16 -6.069946e+21 3.684424e+43
9.750000e-16 -6.283403e+21 3.948115e+43
9.900000e-16 -6.494522e+21 4.217882e+43
1.005000e-15 -6.702705e+21 4.492626e+43
1.020000e-15 -6.907347e+21 4.771144e+43
1.035000e-15 -7.107837e+21 5.052134e+43
1.050000e-15 -7.303565e+21 5.334206e+43
1.065000e-15 -7.493921e+21 5.615886e+43
1.080000e-15 -7.678298e+21 5.895626e+43
1.095000e-15 -7.856091e+21 6.171816e+43
1.110000e-15 -8.026704e+21 6.442798e+43
1.125000e-15 -8.189551e+21 6.706875e+43
1.140000e-15 -8.344054e+21 6.962324e+43
1.155000e-15 -8.489651e+21 7.207417e+43
1.170000e-15 -8.625793e+21 7.440431e+43
1.185000e-15 -8.751951e+21 7.659665e+43
1.200000e-15 -8.867614e+21 7.863457e+43
1.215000e-15 -8.972291e+21 8.050201e+43
1.230000e-15 -9.065518e+21 8.218362e+43
1.245000e-15 -9.146854e+21 8.366494e+43
1.260000e-15 -9.215885e+21 8.493253e+43
1.275000e-15 -9.272226e+21 8.597418e+43
1.290000e-15 -9.315523e+21 8.677898e+43
1.305000e-15 -9.345455e+21 8.733752e+43
1.320000e-15 -9.361731e+21 8.764202e+43
1.335000e-15 -9.364100e+21 8.768636e+43
1.350000e-15 -9.352342e+21 8.746630e+43
1.365000e-15 -9.326278e+21 8.697946e+43
1.380000e-15 -9.285765e+21 8.622544e+43
1.395000e-15 -9.230702e+21 8.520585e+43
1.410000e-15 -9.161023e+21 8.392435e+43
1.425000e-15 -9.076708e+21 8.238663e+43
1.440000e-15 -8.977775e+21 8.060045e+43
1.455000e-15 -8.864285e+21 7.857554e+43
1.470000e-15 -8.736338e+21 7.632360e+43
1.485000e-15 -8.594079e+21 7.385819e+43
1.500000e-15 -8.437693e+21 7.119466e+43
1.515000e-15 -8.267407e+21 6.835002e+43
1.530000e-15 -8.083489e+21 6.534279e+43
1.545000e-15 -7.886248e+21 6.219290e+43
1.560000e-15 -7.676032e+21 5.892146e+43
1.575000e-15 -7.453230e+21 5.555063e+43
1.590000e-15 -7.218268e+21 5.210339e+43
1.605000e-15 -6.971610e+21 4.860335e+43
1.620000e-15 -6.713757e+21 4.507454e+43
1.635000e-15 -6.445244e+21 4.154117e+43
1.650000e-15 -6.166639e+21 3.802744e+43
1.665000e-15 -5.878543e+21 3.455726e+43
1.680000e-15 -5.581586e+21 3.115411e+43
1.695000e-15 -5.276430e+21 2.784071e+43
1.710000e-15 -4.963759e+21 2.463890e+43
1.725000e-15 -4.644284e+21 2.156938e+43
1.740000e-15 -4.318741e+21 1.865152e+43
1.755000e-15 -3.987882e+21 1.590320e+43
1.770000e-15 -3.652480e+21 1.334061e+43
1.785000e-15 -3.313325e+21 1.097812e+43
1.800000e-15 -2.971218e+21 8.828135e+42
1.815000e-15 -2.626973e+21 6.900987e+42
1.830000e-15 -2.281413e+21 5.204845e+42
1.845000e-15 -1.935367e+21 3.745644e+42
1.860000e-15 -1.589667e+21 2.527042e+42
1.875000e-15 -1.245149e+21 1.550395e+42
1.890000e-15 -9.026436e+20 8.147655e+41
1.905000e-15 -5.629818e+20 3.169485e+41
1.920000e-15 -2.269859e+20 5.152262e+40
1.935000e-15 1.045298e+20 1.092648e+40
1.950000e-15 4.307627e+20 1.855565e+41
1.965000e-15 7.509238e+20 5.638866e+41
1.980000e-15 1.064240e+21 1.132608e+42
1.995000e-15 1.369958e+21 1.876786e+42
2.010000e-15 1.667345e+21 2.780038e+42
2.025000e-15 1.955689e+21 3.824721e+42
2.040000e-15 2.234308e+21 4.992133e+42
2.055000e-15 2.502544e+21 6.262727e+42
2.070000e-15 2.759770e+21 7.616329e+42
2.085000e-15 3.005389e+21 9.032366e+42
2.100000e-15 3.238841e+21 1.049009e+43
2.115000e-15 3.459596e+21 1.196880e+43
2.130000e-15 3.667165e+21 1.344810e+43
2.145000e-15 3.861095e+21 1.490805e+43
2.160000e-15 4.040972e+21 1.632946e+43
2.175000e-15 4.206426e+21 1.769402e+43
2.190000e-15 4.357125e+21 1.898454e+43
2.205000e-15 4.492783e+21 2.018510e+43
2.220000e-15 4.613155e+21 2.128120e+43
2.235000e-15 4.718043e+21 2.225993e+43
2.250000e-15 4.807293e+21 2.311007e+43
2.265000e-15 4.880796e+21 2.382217e+43
2.280000e-15 4.938488e+21 2.438866e+43
2.295000e-15 4.980353e+21 2.480392e+43
2.310000e-15 5.006420e+21 2.506424e+43
2.325000e-15 5.016762e+21 2.516790e+43
2.340000e-15 5.011498e+21 2.511512e+43
2.355000e-15 4.990795e+21 2.490803e+43
2.370000e-15 4.954858e+21 2.455062e+43
2.385000e-15 4.903941e+21 2.404864e+43
2.400000e-15 4.838339e+21 2.340952e+43
2.415000e-15 4.758386e+21 2.264224e+43
2.430000e-15 4.664459e+21 2.175718e+43
2.445000e-15 4.556975e+21 2.076602e+43
2.460000e-15 4.436385e+21 1.968151e+43
2.475000e-15 4.303179e+21 1.851735e+43
2.490000e-15 4.157881e+21 1.728798e+43
2.505000e-15 4.001048e+21 1.600839e+43
2.520000e-15 3.833267e+21 1.469394e+43
2.535000e-15 3.655154e+21 1.336015e+43
2.550000e-15 3.467354e+21 1.202254e+43
2.565000e-15 3.270534e+21 1.069639e+43
2.580000e-15 3.065385e+21 9.396587e+42
2.595000e-15 2.852620e+21 8.137440e+42
2.610000e-15 2.632967e+21 6.932516e+42
2.625000e-15 2.407173e+21 5.794480e+42
2.640000e-15 2.175995e+21 4.734956e+42
2.655000e-15 1.940205e+21 3.764396e+42
2.670000e-15 1.700580e+21 2.891973e+42
2.685000e-15 1.457905e+21 2.125488e+42
2.700000e-15 1.212969e+21 1.471293e+42
2.715000e-15 9.665589e+20 9.342362e+41
2.730000e-15 7.194645e+20 5.176291e+41
2.745000e-15 4.724691e+20 2.232271e+41
2.760000e-15 2.263507e+20 5.123463e+40
2.775000e-15 -1.812175e+19 3.283978e+38
2.790000e-15 -2.601900e+20 6.769886e+40
2.805000e-15 -4.991094e+20 2.491102e+41
2.820000e-15 -7.341507e+20 5.389772e+41
2.835000e-15 -9.646025e+20 9.304579e+41
2.850000e-15 -1.189773e+21 1.415560e+42
2.865000e-15 -1.408994e+21 1.985263e+42
2.880000e-15 -1.621618e+21 2.629644e+42
2.895000e-15 -1.827026e+21 3.338025e+42
2.910000e-15 -2.024627e+21 4.099114e+42
2.925000e-15 -2.213857e+21 4.901163e+42
2.940000e-15 -2.394185e+21 5.732120e+42
2.955000e-15 -2.565110e+21 6.579791e+42
2.970000e-15 -2.726168e+21 7.431993e+42
2.985000e-15 -2.876928e+21 8.276715e+42
3.000000e-15 -3.016995e+21 9.102258e+42
3.015000e-15 -3.146011e+21 9.897388e+42
3.030000e-15 -3.263658e+21 1.065147e+43
3.045000e-15 -3.369655e+21 1.135457e+43
3.060000e-15 -3.463760e+21 1.199763e+43
3.075000e-15 -3.545773e+21 1.257250e+43
3.090000e-15 -3.615531e+21 1.307207e+43
3.105000e-15 -3.672915e+21 1.349031e+43
3.120000e-15 -3.717845e+21 1.382237e+43
3.135000e-15 -3.750281e+21 1.406461e+43
3.150000e-15 -3.770224e+21 1.421459e+43
3.165000e-15 -3.777715e+21 1.427113e+43
3.180000e-15 -3.772834e+21 1.423428e+43
3.195000e-15 -3.755701e+21 1.410529e+43
3.210000e-15 -3.726475e+21 1.388661e+43
3.225000e-15 -3.685350e+21 1.358181e+43
3.240000e-15 -3.632560e+21 1.319549e+43
3.255000e-15 -3.568371e+21 1.273327e+43
3.270000e-15 -3.493088e+21 1.220166e+43
3.285000e-15 -3.407045e+21 1.160796e+43
3.300000e-15 -3.310611e+21 1.096015e+43
3.315000e-15 -3.204184e+21 1.026679e+43
3.330000e-15 -3.088191e+21 9.536924e+42
3.345000e-15 -2.963087e+21 8.779887e+42
3.360000e-15 -2.829353e+21 8.005241e+42
3.375000e-15 -2.687494e+21 7.222623e+42
3.390000e-15 -2.538035e+21 6.441623e+42
3.405000e-15 -2.381525e+21 5.671660e+42
3.420000e-15 -2.218528e+21 4.921865e+42
3.435000e-15 -2.049626e+21 4.200966e+42
3.450000e-15 -1.875415e+21 3.517182e+42
3.465000e-15 -1.696505e+21 2.878128e+42
3.480000e-15 -1.513513e+21 2.290721e+42
3.495000e-15 -1.327067e+21 1.761106e+42
3.510000e-15 -1.137800e+21 1.294588e+42
3.525000e-15 -9.463486e+20 8.955758e+41
3.540000e-15 -7.533526e+20 5.675402e+41
3.555000e-15 -5.594506e+20 3.129849e+41
3.570000e-15 -3.652791e+20 1.334288e+41
3.585000e-15 -1.714707e+20 2.940219e+40
3.600000e-15 2.134871e+19 4.557674e+38
3.615000e-15 2.125612e+20 4.518227e+40
3.630000e-15 4.015592e+20 1.612498e+41
3.645000e-15 5.877472e+20 3.454468e+41
3.660000e-15 7.705436e+20 5.937375e+41
3.675000e-15 9.493824e+20 9.013270e+41
3.690000e-15 1.123715e+21 1.262736e+42
3.705000e-15 1.293012e+21 1.671881e+42
3.720000e-15 1.456765e+21 2.122165e+42
3.735000e-15 1.614487e+21 2.606567e+42
3.750000e-15 1.765714e+21 3.117745e+42
3.765000e-15 1.910007e+21 3.648128e+42
3.780000e-15 2.046955e+21 4.190026e+42
3.795000e-15 2.176172e+21 4.735725e+42
3.810000e-15 2.297300e+21 5.277588e+42
3.825000e-15 2.410012e+21 5.808157e+42
3.840000e-15 2.514008e+21 6.320237e+42
3.855000e-15 2.609022e+21 6.806996e+42
3.870000e-15 2.694817e+21 7.262036e+42
3.885000e-15 2.771187e+21 7.679479e+42
3.900000e-15 2.837962e+21 8.054026e+42
3.915000e-15 2.894999e+21 8.381021e+42
3.930000e-15 2.942193e+21 8.656500e+42
3.945000e-15 2.979468e+21 8.877231e+42
3.960000e-15 3.006783e+21 9.040742e+42
3.975000e-15 3.024127e+21 9.145342e+42
3.990000e-15 3.031523e+21 9.190134e+42
4.005000e-15 3.029028e+21 9.175008e+42
4.020000e-15 3.016725e+21 9.100632e+42
4.035000e-15 2.994734e+21 8.968434e+42
4.050000e-15 2.963202e+21 8.780568e+42
4.065000e-15 2.922307e+21 8.539876e+42
4.080000e-15 2.872253e+21 8.249839e+42
4.095000e-15 2.813277e+21 7.914526e+42
4.110000e-15 2.745638e+21 7.538528e+42
4.125000e-15 2.669624e+21 7.126893e+42
4.140000e-15 2.585547e+21 6.685052e+42
4.155000e-15 2.493741e+21 6.218745e+42
4.170000e-15 2.394565e+21 5.733942e+42
4.185000e-15 2.288397e+21 5.236761e+42
4.200000e-15 2.175635e+21 4.733387e+42
4.215000e-15 2.056695e+21 4.229993e+42
4.230000e-15 1.932010e+21 3.732661e+42
4.245000e-15 1.802027e+21 3.247302e+42
4.260000e-15 1.667209e+21 2.779585e+42
4.275000e-15 1.528028e+21 2.334869e+42
4.290000e-15 1.384968e+21 1.918137e+42
4.305000e-15 1.238522e+21 1.533936e+42
4.320000e-15 1.089188e+21 1.186331e+42
4.335000e-15 9.374717e+20 8.788532e+41
4.350000e-15 7.838812e+20 6.144697e+41
4.365000e-15 6.289269e+20 3.955491e+41
4.380000e-15 4.731197e+20 2.238422e+41
4.395000e-15 3.169690e+20 1.004693e+41
4.410000e-15 1.609816e+20 2.591507e+40
4.425000e-15 5.659631e+18 3.203142e+37
4.440000e-15 -1.485007e+20 2.205247e+40
4.455000e-15 -3.010110e+20 9.060763e+40
4.470000e-15 -4.513917e+20 2.037545e+41
4.485000e-15 -5.991740e+20 3.590095e+41
4.500000e-15 -7.439010e+20 5.533886e+41
4.515000e-15 -8.851290e+20 7.834534e+41
4.530000e-15 -1.022429e+21 1.045362e+42
4.545000e-15 -1.155389e+21 1.334924e+42
4.560000e-15 -1.283612e+21 1.647659e+42
4.575000e-15 -1.406721e+21 1.978863e+42
4.590000e-15 -1.524357e+21 2.323663e+42
4.605000e-15 -1.636182e+21 2.677091e+42
4.620000e-15 -1.741880e+21 3.034145e+42
4.635000e-15 -1.841155e+21 3.389852e+42
4.650000e-15 -1.933736e+21 3.739336e+42
4.665000e-15 -2.019375e+21 4.077874e+42
4.680000e-15 -2.097846e+21 4.400957e+42
4.695000e-15 -2.168950e+21 4.704345e+42
4.710000e-15 -2.232513e+21 4.984114e+42
4.725000e-15 -2.288385e+21 5.236707e+42
4.740000e-15 -2.336443e+21 5.458967e+42
4.755000e-15 -2.376590e+21 5.648179e+42
4.770000e-15 -2.408753e+21 5.802091e+42
4.785000e-15 -2.432888e+21 5.918944e+42
4.800000e-15 -2.448975e+21 5.997478e+42
4.815000e-15 -2.457021e+21 6.036950e+42
4.830000e-15 -2.457057e+21 6.037128e+42
4.845000e-15 -2.449141e+21 5.998293e+42
4.860000e-15 -2.433357e+21 5.921224e+42
4.875000e-15 -2.409809e+21 5.807182e+42
4.890000e-15 -2.378631e+21 5.657887e+42
4.905000e-15 -2.339976e+21 5.475489e+42
4.920000e-15 -2.294022e+21 5.262536e+42
4.935000e-15 -2.240967e+21 5.021933e+42
4.950000e-15 -2.181032e+21 4.756902e+42
4.965000e-15 -2.114459e+21 4.470937e+42
4.980000e-15 -2.041507e+21 4.167752e+42
4.995000e-15 -1.962456e+21 3.851233e+42
5.010000e-15 -1.877601e+21 3.525386e+42
5.025000e-15 -1.787256e+21 3.194283e+42
5.040000e-15 -1.691748e+21 2.862012e+42
5.055000e-15 -1.591420e+21 2.532619e+42
5.070000e-15 -1.486628e+21 2.210062e+42
5.085000e-15 -1.377737e+21 1.898160e+42
5.100000e-15 -1.265127e+21 1.600545e+42
5.115000e-15 -1.149182e+21 1.320620e+42
5.130000e-15 -1.030300e+21 1.061517e+42
5.145000e-15 -9.088795e+20 8.260620e+41
5.160000e-15 -7.853292e+20 6.167419e+41
5.175000e-15 -6.600594e+20 4.356784e+41
5.190000e-15 -5.334838e+20 2.846049e+41
5.205000e-15 -4.060173e+20 1.648500e+41
5.220000e-15 -2.780750e+20 7.732569e+40
5.235000e-15 -1.500707e+20 2.252122e+40
5.250000e-15 -2.241576e+19 5.024665e+38
5.265000e-15 1.044824e+20 1.091656e+40
5.280000e-15 2.302212e+20 5.300182e+40
5.295000e-15 3.544048e+20 1.256028e+41
5.310000e-15 4.766444e+20 2.271899e+41
5.325000e-15 5.965601e+20 3.558840e+41
5.340000e-15 7.137819e+20 5.094846e+41
5.355000e-15 8.279505e+20 6.855021e+41
5.370000e-15 9.387189e+20 8.811932e+41
5.385000e-15 1.045753e+21 1.093599e+42
5.400000e-15 1.148732e+21 1.319585e+42
5.415000e-15 1.247351e+21 1.555885e+42
5.430000e-15 1.341321e+21 1.799143e+42
5.445000e-15 1.430369e+21 2.045954e+42
5.460000e-15 1.514238e+21 2.292917e+42
5.475000e-15 1.592692e+21 2.536667e+42
5.490000e-15 1.665511e+21 2.773926e+42
5.505000e-15 1.732496e+21 3.001541e+42
5.520000e-15 1.793466e+21 3.216521e+42
5.535000e-15 1.848263e+21 3.416075e+42
5.550000e-15 1.896746e+21 3.597646e+42
5.565000e-15 1.938798e+21 3.758940e+42
5.580000e-15 1.974322e+21 3.897948e+42
5.595000e-15 2.003242e+21 4.012978e+42
5.610000e-15 2.025503e+21 4.102661e+42
5.625000e-15 2.041072e+21 4.165977e+42
5.640000e-15 2.049939e+21 4.202251e+42
5.655000e-15 2.052114e+21 4.211170e+42
5.670000e-15 2.047626e+21 4.192774e+42
5.685000e-15 2.036530e+21 4.147455e+42
5.700000e-15 2.018898e+21 4.075949e+42
5.715000e-15 1.994823e+21 3.979318e+42
5.730000e-15 1.964419e+21 3.858941e+42
5.745000e-15 1.927818e+21 3.716483e+42
5.760000e-15 1.885173e+21 3.553878e+42
5.775000e-15 1.836654e+21 3.373299e+42
5.790000e-15 1.782449e+21 3.177126e+42
5.805000e-15 1.722764e+21 2.967916e+42
5.820000e-15 1.657820e+21 2.748366e+42
5.835000e-15 1.587853e+21 2.521278e+42
5.850000e-15 1.513117e+21 2.289524e+42
5.865000e-15 1.433877e+21 2.056004e+42
5.880000e-15 1.350412e+21 1.823612e+42
5.895000e-15 1.263012e+21 1.595199e+42
5.910000e-15 1.171980e+21 1.373536e+42
5.925000e-15 1.077627e+21 1.161279e+42
5.940000e-15 9.802744e+20 9.609379e+41
5.955000e-15 8.802513e+20 7.748424e+41
5.970000e-15 7.778935e+20 6.051183e+41
5.985000e-15 6.735424e+20 4.536594e+41
6.000000e-15 5.675445e+20 3.221067e+41
6.015000e-15 4.602495e+20 2.118296e+41
6.030000e-15 3.520098e+20 1.239109e+41
6.045000e-15 2.431791e+20 5.913607e+40
6.060000e-15 1.341112e+20 1.798581e+40
6.075000e-15 2.515900e+19 6.329752e+38
6.090000e-15 -8.332652e+19 6.943309e+39
6.105000e-15 -1.909976e+20 3.648009e+40
6.120000e-15 -2.975107e+20 8.851261e+40
6.135000e-15 -4.025275e+20 1.620284e+41
6.150000e-15 -5.057161e+20 2.557487e+41
6.165000e-15 -6.067518e+20 3.681477e+41
6.180000e-15 -7.053184e+20 4.974741e+41
6.195000e-15 -8.011091e+20 6.417758e+41
6.210000e-15 -8.938271e+20 7.989269e+41
6.225000e-15 -9.831870e+20 9.666566e+41
6.240000e-15 -1.068915e+21 1.142580e+42
6.255000e-15 -1.150751e+21 1.324228e+42
6.270000e-15 -1.228447e+21 1.509083e+42
6.285000e-15 -1.301772e+21 1.694609e+42
6.300000e-15 -1.370506e+21 1.878287e+42
6.315000e-15 -1.434449e+21 2.057643e+42
6.330000e-15 -1.493413e+21 2.230283e+42
6.345000e-15 -1.547231e+21 2.393925e+42
6.360000e-15 -1.595751e+21 2.546421e+42
6.375000e-15 -1.638837e+21 2.685788e+42
6.390000e-15 -1.676375e+21 2.810234e+42
6.405000e-15 -1.708266e+21 2.918174e+42
6.420000e-15 -1.734431e+21 3.008252e+42
6.435000e-15 -1.754810e+21 3.079357e+42
6.450000e-15 -1.769360e+21 3.130635e+42
6.465000e-15 -1.778059e+21 3.161495e+42
6.480000e-15 -1.780904e+21 3.171620e+42
6.495000e-15 -1.777909e+21 3.160962e+42
6.510000e-15 -1.769109e+21 3.129747e+42
6.525000e-15 -1.754556e+21 3.078465e+42
6.540000e-15 -1.734320e+21 3.007865e+42
6.555000e-15 -1.708491e+21 2.918941e+42
6.570000e-15 -1.677175e+21 2.812917e+42
6.585000e-15 -1.640497e+21 2.691230e+42
6.600000e-15 -1.598597e+21 2.555512e+42
6.615000e-15 -1.551633e+21 2.407564e+42
6.630000e-15 -1.499777e+21 2.249330e+42
6.645000e-15 -1.443218e+21 2.082878e+42
6.660000e-15 -1.382159e+21 1.910362e+42
6.675000e-15 -1.316816e+21 1.734004e+42
6.690000e-15 -1.247419e+21 1.556054e+42
6.705000e-15 -1.174211e+21 1.378771e+42
6.720000e-15 -1.097444e+21 1.204384e+42
6.735000e-15 -1.017384e+21 1.035070e+42
6.750000e-15 -9.343041e+20 8.729242e+41
6.765000e-15 -8.484874e+20 7.199308e+41
6.780000e-15 -7.602246e+20 5.779415e+41
6.795000e-15 -6.698138e+20 4.486505e+41
6.810000e-15 -5.775586e+20 3.335739e+41
6.825000e-15 -4.837678e+20 2.340313e+41
6.840000e-15 -3.887541e+20 1.511298e+41
6.855000e-15 -2.928333e+20 8.575133e+40
6.870000e-15 -1.963228e+20 3.854265e+40
6.885000e-15 -9.954121e+19 9.908452e+39
6.900000e-15 -2.806760e+18 7.877903e+36
6.915000e-15 9.356342e+19 8.754114e+39
6.930000e-15 1.892544e+20 3.581724e+40
6.945000e-15 2.839546e+20 8.063022e+40
6.960000e-15 3.773565e+20 1.423979e+41
6.975000e-15 4.691579e+20 2.201091e+41
6.990000e-15 5.590628e+20 3.125512e+41
7.005000e-15 6.467823e+20 4.183273e+41
7.020000e-15 7.320355e+20 5.358759e+41
7.035000e-15 8.145506e+20 6.634926e+41
7.050000e-15 8.940654e+20 7.993530e+41
7.065000e-15 9.703286e+20 9.415377e+41
7.080000e-15 1.043100e+21 1.088058e+42
7.095000e-15 1.112152e+21 1.236883e+42
7.110000e-15 1.177270e+21 1.385965e+42
7.125000e-15 1.238252e+21 1.533268e+42
7.140000e-15 1.294911e+21 1.676794e+42
7.155000e-15 1.347074e+21 1.814610e+42
7.170000e-15 1.394586e+21 1.944869e+42
7.185000e-15 1.437303e+21 2.065840e+42
7.200000e-15 1.475101e+21 2.175924e+42
7.215000e-15 1.507872e+21 2.273679e+42
7.230000e-15 1.535524e+21 2.357833e+42
7.245000e-15 1.557981e+21 2.427306e+42
7.260000e-15 1.575188e+21 2.481216e+42
7.275000e-15 1.587103e+21 2.518897e+42
7.290000e-15 1.593705e+21 2.539897e+42
7.305000e-15 1.594990e+21 2.543993e+42
7.320000e-15 1.590969e+21 2.531184e+42
7.335000e-15 1.581675e+21 2.501695e+42
7.350000e-15 1.567153e+21 2.455969e+42
7.365000e-15 1.547470e+21 2.394662e+42
7.380000e-15 1.522706e+21 2.318634e+42
7.395000e-15 1.492961e+21 2.228933e+42
7.410000e-15 1.458349e+21 2.126782e+42
7.425000e-15 1.419000e+21 2.013561e+42
7.440000e-15 1.375060e+21 1.890790e+42
7.455000e-15 1.326689e+21 1.760105e+42
7.470000e-15 1.274063e+21 1.623236e+42
7.485000e-15 1.217369e+21 1.481986e+42
7.500000e-15 1.156808e+21 1.338205e+42
7.515000e-15 1.092595e+21 1.193763e+42
7.530000e-15 1.024954e+21 1.050530e+42
7.545000e-15 9.541211e+20 9.103471e+41
7.560000e-15 8.803424e+20 7.750027e+41
7.575000e-15 8.038726e+20 6.462111e+41
7.590000e-15 7.249748e+20 5.255885e+41
7.605000e-15 6.439196e+20 4.146324e+41
7.620000e-15 5.609839e+20 3.147029e+41
7.635000e-15 4.764500e+20 2.270046e+41
7.650000e-15 3.906051e+20 1.525724e+41
7.665000e-15 3.037396e+20 9.225774e+40
7.680000e-15 2.161466e+20 4.671937e+40
7.695000e-15 1.281210e+20 1.641500e+40
7.710000e-15 3.995812e+19 1.596651e+39
7.725000e-15 -4.804704e+19 2.308518e+39
7.740000e-15 -1.356007e+20 1.838756e+40
7.755000e-15 -2.224116e+20 4.946693e+40
7.770000e-15 -3.081916e+20 9.498204e+40
7.785000e-15 -3.926567e+20 1.541793e+41
7.800000e-15 -4.755284e+20 2.261273e+41
7.815000e-15 -5.565340e+20 3.097301e+41
7.830000e-15 -6.354080e+20 4.037433e+41
7.845000e-15 -7.118926e+20 5.067911e+41
7.860000e-15 -7.857388e+20 6.173854e+41
7.875000e-15 -8.567071e+20 7.339470e+41
7.890000e-15 -9.245682e+20 8.548264e+41
7.905000e-15 -9.891041e+20 9.783270e+41
7.920000e-15 -1.050108e+21 1.102728e+42
7.935000e-15 -1.107387e+21 1.226306e+42
7.950000e-15 -1.160759e+21 1.347361e+42
7.965000e-15 -1.210057e+21 1.464238e+42
7.980000e-15 -1.255128e+21 1.575345e+42
7.995000e-15 -1.295833e+21 1.679182e+42
8.010000e-15 -1.332048e+21 1.774353e+42
8.025000e-15 -1.363666e+21 1.859586e+42
8.040000e-15 -1.390595e+21 1.933754e+42
8.055000e-15 -1.412757e+21 1.995882e+42
8.070000e-15 -1.430093e+21 2.045165e+42
8.085000e-15 -1.442559e+21 2.080976e+42
8.100000e-15 -1.450127e+21 2.102869e+42
8.115000e-15 -1.452788e+21 2.110593e+42
8.130000e-15 -1.450547e+21 2.104087e+42
8.145000e-15 -1.443426e+21 2.083480e+42
8.160000e-15 -1.431465e+21 2.049093e+42
8.175000e-15 -1.414718e+21 2.001427e+42
8.190000e-15 -1.393256e+21 1.941163e+42
8.205000e-15 -1.367166e+21 1.869143e+42
8.220000e-15 -1.336550e+21 1.786366e+42
8.235000e-15 -1.301525e+21 1.693967e+42
8.250000e-15 -1.262222e+21 1.593205e+42
8.265000e-15 -1.218787e+21 1.485442e+42
8.280000e-15 -1.171380e+21 1.372130e+42
8.295000e-15 -1.120171e+21 1.254784e+42
8.310000e-15 -1.065347e+21 1.134964e+42
8.325000e-15 -1.007102e+21 1.014254e+42
8.340000e-15 -9.456442e+20 8.942430e+41
8.355000e-15 -8.811908e+20 7.764973e+41
8.370000e-15 -8.139687e+20 6.625451e+41
8.385000e-15 -7.442135e+20 5.538538e+41
8.400000e-15 -6.721687e+20 4.518108e+41
8.415000e-15 -5.980848e+20 3.577054e+41
8.430000e-15 -5.222185e+20 2.727122e+41
8.445000e-15 -4.448319e+20 1.978754e+41
8.460000e-15 -3.661912e+20 1.340960e+41
8.475000e-15 -2.865663e+20 8.212027e+40
8.490000e-15 -2.062297e+20 4.253070e+40
8.505000e-15 -1.254553e+20 1.573904e+40
8.520000e-15 -4.451786e+19 1.981840e+39
8.535000e-15 3.630830e+19 1.318293e+39
8.550000e-15 1.167499e+20 1.363054e+40
8.565000e-15 1.965358e+20 3.862632e+40
8.580000e-15 2.753979e+20 7.584402e+40
8.595000e-15 3.530721e+20 1.246599e+41
8.610000e-15 4.292990e+20 1.842976e+41
8.625000e-15 5.038248e+20 2.538395e+41
8.640000e-15 5.764026e+20 3.322400e+41
8.655000e-15 6.467924e+20 4.183404e+41
8.670000e-15 7.147627e+20 5.108857e+41
8.685000e-15 7.800906e+20 6.085414e+41
8.700000e-15 8.425631e+20 7.099126e+41
8.715000e-15 9.019774e+20 8.135633e+41
8.730000e-15 9.581418e+20 9.180357e+41
8.745000e-15 1.010876e+21 1.021870e+42
8.760000e-15 1.060012e+21 1.123626e+42
8.775000e-15 1.105395e+21 1.221899e+42
8.790000e-15 1.146883e+21 1.315340e+42
8.805000e-15 1.184347e+21 1.402677e+42
8.820000e-15 1.217673e+21 1.482727e+42
8.835000e-15 1.246761e+21 1.554414e+42
8.850000e-15 1.271527e+21 1.616780e+42
8.865000e-15 1.291899e+21 1.669003e+42
8.880000e-15 1.307823e+21 1.710401e+42
8.895000e-15 1.319259e+21 1.740445e+42
8.910000e-15 1.326183e+21 1.758762e+42
8.925000e-15 1.328586e+21 1.765140e+42
8.940000e-15 1.326474e+21 1.759532e+42
8.955000e-15 1.319868e+21 1.742052e+42
8.970000e-15 1.308807e+21 1.712975e+42
8.985000e-15 1.293341e+21 1.672730e+42
9.000000e-15 1.273538e+21 1.621898e+42
9.015000e-15 1.249478e+21 1.561196e+42
9.030000e-15 1.221259e+21 1.491473e+42
9.045000e-15 1.188988e+21 1.413692e+42
9.060000e-15 1.152789e+21 1.328921e+42
9.075000e-15 1.112797e+21 1.238317e+42
9.090000e-15 1.069161e+21 1.143105e+42
9.105000e-15 1.022041e+21 1.044567e+42
9.120000e-15 9.716079e+20 9.440218e+41
9.135000e-15 9.180446e+20 8.428059e+41
9.150000e-15 8.615431e+20 7.422566e+41
9.165000e-15 8.023051e+20 6.436934e+41
9.180000e-15 7.405407e+20 5.484005e+41
9.195000e-15 6.764682e+20 4.576092e+41
9.210000e-15 6.103129e+20 3.724818e+41
9.225000e-15 5.423063e+20 2.940962e+41
9.240000e-15 4.726858e+20 2.234319e+41
9.255000e-15 4.016932e+20 1.613574e+41
9.270000e-15 3.295743e+20 1.086192e+41
9.285000e-15 2.565777e+20 6.583213e+40
9.300000e-15 1.829545e+20 3.347236e+40
9.315000e-15 1.089569e+20 1.187161e+40
9.330000e-15 3.483755e+19 1.213655e+39
9.345000e-15 -3.915137e+19 1.532830e+39
9.360000e-15 -1.127589e+20 1.271457e+40
9.375000e-15 -1.857363e+20 3.449796e+40
9.390000e-15 -2.578377e+20 6.648026e+40
9.405000e-15 -3.288211e+20 1.081233e+41
9.420000e-15 -3.984491e+20 1.587617e+41
9.435000e-15 -4.664898e+20 2.176127e+41
9.450000e-15 -5.327174e+20 2.837879e+41
9.465000e-15 -5.969131e+20 3.563052e+41
9.480000e-15 -6.588656e+20 4.341039e+41
9.495000e-15 -7.183722e+20 5.160586e+41
9.510000e-15 -7.752390e+20 6.009955e+41
9.525000e-15 -8.292818e+20 6.877083e+41
9.540000e-15 -8.803267e+20 7.749750e+41
9.555000e-15 -9.282104e+20 8.615746e+41
9.570000e-15 -9.727813e+20 9.463034e+41
9.585000e-15 -1.013899e+21 1.027991e+42
9.600000e-15 -1.051436e+21 1.105518e+42
9.615000e-15 -1.085277e+21 1.177826e+42
9.630000e-15 -1.115319e+21 1.243937e+42
9.645000e-15 -1.141474e+21 1.302964e+42
9.660000e-15 -1.163667e+21 1.354120e+42
9.675000e-15 -1.181834e+21 1.396732e+42
9.690000e-15 -1.195929e+21 1.430247e+42
9.705000e-15 -1.205918e+21 1.454238e+42
9.720000e-15 -1.211781e+21 1.468412e+42
9.735000e-15 -1.213511e+21 1.472610e+42
9.750000e-15 -1.211118e+21 1.466808e+42
9.765000e-15 -1.204624e+21 1.451120e+42
9.780000e-15 -1.194065e+21 1.425792e+42
9.795000e-15 -1.179491e+21 1.391198e+42
9.810000e-15 -1.160964e+21 1.347838e+42
9.825000e-15 -1.138563e+21 1.296325e+42
9.840000e-15 -1.112375e+21 1.237377e+42
9.855000e-15 -1.082503e+21 1.171812e+42
9.870000e-15 -1.049060e+21 1.100528e+42
9.885000e-15 -1.012174e+21 1.024496e+42
9.900000e-15 -9.719800e+20 9.447451e+41
9.915000e-15 -9.286265e+20 8.623471e+41
9.930000e-15 -8.822713e+20 7.784026e+41
9.945000e-15 -8.330820e+20 6.940256e+41
9.960000e-15 -7.812351e+20 6.103283e+41
9.975000e-15 -7.269156e+20 5.284063e+41
9.990000e-15 -6.703162e+20 4.493239e+41
1.000500e-14 -6.116367e+20 3.740994e+41
1.002000e-14 -5.510830e+20 3.036924e+41
1.003500e-14 -4.888668e+20 2.389908e+41
1.005000e-14 -4.252048e+20 1.807991e+41
1.006500e-14 -3.603176e+20 1.298288e+41
1.008000e-14 -2.944293e+20 8.668862e+40
1.009500e-14 -2.277665e+20 5.187759e+40
1.011000e-14 -1.605577e+20 2.577879e+40
1.012500e-14 -9.303245e+19 8.655037e+39
1.014000e-14 -2.542041e+19 6.461972e+38
1.015500e-14 4.204916e+19 1.768132e+39
1.017000e-14 1.091483e+20 1.191336e+40
1.018500e-14 1.756512e+20 3.085335e+40
1.020000e-14 2.413348e+20 5.824250e+40
1.021500e-14 3.059797e+20 9.362356e+40
1.023000e-14 3.693706e+20 1.364346e+41
1.024500e-14 4.312973e+20 1.860174e+41
1.026000e-14 4.915555e+20 2.416269e+41
1.027500e-14 5.499471e+20 3.024418e+41
1.029000e-14 6.062809e+20 3.675765e+41
1.030500e-14 6.603735e+20 4.360932e+41
1.032000e-14 7.120498e+20 5.070149e+41
1.033500e-14 7.611432e+20 5.793390e+41
1.035000e-14 8.074968e+20 6.520511e+41
1.036500e-14 8.509631e+20 7.241383e+41
1.038000e-14 8.914053e+20 7.946034e+41
1.039500e-14 9.286969e+20 8.624780e+41
1.041000e-14 9.627229e+20 9.268353e+41
1.042500e-14 9.933793e+20 9.868024e+41
1.044000e-14 1.020574e+21 1.041572e+42
1.045500e-14 1.044227e+21 1.090411e+42
1.047000e-14 1.064271e+21 1.132673e+42
1.048500e-14 1.080650e+21 1.167805e+42
1.050000e-14 1.093322e+21 1.195352e+42
1.051500e-14 1.102255e+21 1.214967e+42
1.053000e-14 1.107434e+21 1.226410e+42
1.054500e-14 1.108853e+21 1.229554e+42
1.056000e-14 1.106519e+21 1.224384e+42
1.057500e-14 1.100454e+21 1.211000e+42
1.059000e-14 1.090691e+21 1.189607e+42
1.060500e-14 1.077275e+21 1.160522e+42
1.062000e-14 1.060264e+21 1.124159e+42
1.063500e-14 1.039727e+21 1.081032e+42
1.065000e-14 1.015745e+21 1.031738e+42
1.066500e-14 9.884110e+20 9.769564e+41
1.068000e-14 9.578283e+20 9.174350e+41
1.069500e-14 9.241107e+20 8.539805e+41
1.071000e-14 8.873824e+20 7.874476e+41
1.072500e-14 8.477774e+20 7.187264e+41
1.074000e-14 8.054385e+20 6.487313e+41
1.075500e-14 7.605178e+20 5.783873e+41
1.077000e-14 7.131750e+20 5.086185e+41
1.078500e-14 6.635777e+20 4.403353e+41
1.080000e-14 6.119004e+20 3.744221e+41
1.081500e-14 5.583242e+20 3.117259e+41
1.083000e-14 5.030356e+20 2.530449e+41
1.084500e-14 4.462266e+20 1.991182e+41
1.086000e-14 3.880934e+20 1.506165e+41
1.087500e-14 3.288361e+20 1.081332e+41
1.089000e-14 2.686578e+20 7.217702e+40
1.090500e-14 2.077642e+20 4.316596e+40
1.092000e-14 1.463625e+20 2.142198e+40
1.093500e-14 8.466100e+19 7.167485e+39
1.095000e-14 2.286836e+19 5.229619e+38
1.096500e-14 -3.880723e+19 1.506001e+39
1.098000e-14 -1.001586e+20 1.003175e+40
1.099500e-14 -1.609805e+20 2.591472e+40
1.101000e-14 -2.210699e+20 4.887190e+40
1.102500e-14 -2.802271e+20 7.852723e+40
1.104000e-14 -3.382561e+20 1.144172e+41
1.105500e-14 -3.949654e+20 1.559976e+41
1.107000e-14 -4.501684e+20 2.026516e+41
1.108500e-14 -5.036843e+20 2.536978e+41
1.110000e-14 -5.553385e+20 3.084008e+41
1.111500e-14 -6.049632e+20 3.659805e+41
1.113000e-14 -6.523981e+20 4.256233e+41
1.114500e-14 -6.974904e+20 4.864929e+41
1.116000e-14 -7.400961e+20 5.477422e+41
1.117500e-14 -7.800795e+20 6.085240e+41
1.119000e-14 -8.173146e+20 6.680031e+41
1.120500e-14 -8.516846e+20 7.253667e+41
1.122000e-14 -8.830830e+20 7.798356e+41
1.123500e-14 -9.114134e+20 8.306744e+41
1.125000e-14 -9.365900e+20 8.772008e+41
1.126500e-14 -9.585379e+20 9.187949e+41
1.128000e-14 -9.771932e+20 9.549065e+41
1.129500e-14 -9.925031e+20 9.850625e+41
1.131000e-14 -1.004427e+21 1.008873e+42
1.132500e-14 -1.012933e+21 1.026034e+42
1.134000e-14 -1.018006e+21 1.036335e+42
1.135500e-14 -1.019636e+21 1.039658e+42
1.137000e-14 -1.017830e+21 1.035978e+42
1.138500e-14 -1.012604e+21 1.025366e+42
1.140000e-14 -1.003984e+21 1.007984e+42
1.141500e-14 -9.920107e+20 9.840853e+41
1.143000e-14 -9.767335e+20 9.540083e+41
1.144500e-14 -9.582133e+20 9.181728e+41
1.146000e-14 -9.365218e+20 8.770731e+41
1.147500e-14 -9.117409e+20 8.312715e+41
1.149000e-14 -8.839627e+20 7.813901e+41
1.150500e-14 -8.532891e+20 7.281023e+41
1.152000e-14 -8.198313e+20 6.721234e+41
1.153500e-14 -7.837095e+20 6.142005e+41
1.155000e-14 -7.450524e+20 5.551031e+41
1.156500e-14 -7.039970e+20 4.956117e+41
1.158000e-14 -6.606877e+20 4.365082e+41
1.159500e-14 -6.152761e+20 3.785647e+41
1.161000e-14 -5.679205e+20 3.225337e+41
1.162500e-14 -5.187852e+20 2.691381e+41
1.164000e-14 -4.680398e+20 2.190613e+41
1.165500e-14 -4.158591e+20 1.729388e+41
1.167000e-14 -3.624220e+20 1.313497e+41
1.168500e-14 -3.079112e+20 9.480930e+40
1.170000e-14 -2.525124e+20 6.376252e+40
1.171500e-14 -1.964139e+20 3.857842e+40
1.173000e-14 -1.398057e+20 1.954562e+40
1.174500e-14 -8.287893e+19 6.868917e+39
1.176000e-14 -2.582549e+19 6.669559e+38
1.177500e-14 3.116299e+19 9.711322e+38
1.179000e-14 8.789557e+19 7.725631e+39
1.180500e-14 1.441827e+20 2.078864e+40
1.182000e-14 1.998367e+20 3.993469e+40
1.183500e-14 2.546726e+20 6.485814e+40
1.185000e-14 3.085087e+20 9.517764e+40
1.186500e-14 3.611671e+20 1.304417e+41
1.188000e-14 4.124741e+20 1.701349e+41
1.189500e-14 4.622612e+20 2.136854e+41
1.191000e-14 5.103653e+20 2.604727e+41
1.192500e-14 5.566294e+20 3.098363e+41
1.194000e-14 6.009029e+20 3.610843e+41
1.195500e-14 6.430425e+20 4.135037e+41
1.197000e-14 6.829121e+20 4.663690e+41
1.198500e-14 7.203838e+20 5.189528e+41
1.200000e-14 7.553377e+20 5.705351e+41
1.201500e-14 7.876630e+20 6.204130e+41
1.203000e-14 8.172576e+20 6.679100e+41
1.204500e-14 8.440290e+20 7.123850e+41
1.206000e-14 8.678943e+20 7.532406e+41
1.207500e-14 8.887805e+20 7.899308e+41
1.209000e-14 9.066248e+20 8.219685e+41
1.210500e-14 9.213746e+20 8.489311e+41
1.212000e-14 9.329878e+20 8.704662e+41
1.213500e-14 9.414329e+20 8.862960e+41
1.215000e-14 9.466893e+20 8.962206e+41
1.216500e-14 9.487466e+20 9.001202e+41
1.218000e-14 9.476057e+20 8.979566e+41
1.219500e-14 9.432777e+20 8.897729e+41
1.221000e-14 9.357847e+20 8.756930e+41
1.222500e-14 9.251591e+20 8.559194e+41
1.224000e-14 9.114438e+20 8.307299e+41
1.225500e-14 8.946920e+20 8.004738e+41
1.227000e-14 8.749668e+20 7.655670e+41
1.228500e-14 8.523413e+20 7.264856e+41
1.230000e-14 8.268979e+20 6.837601e+41
1.231500e-14 7.987284e+20 6.379670e+41
1.233000e-14 7.679335e+20 5.897219e+41
1.234500e-14 7.346226e+20 5.396703e+41
1.236000e-14 6.989130e+20 4.884794e+41
1.237500e-14 6.609301e+20 4.368286e+41
1.239000e-14 6.208064e+20 3.854006e+41
1.240500e-14 5.786814e+20 3.348722e+41
1.242000e-14 5.347010e+20 2.859052e+41
1.243500e-14 4.890171e+20 2.391377e+41
1.245000e-14 4.417867e+20 1.951755e+41
1.246500e-14 3.931720e+20 1.545842e+41
1.248000e-14 3.433393e+20 1.178819e+41
1.249500e-14 2.924587e+20 8.553210e+40
1.251000e-14 2.407036e+20 5.793821e+40
1.252500e-14 1.882497e+20 3.543795e+40
1.254000e-14 1.352749e+20 1.829931e+40
1.255500e-14 8.195856e+19 6.717205e+39
1.257000e-14 2.848059e+19 8.111438e+38
1.258500e-14 -2.497875e+19 6.239380e+38
1.260000e-14 -7.823964e+19 6.121441e+39
1.261500e-14 -1.311233e+20 1.719331e+40
1.263000e-14 -1.834525e+20 3.365481e+40
1.264500e-14 -2.350522e+20 5.524955e+40
1.266000e-14 -2.857504e+20 8.165327e+40
1.267500e-14 -3.353780e+20 1.124784e+41
1.269000e-14 -3.837702e+20 1.472795e+41
1.270500e-14 -4.307664e+20 1.855597e+41
1.272000e-14 -4.762113e+20 2.267772e+41
1.273500e-14 -5.199547e+20 2.703528e+41
1.275000e-14 -5.618526e+20 3.156783e+41
1.276500e-14 -6.017676e+20 3.621242e+41
1.278000e-14 -6.395689e+20 4.090484e+41
1.279500e-14 -6.751333e+20 4.558050e+41
1.281000e-14 -7.083453e+20 5.017531e+41
1.282500e-14 -7.390974e+20 5.462650e+41
1.284000e-14 -7.672906e+20 5.887349e+41
1.285500e-14 -7.928348e+20 6.285870e+41
1.287000e-14 -8.156488e+20 6.652830e+41
1.288500e-14 -8.356609e+20 6.983291e+41
1.290000e-14 -8.528087e+20 7.272828e+41
1.291500e-14 -8.670400e+20 7.517583e+41
1.293000e-14 -8.783120e+20 7.714319e+41
1.294500e-14 -8.865922e+20 7.860457e+41
1.296000e-14 -8.918582e+20 7.954110e+41
1.297500e-14 -8.940978e+20 7.994109e+41
1.299000e-14 -8.933091e+20 7.980011e+41
1.300500e-14 -8.895001e+20 7.912105e+41
1.302000e-14 -8.826894e+20 7.791406e+41
1.303500e-14 -8.729053e+20 7.619637e+41
1.305000e-14 -8.601864e+20 7.399206e+41
1.306500e-14 -8.445808e+20 7.133167e+41
1.308000e-14 -8.261465e+20 6.825180e+41
1.309500e-14 -8.049509e+20 6.479459e+41
1.311000e-14 -7.810705e+20 6.100711e+41
1.312500e-14 -7.545910e+20 5.694075e+41
1.314000e-14 -7.256063e+20 5.265046e+41
1.315500e-14 -6.942191e+20 4.819402e+41
1.317000e-14 -6.605397e+20 4.363127e+41
1.318500e-14 -6.246861e+20 3.902327e+41
1.320000e-14 -5.867834e+20 3.443148e+41
1.321500e-14 -5.469634e+20 2.991690e+41
1.323000e-14 -5.053644e+20 2.553931e+41
1.324500e-14 -4.621301e+20 2.135642e+41
1.326000e-14 -4.174098e+20 1.742309e+41
1.327500e-14 -3.713575e+20 1.379064e+41
1.329000e-14 -3.241315e+20 1.050612e+41
1.330500e-14 -2.758937e+20 7.611734e+40
1.332000e-14 -2.268094e+20 5.144250e+40
1.333500e-14 -1.770462e+20 3.134537e+40
1.335000e-14 -1.267741e+20 1.607166e+40
1.336500e-14 -7.616412e+19 5.800974e+39
1.338000e-14 -2.538857e+19 6.445797e+38
1.339500e-14 2.538016e+19 6.441526e+38
1.341000e-14 7.596994e+19 5.771432e+39
1.342500e-14 1.262095e+20 1.592884e+40
1.344000e-14 1.759290e+20 3.095101e+40
1.345500e-14 2.249606e+20 5.060729e+40
1.347000e-14 2.731392e+20 7.460505e+40
1.348500e-14 3.203027e+20 1.025938e+41
1.350000e-14 3.662927e+20 1.341704e+41
1.351500e-14 4.109551e+20 1.688841e+41
1.353000e-14 4.541404e+20 2.062435e+41
1.354500e-14 4.957045e+20 2.457229e+41
1.356000e-14 5.355089e+20 2.867698e+41
1.357500e-14 5.734214e+20 3.288121e+41
1.359000e-14 6.093164e+20 3.712664e+41
1.360500e-14 6.430752e+20 4.135457e+41
1.362000e-14 6.745867e+20 4.550672e+41
1.363500e-14 7.037475e+20 4.952605e+41
1.365000e-14 7.304625e+20 5.335754e+41
1.366500e-14 7.546448e+20 5.694888e+41
1.368000e-14 7.762166e+20 6.025122e+41
1.369500e-14 7.951087e+20 6.321978e+41
1.371000e-14 8.112613e+20 6.581450e+41
1.372500e-14 8.246242e+20 6.800051e+41
1.374000e-14 8.351564e+20 6.974863e+41
1.375500e-14 8.428269e+20 7.103572e+41
1.377000e-14 8.476143e+20 7.184500e+41
1.378500e-14 8.495071e+20 7.216624e+41
1.380000e-14 8.485038e+20 7.199587e+41
1.381500e-14 8.446125e+20 7.133702e+41
1.383000e-14 8.378513e+20 7.019948e+41
1.384500e-14 8.282481e+20 6.859949e+41
1.386000e-14 8.158403e+20 6.655954e+41
1.387500e-14 8.006749e+20 6.410803e+41
1.389000e-14 7.828081e+20 6.127886e+41
1.390500e-14 7.623055e+20 5.811097e+41
1.392000e-14 7.392412e+20 5.464776e+41
1.393500e-14 7.136983e+20 5.093653e+41
1.395000e-14 6.857679e+20 4.702777e+41
1.396500e-14 6.555494e+20 4.297450e+41
1.398000e-14 6.231495e+20 3.883154e+41
1.399500e-14 5.886826e+20 3.465472e+41
1.401000e-14 5.522697e+20 3.050018e+41
1.402500e-14 5.140382e+20 2.642353e+41
1.404000e-14 4.741218e+20 2.247915e+41
1.405500e-14 4.326595e+20 1.871942e+41
1.407000e-14 3.897954e+20 1.519405e+41
1.408500e-14 3.456783e+20 1.194935e+41
1.410000e-14 3.004608e+20 9.027672e+40
1.411500e-14 2.542993e+20 6.466816e+40
1.413000e-14 2.073531e+20 4.299529e+40
1.414500e-14 1.597836e+20 2.553081e+40
1.416000e-14 1.117547e+20 1.248910e+40
1.417500e-14 6.343096e+19 4.023487e+39
1.419000e-14 1.497816e+19 2.243454e+38
1.420500e-14 -3.343795e+19 1.118097e+39
1.422000e-14 -8.165199e+19 6.667048e+39
1.423500e-14 -1.294995e+20 1.677013e+40
1.425000e-14 -1.768176e+20 3.126448e+40
1.426500e-14 -2.234455e+20 4.992789e+40
1.428000e-14 -2.692249e+20 7.248203e+40
1.429500e-14 -3.140007e+20 9.859644e+40
1.431000e-14 -3.576216e+20 1.278932e+41
1.432500e-14 -3.999405e+20 1.599524e+41
1.434000e-14 -4.408149e+20 1.943177e+41
1.435500e-14 -4.801074e+20 2.305031e+41
1.437000e-14 -5.176865e+20 2.679993e+41
1.438500e-14 -5.534266e+20 3.062810e+41
1.440000e-14 -5.872087e+20 3.448140e+41
1.441500e-14 -6.189206e+20 3.830627e+41
1.443000e-14 -6.484575e+20 4.204971e+41
1.444500e-14 -6.757221e+20 4.566004e+41
1.446000e-14 -7.006253e+20 4.908757e+41
1.447500e-14 -7.230859e+20 5.228532e+41
1.449000e-14 -7.430314e+20 5.520957e+41
1.450500e-14 -7.603982e+20 5.782054e+41
1.452000e-14 -7.751314e+20 6.008286e+41
1.453500e-14 -7.871852e+20 6.196605e+41
1.455000e-14 -7.965233e+20 6.344493e+41
1.456500e-14 -8.031186e+20 6.449995e+41
1.458000e-14 -8.069535e+20 6.511740e+41
1.459500e-14 -8.080200e+20 6.528964e+41
1.461000e-14 -8.063194e+20 6.501511e+41
1.462500e-14 -8.018627e+20 6.429838e+41
1.464000e-14 -7.946702e+20 6.315008e+41
1.465500e-14 -7.847716e+20 6.158665e+41
1.467000e-14 -7.722058e+20 5.963019e+41
1.468500e-14 -7.570209e+20 5.730807e+41
1.470000e-14 -7.392737e+20 5.465257e+41
1.471500e-14 -7.190299e+20 5.170040e+41
1.473000e-14 -6.963635e+20 4.849222e+41
1.474500e-14 -6.713568e+20 4.507200e+41
1.476000e-14 -6.440998e+20 4.148646e+41
1.477500e-14 -6.146903e+20 3.778442e+41
1.479000e-14 -5.832332e+20 3.401609e+41
1.480500e-14 -5.498401e+20 3.023241e+41
1.482000e-14 -5.146292e+20 2.648432e+41
1.483500e-14 -4.777248e+20 2.282210e+41
1.485000e-14 -4.392565e+20 1.929463e+41
1.486500e-14 -3.993593e+20 1.594879e+41
1.488000e-14 -3.581728e+20 1.282878e+41
1.489500e-14 -3.158406e+20 9.975527e+40
1.491000e-14 -2.725101e+20 7.426174e+40
1.492500e-14 -2.283318e+20 5.213541e+40
1.494000e-14 -1.834589e+20 3.365716e+40
1.495500e-14 -1.380465e+20 1.905684e+40
1.497000e-14 -9.225156e+19 8.510351e+39
1.498500e-14 -4.623176e+19 2.137375e+39
