0.000000e+00 nan nan
1.500000e-17 3.247472e+13 1.054607e+27
3.000000e-17 5.195211e+14 2.699022e+29
4.500000e-17 2.629448e+15 6.913998e+30
6.000000e-17 8.307578e+15 6.901586e+31
7.500000e-17 2.027346e+16 4.110132e+32
9.000000e-17 4.201697e+16 1.765426e+33
1.050000e-16 7.779329e+16 6.051797e+33
1.200000e-16 1.326168e+17 1.758722e+34
1.350000e-16 2.122539e+17 4.505173e+34
1.500000e-16 3.232146e+17 1.044677e+35
1.650000e-16 4.727432e+17 2.234861e+35
1.800000e-16 6.688076e+17 4.473036e+35
1.950000e-16 9.200881e+17 8.465621e+35
2.100000e-16 1.235964e+18 1.527608e+36
2.250000e-16 1.626502e+18 2.645508e+36
2.400000e-16 2.102437e+18 4.420240e+36
2.550000e-16 2.675161e+18 7.156487e+36
2.700000e-16 3.356705e+18 1.126747e+37
2.850000e-16 4.159718e+18 1.730326e+37
3.000000e-16 5.097453e+18 2.598403e+37
3.150000e-16 6.183744e+18 3.823869e+37
3.300000e-16 7.432985e+18 5.524926e+37
3.450000e-16 8.860109e+18 7.850153e+37
3.600000e-16 1.048057e+19 1.098423e+38
3.750000e-16 1.231030e+19 1.515435e+38
3.900000e-16 1.436572e+19 2.063738e+38
4.050000e-16 1.666367e+19 2.776780e+38
4.200000e-16 1.922144e+19 3.694637e+38
4.350000e-16 2.205666e+19 4.864965e+38
4.500000e-16 2.518737e+19 6.344038e+38
4.650000e-16 2.863192e+19 8.197866e+38
4.800000e-16 3.240894e+19 1.050340e+39
4.950000e-16 3.653738e+19 1.334980e+39
5.100000e-16 4.103639e+19 1.683985e+39
5.250000e-16 4.592535e+19 2.109138e+39
5.400000e-16 5.122381e+19 2.623879e+39
5.550000e-16 5.695147e+19 3.243470e+39
5.700000e-16 6.312814e+19 3.985162e+39
5.850000e-16 6.977369e+19 4.868368e+39
6.000000e-16 7.690805e+19 5.914848e+39
6.150000e-16 8.455115e+19 7.148898e+39
6.300000e-16 9.272290e+19 8.597536e+39
6.450000e-16 1.014431e+20 1.029071e+40
6.600000e-16 1.107316e+20 1.226148e+40
6.750000e-16 1.206079e+20 1.454625e+40
6.900000e-16 1.310914e+20 1.718495e+40
7.050000e-16 1.422014e+20 2.022123e+40
7.200000e-16 1.539568e+20 2.370269e+40
7.350000e-16 1.663763e+20 2.768107e+40
7.500000e-16 1.794783e+20 3.221246e+40
7.650000e-16 1.932808e+20 3.735747e+40
7.800000e-16 2.078014e+20 4.318141e+40
7.950000e-16 2.230572e+20 4.975452e+40
8.100000e-16 2.390650e+20 5.715209e+40
8.250000e-16 2.558410e+20 6.545462e+40
8.400000e-16 2.734008e+20 7.474800e+40
8.550000e-16 2.917595e+20 8.512361e+40
8.700000e-16 3.109316e+20 9.667844e+40
8.850000e-16 3.309308e+20 1.095152e+41
9.000000e-16 3.517704e+20 1.237424e+41
9.150000e-16 3.734627e+20 1.394744e+41
9.300000e-16 3.960194e+20 1.568313e+41
9.450000e-16 4.194514e+20 1.759394e+41
9.600000e-16 4.437687e+20 1.969306e+41
9.750000e-16 4.689806e+20 2.199428e+41
9.900000e-16 4.950954e+20 2.451195e+41
1.005000e-15 5.221206e+20 2.726099e+41
1.020000e-15 5.500627e+20 3.025689e+41
1.035000e-15 5.789272e+20 3.351566e+41
1.050000e-15 6.087187e+20 3.705384e+41
1.065000e-15 6.394407e+20 4.088844e+41
1.080000e-15 6.710958e+20 4.503696e+41
1.095000e-15 7.036855e+20 4.951733e+41
1.110000e-15 7.372101e+20 5.434788e+41
1.125000e-15 7.716690e+20 5.954730e+41
1.140000e-15 8.070603e+20 6.513463e+41
1.155000e-15 8.433810e+20 7.112915e+41
1.170000e-15 8.806271e+20 7.755041e+41
1.185000e-15 9.187933e+20 8.441812e+41
1.200000e-15 9.578732e+20 9.175211e+41
1.215000e-15 9.978592e+20 9.957231e+41
1.230000e-15 1.038743e+21 1.078986e+42
1.245000e-15 1.080513e+21 1.167509e+42
1.260000e-15 1.123160e+21 1.261488e+42
1.275000e-15 1.166670e+21 1.361119e+42
1.290000e-15 1.211031e+21 1.466595e+42
1.305000e-15 1.256226e+21 1.578105e+42
1.320000e-15 1.302241e+21 1.695833e+42
1.335000e-15 1.349059e+21 1.819959e+42
1.350000e-15 1.396659e+21 1.950657e+42
1.365000e-15 1.445024e+21 2.088094e+42
1.380000e-15 1.494132e+21 2.232431e+42
1.395000e-15 1.543961e+21 2.383817e+42
1.410000e-15 1.594489e+21 2.542396e+42
1.425000e-15 1.645691e+21 2.708298e+42
1.440000e-15 1.697541e+21 2.881646e+42
1.455000e-15 1.750014e+21 3.062549e+42
1.470000e-15 1.803081e+21 3.251102e+42
1.485000e-15 1.856715e+21 3.447390e+42
1.500000e-15 1.910885e+21 3.651482e+42
1.515000e-15 1.965561e+21 3.863431e+42
1.530000e-15 2.020712e+21 4.083276e+42
1.545000e-15 2.076304e+21 4.311039e+42
1.560000e-15 2.132305e+21 4.546724e+42
1.575000e-15 2.188680e+21 4.790319e+42
1.590000e-15 2.245394e+21 5.041792e+42
1.605000e-15 2.302410e+21 5.301093e+42
1.620000e-15 2.359693e+21 5.568152e+42
1.635000e-15 2.417205e+21 5.842879e+42
1.650000e-15 2.474907e+21 6.125165e+42
1.665000e-15 2.532761e+21 6.414878e+42
1.680000e-15 2.590727e+21 6.711867e+42
1.695000e-15 2.648766e+21 7.015959e+42
1.710000e-15 2.706836e+21 7.326960e+42
1.725000e-15 2.764897e+21 7.644654e+42
1.740000e-15 2.822907e+21 7.968806e+42
1.755000e-15 2.880825e+21 8.299155e+42
1.770000e-15 2.938609e+21 8.635423e+42
1.785000e-15 2.996216e+21 8.977309e+42
1.800000e-15 3.053603e+21 9.324492e+42
1.815000e-15 3.110728e+21 9.676630e+42
1.830000e-15 3.167548e+21 1.003336e+43
1.845000e-15 3.224020e+21 1.039431e+43
1.860000e-15 3.280101e+21 1.075906e+43
1.875000e-15 3.335748e+21 1.112722e+43
1.890000e-15 3.390918e+21 1.149833e+43
1.905000e-15 3.445569e+21 1.187195e+43
1.920000e-15 3.499658e+21 1.224760e+43
1.935000e-15 3.553142e+21 1.262482e+43
1.950000e-15 3.605980e+21 1.300309e+43
1.965000e-15 3.658131e+21 1.338192e+43
1.980000e-15 3.709552e+21 1.376077e+43
1.995000e-15 3.760203e+21 1.413913e+43
2.010000e-15 3.810044e+21 1.451644e+43
2.025000e-15 3.859036e+21 1.489216e+43
2.040000e-15 3.907138e+21 1.526573e+43
2.055000e-15 3.954314e+21 1.563660e+43
2.070000e-15 4.000524e+21 1.600419e+43
2.085000e-15 4.045732e+21 1.636794e+43
2.100000e-15 4.089901e+21 1.672729e+43
2.115000e-15 4.132997e+21 1.708167e+43
2.130000e-15 4.174985e+21 1.743050e+43
2.145000e-15 4.215830e+21 1.777323e+43
2.160000e-15 4.255501e+21 1.810929e+43
2.175000e-15 4.293966e+21 1.843815e+43
2.190000e-15 4.331194e+21 1.875924e+43
2.205000e-15 4.367155e+21 1.907205e+43
2.220000e-15 4.401822e+21 1.937603e+43
2.235000e-15 4.435166e+21 1.967069e+43
2.250000e-15 4.467161e+21 1.995553e+43
2.265000e-15 4.497782e+21 2.023005e+43
2.280000e-15 4.527006e+21 2.049379e+43
2.295000e-15 4.554810e+21 2.074630e+43
2.310000e-15 4.581172e+21 2.098714e+43
2.325000e-15 4.606073e+21 2.121591e+43
2.340000e-15 4.629493e+21 2.143221e+43
2.355000e-15 4.651415e+21 2.163566e+43
2.370000e-15 4.671823e+21 2.182593e+43
2.385000e-15 4.690701e+21 2.200268e+43
2.400000e-15 4.708037e+21 2.216562e+43
2.415000e-15 4.723818e+21 2.231446e+43
2.430000e-15 4.738034e+21 2.244896e+43
2.445000e-15 4.750674e+21 2.256890e+43
2.460000e-15 4.761730e+21 2.267407e+43
2.475000e-15 4.771196e+21 2.276432e+43
2.490000e-15 4.779067e+21 2.283948e+43
2.505000e-15 4.785338e+21 2.289946e+43
2.520000e-15 4.790005e+21 2.294415e+43
2.535000e-15 4.793069e+21 2.297351e+43
2.550000e-15 4.794528e+21 2.298750e+43
2.565000e-15 4.794385e+21 2.298612e+43
2.580000e-15 4.792640e+21 2.296940e+43
2.595000e-15 4.789298e+21 2.293737e+43
2.610000e-15 4.784364e+21 2.289014e+43
2.625000e-15 4.777844e+21 2.282779e+43
2.640000e-15 4.769745e+21 2.275047e+43
2.655000e-15 4.760076e+21 2.265832e+43
2.670000e-15 4.748846e+21 2.255154e+43
2.685000e-15 4.736067e+21 2.243033e+43
2.700000e-15 4.721750e+21 2.229493e+43
2.715000e-15 4.705909e+21 2.214558e+43
2.730000e-15 4.688557e+21 2.198256e+43
2.745000e-15 4.669709e+21 2.180618e+43
2.760000e-15 4.649382e+21 2.161675e+43
2.775000e-15 4.627592e+21 2.141461e+43
2.790000e-15 4.604358e+21 2.120011e+43
2.805000e-15 4.579698e+21 2.097364e+43
2.820000e-15 4.553632e+21 2.073557e+43
2.835000e-15 4.526181e+21 2.048631e+43
2.850000e-15 4.497364e+21 2.022629e+43
2.865000e-15 4.467206e+21 1.995593e+43
2.880000e-15 4.435727e+21 1.967568e+43
2.895000e-15 4.402952e+21 1.938599e+43
2.910000e-15 4.368905e+21 1.908733e+43
2.925000e-15 4.333609e+21 1.878017e+43
2.940000e-15 4.297091e+21 1.846499e+43
2.955000e-15 4.259374e+21 1.814227e+43
2.970000e-15 4.220487e+21 1.781251e+43
2.985000e-15 4.180454e+21 1.747620e+43
3.000000e-15 4.139303e+21 1.713383e+43
3.015000e-15 4.097061e+21 1.678591e+43
3.030000e-15 4.053756e+21 1.643294e+43
3.045000e-15 4.009414e+21 1.607540e+43
3.060000e-15 3.964066e+21 1.571382e+43
3.075000e-15 3.917737e+21 1.534866e+43
3.090000e-15 3.870457e+21 1.498044e+43
3.105000e-15 3.822255e+21 1.460963e+43
3.120000e-15 3.773159e+21 1.423673e+43
3.135000e-15 3.723197e+21 1.386220e+43
3.150000e-15 3.672399e+21 1.348651e+43
3.165000e-15 3.620792e+21 1.311014e+43
3.180000e-15 3.568407e+21 1.273353e+43
3.195000e-15 3.515271e+21 1.235713e+43
3.210000e-15 3.461413e+21 1.198138e+43
3.225000e-15 3.406861e+21 1.160670e+43
3.240000e-15 3.351644e+21 1.123352e+43
3.255000e-15 3.295790e+21 1.086223e+43
3.270000e-15 3.239327e+21 1.049324e+43
3.285000e-15 3.182283e+21 1.012693e+43
3.300000e-15 3.124685e+21 9.763657e+42
3.315000e-15 3.066561e+21 9.403793e+42
3.330000e-15 3.007937e+21 9.047682e+42
3.345000e-15 2.948840e+21 8.695657e+42
3.360000e-15 2.889297e+21 8.348038e+42
3.375000e-15 2.829334e+21 8.005132e+42
3.390000e-15 2.768977e+21 7.667234e+42
3.405000e-15 2.708251e+21 7.334626e+42
3.420000e-15 2.647182e+21 7.007573e+42
3.435000e-15 2.585794e+21 6.686331e+42
3.450000e-15 2.524112e+21 6.371139e+42
3.465000e-15 2.462159e+21 6.062227e+42
3.480000e-15 2.399960e+21 5.759807e+42
3.495000e-15 2.337537e+21 5.464080e+42
3.510000e-15 2.274914e+21 5.175235e+42
3.525000e-15 2.212114e+21 4.893447e+42
3.540000e-15 2.149157e+21 4.618877e+42
3.555000e-15 2.086067e+21 4.351675e+42
3.570000e-15 2.022864e+21 4.091979e+42
3.585000e-15 1.959569e+21 3.839912e+42
3.600000e-15 1.896204e+21 3.595588e+42
3.615000e-15 1.832787e+21 3.359108e+42
3.630000e-15 1.769339e+21 3.130562e+42
3.645000e-15 1.705880e+21 2.910027e+42
3.660000e-15 1.642428e+21 2.697571e+42
3.675000e-15 1.579003e+21 2.493249e+42
3.690000e-15 1.515621e+21 2.297108e+42
3.705000e-15 1.452303e+21 2.109183e+42
3.720000e-15 1.389064e+21 1.929498e+42
3.735000e-15 1.325922e+21 1.758070e+42
3.750000e-15 1.262895e+21 1.594905e+42
3.765000e-15 1.200000e+21 1.439999e+42
3.780000e-15 1.137251e+21 1.293340e+42
3.795000e-15 1.074666e+21 1.154907e+42
3.810000e-15 1.012260e+21 1.024670e+42
3.825000e-15 9.500487e+20 9.025924e+41
3.840000e-15 8.880473e+20 7.886279e+41
3.855000e-15 8.262707e+20 6.827233e+41
3.870000e-15 7.647337e+20 5.848176e+41
3.885000e-15 7.034506e+20 4.948427e+41
3.900000e-15 6.424357e+20 4.127237e+41
3.915000e-15 5.817031e+20 3.383785e+41
3.930000e-15 5.212665e+20 2.717187e+41
3.945000e-15 4.611394e+20 2.126496e+41
3.960000e-15 4.013354e+20 1.610701e+41
3.975000e-15 3.418676e+20 1.168734e+41
3.990000e-15 2.827490e+20 7.994702e+40
4.005000e-15 2.239926e+20 5.017270e+40
4.020000e-15 1.656111e+20 2.742703e+40
4.035000e-15 1.076170e+20 1.158141e+40
4.050000e-15 5.002271e+19 2.502272e+39
4.065000e-15 -7.159382e+18 5.125675e+37
4.080000e-15 -6.391715e+19 4.085403e+39
4.095000e-15 -1.202386e+20 1.445731e+40
4.110000e-15 -1.761117e+20 3.101532e+40
4.125000e-15 -2.315247e+20 5.360368e+40
4.140000e-15 -2.864659e+20 8.206271e+40
4.155000e-15 -3.409237e+20 1.162290e+41
4.170000e-15 -3.948866e+20 1.559354e+41
4.185000e-15 -4.483431e+20 2.010115e+41
4.200000e-15 -5.012820e+20 2.512836e+41
4.215000e-15 -5.536920e+20 3.065749e+41
4.230000e-15 -6.055621e+20 3.667054e+41
4.245000e-15 -6.568810e+20 4.314927e+41
4.260000e-15 -7.076380e+20 5.007516e+41
4.275000e-15 -7.578221e+20 5.742944e+41
4.290000e-15 -8.074226e+20 6.519313e+41
4.305000e-15 -8.564288e+20 7.334702e+41
4.320000e-15 -9.048300e+20 8.187173e+41
4.335000e-15 -9.526157e+20 9.074767e+41
4.350000e-15 -9.997756e+20 9.995513e+41
4.365000e-15 -1.046299e+21 1.094742e+42
4.380000e-15 -1.092177e+21 1.192850e+42
4.395000e-15 -1.137398e+21 1.293673e+42
4.410000e-15 -1.181952e+21 1.397011e+42
4.425000e-15 -1.225830e+21 1.502660e+42
4.440000e-15 -1.269022e+21 1.610417e+42
4.455000e-15 -1.311518e+21 1.720080e+42
4.470000e-15 -1.353309e+21 1.831445e+42
4.485000e-15 -1.394385e+21 1.944310e+42
4.500000e-15 -1.434738e+21 2.058472e+42
4.515000e-15 -1.474357e+21 2.173728e+42
4.530000e-15 -1.513234e+21 2.289877e+42
4.545000e-15 -1.551361e+21 2.406720e+42
4.560000e-15 -1.588728e+21 2.524056e+42
4.575000e-15 -1.625327e+21 2.641688e+42
4.590000e-15 -1.661150e+21 2.759420e+42
4.605000e-15 -1.696189e+21 2.877057e+42
4.620000e-15 -1.730436e+21 2.994408e+42
4.635000e-15 -1.763883e+21 3.111282e+42
4.650000e-15 -1.796522e+21 3.227491e+42
4.665000e-15 -1.828347e+21 3.342852e+42
4.680000e-15 -1.859350e+21 3.457182e+42
4.695000e-15 -1.889524e+21 3.570302e+42
4.710000e-15 -1.918863e+21 3.682036e+42
4.725000e-15 -1.947361e+21 3.792214e+42
4.740000e-15 -1.975010e+21 3.900666e+42
4.755000e-15 -2.001806e+21 4.007228e+42
4.770000e-15 -2.027743e+21 4.111740e+42
4.785000e-15 -2.052814e+21 4.214046e+42
4.800000e-15 -2.077016e+21 4.313995e+42
4.815000e-15 -2.100343e+21 4.411440e+42
4.830000e-15 -2.122790e+21 4.506239e+42
4.845000e-15 -2.144354e+21 4.598254e+42
4.860000e-15 -2.165030e+21 4.687355e+42
4.875000e-15 -2.184815e+21 4.773415e+42
4.890000e-15 -2.203704e+21 4.856313e+42
4.905000e-15 -2.221696e+21 4.935933e+42
4.920000e-15 -2.238787e+21 5.012165e+42
4.935000e-15 -2.254974e+21 5.084906e+42
4.950000e-15 -2.270255e+21 5.154058e+42
4.965000e-15 -2.284629e+21 5.219529e+42
4.980000e-15 -2.298093e+21 5.281233e+42
4.995000e-15 -2.310647e+21 5.339091e+42
5.010000e-15 -2.322290e+21 5.393029e+42
5.025000e-15 -2.333020e+21 5.442980e+42
5.040000e-15 -2.342837e+21 5.488885e+42
5.055000e-15 -2.351742e+21 5.530688e+42
5.070000e-15 -2.359734e+21 5.568343e+42
5.085000e-15 -2.366814e+21 5.601808e+42
5.100000e-15 -2.372983e+21 5.631050e+42
5.115000e-15 -2.378243e+21 5.656040e+42
5.130000e-15 -2.382594e+21 5.676756e+42
5.145000e-15 -2.386039e+21 5.693184e+42
5.160000e-15 -2.388580e+21 5.705316e+42
5.175000e-15 -2.390220e+21 5.713150e+42
5.190000e-15 -2.390960e+21 5.716689e+42
5.205000e-15 -2.390805e+21 5.715946e+42
5.220000e-15 -2.389757e+21 5.710937e+42
5.235000e-15 -2.387820e+21 5.701686e+42
5.250000e-15 -2.384999e+21 5.688223e+42
5.265000e-15 -2.381298e+21 5.670582e+42
5.280000e-15 -2.376722e+21 5.648805e+42
5.295000e-15 -2.371274e+21 5.622941e+42
5.310000e-15 -2.364961e+21 5.593042e+42
5.325000e-15 -2.357789e+21 5.559168e+42
5.340000e-15 -2.349762e+21 5.521381e+42
5.355000e-15 -2.340887e+21 5.479753e+42
5.370000e-15 -2.331171e+21 5.434359e+42
5.385000e-15 -2.320620e+21 5.385277e+42
5.400000e-15 -2.309241e+21 5.332594e+42
5.415000e-15 -2.297041e+21 5.276399e+42
5.430000e-15 -2.284029e+21 5.216786e+42
5.445000e-15 -2.270210e+21 5.153854e+42
5.460000e-15 -2.255595e+21 5.087707e+42
5.475000e-15 -2.240190e+21 5.018450e+42
5.490000e-15 -2.224004e+21 4.946195e+42
5.505000e-15 -2.207047e+21 4.871058e+42
5.520000e-15 -2.189327e+21 4.793155e+42
5.535000e-15 -2.170854e+21 4.712608e+42
5.550000e-15 -2.151637e+21 4.629542e+42
5.565000e-15 -2.131686e+21 4.544084e+42
5.580000e-15 -2.111010e+21 4.456365e+42
5.595000e-15 -2.089621e+21 4.366517e+42
5.610000e-15 -2.067529e+21 4.274674e+42
5.625000e-15 -2.044743e+21 4.180975e+42
5.640000e-15 -2.021276e+21 4.085557e+42
5.655000e-15 -1.997138e+21 3.988561e+42
5.670000e-15 -1.972341e+21 3.890129e+42
5.685000e-15 -1.946896e+21 3.790404e+42
5.700000e-15 -1.920815e+21 3.689531e+42
5.715000e-15 -1.894110e+21 3.587653e+42
5.730000e-15 -1.866793e+21 3.484916e+42
5.745000e-15 -1.838876e+21 3.381466e+42
5.760000e-15 -1.810373e+21 3.277449e+42
5.775000e-15 -1.781294e+21 3.173010e+42
5.790000e-15 -1.751655e+21 3.068295e+42
5.805000e-15 -1.721467e+21 2.963448e+42
5.820000e-15 -1.690744e+21 2.858615e+42
5.835000e-15 -1.659499e+21 2.753937e+42
5.850000e-15 -1.627746e+21 2.649557e+42
5.865000e-15 -1.595499e+21 2.545616e+42
5.880000e-15 -1.562771e+21 2.442253e+42
5.895000e-15 -1.529577e+21 2.339606e+42
5.910000e-15 -1.495931e+21 2.237808e+42
5.925000e-15 -1.461846e+21 2.136995e+42
5.940000e-15 -1.427339e+21 2.037297e+42
5.955000e-15 -1.392423e+21 1.938841e+42
5.970000e-15 -1.357113e+21 1.841755e+42
5.985000e-15 -1.321424e+21 1.746161e+42
6.000000e-15 -1.285371e+21 1.652178e+42
6.015000e-15 -1.248969e+21 1.559923e+42
6.030000e-15 -1.212234e+21 1.469510e+42
6.045000e-15 -1.175180e+21 1.381048e+42
6.060000e-15 -1.137824e+21 1.294643e+42
6.075000e-15 -1.100180e+21 1.210396e+42
6.090000e-15 -1.062265e+21 1.128407e+42
6.105000e-15 -1.024094e+21 1.048769e+42
6.120000e-15 -9.856838e+20 9.715725e+41
6.135000e-15 -9.470492e+20 8.969022e+41
6.150000e-15 -9.082066e+20 8.248393e+41
6.165000e-15 -8.691721e+20 7.554602e+41
6.180000e-15 -8.299618e+20 6.888366e+41
6.195000e-15 -7.905918e+20 6.250354e+41
6.210000e-15 -7.510784e+20 5.641188e+41
6.225000e-15 -7.114379e+20 5.061438e+41
6.240000e-15 -6.716865e+20 4.511627e+41
6.255000e-15 -6.318405e+20 3.992224e+41
6.270000e-15 -5.919163e+20 3.503650e+41
6.285000e-15 -5.519304e+20 3.046271e+41
6.300000e-15 -5.118989e+20 2.620405e+41
6.315000e-15 -4.718385e+20 2.226315e+41
6.330000e-15 -4.317653e+20 1.864212e+41
6.345000e-15 -3.916957e+20 1.534256e+41
6.360000e-15 -3.516462e+20 1.236551e+41
6.375000e-15 -3.116330e+20 9.711515e+40
6.390000e-15 -2.716725e+20 7.380592e+40
6.405000e-15 -2.317807e+20 5.372231e+40
6.420000e-15 -1.919741e+20 3.685405e+40
6.435000e-15 -1.522686e+20 2.318573e+40
6.450000e-15 -1.126804e+20 1.269688e+40
6.465000e-15 -7.322555e+19 5.361982e+39
6.480000e-15 -3.391990e+19 1.150560e+39
6.495000e-15 5.220670e+18 2.725540e+37
6.510000e-15 4.418040e+19 1.951908e+39
6.525000e-15 8.294363e+19 6.879645e+39
6.540000e-15 1.214948e+20 1.476099e+40
6.555000e-15 1.598185e+20 2.554194e+40
6.570000e-15 1.978993e+20 3.916415e+40
6.585000e-15 2.357222e+20 5.556495e+40
6.600000e-15 2.732720e+20 7.467758e+40
6.615000e-15 3.105338e+20 9.643124e+40
6.630000e-15 3.474929e+20 1.207513e+41
6.645000e-15 3.841346e+20 1.475594e+41
6.660000e-15 4.204446e+20 1.767737e+41
6.675000e-15 4.564086e+20 2.083088e+41
6.690000e-15 4.920123e+20 2.420761e+41
6.705000e-15 5.272421e+20 2.779842e+41
6.720000e-15 5.620841e+20 3.159385e+41
6.735000e-15 5.965248e+20 3.558418e+41
6.750000e-15 6.305509e+20 3.975944e+41
6.765000e-15 6.641493e+20 4.410943e+41
6.780000e-15 6.973071e+20 4.862372e+41
6.795000e-15 7.300116e+20 5.329170e+41
6.810000e-15 7.622505e+20 5.810258e+41
6.825000e-15 7.940114e+20 6.304541e+41
6.840000e-15 8.252825e+20 6.810912e+41
6.855000e-15 8.560519e+20 7.328249e+41
6.870000e-15 8.863083e+20 7.855424e+41
6.885000e-15 9.160403e+20 8.391299e+41
6.900000e-15 9.452371e+20 8.934732e+41
6.915000e-15 9.738879e+20 9.484576e+41
6.930000e-15 1.001982e+21 1.003968e+42
6.945000e-15 1.029510e+21 1.059891e+42
6.960000e-15 1.056461e+21 1.116111e+42
6.975000e-15 1.082827e+21 1.172513e+42
6.990000e-15 1.108596e+21 1.228986e+42
7.005000e-15 1.133762e+21 1.285415e+42
7.020000e-15 1.158314e+21 1.341691e+42
7.035000e-15 1.182244e+21 1.397701e+42
7.050000e-15 1.205545e+21 1.453338e+42
7.065000e-15 1.228207e+21 1.508493e+42
7.080000e-15 1.250225e+21 1.563062e+42
7.095000e-15 1.271590e+21 1.616941e+42
7.110000e-15 1.292295e+21 1.670027e+42
7.125000e-15 1.312334e+21 1.722221e+42
7.140000e-15 1.331701e+21 1.773427e+42
7.155000e-15 1.350389e+21 1.823550e+42
7.170000e-15 1.368393e+21 1.872498e+42
7.185000e-15 1.385707e+21 1.920183e+42
7.200000e-15 1.402326e+21 1.966517e+42
7.215000e-15 1.418245e+21 2.011419e+42
7.230000e-15 1.433461e+21 2.054809e+42
7.245000e-15 1.447968e+21 2.096610e+42
7.260000e-15 1.461763e+21 2.136750e+42
7.275000e-15 1.474842e+21 2.175159e+42
7.290000e-15 1.487203e+21 2.211772e+42
7.305000e-15 1.498841e+21 2.246526e+42
7.320000e-15 1.509756e+21 2.279363e+42
7.335000e-15 1.519944e+21 2.310230e+42
7.350000e-15 1.529403e+21 2.339075e+42
7.365000e-15 1.538133e+21 2.365853e+42
7.380000e-15 1.546131e+21 2.390521e+42
7.395000e-15 1.553397e+21 2.413041e+42
7.410000e-15 1.559929e+21 2.433379e+42
7.425000e-15 1.565729e+21 2.451506e+42
7.440000e-15 1.570794e+21 2.467395e+42
7.455000e-15 1.575127e+21 2.481025e+42
7.470000e-15 1.578727e+21 2.492379e+42
7.485000e-15 1.581595e+21 2.501444e+42
7.500000e-15 1.583733e+21 2.508212e+42
7.515000e-15 1.585142e+21 2.512676e+42
7.530000e-15 1.585824e+21 2.514839e+42
7.545000e-15 1.585781e+21 2.514702e+42
7.560000e-15 1.585015e+21 2.512274e+42
7.575000e-15 1.583530e+21 2.507567e+42
7.590000e-15 1.581328e+21 2.500597e+42
7.605000e-15 1.578412e+21 2.491384e+42
7.620000e-15 1.574786e+21 2.479951e+42
7.635000e-15 1.570455e+21 2.466328e+42
7.650000e-15 1.565421e+21 2.450544e+42
7.665000e-15 1.559691e+21 2.432636e+42
7.680000e-15 1.553268e+21 2.412643e+42
7.695000e-15 1.546158e+21 2.390606e+42
7.710000e-15 1.538367e+21 2.366572e+42
7.725000e-15 1.529898e+21 2.340589e+42
7.740000e-15 1.520760e+21 2.312711e+42
7.755000e-15 1.510957e+21 2.282992e+42
7.770000e-15 1.500497e+21 2.251492e+42
7.785000e-15 1.489386e+21 2.218271e+42
7.800000e-15 1.477631e+21 2.183394e+42
7.815000e-15 1.465240e+21 2.146928e+42
7.830000e-15 1.452219e+21 2.108941e+42
7.845000e-15 1.438578e+21 2.069506e+42
7.860000e-15 1.424323e+21 2.028695e+42
7.875000e-15 1.409463e+21 1.986586e+42
7.890000e-15 1.394007e+21 1.943256e+42
7.905000e-15 1.377964e+21 1.898785e+42
7.920000e-15 1.361342e+21 1.853253e+42
7.935000e-15 1.344151e+21 1.806743e+42
7.950000e-15 1.326401e+21 1.759339e+42
7.965000e-15 1.308101e+21 1.711127e+42
7.980000e-15 1.289261e+21 1.662193e+42
7.995000e-15 1.269891e+21 1.612623e+42
8.010000e-15 1.250002e+21 1.562504e+42
8.025000e-15 1.229604e+21 1.511926e+42
8.040000e-15 1.208709e+21 1.460977e+42
8.055000e-15 1.187327e+21 1.409744e+42
8.070000e-15 1.165469e+21 1.358318e+42
8.085000e-15 1.143147e+21 1.306785e+42
8.100000e-15 1.120373e+21 1.255235e+42
8.115000e-15 1.097158e+21 1.203756e+42
8.130000e-15 1.073514e+21 1.152433e+42
8.145000e-15 1.049454e+21 1.101354e+42
8.160000e-15 1.024990e+21 1.050604e+42
8.175000e-15 1.000134e+21 1.000267e+42
8.190000e-15 9.748982e+20 9.504264e+41
8.205000e-15 9.492965e+20 9.011638e+41
8.220000e-15 9.233413e+20 8.525591e+41
8.235000e-15 8.970457e+20 8.046910e+41
8.250000e-15 8.704229e+20 7.576361e+41
8.265000e-15 8.434863e+20 7.114691e+41
8.280000e-15 8.162491e+20 6.662626e+41
8.295000e-15 7.887250e+20 6.220871e+41
8.310000e-15 7.609276e+20 5.790108e+41
8.325000e-15 7.328707e+20 5.370994e+41
8.340000e-15 7.045680e+20 4.964160e+41
8.355000e-15 6.760335e+20 4.570213e+41
8.370000e-15 6.472812e+20 4.189730e+41
8.385000e-15 6.183252e+20 3.823260e+41
8.400000e-15 5.891795e+20 3.471325e+41
8.415000e-15 5.598584e+20 3.134414e+41
8.430000e-15 5.303761e+20 2.812988e+41
8.445000e-15 5.007469e+20 2.507475e+41
8.460000e-15 4.709851e+20 2.218270e+41
8.475000e-15 4.411050e+20 1.945736e+41
8.490000e-15 4.111210e+20 1.690205e+41
8.505000e-15 3.810476e+20 1.451972e+41
8.520000e-15 3.508989e+20 1.231301e+41
8.535000e-15 3.206896e+20 1.028418e+41
8.550000e-15 2.904338e+20 8.435180e+40
8.565000e-15 2.601461e+20 6.767598e+40
8.580000e-15 2.298407e+20 5.282673e+40
8.595000e-15 1.995319e+20 3.981297e+40
8.610000e-15 1.692340e+20 2.864016e+40
8.625000e-15 1.389614e+20 1.931026e+40
8.640000e-15 1.087280e+20 1.182178e+40
8.655000e-15 7.854816e+19 6.169813e+39
8.670000e-15 4.843583e+19 2.346030e+39
8.685000e-15 1.840504e+19 3.387454e+38
8.700000e-15 -1.153031e+19 1.329480e+38
8.715000e-15 -4.135637e+19 1.710349e+39
8.730000e-15 -7.105940e+19 5.049439e+39
8.745000e-15 -1.006258e+20 1.012555e+40
8.760000e-15 -1.300419e+20 1.691090e+40
8.775000e-15 -1.592944e+20 2.537471e+40
8.790000e-15 -1.883700e+20 3.548324e+40
8.805000e-15 -2.172553e+20 4.719988e+40
8.820000e-15 -2.459375e+20 6.048525e+40
8.835000e-15 -2.744035e+20 7.529727e+40
8.850000e-15 -3.026405e+20 9.159128e+40
8.865000e-15 -3.306360e+20 1.093201e+41
8.880000e-15 -3.583773e+20 1.284343e+41
8.895000e-15 -3.858522e+20 1.488820e+41
8.910000e-15 -4.130486e+20 1.706091e+41
8.925000e-15 -4.399543e+20 1.935597e+41
8.940000e-15 -4.665575e+20 2.176759e+41
8.955000e-15 -4.928466e+20 2.428978e+41
8.970000e-15 -5.188102e+20 2.691640e+41
8.985000e-15 -5.444369e+20 2.964115e+41
9.000000e-15 -5.697156e+20 3.245759e+41
9.015000e-15 -5.946354e+20 3.535913e+41
9.030000e-15 -6.191857e+20 3.833909e+41
9.045000e-15 -6.433559e+20 4.139068e+41
9.060000e-15 -6.671358e+20 4.450702e+41
9.075000e-15 -6.905152e+20 4.768113e+41
9.090000e-15 -7.134844e+20 5.090600e+41
9.105000e-15 -7.360337e+20 5.417456e+41
9.120000e-15 -7.581536e+20 5.747969e+41
9.135000e-15 -7.798351e+20 6.081428e+41
9.150000e-15 -8.010691e+20 6.417118e+41
9.165000e-15 -8.218470e+20 6.754325e+41
9.180000e-15 -8.421603e+20 7.092339e+41
9.195000e-15 -8.620006e+20 7.430451e+41
9.210000e-15 -8.813601e+20 7.767957e+41
9.225000e-15 -9.002311e+20 8.104160e+41
9.240000e-15 -9.186059e+20 8.438368e+41
9.255000e-15 -9.364774e+20 8.769898e+41
9.270000e-15 -9.538385e+20 9.098079e+41
9.285000e-15 -9.706826e+20 9.422247e+41
9.300000e-15 -9.870031e+20 9.741752e+41
9.315000e-15 -1.002794e+21 1.005596e+42
9.330000e-15 -1.018049e+21 1.036424e+42
9.345000e-15 -1.032763e+21 1.066599e+42
9.360000e-15 -1.046930e+21 1.096062e+42
9.375000e-15 -1.060545e+21 1.124755e+42
9.390000e-15 -1.073603e+21 1.152623e+42
9.405000e-15 -1.086099e+21 1.179612e+42
9.420000e-15 -1.098030e+21 1.205670e+42
9.435000e-15 -1.109391e+21 1.230749e+42
9.450000e-15 -1.120179e+21 1.254800e+42
9.465000e-15 -1.130389e+21 1.277779e+42
9.480000e-15 -1.140019e+21 1.299643e+42
9.495000e-15 -1.149065e+21 1.320351e+42
9.510000e-15 -1.157526e+21 1.339867e+42
9.525000e-15 -1.165398e+21 1.358153e+42
9.540000e-15 -1.172680e+21 1.375178e+42
9.555000e-15 -1.179369e+21 1.390911e+42
9.570000e-15 -1.185464e+21 1.405326e+42
9.585000e-15 -1.190965e+21 1.418397e+42
9.600000e-15 -1.195869e+21 1.430102e+42
9.615000e-15 -1.200176e+21 1.440422e+42
9.630000e-15 -1.203885e+21 1.449340e+42
9.645000e-15 -1.206998e+21 1.456843e+42
9.660000e-15 -1.209512e+21 1.462920e+42
9.675000e-15 -1.211430e+21 1.467564e+42
9.690000e-15 -1.212752e+21 1.470768e+42
9.705000e-15 -1.213479e+21 1.472530e+42
9.720000e-15 -1.213611e+21 1.472851e+42
9.735000e-15 -1.213151e+21 1.471735e+42
9.750000e-15 -1.212100e+21 1.469186e+42
9.765000e-15 -1.210460e+21 1.465214e+42
9.780000e-15 -1.208235e+21 1.459831e+42
9.795000e-15 -1.205425e+21 1.453050e+42
9.810000e-15 -1.202035e+21 1.444888e+42
9.825000e-15 -1.198067e+21 1.435365e+42
9.840000e-15 -1.193525e+21 1.424502e+42
9.855000e-15 -1.188413e+21 1.412325e+42
9.870000e-15 -1.182734e+21 1.398860e+42
9.885000e-15 -1.176493e+21 1.384135e+42
9.900000e-15 -1.169694e+21 1.368184e+42
9.915000e-15 -1.162342e+21 1.351039e+42
9.930000e-15 -1.154442e+21 1.332737e+42
9.945000e-15 -1.146000e+21 1.313315e+42
9.960000e-15 -1.137020e+21 1.292814e+42
9.975000e-15 -1.127508e+21 1.271275e+42
9.990000e-15 -1.117472e+21 1.248743e+42
1.000500e-14 -1.106916e+21 1.225262e+42
1.002000e-14 -1.095847e+21 1.200880e+42
1.003500e-14 -1.084272e+21 1.175646e+42
1.005000e-14 -1.072198e+21 1.149609e+42
1.006500e-14 -1.059633e+21 1.122821e+42
1.008000e-14 -1.046582e+21 1.095335e+42
1.009500e-14 -1.033055e+21 1.067203e+42
1.011000e-14 -1.019059e+21 1.038482e+42
1.012500e-14 -1.004602e+21 1.009226e+42
1.014000e-14 -9.896926e+20 9.794915e+41
1.015500e-14 -9.743387e+20 9.493360e+41
1.017000e-14 -9.585493e+20 9.188167e+41
1.018500e-14 -9.423332e+20 8.879918e+41
1.020000e-14 -9.256994e+20 8.569194e+41
1.021500e-14 -9.086573e+20 8.256580e+41
1.023000e-14 -8.912161e+20 7.942662e+41
1.024500e-14 -8.733856e+20 7.628025e+41
1.026000e-14 -8.551756e+20 7.313252e+41
1.027500e-14 -8.365958e+20 6.998925e+41
1.029000e-14 -8.176565e+20 6.685621e+41
1.030500e-14 -7.983678e+20 6.373911e+41
1.032000e-14 -7.787402e+20 6.064363e+41
1.033500e-14 -7.587842e+20 5.757535e+41
1.035000e-14 -7.385105e+20 5.453978e+41
1.036500e-14 -7.179299e+20 5.154234e+41
1.038000e-14 -6.970534e+20 4.858834e+41
1.039500e-14 -6.758919e+20 4.568298e+41
1.041000e-14 -6.544567e+20 4.283136e+41
1.042500e-14 -6.327591e+20 4.003840e+41
1.044000e-14 -6.108104e+20 3.730893e+41
1.045500e-14 -5.886221e+20 3.464759e+41
1.047000e-14 -5.662058e+20 3.205890e+41
1.048500e-14 -5.435731e+20 2.954717e+41
1.050000e-14 -5.207359e+20 2.711658e+41
1.051500e-14 -4.977058e+20 2.477111e+41
1.053000e-14 -4.744948e+20 2.251453e+41
1.054500e-14 -4.511148e+20 2.035045e+41
1.056000e-14 -4.275777e+20 1.828227e+41
1.057500e-14 -4.038957e+20 1.631317e+41
1.059000e-14 -3.800808e+20 1.444614e+41
1.060500e-14 -3.561450e+20 1.268393e+41
1.062000e-14 -3.321006e+20 1.102908e+41
1.063500e-14 -3.079596e+20 9.483914e+40
1.065000e-14 -2.837343e+20 8.050518e+40
1.066500e-14 -2.594369e+20 6.730751e+40
1.068000e-14 -2.350795e+20 5.526237e+40
1.069500e-14 -2.106743e+20 4.438365e+40
1.071000e-14 -1.862335e+20 3.468290e+40
1.072500e-14 -1.617692e+20 2.616927e+40
1.074000e-14 -1.372936e+20 1.884952e+40
1.075500e-14 -1.128188e+20 1.272807e+40
1.077000e-14 -8.835682e+19 7.806928e+39
1.078500e-14 -6.391979e+19 4.085740e+39
1.080000e-14 -3.951966e+19 1.561804e+39
1.081500e-14 -1.516838e+19 2.300797e+38
1.083000e-14 9.122171e+18 8.321401e+37
1.084500e-14 3.334016e+19 1.111566e+39
1.086000e-14 5.747384e+19 3.303242e+39
1.087500e-14 8.151151e+19 6.644126e+39
1.089000e-14 1.054416e+20 1.111793e+40
1.090500e-14 1.292525e+20 1.670621e+40
1.092000e-14 1.529329e+20 2.338847e+40
1.093500e-14 1.764714e+20 3.114214e+40
1.095000e-14 1.998567e+20 3.994270e+40
1.096500e-14 2.230777e+20 4.976368e+40
1.098000e-14 2.461235e+20 6.057678e+40
1.099500e-14 2.689831e+20 7.235189e+40
1.101000e-14 2.916456e+20 8.505717e+40
1.102500e-14 3.141005e+20 9.865913e+40
1.104000e-14 3.363372e+20 1.131227e+41
1.105500e-14 3.583453e+20 1.284113e+41
1.107000e-14 3.801145e+20 1.444870e+41
1.108500e-14 4.016347e+20 1.613104e+41
1.110000e-14 4.228960e+20 1.788410e+41
1.111500e-14 4.438884e+20 1.970369e+41
1.113000e-14 4.646024e+20 2.158554e+41
1.114500e-14 4.850285e+20 2.352526e+41
1.116000e-14 5.051572e+20 2.551838e+41
1.117500e-14 5.249794e+20 2.756033e+41
1.119000e-14 5.444861e+20 2.964651e+41
1.120500e-14 5.636684e+20 3.177221e+41
1.122000e-14 5.825178e+20 3.393270e+41
1.123500e-14 6.010257e+20 3.612319e+41
1.125000e-14 6.191838e+20 3.833886e+41
1.126500e-14 6.369841e+20 4.057487e+41
1.128000e-14 6.544186e+20 4.282637e+41
1.129500e-14 6.714797e+20 4.508849e+41
1.131000e-14 6.881597e+20 4.735638e+41
1.132500e-14 7.044515e+20 4.962519e+41
1.134000e-14 7.203479e+20 5.189010e+41
1.135500e-14 7.358419e+20 5.414634e+41
1.137000e-14 7.509270e+20 5.638914e+41
1.138500e-14 7.655967e+20 5.861383e+41
1.140000e-14 7.798446e+20 6.081576e+41
1.141500e-14 7.936648e+20 6.299038e+41
1.143000e-14 8.070514e+20 6.513319e+41
1.144500e-14 8.199988e+20 6.723980e+41
1.146000e-14 8.325017e+20 6.930591e+41
1.147500e-14 8.445549e+20 7.132730e+41
1.149000e-14 8.561535e+20 7.329989e+41
1.150500e-14 8.672929e+20 7.521970e+41
1.152000e-14 8.779685e+20 7.708287e+41
1.153500e-14 8.881762e+20 7.888570e+41
1.155000e-14 8.979120e+20 8.062460e+41
1.156500e-14 9.071721e+20 8.229613e+41
1.158000e-14 9.159532e+20 8.389702e+41
1.159500e-14 9.242518e+20 8.542413e+41
1.161000e-14 9.320650e+20 8.687451e+41
1.162500e-14 9.393900e+20 8.824536e+41
1.164000e-14 9.462243e+20 8.953405e+41
1.165500e-14 9.525657e+20 9.073814e+41
1.167000e-14 9.584121e+20 9.185537e+41
1.168500e-14 9.637617e+20 9.288366e+41
1.170000e-14 9.686130e+20 9.382111e+41
1.171500e-14 9.729647e+20 9.466602e+41
1.173000e-14 9.768157e+20 9.541689e+41
1.174500e-14 9.801654e+20 9.607241e+41
1.176000e-14 9.830131e+20 9.663147e+41
1.177500e-14 9.853585e+20 9.709315e+41
1.179000e-14 9.872017e+20 9.745673e+41
1.180500e-14 9.885429e+20 9.772171e+41
1.182000e-14 9.893825e+20 9.788777e+41
1.183500e-14 9.897212e+20 9.795480e+41
1.185000e-14 9.895600e+20 9.792290e+41
1.186500e-14 9.889001e+20 9.779234e+41
1.188000e-14 9.877430e+20 9.756362e+41
1.189500e-14 9.860903e+20 9.723741e+41
1.191000e-14 9.839441e+20 9.681459e+41
1.192500e-14 9.813064e+20 9.629623e+41
1.194000e-14 9.781798e+20 9.568358e+41
1.195500e-14 9.745670e+20 9.497808e+41
1.197000e-14 9.704707e+20 9.418134e+41
1.198500e-14 9.658943e+20 9.329517e+41
1.200000e-14 9.608410e+20 9.232154e+41
1.201500e-14 9.553145e+20 9.126258e+41
1.203000e-14 9.493187e+20 9.012059e+41
1.204500e-14 9.428576e+20 8.889804e+41
1.206000e-14 9.359355e+20 8.759753e+41
1.207500e-14 9.285571e+20 8.622182e+41
1.209000e-14 9.207269e+20 8.477381e+41
1.210500e-14 9.124501e+20 8.325652e+41
1.212000e-14 9.037318e+20 8.167312e+41
1.213500e-14 8.945774e+20 8.002687e+41
1.215000e-14 8.849925e+20 7.832118e+41
1.216500e-14 8.749830e+20 7.655953e+41
1.218000e-14 8.645549e+20 7.474551e+41
1.219500e-14 8.537143e+20 7.288282e+41
1.221000e-14 8.424678e+20 7.097520e+41
1.222500e-14 8.308219e+20 6.902651e+41
1.224000e-14 8.187835e+20 6.704064e+41
1.225500e-14 8.063595e+20 6.502156e+41
1.227000e-14 7.935571e+20 6.297328e+41
1.228500e-14 7.803836e+20 6.089985e+41
1.230000e-14 7.668466e+20 5.880537e+41
1.231500e-14 7.529537e+20 5.669393e+41
1.233000e-14 7.387128e+20 5.456967e+41
1.234500e-14 7.241320e+20 5.243671e+41
1.236000e-14 7.092193e+20 5.029920e+41
1.237500e-14 6.939831e+20 4.816125e+41
1.239000e-14 6.784318e+20 4.602697e+41
1.240500e-14 6.625741e+20 4.390045e+41
1.242000e-14 6.464187e+20 4.178571e+41
1.243500e-14 6.299744e+20 3.968678e+41
1.245000e-14 6.132503e+20 3.760759e+41
1.246500e-14 5.962554e+20 3.555205e+41
1.248000e-14 5.789990e+20 3.352398e+41
1.249500e-14 5.614904e+20 3.152715e+41
1.251000e-14 5.437391e+20 2.956522e+41
1.252500e-14 5.257546e+20 2.764179e+41
1.254000e-14 5.075466e+20 2.576036e+41
1.255500e-14 4.891248e+20 2.392431e+41
1.257000e-14 4.704990e+20 2.213693e+41
1.258500e-14 4.516791e+20 2.040140e+41
1.260000e-14 4.326751e+20 1.872077e+41
1.261500e-14 4.134970e+20 1.709798e+41
1.263000e-14 3.941549e+20 1.553581e+41
1.264500e-14 3.746590e+20 1.403694e+41
1.266000e-14 3.550195e+20 1.260388e+41
1.267500e-14 3.352466e+20 1.123903e+41
1.269000e-14 3.153507e+20 9.944608e+40
1.270500e-14 2.953421e+20 8.722698e+40
1.272000e-14 2.752312e+20 7.575222e+40
1.273500e-14 2.550284e+20 6.503946e+40
1.275000e-14 2.347440e+20 5.510474e+40
1.276500e-14 2.143885e+20 4.596245e+40
1.278000e-14 1.939725e+20 3.762532e+40
1.279500e-14 1.735062e+20 3.010441e+40
1.281000e-14 1.530002e+20 2.340907e+40
1.282500e-14 1.324650e+20 1.754696e+40
1.284000e-14 1.119108e+20 1.252403e+40
1.285500e-14 9.134828e+19 8.344508e+39
1.287000e-14 7.078769e+19 5.010897e+39
1.288500e-14 5.023945e+19 2.524002e+39
1.290000e-14 2.971389e+19 8.829150e+38
1.291500e-14 9.221316e+18 8.503267e+37
1.293000e-14 -1.122799e+19 1.260679e+38
1.294500e-14 -3.162382e+19 1.000066e+39
1.296000e-14 -5.195600e+19 2.699426e+39
1.297500e-14 -7.221441e+19 5.214921e+39
1.299000e-14 -9.238899e+19 8.535726e+39
1.300500e-14 -1.124698e+20 1.264945e+40
1.302000e-14 -1.324468e+20 1.754215e+40
1.303500e-14 -1.523102e+20 2.319840e+40
1.305000e-14 -1.720503e+20 2.960129e+40
1.306500e-14 -1.916573e+20 3.673250e+40
1.308000e-14 -2.111216e+20 4.457233e+40
1.309500e-14 -2.304338e+20 5.309973e+40
1.311000e-14 -2.495844e+20 6.229236e+40
1.312500e-14 -2.685641e+20 7.212666e+40
1.314000e-14 -2.873636e+20 8.257786e+40
1.315500e-14 -3.059740e+20 9.362010e+40
1.317000e-14 -3.243862e+20 1.052264e+41
1.318500e-14 -3.425913e+20 1.173688e+41
1.320000e-14 -3.605806e+20 1.300183e+41
1.321500e-14 -3.783454e+20 1.431452e+41
1.323000e-14 -3.958773e+20 1.567188e+41
1.324500e-14 -4.131678e+20 1.707076e+41
1.326000e-14 -4.302088e+20 1.850796e+41
1.327500e-14 -4.469922e+20 1.998020e+41
1.329000e-14 -4.635100e+20 2.148415e+41
1.330500e-14 -4.797544e+20 2.301643e+41
1.332000e-14 -4.957178e+20 2.457362e+41
1.333500e-14 -5.113927e+20 2.615225e+41
1.335000e-14 -5.267718e+20 2.774885e+41
1.336500e-14 -5.418478e+20 2.935990e+41
1.338000e-14 -5.566137e+20 3.098188e+41
1.339500e-14 -5.710628e+20 3.261127e+41
1.341000e-14 -5.851883e+20 3.424454e+41
1.342500e-14 -5.989838e+20 3.587816e+41
1.344000e-14 -6.124429e+20 3.750863e+41
1.345500e-14 -6.255595e+20 3.913247e+41
1.347000e-14 -6.383276e+20 4.074621e+41
1.348500e-14 -6.507415e+20 4.234644e+41
1.350000e-14 -6.627955e+20 4.392979e+41
1.351500e-14 -6.744843e+20 4.549290e+41
1.353000e-14 -6.858026e+20 4.703253e+41
1.354500e-14 -6.967456e+20 4.854544e+41
1.356000e-14 -7.073082e+20 5.002849e+41
1.357500e-14 -7.174860e+20 5.147862e+41
1.359000e-14 -7.272745e+20 5.289282e+41
1.360500e-14 -7.366696e+20 5.426821e+41
1.362000e-14 -7.456671e+20 5.560195e+41
1.363500e-14 -7.542634e+20 5.689133e+41
1.365000e-14 -7.624549e+20 5.813375e+41
1.366500e-14 -7.702381e+20 5.932668e+41
1.368000e-14 -7.776100e+20 6.046773e+41
1.369500e-14 -7.845675e+20 6.155462e+41
1.371000e-14 -7.911080e+20 6.258519e+41
1.372500e-14 -7.972289e+20 6.355740e+41
1.374000e-14 -8.029280e+20 6.446934e+41
1.375500e-14 -8.082032e+20 6.531924e+41
1.377000e-14 -8.130525e+20 6.610544e+41
1.378500e-14 -8.174745e+20 6.682646e+41
1.380000e-14 -8.214677e+20 6.748091e+41
1.381500e-14 -8.250308e+20 6.806758e+41
1.383000e-14 -8.281629e+20 6.858539e+41
1.384500e-14 -8.308634e+20 6.903339e+41
1.386000e-14 -8.331315e+20 6.941082e+41
1.387500e-14 -8.349672e+20 6.971702e+41
1.389000e-14 -8.363702e+20 6.995150e+41
1.390500e-14 -8.373407e+20 7.011394e+41
1.392000e-14 -8.378791e+20 7.020413e+41
1.393500e-14 -8.379859e+20 7.022204e+41
1.395000e-14 -8.376621e+20 7.016777e+41
1.396500e-14 -8.369085e+20 7.004159e+41
1.398000e-14 -8.357265e+20 6.984388e+41
1.399500e-14 -8.341175e+20 6.957521e+41
1.401000e-14 -8.320833e+20 6.923626e+41
1.402500e-14 -8.296256e+20 6.882787e+41
1.404000e-14 -8.267467e+20 6.835101e+41
1.405500e-14 -8.234488e+20 6.780680e+41
1.407000e-14 -8.197346e+20 6.719648e+41
1.408500e-14 -8.156067e+20 6.652142e+41
1.410000e-14 -8.110681e+20 6.578314e+41
1.411500e-14 -8.061219e+20 6.498326e+41
1.413000e-14 -8.007716e+20 6.412352e+41
1.414500e-14 -7.950208e+20 6.320580e+41
1.416000e-14 -7.888731e+20 6.223208e+41
1.417500e-14 -7.823326e+20 6.120443e+41
1.419000e-14 -7.754034e+20 6.012504e+41
1.420500e-14 -7.680899e+20 5.899621e+41
1.422000e-14 -7.603967e+20 5.782031e+41
1.423500e-14 -7.523284e+20 5.659980e+41
1.425000e-14 -7.438899e+20 5.533723e+41
1.426500e-14 -7.350865e+20 5.403522e+41
1.428000e-14 -7.259234e+20 5.269647e+41
1.429500e-14 -7.164059e+20 5.132374e+41
1.431000e-14 -7.065398e+20 4.991985e+41
1.432500e-14 -6.963308e+20 4.848766e+41
1.434000e-14 -6.857849e+20 4.703010e+41
1.435500e-14 -6.749082e+20 4.555011e+41
1.437000e-14 -6.637070e+20 4.405070e+41
1.438500e-14 -6.521876e+20 4.253487e+41
1.440000e-14 -6.403568e+20 4.100568e+41
1.441500e-14 -6.282211e+20 3.946618e+41
1.443000e-14 -6.157875e+20 3.791943e+41
1.444500e-14 -6.030630e+20 3.636849e+41
1.446000e-14 -5.900546e+20 3.481645e+41
1.447500e-14 -5.767697e+20 3.326633e+41
1.449000e-14 -5.632157e+20 3.172120e+41
1.450500e-14 -5.494001e+20 3.018404e+41
1.452000e-14 -5.353304e+20 2.865787e+41
1.453500e-14 -5.210145e+20 2.714562e+41
1.455000e-14 -5.064602e+20 2.565020e+41
1.456500e-14 -4.916755e+20 2.417448e+41
1.458000e-14 -4.766684e+20 2.272128e+41
1.459500e-14 -4.614471e+20 2.129334e+41
1.461000e-14 -4.460197e+20 1.989336e+41
1.462500e-14 -4.303948e+20 1.852397e+41
1.464000e-14 -4.145806e+20 1.718770e+41
1.465500e-14 -3.985856e+20 1.588705e+41
1.467000e-14 -3.824185e+20 1.462439e+41
1.468500e-14 -3.660878e+20 1.340203e+41
1.470000e-14 -3.496023e+20 1.222218e+41
1.471500e-14 -3.329707e+20 1.108695e+41
1.473000e-14 -3.162019e+20 9.998364e+40
1.474500e-14 -2.993046e+20 8.958327e+40
1.476000e-14 -2.822879e+20 7.968647e+40
1.477500e-14 -2.651606e+20 7.031017e+40
1.479000e-14 -2.479318e+20 6.147019e+40
1.480500e-14 -2.306105e+20 5.318120e+40
1.482000e-14 -2.132057e+20 4.545667e+40
1.483500e-14 -1.957265e+20 3.830887e+40
1.485000e-14 -1.781820e+20 3.174883e+40
1.486500e-14 -1.605813e+20 2.578637e+40
1.488000e-14 -1.429336e+20 2.043001e+40
1.489500e-14 -1.252479e+20 1.568704e+40
1.491000e-14 -1.075334e+20 1.156343e+40
1.492500e-14 -8.979915e+19 8.063888e+39
1.494000e-14 -7.205435e+19 5.191829e+39
1.495500e-14 -5.430805e+19 2.949365e+39
1.497000e-14 -3.656936e+19 1.337318e+39
1.498500e-14 -1.884733e+19 3.552219e+38
