0.000000e+00 nan nan
1.500000e-17 -1.761162e+12 3.101692e+24
3.000000e-17 -5.633761e+13 3.173927e+27
4.500000e-17 -4.275661e+14 1.828128e+29
6.000000e-17 -1.800300e+15 3.241079e+30
7.500000e-17 -5.488354e+15 3.012203e+31
9.000000e-17 -1.363939e+16 1.860329e+32
1.050000e-16 -2.943572e+16 8.664617e+32
1.200000e-16 -5.729008e+16 3.282154e+33
1.350000e-16 -1.030354e+17 1.061629e+34
1.500000e-16 -1.741073e+17 3.031336e+34
1.650000e-16 -2.797196e+17 7.824304e+34
1.800000e-16 -4.310295e+17 1.857864e+35
1.950000e-16 -6.412947e+17 4.112589e+35
2.100000e-16 -9.260192e+17 8.575116e+35
2.250000e-16 -1.303088e+18 1.698038e+36
2.400000e-16 -1.792889e+18 3.214452e+36
2.550000e-16 -2.418425e+18 5.848782e+36
2.700000e-16 -3.205409e+18 1.027465e+37
2.850000e-16 -4.182346e+18 1.749202e+37
3.000000e-16 -5.380604e+18 2.895090e+37
3.150000e-16 -6.834463e+18 4.670989e+37
3.300000e-16 -8.581159e+18 7.363629e+37
3.450000e-16 -1.066090e+19 1.136548e+38
3.600000e-16 -1.311688e+19 1.720524e+38
3.750000e-16 -1.599525e+19 2.558479e+38
3.900000e-16 -1.934511e+19 3.742334e+38
4.050000e-16 -2.321848e+19 5.390977e+38
4.200000e-16 -2.767018e+19 7.656390e+38
4.350000e-16 -3.275783e+19 1.073076e+39
4.500000e-16 -3.854170e+19 1.485462e+39
4.650000e-16 -4.508460e+19 2.032621e+39
4.800000e-16 -5.245181e+19 2.751193e+39
4.950000e-16 -6.071087e+19 3.685810e+39
5.100000e-16 -6.993146e+19 4.890410e+39
5.250000e-16 -8.018521e+19 6.429669e+39
5.400000e-16 -9.154552e+19 8.380583e+39
5.550000e-16 -1.040873e+20 1.083418e+40
5.700000e-16 -1.178870e+20 1.389734e+40
5.850000e-16 -1.330219e+20 1.769482e+40
6.000000e-16 -1.495703e+20 2.237128e+40
6.150000e-16 -1.676112e+20 2.809352e+40
6.300000e-16 -1.872238e+20 3.505274e+40
6.450000e-16 -2.084874e+20 4.346699e+40
6.600000e-16 -2.314811e+20 5.358351e+40
6.750000e-16 -2.562836e+20 6.568130e+40
6.900000e-16 -2.829727e+20 8.007355e+40
7.050000e-16 -3.116250e+20 9.711015e+40
7.200000e-16 -3.423158e+20 1.171801e+41
7.350000e-16 -3.751186e+20 1.407140e+41
7.500000e-16 -4.101049e+20 1.681860e+41
7.650000e-16 -4.473436e+20 2.001163e+41
7.800000e-16 -4.869011e+20 2.370727e+41
7.950000e-16 -5.288407e+20 2.796725e+41
8.100000e-16 -5.732222e+20 3.285837e+41
8.250000e-16 -6.201020e+20 3.845265e+41
8.400000e-16 -6.695322e+20 4.482733e+41
8.550000e-16 -7.215606e+20 5.206498e+41
8.700000e-16 -7.762307e+20 6.025341e+41
8.850000e-16 -8.335807e+20 6.948568e+41
9.000000e-16 -8.936437e+20 7.985991e+41
9.150000e-16 -9.564474e+20 9.147916e+41
9.300000e-16 -1.022014e+21 1.044512e+42
9.450000e-16 -1.090358e+21 1.188881e+42
9.600000e-16 -1.161491e+21 1.349060e+42
9.750000e-16 -1.235414e+21 1.526248e+42
9.900000e-16 -1.312124e+21 1.721671e+42
1.005000e-15 -1.391611e+21 1.936582e+42
1.020000e-15 -1.473857e+21 2.172255e+42
1.035000e-15 -1.558837e+21 2.429972e+42
1.050000e-15 -1.646517e+21 2.711019e+42
1.065000e-15 -1.736859e+21 3.016679e+42
1.080000e-15 -1.829814e+21 3.348218e+42
1.095000e-15 -1.925326e+21 3.706881e+42
1.110000e-15 -2.023333e+21 4.093876e+42
1.125000e-15 -2.123762e+21 4.510366e+42
1.140000e-15 -2.226535e+21 4.957459e+42
1.155000e-15 -2.331564e+21 5.436192e+42
1.170000e-15 -2.438754e+21 5.947522e+42
1.185000e-15 -2.548002e+21 6.492315e+42
1.200000e-15 -2.659197e+21 7.071329e+42
1.215000e-15 -2.772220e+21 7.685205e+42
1.230000e-15 -2.886945e+21 8.334454e+42
1.245000e-15 -3.003239e+21 9.019443e+42
1.260000e-15 -3.120959e+21 9.740385e+42
1.275000e-15 -3.239958e+21 1.049733e+43
1.290000e-15 -3.360080e+21 1.129014e+43
1.305000e-15 -3.481164e+21 1.211850e+43
1.320000e-15 -3.603040e+21 1.298190e+43
1.335000e-15 -3.725534e+21 1.387960e+43
1.350000e-15 -3.848465e+21 1.481068e+43
1.365000e-15 -3.971647e+21 1.577398e+43
1.380000e-15 -4.094888e+21 1.676811e+43
1.395000e-15 -4.217992e+21 1.779146e+43
1.410000e-15 -4.340757e+21 1.884218e+43
1.425000e-15 -4.462979e+21 1.991818e+43
1.440000e-15 -4.584447e+21 2.101715e+43
1.455000e-15 -4.704949e+21 2.213655e+43
1.470000e-15 -4.824271e+21 2.327359e+43
1.485000e-15 -4.942193e+21 2.442528e+43
1.500000e-15 -5.058497e+21 2.558839e+43
1.515000e-15 -5.172960e+21 2.675951e+43
1.530000e-15 -5.285360e+21 2.793503e+43
1.545000e-15 -5.395474e+21 2.911114e+43
1.560000e-15 -5.503078e+21 3.028387e+43
1.575000e-15 -5.607951e+21 3.144911e+43
1.590000e-15 -5.709869e+21 3.260261e+43
1.605000e-15 -5.808614e+21 3.374000e+43
1.620000e-15 -5.903966e+21 3.485681e+43
1.635000e-15 -5.995710e+21 3.594853e+43
1.650000e-15 -6.083632e+21 3.701058e+43
1.665000e-15 -6.167525e+21 3.803836e+43
1.680000e-15 -6.247182e+21 3.902728e+43
1.695000e-15 -6.322404e+21 3.997279e+43
1.710000e-15 -6.392994e+21 4.087037e+43
1.725000e-15 -6.458763e+21 4.171562e+43
1.740000e-15 -6.519528e+21 4.250424e+43
1.755000e-15 -6.575111e+21 4.323208e+43
1.770000e-15 -6.625342e+21 4.389515e+43
1.785000e-15 -6.670059e+21 4.448968e+43
1.800000e-15 -6.709107e+21 4.501211e+43
1.815000e-15 -6.742340e+21 4.545915e+43
1.830000e-15 -6.769621e+21 4.582776e+43
1.845000e-15 -6.790821e+21 4.611525e+43
1.860000e-15 -6.805822e+21 4.631922e+43
1.875000e-15 -6.814516e+21 4.643763e+43
1.890000e-15 -6.816804e+21 4.646882e+43
1.905000e-15 -6.812599e+21 4.641150e+43
1.920000e-15 -6.801823e+21 4.626480e+43
1.935000e-15 -6.784412e+21 4.602825e+43
1.950000e-15 -6.760311e+21 4.570181e+43
1.965000e-15 -6.729478e+21 4.528588e+43
1.980000e-15 -6.691882e+21 4.478129e+43
1.995000e-15 -6.647505e+21 4.418932e+43
2.010000e-15 -6.596340e+21 4.351170e+43
2.025000e-15 -6.538393e+21 4.275058e+43
2.040000e-15 -6.473683e+21 4.190857e+43
2.055000e-15 -6.402240e+21 4.098867e+43
2.070000e-15 -6.324107e+21 3.999433e+43
2.085000e-15 -6.239341e+21 3.892938e+43
2.100000e-15 -6.148009e+21 3.779802e+43
2.115000e-15 -6.050193e+21 3.660484e+43
2.130000e-15 -5.945985e+21 3.535474e+43
2.145000e-15 -5.835490e+21 3.405295e+43
2.160000e-15 -5.718826e+21 3.270498e+43
2.175000e-15 -5.596123e+21 3.131659e+43
2.190000e-15 -5.467520e+21 2.989378e+43
2.205000e-15 -5.333172e+21 2.844272e+43
2.220000e-15 -5.193241e+21 2.696975e+43
2.235000e-15 -5.047902e+21 2.548132e+43
2.250000e-15 -4.897342e+21 2.398396e+43
2.265000e-15 -4.741756e+21 2.248425e+43
2.280000e-15 -4.581350e+21 2.098877e+43
2.295000e-15 -4.416340e+21 1.950406e+43
2.310000e-15 -4.246951e+21 1.803660e+43
2.325000e-15 -4.073418e+21 1.659273e+43
2.340000e-15 -3.895981e+21 1.517867e+43
2.355000e-15 -3.714893e+21 1.380043e+43
2.370000e-15 -3.530410e+21 1.246379e+43
2.385000e-15 -3.342798e+21 1.117430e+43
2.400000e-15 -3.152328e+21 9.937172e+42
2.415000e-15 -2.959278e+21 8.757324e+42
2.430000e-15 -2.763930e+21 7.639309e+42
2.445000e-15 -2.566573e+21 6.587295e+42
2.460000e-15 -2.367498e+21 5.605047e+42
2.475000e-15 -2.167002e+21 4.695899e+42
2.490000e-15 -1.965385e+21 3.862737e+42
2.505000e-15 -1.762947e+21 3.107982e+42
2.520000e-15 -1.559993e+21 2.433579e+42
2.535000e-15 -1.356829e+21 1.840985e+42
2.550000e-15 -1.153760e+21 1.331163e+42
2.565000e-15 -9.510937e+20 9.045792e+41
2.580000e-15 -7.491355e+20 5.612040e+41
2.595000e-15 -5.481908e+20 3.005132e+41
2.610000e-15 -3.485635e+20 1.214965e+41
2.625000e-15 -1.505549e+20 2.266679e+40
2.640000e-15 4.553595e+19 2.073523e+39
2.655000e-15 2.394137e+20 5.731891e+40
2.670000e-15 4.307866e+20 1.855771e+41
2.685000e-15 6.193676e+20 3.836162e+41
2.700000e-15 8.048744e+20 6.478228e+41
2.715000e-15 9.870305e+20 9.742291e+41
2.730000e-15 1.165565e+21 1.358542e+42
2.745000e-15 1.340215e+21 1.796175e+42
2.760000e-15 1.510722e+21 2.282281e+42
2.775000e-15 1.676838e+21 2.811786e+42
2.790000e-15 1.838321e+21 3.379426e+42
2.805000e-15 1.994940e+21 3.979784e+42
2.820000e-15 2.146469e+21 4.607329e+42
2.835000e-15 2.292695e+21 5.256450e+42
2.850000e-15 2.433413e+21 5.921498e+42
2.865000e-15 2.568428e+21 6.596824e+42
2.880000e-15 2.697557e+21 7.276816e+42
2.895000e-15 2.820627e+21 7.955936e+42
2.910000e-15 2.937475e+21 8.628757e+42
2.925000e-15 3.047950e+21 9.289998e+42
2.940000e-15 3.151913e+21 9.934558e+42
2.955000e-15 3.249238e+21 1.055755e+43
2.970000e-15 3.339809e+21 1.115433e+43
2.985000e-15 3.423524e+21 1.172051e+43
3.000000e-15 3.500291e+21 1.225204e+43
3.015000e-15 3.570033e+21 1.274513e+43
3.030000e-15 3.632685e+21 1.319640e+43
3.045000e-15 3.688194e+21 1.360277e+43
3.060000e-15 3.736520e+21 1.396158e+43
3.075000e-15 3.777637e+21 1.427054e+43
3.090000e-15 3.811530e+21 1.452776e+43
3.105000e-15 3.838198e+21 1.473177e+43
3.120000e-15 3.857653e+21 1.488149e+43
3.135000e-15 3.869918e+21 1.497626e+43
3.150000e-15 3.875030e+21 1.501586e+43
3.165000e-15 3.873038e+21 1.500042e+43
3.180000e-15 3.864002e+21 1.493052e+43
3.195000e-15 3.847998e+21 1.480709e+43
3.210000e-15 3.825109e+21 1.463146e+43
3.225000e-15 3.795433e+21 1.440531e+43
3.240000e-15 3.759077e+21 1.413066e+43
3.255000e-15 3.716163e+21 1.380986e+43
3.270000e-15 3.666819e+21 1.344556e+43
3.285000e-15 3.611187e+21 1.304067e+43
3.300000e-15 3.549419e+21 1.259837e+43
3.315000e-15 3.481675e+21 1.212206e+43
3.330000e-15 3.408126e+21 1.161533e+43
3.345000e-15 3.328954e+21 1.108193e+43
3.360000e-15 3.244345e+21 1.052577e+43
3.375000e-15 3.154498e+21 9.950859e+42
3.390000e-15 3.059618e+21 9.361265e+42
3.405000e-15 2.959919e+21 8.761118e+42
3.420000e-15 2.855619e+21 8.154558e+42
3.435000e-15 2.746946e+21 7.545710e+42
3.450000e-15 2.634132e+21 6.938652e+42
3.465000e-15 2.517417e+21 6.337389e+42
3.480000e-15 2.397045e+21 5.745824e+42
3.495000e-15 2.273264e+21 5.167729e+42
3.510000e-15 2.146327e+21 4.606722e+42
3.525000e-15 2.016493e+21 4.066243e+42
3.540000e-15 1.884020e+21 3.549531e+42
3.555000e-15 1.749173e+21 3.059604e+42
3.570000e-15 1.612216e+21 2.599240e+42
3.585000e-15 1.473417e+21 2.170958e+42
3.600000e-15 1.333045e+21 1.777010e+42
3.615000e-15 1.191370e+21 1.419363e+42
3.630000e-15 1.048661e+21 1.099691e+42
3.645000e-15 9.051886e+20 8.193665e+41
3.660000e-15 7.612212e+20 5.794578e+41
3.675000e-15 6.170272e+20 3.807225e+41
3.690000e-15 4.728728e+20 2.236087e+41
3.705000e-15 3.290226e+20 1.082558e+41
3.720000e-15 1.857382e+20 3.449869e+40
3.735000e-15 4.327864e+19 1.873040e+39
3.750000e-15 -9.810081e+19 9.623769e+39
3.765000e-15 -2.381486e+20 5.671475e+40
3.780000e-15 -3.766175e+20 1.418407e+41
3.795000e-15 -5.132650e+20 2.634409e+41
3.810000e-15 -6.478537e+20 4.197144e+41
3.825000e-15 -7.801516e+20 6.086366e+41
3.840000e-15 -9.099329e+20 8.279780e+41
3.855000e-15 -1.036978e+21 1.075323e+42
3.870000e-15 -1.161073e+21 1.348091e+42
3.885000e-15 -1.282012e+21 1.643556e+42
3.900000e-15 -1.399597e+21 1.958872e+42
3.915000e-15 -1.513635e+21 2.291092e+42
3.930000e-15 -1.623944e+21 2.637194e+42
3.945000e-15 -1.730348e+21 2.994103e+42
3.960000e-15 -1.832679e+21 3.358711e+42
3.975000e-15 -1.930779e+21 3.727908e+42
3.990000e-15 -2.024499e+21 4.098598e+42
4.005000e-15 -2.113699e+21 4.467722e+42
4.020000e-15 -2.198246e+21 4.832284e+42
4.035000e-15 -2.278019e+21 5.189369e+42
4.050000e-15 -2.352905e+21 5.536162e+42
4.065000e-15 -2.422802e+21 5.869970e+42
4.080000e-15 -2.487617e+21 6.188239e+42
4.095000e-15 -2.547267e+21 6.488569e+42
4.110000e-15 -2.601679e+21 6.768732e+42
4.125000e-15 -2.650789e+21 7.026684e+42
4.140000e-15 -2.694546e+21 7.260578e+42
4.155000e-15 -2.732906e+21 7.468774e+42
4.170000e-15 -2.765836e+21 7.649850e+42
4.185000e-15 -2.793315e+21 7.802606e+42
4.200000e-15 -2.815328e+21 7.926074e+42
4.215000e-15 -2.831875e+21 8.019518e+42
4.230000e-15 -2.842963e+21 8.082438e+42
4.245000e-15 -2.848608e+21 8.114570e+42
4.260000e-15 -2.848839e+21 8.115886e+42
4.275000e-15 -2.843692e+21 8.086587e+42
4.290000e-15 -2.833214e+21 8.027103e+42
4.305000e-15 -2.817461e+21 7.938085e+42
4.320000e-15 -2.796497e+21 7.820395e+42
4.335000e-15 -2.770397e+21 7.675101e+42
4.350000e-15 -2.739245e+21 7.503463e+42
4.365000e-15 -2.703132e+21 7.306921e+42
4.380000e-15 -2.662158e+21 7.087086e+42
4.395000e-15 -2.616433e+21 6.845719e+42
4.410000e-15 -2.566072e+21 6.584725e+42
4.425000e-15 -2.511200e+21 6.306127e+42
4.440000e-15 -2.451950e+21 6.012058e+42
4.455000e-15 -2.388460e+21 5.704739e+42
4.470000e-15 -2.320876e+21 5.386463e+42
4.485000e-15 -2.249351e+21 5.059578e+42
4.500000e-15 -2.174043e+21 4.726465e+42
4.515000e-15 -2.095119e+21 4.389525e+42
4.530000e-15 -2.012749e+21 4.051158e+42
4.545000e-15 -1.927108e+21 3.713746e+42
4.560000e-15 -1.838378e+21 3.379634e+42
4.575000e-15 -1.746744e+21 3.051116e+42
4.590000e-15 -1.652397e+21 2.730417e+42
4.605000e-15 -1.555530e+21 2.419675e+42
4.620000e-15 -1.456341e+21 2.120930e+42
4.635000e-15 -1.355031e+21 1.836109e+42
4.650000e-15 -1.251802e+21 1.567009e+42
4.665000e-15 -1.146862e+21 1.315293e+42
4.680000e-15 -1.040418e+21 1.082469e+42
4.695000e-15 -9.326790e+20 8.698901e+41
4.710000e-15 -8.238571e+20 6.787405e+41
4.725000e-15 -7.141639e+20 5.100300e+41
4.740000e-15 -6.038117e+20 3.645886e+41
4.755000e-15 -4.930132e+20 2.430620e+41
4.770000e-15 -3.819807e+20 1.459093e+41
4.785000e-15 -2.709259e+20 7.340083e+40
4.800000e-15 -1.600594e+20 2.561902e+40
4.815000e-15 -4.959063e+19 2.459231e+39
4.830000e-15 6.027296e+19 3.632830e+39
4.845000e-15 1.693260e+20 2.867128e+40
4.860000e-15 2.773654e+20 7.693159e+40
4.875000e-15 3.841914e+20 1.476030e+41
4.890000e-15 4.896069e+20 2.397149e+41
4.905000e-15 5.934187e+20 3.521458e+41
4.920000e-15 6.954375e+20 4.836333e+41
4.935000e-15 7.954781e+20 6.327853e+41
4.950000e-15 8.933598e+20 7.980917e+41
4.965000e-15 9.889070e+20 9.779370e+41
4.980000e-15 1.081949e+21 1.170614e+42
4.995000e-15 1.172321e+21 1.374336e+42
5.010000e-15 1.259863e+21 1.587256e+42
5.025000e-15 1.344423e+21 1.807473e+42
5.040000e-15 1.425853e+21 2.033056e+42
5.055000e-15 1.504012e+21 2.262053e+42
5.070000e-15 1.578768e+21 2.492508e+42
5.085000e-15 1.649993e+21 2.722476e+42
5.100000e-15 1.717568e+21 2.950040e+42
5.115000e-15 1.781381e+21 3.173318e+42
5.130000e-15 1.841328e+21 3.390488e+42
5.145000e-15 1.897311e+21 3.599791e+42
5.160000e-15 1.949244e+21 3.799551e+42
5.175000e-15 1.997044e+21 3.988183e+42
5.190000e-15 2.040639e+21 4.164208e+42
5.205000e-15 2.079966e+21 4.326259e+42
5.220000e-15 2.114969e+21 4.473094e+42
5.235000e-15 2.145601e+21 4.603603e+42
5.250000e-15 2.171823e+21 4.716814e+42
5.265000e-15 2.193605e+21 4.811904e+42
5.280000e-15 2.210927e+21 4.888197e+42
5.295000e-15 2.223775e+21 4.945175e+42
5.310000e-15 2.232146e+21 4.982475e+42
5.325000e-15 2.236044e+21 4.999894e+42
5.340000e-15 2.235484e+21 4.997387e+42
5.355000e-15 2.230486e+21 4.975066e+42
5.370000e-15 2.221081e+21 4.933202e+42
5.385000e-15 2.207309e+21 4.872214e+42
5.400000e-15 2.189217e+21 4.792669e+42
5.415000e-15 2.166859e+21 4.695278e+42
5.430000e-15 2.140300e+21 4.580886e+42
5.445000e-15 2.109612e+21 4.450462e+42
5.460000e-15 2.074873e+21 4.305098e+42
5.475000e-15 2.036171e+21 4.145991e+42
5.490000e-15 1.993599e+21 3.974439e+42
5.505000e-15 1.947261e+21 3.791825e+42
5.520000e-15 1.897264e+21 3.599610e+42
5.535000e-15 1.843724e+21 3.399316e+42
5.550000e-15 1.786762e+21 3.192519e+42
5.565000e-15 1.726508e+21 2.980831e+42
5.580000e-15 1.663096e+21 2.765889e+42
5.595000e-15 1.596666e+21 2.549341e+42
5.610000e-15 1.527363e+21 2.332837e+42
5.625000e-15 1.455338e+21 2.118009e+42
5.640000e-15 1.380747e+21 1.906463e+42
5.655000e-15 1.303751e+21 1.699765e+42
5.670000e-15 1.224512e+21 1.499430e+42
5.685000e-15 1.143201e+21 1.306908e+42
5.700000e-15 1.059988e+21 1.123574e+42
5.715000e-15 9.750485e+20 9.507196e+41
5.730000e-15 8.885606e+20 7.895400e+41
5.745000e-15 8.007044e+20 6.411276e+41
5.760000e-15 7.116624e+20 5.064634e+41
5.775000e-15 6.216187e+20 3.864098e+41
5.790000e-15 5.307588e+20 2.817049e+41
5.805000e-15 4.392693e+20 1.929576e+41
5.820000e-15 3.473374e+20 1.206432e+41
5.835000e-15 2.551503e+20 6.510167e+40
5.850000e-15 1.628954e+20 2.653490e+40
5.865000e-15 7.075929e+19 5.006877e+39
5.880000e-15 -2.107205e+19 4.440312e+38
5.895000e-15 -1.124141e+20 1.263692e+40
5.910000e-15 -2.030838e+20 4.124304e+40
5.925000e-15 -2.929003e+20 8.579059e+40
5.940000e-15 -3.816849e+20 1.456834e+41
5.955000e-15 -4.692618e+20 2.202066e+41
5.970000e-15 -5.554580e+20 3.085336e+41
5.985000e-15 -6.401041e+20 4.097333e+41
6.000000e-15 -7.230344e+20 5.227788e+41
6.015000e-15 -8.040873e+20 6.465564e+41
6.030000e-15 -8.831054e+20 7.798752e+41
6.045000e-15 -9.599362e+20 9.214776e+41
6.060000e-15 -1.034432e+21 1.070050e+42
6.075000e-15 -1.106451e+21 1.224233e+42
6.090000e-15 -1.175856e+21 1.382636e+42
6.105000e-15 -1.242515e+21 1.543844e+42
6.120000e-15 -1.306305e+21 1.706433e+42
6.135000e-15 -1.367107e+21 1.868981e+42
6.150000e-15 -1.424808e+21 2.030077e+42
6.165000e-15 -1.479303e+21 2.188337e+42
6.180000e-15 -1.530494e+21 2.342412e+42
6.195000e-15 -1.578290e+21 2.490999e+42
6.210000e-15 -1.622607e+21 2.632852e+42
6.225000e-15 -1.663367e+21 2.766791e+42
6.240000e-15 -1.700503e+21 2.891711e+42
6.255000e-15 -1.733953e+21 3.006594e+42
6.270000e-15 -1.763664e+21 3.110511e+42
6.285000e-15 -1.789590e+21 3.202632e+42
6.300000e-15 -1.811693e+21 3.282233e+42
6.315000e-15 -1.829945e+21 3.348698e+42
6.330000e-15 -1.844322e+21 3.401525e+42
6.345000e-15 -1.854813e+21 3.440332e+42
6.360000e-15 -1.861412e+21 3.464853e+42
6.375000e-15 -1.864120e+21 3.474944e+42
6.390000e-15 -1.862950e+21 3.470582e+42
6.405000e-15 -1.857919e+21 3.451864e+42
6.420000e-15 -1.849055e+21 3.419004e+42
6.435000e-15 -1.836391e+21 3.372332e+42
6.450000e-15 -1.819970e+21 3.312292e+42
6.465000e-15 -1.799842e+21 3.239431e+42
6.480000e-15 -1.776064e+21 3.154402e+42
6.495000e-15 -1.748700e+21 3.057951e+42
6.510000e-15 -1.717822e+21 2.950914e+42
6.525000e-15 -1.683510e+21 2.834207e+42
6.540000e-15 -1.645849e+21 2.708818e+42
6.555000e-15 -1.604931e+21 2.575802e+42
6.570000e-15 -1.560854e+21 2.436266e+42
6.585000e-15 -1.513724e+21 2.291362e+42
6.600000e-15 -1.463652e+21 2.142278e+42
6.615000e-15 -1.410754e+21 1.990228e+42
6.630000e-15 -1.355152e+21 1.836438e+42
6.645000e-15 -1.296973e+21 1.682140e+42
6.660000e-15 -1.236349e+21 1.528560e+42
6.675000e-15 -1.173417e+21 1.376908e+42
6.690000e-15 -1.108318e+21 1.228368e+42
6.705000e-15 -1.041195e+21 1.084087e+42
6.720000e-15 -9.721982e+20 9.451693e+41
6.735000e-15 -9.014788e+20 8.126640e+41
6.750000e-15 -8.291916e+20 6.875587e+41
6.765000e-15 -7.554940e+20 5.707711e+41
6.780000e-15 -6.805457e+20 4.631424e+41
6.795000e-15 -6.045084e+20 3.654304e+41
6.810000e-15 -5.275455e+20 2.783043e+41
6.825000e-15 -4.498216e+20 2.023395e+41
6.840000e-15 -3.715023e+20 1.380140e+41
6.855000e-15 -2.927537e+20 8.570474e+40
6.870000e-15 -2.137422e+20 4.568572e+40
6.885000e-15 -1.346340e+20 1.812631e+40
6.900000e-15 -5.559492e+19 3.090795e+39
6.915000e-15 2.321001e+19 5.387046e+38
6.930000e-15 1.016170e+20 1.032601e+40
6.945000e-15 1.794636e+20 3.220720e+40
6.960000e-15 2.565895e+20 6.583815e+40
6.975000e-15 3.328361e+20 1.107798e+41
6.990000e-15 4.080476e+20 1.665028e+41
7.005000e-15 4.820709e+20 2.323923e+41
7.020000e-15 5.547559e+20 3.077541e+41
7.035000e-15 6.259562e+20 3.918212e+41
7.050000e-15 6.955288e+20 4.837603e+41
7.065000e-15 7.633347e+20 5.826799e+41
7.080000e-15 8.292394e+20 6.876379e+41
7.095000e-15 8.931126e+20 7.976501e+41
7.110000e-15 9.548291e+20 9.116985e+41
7.125000e-15 1.014268e+21 1.028740e+42
7.140000e-15 1.071316e+21 1.147717e+42
7.155000e-15 1.125861e+21 1.267563e+42
7.170000e-15 1.177800e+21 1.387214e+42
7.185000e-15 1.227036e+21 1.505617e+42
7.200000e-15 1.273476e+21 1.621741e+42
7.215000e-15 1.317034e+21 1.734579e+42
7.230000e-15 1.357631e+21 1.843162e+42
7.245000e-15 1.395194e+21 1.946567e+42
7.260000e-15 1.429657e+21 2.043920e+42
7.275000e-15 1.460961e+21 2.134407e+42
7.290000e-15 1.489052e+21 2.217276e+42
7.305000e-15 1.513885e+21 2.291848e+42
7.320000e-15 1.535421e+21 2.357519e+42
7.335000e-15 1.553629e+21 2.413764e+42
7.350000e-15 1.568484e+21 2.460143e+42
7.365000e-15 1.579969e+21 2.496303e+42
7.380000e-15 1.588073e+21 2.521977e+42
7.395000e-15 1.592794e+21 2.536992e+42
7.410000e-15 1.594134e+21 2.541264e+42
7.425000e-15 1.592106e+21 2.534801e+42
7.440000e-15 1.586726e+21 2.517700e+42
7.455000e-15 1.578021e+21 2.490149e+42
7.470000e-15 1.566021e+21 2.452422e+42
7.485000e-15 1.550765e+21 2.404873e+42
7.500000e-15 1.532299e+21 2.347941e+42
7.515000e-15 1.510675e+21 2.282138e+42
7.530000e-15 1.485949e+21 2.208045e+42
7.545000e-15 1.458188e+21 2.126311e+42
7.560000e-15 1.427461e+21 2.037644e+42
7.575000e-15 1.393844e+21 1.942802e+42
7.590000e-15 1.357421e+21 1.842591e+42
7.605000e-15 1.318278e+21 1.737858e+42
7.620000e-15 1.276510e+21 1.629477e+42
7.635000e-15 1.232213e+21 1.518350e+42
7.650000e-15 1.185492e+21 1.405392e+42
7.665000e-15 1.136454e+21 1.291528e+42
7.680000e-15 1.085212e+21 1.177684e+42
7.695000e-15 1.031881e+21 1.064779e+42
7.710000e-15 9.765827e+20 9.537139e+41
7.725000e-15 9.194408e+20 8.453714e+41
7.740000e-15 8.605826e+20 7.406024e+41
7.755000e-15 8.001388e+20 6.402221e+41
7.770000e-15 7.382427e+20 5.450023e+41
7.785000e-15 6.750302e+20 4.556658e+41
7.800000e-15 6.106396e+20 3.728807e+41
7.815000e-15 5.452109e+20 2.972549e+41
7.830000e-15 4.788859e+20 2.293317e+41
7.845000e-15 4.118077e+20 1.695856e+41
7.860000e-15 3.441205e+20 1.184189e+41
7.875000e-15 2.759693e+20 7.615904e+40
7.890000e-15 2.074993e+20 4.305596e+40
7.905000e-15 1.388561e+20 1.928102e+40
7.920000e-15 7.018502e+19 4.925938e+39
7.935000e-15 1.630917e+18 2.659890e+36
7.950000e-15 -6.666212e+19 4.443838e+39
7.965000e-15 -1.345511e+20 1.810399e+40
7.980000e-15 -2.018942e+20 4.076127e+40
7.995000e-15 -2.685516e+20 7.211994e+40
8.010000e-15 -3.343850e+20 1.118133e+41
8.025000e-15 -3.992587e+20 1.594075e+41
8.040000e-15 -4.630393e+20 2.144054e+41
8.055000e-15 -5.255961e+20 2.762512e+41
8.070000e-15 -5.868015e+20 3.443359e+41
8.085000e-15 -6.465312e+20 4.180025e+41
8.100000e-15 -7.046644e+20 4.965519e+41
8.115000e-15 -7.610840e+20 5.792489e+41
8.130000e-15 -8.156771e+20 6.653292e+41
8.145000e-15 -8.683349e+20 7.540054e+41
8.160000e-15 -9.189528e+20 8.444743e+41
8.175000e-15 -9.674313e+20 9.359233e+41
8.190000e-15 -1.013675e+21 1.027538e+42
8.205000e-15 -1.057595e+21 1.118507e+42
8.220000e-15 -1.099106e+21 1.208033e+42
8.235000e-15 -1.138128e+21 1.295335e+42
8.250000e-15 -1.174588e+21 1.379656e+42
8.265000e-15 -1.208417e+21 1.460272e+42
8.280000e-15 -1.239553e+21 1.536493e+42
8.295000e-15 -1.267940e+21 1.607672e+42
8.310000e-15 -1.293526e+21 1.673210e+42
8.325000e-15 -1.316267e+21 1.732560e+42
8.340000e-15 -1.336125e+21 1.785231e+42
8.355000e-15 -1.353067e+21 1.830791e+42
8.370000e-15 -1.367068e+21 1.868874e+42
8.385000e-15 -1.378106e+21 1.899177e+42
8.400000e-15 -1.386170e+21 1.921468e+42
8.415000e-15 -1.391252e+21 1.935582e+42
8.430000e-15 -1.393351e+21 1.941426e+42
8.445000e-15 -1.392472e+21 1.938978e+42
8.460000e-15 -1.388628e+21 1.928286e+42
8.475000e-15 -1.381835e+21 1.909469e+42
8.490000e-15 -1.372119e+21 1.882711e+42
8.505000e-15 -1.359510e+21 1.848267e+42
8.520000e-15 -1.344043e+21 1.806451e+42
8.535000e-15 -1.325761e+21 1.757642e+42
8.550000e-15 -1.304712e+21 1.702273e+42
8.565000e-15 -1.280949e+21 1.640831e+42
8.580000e-15 -1.254533e+21 1.573852e+42
8.595000e-15 -1.225527e+21 1.501915e+42
8.610000e-15 -1.194001e+21 1.425638e+42
8.625000e-15 -1.160031e+21 1.345671e+42
8.640000e-15 -1.123696e+21 1.262693e+42
8.655000e-15 -1.085082e+21 1.177403e+42
8.670000e-15 -1.044278e+21 1.090516e+42
8.685000e-15 -1.001378e+21 1.002757e+42
8.700000e-15 -9.564788e+20 9.148517e+41
8.715000e-15 -9.096836e+20 8.275243e+41
8.730000e-15 -8.610977e+20 7.414893e+41
8.745000e-15 -8.108302e+20 6.574457e+41
8.760000e-15 -7.589936e+20 5.760712e+41
8.775000e-15 -7.057031e+20 4.980169e+41
8.790000e-15 -6.510771e+20 4.239014e+41
8.805000e-15 -5.952363e+20 3.543062e+41
8.820000e-15 -5.383034e+20 2.897706e+41
8.835000e-15 -4.804036e+20 2.307876e+41
8.850000e-15 -4.216633e+20 1.777999e+41
8.865000e-15 -3.622106e+20 1.311965e+41
8.880000e-15 -3.021748e+20 9.130959e+40
8.895000e-15 -2.416859e+20 5.841206e+40
8.910000e-15 -1.808746e+20 3.271562e+40
8.925000e-15 -1.198720e+20 1.436929e+40
8.940000e-15 -5.880907e+19 3.458507e+39
8.955000e-15 2.183266e+18 4.766650e+36
8.970000e-15 6.297472e+19 3.965815e+39
8.985000e-15 1.234357e+20 1.523638e+40
9.000000e-15 1.834379e+20 3.364945e+40
9.015000e-15 2.428539e+20 5.897802e+40
9.030000e-15 3.015583e+20 9.093743e+40
9.045000e-15 3.594274e+20 1.291881e+41
9.060000e-15 4.163397e+20 1.733387e+41
9.075000e-15 4.721759e+20 2.229500e+41
9.090000e-15 5.268194e+20 2.775387e+41
9.105000e-15 5.801566e+20 3.365817e+41
9.120000e-15 6.320768e+20 3.995211e+41
9.135000e-15 6.824729e+20 4.657693e+41
9.150000e-15 7.312411e+20 5.347135e+41
9.165000e-15 7.782814e+20 6.057219e+41
9.180000e-15 8.234979e+20 6.781487e+41
9.195000e-15 8.667987e+20 7.513400e+41
9.210000e-15 9.080965e+20 8.246393e+41
9.225000e-15 9.473084e+20 8.973932e+41
9.240000e-15 9.843561e+20 9.689569e+41
9.255000e-15 1.019166e+21 1.038700e+42
9.270000e-15 1.051671e+21 1.106011e+42
9.285000e-15 1.081806e+21 1.170304e+42
9.300000e-15 1.109514e+21 1.231021e+42
9.315000e-15 1.134743e+21 1.287641e+42
9.330000e-15 1.157444e+21 1.339678e+42
9.345000e-15 1.177578e+21 1.386690e+42
9.360000e-15 1.195108e+21 1.428283e+42
9.375000e-15 1.210003e+21 1.464107e+42
9.390000e-15 1.222239e+21 1.493869e+42
9.405000e-15 1.231799e+21 1.517328e+42
9.420000e-15 1.238667e+21 1.534297e+42
9.435000e-15 1.242839e+21 1.544649e+42
9.450000e-15 1.244312e+21 1.548313e+42
9.465000e-15 1.243092e+21 1.545277e+42
9.480000e-15 1.239188e+21 1.535587e+42
9.495000e-15 1.232617e+21 1.519345e+42
9.510000e-15 1.223401e+21 1.496710e+42
9.525000e-15 1.211568e+21 1.467896e+42
9.540000e-15 1.197150e+21 1.433168e+42
9.555000e-15 1.180186e+21 1.392840e+42
9.570000e-15 1.160721e+21 1.347273e+42
9.585000e-15 1.138803e+21 1.296873e+42
9.600000e-15 1.114488e+21 1.242084e+42
9.615000e-15 1.087834e+21 1.183384e+42
9.630000e-15 1.058907e+21 1.121284e+42
9.645000e-15 1.027775e+21 1.056321e+42
9.660000e-15 9.945114e+20 9.890530e+41
9.675000e-15 9.591955e+20 9.200560e+41
9.690000e-15 9.219092e+20 8.499165e+41
9.705000e-15 8.827389e+20 7.792279e+41
9.720000e-15 8.417749e+20 7.085850e+41
9.735000e-15 7.991112e+20 6.385787e+41
9.750000e-15 7.548450e+20 5.697910e+41
9.765000e-15 7.090769e+20 5.027900e+41
9.780000e-15 6.619104e+20 4.381253e+41
9.795000e-15 6.134517e+20 3.763230e+41
9.810000e-15 5.638096e+20 3.178813e+41
9.825000e-15 5.130952e+20 2.632667e+41
9.840000e-15 4.614214e+20 2.129097e+41
9.855000e-15 4.089030e+20 1.672016e+41
9.870000e-15 3.556564e+20 1.264914e+41
9.885000e-15 3.017991e+20 9.108267e+40
9.900000e-15 2.474496e+20 6.123131e+40
9.915000e-15 1.927273e+20 3.714383e+40
9.930000e-15 1.377520e+20 1.897561e+40
9.945000e-15 8.264354e+19 6.829955e+39
9.960000e-15 2.752191e+19 7.574556e+38
9.975000e-15 -2.749328e+19 7.558804e+38
9.990000e-15 -8.228299e+19 6.770490e+39
1.000500e-14 -1.367290e+20 1.869482e+40
1.002000e-14 -1.907142e+20 3.637189e+40
1.003500e-14 -2.441227e+20 5.959590e+40
1.005000e-14 -2.968404e+20 8.811422e+40
1.006500e-14 -3.487548e+20 1.216299e+41
1.008000e-14 -3.997557e+20 1.598046e+41
1.009500e-14 -4.497350e+20 2.022616e+41
1.011000e-14 -4.985872e+20 2.485892e+41
1.012500e-14 -5.462095e+20 2.983448e+41
1.014000e-14 -5.925022e+20 3.510589e+41
1.015500e-14 -6.373687e+20 4.062389e+41
1.017000e-14 -6.807158e+20 4.633740e+41
1.018500e-14 -7.224537e+20 5.219394e+41
1.020000e-14 -7.624967e+20 5.814012e+41
1.021500e-14 -8.007626e+20 6.412207e+41
1.023000e-14 -8.371737e+20 7.008598e+41
1.024500e-14 -8.716563e+20 7.597847e+41
1.026000e-14 -9.041412e+20 8.174712e+41
1.027500e-14 -9.345637e+20 8.734093e+41
1.029000e-14 -9.628638e+20 9.271067e+41
1.030500e-14 -9.889863e+20 9.780939e+41
1.032000e-14 -1.012881e+21 1.025928e+42
1.033500e-14 -1.034502e+21 1.070195e+42
1.035000e-14 -1.053810e+21 1.110515e+42
1.036500e-14 -1.070769e+21 1.146546e+42
1.038000e-14 -1.085349e+21 1.177983e+42
1.039500e-14 -1.097526e+21 1.204564e+42
1.041000e-14 -1.107281e+21 1.226070e+42
1.042500e-14 -1.114598e+21 1.242329e+42
1.044000e-14 -1.119470e+21 1.253214e+42
1.045500e-14 -1.121893e+21 1.258645e+42
1.047000e-14 -1.121870e+21 1.258591e+42
1.048500e-14 -1.119406e+21 1.253070e+42
1.050000e-14 -1.114515e+21 1.242144e+42
1.051500e-14 -1.107215e+21 1.225925e+42
1.053000e-14 -1.097528e+21 1.204568e+42
1.054500e-14 -1.085483e+21 1.178273e+42
1.056000e-14 -1.071112e+21 1.147280e+42
1.057500e-14 -1.054453e+21 1.111872e+42
1.059000e-14 -1.035550e+21 1.072365e+42
1.060500e-14 -1.014451e+21 1.029110e+42
1.062000e-14 -9.912059e+20 9.824891e+41
1.063500e-14 -9.658733e+20 9.329112e+41
1.065000e-14 -9.385138e+20 8.808081e+41
1.066500e-14 -9.091927e+20 8.266314e+41
1.068000e-14 -8.779795e+20 7.708480e+41
1.069500e-14 -8.449474e+20 7.139361e+41
1.071000e-14 -8.101734e+20 6.563810e+41
1.072500e-14 -7.737381e+20 5.986707e+41
1.074000e-14 -7.357255e+20 5.412921e+41
1.075500e-14 -6.962227e+20 4.847260e+41
1.077000e-14 -6.553197e+20 4.294438e+41
1.078500e-14 -6.131093e+20 3.759031e+41
1.080000e-14 -5.696872e+20 3.245435e+41
1.081500e-14 -5.251509e+20 2.757835e+41
1.083000e-14 -4.796004e+20 2.300166e+41
1.084500e-14 -4.331376e+20 1.876082e+41
1.086000e-14 -3.858659e+20 1.488925e+41
1.087500e-14 -3.378903e+20 1.141698e+41
1.089000e-14 -2.893169e+20 8.370425e+40
1.090500e-14 -2.402529e+20 5.772144e+40
1.092000e-14 -1.908062e+20 3.640701e+40
1.093500e-14 -1.410853e+20 1.990506e+40
1.095000e-14 -9.119884e+19 8.317229e+39
1.096500e-14 -4.125564e+19 1.702028e+39
1.098000e-14 8.635757e+18 7.457629e+37
1.099500e-14 5.836718e+19 3.406727e+39
1.101000e-14 1.078311e+20 1.162755e+40
1.102500e-14 1.569210e+20 2.462419e+40
1.104000e-14 2.055312e+20 4.224309e+40
1.105500e-14 2.535577e+20 6.429152e+40
1.107000e-14 3.008978e+20 9.053950e+40
1.108500e-14 3.474507e+20 1.207220e+41
1.110000e-14 3.931175e+20 1.545414e+41
1.111500e-14 4.378015e+20 1.916702e+41
1.113000e-14 4.814086e+20 2.317542e+41
1.114500e-14 5.238470e+20 2.744156e+41
1.116000e-14 5.650278e+20 3.192564e+41
1.117500e-14 6.048651e+20 3.658618e+41
1.119000e-14 6.432762e+20 4.138042e+41
1.120500e-14 6.801815e+20 4.626468e+41
1.122000e-14 7.155051e+20 5.119475e+41
1.123500e-14 7.491746e+20 5.612626e+41
1.125000e-14 7.811215e+20 6.101508e+41
1.126500e-14 8.112810e+20 6.581769e+41
1.128000e-14 8.395926e+20 7.049157e+41
1.129500e-14 8.659997e+20 7.499554e+41
1.131000e-14 8.904501e+20 7.929015e+41
1.132500e-14 9.128962e+20 8.333794e+41
1.134000e-14 9.332943e+20 8.710383e+41
1.135500e-14 9.516059e+20 9.055537e+41
1.137000e-14 9.677965e+20 9.366302e+41
1.138500e-14 9.818369e+20 9.640036e+41
1.140000e-14 9.937020e+20 9.874436e+41
1.141500e-14 1.003372e+21 1.006755e+42
1.143000e-14 1.010831e+21 1.021780e+42
1.144500e-14 1.016070e+21 1.032399e+42
1.146000e-14 1.019082e+21 1.038529e+42
1.147500e-14 1.019868e+21 1.040130e+42
1.149000e-14 1.018430e+21 1.037199e+42
1.150500e-14 1.014778e+21 1.029774e+42
1.152000e-14 1.008925e+21 1.017930e+42
1.153500e-14 1.000890e+21 1.001781e+42
1.155000e-14 9.906964e+20 9.814794e+41
1.156500e-14 9.783711e+20 9.572100e+41
1.158000e-14 9.639465e+20 9.291929e+41
1.159500e-14 9.474594e+20 8.976793e+41
1.161000e-14 9.289507e+20 8.629494e+41
1.162500e-14 9.084658e+20 8.253102e+41
1.164000e-14 8.860542e+20 7.850920e+41
1.165500e-14 8.617694e+20 7.426464e+41
1.167000e-14 8.356688e+20 6.983423e+41
1.168500e-14 8.078137e+20 6.525630e+41
1.170000e-14 7.782690e+20 6.057026e+41
1.171500e-14 7.471031e+20 5.581631e+41
1.173000e-14 7.143878e+20 5.103499e+41
1.174500e-14 6.801979e+20 4.626692e+41
1.176000e-14 6.446114e+20 4.155239e+41
1.177500e-14 6.077092e+20 3.693105e+41
1.179000e-14 5.695746e+20 3.244153e+41
1.180500e-14 5.302936e+20 2.812114e+41
1.182000e-14 4.899545e+20 2.400554e+41
1.183500e-14 4.486473e+20 2.012844e+41
1.185000e-14 4.064645e+20 1.652134e+41
1.186500e-14 3.634998e+20 1.321321e+41
1.188000e-14 3.198486e+20 1.023031e+41
1.189500e-14 2.756075e+20 7.595950e+40
1.191000e-14 2.308742e+20 5.330289e+40
1.192500e-14 1.857472e+20 3.450202e+40
1.194000e-14 1.403256e+20 1.969129e+40
1.195500e-14 9.470915e+19 8.969822e+39
1.197000e-14 4.899745e+19 2.400750e+39
1.198500e-14 3.290309e+18 1.082613e+37
1.200000e-14 -4.231275e+19 1.790369e+39
1.201500e-14 -8.771266e+19 7.693510e+39
1.203000e-14 -1.328110e+20 1.763876e+40
1.204500e-14 -1.775102e+20 3.150988e+40
1.206000e-14 -2.217139e+20 4.915705e+40
1.207500e-14 -2.653268e+20 7.039832e+40
1.209000e-14 -3.082553e+20 9.502134e+40
1.210500e-14 -3.504074e+20 1.227853e+41
1.212000e-14 -3.916930e+20 1.534234e+41
1.213500e-14 -4.320240e+20 1.866447e+41
1.215000e-14 -4.713147e+20 2.221376e+41
1.216500e-14 -5.094818e+20 2.595717e+41
1.218000e-14 -5.464447e+20 2.986018e+41
1.219500e-14 -5.821253e+20 3.388698e+41
1.221000e-14 -6.164488e+20 3.800091e+41
1.222500e-14 -6.493433e+20 4.216467e+41
1.224000e-14 -6.807403e+20 4.634073e+41
1.225500e-14 -7.105746e+20 5.049162e+41
1.227000e-14 -7.387846e+20 5.458027e+41
1.228500e-14 -7.653123e+20 5.857030e+41
1.230000e-14 -7.901037e+20 6.242638e+41
1.231500e-14 -8.131083e+20 6.611452e+41
1.233000e-14 -8.342800e+20 6.960232e+41
1.234500e-14 -8.535766e+20 7.285931e+41
1.236000e-14 -8.709601e+20 7.585715e+41
1.237500e-14 -8.863968e+20 7.856992e+41
1.239000e-14 -8.998571e+20 8.097428e+41
1.240500e-14 -9.113161e+20 8.304971e+41
1.242000e-14 -9.207532e+20 8.477865e+41
1.243500e-14 -9.281521e+20 8.614664e+41
1.245000e-14 -9.335012e+20 8.714245e+41
1.246500e-14 -9.367933e+20 8.775816e+41
1.248000e-14 -9.380256e+20 8.798921e+41
1.249500e-14 -9.372001e+20 8.783441e+41
1.251000e-14 -9.343230e+20 8.729595e+41
1.252500e-14 -9.294052e+20 8.637939e+41
1.254000e-14 -9.224617e+20 8.509357e+41
1.255500e-14 -9.135124e+20 8.345049e+41
1.257000e-14 -9.025811e+20 8.146526e+41
1.258500e-14 -8.896961e+20 7.915592e+41
1.260000e-14 -8.748899e+20 7.654324e+41
1.261500e-14 -8.581991e+20 7.365057e+41
1.263000e-14 -8.396644e+20 7.050363e+41
1.264500e-14 -8.193304e+20 6.713023e+41
1.266000e-14 -7.972455e+20 6.356004e+41
1.267500e-14 -7.734620e+20 5.982435e+41
1.269000e-14 -7.480357e+20 5.595574e+41
1.270500e-14 -7.210259e+20 5.198783e+41
1.272000e-14 -6.924952e+20 4.795496e+41
1.273500e-14 -6.625096e+20 4.389189e+41
1.275000e-14 -6.311379e+20 3.983350e+41
1.276500e-14 -5.984519e+20 3.581447e+41
1.278000e-14 -5.645262e+20 3.186899e+41
1.279500e-14 -5.294380e+20 2.803046e+41
1.281000e-14 -4.932667e+20 2.433121e+41
1.282500e-14 -4.560941e+20 2.080218e+41
1.284000e-14 -4.180039e+20 1.747272e+41
1.285500e-14 -3.790817e+20 1.437029e+41
1.287000e-14 -3.394148e+20 1.152024e+41
1.288500e-14 -2.990918e+20 8.945592e+40
1.290000e-14 -2.582028e+20 6.666870e+40
1.291500e-14 -2.168388e+20 4.701906e+40
1.293000e-14 -1.750916e+20 3.065706e+40
1.294500e-14 -1.330538e+20 1.770330e+40
1.296000e-14 -9.081827e+19 8.247959e+39
1.297500e-14 -4.847836e+19 2.350152e+39
1.299000e-14 -6.127272e+18 3.754347e+37
1.300500e-14 3.614191e+19 1.306237e+39
1.302000e-14 7.823646e+19 6.120944e+39
1.303500e-14 1.200643e+20 1.441543e+40
1.305000e-14 1.615339e+20 2.609321e+40
1.306500e-14 2.025551e+20 4.102858e+40
1.308000e-14 2.430386e+20 5.906777e+40
1.309500e-14 2.828966e+20 8.003048e+40
1.311000e-14 3.220428e+20 1.037115e+41
1.312500e-14 3.603926e+20 1.298828e+41
1.314000e-14 3.978635e+20 1.582954e+41
1.315500e-14 4.343751e+20 1.886817e+41
1.317000e-14 4.698490e+20 2.207581e+41
1.318500e-14 5.042096e+20 2.542273e+41
1.320000e-14 5.373837e+20 2.887813e+41
1.321500e-14 5.693010e+20 3.241036e+41
1.323000e-14 5.998939e+20 3.598727e+41
1.324500e-14 6.290982e+20 3.957645e+41
1.326000e-14 6.568525e+20 4.314552e+41
1.327500e-14 6.830991e+20 4.666244e+41
1.329000e-14 7.077835e+20 5.009574e+41
1.330500e-14 7.308548e+20 5.341487e+41
1.332000e-14 7.522658e+20 5.659039e+41
1.333500e-14 7.719732e+20 5.959426e+41
1.335000e-14 7.899372e+20 6.240008e+41
1.336500e-14 8.061222e+20 6.498330e+41
1.338000e-14 8.204966e+20 6.732146e+41
1.339500e-14 8.330327e+20 6.939434e+41
1.341000e-14 8.437070e+20 7.118414e+41
1.342500e-14 8.525001e+20 7.267565e+41
1.344000e-14 8.593970e+20 7.385631e+41
1.345500e-14 8.643865e+20 7.471641e+41
1.347000e-14 8.674621e+20 7.524905e+41
1.348500e-14 8.686212e+20 7.545028e+41
1.350000e-14 8.678655e+20 7.531906e+41
1.351500e-14 8.652010e+20 7.485728e+41
1.353000e-14 8.606379e+20 7.406975e+41
1.354500e-14 8.541903e+20 7.296410e+41
1.356000e-14 8.458767e+20 7.155075e+41
1.357500e-14 8.357197e+20 6.984274e+41
1.359000e-14 8.237457e+20 6.785570e+41
1.360500e-14 8.099851e+20 6.560759e+41
1.362000e-14 7.944723e+20 6.311862e+41
1.363500e-14 7.772453e+20 6.041103e+41
1.365000e-14 7.583460e+20 5.750886e+41
1.366500e-14 7.378196e+20 5.443778e+41
1.368000e-14 7.157151e+20 5.122481e+41
1.369500e-14 6.920846e+20 4.789811e+41
1.371000e-14 6.669836e+20 4.448672e+41
1.372500e-14 6.404708e+20 4.102028e+41
1.374000e-14 6.126075e+20 3.752879e+41
1.375500e-14 5.834582e+20 3.404235e+41
1.377000e-14 5.530900e+20 3.059085e+41
1.378500e-14 5.215724e+20 2.720378e+41
1.380000e-14 4.889774e+20 2.390989e+41
1.381500e-14 4.553793e+20 2.073703e+41
1.383000e-14 4.208541e+20 1.771181e+41
1.384500e-14 3.854799e+20 1.485948e+41
1.386000e-14 3.493366e+20 1.220361e+41
1.387500e-14 3.125054e+20 9.765962e+40
1.389000e-14 2.750689e+20 7.566289e+40
1.390500e-14 2.371108e+20 5.622153e+40
1.392000e-14 1.987158e+20 3.948798e+40
1.393500e-14 1.599695e+20 2.559023e+40
1.395000e-14 1.209577e+20 1.463078e+40
1.396500e-14 8.176707e+19 6.685854e+39
1.398000e-14 4.248407e+19 1.804896e+39
1.399500e-14 3.195365e+18 1.021036e+37
1.401000e-14 -3.601261e+19 1.296908e+39
1.402500e-14 -7.505381e+19 5.633074e+39
1.404000e-14 -1.138427e+20 1.296017e+40
1.405500e-14 -1.522946e+20 2.319365e+40
1.407000e-14 -1.903257e+20 3.622388e+40
1.408500e-14 -2.278533e+20 5.191712e+40
1.410000e-14 -2.647960e+20 7.011690e+40
1.411500e-14 -3.010738e+20 9.064544e+40
1.413000e-14 -3.366086e+20 1.133053e+41
1.414500e-14 -3.713238e+20 1.378814e+41
1.416000e-14 -4.051450e+20 1.641425e+41
1.417500e-14 -4.379998e+20 1.918438e+41
1.419000e-14 -4.698182e+20 2.207291e+41
1.420500e-14 -5.005325e+20 2.505328e+41
1.422000e-14 -5.300777e+20 2.809823e+41
1.423500e-14 -5.583914e+20 3.118010e+41
1.425000e-14 -5.854142e+20 3.427098e+41
1.426500e-14 -6.110896e+20 3.734305e+41
1.428000e-14 -6.353641e+20 4.036876e+41
1.429500e-14 -6.581875e+20 4.332108e+41
1.431000e-14 -6.795129e+20 4.617378e+41
1.432500e-14 -6.992967e+20 4.890158e+41
1.434000e-14 -7.174988e+20 5.148045e+41
1.435500e-14 -7.340828e+20 5.388776e+41
1.437000e-14 -7.490158e+20 5.610247e+41
1.438500e-14 -7.622686e+20 5.810534e+41
1.440000e-14 -7.738158e+20 5.987909e+41
1.441500e-14 -7.836358e+20 6.140850e+41
1.443000e-14 -7.917107e+20 6.268058e+41
1.444500e-14 -7.980267e+20 6.368466e+41
1.446000e-14 -8.025737e+20 6.441245e+41
1.447500e-14 -8.053455e+20 6.485814e+41
1.449000e-14 -8.063400e+20 6.501842e+41
1.450500e-14 -8.055588e+20 6.489250e+41
1.452000e-14 -8.030074e+20 6.448209e+41
1.453500e-14 -7.986953e+20 6.379143e+41
1.455000e-14 -7.926358e+20 6.282715e+41
1.456500e-14 -7.848458e+20 6.159829e+41
1.458000e-14 -7.753462e+20 6.011617e+41
1.459500e-14 -7.641615e+20 5.839428e+41
1.461000e-14 -7.513198e+20 5.644815e+41
1.462500e-14 -7.368529e+20 5.429522e+41
1.464000e-14 -7.207960e+20 5.195469e+41
1.465500e-14 -7.031877e+20 4.944729e+41
1.467000e-14 -6.840698e+20 4.679515e+41
1.468500e-14 -6.634876e+20 4.402158e+41
1.470000e-14 -6.414893e+20 4.115086e+41
1.471500e-14 -6.181262e+20 3.820800e+41
1.473000e-14 -5.934523e+20 3.521857e+41
1.474500e-14 -5.675247e+20 3.220842e+41
1.476000e-14 -5.404027e+20 2.920350e+41
1.477500e-14 -5.121484e+20 2.622959e+41
1.479000e-14 -4.828261e+20 2.331210e+41
1.480500e-14 -4.525024e+20 2.047584e+41
1.482000e-14 -4.212460e+20 1.774482e+41
1.483500e-14 -3.891272e+20 1.514200e+41
1.485000e-14 -3.562185e+20 1.268916e+41
1.486500e-14 -3.225935e+20 1.040666e+41
1.488000e-14 -2.883277e+20 8.313284e+40
1.489500e-14 -2.534974e+20 6.426092e+40
1.491000e-14 -2.181802e+20 4.760261e+40
1.492500e-14 -1.824548e+20 3.328974e+40
1.494000e-14 -1.464002e+20 2.143301e+40
1.495500e-14 -1.100963e+20 1.212119e+40
1.497000e-14 -7.362324e+19 5.420382e+39
1.498500e-14 -3.706149e+19 1.373554e+39
