0.000000e+00 nan nan
1.500000e-17 -8.299566e+07 6.888280e+15
3.000000e-17 -1.061970e+10 1.127781e+20
4.500000e-17 -1.813410e+11 3.288458e+22
6.000000e-17 -1.357407e+12 1.842555e+24
7.500000e-17 -6.465783e+12 4.180635e+25
9.000000e-17 -2.313815e+13 5.353740e+26
1.050000e-16 -6.796618e+13 4.619401e+27
1.200000e-16 -1.727710e+14 2.984983e+28
1.350000e-16 -3.932520e+14 1.546471e+29
1.500000e-16 -8.203579e+14 6.729870e+29
1.650000e-16 -1.594703e+15 2.543078e+30
1.800000e-16 -2.924321e+15 8.551656e+30
1.950000e-16 -5.106022e+15 2.607146e+31
2.100000e-16 -8.550585e+15 7.311250e+31
2.250000e-16 -1.381199e+16 1.907709e+32
2.400000e-16 -2.162082e+16 4.674599e+32
2.550000e-16 -3.292206e+16 1.083862e+33
2.700000e-16 -4.891717e+16 2.392889e+33
2.850000e-16 -7.111075e+16 5.056739e+33
3.000000e-16 -1.013615e+17 1.027416e+34
3.150000e-16 -1.419378e+17 2.014634e+34
3.300000e-16 -1.955772e+17 3.825046e+34
3.450000e-16 -2.655506e+17 7.051714e+34
3.600000e-16 -3.557300e+17 1.265438e+35
3.750000e-16 -4.706600e+17 2.215208e+35
3.900000e-16 -6.156334e+17 3.790044e+35
4.050000e-16 -7.967689e+17 6.348407e+35
4.200000e-16 -1.021093e+18 1.042631e+36
4.350000e-16 -1.296623e+18 1.681230e+36
4.500000e-16 -1.632451e+18 2.664897e+36
4.650000e-16 -2.038836e+18 4.156851e+36
4.800000e-16 -2.527284e+18 6.387166e+36
4.950000e-16 -3.110645e+18 9.676112e+36
5.100000e-16 -3.803193e+18 1.446428e+37
5.250000e-16 -4.620720e+18 2.135105e+37
5.400000e-16 -5.580617e+18 3.114329e+37
5.550000e-16 -6.701962e+18 4.491630e+37
5.700000e-16 -8.005599e+18 6.408961e+37
5.850000e-16 -9.514215e+18 9.052028e+37
6.000000e-16 -1.125241e+19 1.266168e+38
6.150000e-16 -1.324679e+19 1.754774e+38
6.300000e-16 -1.552598e+19 2.410559e+38
6.450000e-16 -1.812072e+19 3.283606e+38
6.600000e-16 -2.106393e+19 4.436892e+38
6.750000e-16 -2.439070e+19 5.949061e+38
6.900000e-16 -2.813835e+19 7.917666e+38
7.050000e-16 -3.234647e+19 1.046294e+39
7.200000e-16 -3.705691e+19 1.373215e+39
7.350000e-16 -4.231380e+19 1.790458e+39
7.500000e-16 -4.816353e+19 2.319725e+39
7.650000e-16 -5.465473e+19 2.987140e+39
7.800000e-16 -6.183827e+19 3.823972e+39
7.950000e-16 -6.976719e+19 4.867460e+39
8.100000e-16 -7.849662e+19 6.161719e+39
8.250000e-16 -8.808377e+19 7.758751e+39
8.400000e-16 -9.858781e+19 9.719555e+39
8.550000e-16 -1.100698e+20 1.211535e+40
8.700000e-16 -1.225924e+20 1.502890e+40
8.850000e-16 -1.362202e+20 1.855595e+40
9.000000e-16 -1.510190e+20 2.280675e+40
9.150000e-16 -1.670562e+20 2.790776e+40
9.300000e-16 -1.844000e+20 3.400336e+40
9.450000e-16 -2.031199e+20 4.125771e+40
9.600000e-16 -2.232862e+20 4.985672e+40
9.750000e-16 -2.449695e+20 6.001004e+40
9.900000e-16 -2.682409e+20 7.195319e+40
1.005000e-15 -2.931718e+20 8.594969e+40
1.020000e-15 -3.198331e+20 1.022932e+41
1.035000e-15 -3.482956e+20 1.213098e+41
1.050000e-15 -3.786292e+20 1.433601e+41
1.065000e-15 -4.109031e+20 1.688414e+41
1.080000e-15 -4.451850e+20 1.981897e+41
1.095000e-15 -4.815412e+20 2.318819e+41
1.110000e-15 -5.200360e+20 2.704374e+41
1.125000e-15 -5.607316e+20 3.144199e+41
1.140000e-15 -6.036877e+20 3.644388e+41
1.155000e-15 -6.489611e+20 4.211505e+41
1.170000e-15 -6.966055e+20 4.852592e+41
1.185000e-15 -7.466710e+20 5.575176e+41
1.200000e-15 -7.992039e+20 6.387269e+41
1.215000e-15 -8.542463e+20 7.297368e+41
1.230000e-15 -9.118358e+20 8.314446e+41
1.245000e-15 -9.720052e+20 9.447940e+41
1.260000e-15 -1.034782e+21 1.070773e+42
1.275000e-15 -1.100188e+21 1.210413e+42
1.290000e-15 -1.168239e+21 1.364783e+42
1.305000e-15 -1.238947e+21 1.534989e+42
1.320000e-15 -1.312313e+21 1.722166e+42
1.335000e-15 -1.388336e+21 1.927476e+42
1.350000e-15 -1.467004e+21 2.152101e+42
1.365000e-15 -1.548301e+21 2.397237e+42
1.380000e-15 -1.632202e+21 2.664084e+42
1.395000e-15 -1.718674e+21 2.953840e+42
1.410000e-15 -1.807676e+21 3.267694e+42
1.425000e-15 -1.899161e+21 3.606811e+42
1.440000e-15 -1.993070e+21 3.972326e+42
1.455000e-15 -2.089338e+21 4.365332e+42
1.470000e-15 -2.187891e+21 4.786867e+42
1.485000e-15 -2.288647e+21 5.237904e+42
1.500000e-15 -2.391513e+21 5.719336e+42
1.515000e-15 -2.496390e+21 6.231965e+42
1.530000e-15 -2.603169e+21 6.776487e+42
1.545000e-15 -2.711730e+21 7.353480e+42
1.560000e-15 -2.821948e+21 7.963391e+42
1.575000e-15 -2.933687e+21 8.606519e+42
1.590000e-15 -3.046803e+21 9.283006e+42
1.605000e-15 -3.161142e+21 9.992820e+42
1.620000e-15 -3.276545e+21 1.073575e+43
1.635000e-15 -3.392841e+21 1.151137e+43
1.650000e-15 -3.509854e+21 1.231907e+43
1.665000e-15 -3.627398e+21 1.315802e+43
1.680000e-15 -3.745281e+21 1.402713e+43
1.695000e-15 -3.863305e+21 1.492512e+43
1.710000e-15 -3.981262e+21 1.585044e+43
1.725000e-15 -4.098939e+21 1.680130e+43
1.740000e-15 -4.216119e+21 1.777566e+43
1.755000e-15 -4.332577e+21 1.877122e+43
1.770000e-15 -4.448082e+21 1.978544e+43
1.785000e-15 -4.562403e+21 2.081552e+43
1.800000e-15 -4.675299e+21 2.185842e+43
1.815000e-15 -4.786529e+21 2.291086e+43
1.830000e-15 -4.895849e+21 2.396934e+43
1.845000e-15 -5.003010e+21 2.503011e+43
1.860000e-15 -5.107764e+21 2.608925e+43
1.875000e-15 -5.209859e+21 2.714263e+43
1.890000e-15 -5.309045e+21 2.818596e+43
1.905000e-15 -5.405070e+21 2.921479e+43
1.920000e-15 -5.497684e+21 3.022453e+43
1.935000e-15 -5.586638e+21 3.121052e+43
1.950000e-15 -5.671683e+21 3.216799e+43
1.965000e-15 -5.752576e+21 3.309213e+43
1.980000e-15 -5.829076e+21 3.397813e+43
1.995000e-15 -5.900945e+21 3.482116e+43
2.010000e-15 -5.967952e+21 3.561645e+43
2.025000e-15 -6.029870e+21 3.635933e+43
2.040000e-15 -6.086478e+21 3.704522e+43
2.055000e-15 -6.137564e+21 3.766969e+43
2.070000e-15 -6.182921e+21 3.822851e+43
2.085000e-15 -6.222351e+21 3.871765e+43
2.100000e-15 -6.255667e+21 3.913337e+43
2.115000e-15 -6.282689e+21 3.947219e+43
2.130000e-15 -6.303250e+21 3.973095e+43
2.145000e-15 -6.317190e+21 3.990689e+43
2.160000e-15 -6.324364e+21 3.999757e+43
2.175000e-15 -6.324637e+21 4.000103e+43
2.190000e-15 -6.317888e+21 3.991571e+43
2.205000e-15 -6.304009e+21 3.974053e+43
2.220000e-15 -6.282905e+21 3.947490e+43
2.235000e-15 -6.254495e+21 3.911871e+43
2.250000e-15 -6.218713e+21 3.867239e+43
2.265000e-15 -6.175507e+21 3.813688e+43
2.280000e-15 -6.124842e+21 3.751369e+43
2.295000e-15 -6.066697e+21 3.680482e+43
2.310000e-15 -6.001069e+21 3.601283e+43
2.325000e-15 -5.927968e+21 3.514080e+43
2.340000e-15 -5.847423e+21 3.419235e+43
2.355000e-15 -5.759478e+21 3.317159e+43
2.370000e-15 -5.664196e+21 3.208311e+43
2.385000e-15 -5.561653e+21 3.093198e+43
2.400000e-15 -5.451944e+21 2.972369e+43
2.415000e-15 -5.335181e+21 2.846416e+43
2.430000e-15 -5.211493e+21 2.715966e+43
2.445000e-15 -5.081023e+21 2.581679e+43
2.460000e-15 -4.943933e+21 2.444247e+43
2.475000e-15 -4.800400e+21 2.304384e+43
2.490000e-15 -4.650618e+21 2.162824e+43
2.505000e-15 -4.494794e+21 2.020318e+43
2.520000e-15 -4.333155e+21 1.877623e+43
2.535000e-15 -4.165938e+21 1.735504e+43
2.550000e-15 -3.993397e+21 1.594722e+43
2.565000e-15 -3.815800e+21 1.456033e+43
2.580000e-15 -3.633429e+21 1.320180e+43
2.595000e-15 -3.446577e+21 1.187889e+43
2.610000e-15 -3.255551e+21 1.059861e+43
2.625000e-15 -3.060669e+21 9.367696e+42
2.640000e-15 -2.862261e+21 8.192540e+42
2.655000e-15 -2.660667e+21 7.079148e+42
2.670000e-15 -2.456235e+21 6.033092e+42
2.685000e-15 -2.249325e+21 5.059462e+42
2.700000e-15 -2.040302e+21 4.162830e+42
2.715000e-15 -1.829539e+21 3.347213e+42
2.730000e-15 -1.617417e+21 2.616039e+42
2.745000e-15 -1.404322e+21 1.972119e+42
2.760000e-15 -1.190642e+21 1.417628e+42
2.775000e-15 -9.767717e+20 9.540830e+41
2.790000e-15 -7.631075e+20 5.823331e+41
2.805000e-15 -5.500475e+20 3.025523e+41
2.820000e-15 -3.379907e+20 1.142377e+41
2.835000e-15 -1.273360e+20 1.621445e+40
2.850000e-15 8.151883e+19 6.645320e+39
2.865000e-15 2.881779e+20 8.304652e+40
2.880000e-15 4.922486e+20 2.423087e+41
2.895000e-15 6.933420e+20 4.807231e+41
2.910000e-15 8.910744e+20 7.940137e+41
2.925000e-15 1.085068e+21 1.177373e+42
2.940000e-15 1.274952e+21 1.625502e+42
2.955000e-15 1.460362e+21 2.132657e+42
2.970000e-15 1.640945e+21 2.692700e+42
2.985000e-15 1.816355e+21 3.299145e+42
3.000000e-15 1.986258e+21 3.945220e+42
3.015000e-15 2.150330e+21 4.623921e+42
3.030000e-15 2.308262e+21 5.328072e+42
3.045000e-15 2.459753e+21 6.050387e+42
3.060000e-15 2.604521e+21 6.783532e+42
3.075000e-15 2.742295e+21 7.520184e+42
3.090000e-15 2.872821e+21 8.253099e+42
3.105000e-15 2.995858e+21 8.975166e+42
3.120000e-15 3.111185e+21 9.679473e+42
3.135000e-15 3.218596e+21 1.035936e+43
3.150000e-15 3.317902e+21 1.100847e+43
3.165000e-15 3.408934e+21 1.162083e+43
3.180000e-15 3.491539e+21 1.219084e+43
3.195000e-15 3.565585e+21 1.271339e+43
3.210000e-15 3.630957e+21 1.318385e+43
3.225000e-15 3.687563e+21 1.359812e+43
3.240000e-15 3.735326e+21 1.395266e+43
3.255000e-15 3.774193e+21 1.424453e+43
3.270000e-15 3.804129e+21 1.447140e+43
3.285000e-15 3.825120e+21 1.463154e+43
3.300000e-15 3.837172e+21 1.472389e+43
3.315000e-15 3.840310e+21 1.474798e+43
3.330000e-15 3.834582e+21 1.470402e+43
3.345000e-15 3.820054e+21 1.459281e+43
3.360000e-15 3.796812e+21 1.441578e+43
3.375000e-15 3.764962e+21 1.417494e+43
3.390000e-15 3.724631e+21 1.387287e+43
3.405000e-15 3.675961e+21 1.351269e+43
3.420000e-15 3.619117e+21 1.309801e+43
3.435000e-15 3.554281e+21 1.263291e+43
3.450000e-15 3.481652e+21 1.212190e+43
3.465000e-15 3.401447e+21 1.156984e+43
3.480000e-15 3.313900e+21 1.098193e+43
3.495000e-15 3.219261e+21 1.036364e+43
3.510000e-15 3.117796e+21 9.720654e+42
3.525000e-15 3.009786e+21 9.058814e+42
3.540000e-15 2.895526e+21 8.384072e+42
3.555000e-15 2.775324e+21 7.702425e+42
3.570000e-15 2.649502e+21 7.019860e+42
3.585000e-15 2.518392e+21 6.342300e+42
3.600000e-15 2.382340e+21 5.675544e+42
3.615000e-15 2.241700e+21 5.025217e+42
3.630000e-15 2.096835e+21 4.396716e+42
3.645000e-15 1.948118e+21 3.795163e+42
3.660000e-15 1.795929e+21 3.225361e+42
3.675000e-15 1.640655e+21 2.691748e+42
3.690000e-15 1.482687e+21 2.198361e+42
3.705000e-15 1.322423e+21 1.748802e+42
3.720000e-15 1.160262e+21 1.346209e+42
3.735000e-15 9.966085e+20 9.932285e+41
3.750000e-15 8.318662e+20 6.920014e+41
3.765000e-15 6.664409e+20 4.441435e+41
3.780000e-15 5.007377e+20 2.507382e+41
3.795000e-15 3.351603e+20 1.123324e+41
3.810000e-15 1.701101e+20 2.893746e+40
3.825000e-15 5.985556e+18 3.582688e+37
3.840000e-15 -1.568196e+20 2.459237e+40
3.855000e-15 -3.179164e+20 1.010709e+41
3.870000e-15 -4.769224e+20 2.274550e+41
3.885000e-15 -6.334620e+20 4.012741e+41
3.900000e-15 -7.871675e+20 6.196326e+41
3.915000e-15 -9.376801e+20 8.792440e+41
3.930000e-15 -1.084651e+21 1.176467e+42
3.945000e-15 -1.227741e+21 1.507348e+42
3.960000e-15 -1.366623e+21 1.867659e+42
3.975000e-15 -1.500983e+21 2.252949e+42
3.990000e-15 -1.630517e+21 2.658584e+42
4.005000e-15 -1.754936e+21 3.079801e+42
4.020000e-15 -1.873966e+21 3.511750e+42
4.035000e-15 -1.987348e+21 3.949551e+42
4.050000e-15 -2.094835e+21 4.388334e+42
4.065000e-15 -2.196200e+21 4.823296e+42
4.080000e-15 -2.291231e+21 5.249738e+42
4.095000e-15 -2.379731e+21 5.663118e+42
4.110000e-15 -2.461523e+21 6.059093e+42
4.125000e-15 -2.536445e+21 6.433556e+42
4.140000e-15 -2.604357e+21 6.782676e+42
4.155000e-15 -2.665133e+21 7.102934e+42
4.170000e-15 -2.718668e+21 7.391153e+42
4.185000e-15 -2.764873e+21 7.644525e+42
4.200000e-15 -2.803682e+21 7.860635e+42
4.215000e-15 -2.835045e+21 8.037480e+42
4.230000e-15 -2.858931e+21 8.173485e+42
4.245000e-15 -2.875328e+21 8.267510e+42
4.260000e-15 -2.884244e+21 8.318862e+42
4.275000e-15 -2.885704e+21 8.327290e+42
4.290000e-15 -2.879754e+21 8.292985e+42
4.305000e-15 -2.866457e+21 8.216575e+42
4.320000e-15 -2.845893e+21 8.099107e+42
4.335000e-15 -2.818162e+21 7.942036e+42
4.350000e-15 -2.783380e+21 7.747204e+42
4.365000e-15 -2.741681e+21 7.516817e+42
4.380000e-15 -2.693217e+21 7.253417e+42
4.395000e-15 -2.638153e+21 6.959852e+42
4.410000e-15 -2.576673e+21 6.639244e+42
4.425000e-15 -2.508975e+21 6.294953e+42
4.440000e-15 -2.435271e+21 5.930543e+42
4.455000e-15 -2.355788e+21 5.549738e+42
4.470000e-15 -2.270768e+21 5.156385e+42
4.485000e-15 -2.180462e+21 4.754415e+42
4.500000e-15 -2.085137e+21 4.347796e+42
4.515000e-15 -1.985069e+21 3.940500e+42
4.530000e-15 -1.880546e+21 3.536453e+42
4.545000e-15 -1.771865e+21 3.139504e+42
4.560000e-15 -1.659332e+21 2.753381e+42
4.575000e-15 -1.543261e+21 2.381656e+42
4.590000e-15 -1.423976e+21 2.027708e+42
4.605000e-15 -1.301804e+21 1.694695e+42
4.620000e-15 -1.177081e+21 1.385519e+42
4.635000e-15 -1.050144e+21 1.102802e+42
4.650000e-15 -9.213372e+20 8.488622e+41
4.665000e-15 -7.910068e+20 6.256918e+41
4.680000e-15 -6.595011e+20 4.349418e+41
4.695000e-15 -5.271697e+20 2.779079e+41
4.710000e-15 -3.943626e+20 1.555219e+41
4.725000e-15 -2.614291e+20 6.834519e+40
4.740000e-15 -1.287174e+20 1.656817e+40
4.755000e-15 3.426828e+18 1.174315e+37
4.770000e-15 1.346610e+20 1.813360e+40
4.785000e-15 2.646467e+20 7.003789e+40
4.800000e-15 3.930503e+20 1.544885e+41
4.815000e-15 5.195437e+20 2.699257e+41
4.830000e-15 6.438058e+20 4.144859e+41
4.845000e-15 7.655226e+20 5.860248e+41
4.860000e-15 8.843881e+20 7.821422e+41
4.875000e-15 1.000105e+21 1.000211e+42
4.890000e-15 1.112387e+21 1.237405e+42
4.905000e-15 1.220956e+21 1.490734e+42
4.920000e-15 1.325547e+21 1.757074e+42
4.935000e-15 1.425904e+21 2.033203e+42
4.950000e-15 1.521787e+21 2.315835e+42
4.965000e-15 1.612965e+21 2.601655e+42
4.980000e-15 1.699222e+21 2.887356e+42
4.995000e-15 1.780357e+21 3.169671e+42
5.010000e-15 1.856182e+21 3.445412e+42
5.025000e-15 1.926524e+21 3.711495e+42
5.040000e-15 1.991225e+21 3.964979e+42
5.055000e-15 2.050144e+21 4.203091e+42
5.070000e-15 2.103154e+21 4.423256e+42
5.085000e-15 2.150145e+21 4.623122e+42
5.100000e-15 2.191022e+21 4.800580e+42
5.115000e-15 2.225711e+21 4.953787e+42
5.130000e-15 2.254148e+21 5.081184e+42
5.145000e-15 2.276292e+21 5.181505e+42
5.160000e-15 2.292115e+21 5.253792e+42
5.175000e-15 2.301608e+21 5.297397e+42
5.190000e-15 2.304776e+21 5.311995e+42
5.205000e-15 2.301646e+21 5.297572e+42
5.220000e-15 2.292255e+21 5.254434e+42
5.235000e-15 2.276663e+21 5.183193e+42
5.250000e-15 2.254941e+21 5.084758e+42
5.265000e-15 2.227179e+21 4.960326e+42
5.280000e-15 2.193483e+21 4.811366e+42
5.295000e-15 2.153972e+21 4.639595e+42
5.310000e-15 2.108783e+21 4.446964e+42
5.325000e-15 2.058065e+21 4.235632e+42
5.340000e-15 2.001984e+21 4.007939e+42
5.355000e-15 1.940717e+21 3.766383e+42
5.370000e-15 1.874456e+21 3.513587e+42
5.385000e-15 1.803406e+21 3.252274e+42
5.400000e-15 1.727783e+21 2.985233e+42
5.415000e-15 1.647814e+21 2.715290e+42
5.430000e-15 1.563738e+21 2.445277e+42
5.445000e-15 1.475805e+21 2.178000e+42
5.460000e-15 1.384272e+21 1.916209e+42
5.475000e-15 1.289407e+21 1.662571e+42
5.490000e-15 1.191486e+21 1.419638e+42
5.505000e-15 1.090790e+21 1.189822e+42
5.520000e-15 9.876085e+20 9.753705e+41
5.535000e-15 8.822368e+20 7.783417e+41
5.550000e-15 7.749742e+20 6.005850e+41
5.565000e-15 6.661245e+20 4.437219e+41
5.580000e-15 5.559947e+20 3.091301e+41
5.595000e-15 4.448942e+20 1.979308e+41
5.610000e-15 3.331338e+20 1.109781e+41
5.625000e-15 2.210254e+20 4.885222e+40
5.640000e-15 1.088804e+20 1.185494e+40
5.655000e-15 -2.990617e+18 8.943788e+36
5.670000e-15 -1.142788e+20 1.305965e+40
5.685000e-15 -2.246782e+20 5.048028e+40
5.700000e-15 -3.338860e+20 1.114799e+41
5.715000e-15 -4.416040e+20 1.950141e+41
5.730000e-15 -5.475390e+20 2.997990e+41
5.745000e-15 -6.514036e+20 4.243267e+41
5.760000e-15 -7.529172e+20 5.668843e+41
5.775000e-15 -8.518066e+20 7.255744e+41
5.790000e-15 -9.478066e+20 8.983373e+41
5.805000e-15 -1.040661e+21 1.082975e+42
5.820000e-15 -1.130123e+21 1.277179e+42
5.835000e-15 -1.215957e+21 1.478552e+42
5.850000e-15 -1.297937e+21 1.684639e+42
5.865000e-15 -1.375848e+21 1.892957e+42
5.880000e-15 -1.449488e+21 2.101016e+42
5.895000e-15 -1.518669e+21 2.306354e+42
5.910000e-15 -1.583212e+21 2.506561e+42
5.925000e-15 -1.642956e+21 2.699306e+42
5.940000e-15 -1.697751e+21 2.882360e+42
5.955000e-15 -1.747463e+21 3.053626e+42
5.970000e-15 -1.791970e+21 3.211157e+42
5.985000e-15 -1.831169e+21 3.353179e+42
6.000000e-15 -1.864968e+21 3.478106e+42
6.015000e-15 -1.893294e+21 3.584562e+42
6.030000e-15 -1.916087e+21 3.671390e+42
6.045000e-15 -1.933305e+21 3.737668e+42
6.060000e-15 -1.944920e+21 3.782712e+42
6.075000e-15 -1.950920e+21 3.806089e+42
6.090000e-15 -1.951311e+21 3.807613e+42
6.105000e-15 -1.946112e+21 3.787351e+42
6.120000e-15 -1.935359e+21 3.745615e+42
6.135000e-15 -1.919105e+21 3.682964e+42
6.150000e-15 -1.897416e+21 3.600189e+42
6.165000e-15 -1.870375e+21 3.498304e+42
6.180000e-15 -1.838079e+21 3.378535e+42
6.195000e-15 -1.800640e+21 3.242306e+42
6.210000e-15 -1.758185e+21 3.091214e+42
6.225000e-15 -1.710853e+21 2.927018e+42
6.240000e-15 -1.658798e+21 2.751612e+42
6.255000e-15 -1.602188e+21 2.567005e+42
6.270000e-15 -1.541200e+21 2.375299e+42
6.285000e-15 -1.476028e+21 2.178658e+42
6.300000e-15 -1.406872e+21 1.979289e+42
6.315000e-15 -1.333947e+21 1.779416e+42
6.330000e-15 -1.257477e+21 1.581249e+42
6.345000e-15 -1.177695e+21 1.386965e+42
6.360000e-15 -1.094842e+21 1.198680e+42
6.375000e-15 -1.009170e+21 1.018424e+42
6.390000e-15 -9.209349e+20 8.481211e+41
6.405000e-15 -8.304020e+20 6.895675e+41
6.420000e-15 -7.378411e+20 5.444095e+41
6.435000e-15 -6.435275e+20 4.141277e+41
6.450000e-15 -5.477407e+20 3.000199e+41
6.465000e-15 -4.507636e+20 2.031878e+41
6.480000e-15 -3.528817e+20 1.245255e+41
6.495000e-15 -2.543825e+20 6.471047e+40
6.510000e-15 -1.555544e+20 2.419716e+40
6.525000e-15 -5.668575e+19 3.213274e+39
6.540000e-15 4.193557e+19 1.758592e+39
6.555000e-15 1.400233e+20 1.960653e+40
6.570000e-15 2.372936e+20 5.630827e+40
6.585000e-15 3.334658e+20 1.111994e+41
6.600000e-15 4.282631e+20 1.834093e+41
6.615000e-15 5.214137e+20 2.718722e+41
6.630000e-15 6.126511e+20 3.753414e+41
6.645000e-15 7.017155e+20 4.924046e+41
6.660000e-15 7.883538e+20 6.215017e+41
6.675000e-15 8.723210e+20 7.609440e+41
6.690000e-15 9.533806e+20 9.089346e+41
6.705000e-15 1.031305e+21 1.063590e+42
6.720000e-15 1.105877e+21 1.222964e+42
6.735000e-15 1.176889e+21 1.385068e+42
6.750000e-15 1.244145e+21 1.547897e+42
6.765000e-15 1.307461e+21 1.709455e+42
6.780000e-15 1.366664e+21 1.867771e+42
6.795000e-15 1.421595e+21 2.020932e+42
6.810000e-15 1.472106e+21 2.167097e+42
6.825000e-15 1.518065e+21 2.304521e+42
6.840000e-15 1.559351e+21 2.431577e+42
6.855000e-15 1.595860e+21 2.546770e+42
6.870000e-15 1.627500e+21 2.648757e+42
6.885000e-15 1.654195e+21 2.736362e+42
6.900000e-15 1.675883e+21 2.808585e+42
6.915000e-15 1.692518e+21 2.864619e+42
6.930000e-15 1.704069e+21 2.903850e+42
6.945000e-15 1.710517e+21 2.925870e+42
6.960000e-15 1.711864e+21 2.930478e+42
6.975000e-15 1.708122e+21 2.917679e+42
6.990000e-15 1.699320e+21 2.887687e+42
7.005000e-15 1.685502e+21 2.840916e+42
7.020000e-15 1.666727e+21 2.777978e+42
7.035000e-15 1.643067e+21 2.699670e+42
7.050000e-15 1.614611e+21 2.606969e+42
7.065000e-15 1.581460e+21 2.501014e+42
7.080000e-15 1.543728e+21 2.383096e+42
7.095000e-15 1.501544e+21 2.254634e+42
7.110000e-15 1.455050e+21 2.117169e+42
7.125000e-15 1.404398e+21 1.972334e+42
7.140000e-15 1.349755e+21 1.821838e+42
7.155000e-15 1.291297e+21 1.667449e+42
7.170000e-15 1.229213e+21 1.510964e+42
7.185000e-15 1.163700e+21 1.354197e+42
7.200000e-15 1.094966e+21 1.198950e+42
7.215000e-15 1.023227e+21 1.046994e+42
7.230000e-15 9.487094e+20 9.000496e+41
7.245000e-15 8.716449e+20 7.597648e+41
7.260000e-15 7.922732e+20 6.276968e+41
7.275000e-15 7.108399e+20 5.052933e+41
7.290000e-15 6.275961e+20 3.938769e+41
7.305000e-15 5.427976e+20 2.946293e+41
7.320000e-15 4.567040e+20 2.085785e+41
7.335000e-15 3.695778e+20 1.365878e+41
7.350000e-15 2.816841e+20 7.934592e+40
7.365000e-15 1.932892e+20 3.736071e+40
7.380000e-15 1.046601e+20 1.095375e+40
7.395000e-15 1.606390e+19 2.580488e+38
7.410000e-15 -7.223360e+19 5.217694e+39
7.425000e-15 -1.599681e+20 2.558981e+40
7.440000e-15 -2.468780e+20 6.094877e+40
7.455000e-15 -3.327049e+20 1.106926e+41
7.470000e-15 -4.171946e+20 1.740513e+41
7.485000e-15 -5.000976e+20 2.500976e+41
7.500000e-15 -5.811700e+20 3.377586e+41
7.515000e-15 -6.601744e+20 4.358303e+41
7.530000e-15 -7.368803e+20 5.429926e+41
7.545000e-15 -8.110648e+20 6.578261e+41
7.560000e-15 -8.825134e+20 7.788299e+41
7.575000e-15 -9.510206e+20 9.044401e+41
7.590000e-15 -1.016390e+21 1.033049e+42
7.605000e-15 -1.078437e+21 1.163026e+42
7.620000e-15 -1.136985e+21 1.292734e+42
7.635000e-15 -1.191870e+21 1.420554e+42
7.650000e-15 -1.242940e+21 1.544901e+42
7.665000e-15 -1.290055e+21 1.664243e+42
7.680000e-15 -1.333087e+21 1.777120e+42
7.695000e-15 -1.371920e+21 1.882163e+42
7.710000e-15 -1.406452e+21 1.978106e+42
7.725000e-15 -1.436594e+21 2.063803e+42
7.740000e-15 -1.462272e+21 2.138239e+42
7.755000e-15 -1.483423e+21 2.200545e+42
7.770000e-15 -1.500001e+21 2.250004e+42
7.785000e-15 -1.511972e+21 2.286061e+42
7.800000e-15 -1.519317e+21 2.308324e+42
7.815000e-15 -1.522029e+21 2.316573e+42
7.830000e-15 -1.520119e+21 2.310761e+42
7.845000e-15 -1.513608e+21 2.291009e+42
7.860000e-15 -1.502533e+21 2.257606e+42
7.875000e-15 -1.486945e+21 2.211006e+42
7.890000e-15 -1.466907e+21 2.151817e+42
7.905000e-15 -1.442497e+21 2.080798e+42
7.920000e-15 -1.413804e+21 1.998843e+42
7.935000e-15 -1.380932e+21 1.906973e+42
7.950000e-15 -1.343995e+21 1.806323e+42
7.965000e-15 -1.303121e+21 1.698124e+42
7.980000e-15 -1.258448e+21 1.583691e+42
7.995000e-15 -1.210125e+21 1.464403e+42
8.010000e-15 -1.158314e+21 1.341691e+42
8.025000e-15 -1.103183e+21 1.217014e+42
8.040000e-15 -1.044914e+21 1.091845e+42
8.055000e-15 -9.836942e+20 9.676543e+41
8.070000e-15 -9.197207e+20 8.458862e+41
8.085000e-15 -8.531983e+20 7.279473e+41
8.100000e-15 -7.843385e+20 6.151869e+41
8.115000e-15 -7.133593e+20 5.088815e+41
8.130000e-15 -6.404844e+20 4.102203e+41
8.145000e-15 -5.659424e+20 3.202908e+41
8.160000e-15 -4.899662e+20 2.400668e+41
8.175000e-15 -4.127921e+20 1.703973e+41
8.190000e-15 -3.346593e+20 1.119969e+41
8.205000e-15 -2.558092e+20 6.543836e+40
8.220000e-15 -1.764843e+20 3.114672e+40
8.235000e-15 -9.692781e+19 9.395001e+39
8.250000e-15 -1.738264e+19 3.021561e+38
8.265000e-15 6.190910e+19 3.832737e+39
8.280000e-15 1.407070e+20 1.979845e+40
8.295000e-15 2.187729e+20 4.786158e+40
8.310000e-15 2.958719e+20 8.754018e+40
8.325000e-15 3.717728e+20 1.382150e+41
8.340000e-15 4.462489e+20 1.991381e+41
8.355000e-15 5.190786e+20 2.694426e+41
8.370000e-15 5.900462e+20 3.481546e+41
8.385000e-15 6.589425e+20 4.342052e+41
8.400000e-15 7.255652e+20 5.264448e+41
8.415000e-15 7.897197e+20 6.236572e+41
8.430000e-15 8.512198e+20 7.245751e+41
8.445000e-15 9.098878e+20 8.278958e+41
8.460000e-15 9.655555e+20 9.322974e+41
8.475000e-15 1.018064e+21 1.036455e+42
8.490000e-15 1.067266e+21 1.139056e+42
8.505000e-15 1.113022e+21 1.238819e+42
8.520000e-15 1.155207e+21 1.334504e+42
8.535000e-15 1.193705e+21 1.424932e+42
8.550000e-15 1.228412e+21 1.508996e+42
8.565000e-15 1.259236e+21 1.585676e+42
8.580000e-15 1.286098e+21 1.654049e+42
8.595000e-15 1.308931e+21 1.713299e+42
8.610000e-15 1.327679e+21 1.762731e+42
8.625000e-15 1.342300e+21 1.801770e+42
8.640000e-15 1.352766e+21 1.829975e+42
8.655000e-15 1.359059e+21 1.847041e+42
8.670000e-15 1.361176e+21 1.852799e+42
8.685000e-15 1.359125e+21 1.847221e+42
8.700000e-15 1.352929e+21 1.830416e+42
8.715000e-15 1.342620e+21 1.802629e+42
8.730000e-15 1.328247e+21 1.764239e+42
8.745000e-15 1.309867e+21 1.715750e+42
8.760000e-15 1.287551e+21 1.657787e+42
8.775000e-15 1.261381e+21 1.591083e+42
8.790000e-15 1.231453e+21 1.516476e+42
8.805000e-15 1.197870e+21 1.434892e+42
8.820000e-15 1.160748e+21 1.347337e+42
8.835000e-15 1.120215e+21 1.254881e+42
8.850000e-15 1.076404e+21 1.158647e+42
8.865000e-15 1.029464e+21 1.059796e+42
8.880000e-15 9.795469e+20 9.595121e+41
8.895000e-15 9.268171e+20 8.589900e+41
8.910000e-15 8.714456e+20 7.594174e+41
8.925000e-15 8.136109e+20 6.619626e+41
8.940000e-15 7.534983e+20 5.677597e+41
8.955000e-15 6.912997e+20 4.778953e+41
8.970000e-15 6.272124e+20 3.933954e+41
8.985000e-15 5.614389e+20 3.152136e+41
9.000000e-15 4.941860e+20 2.442198e+41
9.015000e-15 4.256643e+20 1.811901e+41
9.030000e-15 3.560877e+20 1.267984e+41
9.045000e-15 2.856723e+20 8.160867e+40
9.060000e-15 2.146362e+20 4.606871e+40
9.075000e-15 1.431986e+20 2.050583e+40
9.090000e-15 7.157890e+19 5.123539e+39
9.105000e-15 -3.336480e+15 1.113210e+31
9.120000e-15 -7.132966e+19 5.087920e+39
9.135000e-15 -1.421831e+20 2.021603e+40
9.150000e-15 -2.123488e+20 4.509203e+40
9.165000e-15 -2.816150e+20 7.930701e+40
9.180000e-15 -3.497731e+20 1.223412e+41
9.195000e-15 -4.166187e+20 1.735712e+41
9.210000e-15 -4.819523e+20 2.322780e+41
9.225000e-15 -5.455794e+20 2.976568e+41
9.240000e-15 -6.073114e+20 3.688272e+41
9.255000e-15 -6.669664e+20 4.448442e+41
9.270000e-15 -7.243692e+20 5.247108e+41
9.285000e-15 -7.793521e+20 6.073896e+41
9.300000e-15 -8.317552e+20 6.918168e+41
9.315000e-15 -8.814274e+20 7.769143e+41
9.330000e-15 -9.282260e+20 8.616035e+41
9.345000e-15 -9.720178e+20 9.448186e+41
9.360000e-15 -1.012679e+21 1.025519e+42
9.375000e-15 -1.050096e+21 1.102702e+42
9.390000e-15 -1.084166e+21 1.175415e+42
9.405000e-15 -1.114794e+21 1.242766e+42
9.420000e-15 -1.141900e+21 1.303936e+42
9.435000e-15 -1.165412e+21 1.358186e+42
9.450000e-15 -1.185271e+21 1.404867e+42
9.465000e-15 -1.201427e+21 1.443426e+42
9.480000e-15 -1.213843e+21 1.473415e+42
9.495000e-15 -1.222494e+21 1.494492e+42
9.510000e-15 -1.227366e+21 1.506427e+42
9.525000e-15 -1.228456e+21 1.509104e+42
9.540000e-15 -1.225773e+21 1.502520e+42
9.555000e-15 -1.219338e+21 1.486785e+42
9.570000e-15 -1.209182e+21 1.462121e+42
9.585000e-15 -1.195349e+21 1.428859e+42
9.600000e-15 -1.177893e+21 1.387431e+42
9.615000e-15 -1.156878e+21 1.338367e+42
9.630000e-15 -1.132381e+21 1.282287e+42
9.645000e-15 -1.104487e+21 1.219892e+42
9.660000e-15 -1.073294e+21 1.151959e+42
9.675000e-15 -1.038905e+21 1.079325e+42
9.690000e-15 -1.001438e+21 1.002879e+42
9.705000e-15 -9.610164e+20 9.235526e+41
9.720000e-15 -9.177730e+20 8.423072e+41
9.735000e-15 -8.718491e+20 7.601208e+41
9.750000e-15 -8.233937e+20 6.779771e+41
9.765000e-15 -7.725630e+20 5.968536e+41
9.780000e-15 -7.195201e+20 5.177092e+41
9.795000e-15 -6.644342e+20 4.414729e+41
9.810000e-15 -6.074804e+20 3.690324e+41
9.825000e-15 -5.488386e+20 3.012239e+41
9.840000e-15 -4.886939e+20 2.388217e+41
9.855000e-15 -4.272350e+20 1.825297e+41
9.870000e-15 -3.646541e+20 1.329726e+41
9.885000e-15 -3.011465e+20 9.068924e+40
9.900000e-15 -2.369096e+20 5.612618e+40
9.915000e-15 -1.721425e+20 2.963304e+40
9.930000e-15 -1.070452e+20 1.145868e+40
9.945000e-15 -4.181840e+19 1.748779e+39
9.960000e-15 2.333760e+19 5.446435e+38
9.975000e-15 8.822317e+19 7.783328e+39
9.990000e-15 1.526401e+20 2.329900e+40
1.000500e-14 2.163922e+20 4.682558e+40
1.002000e-14 2.792858e+20 7.800055e+40
1.003500e-14 3.411304e+20 1.163699e+41
1.005000e-14 4.017393e+20 1.613944e+41
1.006500e-14 4.609300e+20 2.124565e+41
1.008000e-14 5.185249e+20 2.688681e+41
1.009500e-14 5.743518e+20 3.298800e+41
1.011000e-14 6.282443e+20 3.946909e+41
1.012500e-14 6.800424e+20 4.624576e+41
1.014000e-14 7.295928e+20 5.323057e+41
1.015500e-14 7.767498e+20 6.033403e+41
1.017000e-14 8.213752e+20 6.746572e+41
1.018500e-14 8.633388e+20 7.453539e+41
1.020000e-14 9.025192e+20 8.145409e+41
1.021500e-14 9.388036e+20 8.813522e+41
1.023000e-14 9.720885e+20 9.449560e+41
1.024500e-14 1.002280e+21 1.004565e+42
1.026000e-14 1.029293e+21 1.059444e+42
1.027500e-14 1.053054e+21 1.108922e+42
1.029000e-14 1.073498e+21 1.152397e+42
1.030500e-14 1.090571e+21 1.189345e+42
1.032000e-14 1.104230e+21 1.219324e+42
1.033500e-14 1.114442e+21 1.241982e+42
1.035000e-14 1.121185e+21 1.257056e+42
1.036500e-14 1.124447e+21 1.264382e+42
1.038000e-14 1.124228e+21 1.263888e+42
1.039500e-14 1.120536e+21 1.255602e+42
1.041000e-14 1.113394e+21 1.239646e+42
1.042500e-14 1.102831e+21 1.216236e+42
1.044000e-14 1.088889e+21 1.185680e+42
1.045500e-14 1.071620e+21 1.148370e+42
1.047000e-14 1.051086e+21 1.104783e+42
1.048500e-14 1.027359e+21 1.055466e+42
1.050000e-14 1.000519e+21 1.001038e+42
1.051500e-14 9.706577e+20 9.421763e+41
1.053000e-14 9.378748e+20 8.796090e+41
1.054500e-14 9.022787e+20 8.141068e+41
1.056000e-14 8.639865e+20 7.464726e+41
1.057500e-14 8.231230e+20 6.775315e+41
1.059000e-14 7.798210e+20 6.081207e+41
1.060500e-14 7.342201e+20 5.390791e+41
1.062000e-14 6.864669e+20 4.712368e+41
1.063500e-14 6.367142e+20 4.054050e+41
1.065000e-14 5.851207e+20 3.423662e+41
1.066500e-14 5.318503e+20 2.828648e+41
1.068000e-14 4.770718e+20 2.275975e+41
1.069500e-14 4.209582e+20 1.772058e+41
1.071000e-14 3.636862e+20 1.322677e+41
1.072500e-14 3.054358e+20 9.329101e+40
1.074000e-14 2.463894e+20 6.070772e+40
1.075500e-14 1.867316e+20 3.486869e+40
1.077000e-14 1.266485e+20 1.603985e+40
1.078500e-14 6.632715e+19 4.399290e+39
1.080000e-14 5.954699e+18 3.545844e+37
1.081500e-14 -5.428177e+19 2.946510e+39
1.083000e-14 -1.141960e+20 1.304074e+40
1.084500e-14 -1.736033e+20 3.013812e+40
1.086000e-14 -2.323208e+20 5.397295e+40
1.087500e-14 -2.901681e+20 8.419753e+40
1.089000e-14 -3.469680e+20 1.203868e+41
1.090500e-14 -4.025470e+20 1.620441e+41
1.092000e-14 -4.567355e+20 2.086073e+41
1.093500e-14 -5.093688e+20 2.594565e+41
1.095000e-14 -5.602871e+20 3.139217e+41
1.096500e-14 -6.093366e+20 3.712911e+41
1.098000e-14 -6.563694e+20 4.308207e+41
1.099500e-14 -7.012440e+20 4.917432e+41
1.101000e-14 -7.438263e+20 5.532775e+41
1.102500e-14 -7.839891e+20 6.146390e+41
1.104000e-14 -8.216135e+20 6.750487e+41
1.105500e-14 -8.565882e+20 7.337433e+41
1.107000e-14 -8.888107e+20 7.899845e+41
1.108500e-14 -9.181871e+20 8.430676e+41
1.110000e-14 -9.446326e+20 8.923307e+41
1.111500e-14 -9.680716e+20 9.371625e+41
1.113000e-14 -9.884380e+20 9.770096e+41
1.114500e-14 -1.005675e+21 1.011383e+42
1.116000e-14 -1.019737e+21 1.039864e+42
1.117500e-14 -1.030587e+21 1.062110e+42
1.119000e-14 -1.038198e+21 1.077855e+42
1.120500e-14 -1.042554e+21 1.086919e+42
1.122000e-14 -1.043649e+21 1.089203e+42
1.123500e-14 -1.041486e+21 1.084693e+42
1.125000e-14 -1.036080e+21 1.073461e+42
1.126500e-14 -1.027454e+21 1.055661e+42
1.128000e-14 -1.015643e+21 1.031531e+42
1.129500e-14 -1.000691e+21 1.001382e+42
1.131000e-14 -9.826503e+20 9.656017e+41
1.132500e-14 -9.615855e+20 9.246466e+41
1.134000e-14 -9.375683e+20 8.790344e+41
1.135500e-14 -9.106804e+20 8.293387e+41
1.137000e-14 -8.810118e+20 7.761819e+41
1.138500e-14 -8.486615e+20 7.202263e+41
1.140000e-14 -8.137363e+20 6.621667e+41
1.141500e-14 -7.763508e+20 6.027206e+41
1.143000e-14 -7.366274e+20 5.426199e+41
1.144500e-14 -6.946952e+20 4.826014e+41
1.146000e-14 -6.506900e+20 4.233975e+41
1.147500e-14 -6.047540e+20 3.657274e+41
1.149000e-14 -5.570350e+20 3.102880e+41
1.150500e-14 -5.076860e+20 2.577451e+41
1.152000e-14 -4.568649e+20 2.087255e+41
1.153500e-14 -4.047339e+20 1.638095e+41
1.155000e-14 -3.514589e+20 1.235234e+41
1.156500e-14 -2.972091e+20 8.833327e+40
1.158000e-14 -2.421564e+20 5.863973e+40
1.159500e-14 -1.864748e+20 3.477286e+40
1.161000e-14 -1.303400e+20 1.698852e+40
1.162500e-14 -7.392878e+19 5.465465e+39
1.164000e-14 -1.741832e+19 3.033978e+38
1.165500e-14 3.901415e+19 1.522104e+39
1.167000e-14 9.519203e+19 9.061522e+39
1.168500e-14 1.509399e+20 2.278284e+40
1.170000e-14 2.060839e+20 4.247057e+40
1.171500e-14 2.604526e+20 6.783556e+40
1.173000e-14 3.138773e+20 9.851895e+40
1.174500e-14 3.661925e+20 1.340970e+41
1.176000e-14 4.172366e+20 1.740864e+41
1.177500e-14 4.668524e+20 2.179512e+41
1.179000e-14 5.148873e+20 2.651089e+41
1.180500e-14 5.611940e+20 3.149387e+41
1.182000e-14 6.056311e+20 3.667891e+41
1.183500e-14 6.480633e+20 4.199860e+41
1.185000e-14 6.883616e+20 4.738418e+41
1.186500e-14 7.264045e+20 5.276634e+41
1.188000e-14 7.620772e+20 5.807617e+41
1.189500e-14 7.952731e+20 6.324594e+41
1.191000e-14 8.258934e+20 6.820999e+41
1.192500e-14 8.538475e+20 7.290556e+41
1.194000e-14 8.790536e+20 7.727351e+41
1.195500e-14 9.014384e+20 8.125911e+41
1.197000e-14 9.209379e+20 8.481266e+41
1.198500e-14 9.374972e+20 8.789010e+41
1.200000e-14 9.510708e+20 9.045356e+41
1.201500e-14 9.616226e+20 9.247180e+41
1.203000e-14 9.691261e+20 9.392054e+41
1.204500e-14 9.735646e+20 9.478281e+41
1.206000e-14 9.749309e+20 9.504904e+41
1.207500e-14 9.732276e+20 9.471721e+41
1.209000e-14 9.684669e+20 9.379282e+41
1.210500e-14 9.606706e+20 9.228881e+41
1.212000e-14 9.498701e+20 9.022532e+41
1.213500e-14 9.361060e+20 8.762945e+41
1.215000e-14 9.194284e+20 8.453486e+41
1.216500e-14 8.998963e+20 8.098134e+41
1.218000e-14 8.775777e+20 7.701425e+41
1.219500e-14 8.525490e+20 7.268398e+41
1.221000e-14 8.248953e+20 6.804522e+41
1.222500e-14 7.947095e+20 6.315632e+41
1.224000e-14 7.620926e+20 5.807851e+41
1.225500e-14 7.271527e+20 5.287510e+41
1.227000e-14 6.900052e+20 4.761071e+41
1.228500e-14 6.507721e+20 4.235044e+41
1.230000e-14 6.095820e+20 3.715902e+41
1.231500e-14 5.665690e+20 3.210004e+41
1.233000e-14 5.218728e+20 2.723513e+41
1.234500e-14 4.756383e+20 2.262318e+41
1.236000e-14 4.280147e+20 1.831966e+41
1.237500e-14 3.791553e+20 1.437587e+41
1.239000e-14 3.292170e+20 1.083838e+41
1.240500e-14 2.783598e+20 7.748417e+40
1.242000e-14 2.267461e+20 5.141381e+40
1.243500e-14 1.745406e+20 3.046442e+40
1.245000e-14 1.219092e+20 1.486185e+40
1.246500e-14 6.901890e+19 4.763609e+39
1.248000e-14 1.603719e+19 2.571915e+38
1.249500e-14 -3.686859e+19 1.359293e+39
1.251000e-14 -8.953170e+19 8.015926e+39
1.252500e-14 -1.417865e+20 2.010342e+40
1.254000e-14 -1.934692e+20 3.743033e+40
1.255500e-14 -2.444179e+20 5.974010e+40
1.257000e-14 -2.944735e+20 8.671466e+40
1.258500e-14 -3.434803e+20 1.179787e+41
1.260000e-14 -3.912859e+20 1.531047e+41
1.261500e-14 -4.377424e+20 1.916184e+41
1.263000e-14 -4.827062e+20 2.330053e+41
1.264500e-14 -5.260390e+20 2.767170e+41
1.266000e-14 -5.676078e+20 3.221786e+41
1.267500e-14 -6.072855e+20 3.687956e+41
1.269000e-14 -6.449513e+20 4.159622e+41
1.270500e-14 -6.804911e+20 4.630682e+41
1.272000e-14 -7.137978e+20 5.095073e+41
1.273500e-14 -7.447715e+20 5.546846e+41
1.275000e-14 -7.733199e+20 5.980236e+41
1.276500e-14 -7.993587e+20 6.389743e+41
1.278000e-14 -8.228116e+20 6.770189e+41
1.279500e-14 -8.436108e+20 7.116791e+41
1.281000e-14 -8.616969e+20 7.425215e+41
1.282500e-14 -8.770193e+20 7.691628e+41
1.284000e-14 -8.895363e+20 7.912748e+41
1.285500e-14 -8.992150e+20 8.085877e+41
1.287000e-14 -9.060318e+20 8.208936e+41
1.288500e-14 -9.099720e+20 8.280490e+41
1.290000e-14 -9.110300e+20 8.299758e+41
1.291500e-14 -9.092096e+20 8.266621e+41
1.293000e-14 -9.045234e+20 8.181625e+41
1.294500e-14 -8.969931e+20 8.045966e+41
1.296000e-14 -8.866494e+20 7.861472e+41
1.297500e-14 -8.735318e+20 7.630578e+41
1.299000e-14 -8.576885e+20 7.356296e+41
1.300500e-14 -8.391761e+20 7.042165e+41
1.302000e-14 -8.180596e+20 6.692214e+41
1.303500e-14 -7.944119e+20 6.310903e+41
1.305000e-14 -7.683141e+20 5.903065e+41
1.306500e-14 -7.398543e+20 5.473845e+41
1.308000e-14 -7.091284e+20 5.028631e+41
1.309500e-14 -6.762389e+20 4.572990e+41
1.311000e-14 -6.412948e+20 4.112591e+41
1.312500e-14 -6.044117e+20 3.653135e+41
1.314000e-14 -5.657107e+20 3.200286e+41
1.315500e-14 -5.253185e+20 2.759595e+41
1.317000e-14 -4.833668e+20 2.336434e+41
1.318500e-14 -4.399918e+20 1.935928e+41
1.320000e-14 -3.953341e+20 1.562891e+41
1.321500e-14 -3.495378e+20 1.221767e+41
1.323000e-14 -3.027503e+20 9.165775e+40
1.324500e-14 -2.551217e+20 6.508710e+40
1.326000e-14 -2.068046e+20 4.276814e+40
1.327500e-14 -1.579531e+20 2.494917e+40
1.329000e-14 -1.087227e+20 1.182063e+40
1.330500e-14 -5.926989e+19 3.512920e+39
1.332000e-14 -9.751249e+18 9.508686e+37
1.333500e-14 3.967674e+19 1.574244e+39
1.335000e-14 8.885828e+19 7.895793e+39
1.336500e-14 1.376387e+20 1.894442e+40
1.338000e-14 1.858652e+20 3.454586e+40
1.339500e-14 2.333867e+20 5.446935e+40
1.341000e-14 2.800551e+20 7.843086e+40
1.342500e-14 3.257252e+20 1.060969e+41
1.344000e-14 3.702554e+20 1.370891e+41
1.345500e-14 4.135080e+20 1.709889e+41
1.347000e-14 4.553496e+20 2.073433e+41
1.348500e-14 4.956517e+20 2.456706e+41
1.350000e-14 5.342910e+20 2.854669e+41
1.351500e-14 5.711497e+20 3.262120e+41
1.353000e-14 6.061159e+20 3.673765e+41
1.354500e-14 6.390839e+20 4.084283e+41
1.356000e-14 6.699548e+20 4.488395e+41
1.357500e-14 6.986363e+20 4.880927e+41
1.359000e-14 7.250434e+20 5.256880e+41
1.360500e-14 7.490984e+20 5.611484e+41
1.362000e-14 7.707312e+20 5.940266e+41
1.363500e-14 7.898797e+20 6.239099e+41
1.365000e-14 8.064895e+20 6.504253e+41
1.366500e-14 8.205145e+20 6.732440e+41
1.368000e-14 8.319169e+20 6.920857e+41
1.369500e-14 8.406672e+20 7.067213e+41
1.371000e-14 8.467443e+20 7.169759e+41
1.372500e-14 8.501357e+20 7.227307e+41
1.374000e-14 8.508372e+20 7.239239e+41
1.375500e-14 8.488533e+20 7.205519e+41
1.377000e-14 8.441967e+20 7.126681e+41
1.378500e-14 8.368888e+20 7.003828e+41
1.380000e-14 8.269589e+20 6.838611e+41
1.381500e-14 8.144450e+20 6.633206e+41
1.383000e-14 7.993926e+20 6.390285e+41
1.384500e-14 7.818555e+20 6.112979e+41
1.386000e-14 7.618948e+20 5.804837e+41
1.387500e-14 7.395795e+20 5.469779e+41
1.389000e-14 7.149856e+20 5.112044e+41
1.390500e-14 6.881960e+20 4.736138e+41
1.392000e-14 6.593005e+20 4.346772e+41
1.393500e-14 6.283952e+20 3.948806e+41
1.395000e-14 5.955824e+20 3.547184e+41
1.396500e-14 5.609699e+20 3.146872e+41
1.398000e-14 5.246711e+20 2.752797e+41
1.399500e-14 4.868044e+20 2.369785e+41
1.401000e-14 4.474928e+20 2.002498e+41
1.402500e-14 4.068635e+20 1.655379e+41
1.404000e-14 3.650477e+20 1.332598e+41
1.405500e-14 3.221798e+20 1.037998e+41
1.407000e-14 2.783973e+20 7.750505e+40
1.408500e-14 2.338402e+20 5.468124e+40
1.410000e-14 1.886506e+20 3.558906e+40
1.411500e-14 1.429723e+20 2.044109e+40
1.413000e-14 9.695022e+19 9.399344e+39
1.414500e-14 5.072997e+19 2.573529e+39
1.416000e-14 4.457507e+18 1.986937e+37
1.417500e-14 -4.172141e+19 1.740676e+39
1.419000e-14 -8.766169e+19 7.684572e+39
1.420500e-14 -1.332193e+20 1.774739e+40
1.422000e-14 -1.782519e+20 3.177373e+40
1.423500e-14 -2.226189e+20 4.955915e+40
1.425000e-14 -2.661822e+20 7.085298e+40
1.426500e-14 -3.088068e+20 9.536165e+40
1.428000e-14 -3.503607e+20 1.227526e+41
1.429500e-14 -3.907156e+20 1.526587e+41
1.431000e-14 -4.297474e+20 1.846828e+41
1.432500e-14 -4.673363e+20 2.184032e+41
1.434000e-14 -5.033674e+20 2.533787e+41
1.435500e-14 -5.377309e+20 2.891546e+41
1.437000e-14 -5.703227e+20 3.252680e+41
1.438500e-14 -6.010441e+20 3.612540e+41
1.440000e-14 -6.298029e+20 3.966517e+41
1.441500e-14 -6.565130e+20 4.310093e+41
1.443000e-14 -6.810951e+20 4.638905e+41
1.444500e-14 -7.034766e+20 4.948793e+41
1.446000e-14 -7.235922e+20 5.235856e+41
1.447500e-14 -7.413835e+20 5.496496e+41
1.449000e-14 -7.568000e+20 5.727463e+41
1.450500e-14 -7.697984e+20 5.925896e+41
1.452000e-14 -7.803431e+20 6.089354e+41
1.453500e-14 -7.884066e+20 6.215849e+41
1.455000e-14 -7.939688e+20 6.303864e+41
1.456500e-14 -7.970178e+20 6.352374e+41
1.458000e-14 -7.975495e+20 6.360852e+41
1.459500e-14 -7.955678e+20 6.329281e+41
1.461000e-14 -7.910843e+20 6.258144e+41
1.462500e-14 -7.841186e+20 6.148419e+41
1.464000e-14 -7.746979e+20 6.001568e+41
1.465500e-14 -7.628571e+20 5.819510e+41
1.467000e-14 -7.486388e+20 5.604600e+41
1.468500e-14 -7.320926e+20 5.359595e+41
1.470000e-14 -7.132755e+20 5.087619e+41
1.471500e-14 -6.922515e+20 4.792122e+41
1.473000e-14 -6.690915e+20 4.476834e+41
1.474500e-14 -6.438726e+20 4.145719e+41
1.476000e-14 -6.166786e+20 3.802925e+41
1.477500e-14 -5.875990e+20 3.452726e+41
1.479000e-14 -5.567292e+20 3.099474e+41
1.480500e-14 -5.241700e+20 2.747542e+41
1.482000e-14 -4.900273e+20 2.401267e+41
1.483500e-14 -4.544116e+20 2.064899e+41
1.485000e-14 -4.174380e+20 1.742545e+41
1.486500e-14 -3.792255e+20 1.438119e+41
1.488000e-14 -3.398967e+20 1.155298e+41
1.489500e-14 -2.995776e+20 8.974675e+40
1.491000e-14 -2.583970e+20 6.676902e+40
1.492500e-14 -2.164861e+20 4.686624e+40
1.494000e-14 -1.739782e+20 3.026841e+40
1.495500e-14 -1.310080e+20 1.716310e+40
1.497000e-14 -8.771175e+19 7.693351e+39
1.498500e-14 -4.422613e+19 1.955950e+39
