0.000000e+00 nan nan
1.500000e-17 -2.256423e+08 5.091447e+16
3.000000e-17 -2.886907e+10 8.334232e+20
4.500000e-17 -4.928809e+11 2.429316e+23
6.000000e-17 -3.688515e+12 1.360515e+25
7.500000e-17 -1.756419e+13 3.085009e+26
9.000000e-17 -6.283063e+13 3.947689e+27
1.050000e-16 -1.844767e+14 3.403164e+28
1.200000e-16 -4.687004e+14 2.196801e+29
1.350000e-16 -1.066206e+15 1.136795e+30
1.500000e-16 -2.222742e+15 4.940583e+30
1.650000e-16 -4.317686e+15 1.864241e+31
1.800000e-16 -7.911367e+15 6.258973e+31
1.950000e-16 -1.380175e+16 1.904882e+32
2.100000e-16 -2.309094e+16 5.331916e+32
2.250000e-16 -3.726198e+16 1.388455e+33
2.400000e-16 -5.826602e+16 3.394929e+33
2.550000e-16 -8.862022e+16 7.853543e+33
2.700000e-16 -1.315161e+17 1.729649e+34
2.850000e-16 -1.909387e+17 3.645758e+34
3.000000e-16 -2.717951e+17 7.387257e+34
3.150000e-16 -3.800539e+17 1.444410e+35
3.300000e-16 -5.228927e+17 2.734168e+35
3.450000e-16 -7.088549e+17 5.024753e+35
3.600000e-16 -9.480135e+17 8.987297e+35
3.750000e-16 -1.252142e+18 1.567859e+36
3.900000e-16 -1.634890e+18 2.672866e+36
4.050000e-16 -2.111965e+18 4.460398e+36
4.200000e-16 -2.701315e+18 7.297103e+36
4.350000e-16 -3.423312e+18 1.171906e+37
4.500000e-16 -4.300938e+18 1.849807e+37
4.650000e-16 -5.359969e+18 2.872927e+37
4.800000e-16 -6.629152e+18 4.394565e+37
4.950000e-16 -8.140378e+18 6.626575e+37
5.100000e-16 -9.928851e+18 9.858208e+37
5.250000e-16 -1.203324e+19 1.447989e+38
5.400000e-16 -1.449584e+19 2.101294e+38
5.550000e-16 -1.736268e+19 3.014627e+38
5.700000e-16 -2.068366e+19 4.278137e+38
5.850000e-16 -2.451263e+19 6.008692e+38
6.000000e-16 -2.890752e+19 8.356445e+38
6.150000e-16 -3.393031e+19 1.151266e+39
6.300000e-16 -3.964718e+19 1.571899e+39
6.450000e-16 -4.612841e+19 2.127830e+39
6.600000e-16 -5.344845e+19 2.856736e+39
6.750000e-16 -6.168582e+19 3.805140e+39
6.900000e-16 -7.092308e+19 5.030083e+39
7.050000e-16 -8.124669e+19 6.601025e+39
7.200000e-16 -9.274690e+19 8.601988e+39
7.350000e-16 -1.055176e+20 1.113396e+40
7.500000e-16 -1.196559e+20 1.431754e+40
7.650000e-16 -1.352624e+20 1.829593e+40
7.800000e-16 -1.524404e+20 2.323807e+40
7.950000e-16 -1.712957e+20 2.934221e+40
8.100000e-16 -1.919364e+20 3.683959e+40
8.250000e-16 -2.144726e+20 4.599850e+40
8.400000e-16 -2.390156e+20 5.712848e+40
8.550000e-16 -2.656779e+20 7.058476e+40
8.700000e-16 -2.945723e+20 8.677286e+40
8.850000e-16 -3.258118e+20 1.061533e+41
9.000000e-16 -3.595085e+20 1.292463e+41
9.150000e-16 -3.957736e+20 1.566367e+41
9.300000e-16 -4.347165e+20 1.889784e+41
9.450000e-16 -4.764442e+20 2.269991e+41
9.600000e-16 -5.210606e+20 2.715041e+41
9.750000e-16 -5.686658e+20 3.233808e+41
9.900000e-16 -6.193557e+20 3.836015e+41
1.005000e-15 -6.732209e+20 4.532264e+41
1.020000e-15 -7.303461e+20 5.334054e+41
1.035000e-15 -7.908093e+20 6.253794e+41
1.050000e-15 -8.546816e+20 7.304806e+41
1.065000e-15 -9.220254e+20 8.501309e+41
1.080000e-15 -9.928948e+20 9.858402e+41
1.095000e-15 -1.067334e+21 1.139202e+42
1.110000e-15 -1.145377e+21 1.311889e+42
1.125000e-15 -1.227048e+21 1.505646e+42
1.140000e-15 -1.312356e+21 1.722279e+42
1.155000e-15 -1.401302e+21 1.963648e+42
1.170000e-15 -1.493872e+21 2.231653e+42
1.185000e-15 -1.590038e+21 2.528220e+42
1.200000e-15 -1.689758e+21 2.855281e+42
1.215000e-15 -1.792976e+21 3.214763e+42
1.230000e-15 -1.899621e+21 3.608558e+42
1.245000e-15 -2.009605e+21 4.038511e+42
1.260000e-15 -2.122825e+21 4.506386e+42
1.275000e-15 -2.239162e+21 5.013847e+42
1.290000e-15 -2.358480e+21 5.562428e+42
1.305000e-15 -2.480626e+21 6.153504e+42
1.320000e-15 -2.605429e+21 6.788262e+42
1.335000e-15 -2.732704e+21 7.467673e+42
1.350000e-15 -2.862247e+21 8.192457e+42
1.365000e-15 -2.993836e+21 8.963053e+42
1.380000e-15 -3.127234e+21 9.779592e+42
1.395000e-15 -3.262187e+21 1.064186e+43
1.410000e-15 -3.398425e+21 1.154929e+43
1.425000e-15 -3.535661e+21 1.250090e+43
1.440000e-15 -3.673594e+21 1.349529e+43
1.455000e-15 -3.811908e+21 1.453064e+43
1.470000e-15 -3.950272e+21 1.560465e+43
1.485000e-15 -4.088342e+21 1.671454e+43
1.500000e-15 -4.225762e+21 1.785706e+43
1.515000e-15 -4.362163e+21 1.902847e+43
1.530000e-15 -4.497166e+21 2.022451e+43
1.545000e-15 -4.630383e+21 2.144045e+43
1.560000e-15 -4.761417e+21 2.267109e+43
1.575000e-15 -4.889861e+21 2.391074e+43
1.590000e-15 -5.015306e+21 2.515330e+43
1.605000e-15 -5.137336e+21 2.639222e+43
1.620000e-15 -5.255531e+21 2.762061e+43
1.635000e-15 -5.369470e+21 2.883121e+43
1.650000e-15 -5.478731e+21 3.001650e+43
1.665000e-15 -5.582894e+21 3.116871e+43
1.680000e-15 -5.681541e+21 3.227990e+43
1.695000e-15 -5.774256e+21 3.334203e+43
1.710000e-15 -5.860633e+21 3.434702e+43
1.725000e-15 -5.940270e+21 3.528681e+43
1.740000e-15 -6.012776e+21 3.615348e+43
1.755000e-15 -6.077771e+21 3.693930e+43
1.770000e-15 -6.134886e+21 3.763682e+43
1.785000e-15 -6.183767e+21 3.823898e+43
1.800000e-15 -6.224077e+21 3.873913e+43
1.815000e-15 -6.255495e+21 3.913121e+43
1.830000e-15 -6.277719e+21 3.940975e+43
1.845000e-15 -6.290469e+21 3.957001e+43
1.860000e-15 -6.293488e+21 3.960799e+43
1.875000e-15 -6.286540e+21 3.952058e+43
1.890000e-15 -6.269415e+21 3.930557e+43
1.905000e-15 -6.241932e+21 3.896172e+43
1.920000e-15 -6.203935e+21 3.848881e+43
1.935000e-15 -6.155299e+21 3.788770e+43
1.950000e-15 -6.095927e+21 3.716033e+43
1.965000e-15 -6.025755e+21 3.630972e+43
1.980000e-15 -5.944751e+21 3.534006e+43
1.995000e-15 -5.852915e+21 3.425661e+43
2.010000e-15 -5.750281e+21 3.306573e+43
2.025000e-15 -5.636918e+21 3.177484e+43
2.040000e-15 -5.512928e+21 3.039238e+43
2.055000e-15 -5.378451e+21 2.892774e+43
2.070000e-15 -5.233659e+21 2.739119e+43
2.085000e-15 -5.078761e+21 2.579382e+43
2.100000e-15 -4.914002e+21 2.414742e+43
2.115000e-15 -4.739661e+21 2.246438e+43
2.130000e-15 -4.556051e+21 2.075760e+43
2.145000e-15 -4.363521e+21 1.904032e+43
2.160000e-15 -4.162454e+21 1.732602e+43
2.175000e-15 -3.953264e+21 1.562830e+43
2.190000e-15 -3.736398e+21 1.396067e+43
2.205000e-15 -3.512335e+21 1.233650e+43
2.220000e-15 -3.281583e+21 1.076879e+43
2.235000e-15 -3.044677e+21 9.270060e+42
2.250000e-15 -2.802183e+21 7.852228e+42
2.265000e-15 -2.554688e+21 6.526431e+42
2.280000e-15 -2.302806e+21 5.302917e+42
2.295000e-15 -2.047173e+21 4.190917e+42
2.310000e-15 -1.788443e+21 3.198528e+42
2.325000e-15 -1.527290e+21 2.332614e+42
2.340000e-15 -1.264403e+21 1.598714e+42
2.355000e-15 -1.000485e+21 1.000970e+42
2.370000e-15 -7.362509e+20 5.420654e+41
2.385000e-15 -4.724241e+20 2.231846e+41
2.400000e-15 -2.097350e+20 4.398876e+40
2.415000e-15 5.108233e+19 2.609404e+39
2.430000e-15 3.092919e+20 9.566147e+40
2.445000e-15 5.641589e+20 3.182753e+41
2.460000e-15 8.149523e+20 6.641472e+41
2.475000e-15 1.060947e+21 1.125609e+42
2.490000e-15 1.301428e+21 1.693715e+42
2.505000e-15 1.535690e+21 2.358345e+42
2.520000e-15 1.763045e+21 3.108326e+42
2.535000e-15 1.982818e+21 3.931566e+42
2.550000e-15 2.194356e+21 4.815200e+42
2.565000e-15 2.397029e+21 5.745750e+42
2.580000e-15 2.590230e+21 6.709289e+42
2.595000e-15 2.773377e+21 7.691623e+42
2.610000e-15 2.945922e+21 8.678458e+42
2.625000e-15 3.107345e+21 9.655594e+42
2.640000e-15 3.257161e+21 1.060910e+43
2.655000e-15 3.394920e+21 1.152548e+43
2.670000e-15 3.520210e+21 1.239188e+43
2.685000e-15 3.632659e+21 1.319621e+43
2.700000e-15 3.731937e+21 1.392735e+43
2.715000e-15 3.817754e+21 1.457524e+43
2.730000e-15 3.889866e+21 1.513106e+43
2.745000e-15 3.948074e+21 1.558729e+43
2.760000e-15 3.992226e+21 1.593787e+43
2.775000e-15 4.022215e+21 1.617822e+43
2.790000e-15 4.037985e+21 1.630533e+43
2.805000e-15 4.039527e+21 1.631778e+43
2.820000e-15 4.026880e+21 1.621576e+43
2.835000e-15 4.000132e+21 1.600106e+43
2.850000e-15 3.959423e+21 1.567703e+43
2.865000e-15 3.904937e+21 1.524853e+43
2.880000e-15 3.836911e+21 1.472189e+43
2.895000e-15 3.755627e+21 1.410473e+43
2.910000e-15 3.661413e+21 1.340595e+43
2.925000e-15 3.554647e+21 1.263551e+43
2.940000e-15 3.435747e+21 1.180436e+43
2.955000e-15 3.305178e+21 1.092420e+43
2.970000e-15 3.163446e+21 1.000739e+43
2.985000e-15 3.011097e+21 9.066703e+42
3.000000e-15 2.848714e+21 8.115170e+42
3.015000e-15 2.676918e+21 7.165893e+42
3.030000e-15 2.496366e+21 6.231841e+42
3.045000e-15 2.307742e+21 5.325672e+42
3.060000e-15 2.111763e+21 4.459544e+42
3.075000e-15 1.909173e+21 3.644940e+42
3.090000e-15 1.700737e+21 2.892506e+42
3.105000e-15 1.487244e+21 2.211896e+42
3.120000e-15 1.269502e+21 1.611635e+42
3.135000e-15 1.048331e+21 1.098997e+42
3.150000e-15 8.245651e+20 6.799076e+41
3.165000e-15 5.990484e+20 3.588590e+41
3.180000e-15 3.726298e+20 1.388530e+41
3.195000e-15 1.461610e+20 2.136304e+40
3.210000e-15 -7.950672e+19 6.321319e+39
3.225000e-15 -3.035260e+20 9.212802e+40
3.240000e-15 -5.250564e+20 2.756842e+41
3.255000e-15 -7.432681e+20 5.524474e+41
3.270000e-15 -9.573445e+20 9.165085e+41
3.285000e-15 -1.166486e+21 1.360690e+42
3.300000e-15 -1.369913e+21 1.876661e+42
3.315000e-15 -1.566868e+21 2.455074e+42
3.330000e-15 -1.756620e+21 3.085713e+42
3.345000e-15 -1.938467e+21 3.757654e+42
3.360000e-15 -2.111738e+21 4.459437e+42
3.375000e-15 -2.275796e+21 5.179248e+42
3.390000e-15 -2.430042e+21 5.905102e+42
3.405000e-15 -2.573913e+21 6.625030e+42
3.420000e-15 -2.706892e+21 7.327263e+42
3.435000e-15 -2.828500e+21 8.000415e+42
3.450000e-15 -2.938308e+21 8.633655e+42
3.465000e-15 -3.035931e+21 9.216877e+42
3.480000e-15 -3.121033e+21 9.740848e+42
3.495000e-15 -3.193329e+21 1.019735e+43
3.510000e-15 -3.252583e+21 1.057930e+43
3.525000e-15 -3.298613e+21 1.088085e+43
3.540000e-15 -3.331288e+21 1.109748e+43
3.555000e-15 -3.350532e+21 1.122606e+43
3.570000e-15 -3.356320e+21 1.126488e+43
3.585000e-15 -3.348682e+21 1.121367e+43
3.600000e-15 -3.327701e+21 1.107360e+43
3.615000e-15 -3.293515e+21 1.084724e+43
3.630000e-15 -3.246310e+21 1.053853e+43
3.645000e-15 -3.186328e+21 1.015269e+43
3.660000e-15 -3.113860e+21 9.696126e+42
3.675000e-15 -3.029246e+21 9.176333e+42
3.690000e-15 -2.932875e+21 8.601756e+42
3.705000e-15 -2.825182e+21 7.981651e+42
3.720000e-15 -2.706645e+21 7.325929e+42
3.735000e-15 -2.577789e+21 6.644995e+42
3.750000e-15 -2.439175e+21 5.949573e+42
3.765000e-15 -2.291404e+21 5.250531e+42
3.780000e-15 -2.135113e+21 4.558706e+42
3.795000e-15 -1.970971e+21 3.884727e+42
3.810000e-15 -1.799679e+21 3.238843e+42
3.825000e-15 -1.621963e+21 2.630763e+42
3.840000e-15 -1.438575e+21 2.069497e+42
3.855000e-15 -1.250287e+21 1.563219e+42
3.870000e-15 -1.057891e+21 1.119134e+42
3.885000e-15 -8.621920e+20 7.433751e+41
3.900000e-15 -6.640060e+20 4.409040e+41
3.915000e-15 -4.641580e+20 2.154427e+41
3.930000e-15 -2.634774e+20 6.942033e+40
3.945000e-15 -6.279440e+19 3.943137e+39
3.960000e-15 1.370629e+20 1.878625e+40
3.975000e-15 3.352724e+20 1.124076e+41
3.990000e-15 5.310210e+20 2.819833e+41
4.005000e-15 7.235082e+20 5.234642e+41
4.020000e-15 9.119495e+20 8.316520e+41
4.035000e-15 1.095579e+21 1.200294e+42
4.050000e-15 1.273655e+21 1.622197e+42
4.065000e-15 1.445458e+21 2.089348e+42
4.080000e-15 1.610299e+21 2.593062e+42
4.095000e-15 1.767520e+21 3.124126e+42
4.110000e-15 1.916496e+21 3.672956e+42
4.125000e-15 2.056639e+21 4.229764e+42
4.140000e-15 2.187400e+21 4.784720e+42
4.155000e-15 2.308271e+21 5.328117e+42
4.170000e-15 2.418787e+21 5.850531e+42
4.185000e-15 2.518527e+21 6.342980e+42
4.200000e-15 2.607119e+21 6.797068e+42
4.215000e-15 2.684236e+21 7.205123e+42
4.230000e-15 2.749603e+21 7.560318e+42
4.245000e-15 2.802995e+21 7.856782e+42
4.260000e-15 2.844238e+21 8.089688e+42
4.275000e-15 2.873209e+21 8.255328e+42
4.290000e-15 2.889838e+21 8.351166e+42
4.305000e-15 2.894110e+21 8.375871e+42
4.320000e-15 2.886058e+21 8.329330e+42
4.335000e-15 2.865771e+21 8.212641e+42
4.350000e-15 2.833387e+21 8.028080e+42
4.365000e-15 2.789097e+21 7.779061e+42
4.380000e-15 2.733141e+21 7.470060e+42
4.395000e-15 2.665809e+21 7.106537e+42
4.410000e-15 2.587437e+21 6.694829e+42
4.425000e-15 2.498408e+21 6.242041e+42
4.440000e-15 2.399149e+21 5.755915e+42
4.455000e-15 2.290129e+21 5.244693e+42
4.470000e-15 2.171859e+21 4.716971e+42
4.485000e-15 2.044885e+21 4.181555e+42
4.500000e-15 1.909790e+21 3.647299e+42
4.515000e-15 1.767191e+21 3.122964e+42
4.530000e-15 1.617732e+21 2.617058e+42
4.545000e-15 1.462088e+21 2.137701e+42
4.560000e-15 1.300955e+21 1.692483e+42
4.575000e-15 1.135051e+21 1.288342e+42
4.590000e-15 9.651144e+20 9.314459e+41
4.605000e-15 7.918953e+20 6.270982e+41
4.620000e-15 6.161568e+20 3.796491e+41
4.635000e-15 4.386698e+20 1.924312e+41
4.650000e-15 2.602102e+20 6.770934e+40
4.665000e-15 8.155513e+19 6.651239e+39
4.680000e-15 -9.652011e+19 9.316132e+39
4.695000e-15 -2.732456e+20 7.466318e+40
4.710000e-15 -4.478602e+20 2.005788e+41
4.725000e-15 -6.196145e+20 3.839221e+41
4.740000e-15 -7.877743e+20 6.205884e+41
4.755000e-15 -9.516239e+20 9.055881e+41
4.770000e-15 -1.110469e+21 1.233141e+42
4.785000e-15 -1.263639e+21 1.596784e+42
4.800000e-15 -1.410492e+21 1.989488e+42
4.815000e-15 -1.550414e+21 2.403785e+42
4.830000e-15 -1.682826e+21 2.831904e+42
4.845000e-15 -1.807182e+21 3.265905e+42
4.860000e-15 -1.922973e+21 3.697825e+42
4.875000e-15 -2.029731e+21 4.119810e+42
4.890000e-15 -2.127029e+21 4.524254e+42
4.905000e-15 -2.214483e+21 4.903934e+42
4.920000e-15 -2.291752e+21 5.252126e+42
4.935000e-15 -2.358542e+21 5.562722e+42
4.950000e-15 -2.414608e+21 5.830333e+42
4.965000e-15 -2.459750e+21 6.050372e+42
4.980000e-15 -2.493820e+21 6.219136e+42
4.995000e-15 -2.516715e+21 6.333853e+42
5.010000e-15 -2.528385e+21 6.392732e+42
5.025000e-15 -2.528830e+21 6.394979e+42
5.040000e-15 -2.518096e+21 6.340808e+42
5.055000e-15 -2.496282e+21 6.231424e+42
5.070000e-15 -2.463533e+21 6.068996e+42
5.085000e-15 -2.420043e+21 5.856610e+42
5.100000e-15 -2.366053e+21 5.598205e+42
5.115000e-15 -2.301847e+21 5.298499e+42
5.130000e-15 -2.227756e+21 4.962896e+42
5.145000e-15 -2.144152e+21 4.597388e+42
5.160000e-15 -2.051449e+21 4.208442e+42
5.175000e-15 -1.950097e+21 3.802880e+42
5.190000e-15 -1.840587e+21 3.387760e+42
5.205000e-15 -1.723440e+21 2.970244e+42
5.220000e-15 -1.599210e+21 2.557473e+42
5.235000e-15 -1.468483e+21 2.156442e+42
5.250000e-15 -1.331868e+21 1.773872e+42
5.265000e-15 -1.189999e+21 1.416099e+42
5.280000e-15 -1.043533e+21 1.088961e+42
5.295000e-15 -8.931418e+20 7.977022e+41
5.310000e-15 -7.395136e+20 5.468804e+41
5.325000e-15 -5.833482e+20 3.402952e+41
5.340000e-15 -4.253540e+20 1.809260e+41
5.355000e-15 -2.662445e+20 7.088612e+40
5.370000e-15 -1.067356e+20 1.139248e+40
5.385000e-15 5.245796e+19 2.751837e+39
5.400000e-15 2.106255e+20 4.436311e+40
5.415000e-15 3.670639e+20 1.347359e+41
5.430000e-15 5.210805e+20 2.715249e+41
5.445000e-15 6.719962e+20 4.515789e+41
5.460000e-15 8.191485e+20 6.710042e+41
5.475000e-15 9.618943e+20 9.252407e+41
5.490000e-15 1.099613e+21 1.209149e+42
5.505000e-15 1.231709e+21 1.517106e+42
5.520000e-15 1.357613e+21 1.843114e+42
5.535000e-15 1.476789e+21 2.180906e+42
5.550000e-15 1.588730e+21 2.524063e+42
5.565000e-15 1.692965e+21 2.866130e+42
5.580000e-15 1.789059e+21 3.200732e+42
5.595000e-15 1.876616e+21 3.521688e+42
5.610000e-15 1.955280e+21 3.823119e+42
5.625000e-15 2.024735e+21 4.099553e+42
5.640000e-15 2.084711e+21 4.346018e+42
5.655000e-15 2.134977e+21 4.558127e+42
5.670000e-15 2.175351e+21 4.732152e+42
5.685000e-15 2.205694e+21 4.865087e+42
5.700000e-15 2.225914e+21 4.954694e+42
5.715000e-15 2.235965e+21 4.999538e+42
5.730000e-15 2.235845e+21 4.999002e+42
5.745000e-15 2.225601e+21 4.953298e+42
5.760000e-15 2.205323e+21 4.863449e+42
5.775000e-15 2.175148e+21 4.731270e+42
5.790000e-15 2.135257e+21 4.559321e+42
5.805000e-15 2.085872e+21 4.350862e+42
5.820000e-15 2.027260e+21 4.109782e+42
5.835000e-15 1.959727e+21 3.840528e+42
5.850000e-15 1.883618e+21 3.548016e+42
5.865000e-15 1.799317e+21 3.237541e+42
5.880000e-15 1.707242e+21 2.914675e+42
5.895000e-15 1.607846e+21 2.585168e+42
5.910000e-15 1.501611e+21 2.254837e+42
5.925000e-15 1.389052e+21 1.929466e+42
5.940000e-15 1.270707e+21 1.614697e+42
5.955000e-15 1.147140e+21 1.315930e+42
5.970000e-15 1.018936e+21 1.038230e+42
5.985000e-15 8.866976e+20 7.862327e+41
6.000000e-15 7.510456e+20 5.640695e+41
6.015000e-15 6.126122e+20 3.752937e+41
6.030000e-15 4.720402e+20 2.228219e+41
6.045000e-15 3.299793e+20 1.088863e+41
6.060000e-15 1.870837e+20 3.500030e+40
6.075000e-15 4.400846e+19 1.936745e+39
6.090000e-15 -9.859299e+19 9.720579e+39
6.105000e-15 -2.400721e+20 5.763463e+40
6.120000e-15 -3.797882e+20 1.442390e+41
6.135000e-15 -5.171109e+20 2.674036e+41
6.150000e-15 -6.514235e+20 4.243526e+41
6.165000e-15 -7.821257e+20 6.117206e+41
6.180000e-15 -9.086358e+20 8.256190e+41
6.195000e-15 -1.030394e+21 1.061711e+42
6.210000e-15 -1.146864e+21 1.315296e+42
6.225000e-15 -1.257535e+21 1.581395e+42
6.240000e-15 -1.361928e+21 1.854848e+42
6.255000e-15 -1.459591e+21 2.130406e+42
6.270000e-15 -1.550106e+21 2.402830e+42
6.285000e-15 -1.633091e+21 2.666986e+42
6.300000e-15 -1.708197e+21 2.917936e+42
6.315000e-15 -1.775114e+21 3.151031e+42
6.330000e-15 -1.833572e+21 3.361987e+42
6.345000e-15 -1.883339e+21 3.546966e+42
6.360000e-15 -1.924224e+21 3.702639e+42
6.375000e-15 -1.956079e+21 3.826244e+42
6.390000e-15 -1.978795e+21 3.915632e+42
6.405000e-15 -1.992310e+21 3.969298e+42
6.420000e-15 -1.996600e+21 3.986410e+42
6.435000e-15 -1.991685e+21 3.966808e+42
6.450000e-15 -1.977628e+21 3.911012e+42
6.465000e-15 -1.954533e+21 3.820200e+42
6.480000e-15 -1.922546e+21 3.696182e+42
6.495000e-15 -1.881851e+21 3.541364e+42
6.510000e-15 -1.832674e+21 3.358695e+42
6.525000e-15 -1.775278e+21 3.151612e+42
6.540000e-15 -1.709962e+21 2.923969e+42
6.555000e-15 -1.637060e+21 2.679966e+42
6.570000e-15 -1.556942e+21 2.424069e+42
6.585000e-15 -1.470008e+21 2.160923e+42
6.600000e-15 -1.376687e+21 1.895266e+42
6.615000e-15 -1.277437e+21 1.631844e+42
6.630000e-15 -1.172740e+21 1.375320e+42
6.645000e-15 -1.063104e+21 1.130191e+42
6.660000e-15 -9.490552e+20 9.007058e+41
6.675000e-15 -8.311382e+20 6.907906e+41
6.690000e-15 -7.099139e+20 5.039778e+41
6.705000e-15 -5.859562e+20 3.433447e+41
6.720000e-15 -4.598490e+20 2.114611e+41
6.735000e-15 -3.321839e+20 1.103462e+41
6.750000e-15 -2.035573e+20 4.143555e+40
6.765000e-15 -7.456743e+19 5.560301e+39
6.780000e-15 5.418790e+19 2.936328e+39
6.795000e-15 1.821146e+20 3.316572e+40
6.810000e-15 3.086247e+20 9.524919e+40
6.825000e-15 4.331392e+20 1.876096e+41
6.840000e-15 5.550907e+20 3.081256e+41
6.855000e-15 6.739258e+20 4.541760e+41
6.870000e-15 7.891079e+20 6.226913e+41
6.885000e-15 9.001194e+20 8.102150e+41
6.900000e-15 1.006464e+21 1.012970e+42
6.915000e-15 1.107669e+21 1.226931e+42
6.930000e-15 1.203288e+21 1.447902e+42
6.945000e-15 1.292901e+21 1.671593e+42
6.960000e-15 1.376119e+21 1.893703e+42
6.975000e-15 1.452582e+21 2.109996e+42
6.990000e-15 1.521966e+21 2.316381e+42
7.005000e-15 1.583978e+21 2.508987e+42
7.020000e-15 1.638362e+21 2.684230e+42
7.035000e-15 1.684898e+21 2.838881e+42
7.050000e-15 1.723403e+21 2.970118e+42
7.065000e-15 1.753732e+21 3.075577e+42
7.080000e-15 1.775780e+21 3.153394e+42
7.095000e-15 1.789478e+21 3.202232e+42
7.110000e-15 1.794798e+21 3.221302e+42
7.125000e-15 1.791752e+21 3.210374e+42
7.140000e-15 1.780387e+21 3.169778e+42
7.155000e-15 1.760792e+21 3.100389e+42
7.170000e-15 1.733093e+21 3.003611e+42
7.185000e-15 1.697452e+21 2.881344e+42
7.200000e-15 1.654068e+21 2.735942e+42
7.215000e-15 1.603176e+21 2.570174e+42
7.230000e-15 1.545044e+21 2.387160e+42
7.245000e-15 1.479971e+21 2.190315e+42
7.260000e-15 1.408291e+21 1.983283e+42
7.275000e-15 1.330364e+21 1.769867e+42
7.290000e-15 1.246578e+21 1.553957e+42
7.305000e-15 1.157349e+21 1.339457e+42
7.320000e-15 1.063114e+21 1.130212e+42
7.335000e-15 9.643334e+20 9.299390e+41
7.350000e-15 8.614854e+20 7.421572e+41
7.365000e-15 7.550662e+20 5.701250e+41
7.380000e-15 6.455864e+20 4.167818e+41
7.395000e-15 5.335687e+20 2.846956e+41
7.410000e-15 4.195457e+20 1.760186e+41
7.425000e-15 3.040570e+20 9.245065e+40
7.440000e-15 1.876470e+20 3.521140e+40
7.455000e-15 7.086225e+19 5.021458e+39
7.470000e-15 -4.575123e+19 2.093175e+39
7.485000e-15 -1.616504e+20 2.613084e+40
7.500000e-15 -2.762975e+20 7.634033e+40
7.515000e-15 -3.891632e+20 1.514480e+41
7.530000e-15 -4.997281e+20 2.497282e+41
7.545000e-15 -6.074859e+20 3.690392e+41
7.560000e-15 -7.119454e+20 5.068662e+41
7.575000e-15 -8.126325e+20 6.603716e+41
7.590000e-15 -9.090929e+20 8.264500e+41
7.605000e-15 -1.000894e+21 1.001788e+42
7.620000e-15 -1.087625e+21 1.182929e+42
7.635000e-15 -1.168904e+21 1.366336e+42
7.650000e-15 -1.244371e+21 1.548460e+42
7.665000e-15 -1.313700e+21 1.725808e+42
7.680000e-15 -1.376591e+21 1.895004e+42
7.695000e-15 -1.432777e+21 2.052850e+42
7.710000e-15 -1.482023e+21 2.196392e+42
7.725000e-15 -1.524127e+21 2.322962e+42
7.740000e-15 -1.558921e+21 2.430235e+42
7.755000e-15 -1.586273e+21 2.516263e+42
7.770000e-15 -1.606086e+21 2.579512e+42
7.785000e-15 -1.618297e+21 2.618886e+42
7.800000e-15 -1.622881e+21 2.633743e+42
7.815000e-15 -1.619848e+21 2.623906e+42
7.830000e-15 -1.609242e+21 2.589659e+42
7.845000e-15 -1.591144e+21 2.531739e+42
7.860000e-15 -1.565670e+21 2.451322e+42
7.875000e-15 -1.532969e+21 2.349993e+42
7.890000e-15 -1.493223e+21 2.229714e+42
7.905000e-15 -1.446647e+21 2.092787e+42
7.920000e-15 -1.393487e+21 1.941806e+42
7.935000e-15 -1.334019e+21 1.779606e+42
7.950000e-15 -1.268546e+21 1.609210e+42
7.965000e-15 -1.197401e+21 1.433768e+42
7.980000e-15 -1.120938e+21 1.256502e+42
7.995000e-15 -1.039538e+21 1.080640e+42
8.010000e-15 -9.536027e+20 9.093582e+41
8.025000e-15 -8.635524e+20 7.457228e+41
8.040000e-15 -7.698260e+20 5.926321e+41
8.055000e-15 -6.728777e+20 4.527643e+41
8.070000e-15 -5.731748e+20 3.285293e+41
8.085000e-15 -4.711959e+20 2.220255e+41
8.100000e-15 -3.674282e+20 1.350035e+41
8.115000e-15 -2.623656e+20 6.883570e+40
8.130000e-15 -1.565059e+20 2.449408e+40
8.145000e-15 -5.034869e+19 2.534990e+39
8.160000e-15 5.560684e+19 3.092121e+39
8.175000e-15 1.608645e+20 2.587740e+40
8.190000e-15 2.649334e+20 7.018972e+40
8.205000e-15 3.673300e+20 1.349314e+41
8.220000e-15 4.675807e+20 2.186317e+41
8.235000e-15 5.652235e+20 3.194776e+41
8.250000e-15 6.598107e+20 4.353501e+41
8.265000e-15 7.509106e+20 5.638667e+41
8.280000e-15 8.381096e+20 7.024277e+41
8.295000e-15 9.210140e+20 8.482668e+41
8.310000e-15 9.992517e+20 9.985040e+41
8.325000e-15 1.072474e+21 1.150201e+42
8.340000e-15 1.140357e+21 1.300415e+42
8.355000e-15 1.202604e+21 1.446256e+42
8.370000e-15 1.258944e+21 1.584940e+42
8.385000e-15 1.309137e+21 1.713839e+42
8.400000e-15 1.352970e+21 1.830529e+42
8.415000e-15 1.390265e+21 1.932836e+42
8.430000e-15 1.420871e+21 2.018874e+42
8.445000e-15 1.444671e+21 2.087074e+42
8.460000e-15 1.461580e+21 2.136217e+42
8.475000e-15 1.471547e+21 2.165451e+42
8.490000e-15 1.474552e+21 2.174303e+42
8.505000e-15 1.470608e+21 2.162689e+42
8.520000e-15 1.459762e+21 2.130906e+42
8.535000e-15 1.442092e+21 2.079631e+42
8.550000e-15 1.417708e+21 2.009897e+42
8.565000e-15 1.386752e+21 1.923080e+42
8.580000e-15 1.349394e+21 1.820864e+42
8.595000e-15 1.305836e+21 1.705207e+42
8.610000e-15 1.256307e+21 1.578306e+42
8.625000e-15 1.201063e+21 1.442553e+42
8.640000e-15 1.140388e+21 1.300484e+42
8.655000e-15 1.074587e+21 1.154737e+42
8.670000e-15 1.003990e+21 1.007997e+42
8.685000e-15 9.289496e+20 8.629473e+41
8.700000e-15 8.498347e+20 7.222191e+41
8.715000e-15 7.670342e+20 5.883414e+41
8.730000e-15 6.809520e+20 4.636956e+41
8.745000e-15 5.920062e+20 3.504713e+41
8.760000e-15 5.006265e+20 2.506269e+41
8.775000e-15 4.072526e+20 1.658547e+41
8.790000e-15 3.123319e+20 9.755120e+40
8.805000e-15 2.163171e+20 4.679308e+40
8.820000e-15 1.196646e+20 1.431961e+40
8.835000e-15 2.283179e+19 5.212905e+38
8.850000e-15 -7.372461e+19 5.435318e+39
8.865000e-15 -1.695511e+20 2.874757e+40
8.880000e-15 -2.641992e+20 6.980123e+40
8.895000e-15 -3.572280e+20 1.276118e+41
8.910000e-15 -4.482055e+20 2.008881e+41
8.925000e-15 -5.367112e+20 2.880590e+41
8.940000e-15 -6.223381e+20 3.873047e+41
8.955000e-15 -7.046938e+20 4.965933e+41
8.970000e-15 -7.834031e+20 6.137204e+41
8.985000e-15 -8.581095e+20 7.363519e+41
9.000000e-15 -9.284764e+20 8.620685e+41
9.015000e-15 -9.941893e+20 9.884123e+41
9.030000e-15 -1.054956e+21 1.112933e+42
9.045000e-15 -1.110511e+21 1.233234e+42
9.060000e-15 -1.160610e+21 1.347016e+42
9.075000e-15 -1.205040e+21 1.452122e+42
9.090000e-15 -1.243613e+21 1.546574e+42
9.105000e-15 -1.276170e+21 1.628609e+42
9.120000e-15 -1.302580e+21 1.696714e+42
9.135000e-15 -1.322743e+21 1.749648e+42
9.150000e-15 -1.336587e+21 1.786465e+42
9.165000e-15 -1.344072e+21 1.806530e+42
9.180000e-15 -1.345187e+21 1.809529e+42
9.195000e-15 -1.339951e+21 1.795469e+42
9.210000e-15 -1.328413e+21 1.764682e+42
9.225000e-15 -1.310652e+21 1.717809e+42
9.240000e-15 -1.286775e+21 1.655790e+42
9.255000e-15 -1.256918e+21 1.579844e+42
9.270000e-15 -1.221246e+21 1.491441e+42
9.285000e-15 -1.179947e+21 1.392275e+42
9.300000e-15 -1.133239e+21 1.284231e+42
9.315000e-15 -1.081363e+21 1.169346e+42
9.330000e-15 -1.024583e+21 1.049769e+42
9.345000e-15 -9.631846e+20 9.277246e+41
9.360000e-15 -8.974763e+20 8.054637e+41
9.375000e-15 -8.277839e+20 6.852262e+41
9.390000e-15 -7.544515e+20 5.691970e+41
9.405000e-15 -6.778386e+20 4.594652e+41
9.420000e-15 -5.983193e+20 3.579860e+41
9.435000e-15 -5.162797e+20 2.665447e+41
9.450000e-15 -4.321164e+20 1.867246e+41
9.465000e-15 -3.462346e+20 1.198784e+41
9.480000e-15 -2.590460e+20 6.710482e+40
9.495000e-15 -1.709669e+20 2.922968e+40
9.510000e-15 -8.241634e+19 6.792454e+39
9.525000e-15 6.186045e+18 3.826716e+37
9.540000e-15 9.442195e+19 8.915504e+39
9.555000e-15 1.818763e+20 3.307900e+40
9.570000e-15 2.681394e+20 7.189875e+40
9.585000e-15 3.528085e+20 1.244739e+41
9.600000e-15 4.354901e+20 1.896516e+41
9.615000e-15 5.158013e+20 2.660510e+41
9.630000e-15 5.933719e+20 3.520903e+41
9.645000e-15 6.678462e+20 4.460185e+41
9.660000e-15 7.388841e+20 5.459497e+41
9.675000e-15 8.061632e+20 6.498990e+41
9.690000e-15 8.693799e+20 7.558214e+41
9.705000e-15 9.282510e+20 8.616499e+41
9.720000e-15 9.825148e+20 9.653353e+41
9.735000e-15 1.031932e+21 1.064884e+42
9.750000e-15 1.076288e+21 1.158397e+42
9.765000e-15 1.115392e+21 1.244100e+42
9.780000e-15 1.149079e+21 1.320382e+42
9.795000e-15 1.177210e+21 1.385823e+42
9.810000e-15 1.199672e+21 1.439213e+42
9.825000e-15 1.216381e+21 1.479583e+42
9.840000e-15 1.227280e+21 1.506215e+42
9.855000e-15 1.232337e+21 1.518655e+42
9.870000e-15 1.231552e+21 1.516720e+42
9.885000e-15 1.224949e+21 1.500500e+42
9.900000e-15 1.212581e+21 1.470354e+42
9.915000e-15 1.194528e+21 1.426898e+42
9.930000e-15 1.170896e+21 1.370998e+42
9.945000e-15 1.141818e+21 1.303748e+42
9.960000e-15 1.107450e+21 1.226445e+42
9.975000e-15 1.067974e+21 1.140569e+42
9.990000e-15 1.023596e+21 1.047749e+42
1.000500e-14 9.745437e+20 9.497354e+41
1.002000e-14 9.210655e+20 8.483616e+41
1.003500e-14 8.634303e+20 7.455119e+41
1.005000e-14 8.019258e+20 6.430849e+41
1.006500e-14 7.368565e+20 5.429575e+41
1.008000e-14 6.685430e+20 4.469497e+41
1.009500e-14 5.973198e+20 3.567909e+41
1.011000e-14 5.235340e+20 2.740878e+41
1.012500e-14 4.475435e+20 2.002952e+41
1.014000e-14 3.697154e+20 1.366895e+41
1.015500e-14 2.904242e+20 8.434619e+40
1.017000e-14 2.100496e+20 4.412082e+40
1.018500e-14 1.289754e+20 1.663465e+40
1.020000e-14 4.758717e+19 2.264538e+39
1.021500e-14 -3.372939e+19 1.137672e+39
1.023000e-14 -1.145903e+20 1.313095e+40
1.024500e-14 -1.946153e+20 3.787511e+40
1.026000e-14 -2.734291e+20 7.476349e+40
1.027500e-14 -3.506639e+20 1.229651e+41
1.029000e-14 -4.259602e+20 1.814421e+41
1.030500e-14 -4.989695e+20 2.489705e+41
1.032000e-14 -5.693548e+20 3.241649e+41
1.033500e-14 -6.367931e+20 4.055055e+41
1.035000e-14 -7.009764e+20 4.913678e+41
1.036500e-14 -7.616129e+20 5.800542e+41
1.038000e-14 -8.184290e+20 6.698260e+41
1.039500e-14 -8.711698e+20 7.589368e+41
1.041000e-14 -9.196008e+20 8.456656e+41
1.042500e-14 -9.635084e+20 9.283485e+41
1.044000e-14 -1.002701e+21 1.005410e+42
1.045500e-14 -1.037012e+21 1.075393e+42
1.047000e-14 -1.066294e+21 1.136983e+42
1.048500e-14 -1.090428e+21 1.189034e+42
1.050000e-14 -1.109319e+21 1.230588e+42
1.051500e-14 -1.122895e+21 1.260893e+42
1.053000e-14 -1.131111e+21 1.279413e+42
1.054500e-14 -1.133948e+21 1.285838e+42
1.056000e-14 -1.131411e+21 1.280092e+42
1.057500e-14 -1.123532e+21 1.262324e+42
1.059000e-14 -1.110366e+21 1.232912e+42
1.060500e-14 -1.091994e+21 1.192451e+42
1.062000e-14 -1.068522e+21 1.141739e+42
1.063500e-14 -1.040079e+21 1.081763e+42
1.065000e-14 -1.006816e+21 1.013678e+42
1.066500e-14 -9.689076e+20 9.387819e+41
1.068000e-14 -9.265498e+20 8.584946e+41
1.069500e-14 -8.799582e+20 7.743265e+41
1.071000e-14 -8.293679e+20 6.878511e+41
1.072500e-14 -7.750320e+20 6.006746e+41
1.074000e-14 -7.172205e+20 5.144052e+41
1.075500e-14 -6.562188e+20 4.306231e+41
1.077000e-14 -5.923264e+20 3.508506e+41
1.078500e-14 -5.258555e+20 2.765240e+41
1.080000e-14 -4.571291e+20 2.089670e+41
1.081500e-14 -3.864801e+20 1.493668e+41
1.083000e-14 -3.142490e+20 9.875245e+40
1.084500e-14 -2.407829e+20 5.797639e+40
1.086000e-14 -1.664332e+20 2.770000e+40
1.087500e-14 -9.155441e+19 8.382210e+39
1.089000e-14 -1.650239e+19 2.723290e+38
1.090500e-14 5.836753e+19 3.406769e+39
1.092000e-14 1.327021e+20 1.760985e+40
1.093500e-14 2.061518e+20 4.249856e+40
1.095000e-14 2.783725e+20 7.749123e+40
1.096500e-14 3.490270e+20 1.218198e+41
1.098000e-14 4.177868e+20 1.745458e+41
1.099500e-14 4.843333e+20 2.345788e+41
1.101000e-14 5.483597e+20 3.006984e+41
1.102500e-14 6.095719e+20 3.715779e+41
1.104000e-14 6.676902e+20 4.458103e+41
1.105500e-14 7.224506e+20 5.219348e+41
1.107000e-14 7.736056e+20 5.984655e+41
1.108500e-14 8.209257e+20 6.739190e+41
1.110000e-14 8.642004e+20 7.468424e+41
1.111500e-14 9.032390e+20 8.158406e+41
1.113000e-14 9.378712e+20 8.796024e+41
1.114500e-14 9.679485e+20 9.369242e+41
1.116000e-14 9.933440e+20 9.867324e+41
1.117500e-14 1.013954e+21 1.028102e+42
1.119000e-14 1.029696e+21 1.060275e+42
1.120500e-14 1.040514e+21 1.082670e+42
1.122000e-14 1.046372e+21 1.094895e+42
1.123500e-14 1.047260e+21 1.096754e+42
1.125000e-14 1.043190e+21 1.088246e+42
1.126500e-14 1.034198e+21 1.069566e+42
1.128000e-14 1.020343e+21 1.041101e+42
1.129500e-14 1.001708e+21 1.003418e+42
1.131000e-14 9.783952e+20 9.572572e+41
1.132500e-14 9.505317e+20 9.035105e+41
1.134000e-14 9.182642e+20 8.432091e+41
1.135500e-14 8.817599e+20 7.775005e+41
1.137000e-14 8.412055e+20 7.076267e+41
1.138500e-14 7.968063e+20 6.349003e+41
1.140000e-14 7.487849e+20 5.606788e+41
1.141500e-14 6.973804e+20 4.863394e+41
1.143000e-14 6.428469e+20 4.132521e+41
1.144500e-14 5.854527e+20 3.427548e+41
1.146000e-14 5.254784e+20 2.761276e+41
1.147500e-14 4.632162e+20 2.145693e+41
1.149000e-14 3.989679e+20 1.591754e+41
1.150500e-14 3.330437e+20 1.109181e+41
1.152000e-14 2.657608e+20 7.062882e+40
1.153500e-14 1.974417e+20 3.898321e+40
1.155000e-14 1.284126e+20 1.648979e+40
1.156500e-14 5.900222e+19 3.481262e+39
1.158000e-14 -1.046014e+19 1.094145e+38
1.159500e-14 -7.964599e+19 6.343483e+39
1.161000e-14 -1.482292e+20 2.197190e+40
1.162500e-14 -2.158876e+20 4.660747e+40
1.164000e-14 -2.823045e+20 7.969581e+40
1.165500e-14 -3.471698e+20 1.205269e+41
1.167000e-14 -4.101822e+20 1.682494e+41
1.168500e-14 -4.710498e+20 2.218879e+41
1.170000e-14 -5.294918e+20 2.803615e+41
1.171500e-14 -5.852399e+20 3.425058e+41
1.173000e-14 -6.380394e+20 4.070942e+41
1.174500e-14 -6.876501e+20 4.728627e+41
1.176000e-14 -7.338480e+20 5.385329e+41
1.177500e-14 -7.764257e+20 6.028368e+41
1.179000e-14 -8.151935e+20 6.645404e+41
1.180500e-14 -8.499805e+20 7.224668e+41
1.182000e-14 -8.806350e+20 7.755181e+41
1.183500e-14 -9.070255e+20 8.226952e+41
1.185000e-14 -9.290407e+20 8.631167e+41
1.186500e-14 -9.465907e+20 8.960340e+41
1.188000e-14 -9.596067e+20 9.208450e+41
1.189500e-14 -9.680417e+20 9.371047e+41
1.191000e-14 -9.718703e+20 9.445318e+41
1.192500e-14 -9.710890e+20 9.430139e+41
1.194000e-14 -9.657163e+20 9.326080e+41
1.195500e-14 -9.557920e+20 9.135383e+41
1.197000e-14 -9.413773e+20 8.861912e+41
1.198500e-14 -9.225546e+20 8.511071e+41
1.200000e-14 -8.994268e+20 8.089686e+41
1.201500e-14 -8.721166e+20 7.605874e+41
1.203000e-14 -8.407663e+20 7.068879e+41
1.204500e-14 -8.055366e+20 6.488893e+41
1.206000e-14 -7.666063e+20 5.876853e+41
1.207500e-14 -7.241709e+20 5.244235e+41
1.209000e-14 -6.784418e+20 4.602832e+41
1.210500e-14 -6.296454e+20 3.964533e+41
1.212000e-14 -5.780218e+20 3.341092e+41
1.213500e-14 -5.238238e+20 2.743914e+41
1.215000e-14 -4.673155e+20 2.183838e+41
1.216500e-14 -4.087710e+20 1.670938e+41
1.218000e-14 -3.484734e+20 1.214337e+41
1.219500e-14 -2.867129e+20 8.220428e+40
1.221000e-14 -2.237859e+20 5.008013e+40
1.222500e-14 -1.599934e+20 2.559787e+40
1.224000e-14 -9.563935e+19 9.146885e+39
1.225500e-14 -3.102971e+19 9.628426e+38
1.227000e-14 3.352950e+19 1.124227e+39
1.228500e-14 9.773336e+19 9.551809e+39
1.230000e-14 1.612796e+20 2.601110e+40
1.231500e-14 2.238699e+20 5.011774e+40
1.233000e-14 2.852115e+20 8.134561e+40
1.234500e-14 3.450183e+20 1.190376e+41
1.236000e-14 4.030124e+20 1.624190e+41
1.237500e-14 4.589252e+20 2.106123e+41
1.239000e-14 5.124989e+20 2.626551e+41
1.240500e-14 5.634873e+20 3.175179e+41
1.242000e-14 6.116573e+20 3.741247e+41
1.243500e-14 6.567898e+20 4.313729e+41
1.245000e-14 6.986807e+20 4.881548e+41
1.246500e-14 7.371418e+20 5.433780e+41
1.248000e-14 7.720015e+20 5.959864e+41
1.249500e-14 8.031060e+20 6.449793e+41
1.251000e-14 8.303195e+20 6.894304e+41
1.252500e-14 8.535248e+20 7.285047e+41
1.254000e-14 8.726245e+20 7.614735e+41
1.255500e-14 8.875403e+20 7.877277e+41
1.257000e-14 8.982141e+20 8.067886e+41
1.258500e-14 9.046081e+20 8.183158e+41
1.260000e-14 9.067047e+20 8.221134e+41
1.261500e-14 9.045066e+20 8.181322e+41
1.263000e-14 8.980368e+20 8.064701e+41
1.264500e-14 8.873384e+20 7.873694e+41
1.266000e-14 8.724743e+20 7.612115e+41
1.267500e-14 8.535270e+20 7.285083e+41
1.269000e-14 8.305978e+20 6.898927e+41
1.270500e-14 8.038067e+20 6.461051e+41
1.272000e-14 7.732914e+20 5.979795e+41
1.273500e-14 7.392069e+20 5.464268e+41
1.275000e-14 7.017245e+20 4.924173e+41
1.276500e-14 6.610313e+20 4.369624e+41
1.278000e-14 6.173286e+20 3.810946e+41
1.279500e-14 5.708315e+20 3.258486e+41
1.281000e-14 5.217679e+20 2.722417e+41
1.282500e-14 4.703767e+20 2.212543e+41
1.284000e-14 4.169075e+20 1.738119e+41
1.285500e-14 3.616188e+20 1.307681e+41
1.287000e-14 3.047769e+20 9.288895e+40
1.288500e-14 2.466548e+20 6.083859e+40
1.290000e-14 1.875307e+20 3.516776e+40
1.291500e-14 1.276867e+20 1.630390e+40
1.293000e-14 6.740764e+19 4.543790e+39
1.294500e-14 6.979416e+18 4.871225e+37
1.296000e-14 -5.331207e+19 2.842177e+39
1.297500e-14 -1.131824e+20 1.281025e+40
1.299000e-14 -1.723499e+20 2.970449e+40
1.300500e-14 -2.305371e+20 5.314735e+40
1.302000e-14 -2.874718e+20 8.264003e+40
1.303500e-14 -3.428886e+20 1.175726e+41
1.305000e-14 -3.965299e+20 1.572359e+41
1.306500e-14 -4.481472e+20 2.008359e+41
1.308000e-14 -4.975024e+20 2.475087e+41
1.309500e-14 -5.443686e+20 2.963371e+41
1.311000e-14 -5.885312e+20 3.463689e+41
1.312500e-14 -6.297890e+20 3.966342e+41
1.314000e-14 -6.679552e+20 4.461642e+41
1.315500e-14 -7.028580e+20 4.940094e+41
1.317000e-14 -7.343414e+20 5.392573e+41
1.318500e-14 -7.622661e+20 5.810496e+41
1.320000e-14 -7.865098e+20 6.185976e+41
1.321500e-14 -8.069680e+20 6.511973e+41
1.323000e-14 -8.235544e+20 6.782418e+41
1.324500e-14 -8.362010e+20 6.992322e+41
1.326000e-14 -8.448589e+20 7.137866e+41
1.327500e-14 -8.494979e+20 7.216466e+41
1.329000e-14 -8.501068e+20 7.226816e+41
1.330500e-14 -8.466936e+20 7.168901e+41
1.332000e-14 -8.392853e+20 7.043998e+41
1.333500e-14 -8.279274e+20 6.854638e+41
1.335000e-14 -8.126842e+20 6.604557e+41
1.336500e-14 -7.936381e+20 6.298614e+41
1.338000e-14 -7.708890e+20 5.942698e+41
1.339500e-14 -7.445542e+20 5.543610e+41
1.341000e-14 -7.147677e+20 5.108928e+41
1.342500e-14 -6.816792e+20 4.646865e+41
1.344000e-14 -6.454537e+20 4.166105e+41
1.345500e-14 -6.062706e+20 3.675640e+41
1.347000e-14 -5.643227e+20 3.184601e+41
1.348500e-14 -5.198153e+20 2.702080e+41
1.350000e-14 -4.729655e+20 2.236963e+41
1.351500e-14 -4.240005e+20 1.797764e+41
1.353000e-14 -3.731572e+20 1.392463e+41
1.354500e-14 -3.206805e+20 1.028360e+41
1.356000e-14 -2.668227e+20 7.119436e+40
1.357500e-14 -2.118417e+20 4.487689e+40
1.359000e-14 -1.560000e+20 2.433599e+40
1.360500e-14 -9.956362e+19 9.912914e+39
1.362000e-14 -4.280073e+19 1.831903e+39
1.363500e-14 1.401972e+19 1.965526e+38
1.365000e-14 7.062920e+19 4.988484e+39
1.366500e-14 1.267608e+20 1.606831e+40
1.368000e-14 1.821507e+20 3.317887e+40
1.369500e-14 2.365390e+20 5.595068e+40
1.371000e-14 2.896713e+20 8.390946e+40
1.372500e-14 3.412998e+20 1.164856e+41
1.374000e-14 3.911845e+20 1.530253e+41
1.375500e-14 4.390940e+20 1.928036e+41
1.377000e-14 4.848070e+20 2.350378e+41
1.378500e-14 5.281129e+20 2.789033e+41
1.380000e-14 5.688133e+20 3.235486e+41
1.381500e-14 6.067222e+20 3.681119e+41
1.383000e-14 6.416676e+20 4.117373e+41
1.384500e-14 6.734916e+20 4.535910e+41
1.386000e-14 7.020517e+20 4.928765e+41
1.387500e-14 7.272208e+20 5.288501e+41
1.389000e-14 7.488885e+20 5.608339e+41
1.390500e-14 7.669608e+20 5.882289e+41
1.392000e-14 7.813613e+20 6.105254e+41
1.393500e-14 7.920307e+20 6.273126e+41
1.395000e-14 7.989278e+20 6.382856e+41
1.396500e-14 8.020290e+20 6.432505e+41
1.398000e-14 8.013289e+20 6.421281e+41
1.399500e-14 7.968400e+20 6.349540e+41
1.401000e-14 7.885925e+20 6.218781e+41
1.402500e-14 7.766344e+20 6.031610e+41
1.404000e-14 7.610311e+20 5.791683e+41
1.405500e-14 7.418649e+20 5.503635e+41
1.407000e-14 7.192348e+20 5.172988e+41
1.408500e-14 6.932561e+20 4.806040e+41
1.410000e-14 6.640593e+20 4.409748e+41
1.411500e-14 6.317900e+20 3.991586e+41
1.413000e-14 5.966078e+20 3.559409e+41
1.414500e-14 5.586859e+20 3.121299e+41
1.416000e-14 5.182097e+20 2.685413e+41
1.417500e-14 4.753765e+20 2.259828e+41
1.419000e-14 4.303942e+20 1.852392e+41
1.420500e-14 3.834802e+20 1.470571e+41
1.422000e-14 3.348608e+20 1.121318e+41
1.423500e-14 2.847695e+20 8.109368e+40
1.425000e-14 2.334465e+20 5.449727e+40
1.426500e-14 1.811371e+20 3.281063e+40
1.428000e-14 1.280906e+20 1.640721e+40
1.429500e-14 7.455955e+19 5.559127e+39
1.431000e-14 2.079789e+19 4.325521e+38
1.432500e-14 -3.293979e+19 1.085030e+39
1.434000e-14 -8.639961e+19 7.464892e+39
1.435500e-14 -1.393296e+20 1.941273e+40
1.437000e-14 -1.914807e+20 3.666486e+40
1.438500e-14 -2.426084e+20 5.885881e+40
1.440000e-14 -2.924732e+20 8.554055e+40
1.441500e-14 -3.408423e+20 1.161735e+41
1.443000e-14 -3.874905e+20 1.501489e+41
1.444500e-14 -4.322012e+20 1.867979e+41
1.446000e-14 -4.747672e+20 2.254039e+41
1.447500e-14 -5.149923e+20 2.652170e+41
1.449000e-14 -5.526913e+20 3.054677e+41
1.450500e-14 -5.876917e+20 3.453815e+41
1.452000e-14 -6.198339e+20 3.841941e+41
1.453500e-14 -6.489723e+20 4.211651e+41
1.455000e-14 -6.749757e+20 4.555922e+41
1.456500e-14 -6.977279e+20 4.868242e+41
1.458000e-14 -7.171285e+20 5.142732e+41
1.459500e-14 -7.330929e+20 5.374251e+41
1.461000e-14 -7.455530e+20 5.558493e+41
1.462500e-14 -7.544576e+20 5.692063e+41
1.464000e-14 -7.597721e+20 5.772536e+41
1.465500e-14 -7.614789e+20 5.798502e+41
1.467000e-14 -7.595778e+20 5.769584e+41
1.468500e-14 -7.540853e+20 5.686446e+41
1.470000e-14 -7.450350e+20 5.550771e+41
1.471500e-14 -7.324771e+20 5.365227e+41
1.473000e-14 -7.164784e+20 5.133413e+41
1.474500e-14 -6.971217e+20 4.859787e+41
1.476000e-14 -6.745056e+20 4.549578e+41
1.477500e-14 -6.487436e+20 4.208683e+41
1.479000e-14 -6.199643e+20 3.843557e+41
1.480500e-14 -5.883098e+20 3.461084e+41
1.482000e-14 -5.539358e+20 3.068448e+41
1.483500e-14 -5.170103e+20 2.672997e+41
1.485000e-14 -4.777133e+20 2.282100e+41
1.486500e-14 -4.362353e+20 1.903012e+41
1.488000e-14 -3.927770e+20 1.542737e+41
1.489500e-14 -3.475478e+20 1.207895e+41
1.491000e-14 -3.007653e+20 9.045975e+40
1.492500e-14 -2.526537e+20 6.383391e+40
1.494000e-14 -2.034434e+20 4.138922e+40
1.495500e-14 -1.533692e+20 2.352211e+40
1.497000e-14 -1.026697e+20 1.054106e+40
1.498500e-14 -5.158587e+19 2.661102e+39
