0.000000e+00 nan nan
1.500000e-17 1.038318e+05 1.078105e+10
3.000000e-17 2.657393e+07 7.061736e+14
4.500000e-17 6.807608e+08 4.634353e+17
6.000000e-17 6.795738e+09 4.618206e+19
7.500000e-17 4.047366e+10 1.638117e+21
9.000000e-17 1.738608e+11 3.022756e+22
1.050000e-16 5.960442e+11 3.552687e+23
1.200000e-16 1.732368e+12 3.001099e+24
1.350000e-16 4.438230e+12 1.969789e+25
1.500000e-16 1.029302e+13 1.059462e+26
1.650000e-16 2.202320e+13 4.850215e+26
1.800000e-16 4.408681e+13 1.943647e+27
1.950000e-16 8.345429e+13 6.964619e+27
2.100000e-16 1.506234e+14 2.268742e+28
2.250000e-16 2.609084e+14 6.807322e+28
2.400000e-16 4.360447e+14 1.901350e+29
2.550000e-16 7.061531e+14 4.986522e+29
2.700000e-16 1.112108e+15 1.236785e+30
2.850000e-16 1.708357e+15 2.918485e+30
3.000000e-16 2.566232e+15 6.585545e+30
3.150000e-16 3.777804e+15 1.427180e+31
3.300000e-16 5.460328e+15 2.981518e+31
3.450000e-16 7.761315e+15 6.023801e+31
3.600000e-16 1.086428e+16 1.180326e+32
3.750000e-16 1.499521e+16 2.248562e+32
3.900000e-16 2.042977e+16 4.173756e+32
4.050000e-16 2.750135e+16 7.563245e+32
4.200000e-16 3.660988e+16 1.340284e+33
4.350000e-16 4.823153e+16 2.326280e+33
4.500000e-16 6.292928e+16 3.960094e+33
4.650000e-16 8.136445e+16 6.620174e+33
4.800000e-16 1.043091e+17 1.088038e+34
4.950000e-16 1.326592e+17 1.759847e+34
5.100000e-16 1.674494e+17 2.803929e+34
5.250000e-16 2.098675e+17 4.404437e+34
5.400000e-16 2.612715e+17 6.826279e+34
5.550000e-16 3.232059e+17 1.044621e+35
5.700000e-16 3.974204e+17 1.579429e+35
5.850000e-16 4.858881e+17 2.360872e+35
6.000000e-16 5.908259e+17 3.490752e+35
6.150000e-16 7.147147e+17 5.108171e+35
6.300000e-16 8.603210e+17 7.401521e+35
6.450000e-16 1.030718e+18 1.062381e+36
6.600000e-16 1.229311e+18 1.511207e+36
6.750000e-16 1.459858e+18 2.131184e+36
6.900000e-16 1.726492e+18 2.980776e+36
7.050000e-16 2.033752e+18 4.136148e+36
7.200000e-16 2.386601e+18 5.695863e+36
7.350000e-16 2.790453e+18 7.786627e+36
7.500000e-16 3.251199e+18 1.057030e+37
7.650000e-16 3.775232e+18 1.425238e+37
7.800000e-16 4.369471e+18 1.909228e+37
7.950000e-16 5.041387e+18 2.541558e+37
8.100000e-16 5.799026e+18 3.362870e+37
8.250000e-16 6.651035e+18 4.423627e+37
8.400000e-16 7.606684e+18 5.786165e+37
8.550000e-16 8.675892e+18 7.527110e+37
8.700000e-16 9.869243e+18 9.740196e+37
8.850000e-16 1.119801e+19 1.253955e+38
9.000000e-16 1.267419e+19 1.606351e+38
9.150000e-16 1.431049e+19 2.047900e+38
9.300000e-16 1.612036e+19 2.598660e+38
9.450000e-16 1.811803e+19 3.282631e+38
9.600000e-16 2.031850e+19 4.128415e+38
9.750000e-16 2.273755e+19 5.169960e+38
9.900000e-16 2.539175e+19 6.447409e+38
1.005000e-15 2.829849e+19 8.008047e+38
1.020000e-15 3.147598e+19 9.907371e+38
1.035000e-15 3.494320e+19 1.221028e+39
1.050000e-15 3.872000e+19 1.499239e+39
1.065000e-15 4.282701e+19 1.834152e+39
1.080000e-15 4.728565e+19 2.235933e+39
1.095000e-15 5.211818e+19 2.716305e+39
1.110000e-15 5.734763e+19 3.288750e+39
1.125000e-15 6.299778e+19 3.968721e+39
1.140000e-15 6.909321e+19 4.773871e+39
1.155000e-15 7.565919e+19 5.724313e+39
1.170000e-15 8.272173e+19 6.842885e+39
1.185000e-15 9.030752e+19 8.155448e+39
1.200000e-15 9.844388e+19 9.691198e+39
1.215000e-15 1.071588e+20 1.148300e+40
1.230000e-15 1.164807e+20 1.356776e+40
1.245000e-15 1.264388e+20 1.598677e+40
1.260000e-15 1.370625e+20 1.878613e+40
1.275000e-15 1.483819e+20 2.201719e+40
1.290000e-15 1.604273e+20 2.573693e+40
1.305000e-15 1.732295e+20 3.000846e+40
1.320000e-15 1.868194e+20 3.490148e+40
1.335000e-15 2.012282e+20 4.049277e+40
1.350000e-15 2.164872e+20 4.686669e+40
1.365000e-15 2.326277e+20 5.411566e+40
1.380000e-15 2.496813e+20 6.234075e+40
1.395000e-15 2.676791e+20 7.165210e+40
1.410000e-15 2.866523e+20 8.216954e+40
1.425000e-15 3.066318e+20 9.402303e+40
1.440000e-15 3.276480e+20 1.073532e+41
1.455000e-15 3.497312e+20 1.223119e+41
1.470000e-15 3.729109e+20 1.390625e+41
1.485000e-15 3.972162e+20 1.577807e+41
1.500000e-15 4.226752e+20 1.786543e+41
1.515000e-15 4.493156e+20 2.018845e+41
1.530000e-15 4.771640e+20 2.276855e+41
1.545000e-15 5.062459e+20 2.562849e+41
1.560000e-15 5.365858e+20 2.879244e+41
1.575000e-15 5.682072e+20 3.228594e+41
1.590000e-15 6.011319e+20 3.613596e+41
1.605000e-15 6.353807e+20 4.037087e+41
1.620000e-15 6.709727e+20 4.502043e+41
1.635000e-15 7.079253e+20 5.011582e+41
1.650000e-15 7.462543e+20 5.568955e+41
1.665000e-15 7.859738e+20 6.177549e+41
1.680000e-15 8.270959e+20 6.840877e+41
1.695000e-15 8.696307e+20 7.562576e+41
1.710000e-15 9.135861e+20 8.346396e+41
1.725000e-15 9.589681e+20 9.196197e+41
1.740000e-15 1.005780e+21 1.011593e+42
1.755000e-15 1.054023e+21 1.110965e+42
1.770000e-15 1.103696e+21 1.218145e+42
1.785000e-15 1.154795e+21 1.333552e+42
1.800000e-15 1.207314e+21 1.457607e+42
1.815000e-15 1.261243e+21 1.590734e+42
1.830000e-15 1.316571e+21 1.733360e+42
1.845000e-15 1.373283e+21 1.885906e+42
1.860000e-15 1.431361e+21 2.048795e+42
1.875000e-15 1.490785e+21 2.222441e+42
1.890000e-15 1.551532e+21 2.407251e+42
1.905000e-15 1.613574e+21 2.603621e+42
1.920000e-15 1.676883e+21 2.811935e+42
1.935000e-15 1.741425e+21 3.032560e+42
1.950000e-15 1.807165e+21 3.265844e+42
1.965000e-15 1.874064e+21 3.512114e+42
1.980000e-15 1.942079e+21 3.771671e+42
1.995000e-15 2.011166e+21 4.044788e+42
2.010000e-15 2.081276e+21 4.331709e+42
2.025000e-15 2.152357e+21 4.632641e+42
2.040000e-15 2.224355e+21 4.947755e+42
2.055000e-15 2.297212e+21 5.277182e+42
2.070000e-15 2.370867e+21 5.621009e+42
2.085000e-15 2.445255e+21 5.979274e+42
2.100000e-15 2.520311e+21 6.351968e+42
2.115000e-15 2.595964e+21 6.739029e+42
2.130000e-15 2.672141e+21 7.140338e+42
2.145000e-15 2.748767e+21 7.555719e+42
2.160000e-15 2.825763e+21 7.984935e+42
2.175000e-15 2.903048e+21 8.427687e+42
2.190000e-15 2.980539e+21 8.883611e+42
2.205000e-15 3.058149e+21 9.352274e+42
2.220000e-15 3.135790e+21 9.833179e+42
2.235000e-15 3.213371e+21 1.032576e+43
2.250000e-15 3.290800e+21 1.082937e+43
2.265000e-15 3.367981e+21 1.134330e+43
2.280000e-15 3.444818e+21 1.186677e+43
2.295000e-15 3.521212e+21 1.239893e+43
2.310000e-15 3.597063e+21 1.293886e+43
2.325000e-15 3.672269e+21 1.348556e+43
2.340000e-15 3.746727e+21 1.403796e+43
2.355000e-15 3.820333e+21 1.459495e+43
2.370000e-15 3.892982e+21 1.515531e+43
2.385000e-15 3.964569e+21 1.571781e+43
2.400000e-15 4.034986e+21 1.628111e+43
2.415000e-15 4.104126e+21 1.684385e+43
2.430000e-15 4.171883e+21 1.740460e+43
2.445000e-15 4.238148e+21 1.796190e+43
2.460000e-15 4.302814e+21 1.851421e+43
2.475000e-15 4.365775e+21 1.905999e+43
2.490000e-15 4.426923e+21 1.959764e+43
2.505000e-15 4.486152e+21 2.012556e+43
2.520000e-15 4.543358e+21 2.064210e+43
2.535000e-15 4.598436e+21 2.114561e+43
2.550000e-15 4.651284e+21 2.163444e+43
2.565000e-15 4.701799e+21 2.210691e+43
2.580000e-15 4.749882e+21 2.256138e+43
2.595000e-15 4.795436e+21 2.299620e+43
2.610000e-15 4.838363e+21 2.340976e+43
2.625000e-15 4.878570e+21 2.380045e+43
2.640000e-15 4.915967e+21 2.416673e+43
2.655000e-15 4.950463e+21 2.450709e+43
2.670000e-15 4.981973e+21 2.482006e+43
2.685000e-15 5.010414e+21 2.510425e+43
2.700000e-15 5.035706e+21 2.535834e+43
2.715000e-15 5.057772e+21 2.558106e+43
2.730000e-15 5.076539e+21 2.577124e+43
2.745000e-15 5.091936e+21 2.592782e+43
2.760000e-15 5.103900e+21 2.604979e+43
2.775000e-15 5.112367e+21 2.613629e+43
2.790000e-15 5.117279e+21 2.618655e+43
2.805000e-15 5.118584e+21 2.619991e+43
2.820000e-15 5.116232e+21 2.617583e+43
2.835000e-15 5.110179e+21 2.611393e+43
2.850000e-15 5.100384e+21 2.601392e+43
2.865000e-15 5.086812e+21 2.587566e+43
2.880000e-15 5.069433e+21 2.569915e+43
2.895000e-15 5.048221e+21 2.548454e+43
2.910000e-15 5.023156e+21 2.523210e+43
2.925000e-15 4.994223e+21 2.494226e+43
2.940000e-15 4.961410e+21 2.461559e+43
2.955000e-15 4.924715e+21 2.425281e+43
2.970000e-15 4.884136e+21 2.385478e+43
2.985000e-15 4.839680e+21 2.342250e+43
3.000000e-15 4.791358e+21 2.295712e+43
3.015000e-15 4.739187e+21 2.245990e+43
3.030000e-15 4.683190e+21 2.193226e+43
3.045000e-15 4.623392e+21 2.137576e+43
3.060000e-15 4.559829e+21 2.079204e+43
3.075000e-15 4.492538e+21 2.018290e+43
3.090000e-15 4.421564e+21 1.955023e+43
3.105000e-15 4.346956e+21 1.889602e+43
3.120000e-15 4.268769e+21 1.822239e+43
3.135000e-15 4.187063e+21 1.753150e+43
3.150000e-15 4.101905e+21 1.682562e+43
3.165000e-15 4.013364e+21 1.610709e+43
3.180000e-15 3.921517e+21 1.537830e+43
3.195000e-15 3.826446e+21 1.464169e+43
3.210000e-15 3.728236e+21 1.389974e+43
3.225000e-15 3.626979e+21 1.315497e+43
3.240000e-15 3.522770e+21 1.240991e+43
3.255000e-15 3.415710e+21 1.166707e+43
3.270000e-15 3.305904e+21 1.092900e+43
3.285000e-15 3.193463e+21 1.019820e+43
3.300000e-15 3.078499e+21 9.477157e+42
3.315000e-15 2.961132e+21 8.768300e+42
3.330000e-15 2.841482e+21 8.074021e+42
3.345000e-15 2.719677e+21 7.396643e+42
3.360000e-15 2.595846e+21 6.738416e+42
3.375000e-15 2.470122e+21 6.101502e+42
3.390000e-15 2.342642e+21 5.487969e+42
3.405000e-15 2.213545e+21 4.899780e+42
3.420000e-15 2.082974e+21 4.338780e+42
3.435000e-15 1.951074e+21 3.806691e+42
3.450000e-15 1.817994e+21 3.305104e+42
3.465000e-15 1.683884e+21 2.835466e+42
3.480000e-15 1.548896e+21 2.399080e+42
3.495000e-15 1.413185e+21 1.997093e+42
3.510000e-15 1.276907e+21 1.630491e+42
3.525000e-15 1.140219e+21 1.300099e+42
3.540000e-15 1.003280e+21 1.006572e+42
3.555000e-15 8.662510e+20 7.503908e+41
3.570000e-15 7.292915e+20 5.318661e+41
3.585000e-15 5.925632e+20 3.511312e+41
3.600000e-15 4.562277e+20 2.081437e+41
3.615000e-15 3.204467e+20 1.026861e+41
3.630000e-15 1.853818e+20 3.436643e+40
3.645000e-15 5.119427e+19 2.620853e+39
3.660000e-15 -8.195542e+19 6.716691e+39
3.675000e-15 -2.139075e+20 4.575641e+40
3.690000e-15 -3.445032e+20 1.186825e+41
3.705000e-15 -4.735854e+20 2.242831e+41
3.720000e-15 -6.009982e+20 3.611988e+41
3.735000e-15 -7.265876e+20 5.279295e+41
3.750000e-15 -8.502017e+20 7.228429e+41
3.765000e-15 -9.716907e+20 9.441829e+41
3.780000e-15 -1.090908e+21 1.190079e+42
3.795000e-15 -1.207708e+21 1.458558e+42
3.810000e-15 -1.321950e+21 1.747551e+42
3.825000e-15 -1.433495e+21 2.054907e+42
3.840000e-15 -1.542208e+21 2.378405e+42
3.855000e-15 -1.647958e+21 2.715765e+42
3.870000e-15 -1.750617e+21 3.064659e+42
3.885000e-15 -1.850061e+21 3.422725e+42
3.900000e-15 -1.946170e+21 3.787579e+42
3.915000e-15 -2.038830e+21 4.156829e+42
3.930000e-15 -2.127930e+21 4.528086e+42
3.945000e-15 -2.213363e+21 4.898977e+42
3.960000e-15 -2.295029e+21 5.267158e+42
3.975000e-15 -2.372831e+21 5.630329e+42
3.990000e-15 -2.446680e+21 5.986241e+42
4.005000e-15 -2.516488e+21 6.332712e+42
4.020000e-15 -2.582177e+21 6.667636e+42
4.035000e-15 -2.643671e+21 6.988998e+42
4.050000e-15 -2.700903e+21 7.294879e+42
4.065000e-15 -2.753810e+21 7.583471e+42
4.080000e-15 -2.802335e+21 7.853082e+42
4.095000e-15 -2.846427e+21 8.102149e+42
4.110000e-15 -2.886043e+21 8.329244e+42
4.125000e-15 -2.921144e+21 8.533079e+42
4.140000e-15 -2.951697e+21 8.712517e+42
4.155000e-15 -2.977679e+21 8.866572e+42
4.170000e-15 -2.999070e+21 8.994420e+42
4.185000e-15 -3.015857e+21 9.095396e+42
4.200000e-15 -3.028036e+21 9.169001e+42
4.215000e-15 -3.035606e+21 9.214905e+42
4.230000e-15 -3.038576e+21 9.232943e+42
4.245000e-15 -3.036959e+21 9.223118e+42
4.260000e-15 -3.030775e+21 9.185599e+42
4.275000e-15 -3.020053e+21 9.120722e+42
4.290000e-15 -3.004826e+21 9.028982e+42
4.305000e-15 -2.985135e+21 8.911031e+42
4.320000e-15 -2.961026e+21 8.767674e+42
4.335000e-15 -2.932552e+21 8.599863e+42
4.350000e-15 -2.899774e+21 8.408692e+42
4.365000e-15 -2.862758e+21 8.195383e+42
4.380000e-15 -2.821575e+21 7.961287e+42
4.395000e-15 -2.776305e+21 7.707869e+42
4.410000e-15 -2.727031e+21 7.436700e+42
4.425000e-15 -2.673845e+21 7.149447e+42
4.440000e-15 -2.616842e+21 6.847862e+42
4.455000e-15 -2.556124e+21 6.533771e+42
4.470000e-15 -2.491799e+21 6.209063e+42
4.485000e-15 -2.423979e+21 5.875677e+42
4.500000e-15 -2.352783e+21 5.535590e+42
4.515000e-15 -2.278334e+21 5.190805e+42
4.530000e-15 -2.200759e+21 4.843339e+42
4.545000e-15 -2.120191e+21 4.495209e+42
4.560000e-15 -2.036767e+21 4.148421e+42
4.575000e-15 -1.950629e+21 3.804954e+42
4.590000e-15 -1.861922e+21 3.466754e+42
4.605000e-15 -1.770795e+21 3.135717e+42
4.620000e-15 -1.677402e+21 2.813678e+42
4.635000e-15 -1.581899e+21 2.502403e+42
4.650000e-15 -1.484444e+21 2.203575e+42
4.665000e-15 -1.385202e+21 1.918783e+42
4.680000e-15 -1.284335e+21 1.649518e+42
4.695000e-15 -1.182014e+21 1.397156e+42
4.710000e-15 -1.078406e+21 1.162959e+42
4.725000e-15 -9.736828e+20 9.480581e+41
4.740000e-15 -8.680183e+20 7.534559e+41
4.755000e-15 -7.615867e+20 5.800143e+41
4.770000e-15 -6.545634e+20 4.284532e+41
4.785000e-15 -5.471245e+20 2.993452e+41
4.800000e-15 -4.394468e+20 1.931135e+41
4.815000e-15 -3.317072e+20 1.100296e+41
4.830000e-15 -2.240825e+20 5.021295e+40
4.845000e-15 -1.167491e+20 1.363034e+40
4.860000e-15 -9.882719e+18 9.766813e+37
4.875000e-15 9.634178e+19 9.281738e+39
4.890000e-15 2.017509e+20 4.070343e+40
4.905000e-15 3.061727e+20 9.374172e+40
4.920000e-15 4.094370e+20 1.676387e+41
4.935000e-15 5.113758e+20 2.615052e+41
4.950000e-15 6.118234e+20 3.743279e+41
4.965000e-15 7.106170e+20 5.049765e+41
4.980000e-15 8.075965e+20 6.522120e+41
4.995000e-15 9.026051e+20 8.146960e+41
5.010000e-15 9.954897e+20 9.909998e+41
5.025000e-15 1.086101e+21 1.179615e+42
5.040000e-15 1.174293e+21 1.378964e+42
5.055000e-15 1.259925e+21 1.587411e+42
5.070000e-15 1.342860e+21 1.803273e+42
5.085000e-15 1.422966e+21 2.024833e+42
5.100000e-15 1.500117e+21 2.250352e+42
5.115000e-15 1.574191e+21 2.478077e+42
5.130000e-15 1.645071e+21 2.706259e+42
5.145000e-15 1.712647e+21 2.933160e+42
5.160000e-15 1.776814e+21 3.157069e+42
5.175000e-15 1.837474e+21 3.376310e+42
5.190000e-15 1.894533e+21 3.589257e+42
5.205000e-15 1.947907e+21 3.794341e+42
5.220000e-15 1.997514e+21 3.990063e+42
5.235000e-15 2.043283e+21 4.175005e+42
5.250000e-15 2.085147e+21 4.347836e+42
5.265000e-15 2.123046e+21 4.507325e+42
5.280000e-15 2.156929e+21 4.652344e+42
5.295000e-15 2.186751e+21 4.781881e+42
5.310000e-15 2.212474e+21 4.895041e+42
5.325000e-15 2.234067e+21 4.991055e+42
5.340000e-15 2.251507e+21 5.069284e+42
5.355000e-15 2.264778e+21 5.129222e+42
5.370000e-15 2.273873e+21 5.170498e+42
5.385000e-15 2.278790e+21 5.192882e+42
5.400000e-15 2.279535e+21 5.196280e+42
5.415000e-15 2.276123e+21 5.180736e+42
5.430000e-15 2.268575e+21 5.146434e+42
5.445000e-15 2.256921e+21 5.093690e+42
5.460000e-15 2.241195e+21 5.022955e+42
5.475000e-15 2.221442e+21 4.934804e+42
5.490000e-15 2.197712e+21 4.829938e+42
5.505000e-15 2.170063e+21 4.709174e+42
5.520000e-15 2.138560e+21 4.573438e+42
5.535000e-15 2.103274e+21 4.423761e+42
5.550000e-15 2.064284e+21 4.261267e+42
5.565000e-15 2.021674e+21 4.087166e+42
5.580000e-15 1.975536e+21 3.902744e+42
5.595000e-15 1.925969e+21 3.709355e+42
5.610000e-15 1.873074e+21 3.508408e+42
5.625000e-15 1.816964e+21 3.301357e+42
5.640000e-15 1.757751e+21 3.089690e+42
5.655000e-15 1.695559e+21 2.874920e+42
5.670000e-15 1.630512e+21 2.658571e+42
5.685000e-15 1.562743e+21 2.442165e+42
5.700000e-15 1.492386e+21 2.227217e+42
5.715000e-15 1.419583e+21 2.015217e+42
5.730000e-15 1.344479e+21 1.807623e+42
5.745000e-15 1.267221e+21 1.605849e+42
5.760000e-15 1.187963e+21 1.411256e+42
5.775000e-15 1.106860e+21 1.225140e+42
5.790000e-15 1.024072e+21 1.048723e+42
5.805000e-15 9.397595e+20 8.831479e+41
5.820000e-15 8.540876e+20 7.294656e+41
5.835000e-15 7.672227e+20 5.886306e+41
5.850000e-15 6.793330e+20 4.614934e+41
5.865000e-15 5.905886e+20 3.487949e+41
5.880000e-15 5.011606e+20 2.511619e+41
5.895000e-15 4.112210e+20 1.691027e+41
5.910000e-15 3.209424e+20 1.030040e+41
5.925000e-15 2.304979e+20 5.312926e+40
5.940000e-15 1.400600e+20 1.961681e+40
5.955000e-15 4.980130e+19 2.480170e+39
5.970000e-15 -4.010669e+19 1.608546e+39
5.985000e-15 -1.294934e+20 1.676854e+40
6.000000e-15 -2.181897e+20 4.760675e+40
6.015000e-15 -3.060282e+20 9.365327e+40
6.030000e-15 -3.928435e+20 1.543261e+41
6.045000e-15 -4.784727e+20 2.289361e+41
6.060000e-15 -5.627554e+20 3.166937e+41
6.075000e-15 -6.455344e+20 4.167146e+41
6.090000e-15 -7.266555e+20 5.280282e+41
6.105000e-15 -8.059684e+20 6.495850e+41
6.120000e-15 -8.833264e+20 7.802655e+41
6.135000e-15 -9.585872e+20 9.188894e+41
6.150000e-15 -1.031613e+21 1.064225e+42
6.165000e-15 -1.102270e+21 1.214999e+42
6.180000e-15 -1.170430e+21 1.369906e+42
6.195000e-15 -1.235970e+21 1.527621e+42
6.210000e-15 -1.298772e+21 1.686808e+42
6.225000e-15 -1.358724e+21 1.846131e+42
6.240000e-15 -1.415720e+21 2.004262e+42
6.255000e-15 -1.469659e+21 2.159898e+42
6.270000e-15 -1.520448e+21 2.311761e+42
6.285000e-15 -1.567998e+21 2.458619e+42
6.300000e-15 -1.612230e+21 2.599285e+42
6.315000e-15 -1.653068e+21 2.732633e+42
6.330000e-15 -1.690445e+21 2.857605e+42
6.345000e-15 -1.724301e+21 2.973214e+42
6.360000e-15 -1.754582e+21 3.078559e+42
6.375000e-15 -1.781243e+21 3.172826e+42
6.390000e-15 -1.804243e+21 3.255294e+42
6.405000e-15 -1.823553e+21 3.325344e+42
6.420000e-15 -1.839146e+21 3.382459e+42
6.435000e-15 -1.851007e+21 3.426228e+42
6.450000e-15 -1.859126e+21 3.456351e+42
6.465000e-15 -1.863502e+21 3.472639e+42
6.480000e-15 -1.864138e+21 3.475012e+42
6.495000e-15 -1.861050e+21 3.463505e+42
6.510000e-15 -1.854255e+21 3.438262e+42
6.525000e-15 -1.843783e+21 3.399535e+42
6.540000e-15 -1.829667e+21 3.347681e+42
6.555000e-15 -1.811950e+21 3.283161e+42
6.570000e-15 -1.790680e+21 3.206534e+42
6.585000e-15 -1.765913e+21 3.118449e+42
6.600000e-15 -1.737712e+21 3.019643e+42
6.615000e-15 -1.706146e+21 2.910935e+42
6.630000e-15 -1.671291e+21 2.793214e+42
6.645000e-15 -1.633229e+21 2.667438e+42
6.660000e-15 -1.592049e+21 2.534619e+42
6.675000e-15 -1.547844e+21 2.395821e+42
6.690000e-15 -1.500715e+21 2.252145e+42
6.705000e-15 -1.450767e+21 2.104725e+42
6.720000e-15 -1.398112e+21 1.954716e+42
6.735000e-15 -1.342865e+21 1.803285e+42
6.750000e-15 -1.285147e+21 1.651603e+42
6.765000e-15 -1.225084e+21 1.500831e+42
6.780000e-15 -1.162806e+21 1.352118e+42
6.795000e-15 -1.098447e+21 1.206586e+42
6.810000e-15 -1.032144e+21 1.065322e+42
6.825000e-15 -9.640392e+20 9.293716e+41
6.840000e-15 -8.942763e+20 7.997302e+41
6.855000e-15 -8.230030e+20 6.773339e+41
6.870000e-15 -7.503691e+20 5.630538e+41
6.885000e-15 -6.765270e+20 4.576887e+41
6.900000e-15 -6.016308e+20 3.619596e+41
6.915000e-15 -5.258365e+20 2.765040e+41
6.930000e-15 -4.493013e+20 2.018717e+41
6.945000e-15 -3.721836e+20 1.385206e+41
6.960000e-15 -2.946422e+20 8.681402e+40
6.975000e-15 -2.168365e+20 4.701808e+40
6.990000e-15 -1.389260e+20 1.930042e+40
7.005000e-15 -6.106962e+19 3.729499e+39
7.020000e-15 1.657395e+19 2.746959e+38
7.035000e-15 9.384716e+19 8.807289e+39
7.050000e-15 1.705936e+20 2.910218e+40
7.065000e-15 2.466585e+20 6.084043e+40
7.080000e-15 3.218889e+20 1.036125e+41
7.095000e-15 3.961339e+20 1.569221e+41
7.110000e-15 4.692453e+20 2.201912e+41
7.125000e-15 5.410776e+20 2.927649e+41
7.140000e-15 6.114881e+20 3.739177e+41
7.155000e-15 6.803378e+20 4.628595e+41
7.170000e-15 7.474910e+20 5.587429e+41
7.185000e-15 8.128163e+20 6.606703e+41
7.200000e-15 8.761860e+20 7.677019e+41
7.215000e-15 9.374770e+20 8.788631e+41
7.230000e-15 9.965709e+20 9.931535e+41
7.245000e-15 1.053354e+21 1.109555e+42
7.260000e-15 1.107718e+21 1.227039e+42
7.275000e-15 1.159559e+21 1.344577e+42
7.290000e-15 1.208780e+21 1.461150e+42
7.305000e-15 1.255289e+21 1.575751e+42
7.320000e-15 1.298999e+21 1.687399e+42
7.335000e-15 1.339831e+21 1.795147e+42
7.350000e-15 1.377710e+21 1.898084e+42
7.365000e-15 1.412568e+21 1.995349e+42
7.380000e-15 1.444345e+21 2.086133e+42
7.395000e-15 1.472986e+21 2.169687e+42
7.410000e-15 1.498442e+21 2.245327e+42
7.425000e-15 1.520672e+21 2.312443e+42
7.440000e-15 1.539641e+21 2.370496e+42
7.455000e-15 1.555323e+21 2.419029e+42
7.470000e-15 1.567695e+21 2.457668e+42
7.485000e-15 1.576744e+21 2.486122e+42
7.500000e-15 1.582463e+21 2.504190e+42
7.515000e-15 1.584852e+21 2.511756e+42
7.530000e-15 1.583917e+21 2.508794e+42
7.545000e-15 1.579673e+21 2.495366e+42
7.560000e-15 1.572139e+21 2.471620e+42
7.575000e-15 1.561342e+21 2.437790e+42
7.590000e-15 1.547318e+21 2.394192e+42
7.605000e-15 1.530105e+21 2.341222e+42
7.620000e-15 1.509752e+21 2.279351e+42
7.635000e-15 1.486311e+21 2.209121e+42
7.650000e-15 1.459843e+21 2.131141e+42
7.665000e-15 1.430413e+21 2.046080e+42
7.680000e-15 1.398092e+21 1.954661e+42
7.695000e-15 1.362959e+21 1.857657e+42
7.710000e-15 1.325096e+21 1.755880e+42
7.725000e-15 1.284593e+21 1.650179e+42
7.740000e-15 1.241543e+21 1.541428e+42
7.755000e-15 1.196044e+21 1.430522e+42
7.770000e-15 1.148202e+21 1.318368e+42
7.785000e-15 1.098124e+21 1.205876e+42
7.800000e-15 1.045922e+21 1.093954e+42
7.815000e-15 9.917148e+20 9.834982e+41
7.830000e-15 9.356216e+20 8.753878e+41
7.845000e-15 8.777671e+20 7.704752e+41
7.860000e-15 8.182790e+20 6.695805e+41
7.875000e-15 7.572879e+20 5.734849e+41
7.890000e-15 6.949272e+20 4.829238e+41
7.905000e-15 6.313329e+20 3.985812e+41
7.920000e-15 5.666431e+20 3.210844e+41
7.935000e-15 5.009979e+20 2.509989e+41
7.950000e-15 4.345389e+20 1.888241e+41
7.965000e-15 3.674091e+20 1.349895e+41
7.980000e-15 2.997525e+20 8.985155e+40
7.995000e-15 2.317137e+20 5.369122e+40
8.010000e-15 1.634377e+20 2.671188e+40
8.025000e-15 9.506976e+19 9.038258e+39
8.040000e-15 2.675476e+19 7.158174e+38
8.055000e-15 -4.136287e+19 1.710887e+39
8.070000e-15 -1.091395e+20 1.191144e+40
8.085000e-15 -1.764328e+20 3.112854e+40
8.100000e-15 -2.431016e+20 5.909839e+40
8.115000e-15 -3.090066e+20 9.548508e+40
8.130000e-15 -3.740105e+20 1.398838e+41
8.145000e-15 -4.379782e+20 1.918249e+41
8.160000e-15 -5.007772e+20 2.507778e+41
8.175000e-15 -5.622780e+20 3.161565e+41
8.190000e-15 -6.223540e+20 3.873244e+41
8.205000e-15 -6.808819e+20 4.636002e+41
8.220000e-15 -7.377424e+20 5.442639e+41
8.235000e-15 -7.928197e+20 6.285632e+41
8.250000e-15 -8.460023e+20 7.157199e+41
8.265000e-15 -8.971829e+20 8.049372e+41
8.280000e-15 -9.462588e+20 8.954057e+41
8.295000e-15 -9.931321e+20 9.863113e+41
8.310000e-15 -1.037710e+21 1.076842e+42
8.325000e-15 -1.079904e+21 1.166192e+42
8.340000e-15 -1.119632e+21 1.253576e+42
8.355000e-15 -1.156817e+21 1.338226e+42
8.370000e-15 -1.191388e+21 1.419405e+42
8.385000e-15 -1.223278e+21 1.496409e+42
8.400000e-15 -1.252428e+21 1.568577e+42
8.415000e-15 -1.278785e+21 1.635290e+42
8.430000e-15 -1.302300e+21 1.695985e+42
8.445000e-15 -1.322932e+21 1.750148e+42
8.460000e-15 -1.340646e+21 1.797331e+42
8.475000e-15 -1.355412e+21 1.837143e+42
8.490000e-15 -1.367210e+21 1.869262e+42
8.505000e-15 -1.376021e+21 1.893434e+42
8.520000e-15 -1.381837e+21 1.909474e+42
8.535000e-15 -1.384655e+21 1.917269e+42
8.550000e-15 -1.384477e+21 1.916777e+42
8.565000e-15 -1.381314e+21 1.908028e+42
8.580000e-15 -1.375181e+21 1.891121e+42
8.595000e-15 -1.366100e+21 1.866229e+42
8.610000e-15 -1.354100e+21 1.833588e+42
8.625000e-15 -1.339217e+21 1.793501e+42
8.640000e-15 -1.321490e+21 1.746335e+42
8.655000e-15 -1.300967e+21 1.692514e+42
8.670000e-15 -1.277700e+21 1.632517e+42
8.685000e-15 -1.251748e+21 1.566873e+42
8.700000e-15 -1.223175e+21 1.496157e+42
8.715000e-15 -1.192051e+21 1.420985e+42
8.730000e-15 -1.158450e+21 1.342007e+42
8.745000e-15 -1.122454e+21 1.259902e+42
8.760000e-15 -1.084145e+21 1.175371e+42
8.775000e-15 -1.043615e+21 1.089133e+42
8.790000e-15 -1.000958e+21 1.001918e+42
8.805000e-15 -9.562728e+20 9.144577e+41
8.820000e-15 -9.096614e+20 8.274839e+41
8.835000e-15 -8.612309e+20 7.417187e+41
8.850000e-15 -8.110916e+20 6.578696e+41
8.865000e-15 -7.593573e+20 5.766235e+41
8.880000e-15 -7.061449e+20 4.986406e+41
8.895000e-15 -6.515740e+20 4.245487e+41
8.910000e-15 -5.957672e+20 3.549385e+41
8.925000e-15 -5.388492e+20 2.903584e+41
8.940000e-15 -4.809467e+20 2.313098e+41
8.955000e-15 -4.221886e+20 1.782432e+41
8.970000e-15 -3.627049e+20 1.315548e+41
8.985000e-15 -3.026270e+20 9.158309e+40
9.000000e-15 -2.420872e+20 5.860623e+40
9.015000e-15 -1.812186e+20 3.284020e+40
9.030000e-15 -1.201546e+20 1.443712e+40
9.045000e-15 -5.902849e+19 3.484362e+39
9.060000e-15 2.026414e+18 4.106354e+36
9.075000e-15 6.287739e+19 3.953567e+39
9.090000e-15 1.233925e+20 1.522571e+40
9.105000e-15 1.834409e+20 3.365057e+40
9.120000e-15 2.428931e+20 5.899704e+40
9.135000e-15 3.016211e+20 9.097529e+40
9.150000e-15 3.594991e+20 1.292396e+41
9.165000e-15 4.164032e+20 1.733916e+41
9.180000e-15 4.722121e+20 2.229842e+41
9.195000e-15 5.268071e+20 2.775258e+41
9.210000e-15 5.800727e+20 3.364843e+41
9.225000e-15 6.318962e+20 3.992928e+41
9.240000e-15 6.821686e+20 4.653540e+41
9.255000e-15 7.307846e+20 5.340462e+41
9.270000e-15 7.776427e+20 6.047282e+41
9.285000e-15 8.226455e+20 6.767456e+41
9.300000e-15 8.656999e+20 7.494362e+41
9.315000e-15 9.067173e+20 8.221362e+41
9.330000e-15 9.456139e+20 8.941856e+41
9.345000e-15 9.823105e+20 9.649340e+41
9.360000e-15 1.016733e+21 1.033747e+42
9.375000e-15 1.048813e+21 1.100009e+42
9.390000e-15 1.078487e+21 1.163134e+42
9.405000e-15 1.105696e+21 1.222564e+42
9.420000e-15 1.130389e+21 1.277779e+42
9.435000e-15 1.152517e+21 1.328296e+42
9.450000e-15 1.172041e+21 1.373679e+42
9.465000e-15 1.188924e+21 1.413539e+42
9.480000e-15 1.203137e+21 1.447538e+42
9.495000e-15 1.214657e+21 1.475391e+42
9.510000e-15 1.223465e+21 1.496868e+42
9.525000e-15 1.229552e+21 1.511798e+42
9.540000e-15 1.232910e+21 1.520067e+42
9.555000e-15 1.233541e+21 1.521623e+42
9.570000e-15 1.231450e+21 1.516470e+42
9.585000e-15 1.226651e+21 1.504673e+42
9.600000e-15 1.219161e+21 1.486354e+42
9.615000e-15 1.209005e+21 1.461694e+42
9.630000e-15 1.196213e+21 1.430926e+42
9.645000e-15 1.180820e+21 1.394337e+42
9.660000e-15 1.162868e+21 1.352263e+42
9.675000e-15 1.142404e+21 1.305087e+42
9.690000e-15 1.119480e+21 1.253235e+42
9.705000e-15 1.094153e+21 1.197170e+42
9.720000e-15 1.066486e+21 1.137393e+42
9.735000e-15 1.036547e+21 1.074431e+42
9.750000e-15 1.004409e+21 1.008838e+42
9.765000e-15 9.701485e+20 9.411881e+41
9.780000e-15 9.338471e+20 8.720704e+41
9.795000e-15 8.955909e+20 8.020831e+41
9.810000e-15 8.554700e+20 7.318290e+41
9.825000e-15 8.135783e+20 6.619096e+41
9.840000e-15 7.700133e+20 5.929205e+41
9.855000e-15 7.248761e+20 5.254454e+41
9.870000e-15 6.782710e+20 4.600515e+41
9.885000e-15 6.303050e+20 3.972844e+41
9.900000e-15 5.810882e+20 3.376635e+41
9.915000e-15 5.307329e+20 2.816774e+41
9.930000e-15 4.793538e+20 2.297801e+41
9.945000e-15 4.270675e+20 1.823867e+41
9.960000e-15 3.739922e+20 1.398702e+41
9.975000e-15 3.202478e+20 1.025586e+41
9.990000e-15 2.659550e+20 7.073204e+40
1.000500e-14 2.112357e+20 4.462050e+40
1.002000e-14 1.562123e+20 2.440227e+40
1.003500e-14 1.010076e+20 1.020253e+40
1.005000e-14 4.574442e+19 2.092552e+39
1.006500e-14 -9.454503e+18 8.938762e+37
1.008000e-14 -6.446698e+19 4.155992e+39
1.009500e-14 -1.191715e+20 1.420186e+40
1.011000e-14 -1.734477e+20 3.008410e+40
1.012500e-14 -2.271762e+20 5.160904e+40
1.014000e-14 -2.802394e+20 7.853414e+40
1.015500e-14 -3.325214e+20 1.105705e+41
1.017000e-14 -3.839082e+20 1.473855e+41
1.018500e-14 -4.342883e+20 1.886064e+41
1.020000e-14 -4.835526e+20 2.338231e+41
1.021500e-14 -5.315947e+20 2.825929e+41
1.023000e-14 -5.783114e+20 3.344440e+41
1.024500e-14 -6.236024e+20 3.888799e+41
1.026000e-14 -6.673710e+20 4.453841e+41
1.027500e-14 -7.095243e+20 5.034247e+41
1.029000e-14 -7.499729e+20 5.624593e+41
1.030500e-14 -7.886315e+20 6.219397e+41
1.032000e-14 -8.254192e+20 6.813169e+41
1.033500e-14 -8.602593e+20 7.400461e+41
1.035000e-14 -8.930796e+20 7.975911e+41
1.036500e-14 -9.238126e+20 8.534297e+41
1.038000e-14 -9.523956e+20 9.070575e+41
1.039500e-14 -9.787710e+20 9.579927e+41
1.041000e-14 -1.002886e+21 1.005780e+42
1.042500e-14 -1.024693e+21 1.049996e+42
1.044000e-14 -1.044150e+21 1.090250e+42
1.045500e-14 -1.061220e+21 1.126188e+42
1.047000e-14 -1.075872e+21 1.157500e+42
1.048500e-14 -1.088078e+21 1.183915e+42
1.050000e-14 -1.097820e+21 1.205209e+42
1.051500e-14 -1.105081e+21 1.221205e+42
1.053000e-14 -1.109853e+21 1.231774e+42
1.054500e-14 -1.112131e+21 1.236836e+42
1.056000e-14 -1.111917e+21 1.236360e+42
1.057500e-14 -1.109219e+21 1.230367e+42
1.059000e-14 -1.104049e+21 1.218923e+42
1.060500e-14 -1.096425e+21 1.202147e+42
1.062000e-14 -1.086370e+21 1.180201e+42
1.063500e-14 -1.073915e+21 1.153294e+42
1.065000e-14 -1.059093e+21 1.121678e+42
1.066500e-14 -1.041943e+21 1.085646e+42
1.068000e-14 -1.022511e+21 1.045528e+42
1.069500e-14 -1.000845e+21 1.001691e+42
1.071000e-14 -9.770001e+20 9.545293e+41
1.072500e-14 -9.510354e+20 9.044683e+41
1.074000e-14 -9.230143e+20 8.519555e+41
1.075500e-14 -8.930052e+20 7.974583e+41
1.077000e-14 -8.610802e+20 7.414592e+41
1.078500e-14 -8.273160e+20 6.844517e+41
1.080000e-14 -7.917927e+20 6.269357e+41
1.081500e-14 -7.545946e+20 5.694131e+41
1.083000e-14 -7.158093e+20 5.123830e+41
1.084500e-14 -6.755277e+20 4.563377e+41
1.086000e-14 -6.338439e+20 4.017580e+41
1.087500e-14 -5.908548e+20 3.491094e+41
1.089000e-14 -5.466601e+20 2.988373e+41
1.090500e-14 -5.013619e+20 2.513637e+41
1.092000e-14 -4.550644e+20 2.070836e+41
1.093500e-14 -4.078741e+20 1.663613e+41
1.095000e-14 -3.598987e+20 1.295271e+41
1.096500e-14 -3.112480e+20 9.687531e+40
1.098000e-14 -2.620325e+20 6.866105e+40
1.099500e-14 -2.123641e+20 4.509851e+40
1.101000e-14 -1.623552e+20 2.635921e+40
1.102500e-14 -1.121187e+20 1.257061e+40
1.104000e-14 -6.176793e+19 3.815278e+39
1.105500e-14 -1.141595e+19 1.303240e+38
1.107000e-14 3.882431e+19 1.507327e+39
1.108500e-14 8.884047e+19 7.892630e+39
1.110000e-14 1.385209e+20 1.918805e+40
1.111500e-14 1.877551e+20 3.525200e+40
1.113000e-14 2.364338e+20 5.590093e+40
1.114500e-14 2.844490e+20 8.091124e+40
1.116000e-14 3.316948e+20 1.100214e+41
1.117500e-14 3.780671e+20 1.429347e+41
1.119000e-14 4.234640e+20 1.793217e+41
1.120500e-14 4.677860e+20 2.188238e+41
1.122000e-14 5.109364e+20 2.610560e+41
1.123500e-14 5.528213e+20 3.056114e+41
1.125000e-14 5.933497e+20 3.520639e+41
1.126500e-14 6.324340e+20 3.999728e+41
1.128000e-14 6.699901e+20 4.488868e+41
1.129500e-14 7.059375e+20 4.983477e+41
1.131000e-14 7.401992e+20 5.478949e+41
1.132500e-14 7.727027e+20 5.970695e+41
1.134000e-14 8.033792e+20 6.454182e+41
1.135500e-14 8.321643e+20 6.924975e+41
1.137000e-14 8.589981e+20 7.378777e+41
1.138500e-14 8.838249e+20 7.811465e+41
1.140000e-14 9.065940e+20 8.219127e+41
1.141500e-14 9.272593e+20 8.598098e+41
1.143000e-14 9.457794e+20 8.944987e+41
1.144500e-14 9.621181e+20 9.256712e+41
1.146000e-14 9.762439e+20 9.530522e+41
1.147500e-14 9.881305e+20 9.764019e+41
1.149000e-14 9.977567e+20 9.955184e+41
1.150500e-14 1.005106e+21 1.010239e+42
1.152000e-14 1.010168e+21 1.020440e+42
1.153500e-14 1.012937e+21 1.026042e+42
1.155000e-14 1.013412e+21 1.027004e+42
1.156500e-14 1.011598e+21 1.023330e+42
1.158000e-14 1.007504e+21 1.015064e+42
1.159500e-14 1.001145e+21 1.002291e+42
1.161000e-14 9.925405e+20 9.851367e+41
1.162500e-14 9.817163e+20 9.637669e+41
1.164000e-14 9.687017e+20 9.383830e+41
1.165500e-14 9.535314e+20 9.092221e+41
1.167000e-14 9.362448e+20 8.765543e+41
1.168500e-14 9.168860e+20 8.406800e+41
1.170000e-14 8.955038e+20 8.019270e+41
1.171500e-14 8.721512e+20 7.606477e+41
1.173000e-14 8.468857e+20 7.172154e+41
1.174500e-14 8.197689e+20 6.720211e+41
1.176000e-14 7.908666e+20 6.254699e+41
1.177500e-14 7.602481e+20 5.779772e+41
1.179000e-14 7.279869e+20 5.299649e+41
1.180500e-14 6.941596e+20 4.818576e+41
1.182000e-14 6.588465e+20 4.340788e+41
1.183500e-14 6.221309e+20 3.870469e+41
1.185000e-14 5.840991e+20 3.411717e+41
1.186500e-14 5.448401e+20 2.968507e+41
1.188000e-14 5.044456e+20 2.544654e+41
1.189500e-14 4.630097e+20 2.143780e+41
1.191000e-14 4.206285e+20 1.769283e+41
1.192500e-14 3.774001e+20 1.424308e+41
1.194000e-14 3.334242e+20 1.111717e+41
1.195500e-14 2.888021e+20 8.340667e+40
1.197000e-14 2.436363e+20 5.935866e+40
1.198500e-14 1.980303e+20 3.921600e+40
1.200000e-14 1.520883e+20 2.313086e+40
1.201500e-14 1.059151e+20 1.121801e+40
1.203000e-14 5.961582e+19 3.554046e+39
1.204500e-14 1.329554e+19 1.767713e+38
1.206000e-14 -3.294078e+19 1.085095e+39
1.207500e-14 -7.898861e+19 6.239200e+39
1.209000e-14 -1.247441e+20 1.556108e+40
1.210500e-14 -1.701041e+20 2.893542e+40
1.212000e-14 -2.149670e+20 4.621080e+40
1.213500e-14 -2.592321e+20 6.720127e+40
1.215000e-14 -3.028004e+20 9.168811e+40
1.216500e-14 -3.455749e+20 1.194220e+41
1.218000e-14 -3.874604e+20 1.501256e+41
1.219500e-14 -4.283639e+20 1.834956e+41
1.221000e-14 -4.681949e+20 2.192065e+41
1.222500e-14 -5.068656e+20 2.569127e+41
1.224000e-14 -5.442908e+20 2.962525e+41
1.225500e-14 -5.803886e+20 3.368509e+41
1.227000e-14 -6.150799e+20 3.783233e+41
1.228500e-14 -6.482894e+20 4.202791e+41
1.230000e-14 -6.799450e+20 4.623252e+41
1.231500e-14 -7.099784e+20 5.040693e+41
1.233000e-14 -7.383250e+20 5.451238e+41
1.234500e-14 -7.649244e+20 5.851094e+41
1.236000e-14 -7.897202e+20 6.236580e+41
1.237500e-14 -8.126600e+20 6.604163e+41
1.239000e-14 -8.336960e+20 6.950491e+41
1.240500e-14 -8.527848e+20 7.272418e+41
1.242000e-14 -8.698872e+20 7.567038e+41
1.243500e-14 -8.849691e+20 7.831702e+41
1.245000e-14 -8.980006e+20 8.064050e+41
1.246500e-14 -9.089567e+20 8.262023e+41
1.248000e-14 -9.178173e+20 8.423885e+41
1.249500e-14 -9.245668e+20 8.548238e+41
1.251000e-14 -9.291948e+20 8.634030e+41
1.252500e-14 -9.316954e+20 8.680564e+41
1.254000e-14 -9.320678e+20 8.687504e+41
1.255500e-14 -9.303159e+20 8.654877e+41
1.257000e-14 -9.264484e+20 8.583066e+41
1.258500e-14 -9.204789e+20 8.472814e+41
1.260000e-14 -9.124256e+20 8.325205e+41
1.261500e-14 -9.023117e+20 8.141664e+41
1.263000e-14 -8.901646e+20 7.923931e+41
1.264500e-14 -8.760167e+20 7.674053e+41
1.266000e-14 -8.599046e+20 7.394359e+41
1.267500e-14 -8.418694e+20 7.087441e+41
1.269000e-14 -8.219564e+20 6.756124e+41
1.270500e-14 -8.002153e+20 6.403445e+41
1.272000e-14 -7.766996e+20 6.032622e+41
1.273500e-14 -7.514668e+20 5.647023e+41
1.275000e-14 -7.245783e+20 5.250137e+41
1.276500e-14 -6.960991e+20 4.845539e+41
1.278000e-14 -6.660975e+20 4.436859e+41
1.279500e-14 -6.346455e+20 4.027748e+41
1.281000e-14 -6.018178e+20 3.621847e+41
1.282500e-14 -5.676925e+20 3.222747e+41
1.284000e-14 -5.323502e+20 2.833967e+41
1.285500e-14 -4.958742e+20 2.458912e+41
1.287000e-14 -4.583503e+20 2.100850e+41
1.288500e-14 -4.198663e+20 1.762877e+41
1.290000e-14 -3.805123e+20 1.447896e+41
1.291500e-14 -3.403799e+20 1.158585e+41
1.293000e-14 -2.995625e+20 8.973769e+40
1.294500e-14 -2.581547e+20 6.664385e+40
1.296000e-14 -2.162524e+20 4.676508e+40
1.297500e-14 -1.739522e+20 3.025938e+40
1.299000e-14 -1.313518e+20 1.725329e+40
1.300500e-14 -8.854895e+19 7.840916e+39
1.302000e-14 -4.564193e+19 2.083186e+39
1.303500e-14 -2.728974e+18 7.447297e+36
1.305000e-14 4.009189e+19 1.607360e+39
1.306500e-14 8.272304e+19 6.843101e+39
1.308000e-14 1.250675e+20 1.564187e+40
1.309500e-14 1.670291e+20 2.789871e+40
1.311000e-14 2.085128e+20 4.347757e+40
1.312500e-14 2.494248e+20 6.221272e+40
1.314000e-14 2.896729e+20 8.391037e+40
1.315500e-14 3.291665e+20 1.083506e+41
1.317000e-14 3.678169e+20 1.352893e+41
1.318500e-14 4.055377e+20 1.644608e+41
1.320000e-14 4.422446e+20 1.955803e+41
1.321500e-14 4.778559e+20 2.283462e+41
1.323000e-14 5.122924e+20 2.624435e+41
1.324500e-14 5.454781e+20 2.975463e+41
1.326000e-14 5.773396e+20 3.333210e+41
1.327500e-14 6.078070e+20 3.694294e+41
1.329000e-14 6.368137e+20 4.055317e+41
1.330500e-14 6.642963e+20 4.412896e+41
1.332000e-14 6.901954e+20 4.763696e+41
1.333500e-14 7.144550e+20 5.104459e+41
1.335000e-14 7.370232e+20 5.432032e+41
1.336500e-14 7.578521e+20 5.743397e+41
1.338000e-14 7.768976e+20 6.035699e+41
1.339500e-14 7.941201e+20 6.306267e+41
1.341000e-14 8.094840e+20 6.552644e+41
1.342500e-14 8.229582e+20 6.772603e+41
1.344000e-14 8.345160e+20 6.964169e+41
1.345500e-14 8.441349e+20 7.125637e+41
1.347000e-14 8.517972e+20 7.255584e+41
1.348500e-14 8.574894e+20 7.352881e+41
1.350000e-14 8.612029e+20 7.416704e+41
1.351500e-14 8.629333e+20 7.446539e+41
1.353000e-14 8.626810e+20 7.442184e+41
1.354500e-14 8.604507e+20 7.403754e+41
1.356000e-14 8.562519e+20 7.331674e+41
1.357500e-14 8.500985e+20 7.226674e+41
1.359000e-14 8.420086e+20 7.089785e+41
1.360500e-14 8.320050e+20 6.922324e+41
1.362000e-14 8.201148e+20 6.725883e+41
1.363500e-14 8.063692e+20 6.502312e+41
1.365000e-14 7.908037e+20 6.253704e+41
1.366500e-14 7.734578e+20 5.982370e+41
1.368000e-14 7.543753e+20 5.690820e+41
1.369500e-14 7.336034e+20 5.381740e+41
1.371000e-14 7.111936e+20 5.057963e+41
1.372500e-14 6.872005e+20 4.722446e+41
1.374000e-14 6.616828e+20 4.378241e+41
1.375500e-14 6.347020e+20 4.028467e+41
1.377000e-14 6.063233e+20 3.676280e+41
1.378500e-14 5.766147e+20 3.324845e+41
1.380000e-14 5.456472e+20 2.977309e+41
1.381500e-14 5.134945e+20 2.636766e+41
1.383000e-14 4.802329e+20 2.306236e+41
1.384500e-14 4.459410e+20 1.988634e+41
1.386000e-14 4.106998e+20 1.686743e+41
1.387500e-14 3.745921e+20 1.403193e+41
1.389000e-14 3.377027e+20 1.140431e+41
1.390500e-14 3.001177e+20 9.007065e+40
1.392000e-14 2.619251e+20 6.860475e+40
1.393500e-14 2.232137e+20 4.982435e+40
1.395000e-14 1.840735e+20 3.388304e+40
1.396500e-14 1.445952e+20 2.090777e+40
1.398000e-14 1.048702e+20 1.099777e+40
1.399500e-14 6.499032e+19 4.223742e+39
1.401000e-14 2.504733e+19 6.273686e+38
1.402500e-14 -1.486688e+19 2.210242e+38
1.404000e-14 -5.466070e+19 2.987793e+39
1.405500e-14 -9.424300e+19 8.881743e+39
1.407000e-14 -1.335233e+20 1.782847e+40
1.408500e-14 -1.724120e+20 2.972591e+40
1.410000e-14 -2.108206e+20 4.444535e+40
1.411500e-14 -2.486619e+20 6.183277e+40
1.413000e-14 -2.858502e+20 8.171032e+40
1.414500e-14 -3.223013e+20 1.038781e+41
1.416000e-14 -3.579330e+20 1.281160e+41
1.417500e-14 -3.926651e+20 1.541859e+41
1.419000e-14 -4.264198e+20 1.818339e+41
1.420500e-14 -4.591215e+20 2.107926e+41
1.422000e-14 -4.906972e+20 2.407838e+41
1.423500e-14 -5.210767e+20 2.715209e+41
1.425000e-14 -5.501926e+20 3.027119e+41
1.426500e-14 -5.779806e+20 3.340616e+41
1.428000e-14 -6.043796e+20 3.652747e+41
1.429500e-14 -6.293318e+20 3.960585e+41
1.431000e-14 -6.527827e+20 4.261253e+41
1.432500e-14 -6.746816e+20 4.551953e+41
1.434000e-14 -6.949813e+20 4.829990e+41
1.435500e-14 -7.136383e+20 5.092797e+41
1.437000e-14 -7.306133e+20 5.337957e+41
1.438500e-14 -7.458705e+20 5.563228e+41
1.440000e-14 -7.593784e+20 5.766555e+41
1.441500e-14 -7.711095e+20 5.946098e+41
1.443000e-14 -7.810404e+20 6.100241e+41
1.444500e-14 -7.891521e+20 6.227610e+41
1.446000e-14 -7.954294e+20 6.327079e+41
1.447500e-14 -7.998618e+20 6.397789e+41
1.449000e-14 -8.024427e+20 6.439143e+41
1.450500e-14 -8.031700e+20 6.450820e+41
1.452000e-14 -8.020458e+20 6.432774e+41
1.453500e-14 -7.990763e+20 6.385230e+41
1.455000e-14 -7.942722e+20 6.308684e+41
1.456500e-14 -7.876482e+20 6.203898e+41
1.458000e-14 -7.792233e+20 6.071889e+41
1.459500e-14 -7.690204e+20 5.913923e+41
1.461000e-14 -7.570666e+20 5.731498e+41
1.462500e-14 -7.433929e+20 5.526329e+41
1.464000e-14 -7.280342e+20 5.300338e+41
1.465500e-14 -7.110294e+20 5.055627e+41
1.467000e-14 -6.924207e+20 4.794464e+41
1.468500e-14 -6.722543e+20 4.519259e+41
1.470000e-14 -6.505797e+20 4.232540e+41
1.471500e-14 -6.274499e+20 3.936933e+41
1.473000e-14 -6.029209e+20 3.635136e+41
1.474500e-14 -5.770520e+20 3.329890e+41
1.476000e-14 -5.499055e+20 3.023961e+41
1.477500e-14 -5.215464e+20 2.720107e+41
1.479000e-14 -4.920425e+20 2.421058e+41
1.480500e-14 -4.614639e+20 2.129489e+41
1.482000e-14 -4.298832e+20 1.847995e+41
1.483500e-14 -3.973751e+20 1.579070e+41
1.485000e-14 -3.640164e+20 1.325080e+41
1.486500e-14 -3.298856e+20 1.088245e+41
1.488000e-14 -2.950629e+20 8.706210e+40
1.489500e-14 -2.596297e+20 6.740760e+40
1.491000e-14 -2.236691e+20 5.002785e+40
1.492500e-14 -1.872648e+20 3.506810e+40
1.494000e-14 -1.505017e+20 2.265075e+40
1.495500e-14 -1.134651e+20 1.287433e+40
1.497000e-14 -7.624103e+19 5.812695e+39
1.498500e-14 -3.891560e+19 1.514424e+39
