0.000000e+00 nan nan
1.500000e-17 -3.669899e+05 1.346816e+11
3.000000e-17 -9.391841e+07 8.820668e+15
4.500000e-17 -2.405702e+09 5.787403e+18
6.000000e-17 -2.401138e+10 5.765465e+20
7.500000e-17 -1.429773e+11 2.044251e+22
9.000000e-17 -6.140324e+11 3.770358e+23
1.050000e-16 -2.104477e+12 4.428822e+24
1.200000e-16 -6.114522e+12 3.738738e+25
1.350000e-16 -1.565921e+13 2.452108e+26
1.500000e-16 -3.630121e+13 1.317778e+27
1.650000e-16 -7.763509e+13 6.027207e+27
1.800000e-16 -1.553339e+14 2.412861e+28
1.950000e-16 -2.938778e+14 8.636416e+28
2.100000e-16 -5.300929e+14 2.809985e+29
2.250000e-16 -9.176340e+14 8.420522e+29
2.400000e-16 -1.532551e+15 2.348712e+30
2.550000e-16 -2.480081e+15 6.150801e+30
2.700000e-16 -3.902812e+15 1.523194e+31
2.850000e-16 -5.990365e+15 3.588447e+31
3.000000e-16 -8.990727e+15 8.083317e+31
3.150000e-16 -1.322340e+16 1.748582e+32
3.300000e-16 -1.909446e+16 3.645984e+32
3.450000e-16 -2.711372e+16 7.351539e+32
3.600000e-16 -3.791404e+16 1.437474e+33
3.750000e-16 -5.227293e+16 2.732460e+33
3.900000e-16 -7.113662e+16 5.060419e+33
4.050000e-16 -9.564648e+16 9.148250e+33
4.200000e-16 -1.271681e+17 1.617173e+34
4.350000e-16 -1.673230e+17 2.799699e+34
4.500000e-16 -2.180227e+17 4.753391e+34
4.650000e-16 -2.815060e+17 7.924560e+34
4.800000e-16 -3.603780e+17 1.298723e+35
4.950000e-16 -4.576530e+17 2.094463e+35
5.100000e-16 -5.767987e+17 3.326967e+35
5.250000e-16 -7.217836e+17 5.209716e+35
5.400000e-16 -8.971269e+17 8.048366e+35
5.550000e-16 -1.107950e+18 1.227553e+36
5.700000e-16 -1.360030e+18 1.849682e+36
5.850000e-16 -1.659858e+18 2.755130e+36
6.000000e-16 -2.014694e+18 4.058994e+36
6.150000e-16 -2.432628e+18 5.917678e+36
6.300000e-16 -2.922638e+18 8.541810e+36
6.450000e-16 -3.494654e+18 1.221260e+37
6.600000e-16 -4.159619e+18 1.730243e+37
6.750000e-16 -4.929553e+18 2.430050e+37
6.900000e-16 -5.817612e+18 3.384461e+37
7.050000e-16 -6.838152e+18 4.676032e+37
7.200000e-16 -8.006789e+18 6.410867e+37
7.350000e-16 -9.340462e+18 8.724422e+37
7.500000e-16 -1.085749e+19 1.178850e+38
7.650000e-16 -1.257762e+19 1.581964e+38
7.800000e-16 -1.452209e+19 2.108910e+38
7.950000e-16 -1.671368e+19 2.793472e+38
8.100000e-16 -1.917677e+19 3.677485e+38
8.250000e-16 -2.193734e+19 4.812468e+38
8.400000e-16 -2.502305e+19 6.261531e+38
8.550000e-16 -2.846327e+19 8.101577e+38
8.700000e-16 -3.228909e+19 1.042585e+39
8.850000e-16 -3.653334e+19 1.334685e+39
9.000000e-16 -4.123064e+19 1.699965e+39
9.150000e-16 -4.641735e+19 2.154571e+39
9.300000e-16 -5.213164e+19 2.717708e+39
9.450000e-16 -5.841343e+19 3.412129e+39
9.600000e-16 -6.530438e+19 4.264662e+39
9.750000e-16 -7.284790e+19 5.306816e+39
9.900000e-16 -8.108907e+19 6.575436e+39
1.005000e-15 -9.007463e+19 8.113439e+39
1.020000e-15 -9.985293e+19 9.970608e+39
1.035000e-15 -1.104738e+20 1.220447e+40
1.050000e-15 -1.219887e+20 1.488124e+40
1.065000e-15 -1.344502e+20 1.807685e+40
1.080000e-15 -1.479123e+20 2.187806e+40
1.095000e-15 -1.624303e+20 2.638360e+40
1.110000e-15 -1.780603e+20 3.170547e+40
1.125000e-15 -1.948595e+20 3.797022e+40
1.140000e-15 -2.128858e+20 4.532038e+40
1.155000e-15 -2.321979e+20 5.391587e+40
1.170000e-15 -2.528548e+20 6.393554e+40
1.185000e-15 -2.749158e+20 7.557872e+40
1.200000e-15 -2.984406e+20 8.906678e+40
1.215000e-15 -3.234884e+20 1.046448e+41
1.230000e-15 -3.501186e+20 1.225830e+41
1.245000e-15 -3.783897e+20 1.431788e+41
1.260000e-15 -4.083598e+20 1.667577e+41
1.275000e-15 -4.400858e+20 1.936755e+41
1.290000e-15 -4.736238e+20 2.243195e+41
1.305000e-15 -5.090280e+20 2.591095e+41
1.320000e-15 -5.463514e+20 2.984999e+41
1.335000e-15 -5.856448e+20 3.429798e+41
1.350000e-15 -6.269568e+20 3.930748e+41
1.365000e-15 -6.703337e+20 4.493473e+41
1.380000e-15 -7.158190e+20 5.123968e+41
1.395000e-15 -7.634531e+20 5.828606e+41
1.410000e-15 -8.132732e+20 6.614133e+41
1.425000e-15 -8.653130e+20 7.487665e+41
1.440000e-15 -9.196022e+20 8.456683e+41
1.455000e-15 -9.761667e+20 9.529014e+41
1.470000e-15 -1.035028e+21 1.071282e+42
1.485000e-15 -1.096202e+21 1.201658e+42
1.500000e-15 -1.159701e+21 1.344906e+42
1.515000e-15 -1.225531e+21 1.501927e+42
1.530000e-15 -1.293694e+21 1.673645e+42
1.545000e-15 -1.364186e+21 1.861003e+42
1.560000e-15 -1.436995e+21 2.064954e+42
1.575000e-15 -1.512105e+21 2.286462e+42
1.590000e-15 -1.589494e+21 2.526490e+42
1.605000e-15 -1.669131e+21 2.785998e+42
1.620000e-15 -1.750981e+21 3.065935e+42
1.635000e-15 -1.835001e+21 3.367229e+42
1.650000e-15 -1.921141e+21 3.690782e+42
1.665000e-15 -2.009343e+21 4.037459e+42
1.680000e-15 -2.099543e+21 4.408080e+42
1.695000e-15 -2.191669e+21 4.803411e+42
1.710000e-15 -2.285641e+21 5.224155e+42
1.725000e-15 -2.381373e+21 5.670937e+42
1.740000e-15 -2.478770e+21 6.144301e+42
1.755000e-15 -2.577730e+21 6.644692e+42
1.770000e-15 -2.678143e+21 7.172451e+42
1.785000e-15 -2.779892e+21 7.727802e+42
1.800000e-15 -2.882853e+21 8.310842e+42
1.815000e-15 -2.986893e+21 8.921530e+42
1.830000e-15 -3.091873e+21 9.559678e+42
1.845000e-15 -3.197646e+21 1.022494e+43
1.860000e-15 -3.304059e+21 1.091681e+43
1.875000e-15 -3.410952e+21 1.163459e+43
1.890000e-15 -3.518158e+21 1.237743e+43
1.905000e-15 -3.625502e+21 1.314427e+43
1.920000e-15 -3.732807e+21 1.393385e+43
1.935000e-15 -3.839887e+21 1.474473e+43
1.950000e-15 -3.946552e+21 1.557527e+43
1.965000e-15 -4.052604e+21 1.642360e+43
1.980000e-15 -4.157846e+21 1.728768e+43
1.995000e-15 -4.262070e+21 1.816524e+43
2.010000e-15 -4.365069e+21 1.905382e+43
2.025000e-15 -4.466629e+21 1.995078e+43
2.040000e-15 -4.566537e+21 2.085326e+43
2.055000e-15 -4.664572e+21 2.175824e+43
2.070000e-15 -4.760517e+21 2.266252e+43
2.085000e-15 -4.854147e+21 2.356275e+43
2.100000e-15 -4.945242e+21 2.445542e+43
2.115000e-15 -5.033578e+21 2.533690e+43
2.130000e-15 -5.118930e+21 2.620345e+43
2.145000e-15 -5.201078e+21 2.705121e+43
2.160000e-15 -5.279799e+21 2.787628e+43
2.175000e-15 -5.354874e+21 2.867468e+43
2.190000e-15 -5.426086e+21 2.944241e+43
2.205000e-15 -5.493220e+21 3.017547e+43
2.220000e-15 -5.556067e+21 3.086988e+43
2.235000e-15 -5.614420e+21 3.152172e+43
2.250000e-15 -5.668078e+21 3.212711e+43
2.265000e-15 -5.716845e+21 3.268231e+43
2.280000e-15 -5.760531e+21 3.318371e+43
2.295000e-15 -5.798953e+21 3.362786e+43
2.310000e-15 -5.831936e+21 3.401148e+43
2.325000e-15 -5.859312e+21 3.433153e+43
2.340000e-15 -5.880921e+21 3.458523e+43
2.355000e-15 -5.896614e+21 3.477006e+43
2.370000e-15 -5.906249e+21 3.488378e+43
2.385000e-15 -5.909697e+21 3.492452e+43
2.400000e-15 -5.906837e+21 3.489073e+43
2.415000e-15 -5.897561e+21 3.478123e+43
2.430000e-15 -5.881772e+21 3.459524e+43
2.445000e-15 -5.859385e+21 3.433239e+43
2.460000e-15 -5.830327e+21 3.399271e+43
2.475000e-15 -5.794539e+21 3.357668e+43
2.490000e-15 -5.751975e+21 3.308521e+43
2.505000e-15 -5.702601e+21 3.251966e+43
2.520000e-15 -5.646400e+21 3.188183e+43
2.535000e-15 -5.583367e+21 3.117399e+43
2.550000e-15 -5.513511e+21 3.039880e+43
2.565000e-15 -5.436857e+21 2.955942e+43
2.580000e-15 -5.353445e+21 2.865937e+43
2.595000e-15 -5.263328e+21 2.770262e+43
2.610000e-15 -5.166576e+21 2.669351e+43
2.625000e-15 -5.063273e+21 2.563673e+43
2.640000e-15 -4.953518e+21 2.453734e+43
2.655000e-15 -4.837426e+21 2.340069e+43
2.670000e-15 -4.715126e+21 2.223241e+43
2.685000e-15 -4.586761e+21 2.103838e+43
2.700000e-15 -4.452491e+21 1.982468e+43
2.715000e-15 -4.312490e+21 1.859757e+43
2.730000e-15 -4.166943e+21 1.736342e+43
2.745000e-15 -4.016054e+21 1.612869e+43
2.760000e-15 -3.860037e+21 1.489989e+43
2.775000e-15 -3.699120e+21 1.368349e+43
2.790000e-15 -3.533546e+21 1.248595e+43
2.805000e-15 -3.363567e+21 1.131358e+43
2.820000e-15 -3.189449e+21 1.017258e+43
2.835000e-15 -3.011469e+21 9.068948e+42
2.850000e-15 -2.829917e+21 8.008429e+42
2.865000e-15 -2.645089e+21 6.996497e+42
2.880000e-15 -2.457295e+21 6.038298e+42
2.895000e-15 -2.266851e+21 5.138613e+42
2.910000e-15 -2.074083e+21 4.301820e+42
2.925000e-15 -1.879325e+21 3.531861e+42
2.940000e-15 -1.682916e+21 2.832206e+42
2.955000e-15 -1.485203e+21 2.205829e+42
2.970000e-15 -1.286539e+21 1.655183e+42
2.985000e-15 -1.087279e+21 1.182176e+42
3.000000e-15 -8.877846e+20 7.881615e+41
3.015000e-15 -6.884183e+20 4.739197e+41
3.030000e-15 -4.895457e+20 2.396550e+41
3.045000e-15 -2.915337e+20 8.499190e+40
3.060000e-15 -9.474935e+19 8.977439e+39
3.075000e-15 1.004407e+20 1.008833e+40
3.090000e-15 2.936711e+20 8.624273e+40
3.105000e-15 4.845789e+20 2.348167e+41
3.120000e-15 6.728042e+20 4.526654e+41
3.135000e-15 8.579909e+20 7.361485e+41
3.150000e-15 1.039788e+21 1.081160e+42
3.165000e-15 1.217851e+21 1.483161e+42
3.180000e-15 1.391840e+21 1.937219e+42
3.195000e-15 1.561425e+21 2.438047e+42
3.210000e-15 1.726282e+21 2.980049e+42
3.225000e-15 1.886098e+21 3.557364e+42
3.240000e-15 2.040568e+21 4.163919e+42
3.255000e-15 2.189401e+21 4.793476e+42
3.270000e-15 2.332313e+21 5.439685e+42
3.285000e-15 2.469036e+21 6.096138e+42
3.300000e-15 2.599312e+21 6.756424e+42
3.315000e-15 2.722899e+21 7.414178e+42
3.330000e-15 2.839567e+21 8.063138e+42
3.345000e-15 2.949101e+21 8.697199e+42
3.360000e-15 3.051304e+21 9.310456e+42
3.375000e-15 3.145991e+21 9.897262e+42
3.390000e-15 3.232997e+21 1.045227e+43
3.405000e-15 3.312170e+21 1.097047e+43
3.420000e-15 3.383378e+21 1.144725e+43
3.435000e-15 3.446506e+21 1.187841e+43
3.450000e-15 3.501457e+21 1.226020e+43
3.465000e-15 3.548150e+21 1.258937e+43
3.480000e-15 3.586526e+21 1.286317e+43
3.495000e-15 3.616542e+21 1.307937e+43
3.510000e-15 3.638174e+21 1.323631e+43
3.525000e-15 3.651418e+21 1.333285e+43
3.540000e-15 3.656288e+21 1.336844e+43
3.555000e-15 3.652816e+21 1.334307e+43
3.570000e-15 3.641055e+21 1.325728e+43
3.585000e-15 3.621074e+21 1.311218e+43
3.600000e-15 3.592964e+21 1.290939e+43
3.615000e-15 3.556830e+21 1.265104e+43
3.630000e-15 3.512799e+21 1.233975e+43
3.645000e-15 3.461013e+21 1.197861e+43
3.660000e-15 3.401633e+21 1.157111e+43
3.675000e-15 3.334837e+21 1.112114e+43
3.690000e-15 3.260820e+21 1.063295e+43
3.705000e-15 3.179792e+21 1.011108e+43
3.720000e-15 3.091979e+21 9.560333e+42
3.735000e-15 2.997623e+21 8.985742e+42
3.750000e-15 2.896980e+21 8.392490e+42
3.765000e-15 2.790319e+21 7.785881e+42
3.780000e-15 2.677925e+21 7.171283e+42
3.795000e-15 2.560093e+21 6.554076e+42
3.810000e-15 2.437131e+21 5.939606e+42
3.825000e-15 2.309357e+21 5.333131e+42
3.840000e-15 2.177102e+21 4.739771e+42
3.855000e-15 2.040703e+21 4.164467e+42
3.870000e-15 1.900508e+21 3.611929e+42
3.885000e-15 1.756872e+21 3.086599e+42
3.900000e-15 1.610158e+21 2.592608e+42
3.915000e-15 1.460734e+21 2.133742e+42
3.930000e-15 1.308973e+21 1.713409e+42
3.945000e-15 1.155252e+21 1.334608e+42
3.960000e-15 9.999545e+20 9.999091e+41
3.975000e-15 8.434620e+20 7.114282e+41
3.990000e-15 6.861598e+20 4.708153e+41
4.005000e-15 5.284333e+20 2.792417e+41
4.020000e-15 3.706673e+20 1.373943e+41
4.035000e-15 2.132455e+20 4.547363e+40
4.050000e-15 5.654890e+19 3.197778e+39
4.065000e-15 -9.904448e+19 9.809809e+39
4.080000e-15 -2.531609e+20 6.409045e+40
4.095000e-15 -4.054318e+20 1.643749e+41
4.110000e-15 -5.554944e+20 3.085741e+41
4.125000e-15 -7.029931e+20 4.941993e+41
4.140000e-15 -8.475797e+20 7.183914e+41
4.155000e-15 -9.889149e+20 9.779527e+41
4.170000e-15 -1.126669e+21 1.269382e+42
4.185000e-15 -1.260521e+21 1.588913e+42
4.200000e-15 -1.390163e+21 1.932553e+42
4.215000e-15 -1.515297e+21 2.296126e+42
4.230000e-15 -1.635640e+21 2.675317e+42
4.245000e-15 -1.750918e+21 3.065714e+42
4.260000e-15 -1.860875e+21 3.462854e+42
4.275000e-15 -1.965266e+21 3.862269e+42
4.290000e-15 -2.063862e+21 4.259527e+42
4.305000e-15 -2.156451e+21 4.650282e+42
4.320000e-15 -2.242836e+21 5.030311e+42
4.335000e-15 -2.322834e+21 5.395557e+42
4.350000e-15 -2.396282e+21 5.742167e+42
4.365000e-15 -2.463033e+21 6.066530e+42
4.380000e-15 -2.522957e+21 6.365311e+42
4.395000e-15 -2.575942e+21 6.635477e+42
4.410000e-15 -2.621895e+21 6.874332e+42
4.425000e-15 -2.660739e+21 7.079533e+42
4.440000e-15 -2.692418e+21 7.249114e+42
4.455000e-15 -2.716892e+21 7.381500e+42
4.470000e-15 -2.734140e+21 7.475522e+42
4.485000e-15 -2.744161e+21 7.530419e+42
4.500000e-15 -2.746970e+21 7.545846e+42
4.515000e-15 -2.742603e+21 7.521870e+42
4.530000e-15 -2.731111e+21 7.458966e+42
4.545000e-15 -2.712565e+21 7.358009e+42
4.560000e-15 -2.687054e+21 7.220259e+42
4.575000e-15 -2.654683e+21 7.047343e+42
4.590000e-15 -2.615575e+21 6.841235e+42
4.605000e-15 -2.569871e+21 6.604235e+42
4.620000e-15 -2.517725e+21 6.338937e+42
4.635000e-15 -2.459309e+21 6.048202e+42
4.650000e-15 -2.394812e+21 5.735124e+42
4.665000e-15 -2.324435e+21 5.402997e+42
4.680000e-15 -2.248394e+21 5.055277e+42
4.695000e-15 -2.166921e+21 4.695547e+42
4.710000e-15 -2.080258e+21 4.327475e+42
4.725000e-15 -1.988662e+21 3.954776e+42
4.740000e-15 -1.892399e+21 3.581175e+42
4.755000e-15 -1.791749e+21 3.210365e+42
4.770000e-15 -1.687000e+21 2.845970e+42
4.785000e-15 -1.578451e+21 2.491508e+42
4.800000e-15 -1.466409e+21 2.150354e+42
4.815000e-15 -1.351188e+21 1.825708e+42
4.830000e-15 -1.233110e+21 1.520561e+42
4.845000e-15 -1.112505e+21 1.237667e+42
4.860000e-15 -9.897044e+20 9.795148e+41
4.875000e-15 -8.650469e+20 7.483062e+41
4.890000e-15 -7.388738e+20 5.459345e+41
4.905000e-15 -6.115291e+20 3.739678e+41
4.920000e-15 -4.833584e+20 2.336354e+41
4.935000e-15 -3.547084e+20 1.258181e+41
4.950000e-15 -2.259255e+20 5.104234e+40
4.965000e-15 -9.735513e+19 9.478021e+39
4.980000e-15 3.065921e+19 9.399871e+38
4.995000e-15 1.577768e+20 2.489351e+40
5.010000e-15 2.836605e+20 8.046330e+40
5.025000e-15 4.079781e+20 1.664461e+41
5.040000e-15 5.304023e+20 2.813266e+41
5.055000e-15 6.506126e+20 4.232968e+41
5.070000e-15 7.682954e+20 5.902778e+41
5.085000e-15 8.831450e+20 7.799451e+41
5.100000e-15 9.948645e+20 9.897553e+41
5.115000e-15 1.103166e+21 1.216976e+42
5.130000e-15 1.207774e+21 1.458717e+42
5.145000e-15 1.308420e+21 1.711963e+42
5.160000e-15 1.404851e+21 1.973606e+42
5.175000e-15 1.496824e+21 2.240481e+42
5.190000e-15 1.584109e+21 2.509403e+42
5.205000e-15 1.666492e+21 2.777196e+42
5.220000e-15 1.743770e+21 3.040732e+42
5.235000e-15 1.815755e+21 3.296965e+42
5.250000e-15 1.882275e+21 3.542960e+42
5.265000e-15 1.943174e+21 3.775925e+42
5.280000e-15 1.998310e+21 3.993244e+42
5.295000e-15 2.047559e+21 4.192499e+42
5.310000e-15 2.090812e+21 4.371496e+42
5.325000e-15 2.127978e+21 4.528290e+42
5.340000e-15 2.158981e+21 4.661200e+42
5.355000e-15 2.183765e+21 4.768829e+42
5.370000e-15 2.202289e+21 4.850075e+42
5.385000e-15 2.214529e+21 4.904139e+42
5.400000e-15 2.220481e+21 4.930536e+42
5.415000e-15 2.220156e+21 4.929091e+42
5.430000e-15 2.213582e+21 4.899946e+42
5.445000e-15 2.200806e+21 4.843548e+42
5.460000e-15 2.181891e+21 4.760650e+42
5.475000e-15 2.156917e+21 4.652290e+42
5.490000e-15 2.125979e+21 4.519787e+42
5.505000e-15 2.089191e+21 4.364718e+42
5.520000e-15 2.046680e+21 4.188900e+42
5.535000e-15 1.998591e+21 3.994367e+42
5.550000e-15 1.945083e+21 3.783347e+42
5.565000e-15 1.886328e+21 3.558234e+42
5.580000e-15 1.822516e+21 3.321563e+42
5.595000e-15 1.753846e+21 3.075975e+42
5.610000e-15 1.680533e+21 2.824192e+42
5.625000e-15 1.602804e+21 2.568981e+42
5.640000e-15 1.520897e+21 2.313126e+42
5.655000e-15 1.435060e+21 2.059398e+42
5.670000e-15 1.345554e+21 1.810516e+42
5.685000e-15 1.252648e+21 1.569126e+42
5.700000e-15 1.156618e+21 1.337766e+42
5.715000e-15 1.057752e+21 1.118840e+42
5.730000e-15 9.563421e+20 9.145901e+41
5.745000e-15 8.526873e+20 7.270757e+41
5.760000e-15 7.470928e+20 5.581476e+41
5.775000e-15 6.398677e+20 4.094307e+41
5.790000e-15 5.313254e+20 2.823067e+41
5.805000e-15 4.217817e+20 1.778998e+41
5.820000e-15 3.115546e+20 9.706627e+40
5.835000e-15 2.009630e+20 4.038613e+40
5.850000e-15 9.032605e+19 8.158794e+39
5.865000e-15 -2.003800e+19 4.015215e+38
5.880000e-15 -1.298125e+20 1.685128e+40
5.895000e-15 -2.386834e+20 5.696974e+40
5.910000e-15 -3.463400e+20 1.199514e+41
5.925000e-15 -4.524762e+20 2.047347e+41
5.940000e-15 -5.567909e+20 3.100161e+41
5.955000e-15 -6.589892e+20 4.342668e+41
5.970000e-15 -7.587830e+20 5.757516e+41
5.985000e-15 -8.558920e+20 7.325511e+41
6.000000e-15 -9.500444e+20 9.025843e+41
6.015000e-15 -1.040978e+21 1.083634e+42
6.030000e-15 -1.128439e+21 1.273375e+42
6.045000e-15 -1.212187e+21 1.469398e+42
6.060000e-15 -1.291992e+21 1.669243e+42
6.075000e-15 -1.367634e+21 1.870423e+42
6.090000e-15 -1.438909e+21 2.070459e+42
6.105000e-15 -1.505624e+21 2.266903e+42
6.120000e-15 -1.567600e+21 2.457369e+42
6.135000e-15 -1.624673e+21 2.639564e+42
6.150000e-15 -1.676695e+21 2.811305e+42
6.165000e-15 -1.723529e+21 2.970552e+42
6.180000e-15 -1.765058e+21 3.115430e+42
6.195000e-15 -1.801179e+21 3.244245e+42
6.210000e-15 -1.831804e+21 3.355506e+42
6.225000e-15 -1.856863e+21 3.447942e+42
6.240000e-15 -1.876303e+21 3.520513e+42
6.255000e-15 -1.890086e+21 3.572423e+42
6.270000e-15 -1.898190e+21 3.603127e+42
6.285000e-15 -1.900614e+21 3.612333e+42
6.300000e-15 -1.897369e+21 3.600008e+42
6.315000e-15 -1.888485e+21 3.566376e+42
6.330000e-15 -1.874009e+21 3.511909e+42
6.345000e-15 -1.854003e+21 3.437326e+42
6.360000e-15 -1.828546e+21 3.343579e+42
6.375000e-15 -1.797733e+21 3.231843e+42
6.390000e-15 -1.761674e+21 3.103496e+42
6.405000e-15 -1.720496e+21 2.960106e+42
6.420000e-15 -1.674339e+21 2.803410e+42
6.435000e-15 -1.623357e+21 2.635289e+42
6.450000e-15 -1.567721e+21 2.457750e+42
6.465000e-15 -1.507613e+21 2.272896e+42
6.480000e-15 -1.443227e+21 2.082905e+42
6.495000e-15 -1.374773e+21 1.890000e+42
6.510000e-15 -1.302468e+21 1.696423e+42
6.525000e-15 -1.226543e+21 1.504408e+42
6.540000e-15 -1.147239e+21 1.316158e+42
6.555000e-15 -1.064806e+21 1.133811e+42
6.570000e-15 -9.795016e+20 9.594234e+41
6.585000e-15 -8.915932e+20 7.949384e+41
6.600000e-15 -8.013543e+20 6.421687e+41
6.615000e-15 -7.090650e+20 5.027732e+41
6.630000e-15 -6.150107e+20 3.782381e+41
6.645000e-15 -5.194814e+20 2.698609e+41
6.660000e-15 -4.227707e+20 1.787351e+41
6.675000e-15 -3.251753e+20 1.057389e+41
6.690000e-15 -2.269932e+20 5.152593e+40
6.705000e-15 -1.285240e+20 1.651843e+40
6.720000e-15 -3.006699e+19 9.040236e+38
6.735000e-15 6.807935e+19 4.634798e+39
6.750000e-15 1.656182e+20 2.742939e+40
6.765000e-15 2.622554e+20 6.877789e+40
6.780000e-15 3.577003e+20 1.279495e+41
6.795000e-15 4.516668e+20 2.040029e+41
6.810000e-15 5.438739e+20 2.957989e+41
6.825000e-15 6.340469e+20 4.020154e+41
6.840000e-15 7.219177e+20 5.211652e+41
6.855000e-15 8.072265e+20 6.516146e+41
6.870000e-15 8.897215e+20 7.916043e+41
6.885000e-15 9.691604e+20 9.392719e+41
6.900000e-15 1.045311e+21 1.092675e+42
6.915000e-15 1.117952e+21 1.249816e+42
6.930000e-15 1.186872e+21 1.408666e+42
6.945000e-15 1.251874e+21 1.567189e+42
6.960000e-15 1.312772e+21 1.723371e+42
6.975000e-15 1.369393e+21 1.875238e+42
6.990000e-15 1.421578e+21 2.020885e+42
7.005000e-15 1.469183e+21 2.158498e+42
7.020000e-15 1.512076e+21 2.286373e+42
7.035000e-15 1.550142e+21 2.402940e+42
7.050000e-15 1.583281e+21 2.506778e+42
7.065000e-15 1.611407e+21 2.596634e+42
7.080000e-15 1.634452e+21 2.671433e+42
7.095000e-15 1.652362e+21 2.730299e+42
7.110000e-15 1.665098e+21 2.772552e+42
7.125000e-15 1.672641e+21 2.797728e+42
7.140000e-15 1.674984e+21 2.805572e+42
7.155000e-15 1.672139e+21 2.796047e+42
7.170000e-15 1.664131e+21 2.769332e+42
7.185000e-15 1.651004e+21 2.725814e+42
7.200000e-15 1.632816e+21 2.666088e+42
7.215000e-15 1.609641e+21 2.590943e+42
7.230000e-15 1.581567e+21 2.501355e+42
7.245000e-15 1.548699e+21 2.398470e+42
7.260000e-15 1.511156e+21 2.283593e+42
7.275000e-15 1.469070e+21 2.158166e+42
7.290000e-15 1.422587e+21 2.023753e+42
7.305000e-15 1.371867e+21 1.882019e+42
7.320000e-15 1.317082e+21 1.734705e+42
7.335000e-15 1.258417e+21 1.583614e+42
7.350000e-15 1.196068e+21 1.430578e+42
7.365000e-15 1.130240e+21 1.277443e+42
7.380000e-15 1.061153e+21 1.126045e+42
7.395000e-15 9.890305e+20 9.781813e+41
7.410000e-15 9.141094e+20 8.355960e+41
7.425000e-15 8.366325e+20 6.999540e+41
7.440000e-15 7.568503e+20 5.728225e+41
7.455000e-15 6.750197e+20 4.556516e+41
7.470000e-15 5.914031e+20 3.497576e+41
7.485000e-15 5.062676e+20 2.563069e+41
7.500000e-15 4.198846e+20 1.763031e+41
7.515000e-15 3.325281e+20 1.105749e+41
7.530000e-15 2.444745e+20 5.976778e+40
7.545000e-15 1.560015e+20 2.433647e+40
7.560000e-15 6.738721e+19 4.541036e+39
7.575000e-15 -2.109070e+19 4.448175e+38
7.590000e-15 -1.091559e+20 1.191500e+40
7.605000e-15 -1.965341e+20 3.862564e+40
7.620000e-15 -2.829542e+20 8.006306e+40
7.635000e-15 -3.681489e+20 1.355336e+41
7.650000e-15 -4.518556e+20 2.041735e+41
7.665000e-15 -5.338173e+20 2.849609e+41
7.680000e-15 -6.137831e+20 3.767297e+41
7.695000e-15 -6.915094e+20 4.781852e+41
7.710000e-15 -7.667603e+20 5.879214e+41
7.725000e-15 -8.393085e+20 7.044388e+41
7.740000e-15 -9.089360e+20 8.261646e+41
7.755000e-15 -9.754344e+20 9.514722e+41
7.770000e-15 -1.038606e+21 1.078703e+42
7.785000e-15 -1.098265e+21 1.206185e+42
7.800000e-15 -1.154235e+21 1.332259e+42
7.815000e-15 -1.206355e+21 1.455292e+42
7.830000e-15 -1.254474e+21 1.573704e+42
7.845000e-15 -1.298455e+21 1.685984e+42
7.860000e-15 -1.338174e+21 1.790710e+42
7.875000e-15 -1.373523e+21 1.886565e+42
7.890000e-15 -1.404405e+21 1.972355e+42
7.905000e-15 -1.430740e+21 2.047018e+42
7.920000e-15 -1.452461e+21 2.109644e+42
7.935000e-15 -1.469517e+21 2.159480e+42
7.950000e-15 -1.481870e+21 2.195938e+42
7.965000e-15 -1.489498e+21 2.218605e+42
7.980000e-15 -1.492396e+21 2.227245e+42
7.995000e-15 -1.490570e+21 2.221799e+42
8.010000e-15 -1.484044e+21 2.202387e+42
8.025000e-15 -1.472856e+21 2.169305e+42
8.040000e-15 -1.457058e+21 2.123017e+42
8.055000e-15 -1.436716e+21 2.064153e+42
8.070000e-15 -1.411912e+21 1.993496e+42
8.085000e-15 -1.382740e+21 1.911970e+42
8.100000e-15 -1.349308e+21 1.820633e+42
8.115000e-15 -1.311738e+21 1.720656e+42
8.130000e-15 -1.270163e+21 1.613314e+42
8.145000e-15 -1.224730e+21 1.499963e+42
8.160000e-15 -1.175596e+21 1.382025e+42
8.175000e-15 -1.122930e+21 1.260972e+42
8.190000e-15 -1.066912e+21 1.138301e+42
8.205000e-15 -1.007731e+21 1.015523e+42
8.220000e-15 -9.455870e+20 8.941347e+41
8.235000e-15 -8.806864e+20 7.756085e+41
8.250000e-15 -8.132452e+20 6.613677e+41
8.265000e-15 -7.434861e+20 5.527716e+41
8.280000e-15 -6.716388e+20 4.510987e+41
8.295000e-15 -5.979383e+20 3.575302e+41
8.310000e-15 -5.226250e+20 2.731369e+41
8.325000e-15 -4.459434e+20 1.988655e+41
8.340000e-15 -3.681415e+20 1.355282e+41
8.355000e-15 -2.894701e+20 8.379291e+40
8.370000e-15 -2.101816e+20 4.417631e+40
8.385000e-15 -1.305298e+20 1.703804e+40
8.400000e-15 -5.076861e+19 2.577452e+39
8.415000e-15 2.884870e+19 8.322474e+38
8.430000e-15 1.080701e+20 1.167914e+40
8.445000e-15 1.866457e+20 3.483661e+40
8.460000e-15 2.643286e+20 6.986959e+40
8.475000e-15 3.408755e+20 1.161961e+41
8.490000e-15 4.160477e+20 1.730957e+41
8.505000e-15 4.896116e+20 2.397195e+41
8.520000e-15 5.613395e+20 3.151020e+41
8.535000e-15 6.310105e+20 3.981742e+41
8.550000e-15 6.984108e+20 4.877776e+41
8.565000e-15 7.633346e+20 5.826798e+41
8.580000e-15 8.255849e+20 6.815905e+41
8.595000e-15 8.849736e+20 7.831783e+41
8.610000e-15 9.413225e+20 8.860881e+41
8.625000e-15 9.944636e+20 9.889578e+41
8.640000e-15 1.044240e+21 1.090437e+42
8.655000e-15 1.090505e+21 1.189201e+42
8.670000e-15 1.133125e+21 1.283972e+42
8.685000e-15 1.171977e+21 1.373531e+42
8.700000e-15 1.206952e+21 1.456734e+42
8.715000e-15 1.237953e+21 1.532527e+42
8.730000e-15 1.264895e+21 1.599959e+42
8.745000e-15 1.287707e+21 1.658189e+42
8.760000e-15 1.306331e+21 1.706502e+42
8.775000e-15 1.320725e+21 1.744314e+42
8.790000e-15 1.330856e+21 1.771177e+42
8.805000e-15 1.336708e+21 1.786787e+42
8.820000e-15 1.338277e+21 1.790986e+42
8.835000e-15 1.335575e+21 1.783761e+42
8.850000e-15 1.328625e+21 1.765244e+42
8.865000e-15 1.317464e+21 1.735710e+42
8.880000e-15 1.302142e+21 1.695575e+42
8.895000e-15 1.282724e+21 1.645381e+42
8.910000e-15 1.259286e+21 1.585801e+42
8.925000e-15 1.231916e+21 1.517617e+42
8.940000e-15 1.200716e+21 1.441719e+42
8.955000e-15 1.165798e+21 1.359086e+42
8.970000e-15 1.127288e+21 1.270777e+42
8.985000e-15 1.085319e+21 1.177917e+42
9.000000e-15 1.040038e+21 1.081680e+42
9.015000e-15 9.916014e+20 9.832734e+41
9.030000e-15 9.401737e+20 8.839266e+41
9.045000e-15 8.859294e+20 7.848709e+41
9.060000e-15 8.290512e+20 6.873258e+41
9.075000e-15 7.697294e+20 5.924833e+41
9.090000e-15 7.081615e+20 5.014928e+41
9.105000e-15 6.445516e+20 4.154468e+41
9.120000e-15 5.791095e+20 3.353678e+41
9.135000e-15 5.120499e+20 2.621951e+41
9.150000e-15 4.435922e+20 1.967741e+41
9.165000e-15 3.739595e+20 1.398457e+41
9.180000e-15 3.033778e+20 9.203808e+40
9.195000e-15 2.320752e+20 5.385891e+40
9.210000e-15 1.602817e+20 2.569022e+40
9.225000e-15 8.822774e+19 7.784134e+39
9.240000e-15 1.614405e+19 2.606303e+38
9.255000e-15 -5.573941e+19 3.106882e+39
9.270000e-15 -1.271940e+20 1.617832e+40
9.285000e-15 -1.979934e+20 3.920138e+40
9.300000e-15 -2.679138e+20 7.177781e+40
9.315000e-15 -3.367352e+20 1.133906e+41
9.330000e-15 -4.042416e+20 1.634113e+41
9.345000e-15 -4.702221e+20 2.211088e+41
9.360000e-15 -5.344712e+20 2.856595e+41
9.375000e-15 -5.967896e+20 3.561578e+41
9.390000e-15 -6.569848e+20 4.316290e+41
9.405000e-15 -7.148716e+20 5.110414e+41
9.420000e-15 -7.702729e+20 5.933204e+41
9.435000e-15 -8.230200e+20 6.773619e+41
9.450000e-15 -8.729531e+20 7.620471e+41
9.465000e-15 -9.199220e+20 8.462565e+41
9.480000e-15 -9.637863e+20 9.288841e+41
9.495000e-15 -1.004416e+21 1.008852e+42
9.510000e-15 -1.041692e+21 1.085122e+42
9.525000e-15 -1.075505e+21 1.156712e+42
9.540000e-15 -1.105760e+21 1.222705e+42
9.555000e-15 -1.132370e+21 1.282262e+42
9.570000e-15 -1.155263e+21 1.334632e+42
9.585000e-15 -1.174376e+21 1.379159e+42
9.600000e-15 -1.189661e+21 1.415294e+42
9.615000e-15 -1.201082e+21 1.442598e+42
9.630000e-15 -1.208613e+21 1.460745e+42
9.645000e-15 -1.212243e+21 1.469533e+42
9.660000e-15 -1.211973e+21 1.468878e+42
9.675000e-15 -1.207815e+21 1.458817e+42
9.690000e-15 -1.199795e+21 1.439508e+42
9.705000e-15 -1.187951e+21 1.411227e+42
9.720000e-15 -1.172332e+21 1.374361e+42
9.735000e-15 -1.153000e+21 1.329408e+42
9.750000e-15 -1.130028e+21 1.276962e+42
9.765000e-15 -1.103500e+21 1.217713e+42
9.780000e-15 -1.073514e+21 1.152431e+42
9.795000e-15 -1.040174e+21 1.081962e+42
9.810000e-15 -1.003598e+21 1.007209e+42
9.825000e-15 -9.639131e+20 9.291284e+41
9.840000e-15 -9.212553e+20 8.487113e+41
9.855000e-15 -8.757702e+20 7.669734e+41
9.870000e-15 -8.276119e+20 6.849414e+41
9.885000e-15 -7.769427e+20 6.036400e+41
9.900000e-15 -7.239324e+20 5.240782e+41
9.915000e-15 -6.687578e+20 4.472370e+41
9.930000e-15 -6.116020e+20 3.740570e+41
9.945000e-15 -5.526541e+20 3.054266e+41
9.960000e-15 -4.921084e+20 2.421706e+41
9.975000e-15 -4.301635e+20 1.850406e+41
9.990000e-15 -3.670223e+20 1.347053e+41
1.000500e-14 -3.028906e+20 9.174274e+40
1.002000e-14 -2.379772e+20 5.663315e+40
1.003500e-14 -1.724925e+20 2.975366e+40
1.005000e-14 -1.066483e+20 1.137386e+40
1.006500e-14 -4.065699e+19 1.652991e+39
1.008000e-14 2.526919e+19 6.385318e+38
1.009500e-14 9.091873e+19 8.266215e+39
1.011000e-14 1.560816e+20 2.436146e+40
1.012500e-14 2.205498e+20 4.864222e+40
1.014000e-14 2.841182e+20 8.072318e+40
1.015500e-14 3.465851e+20 1.201213e+41
1.017000e-14 4.077528e+20 1.662623e+41
1.018500e-14 4.674281e+20 2.184891e+41
1.020000e-14 5.254235e+20 2.760698e+41
1.021500e-14 5.815569e+20 3.382084e+41
1.023000e-14 6.356530e+20 4.040547e+41
1.024500e-14 6.875432e+20 4.727156e+41
1.026000e-14 7.370665e+20 5.432671e+41
1.027500e-14 7.840701e+20 6.147659e+41
1.029000e-14 8.284093e+20 6.862620e+41
1.030500e-14 8.699486e+20 7.568105e+41
1.032000e-14 9.085616e+20 8.254841e+41
1.033500e-14 9.441317e+20 8.913847e+41
1.035000e-14 9.765525e+20 9.536547e+41
1.036500e-14 1.005728e+21 1.011488e+42
1.038000e-14 1.031572e+21 1.064140e+42
1.039500e-14 1.054010e+21 1.110938e+42
1.041000e-14 1.072980e+21 1.151285e+42
1.042500e-14 1.088428e+21 1.184675e+42
1.044000e-14 1.100314e+21 1.210690e+42
1.045500e-14 1.108608e+21 1.229013e+42
1.047000e-14 1.113294e+21 1.239424e+42
1.048500e-14 1.114365e+21 1.241810e+42
1.050000e-14 1.111828e+21 1.236161e+42
1.051500e-14 1.105698e+21 1.222568e+42
1.053000e-14 1.096006e+21 1.201229e+42
1.054500e-14 1.082791e+21 1.172436e+42
1.056000e-14 1.066105e+21 1.136580e+42
1.057500e-14 1.046011e+21 1.094138e+42
1.059000e-14 1.022581e+21 1.045672e+42
1.060500e-14 9.959005e+20 9.918179e+41
1.062000e-14 9.660631e+20 9.332779e+41
1.063500e-14 9.331731e+20 8.708121e+41
1.065000e-14 8.973444e+20 8.052270e+41
1.066500e-14 8.587001e+20 7.373659e+41
1.068000e-14 8.173720e+20 6.680971e+41
1.069500e-14 7.735005e+20 5.983031e+41
1.071000e-14 7.272338e+20 5.288689e+41
1.072500e-14 6.787272e+20 4.606707e+41
1.074000e-14 6.281435e+20 3.945643e+41
1.075500e-14 5.756513e+20 3.313745e+41
1.077000e-14 5.214254e+20 2.718845e+41
1.078500e-14 4.656455e+20 2.168258e+41
1.080000e-14 4.084962e+20 1.668692e+41
1.081500e-14 3.501660e+20 1.226162e+41
1.083000e-14 2.908468e+20 8.459188e+40
1.084500e-14 2.307334e+20 5.323791e+40
1.086000e-14 1.700226e+20 2.890769e+40
1.087500e-14 1.089129e+20 1.186202e+40
1.089000e-14 4.760346e+19 2.266090e+39
1.090500e-14 -1.370614e+19 1.878581e+38
1.092000e-14 -7.481684e+19 5.597559e+39
1.093500e-14 -1.355306e+20 1.836855e+40
1.095000e-14 -1.956512e+20 3.827938e+40
1.096500e-14 -2.549845e+20 6.501709e+40
1.098000e-14 -3.133396e+20 9.818169e+40
1.099500e-14 -3.705290e+20 1.372917e+41
1.101000e-14 -4.263694e+20 1.817908e+41
1.102500e-14 -4.806823e+20 2.310554e+41
1.104000e-14 -5.332944e+20 2.844030e+41
1.105500e-14 -5.840386e+20 3.411011e+41
1.107000e-14 -6.327538e+20 4.003774e+41
1.108500e-14 -6.792862e+20 4.614297e+41
1.110000e-14 -7.234890e+20 5.234363e+41
1.111500e-14 -7.652237e+20 5.855673e+41
1.113000e-14 -8.043598e+20 6.469946e+41
1.114500e-14 -8.407757e+20 7.069037e+41
1.116000e-14 -8.743587e+20 7.645032e+41
1.117500e-14 -9.050059e+20 8.190357e+41
1.119000e-14 -9.326238e+20 8.697872e+41
1.120500e-14 -9.571292e+20 9.160962e+41
1.122000e-14 -9.784489e+20 9.573623e+41
1.123500e-14 -9.965207e+20 9.930536e+41
1.125000e-14 -1.011293e+21 1.022713e+42
1.126500e-14 -1.022724e+21 1.045965e+42
1.128000e-14 -1.030785e+21 1.062518e+42
1.129500e-14 -1.035457e+21 1.072170e+42
1.131000e-14 -1.036731e+21 1.074811e+42
1.132500e-14 -1.034611e+21 1.070421e+42
1.134000e-14 -1.029113e+21 1.059073e+42
1.135500e-14 -1.020260e+21 1.040930e+42
1.137000e-14 -1.008089e+21 1.016244e+42
1.138500e-14 -9.926486e+20 9.853513e+41
1.140000e-14 -9.739950e+20 9.486662e+41
1.141500e-14 -9.521966e+20 9.066784e+41
1.143000e-14 -9.273318e+20 8.599443e+41
1.144500e-14 -8.994886e+20 8.090798e+41
1.146000e-14 -8.687647e+20 7.547522e+41
1.147500e-14 -8.352671e+20 6.976711e+41
1.149000e-14 -7.991115e+20 6.385791e+41
1.150500e-14 -7.604221e+20 5.782418e+41
1.152000e-14 -7.193313e+20 5.174375e+41
1.153500e-14 -6.759789e+20 4.569475e+41
1.155000e-14 -6.305121e+20 3.975455e+41
1.156500e-14 -5.830844e+20 3.399874e+41
1.158000e-14 -5.338557e+20 2.850019e+41
1.159500e-14 -4.829913e+20 2.332806e+41
1.161000e-14 -4.306618e+20 1.854696e+41
1.162500e-14 -3.770418e+20 1.421605e+41
1.164000e-14 -3.223103e+20 1.038840e+41
1.165500e-14 -2.666493e+20 7.110186e+40
1.167000e-14 -2.102436e+20 4.420235e+40
1.168500e-14 -1.532799e+20 2.349472e+40
1.170000e-14 -9.594651e+19 9.205733e+39
1.171500e-14 -3.843264e+19 1.477068e+39
1.173000e-14 1.907241e+19 3.637570e+38
1.174500e-14 7.637973e+19 5.833862e+39
1.176000e-14 1.333014e+20 1.776926e+40
1.177500e-14 1.896512e+20 3.596756e+40
1.179000e-14 2.452450e+20 6.014512e+40
1.180500e-14 2.999018e+20 8.994112e+40
1.182000e-14 3.534439e+20 1.249226e+41
1.183500e-14 4.056976e+20 1.645905e+41
1.185000e-14 4.564938e+20 2.083866e+41
1.186500e-14 5.056686e+20 2.557007e+41
1.188000e-14 5.530636e+20 3.058794e+41
1.189500e-14 5.985269e+20 3.582345e+41
1.191000e-14 6.419130e+20 4.120523e+41
1.192500e-14 6.830837e+20 4.666033e+41
1.194000e-14 7.219081e+20 5.211513e+41
1.195500e-14 7.582637e+20 5.749639e+41
1.197000e-14 7.920362e+20 6.273214e+41
1.198500e-14 8.231200e+20 6.775265e+41
1.200000e-14 8.514185e+20 7.249135e+41
1.201500e-14 8.768448e+20 7.688568e+41
1.203000e-14 8.993214e+20 8.087789e+41
1.204500e-14 9.187807e+20 8.441579e+41
1.206000e-14 9.351652e+20 8.745340e+41
1.207500e-14 9.484279e+20 8.995155e+41
1.209000e-14 9.585319e+20 9.187835e+41
1.210500e-14 9.654510e+20 9.320956e+41
1.212000e-14 9.691693e+20 9.392892e+41
1.213500e-14 9.696819e+20 9.402830e+41
1.215000e-14 9.669941e+20 9.350777e+41
1.216500e-14 9.611222e+20 9.237558e+41
1.218000e-14 9.520924e+20 9.064800e+41
1.219500e-14 9.399419e+20 8.834908e+41
1.221000e-14 9.247177e+20 8.551028e+41
1.222500e-14 9.064770e+20 8.217005e+41
1.224000e-14 8.852868e+20 7.837328e+41
1.225500e-14 8.612239e+20 7.417066e+41
1.227000e-14 8.343742e+20 6.961803e+41
1.228500e-14 8.048326e+20 6.477556e+41
1.230000e-14 7.727030e+20 5.970700e+41
1.231500e-14 7.380974e+20 5.447877e+41
1.233000e-14 7.011357e+20 4.915912e+41
1.234500e-14 6.619454e+20 4.381718e+41
1.236000e-14 6.206613e+20 3.852204e+41
1.237500e-14 5.774245e+20 3.334191e+41
1.239000e-14 5.323825e+20 2.834311e+41
1.240500e-14 4.856883e+20 2.358931e+41
1.242000e-14 4.375000e+20 1.914063e+41
1.243500e-14 3.879806e+20 1.505289e+41
1.245000e-14 3.372968e+20 1.137691e+41
1.246500e-14 2.856189e+20 8.157815e+40
1.248000e-14 2.331202e+20 5.434501e+40
1.249500e-14 1.799762e+20 3.239142e+40
1.251000e-14 1.263642e+20 1.596791e+40
1.252500e-14 7.246272e+19 5.250846e+39
1.254000e-14 1.845076e+19 3.404306e+38
1.255500e-14 -3.549271e+19 1.259732e+39
1.257000e-14 -8.918933e+19 7.954736e+39
1.258500e-14 -1.424620e+20 2.029541e+40
1.260000e-14 -1.951353e+20 3.807779e+40
1.261500e-14 -2.470364e+20 6.102699e+40
1.263000e-14 -2.979953e+20 8.880120e+40
1.264500e-14 -3.478455e+20 1.209965e+41
1.266000e-14 -3.964245e+20 1.571524e+41
1.267500e-14 -4.435745e+20 1.967584e+41
1.269000e-14 -4.891429e+20 2.392608e+41
1.270500e-14 -5.329824e+20 2.840702e+41
1.272000e-14 -5.749519e+20 3.305697e+41
1.273500e-14 -6.149169e+20 3.781228e+41
1.275000e-14 -6.527499e+20 4.260824e+41
1.276500e-14 -6.883305e+20 4.737989e+41
1.278000e-14 -7.215463e+20 5.206291e+41
1.279500e-14 -7.522930e+20 5.659447e+41
1.281000e-14 -7.804744e+20 6.091403e+41
1.282500e-14 -8.060035e+20 6.496417e+41
1.284000e-14 -8.288020e+20 6.869128e+41
1.285500e-14 -8.488009e+20 7.204630e+41
1.287000e-14 -8.659406e+20 7.498532e+41
1.288500e-14 -8.801713e+20 7.747015e+41
1.290000e-14 -8.914527e+20 7.946880e+41
1.291500e-14 -8.997546e+20 8.095584e+41
1.293000e-14 -9.050566e+20 8.191275e+41
1.294500e-14 -9.073484e+20 8.232811e+41
1.296000e-14 -9.066296e+20 8.219773e+41
1.297500e-14 -9.029099e+20 8.152463e+41
1.299000e-14 -8.962088e+20 8.031903e+41
1.300500e-14 -8.865558e+20 7.859812e+41
1.302000e-14 -8.739899e+20 7.638584e+41
1.303500e-14 -8.585599e+20 7.371251e+41
1.305000e-14 -8.403238e+20 7.061440e+41
1.306500e-14 -8.193488e+20 6.713324e+41
1.308000e-14 -7.957110e+20 6.331561e+41
1.309500e-14 -7.694953e+20 5.921231e+41
1.311000e-14 -7.407948e+20 5.487770e+41
1.312500e-14 -7.097106e+20 5.036892e+41
1.314000e-14 -6.763515e+20 4.574513e+41
1.315500e-14 -6.408335e+20 4.106676e+41
1.317000e-14 -6.032797e+20 3.639464e+41
1.318500e-14 -5.638193e+20 3.178922e+41
1.320000e-14 -5.225878e+20 2.730980e+41
1.321500e-14 -4.797261e+20 2.301371e+41
1.323000e-14 -4.353801e+20 1.895558e+41
1.324500e-14 -3.897005e+20 1.518665e+41
1.326000e-14 -3.428418e+20 1.175405e+41
1.327500e-14 -2.949621e+20 8.700264e+40
1.329000e-14 -2.462226e+20 6.062555e+40
1.330500e-14 -1.967867e+20 3.872502e+40
1.332000e-14 -1.468201e+20 2.155613e+40
1.333500e-14 -9.648941e+19 9.310207e+39
1.335000e-14 -4.596236e+19 2.112538e+39
1.336500e-14 4.593252e+18 2.109796e+37
1.338000e-14 5.500989e+19 3.026088e+39
1.339500e-14 1.051209e+20 1.105040e+40
1.341000e-14 1.547611e+20 2.395099e+40
1.342500e-14 2.037671e+20 4.152104e+40
1.344000e-14 2.519783e+20 6.349309e+40
1.345500e-14 2.992370e+20 8.954279e+40
1.347000e-14 3.453889e+20 1.192935e+41
1.348500e-14 3.902840e+20 1.523216e+41
1.350000e-14 4.337767e+20 1.881622e+41
1.351500e-14 4.757263e+20 2.263155e+41
1.353000e-14 5.159978e+20 2.662537e+41
1.354500e-14 5.544619e+20 3.074280e+41
1.356000e-14 5.909957e+20 3.492760e+41
1.357500e-14 6.254831e+20 3.912291e+41
1.359000e-14 6.578147e+20 4.327202e+41
1.360500e-14 6.878889e+20 4.731912e+41
1.362000e-14 7.156117e+20 5.121000e+41
1.363500e-14 7.408969e+20 5.489282e+41
1.365000e-14 7.636669e+20 5.831872e+41
1.366500e-14 7.838525e+20 6.144248e+41
1.368000e-14 8.013932e+20 6.422310e+41
1.369500e-14 8.162373e+20 6.662433e+41
1.371000e-14 8.283423e+20 6.861510e+41
1.372500e-14 8.376749e+20 7.016992e+41
1.374000e-14 8.442108e+20 7.126919e+41
1.375500e-14 8.479354e+20 7.189944e+41
1.377000e-14 8.488430e+20 7.205344e+41
1.378500e-14 8.469376e+20 7.173033e+41
1.380000e-14 8.422323e+20 7.093552e+41
1.381500e-14 8.347494e+20 6.968065e+41
1.383000e-14 8.245204e+20 6.798339e+41
1.384500e-14 8.115859e+20 6.586717e+41
1.386000e-14 7.959952e+20 6.336083e+41
1.387500e-14 7.778061e+20 6.049824e+41
1.389000e-14 7.570853e+20 5.731782e+41
1.390500e-14 7.339074e+20 5.386200e+41
1.392000e-14 7.083548e+20 5.017666e+41
1.393500e-14 6.805179e+20 4.631046e+41
1.395000e-14 6.504942e+20 4.231427e+41
1.396500e-14 6.183882e+20 3.824040e+41
1.398000e-14 5.843112e+20 3.414196e+41
1.399500e-14 5.483804e+20 3.007211e+41
1.401000e-14 5.107192e+20 2.608341e+41
1.402500e-14 4.714562e+20 2.222709e+41
1.404000e-14 4.307250e+20 1.855241e+41
1.405500e-14 3.886639e+20 1.510596e+41
1.407000e-14 3.454150e+20 1.193115e+41
1.408500e-14 3.011241e+20 9.067570e+40
1.410000e-14 2.559401e+20 6.550533e+40
1.411500e-14 2.100145e+20 4.410611e+40
1.413000e-14 1.635009e+20 2.673256e+40
1.414500e-14 1.165545e+20 1.358494e+40
1.416000e-14 6.933131e+19 4.806831e+39
1.417500e-14 2.198821e+19 4.834816e+38
1.419000e-14 -2.531805e+19 6.410039e+38
1.420500e-14 -7.243122e+19 5.246282e+39
1.422000e-14 -1.191960e+20 1.420769e+40
1.423500e-14 -1.654587e+20 2.737658e+40
1.425000e-14 -2.110675e+20 4.454949e+40
1.426500e-14 -2.558732e+20 6.547111e+40
1.428000e-14 -2.997297e+20 8.983787e+40
1.429500e-14 -3.424940e+20 1.173022e+41
1.431000e-14 -3.840275e+20 1.474772e+41
1.432500e-14 -4.241957e+20 1.799420e+41
1.434000e-14 -4.628690e+20 2.142477e+41
1.435500e-14 -4.999230e+20 2.499230e+41
1.437000e-14 -5.352388e+20 2.864806e+41
1.438500e-14 -5.687039e+20 3.234241e+41
1.440000e-14 -6.002117e+20 3.602540e+41
1.441500e-14 -6.296625e+20 3.964749e+41
1.443000e-14 -6.569637e+20 4.316013e+41
1.444500e-14 -6.820299e+20 4.651648e+41
1.446000e-14 -7.047833e+20 4.967195e+41
1.447500e-14 -7.251537e+20 5.258479e+41
1.449000e-14 -7.430793e+20 5.521668e+41
1.450500e-14 -7.585061e+20 5.753315e+41
1.452000e-14 -7.713888e+20 5.950407e+41
1.453500e-14 -7.816903e+20 6.110397e+41
1.455000e-14 -7.893823e+20 6.231244e+41
1.456500e-14 -7.944450e+20 6.311429e+41
1.458000e-14 -7.968675e+20 6.349978e+41
1.459500e-14 -7.966475e+20 6.346472e+41
1.461000e-14 -7.937914e+20 6.301047e+41
1.462500e-14 -7.883143e+20 6.214394e+41
1.464000e-14 -7.802400e+20 6.087744e+41
1.465500e-14 -7.696007e+20 5.922852e+41
1.467000e-14 -7.564370e+20 5.721969e+41
1.468500e-14 -7.407978e+20 5.487813e+41
1.470000e-14 -7.227399e+20 5.223530e+41
1.471500e-14 -7.023283e+20 4.932650e+41
1.473000e-14 -6.796352e+20 4.619039e+41
1.474500e-14 -6.547403e+20 4.286849e+41
1.476000e-14 -6.277307e+20 3.940458e+41
1.477500e-14 -5.986998e+20 3.584415e+41
1.479000e-14 -5.677478e+20 3.223376e+41
1.480500e-14 -5.349810e+20 2.862047e+41
1.482000e-14 -5.005113e+20 2.505116e+41
1.483500e-14 -4.644562e+20 2.157195e+41
1.485000e-14 -4.269379e+20 1.822760e+41
1.486500e-14 -3.880835e+20 1.506088e+41
1.488000e-14 -3.480241e+20 1.211208e+41
1.489500e-14 -3.068945e+20 9.418421e+40
1.491000e-14 -2.648327e+20 7.013634e+40
1.492500e-14 -2.219796e+20 4.927494e+40
1.494000e-14 -1.784784e+20 3.185456e+40
1.495500e-14 -1.344743e+20 1.808333e+40
1.497000e-14 -9.011356e+19 8.120454e+39
1.498500e-14 -4.554359e+19 2.074218e+39
