0.000000e+00 nan nan
1.500000e-17 2.417469e+01 5.844156e+02
3.000000e-17 1.237523e+04 1.531462e+08
4.500000e-17 4.756034e+05 2.261986e+11
6.000000e-17 6.331583e+06 4.008895e+13
7.500000e-17 4.714866e+07 2.222996e+15
9.000000e-17 2.431172e+08 5.910596e+16
1.050000e-16 9.727474e+08 9.462375e+17
1.200000e-16 3.232504e+09 1.044908e+19
1.350000e-16 9.321194e+09 8.688465e+19
1.500000e-16 2.403239e+10 5.775556e+20
1.650000e-16 5.659619e+10 3.203129e+21
1.800000e-16 1.236769e+11 1.529598e+22
1.950000e-16 2.538050e+11 6.441698e+22
2.100000e-16 4.937000e+11 2.437397e+23
2.250000e-16 9.170251e+11 8.409350e+23
2.400000e-16 1.636202e+12 2.677158e+24
2.550000e-16 2.818013e+12 7.941197e+24
2.700000e-16 4.703802e+12 2.212575e+25
2.850000e-16 7.635209e+12 5.829641e+25
3.000000e-16 1.208645e+13 1.460823e+26
3.150000e-16 1.870428e+13 3.498501e+26
3.300000e-16 2.835687e+13 8.041122e+26
3.450000e-16 4.219294e+13 1.780245e+27
3.600000e-16 6.171261e+13 3.808446e+27
3.750000e-16 8.885145e+13 7.894579e+27
3.900000e-16 1.260795e+14 1.589605e+28
4.050000e-16 1.765170e+14 3.115827e+28
4.200000e-16 2.440685e+14 5.956943e+28
4.350000e-16 3.335772e+14 1.112738e+29
4.500000e-16 4.510026e+14 2.034034e+29
4.650000e-16 6.036215e+14 3.643589e+29
4.800000e-16 8.002568e+14 6.404109e+29
4.950000e-16 1.051534e+15 1.105725e+30
5.100000e-16 1.370172e+15 1.877372e+30
5.250000e-16 1.771302e+15 3.137510e+30
5.400000e-16 2.272827e+15 5.165742e+30
5.550000e-16 2.895820e+15 8.385771e+30
5.700000e-16 3.664958e+15 1.343191e+31
5.850000e-16 4.609004e+15 2.124292e+31
6.000000e-16 5.761335e+15 3.319298e+31
6.150000e-16 7.160511e+15 5.127291e+31
6.300000e-16 8.850901e+15 7.833845e+31
6.450000e-16 1.088336e+16 1.184476e+32
6.600000e-16 1.331597e+16 1.773150e+32
6.750000e-16 1.621480e+16 2.629197e+32
6.900000e-16 1.965479e+16 3.863106e+32
7.050000e-16 2.372062e+16 5.626679e+32
7.200000e-16 2.850773e+16 8.126907e+32
7.350000e-16 3.412330e+16 1.164400e+33
7.500000e-16 4.068739e+16 1.655464e+33
7.650000e-16 4.833410e+16 2.336185e+33
7.800000e-16 5.721279e+16 3.273304e+33
7.950000e-16 6.748941e+16 4.554820e+33
8.100000e-16 7.934785e+16 6.296082e+33
8.250000e-16 9.299143e+16 8.647406e+33
8.400000e-16 1.086444e+17 1.180360e+34
8.550000e-16 1.265534e+17 1.601576e+34
8.700000e-16 1.469894e+17 2.160589e+34
8.850000e-16 1.702493e+17 2.898481e+34
9.000000e-16 1.966574e+17 3.867414e+34
9.150000e-16 2.265680e+17 5.133306e+34
9.300000e-16 2.603666e+17 6.779078e+34
9.450000e-16 2.984724e+17 8.908577e+34
9.600000e-16 3.413401e+17 1.165130e+35
9.750000e-16 3.894620e+17 1.516807e+35
9.900000e-16 4.433707e+17 1.965776e+35
1.005000e-15 5.036405e+17 2.536537e+35
1.020000e-15 5.708905e+17 3.259159e+35
1.035000e-15 6.457864e+17 4.170401e+35
1.050000e-15 7.290433e+17 5.315041e+35
1.065000e-15 8.214278e+17 6.747436e+35
1.080000e-15 9.237607e+17 8.533338e+35
1.095000e-15 1.036919e+18 1.075202e+36
1.110000e-15 1.161841e+18 1.349874e+36
1.125000e-15 1.299523e+18 1.688760e+36
1.140000e-15 1.451029e+18 2.105485e+36
1.155000e-15 1.617488e+18 2.616269e+36
1.170000e-15 1.800100e+18 3.240361e+36
1.185000e-15 2.000136e+18 4.000546e+36
1.200000e-15 2.218943e+18 4.923706e+36
1.215000e-15 2.457942e+18 6.041481e+36
1.230000e-15 2.718639e+18 7.390999e+36
1.245000e-15 3.002619e+18 9.015720e+36
1.260000e-15 3.311552e+18 1.096638e+37
1.275000e-15 3.647196e+18 1.330204e+37
1.290000e-15 4.011400e+18 1.609133e+37
1.305000e-15 4.406103e+18 1.941374e+37
1.320000e-15 4.833339e+18 2.336117e+37
1.335000e-15 5.295240e+18 2.803957e+37
1.350000e-15 5.794035e+18 3.357084e+37
1.365000e-15 6.332055e+18 4.009492e+37
1.380000e-15 6.911732e+18 4.777204e+37
1.395000e-15 7.535605e+18 5.678534e+37
1.410000e-15 8.206317e+18 6.734364e+37
1.425000e-15 8.926620e+18 7.968454e+37
1.440000e-15 9.699375e+18 9.407787e+37
1.455000e-15 1.052755e+19 1.108294e+38
1.470000e-15 1.141424e+19 1.302848e+38
1.485000e-15 1.236263e+19 1.528345e+38
1.500000e-15 1.337603e+19 1.789181e+38
1.515000e-15 1.445787e+19 2.090299e+38
1.530000e-15 1.561168e+19 2.437246e+38
1.545000e-15 1.684113e+19 2.836236e+38
1.560000e-15 1.814998e+19 3.294216e+38
1.575000e-15 1.954211e+19 3.818940e+38
1.590000e-15 2.102153e+19 4.419046e+38
1.605000e-15 2.259235e+19 5.104142e+38
1.620000e-15 2.425880e+19 5.884893e+38
1.635000e-15 2.602522e+19 6.773121e+38
1.650000e-15 2.789607e+19 7.781907e+38
1.665000e-15 2.987591e+19 8.925700e+38
1.680000e-15 3.196942e+19 1.022044e+39
1.695000e-15 3.418137e+19 1.168366e+39
1.710000e-15 3.651666e+19 1.333467e+39
1.725000e-15 3.898028e+19 1.519462e+39
1.740000e-15 4.157732e+19 1.728673e+39
1.755000e-15 4.431296e+19 1.963639e+39
1.770000e-15 4.719250e+19 2.227132e+39
1.785000e-15 5.022131e+19 2.522180e+39
1.800000e-15 5.340486e+19 2.852079e+39
1.815000e-15 5.674870e+19 3.220415e+39
1.830000e-15 6.025846e+19 3.631082e+39
1.845000e-15 6.393985e+19 4.088305e+39
1.860000e-15 6.779866e+19 4.596659e+39
1.875000e-15 7.184074e+19 5.161092e+39
1.890000e-15 7.607201e+19 5.786950e+39
1.905000e-15 8.049843e+19 6.479998e+39
1.920000e-15 8.512605e+19 7.246444e+39
1.935000e-15 8.996092e+19 8.092968e+39
1.950000e-15 9.500919e+19 9.026746e+39
1.965000e-15 1.002770e+20 1.005548e+40
1.980000e-15 1.057705e+20 1.118741e+40
1.995000e-15 1.114960e+20 1.243136e+40
2.010000e-15 1.174597e+20 1.379678e+40
2.025000e-15 1.236678e+20 1.529372e+40
2.040000e-15 1.301265e+20 1.693291e+40
2.055000e-15 1.368422e+20 1.872579e+40
2.070000e-15 1.438211e+20 2.068450e+40
2.085000e-15 1.510693e+20 2.282193e+40
2.100000e-15 1.585931e+20 2.515178e+40
2.115000e-15 1.663988e+20 2.768854e+40
2.130000e-15 1.744923e+20 3.044756e+40
2.145000e-15 1.828798e+20 3.344503e+40
2.160000e-15 1.915674e+20 3.669808e+40
2.175000e-15 2.005611e+20 4.022474e+40
2.190000e-15 2.098667e+20 4.404402e+40
2.205000e-15 2.194901e+20 4.817589e+40
2.220000e-15 2.294371e+20 5.264137e+40
2.235000e-15 2.397133e+20 5.746246e+40
2.250000e-15 2.503243e+20 6.266228e+40
2.265000e-15 2.612757e+20 6.826498e+40
2.280000e-15 2.725727e+20 7.429587e+40
2.295000e-15 2.842206e+20 8.078133e+40
2.310000e-15 2.962244e+20 8.774892e+40
2.325000e-15 3.085893e+20 9.522734e+40
2.340000e-15 3.213199e+20 1.032465e+41
2.355000e-15 3.344210e+20 1.118374e+41
2.370000e-15 3.478971e+20 1.210324e+41
2.385000e-15 3.617526e+20 1.308649e+41
2.400000e-15 3.759915e+20 1.413696e+41
2.415000e-15 3.906180e+20 1.525824e+41
2.430000e-15 4.056358e+20 1.645404e+41
2.445000e-15 4.210485e+20 1.772818e+41
2.460000e-15 4.368595e+20 1.908462e+41
2.475000e-15 4.530721e+20 2.052743e+41
2.490000e-15 4.696891e+20 2.206079e+41
2.505000e-15 4.867135e+20 2.368900e+41
2.520000e-15 5.041476e+20 2.541648e+41
2.535000e-15 5.219938e+20 2.724775e+41
2.550000e-15 5.402541e+20 2.918745e+41
2.565000e-15 5.589303e+20 3.124031e+41
2.580000e-15 5.780240e+20 3.341117e+41
2.595000e-15 5.975364e+20 3.570497e+41
2.610000e-15 6.174686e+20 3.812674e+41
2.625000e-15 6.378212e+20 4.068159e+41
2.640000e-15 6.585948e+20 4.337471e+41
2.655000e-15 6.797895e+20 4.621137e+41
2.670000e-15 7.014052e+20 4.919693e+41
2.685000e-15 7.234415e+20 5.233677e+41
2.700000e-15 7.458978e+20 5.563635e+41
2.715000e-15 7.687729e+20 5.910118e+41
2.730000e-15 7.920657e+20 6.273680e+41
2.745000e-15 8.157744e+20 6.654878e+41
2.760000e-15 8.398971e+20 7.054271e+41
2.775000e-15 8.644316e+20 7.472420e+41
2.790000e-15 8.893753e+20 7.909884e+41
2.805000e-15 9.147252e+20 8.367222e+41
2.820000e-15 9.404782e+20 8.844993e+41
2.835000e-15 9.666307e+20 9.343749e+41
2.850000e-15 9.931787e+20 9.864040e+41
2.865000e-15 1.020118e+21 1.040641e+42
2.880000e-15 1.047444e+21 1.097139e+42
2.895000e-15 1.075152e+21 1.155952e+42
2.910000e-15 1.103236e+21 1.217130e+42
2.925000e-15 1.131692e+21 1.280726e+42
2.940000e-15 1.160512e+21 1.346787e+42
2.955000e-15 1.189690e+21 1.415363e+42
2.970000e-15 1.219221e+21 1.486499e+42
2.985000e-15 1.249096e+21 1.560241e+42
3.000000e-15 1.279309e+21 1.636631e+42
3.015000e-15 1.309851e+21 1.715709e+42
3.030000e-15 1.340715e+21 1.797516e+42
3.045000e-15 1.371891e+21 1.882086e+42
3.060000e-15 1.403372e+21 1.969453e+42
3.075000e-15 1.435148e+21 2.059649e+42
3.090000e-15 1.467209e+21 2.152701e+42
3.105000e-15 1.499545e+21 2.248635e+42
3.120000e-15 1.532146e+21 2.347472e+42
3.135000e-15 1.565002e+21 2.449230e+42
3.150000e-15 1.598101e+21 2.553926e+42
3.165000e-15 1.631431e+21 2.661568e+42
3.180000e-15 1.664982e+21 2.772165e+42
3.195000e-15 1.698741e+21 2.885720e+42
3.210000e-15 1.732695e+21 3.002231e+42
3.225000e-15 1.766831e+21 3.121693e+42
3.240000e-15 1.801137e+21 3.244095e+42
3.255000e-15 1.835599e+21 3.369422e+42
3.270000e-15 1.870202e+21 3.497654e+42
3.285000e-15 1.904932e+21 3.628767e+42
3.300000e-15 1.939775e+21 3.762729e+42
3.315000e-15 1.974716e+21 3.899505e+42
3.330000e-15 2.009740e+21 4.039054e+42
3.345000e-15 2.044829e+21 4.181328e+42
3.360000e-15 2.079970e+21 4.326275e+42
3.375000e-15 2.115144e+21 4.473835e+42
3.390000e-15 2.150336e+21 4.623945e+42
3.405000e-15 2.185528e+21 4.776533e+42
3.420000e-15 2.220703e+21 4.931522e+42
3.435000e-15 2.255843e+21 5.088829e+42
3.450000e-15 2.290930e+21 5.248362e+42
3.465000e-15 2.325946e+21 5.410025e+42
3.480000e-15 2.360872e+21 5.573716e+42
3.495000e-15 2.395689e+21 5.739325e+42
3.510000e-15 2.430377e+21 5.906734e+42
3.525000e-15 2.464918e+21 6.075821e+42
3.540000e-15 2.499291e+21 6.246455e+42
3.555000e-15 2.533476e+21 6.418501e+42
3.570000e-15 2.567453e+21 6.591814e+42
3.585000e-15 2.601201e+21 6.766245e+42
3.600000e-15 2.634699e+21 6.941637e+42
3.615000e-15 2.667926e+21 7.117827e+42
3.630000e-15 2.700860e+21 7.294646e+42
3.645000e-15 2.733481e+21 7.471916e+42
3.660000e-15 2.765765e+21 7.649456e+42
3.675000e-15 2.797691e+21 7.827077e+42
3.690000e-15 2.829238e+21 8.004586e+42
3.705000e-15 2.860381e+21 8.181781e+42
3.720000e-15 2.891100e+21 8.358457e+42
3.735000e-15 2.921370e+21 8.534403e+42
3.750000e-15 2.951170e+21 8.709402e+42
3.765000e-15 2.980475e+21 8.883233e+42
3.780000e-15 3.009264e+21 9.055669e+42
3.795000e-15 3.037512e+21 9.226481e+42
3.810000e-15 3.065197e+21 9.395434e+42
3.825000e-15 3.092295e+21 9.562289e+42
3.840000e-15 3.118783e+21 9.726806e+42
3.855000e-15 3.144637e+21 9.888740e+42
3.870000e-15 3.169833e+21 1.004784e+43
3.885000e-15 3.194349e+21 1.020387e+43
3.900000e-15 3.218161e+21 1.035656e+43
3.915000e-15 3.241245e+21 1.050567e+43
3.930000e-15 3.263578e+21 1.065094e+43
3.945000e-15 3.285136e+21 1.079212e+43
3.960000e-15 3.305898e+21 1.092896e+43
3.975000e-15 3.325839e+21 1.106120e+43
3.990000e-15 3.344936e+21 1.118860e+43
4.005000e-15 3.363167e+21 1.131089e+43
4.020000e-15 3.380510e+21 1.142785e+43
4.035000e-15 3.396941e+21 1.153921e+43
4.050000e-15 3.412439e+21 1.164474e+43
4.065000e-15 3.426983e+21 1.174421e+43
4.080000e-15 3.440549e+21 1.183738e+43
4.095000e-15 3.453117e+21 1.192402e+43
4.110000e-15 3.464667e+21 1.200392e+43
4.125000e-15 3.475177e+21 1.207685e+43
4.140000e-15 3.484627e+21 1.214262e+43
4.155000e-15 3.492997e+21 1.220103e+43
4.170000e-15 3.500268e+21 1.225188e+43
4.185000e-15 3.506421e+21 1.229499e+43
4.200000e-15 3.511437e+21 1.233019e+43
4.215000e-15 3.515299e+21 1.235733e+43
4.230000e-15 3.517988e+21 1.237624e+43
4.245000e-15 3.519489e+21 1.238680e+43
4.260000e-15 3.519784e+21 1.238888e+43
4.275000e-15 3.518858e+21 1.238236e+43
4.290000e-15 3.516696e+21 1.236715e+43
4.305000e-15 3.513283e+21 1.234316e+43
4.320000e-15 3.508605e+21 1.231031e+43
4.335000e-15 3.502650e+21 1.226856e+43
4.350000e-15 3.495405e+21 1.221786e+43
4.365000e-15 3.486858e+21 1.215818e+43
4.380000e-15 3.476999e+21 1.208952e+43
4.395000e-15 3.465817e+21 1.201189e+43
4.410000e-15 3.453303e+21 1.192530e+43
4.425000e-15 3.439450e+21 1.182981e+43
4.440000e-15 3.424248e+21 1.172548e+43
4.455000e-15 3.407692e+21 1.161237e+43
4.470000e-15 3.389776e+21 1.149058e+43
4.485000e-15 3.370496e+21 1.136024e+43
4.500000e-15 3.349846e+21 1.122147e+43
4.515000e-15 3.327825e+21 1.107442e+43
4.530000e-15 3.304431e+21 1.091926e+43
4.545000e-15 3.279662e+21 1.075618e+43
4.560000e-15 3.253518e+21 1.058538e+43
4.575000e-15 3.226002e+21 1.040709e+43
4.590000e-15 3.197114e+21 1.022154e+43
4.605000e-15 3.166859e+21 1.002900e+43
4.620000e-15 3.135240e+21 9.829732e+42
4.635000e-15 3.102264e+21 9.624040e+42
4.650000e-15 3.067936e+21 9.412229e+42
4.665000e-15 3.032264e+21 9.194624e+42
4.680000e-15 2.995257e+21 8.971564e+42
4.695000e-15 2.956925e+21 8.743405e+42
4.710000e-15 2.917279e+21 8.510515e+42
4.725000e-15 2.876330e+21 8.273277e+42
4.740000e-15 2.834093e+21 8.032086e+42
4.755000e-15 2.790582e+21 7.787349e+42
4.770000e-15 2.745812e+21 7.539485e+42
4.785000e-15 2.699800e+21 7.288922e+42
4.800000e-15 2.652565e+21 7.036098e+42
4.815000e-15 2.604124e+21 6.781459e+42
4.830000e-15 2.554498e+21 6.525458e+42
4.845000e-15 2.503708e+21 6.268555e+42
4.860000e-15 2.451778e+21 6.011215e+42
4.875000e-15 2.398730e+21 5.753905e+42
4.890000e-15 2.344589e+21 5.497098e+42
4.905000e-15 2.289381e+21 5.241267e+42
4.920000e-15 2.233133e+21 4.986885e+42
4.935000e-15 2.175873e+21 4.734425e+42
4.950000e-15 2.117630e+21 4.484359e+42
4.965000e-15 2.058434e+21 4.237152e+42
4.980000e-15 1.998317e+21 3.993269e+42
4.995000e-15 1.937309e+21 3.753167e+42
5.010000e-15 1.875445e+21 3.517295e+42
5.025000e-15 1.812759e+21 3.286096e+42
5.040000e-15 1.749286e+21 3.060002e+42
5.055000e-15 1.685062e+21 2.839433e+42
5.070000e-15 1.620123e+21 2.624800e+42
5.085000e-15 1.554509e+21 2.416498e+42
5.100000e-15 1.488257e+21 2.214909e+42
5.115000e-15 1.421407e+21 2.020398e+42
5.130000e-15 1.353999e+21 1.833315e+42
5.145000e-15 1.286076e+21 1.653990e+42
5.160000e-15 1.217677e+21 1.482738e+42
5.175000e-15 1.148847e+21 1.319850e+42
5.190000e-15 1.079628e+21 1.165597e+42
5.205000e-15 1.010065e+21 1.020231e+42
5.220000e-15 9.402015e+20 8.839788e+41
5.235000e-15 8.700830e+20 7.570445e+41
5.250000e-15 7.997553e+20 6.396085e+41
5.265000e-15 7.292643e+20 5.318265e+41
5.280000e-15 6.586569e+20 4.338289e+41
5.295000e-15 5.879799e+20 3.457204e+41
5.310000e-15 5.172809e+20 2.675795e+41
5.325000e-15 4.466075e+20 1.994583e+41
5.340000e-15 3.760079e+20 1.413819e+41
5.355000e-15 3.055303e+20 9.334874e+40
5.370000e-15 2.352232e+20 5.532994e+40
5.385000e-15 1.651353e+20 2.726966e+40
5.400000e-15 9.531542e+19 9.085029e+39
5.415000e-15 2.581246e+19 6.662831e+38
5.430000e-15 -4.332469e+19 1.877028e+39
5.445000e-15 -1.120471e+20 1.255456e+40
5.460000e-15 -1.803060e+20 3.251025e+40
5.475000e-15 -2.480525e+20 6.153007e+40
5.490000e-15 -3.152382e+20 9.937514e+40
5.505000e-15 -3.818146e+20 1.457824e+41
5.520000e-15 -4.477336e+20 2.004654e+41
5.535000e-15 -5.129472e+20 2.631149e+41
5.550000e-15 -5.774081e+20 3.334001e+41
5.565000e-15 -6.410690e+20 4.109695e+41
5.580000e-15 -7.038832e+20 4.954516e+41
5.595000e-15 -7.658046e+20 5.864566e+41
5.610000e-15 -8.267873e+20 6.835772e+41
5.625000e-15 -8.867862e+20 7.863898e+41
5.640000e-15 -9.457568e+20 8.944560e+41
5.655000e-15 -1.003655e+21 1.007324e+42
5.670000e-15 -1.060438e+21 1.124530e+42
5.685000e-15 -1.116064e+21 1.245598e+42
5.700000e-15 -1.170490e+21 1.370046e+42
5.715000e-15 -1.223675e+21 1.497381e+42
5.730000e-15 -1.275581e+21 1.627106e+42
5.745000e-15 -1.326167e+21 1.758719e+42
5.760000e-15 -1.375396e+21 1.891715e+42
5.775000e-15 -1.423231e+21 2.025587e+42
5.790000e-15 -1.469636e+21 2.159830e+42
5.805000e-15 -1.514575e+21 2.293939e+42
5.820000e-15 -1.558016e+21 2.427414e+42
5.835000e-15 -1.599925e+21 2.559760e+42
5.850000e-15 -1.640271e+21 2.690488e+42
5.865000e-15 -1.679023e+21 2.819118e+42
5.880000e-15 -1.716153e+21 2.945182e+42
5.895000e-15 -1.751633e+21 3.068219e+42
5.910000e-15 -1.785437e+21 3.187786e+42
5.925000e-15 -1.817540e+21 3.303450e+42
5.940000e-15 -1.847917e+21 3.414798e+42
5.955000e-15 -1.876548e+21 3.521431e+42
5.970000e-15 -1.903410e+21 3.622970e+42
5.985000e-15 -1.928486e+21 3.719056e+42
6.000000e-15 -1.951756e+21 3.809351e+42
6.015000e-15 -1.973205e+21 3.893539e+42
6.030000e-15 -1.992818e+21 3.971325e+42
6.045000e-15 -2.010583e+21 4.042442e+42
6.060000e-15 -2.026486e+21 4.106646e+42
6.075000e-15 -2.040519e+21 4.163717e+42
6.090000e-15 -2.052672e+21 4.213464e+42
6.105000e-15 -2.062940e+21 4.255722e+42
6.120000e-15 -2.071317e+21 4.290354e+42
6.135000e-15 -2.077799e+21 4.317250e+42
6.150000e-15 -2.082385e+21 4.336329e+42
6.165000e-15 -2.085075e+21 4.347538e+42
6.180000e-15 -2.085870e+21 4.350853e+42
6.195000e-15 -2.084773e+21 4.346279e+42
6.210000e-15 -2.081790e+21 4.333848e+42
6.225000e-15 -2.076926e+21 4.313621e+42
6.240000e-15 -2.070190e+21 4.285687e+42
6.255000e-15 -2.061593e+21 4.250164e+42
6.270000e-15 -2.051145e+21 4.207194e+42
6.285000e-15 -2.038860e+21 4.156949e+42
6.300000e-15 -2.024753e+21 4.099623e+42
6.315000e-15 -2.008840e+21 4.035439e+42
6.330000e-15 -1.991141e+21 3.964641e+42
6.345000e-15 -1.971674e+21 3.887498e+42
6.360000e-15 -1.950462e+21 3.804301e+42
6.375000e-15 -1.927527e+21 3.715359e+42
6.390000e-15 -1.902894e+21 3.621006e+42
6.405000e-15 -1.876590e+21 3.521590e+42
6.420000e-15 -1.848642e+21 3.417479e+42
6.435000e-15 -1.819081e+21 3.309054e+42
6.450000e-15 -1.787935e+21 3.196713e+42
6.465000e-15 -1.755240e+21 3.080866e+42
6.480000e-15 -1.721026e+21 2.961932e+42
6.495000e-15 -1.685332e+21 2.840343e+42
6.510000e-15 -1.648192e+21 2.716536e+42
6.525000e-15 -1.609645e+21 2.590957e+42
6.540000e-15 -1.569730e+21 2.464053e+42
6.555000e-15 -1.528489e+21 2.336277e+42
6.570000e-15 -1.485962e+21 2.208082e+42
6.585000e-15 -1.442193e+21 2.079920e+42
6.600000e-15 -1.397226e+21 1.952242e+42
6.615000e-15 -1.351108e+21 1.825492e+42
6.630000e-15 -1.303883e+21 1.700112e+42
6.645000e-15 -1.255601e+21 1.576534e+42
6.660000e-15 -1.206309e+21 1.455182e+42
6.675000e-15 -1.156058e+21 1.336470e+42
6.690000e-15 -1.104897e+21 1.220798e+42
6.705000e-15 -1.052879e+21 1.108554e+42
6.720000e-15 -1.000055e+21 1.000109e+42
6.735000e-15 -9.464780e+20 8.958206e+41
6.750000e-15 -8.922025e+20 7.960253e+41
6.765000e-15 -8.372825e+20 7.010420e+41
6.780000e-15 -7.817731e+20 6.111692e+41
6.795000e-15 -7.257299e+20 5.266839e+41
6.810000e-15 -6.692089e+20 4.478405e+41
6.825000e-15 -6.122666e+20 3.748704e+41
6.840000e-15 -5.549602e+20 3.079808e+41
6.855000e-15 -4.973467e+20 2.473537e+41
6.870000e-15 -4.394839e+20 1.931461e+41
6.885000e-15 -3.814294e+20 1.454884e+41
6.900000e-15 -3.232414e+20 1.044850e+41
6.915000e-15 -2.649778e+20 7.021321e+40
6.930000e-15 -2.066967e+20 4.272355e+40
6.945000e-15 -1.484565e+20 2.203932e+40
6.960000e-15 -9.031495e+19 8.156791e+39
6.975000e-15 -3.233015e+19 1.045239e+39
6.990000e-15 2.544019e+19 6.472031e+38
7.005000e-15 8.293857e+19 6.878806e+39
7.020000e-15 1.401078e+20 1.963019e+40
7.035000e-15 1.968910e+20 3.876608e+40
7.050000e-15 2.532319e+20 6.412639e+40
7.065000e-15 3.090744e+20 9.552699e+40
7.080000e-15 3.643632e+20 1.327606e+41
7.095000e-15 4.190436e+20 1.755975e+41
7.110000e-15 4.730613e+20 2.237870e+41
7.125000e-15 5.263629e+20 2.770580e+41
7.140000e-15 5.788959e+20 3.351205e+41
7.155000e-15 6.306084e+20 3.976670e+41
7.170000e-15 6.814495e+20 4.643734e+41
7.185000e-15 7.313691e+20 5.349007e+41
7.200000e-15 7.803182e+20 6.088965e+41
7.215000e-15 8.282489e+20 6.859963e+41
7.230000e-15 8.751143e+20 7.658251e+41
7.245000e-15 9.208687e+20 8.479991e+41
7.260000e-15 9.654674e+20 9.321274e+41
7.275000e-15 1.008867e+21 1.017813e+42
7.290000e-15 1.051026e+21 1.104656e+42
7.305000e-15 1.091904e+21 1.192253e+42
7.320000e-15 1.131460e+21 1.280201e+42
7.335000e-15 1.169657e+21 1.368099e+42
7.350000e-15 1.206460e+21 1.455545e+42
7.365000e-15 1.241832e+21 1.542147e+42
7.380000e-15 1.275741e+21 1.627514e+42
7.395000e-15 1.308154e+21 1.711266e+42
7.410000e-15 1.339041e+21 1.793032e+42
7.425000e-15 1.368375e+21 1.872449e+42
7.440000e-15 1.396127e+21 1.949171e+42
7.455000e-15 1.422273e+21 2.022861e+42
7.470000e-15 1.446790e+21 2.093200e+42
7.485000e-15 1.469655e+21 2.159884e+42
7.500000e-15 1.490848e+21 2.222628e+42
7.515000e-15 1.510352e+21 2.281164e+42
7.530000e-15 1.528151e+21 2.335245e+42
7.545000e-15 1.544229e+21 2.384643e+42
7.560000e-15 1.558574e+21 2.429154e+42
7.575000e-15 1.571176e+21 2.468595e+42
7.590000e-15 1.582026e+21 2.502805e+42
7.605000e-15 1.591116e+21 2.531649e+42
7.620000e-15 1.598441e+21 2.555015e+42
7.635000e-15 1.604000e+21 2.572815e+42
7.650000e-15 1.607789e+21 2.584985e+42
7.665000e-15 1.609810e+21 2.591489e+42
7.680000e-15 1.610066e+21 2.592312e+42
7.695000e-15 1.608560e+21 2.587466e+42
7.710000e-15 1.605300e+21 2.576988e+42
7.725000e-15 1.600293e+21 2.560939e+42
7.740000e-15 1.593550e+21 2.539403e+42
7.755000e-15 1.585083e+21 2.512488e+42
7.770000e-15 1.574905e+21 2.480327e+42
7.785000e-15 1.563033e+21 2.443072e+42
7.800000e-15 1.549484e+21 2.400900e+42
7.815000e-15 1.534276e+21 2.354004e+42
7.830000e-15 1.517432e+21 2.302601e+42
7.845000e-15 1.498975e+21 2.246926e+42
7.860000e-15 1.478928e+21 2.187228e+42
7.875000e-15 1.457318e+21 2.123777e+42
7.890000e-15 1.434174e+21 2.056855e+42
7.905000e-15 1.409524e+21 1.986759e+42
7.920000e-15 1.383401e+21 1.913798e+42
7.935000e-15 1.355836e+21 1.838292e+42
7.950000e-15 1.326865e+21 1.760571e+42
7.965000e-15 1.296523e+21 1.680971e+42
7.980000e-15 1.264847e+21 1.599838e+42
7.995000e-15 1.231876e+21 1.517519e+42
8.010000e-15 1.197651e+21 1.434368e+42
8.025000e-15 1.162212e+21 1.350737e+42
8.040000e-15 1.125603e+21 1.266981e+42
8.055000e-15 1.087866e+21 1.183454e+42
8.070000e-15 1.049049e+21 1.100503e+42
8.085000e-15 1.009195e+21 1.018475e+42
8.100000e-15 9.683540e+20 9.377095e+41
8.115000e-15 9.265728e+20 8.585371e+41
8.130000e-15 8.839011e+20 7.812811e+41
8.145000e-15 8.403890e+20 7.062536e+41
8.160000e-15 7.960876e+20 6.337555e+41
8.175000e-15 7.510488e+20 5.640742e+41
8.190000e-15 7.053250e+20 4.974834e+41
8.205000e-15 6.589696e+20 4.342410e+41
8.220000e-15 6.120365e+20 3.745887e+41
8.235000e-15 5.645800e+20 3.187505e+41
8.250000e-15 5.166550e+20 2.669324e+41
8.265000e-15 4.683168e+20 2.193207e+41
8.280000e-15 4.196213e+20 1.760820e+41
8.295000e-15 3.706244e+20 1.373624e+41
8.310000e-15 3.213823e+20 1.032866e+41
8.325000e-15 2.719514e+20 7.395756e+40
8.340000e-15 2.223883e+20 4.945656e+40
8.355000e-15 1.727496e+20 2.984243e+40
8.370000e-15 1.230919e+20 1.515160e+40
8.385000e-15 7.347151e+19 5.398063e+39
8.400000e-15 2.394493e+19 5.733595e+38
8.415000e-15 -2.543176e+19 6.467745e+38
8.430000e-15 -7.460270e+19 5.565562e+39
8.445000e-15 -1.235124e+20 1.525530e+40
8.460000e-15 -1.721056e+20 2.962034e+40
8.475000e-15 -2.203278e+20 4.854434e+40
8.490000e-15 -2.681248e+20 7.189089e+40
8.505000e-15 -3.154430e+20 9.950426e+40
8.520000e-15 -3.622295e+20 1.312102e+41
8.535000e-15 -4.084321e+20 1.668168e+41
8.550000e-15 -4.539993e+20 2.061154e+41
8.565000e-15 -4.988806e+20 2.488819e+41
8.580000e-15 -5.430262e+20 2.948774e+41
8.595000e-15 -5.863872e+20 3.438500e+41
8.610000e-15 -6.289159e+20 3.955352e+41
8.625000e-15 -6.705654e+20 4.496579e+41
8.640000e-15 -7.112901e+20 5.059335e+41
8.655000e-15 -7.510454e+20 5.640691e+41
8.670000e-15 -7.897880e+20 6.237650e+41
8.685000e-15 -8.274757e+20 6.847161e+41
8.700000e-15 -8.640679e+20 7.466134e+41
8.715000e-15 -8.995250e+20 8.091452e+41
8.730000e-15 -9.338089e+20 8.719991e+41
8.745000e-15 -9.668831e+20 9.348629e+41
8.760000e-15 -9.987122e+20 9.974260e+41
8.775000e-15 -1.029263e+21 1.059382e+42
8.790000e-15 -1.058502e+21 1.120427e+42
8.805000e-15 -1.086400e+21 1.180266e+42
8.820000e-15 -1.112928e+21 1.238609e+42
8.835000e-15 -1.138059e+21 1.295177e+42
8.850000e-15 -1.161766e+21 1.349699e+42
8.865000e-15 -1.184025e+21 1.401916e+42
8.880000e-15 -1.204816e+21 1.451581e+42
8.895000e-15 -1.224116e+21 1.498460e+42
8.910000e-15 -1.241908e+21 1.542335e+42
8.925000e-15 -1.258174e+21 1.583003e+42
8.940000e-15 -1.272901e+21 1.620276e+42
8.955000e-15 -1.286073e+21 1.653983e+42
8.970000e-15 -1.297680e+21 1.683973e+42
8.985000e-15 -1.307712e+21 1.710112e+42
9.000000e-15 -1.316163e+21 1.732284e+42
9.015000e-15 -1.323025e+21 1.750394e+42
9.030000e-15 -1.328294e+21 1.764366e+42
9.045000e-15 -1.331970e+21 1.774144e+42
9.060000e-15 -1.334051e+21 1.779693e+42
9.075000e-15 -1.334540e+21 1.780996e+42
9.090000e-15 -1.333439e+21 1.778060e+42
9.105000e-15 -1.330755e+21 1.770909e+42
9.120000e-15 -1.326494e+21 1.759587e+42
9.135000e-15 -1.320666e+21 1.744159e+42
9.150000e-15 -1.313282e+21 1.724708e+42
9.165000e-15 -1.304353e+21 1.701338e+42
9.180000e-15 -1.293896e+21 1.674168e+42
9.195000e-15 -1.281927e+21 1.643336e+42
9.210000e-15 -1.268462e+21 1.608997e+42
9.225000e-15 -1.253523e+21 1.571321e+42
9.240000e-15 -1.237131e+21 1.530494e+42
9.255000e-15 -1.219309e+21 1.486715e+42
9.270000e-15 -1.200082e+21 1.440198e+42
9.285000e-15 -1.179477e+21 1.391166e+42
9.300000e-15 -1.157521e+21 1.339856e+42
9.315000e-15 -1.134245e+21 1.286512e+42
9.330000e-15 -1.109679e+21 1.231389e+42
9.345000e-15 -1.083857e+21 1.174746e+42
9.360000e-15 -1.056812e+21 1.116851e+42
9.375000e-15 -1.028580e+21 1.057976e+42
9.390000e-15 -9.991970e+20 9.983947e+41
9.405000e-15 -9.687024e+20 9.383843e+41
9.420000e-15 -9.371350e+20 8.782220e+41
9.435000e-15 -9.045356e+20 8.181846e+41
9.450000e-15 -8.709459e+20 7.585468e+41
9.465000e-15 -8.364089e+20 6.995799e+41
9.480000e-15 -8.009685e+20 6.415506e+41
9.495000e-15 -7.646697e+20 5.847198e+41
9.510000e-15 -7.275584e+20 5.293412e+41
9.525000e-15 -6.896813e+20 4.756603e+41
9.540000e-15 -6.510862e+20 4.239133e+41
9.555000e-15 -6.118214e+20 3.743255e+41
9.570000e-15 -5.719361e+20 3.271109e+41
9.585000e-15 -5.314801e+20 2.824710e+41
9.600000e-15 -4.905036e+20 2.405938e+41
9.615000e-15 -4.490577e+20 2.016528e+41
9.630000e-15 -4.071936e+20 1.658066e+41
9.645000e-15 -3.649633e+20 1.331982e+41
9.660000e-15 -3.224187e+20 1.039538e+41
9.675000e-15 -2.796124e+20 7.818308e+40
9.690000e-15 -2.365969e+20 5.597809e+40
9.705000e-15 -1.934250e+20 3.741324e+40
9.720000e-15 -1.501496e+20 2.254492e+40
9.735000e-15 -1.068236e+20 1.141129e+40
9.750000e-15 -6.349987e+19 4.032234e+39
9.765000e-15 -2.023107e+19 4.092962e+38
9.780000e-15 2.293018e+19 5.257934e+38
9.795000e-15 6.593155e+19 4.346969e+39
9.810000e-15 1.087210e+20 1.182025e+40
9.825000e-15 1.512468e+20 2.287559e+40
9.840000e-15 1.934577e+20 3.742589e+40
9.855000e-15 2.353030e+20 5.536749e+40
9.870000e-15 2.767323e+20 7.658079e+40
9.885000e-15 3.176962e+20 1.009309e+41
9.900000e-15 3.581455e+20 1.282682e+41
9.915000e-15 3.980321e+20 1.584296e+41
9.930000e-15 4.373086e+20 1.912388e+41
9.945000e-15 4.759282e+20 2.265077e+41
9.960000e-15 5.138454e+20 2.640371e+41
9.975000e-15 5.510152e+20 3.036178e+41
9.990000e-15 5.873941e+20 3.450318e+41
1.000500e-14 6.229392e+20 3.880532e+41
1.002000e-14 6.576089e+20 4.324495e+41
1.003500e-14 6.913629e+20 4.779827e+41
1.005000e-14 7.241619e+20 5.244105e+41
1.006500e-14 7.559679e+20 5.714875e+41
1.008000e-14 7.867442e+20 6.189665e+41
1.009500e-14 8.164556e+20 6.665997e+41
1.011000e-14 8.450679e+20 7.141398e+41
1.012500e-14 8.725488e+20 7.613414e+41
1.014000e-14 8.988670e+20 8.079619e+41
1.015500e-14 9.239931e+20 8.537632e+41
1.017000e-14 9.478989e+20 8.985124e+41
1.018500e-14 9.705581e+20 9.419830e+41
1.020000e-14 9.919456e+20 9.839560e+41
1.021500e-14 1.012038e+21 1.024221e+42
1.023000e-14 1.030814e+21 1.062578e+42
1.024500e-14 1.048254e+21 1.098836e+42
1.026000e-14 1.064339e+21 1.132817e+42
1.027500e-14 1.079052e+21 1.164353e+42
1.029000e-14 1.092379e+21 1.193293e+42
1.030500e-14 1.104307e+21 1.219495e+42
1.032000e-14 1.114825e+21 1.242835e+42
1.033500e-14 1.123922e+21 1.263202e+42
1.035000e-14 1.131592e+21 1.280500e+42
1.036500e-14 1.137828e+21 1.294652e+42
1.038000e-14 1.142625e+21 1.305593e+42
1.039500e-14 1.145983e+21 1.313276e+42
1.041000e-14 1.147899e+21 1.317672e+42
1.042500e-14 1.148375e+21 1.318766e+42
1.044000e-14 1.147415e+21 1.316560e+42
1.045500e-14 1.145022e+21 1.311075e+42
1.047000e-14 1.141204e+21 1.302346e+42
1.048500e-14 1.135968e+21 1.290423e+42
1.050000e-14 1.129325e+21 1.275375e+42
1.051500e-14 1.121287e+21 1.257284e+42
1.053000e-14 1.111866e+21 1.236246e+42
1.054500e-14 1.101079e+21 1.212374e+42
1.056000e-14 1.088941e+21 1.185793e+42
1.057500e-14 1.075472e+21 1.156641e+42
1.059000e-14 1.060692e+21 1.125067e+42
1.060500e-14 1.044621e+21 1.091234e+42
1.062000e-14 1.027285e+21 1.055314e+42
1.063500e-14 1.008706e+21 1.017488e+42
1.065000e-14 9.889124e+20 9.779478e+41
1.066500e-14 9.679310e+20 9.368904e+41
1.068000e-14 9.457911e+20 8.945208e+41
1.069500e-14 9.225234e+20 8.510494e+41
1.071000e-14 8.981598e+20 8.066910e+41
1.072500e-14 8.727334e+20 7.616637e+41
1.074000e-14 8.462789e+20 7.161880e+41
1.075500e-14 8.188319e+20 6.704857e+41
1.077000e-14 7.904293e+20 6.247785e+41
1.078500e-14 7.611091e+20 5.792870e+41
1.080000e-14 7.309103e+20 5.342299e+41
1.081500e-14 6.998731e+20 4.898224e+41
1.083000e-14 6.680386e+20 4.462755e+41
1.084500e-14 6.354486e+20 4.037949e+41
1.086000e-14 6.021461e+20 3.625799e+41
1.087500e-14 5.681746e+20 3.228224e+41
1.089000e-14 5.335786e+20 2.847061e+41
1.090500e-14 4.984032e+20 2.484058e+41
1.092000e-14 4.626941e+20 2.140858e+41
1.093500e-14 4.264975e+20 1.819002e+41
1.095000e-14 3.898604e+20 1.519912e+41
1.096500e-14 3.528300e+20 1.244890e+41
1.098000e-14 3.154540e+20 9.951121e+40
1.099500e-14 2.777803e+20 7.716190e+40
1.101000e-14 2.398573e+20 5.753154e+40
1.102500e-14 2.017336e+20 4.069643e+40
1.104000e-14 1.634576e+20 2.671840e+40
1.105500e-14 1.250783e+20 1.564458e+40
1.107000e-14 8.664440e+19 7.507252e+39
1.108500e-14 4.820465e+19 2.323688e+39
1.110000e-14 9.807729e+18 9.619154e+37
1.111500e-14 -2.849785e+19 8.121274e+38
1.113000e-14 -6.666378e+19 4.444059e+39
1.114500e-14 -1.046420e+20 1.094995e+40
1.116000e-14 -1.423849e+20 2.027346e+40
1.117500e-14 -1.798451e+20 3.234426e+40
1.119000e-14 -2.169758e+20 4.707849e+40
1.120500e-14 -2.537306e+20 6.437921e+40
1.122000e-14 -2.900637e+20 8.413697e+40
1.123500e-14 -3.259301e+20 1.062304e+41
1.125000e-14 -3.612852e+20 1.305270e+41
1.126500e-14 -3.960853e+20 1.568836e+41
1.128000e-14 -4.302875e+20 1.851473e+41
1.129500e-14 -4.638497e+20 2.151565e+41
1.131000e-14 -4.967306e+20 2.467413e+41
1.132500e-14 -5.288900e+20 2.797246e+41
1.134000e-14 -5.602887e+20 3.139234e+41
1.135500e-14 -5.908884e+20 3.491491e+41
1.137000e-14 -6.206519e+20 3.852088e+41
1.138500e-14 -6.495434e+20 4.219066e+41
1.140000e-14 -6.775280e+20 4.590441e+41
1.141500e-14 -7.045720e+20 4.964217e+41
1.143000e-14 -7.306431e+20 5.338394e+41
1.144500e-14 -7.557104e+20 5.710982e+41
1.146000e-14 -7.797440e+20 6.080008e+41
1.147500e-14 -8.027158e+20 6.443526e+41
1.149000e-14 -8.245987e+20 6.799630e+41
1.150500e-14 -8.453673e+20 7.146458e+41
1.152000e-14 -8.649976e+20 7.482208e+41
1.153500e-14 -8.834670e+20 7.805139e+41
1.155000e-14 -9.007546e+20 8.113589e+41
1.156500e-14 -9.168410e+20 8.405974e+41
1.158000e-14 -9.317082e+20 8.680802e+41
1.159500e-14 -9.453401e+20 8.936678e+41
1.161000e-14 -9.577218e+20 9.172311e+41
1.162500e-14 -9.688405e+20 9.386518e+41
1.164000e-14 -9.786846e+20 9.578235e+41
1.165500e-14 -9.872445e+20 9.746516e+41
1.167000e-14 -9.945120e+20 9.890540e+41
1.168500e-14 -1.000481e+21 1.000962e+42
1.170000e-14 -1.005146e+21 1.010318e+42
1.171500e-14 -1.008504e+21 1.017081e+42
1.173000e-14 -1.010555e+21 1.021222e+42
1.174500e-14 -1.011298e+21 1.022724e+42
1.176000e-14 -1.010735e+21 1.021586e+42
1.177500e-14 -1.008870e+21 1.017819e+42
1.179000e-14 -1.005709e+21 1.011450e+42
1.180500e-14 -1.001257e+21 1.002516e+42
1.182000e-14 -9.955242e+20 9.910685e+41
1.183500e-14 -9.885204e+20 9.771726e+41
1.185000e-14 -9.802575e+20 9.609047e+41
1.186500e-14 -9.707487e+20 9.423531e+41
1.188000e-14 -9.600093e+20 9.216178e+41
1.189500e-14 -9.480557e+20 8.988095e+41
1.191000e-14 -9.349060e+20 8.740492e+41
1.192500e-14 -9.205798e+20 8.474672e+41
1.194000e-14 -9.050983e+20 8.192029e+41
1.195500e-14 -8.884839e+20 7.894036e+41
1.197000e-14 -8.707606e+20 7.582240e+41
1.198500e-14 -8.519537e+20 7.258251e+41
1.200000e-14 -8.320899e+20 6.923736e+41
1.201500e-14 -8.111972e+20 6.580409e+41
1.203000e-14 -7.893049e+20 6.230022e+41
1.204500e-14 -7.664434e+20 5.874354e+41
1.206000e-14 -7.426444e+20 5.515207e+41
1.207500e-14 -7.179409e+20 5.154391e+41
1.209000e-14 -6.923667e+20 4.793716e+41
1.210500e-14 -6.659568e+20 4.434985e+41
1.212000e-14 -6.387473e+20 4.079982e+41
1.213500e-14 -6.107752e+20 3.730464e+41
1.215000e-14 -5.820784e+20 3.388153e+41
1.216500e-14 -5.526957e+20 3.054726e+41
1.218000e-14 -5.226666e+20 2.731804e+41
1.219500e-14 -4.920316e+20 2.420951e+41
1.221000e-14 -4.608316e+20 2.123657e+41
1.222500e-14 -4.291084e+20 1.841340e+41
1.224000e-14 -3.969043e+20 1.575330e+41
1.225500e-14 -3.642621e+20 1.326869e+41
1.227000e-14 -3.312253e+20 1.097102e+41
1.228500e-14 -2.978375e+20 8.870720e+40
1.230000e-14 -2.641430e+20 6.977153e+40
1.231500e-14 -2.301862e+20 5.298567e+40
1.233000e-14 -1.960117e+20 3.842060e+40
1.234500e-14 -1.616646e+20 2.613545e+40
1.236000e-14 -1.271899e+20 1.617727e+40
1.237500e-14 -9.263270e+19 8.580816e+39
1.239000e-14 -5.803815e+19 3.368427e+39
1.240500e-14 -2.345139e+19 5.499678e+38
1.242000e-14 1.108256e+19 1.228230e+38
1.243500e-14 4.551883e+19 2.071964e+39
1.245000e-14 7.981277e+19 6.370078e+39
1.246500e-14 1.139200e+20 1.297776e+40
1.248000e-14 1.477964e+20 2.184379e+40
1.249500e-14 1.813984e+20 3.290539e+40
1.251000e-14 2.146828e+20 4.608869e+40
1.252500e-14 2.476067e+20 6.130907e+40
1.254000e-14 2.801280e+20 7.847171e+40
1.255500e-14 3.122052e+20 9.747208e+40
1.257000e-14 3.437973e+20 1.181966e+41
1.258500e-14 3.748641e+20 1.405231e+41
1.260000e-14 4.053661e+20 1.643217e+41
1.261500e-14 4.352648e+20 1.894554e+41
1.263000e-14 4.645223e+20 2.157810e+41
1.264500e-14 4.931019e+20 2.431495e+41
1.266000e-14 5.209676e+20 2.714072e+41
1.267500e-14 5.480844e+20 3.003965e+41
1.269000e-14 5.744186e+20 3.299568e+41
1.270500e-14 5.999374e+20 3.599249e+41
1.272000e-14 6.246091e+20 3.901366e+41
1.273500e-14 6.484033e+20 4.204269e+41
1.275000e-14 6.712907e+20 4.506312e+41
1.276500e-14 6.932433e+20 4.805863e+41
1.278000e-14 7.142343e+20 5.101307e+41
1.279500e-14 7.342383e+20 5.391059e+41
1.281000e-14 7.532312e+20 5.673573e+41
1.282500e-14 7.711903e+20 5.947345e+41
1.284000e-14 7.880943e+20 6.210926e+41
1.285500e-14 8.039232e+20 6.462925e+41
1.287000e-14 8.186586e+20 6.702018e+41
1.288500e-14 8.322834e+20 6.926957e+41
1.290000e-14 8.447823e+20 7.136571e+41
1.291500e-14 8.561412e+20 7.329777e+41
1.293000e-14 8.663476e+20 7.505581e+41
1.294500e-14 8.753905e+20 7.663086e+41
1.296000e-14 8.832607e+20 7.801494e+41
1.297500e-14 8.899502e+20 7.920113e+41
1.299000e-14 8.954527e+20 8.018356e+41
1.300500e-14 8.997636e+20 8.095746e+41
1.302000e-14 9.028798e+20 8.151919e+41
1.303500e-14 9.047996e+20 8.186623e+41
1.305000e-14 9.055230e+20 8.199720e+41
1.306500e-14 9.050518e+20 8.191187e+41
1.308000e-14 9.033889e+20 8.161115e+41
1.309500e-14 9.005391e+20 8.109707e+41
1.311000e-14 8.965087e+20 8.037279e+41
1.312500e-14 8.913055e+20 7.944254e+41
1.314000e-14 8.849387e+20 7.831164e+41
1.315500e-14 8.774192e+20 7.698644e+41
1.317000e-14 8.687593e+20 7.547428e+41
1.318500e-14 8.589729e+20 7.378344e+41
1.320000e-14 8.480751e+20 7.192314e+41
1.321500e-14 8.360827e+20 6.990343e+41
1.323000e-14 8.230138e+20 6.773517e+41
1.324500e-14 8.088877e+20 6.542994e+41
1.326000e-14 7.937255e+20 6.300001e+41
1.327500e-14 7.775490e+20 6.045825e+41
1.329000e-14 7.603820e+20 5.781808e+41
1.330500e-14 7.422489e+20 5.509335e+41
1.332000e-14 7.231758e+20 5.229833e+41
1.333500e-14 7.031898e+20 4.944759e+41
1.335000e-14 6.823191e+20 4.655593e+41
1.336500e-14 6.605931e+20 4.363832e+41
1.338000e-14 6.380422e+20 4.070978e+41
1.339500e-14 6.146979e+20 3.778535e+41
1.341000e-14 5.905927e+20 3.487997e+41
1.342500e-14 5.657599e+20 3.200842e+41
1.344000e-14 5.402338e+20 2.918526e+41
1.345500e-14 5.140497e+20 2.642471e+41
1.347000e-14 4.872434e+20 2.374061e+41
1.348500e-14 4.598515e+20 2.114634e+41
1.350000e-14 4.319117e+20 1.865477e+41
1.351500e-14 4.034617e+20 1.627814e+41
1.353000e-14 3.745404e+20 1.402805e+41
1.354500e-14 3.451869e+20 1.191540e+41
1.356000e-14 3.154410e+20 9.950301e+40
1.357500e-14 2.853427e+20 8.142044e+40
1.359000e-14 2.549325e+20 6.499060e+40
1.360500e-14 2.242515e+20 5.028872e+40
1.362000e-14 1.933406e+20 3.738059e+40
1.363500e-14 1.622413e+20 2.632225e+40
1.365000e-14 1.309952e+20 1.715974e+40
1.366500e-14 9.964382e+19 9.928891e+39
1.368000e-14 6.822899e+19 4.655196e+39
1.369500e-14 3.679243e+19 1.353683e+39
1.371000e-14 5.375808e+18 2.889931e+37
1.372500e-14 -2.597928e+19 6.749229e+38
1.374000e-14 -5.723140e+19 3.275433e+39
1.375500e-14 -8.833935e+19 7.803841e+39
1.377000e-14 -1.192622e+20 1.422347e+40
1.378500e-14 -1.499592e+20 2.248777e+40
1.380000e-14 -1.803903e+20 3.254066e+40
1.381500e-14 -2.105155e+20 4.431678e+40
1.383000e-14 -2.402955e+20 5.774194e+40
1.384500e-14 -2.696915e+20 7.273350e+40
1.386000e-14 -2.986652e+20 8.920090e+40
1.387500e-14 -3.271790e+20 1.070461e+41
1.389000e-14 -3.551960e+20 1.261642e+41
1.390500e-14 -3.826799e+20 1.464439e+41
1.392000e-14 -4.095952e+20 1.677683e+41
1.393500e-14 -4.359075e+20 1.900153e+41
1.395000e-14 -4.615828e+20 2.130587e+41
1.396500e-14 -4.865884e+20 2.367683e+41
1.398000e-14 -5.108922e+20 2.610109e+41
1.399500e-14 -5.344635e+20 2.856512e+41
1.401000e-14 -5.572722e+20 3.105523e+41
1.402500e-14 -5.792895e+20 3.355763e+41
1.404000e-14 -6.004877e+20 3.605855e+41
1.405500e-14 -6.208402e+20 3.854426e+41
1.407000e-14 -6.403216e+20 4.100117e+41
1.408500e-14 -6.589076e+20 4.341592e+41
1.410000e-14 -6.765752e+20 4.577540e+41
1.411500e-14 -6.933027e+20 4.806686e+41
1.413000e-14 -7.090697e+20 5.027798e+41
1.414500e-14 -7.238569e+20 5.239688e+41
1.416000e-14 -7.376466e+20 5.441226e+41
1.417500e-14 -7.504224e+20 5.631338e+41
1.419000e-14 -7.621692e+20 5.809019e+41
1.420500e-14 -7.728733e+20 5.973332e+41
1.422000e-14 -7.825225e+20 6.123414e+41
1.423500e-14 -7.911059e+20 6.258485e+41
1.425000e-14 -7.986141e+20 6.377844e+41
1.426500e-14 -8.050391e+20 6.480880e+41
1.428000e-14 -8.103746e+20 6.567069e+41
1.429500e-14 -8.146153e+20 6.635982e+41
1.431000e-14 -8.177579e+20 6.687280e+41
1.432500e-14 -8.198002e+20 6.720723e+41
1.434000e-14 -8.207415e+20 6.736166e+41
1.435500e-14 -8.205827e+20 6.733560e+41
1.437000e-14 -8.193262e+20 6.712954e+41
1.438500e-14 -8.169756e+20 6.674491e+41
1.440000e-14 -8.135363e+20 6.618412e+41
1.441500e-14 -8.090148e+20 6.545049e+41
1.443000e-14 -8.034193e+20 6.454826e+41
1.444500e-14 -7.967593e+20 6.348254e+41
1.446000e-14 -7.890458e+20 6.225932e+41
1.447500e-14 -7.802910e+20 6.088540e+41
1.449000e-14 -7.705086e+20 5.936834e+41
1.450500e-14 -7.597136e+20 5.771648e+41
1.452000e-14 -7.479225e+20 5.593881e+41
1.453500e-14 -7.351529e+20 5.404498e+41
1.455000e-14 -7.214237e+20 5.204522e+41
1.456500e-14 -7.067551e+20 4.995028e+41
1.458000e-14 -6.911686e+20 4.777140e+41
1.459500e-14 -6.746867e+20 4.552021e+41
1.461000e-14 -6.573332e+20 4.320869e+41
1.462500e-14 -6.391330e+20 4.084909e+41
1.464000e-14 -6.201120e+20 3.845389e+41
1.465500e-14 -6.002974e+20 3.603570e+41
1.467000e-14 -5.797172e+20 3.360720e+41
1.468500e-14 -5.584004e+20 3.118110e+41
1.470000e-14 -5.363769e+20 2.877002e+41
1.471500e-14 -5.136777e+20 2.638647e+41
1.473000e-14 -4.903344e+20 2.404278e+41
1.474500e-14 -4.663795e+20 2.175099e+41
1.476000e-14 -4.418465e+20 1.952283e+41
1.477500e-14 -4.167692e+20 1.736966e+41
1.479000e-14 -3.911824e+20 1.530236e+41
1.480500e-14 -3.651213e+20 1.333136e+41
1.482000e-14 -3.386218e+20 1.146648e+41
1.483500e-14 -3.117204e+20 9.716963e+40
1.485000e-14 -2.844539e+20 8.091405e+40
1.486500e-14 -2.568597e+20 6.597690e+40
1.488000e-14 -2.289754e+20 5.242971e+40
1.489500e-14 -2.008389e+20 4.033628e+40
1.491000e-14 -1.724887e+20 2.975236e+40
1.492500e-14 -1.439633e+20 2.072542e+40
1.494000e-14 -1.153012e+20 1.329436e+40
1.495500e-14 -8.654124e+19 7.489387e+39
1.497000e-14 -5.772237e+19 3.331872e+39
1.498500e-14 -2.888340e+19 8.342507e+38
