0.0000000000000000 0.0500000000000000 -0.1939903451639440
0.0500000000000000 0.0500000000000000 -0.1925902236021838
0.1000000000000000 0.0500000000000000 -0.1919422308567058
0.1500000000000000 0.0500000000000000 -0.1893411257400718
0.2000000000000000 0.0500000000000000 -0.1893269074421688
0.2500000000000000 0.0500000000000000 -0.1897636996539574
0.3000000000000000 0.0500000000000000 -0.1897096707164729
0.3500000000000000 0.0500000000000000 -0.1896247412153167
0.4000000000000000 0.0500000000000000 -0.1896797923683345
0.4500000000000000 0.0500000000000000 -0.1895805590134087
0.4999999999999999 0.0500000000000000 -0.1911129469629957
0.5499999999999999 0.0500000000000000 -0.1897412409365929
0.6000000000000000 0.0500000000000000 -0.1846161869042927
0.6500000000000000 0.0500000000000000 -0.1848377680206492
0.7000000000000001 0.0500000000000000 -0.1844899670228968
0.7500000000000001 0.0500000000000000 -0.1734013246474880
0.8000000000000002 0.0500000000000000 -0.1585739535347916
0.8500000000000002 0.0500000000000000 -0.1570286434140108
0.9000000000000002 0.0500000000000000 -0.1444635472287130
0.9500000000000003 0.0500000000000000 -0.1405653032139526
1.0000000000000002 0.0500000000000000 -0.1396996381163844
1.0500000000000003 0.0500000000000000 -0.1396698841122652
1.1000000000000003 0.0500000000000000 -0.1396919064876342
1.1500000000000004 0.0500000000000000 -0.1378028123861450
1.2000000000000004 0.0500000000000000 -0.1327607953416272
1.2500000000000004 0.0500000000000000 -0.1330360989080032
1.3000000000000005 0.0500000000000000 -0.1330317205673295
1.3500000000000005 0.0500000000000000 -0.1327360099820080
1.4000000000000006 0.0500000000000000 -0.1328270873765935
1.4500000000000006 0.0500000000000000 -0.1332632858003647
1.5000000000000007 0.0500000000000000 -0.1333746014401054
1.5500000000000007 0.0500000000000000 -0.1331985712705720
1.6000000000000008 0.0500000000000000 -0.1331715806562693
1.6500000000000008 0.0500000000000000 -0.1332858114674276
1.7000000000000008 0.0500000000000000 -0.1331549350577127
1.7500000000000009 0.0500000000000000 -0.1337686112599107
1.8000000000000009 0.0500000000000000 -0.1321042071479070
1.8500000000000010 0.0500000000000000 -0.1273137438806078
1.9000000000000010 0.0500000000000000 -0.1276072496908880
1.9500000000000011 0.0500000000000000 -0.1281420367250774
2.0000000000000009 0.0500000000000000 -0.1276306717453377
