0.000000e+00 nan nan
5.000000e-18 5.232933e+22 2.738359e+45
1.000000e-17 5.232441e+22 2.737844e+45
1.500000e-17 5.231621e+22 2.736985e+45
2.000000e-17 5.230472e+22 2.735784e+45
2.500000e-17 5.228995e+22 2.734239e+45
3.000000e-17 5.227191e+22 2.732353e+45
3.500000e-17 5.225059e+22 2.730124e+45
4.000000e-17 5.222600e+22 2.727555e+45
4.500000e-17 5.219814e+22 2.724646e+45
5.000000e-17 5.216701e+22 2.721397e+45
5.500000e-17 5.213262e+22 2.717810e+45
6.000000e-17 5.209496e+22 2.713885e+45
6.500000e-17 5.205405e+22 2.709624e+45
7.000000e-17 5.200989e+22 2.705029e+45
7.500000e-17 5.196249e+22 2.700100e+45
8.000000e-17 5.191184e+22 2.694839e+45
8.500000e-17 5.185796e+22 2.689248e+45
9.000000e-17 5.180085e+22 2.683328e+45
9.500000e-17 5.174051e+22 2.677081e+45
1.000000e-16 5.167697e+22 2.670509e+45
1.050000e-16 5.161021e+22 2.663614e+45
1.100000e-16 5.154025e+22 2.656397e+45
1.150000e-16 5.146710e+22 2.648862e+45
1.200000e-16 5.139076e+22 2.641011e+45
1.250000e-16 5.131125e+22 2.632845e+45
1.300000e-16 5.122857e+22 2.624367e+45
1.350000e-16 5.114274e+22 2.615579e+45
1.400000e-16 5.105375e+22 2.606485e+45
1.450000e-16 5.096163e+22 2.597087e+45
1.500000e-16 5.086638e+22 2.587388e+45
1.550000e-16 5.076801e+22 2.577391e+45
1.600000e-16 5.066653e+22 2.567098e+45
1.650000e-16 5.056197e+22 2.556512e+45
1.700000e-16 5.045432e+22 2.545638e+45
1.750000e-16 5.034359e+22 2.534478e+45
1.800000e-16 5.022982e+22 2.523034e+45
1.850000e-16 5.011299e+22 2.511312e+45
1.900000e-16 4.999313e+22 2.499313e+45
1.950000e-16 4.987026e+22 2.487043e+45
2.000000e-16 4.974438e+22 2.474503e+45
2.050000e-16 4.961551e+22 2.461699e+45
2.100000e-16 4.948366e+22 2.448633e+45
2.150000e-16 4.934885e+22 2.435309e+45
2.200000e-16 4.921110e+22 2.421732e+45
2.250000e-16 4.907041e+22 2.407905e+45
2.300000e-16 4.892681e+22 2.393833e+45
2.350000e-16 4.878031e+22 2.379519e+45
2.400000e-16 4.863093e+22 2.364968e+45
2.450000e-16 4.847869e+22 2.350183e+45
2.500000e-16 4.832359e+22 2.335169e+45
2.550000e-16 4.816566e+22 2.319931e+45
2.600000e-16 4.800492e+22 2.304473e+45
2.650000e-16 4.784139e+22 2.288798e+45
2.700000e-16 4.767507e+22 2.272913e+45
2.750000e-16 4.750600e+22 2.256820e+45
2.800000e-16 4.733419e+22 2.240526e+45
2.850000e-16 4.715966e+22 2.224033e+45
2.900000e-16 4.698243e+22 2.207348e+45
2.950000e-16 4.680251e+22 2.190475e+45
3.000000e-16 4.661994e+22 2.173419e+45
3.050000e-16 4.643472e+22 2.156183e+45
3.100000e-16 4.624688e+22 2.138774e+45
3.150000e-16 4.605645e+22 2.121196e+45
3.200000e-16 4.586344e+22 2.103455e+45
3.250000e-16 4.566787e+22 2.085554e+45
3.300000e-16 4.546976e+22 2.067499e+45
3.350000e-16 4.526914e+22 2.049295e+45
3.400000e-16 4.506604e+22 2.030948e+45
3.450000e-16 4.486046e+22 2.012461e+45
3.500000e-16 4.465244e+22 1.993840e+45
3.550000e-16 4.444200e+22 1.975091e+45
3.600000e-16 4.422916e+22 1.956218e+45
3.650000e-16 4.401394e+22 1.937227e+45
3.700000e-16 4.379637e+22 1.918122e+45
3.750000e-16 4.357648e+22 1.898909e+45
3.800000e-16 4.335428e+22 1.879594e+45
3.850000e-16 4.312981e+22 1.860180e+45
3.900000e-16 4.290308e+22 1.840674e+45
3.950000e-16 4.267412e+22 1.821080e+45
4.000000e-16 4.244296e+22 1.801405e+45
4.050000e-16 4.220962e+22 1.781652e+45
4.100000e-16 4.197413e+22 1.761828e+45
4.150000e-16 4.173652e+22 1.741937e+45
4.200000e-16 4.149680e+22 1.721984e+45
4.250000e-16 4.125501e+22 1.701976e+45
4.300000e-16 4.101118e+22 1.681917e+45
4.350000e-16 4.076532e+22 1.661811e+45
4.400000e-16 4.051747e+22 1.641666e+45
4.450000e-16 4.026766e+22 1.621484e+45
4.500000e-16 4.001590e+22 1.601273e+45
4.550000e-16 3.976224e+22 1.581036e+45
4.600000e-16 3.950669e+22 1.560779e+45
4.650000e-16 3.924929e+22 1.540507e+45
4.700000e-16 3.899006e+22 1.520225e+45
4.750000e-16 3.872903e+22 1.499938e+45
4.800000e-16 3.846623e+22 1.479651e+45
4.850000e-16 3.820169e+22 1.459369e+45
4.900000e-16 3.793544e+22 1.439098e+45
4.950000e-16 3.766750e+22 1.418841e+45
5.000000e-16 3.739791e+22 1.398604e+45
5.050000e-16 3.712669e+22 1.378391e+45
5.100000e-16 3.685388e+22 1.358208e+45
5.150000e-16 3.657950e+22 1.338060e+45
5.200000e-16 3.630358e+22 1.317950e+45
5.250000e-16 3.602616e+22 1.297884e+45
5.300000e-16 3.574726e+22 1.277866e+45
5.350000e-16 3.546691e+22 1.257902e+45
5.400000e-16 3.518514e+22 1.237994e+45
5.450000e-16 3.490199e+22 1.218149e+45
5.500000e-16 3.461748e+22 1.198370e+45
5.550000e-16 3.433165e+22 1.178662e+45
5.600000e-16 3.404453e+22 1.159030e+45
5.650000e-16 3.375614e+22 1.139477e+45
5.700000e-16 3.346651e+22 1.120007e+45
5.750000e-16 3.317569e+22 1.100626e+45
5.800000e-16 3.288369e+22 1.081337e+45
5.850000e-16 3.259056e+22 1.062144e+45
5.900000e-16 3.229632e+22 1.043052e+45
5.950000e-16 3.200100e+22 1.024064e+45
6.000000e-16 3.170463e+22 1.005184e+45
6.050000e-16 3.140725e+22 9.864155e+44
6.100000e-16 3.110889e+22 9.677631e+44
6.150000e-16 3.080958e+22 9.492302e+44
6.200000e-16 3.050935e+22 9.308204e+44
6.250000e-16 3.020823e+22 9.125373e+44
6.300000e-16 2.990626e+22 8.943844e+44
6.350000e-16 2.960346e+22 8.763651e+44
6.400000e-16 2.929988e+22 8.584828e+44
6.450000e-16 2.899553e+22 8.407408e+44
6.500000e-16 2.869046e+22 8.231423e+44
6.550000e-16 2.838469e+22 8.056905e+44
6.600000e-16 2.807825e+22 7.883884e+44
6.650000e-16 2.777119e+22 7.712390e+44
6.700000e-16 2.746353e+22 7.542453e+44
6.750000e-16 2.715530e+22 7.374102e+44
6.800000e-16 2.684653e+22 7.207363e+44
6.850000e-16 2.653726e+22 7.042264e+44
6.900000e-16 2.622753e+22 6.878832e+44
6.950000e-16 2.591735e+22 6.717090e+44
7.000000e-16 2.560677e+22 6.557065e+44
7.050000e-16 2.529581e+22 6.398780e+44
7.100000e-16 2.498451e+22 6.242258e+44
7.150000e-16 2.467290e+22 6.087521e+44
7.200000e-16 2.436102e+22 5.934591e+44
7.250000e-16 2.404888e+22 5.783488e+44
7.300000e-16 2.373654e+22 5.634232e+44
7.350000e-16 2.342401e+22 5.486842e+44
7.400000e-16 2.311133e+22 5.341336e+44
7.450000e-16 2.279854e+22 5.197732e+44
7.500000e-16 2.248565e+22 5.056046e+44
7.550000e-16 2.217272e+22 4.916294e+44
7.600000e-16 2.185976e+22 4.778491e+44
7.650000e-16 2.154681e+22 4.642650e+44
7.700000e-16 2.123390e+22 4.508786e+44
7.750000e-16 2.092107e+22 4.376911e+44
7.800000e-16 2.060834e+22 4.247035e+44
7.850000e-16 2.029574e+22 4.119171e+44
7.900000e-16 1.998331e+22 3.993327e+44
7.950000e-16 1.967108e+22 3.869514e+44
8.000000e-16 1.935908e+22 3.747739e+44
8.050000e-16 1.904734e+22 3.628010e+44
8.100000e-16 1.873589e+22 3.510335e+44
8.150000e-16 1.842476e+22 3.394718e+44
8.200000e-16 1.811399e+22 3.281165e+44
8.250000e-16 1.780359e+22 3.169680e+44
8.300000e-16 1.749362e+22 3.060267e+44
8.350000e-16 1.718409e+22 2.952929e+44
8.400000e-16 1.687503e+22 2.847667e+44
8.450000e-16 1.656648e+22 2.744483e+44
8.500000e-16 1.625847e+22 2.643378e+44
8.550000e-16 1.595102e+22 2.544350e+44
8.600000e-16 1.564417e+22 2.447399e+44
8.650000e-16 1.533794e+22 2.352524e+44
8.700000e-16 1.503237e+22 2.259720e+44
8.750000e-16 1.472748e+22 2.168986e+44
8.800000e-16 1.442330e+22 2.080316e+44
8.850000e-16 1.411987e+22 1.993707e+44
8.900000e-16 1.381721e+22 1.909153e+44
8.950000e-16 1.351535e+22 1.826647e+44
9.000000e-16 1.321432e+22 1.746182e+44
9.050000e-16 1.291415e+22 1.667752e+44
9.100000e-16 1.261486e+22 1.591347e+44
9.150000e-16 1.231649e+22 1.516959e+44
9.200000e-16 1.201906e+22 1.444578e+44
9.250000e-16 1.172260e+22 1.374194e+44
9.300000e-16 1.142714e+22 1.305795e+44
9.350000e-16 1.113270e+22 1.239371e+44
9.400000e-16 1.083932e+22 1.174909e+44
9.450000e-16 1.054702e+22 1.112396e+44
9.500000e-16 1.025582e+22 1.051818e+44
9.550000e-16 9.965756e+21 9.931629e+43
9.600000e-16 9.676852e+21 9.364147e+43
9.650000e-16 9.389135e+21 8.815585e+43
9.700000e-16 9.102629e+21 8.285786e+43
9.750000e-16 8.817362e+21 7.774588e+43
9.800000e-16 8.533359e+21 7.281821e+43
9.850000e-16 8.250645e+21 6.807314e+43
9.900000e-16 7.969245e+21 6.350886e+43
9.950000e-16 7.689185e+21 5.912356e+43
1.000000e-15 7.410489e+21 5.491534e+43
1.005000e-15 7.133181e+21 5.088228e+43
1.010000e-15 6.857287e+21 4.702239e+43
1.015000e-15 6.582831e+21 4.333366e+43
1.020000e-15 6.309835e+21 3.981402e+43
1.025000e-15 6.038324e+21 3.646136e+43
1.030000e-15 5.768322e+21 3.327353e+43
1.035000e-15 5.499850e+21 3.024835e+43
1.040000e-15 5.232933e+21 2.738358e+43
1.045000e-15 4.967592e+21 2.467697e+43
1.050000e-15 4.703851e+21 2.212621e+43
1.055000e-15 4.441731e+21 1.972897e+43
1.060000e-15 4.181254e+21 1.748289e+43
1.065000e-15 3.922442e+21 1.538555e+43
1.070000e-15 3.665317e+21 1.343455e+43
1.075000e-15 3.409898e+21 1.162741e+43
1.080000e-15 3.156208e+21 9.961649e+42
1.085000e-15 2.904266e+21 8.434764e+42
1.090000e-15 2.654094e+21 7.044215e+42
1.095000e-15 2.405710e+21 5.787443e+42
1.100000e-15 2.159136e+21 4.661867e+42
1.105000e-15 1.914389e+21 3.664886e+42
1.110000e-15 1.671490e+21 2.793879e+42
1.115000e-15 1.430457e+21 2.046208e+42
1.120000e-15 1.191310e+21 1.419218e+42
1.125000e-15 9.540651e+20 9.102402e+41
1.130000e-15 7.187420e+20 5.165900e+41
1.135000e-15 4.853580e+20 2.355724e+41
1.140000e-15 2.539306e+20 6.448077e+40
1.145000e-15 2.447706e+19 5.991264e+38
1.150000e-15 -2.029858e+20 4.120325e+40
1.155000e-15 -4.284414e+20 1.835621e+41
1.160000e-15 -6.518735e+20 4.249390e+41
1.165000e-15 -8.732659e+20 7.625934e+41
1.170000e-15 -1.092603e+21 1.193782e+42
1.175000e-15 -1.309870e+21 1.715758e+42
1.180000e-15 -1.525050e+21 2.325779e+42
1.185000e-15 -1.738131e+21 3.021098e+42
1.190000e-15 -1.949096e+21 3.798974e+42
1.195000e-15 -2.157932e+21 4.656669e+42
1.200000e-15 -2.364625e+21 5.591449e+42
1.205000e-15 -2.569161e+21 6.600587e+42
1.210000e-15 -2.771527e+21 7.681362e+42
1.215000e-15 -2.971711e+21 8.831064e+42
1.220000e-15 -3.169699e+21 1.004699e+43
1.225000e-15 -3.365479e+21 1.132645e+43
1.230000e-15 -3.559040e+21 1.266676e+43
1.235000e-15 -3.750369e+21 1.406527e+43
1.240000e-15 -3.939455e+21 1.551931e+43
1.245000e-15 -4.126288e+21 1.702625e+43
1.250000e-15 -4.310856e+21 1.858348e+43
1.255000e-15 -4.493149e+21 2.018839e+43
1.260000e-15 -4.673157e+21 2.183840e+43
1.265000e-15 -4.850870e+21 2.353094e+43
1.270000e-15 -5.026279e+21 2.526348e+43
1.275000e-15 -5.199375e+21 2.703350e+43
1.280000e-15 -5.370149e+21 2.883850e+43
1.285000e-15 -5.538592e+21 3.067600e+43
1.290000e-15 -5.704696e+21 3.254355e+43
1.295000e-15 -5.868454e+21 3.443875e+43
1.300000e-15 -6.029857e+21 3.635918e+43
1.305000e-15 -6.188899e+21 3.830248e+43
1.310000e-15 -6.345574e+21 4.026630e+43
1.315000e-15 -6.499873e+21 4.224835e+43
1.320000e-15 -6.651792e+21 4.424633e+43
1.325000e-15 -6.801324e+21 4.625801e+43
1.330000e-15 -6.948464e+21 4.828115e+43
1.335000e-15 -7.093206e+21 5.031357e+43
1.340000e-15 -7.235546e+21 5.235312e+43
1.345000e-15 -7.375479e+21 5.439768e+43
1.350000e-15 -7.513000e+21 5.644517e+43
1.355000e-15 -7.648107e+21 5.849354e+43
1.360000e-15 -7.780795e+21 6.054076e+43
1.365000e-15 -7.911060e+21 6.258487e+43
1.370000e-15 -8.038901e+21 6.462393e+43
1.375000e-15 -8.164314e+21 6.665603e+43
1.380000e-15 -8.287297e+21 6.867930e+43
1.385000e-15 -8.407849e+21 7.069192e+43
1.390000e-15 -8.525967e+21 7.269211e+43
1.395000e-15 -8.641650e+21 7.467811e+43
1.400000e-15 -8.754897e+21 7.664821e+43
1.405000e-15 -8.865707e+21 7.860076e+43
1.410000e-15 -8.974080e+21 8.053412e+43
1.415000e-15 -9.080017e+21 8.244670e+43
1.420000e-15 -9.183516e+21 8.433697e+43
1.425000e-15 -9.284580e+21 8.620342e+43
1.430000e-15 -9.383208e+21 8.804458e+43
1.435000e-15 -9.479401e+21 8.985905e+43
1.440000e-15 -9.573163e+21 9.164545e+43
1.445000e-15 -9.664493e+21 9.340243e+43
1.450000e-15 -9.753395e+21 9.512872e+43
1.455000e-15 -9.839871e+21 9.682307e+43
1.460000e-15 -9.923924e+21 9.848426e+43
1.465000e-15 -1.000556e+22 1.001111e+44
1.470000e-15 -1.008477e+22 1.017026e+44
1.475000e-15 -1.016157e+22 1.032576e+44
1.480000e-15 -1.023597e+22 1.047750e+44
1.485000e-15 -1.030795e+22 1.062539e+44
1.490000e-15 -1.037754e+22 1.076934e+44
1.495000e-15 -1.044473e+22 1.090925e+44
1.500000e-15 -1.050954e+22 1.104504e+44
1.505000e-15 -1.057195e+22 1.117662e+44
1.510000e-15 -1.063199e+22 1.130393e+44
1.515000e-15 -1.068966e+22 1.142688e+44
1.520000e-15 -1.074496e+22 1.154541e+44
1.525000e-15 -1.079790e+22 1.165946e+44
1.530000e-15 -1.084849e+22 1.176896e+44
1.535000e-15 -1.089673e+22 1.187387e+44
1.540000e-15 -1.094263e+22 1.197412e+44
1.545000e-15 -1.098621e+22 1.206967e+44
1.550000e-15 -1.102746e+22 1.216048e+44
1.555000e-15 -1.106640e+22 1.224651e+44
1.560000e-15 -1.110303e+22 1.232773e+44
1.565000e-15 -1.113737e+22 1.240410e+44
1.570000e-15 -1.116942e+22 1.247559e+44
1.575000e-15 -1.119919e+22 1.254219e+44
1.580000e-15 -1.122670e+22 1.260388e+44
1.585000e-15 -1.125195e+22 1.266064e+44
1.590000e-15 -1.127495e+22 1.271245e+44
1.595000e-15 -1.129572e+22 1.275932e+44
1.600000e-15 -1.131426e+22 1.280124e+44
1.605000e-15 -1.133058e+22 1.283821e+44
1.610000e-15 -1.134471e+22 1.287024e+44
1.615000e-15 -1.135664e+22 1.289732e+44
1.620000e-15 -1.136639e+22 1.291948e+44
1.625000e-15 -1.137397e+22 1.293673e+44
1.630000e-15 -1.137940e+22 1.294908e+44
1.635000e-15 -1.138269e+22 1.295656e+44
1.640000e-15 -1.138385e+22 1.295919e+44
1.645000e-15 -1.138289e+22 1.295701e+44
1.650000e-15 -1.137982e+22 1.295004e+44
1.655000e-15 -1.137467e+22 1.293831e+44
1.660000e-15 -1.136744e+22 1.292187e+44
1.665000e-15 -1.135815e+22 1.290076e+44
1.670000e-15 -1.134681e+22 1.287501e+44
1.675000e-15 -1.133344e+22 1.284469e+44
1.680000e-15 -1.131805e+22 1.280983e+44
1.685000e-15 -1.130066e+22 1.277048e+44
1.690000e-15 -1.128127e+22 1.272672e+44
1.695000e-15 -1.125992e+22 1.267858e+44
1.700000e-15 -1.123661e+22 1.262613e+44
1.705000e-15 -1.121135e+22 1.256944e+44
1.710000e-15 -1.118417e+22 1.250857e+44
1.715000e-15 -1.115508e+22 1.244359e+44
1.720000e-15 -1.112410e+22 1.237456e+44
1.725000e-15 -1.109124e+22 1.230156e+44
1.730000e-15 -1.105652e+22 1.222467e+44
1.735000e-15 -1.101996e+22 1.214395e+44
1.740000e-15 -1.098157e+22 1.205949e+44
1.745000e-15 -1.094138e+22 1.197137e+44
1.750000e-15 -1.089939e+22 1.187967e+44
1.755000e-15 -1.085563e+22 1.178447e+44
1.760000e-15 -1.081011e+22 1.168586e+44
1.765000e-15 -1.076286e+22 1.158392e+44
1.770000e-15 -1.071389e+22 1.147874e+44
1.775000e-15 -1.066322e+22 1.137042e+44
1.780000e-15 -1.061086e+22 1.125903e+44
1.785000e-15 -1.055684e+22 1.114469e+44
1.790000e-15 -1.050118e+22 1.102747e+44
1.795000e-15 -1.044389e+22 1.090748e+44
1.800000e-15 -1.038499e+22 1.078480e+44
1.805000e-15 -1.032451e+22 1.065955e+44
1.810000e-15 -1.026246e+22 1.053180e+44
1.815000e-15 -1.019886e+22 1.040167e+44
1.820000e-15 -1.013373e+22 1.026924e+44
1.825000e-15 -1.006709e+22 1.013463e+44
1.830000e-15 -9.998965e+21 9.997930e+43
1.835000e-15 -9.929370e+21 9.859238e+43
1.840000e-15 -9.858326e+21 9.718659e+43
1.845000e-15 -9.785854e+21 9.576294e+43
1.850000e-15 -9.711974e+21 9.432244e+43
1.855000e-15 -9.636707e+21 9.286612e+43
1.860000e-15 -9.560073e+21 9.139500e+43
1.865000e-15 -9.482094e+21 8.991010e+43
1.870000e-15 -9.402789e+21 8.841244e+43
1.875000e-15 -9.322180e+21 8.690304e+43
1.880000e-15 -9.240288e+21 8.538293e+43
1.885000e-15 -9.157135e+21 8.385311e+43
1.890000e-15 -9.072740e+21 8.231461e+43
1.895000e-15 -8.987126e+21 8.076844e+43
1.900000e-15 -8.900315e+21 7.921560e+43
1.905000e-15 -8.812327e+21 7.765710e+43
1.910000e-15 -8.723184e+21 7.609393e+43
1.915000e-15 -8.632907e+21 7.452709e+43
1.920000e-15 -8.541519e+21 7.295755e+43
1.925000e-15 -8.449041e+21 7.138630e+43
1.930000e-15 -8.355495e+21 6.981430e+43
1.935000e-15 -8.260903e+21 6.824252e+43
1.940000e-15 -8.165286e+21 6.667190e+43
1.945000e-15 -8.068667e+21 6.510339e+43
1.950000e-15 -7.971068e+21 6.353792e+43
1.955000e-15 -7.872510e+21 6.197641e+43
1.960000e-15 -7.773016e+21 6.041978e+43
1.965000e-15 -7.672608e+21 5.886891e+43
1.970000e-15 -7.571308e+21 5.732470e+43
1.975000e-15 -7.469138e+21 5.578802e+43
1.980000e-15 -7.366120e+21 5.425972e+43
1.985000e-15 -7.262277e+21 5.274066e+43
1.990000e-15 -7.157630e+21 5.123167e+43
1.995000e-15 -7.052203e+21 4.973357e+43
2.000000e-15 -6.946017e+21 4.824715e+43
2.005000e-15 -6.839094e+21 4.677321e+43
2.010000e-15 -6.731458e+21 4.531252e+43
2.015000e-15 -6.623129e+21 4.386584e+43
2.020000e-15 -6.514131e+21 4.243390e+43
2.025000e-15 -6.404485e+21 4.101743e+43
2.030000e-15 -6.294214e+21 3.961713e+43
2.035000e-15 -6.183340e+21 3.823370e+43
2.040000e-15 -6.071886e+21 3.686779e+43
2.045000e-15 -5.959872e+21 3.552008e+43
2.050000e-15 -5.847323e+21 3.419118e+43
2.055000e-15 -5.734259e+21 3.288173e+43
2.060000e-15 -5.620703e+21 3.159230e+43
2.065000e-15 -5.506677e+21 3.032349e+43
2.070000e-15 -5.392203e+21 2.907585e+43
2.075000e-15 -5.277302e+21 2.784992e+43
2.080000e-15 -5.161998e+21 2.664622e+43
2.085000e-15 -5.046311e+21 2.546525e+43
2.090000e-15 -4.930264e+21 2.430750e+43
2.095000e-15 -4.813878e+21 2.317342e+43
2.100000e-15 -4.697175e+21 2.206345e+43
2.105000e-15 -4.580177e+21 2.097802e+43
2.110000e-15 -4.462906e+21 1.991753e+43
2.115000e-15 -4.345382e+21 1.888234e+43
2.120000e-15 -4.227627e+21 1.787283e+43
2.125000e-15 -4.109664e+21 1.688934e+43
2.130000e-15 -3.991512e+21 1.593217e+43
2.135000e-15 -3.873194e+21 1.500163e+43
2.140000e-15 -3.754730e+21 1.409800e+43
2.145000e-15 -3.636142e+21 1.322153e+43
2.150000e-15 -3.517450e+21 1.237245e+43
2.155000e-15 -3.398675e+21 1.155099e+43
2.160000e-15 -3.279839e+21 1.075734e+43
2.165000e-15 -3.160962e+21 9.991679e+42
2.170000e-15 -3.042064e+21 9.254151e+42
2.175000e-15 -2.923165e+21 8.544896e+42
2.180000e-15 -2.804288e+21 7.864029e+42
2.185000e-15 -2.685450e+21 7.211643e+42
2.190000e-15 -2.566674e+21 6.587814e+42
2.195000e-15 -2.447978e+21 5.992596e+42
2.200000e-15 -2.329383e+21 5.426024e+42
2.205000e-15 -2.210908e+21 4.888114e+42
2.210000e-15 -2.092573e+21 4.378863e+42
2.215000e-15 -1.974398e+21 3.898249e+42
2.220000e-15 -1.856403e+21 3.446231e+42
2.225000e-15 -1.738605e+21 3.022748e+42
2.230000e-15 -1.621025e+21 2.627723e+42
2.235000e-15 -1.503682e+21 2.261060e+42
2.240000e-15 -1.386594e+21 1.922644e+42
2.245000e-15 -1.269781e+21 1.612343e+42
2.250000e-15 -1.153260e+21 1.330008e+42
2.255000e-15 -1.037050e+21 1.075473e+42
2.260000e-15 -9.211700e+20 8.485541e+41
2.265000e-15 -8.056375e+20 6.490517e+41
2.270000e-15 -6.904706e+20 4.767497e+41
2.275000e-15 -5.756872e+20 3.314158e+41
2.280000e-15 -4.613050e+20 2.128023e+41
2.285000e-15 -3.473415e+20 1.206461e+41
2.290000e-15 -2.338139e+20 5.466896e+40
2.295000e-15 -1.207396e+20 1.457806e+40
2.300000e-15 -8.135539e+18 6.618700e+37
2.305000e-15 1.039815e+20 1.081215e+40
2.310000e-15 2.155947e+20 4.648108e+40
2.315000e-15 3.266877e+20 1.067249e+41
2.320000e-15 4.372441e+20 1.911824e+41
2.325000e-15 5.472477e+20 2.994801e+41
2.330000e-15 6.566826e+20 4.312320e+41
2.335000e-15 7.655330e+20 5.860408e+41
2.340000e-15 8.737832e+20 7.634971e+41
2.345000e-15 9.814179e+20 9.631811e+41
2.350000e-15 1.088422e+21 1.184662e+42
2.355000e-15 1.194780e+21 1.427499e+42
2.360000e-15 1.300477e+21 1.691241e+42
2.365000e-15 1.405499e+21 1.975427e+42
2.370000e-15 1.509831e+21 2.279590e+42
2.375000e-15 1.613459e+21 2.603249e+42
2.380000e-15 1.716368e+21 2.945921e+42
2.385000e-15 1.818546e+21 3.307109e+42
2.390000e-15 1.919977e+21 3.686314e+42
2.395000e-15 2.020650e+21 4.083025e+42
2.400000e-15 2.120549e+21 4.496729e+42
2.405000e-15 2.219663e+21 4.926905e+42
2.410000e-15 2.317978e+21 5.373024e+42
2.415000e-15 2.415482e+21 5.834555e+42
2.420000e-15 2.512163e+21 6.310961e+42
2.425000e-15 2.608007e+21 6.801699e+42
2.430000e-15 2.703003e+21 7.306223e+42
2.435000e-15 2.797139e+21 7.823985e+42
2.440000e-15 2.890403e+21 8.354429e+42
2.445000e-15 2.982784e+21 8.897002e+42
2.450000e-15 3.074271e+21 9.451144e+42
2.455000e-15 3.164853e+21 1.001630e+43
2.460000e-15 3.254519e+21 1.059189e+43
2.465000e-15 3.343258e+21 1.117737e+43
2.470000e-15 3.431060e+21 1.177217e+43
2.475000e-15 3.517914e+21 1.237572e+43
2.480000e-15 3.603812e+21 1.298746e+43
2.485000e-15 3.688743e+21 1.360682e+43
2.490000e-15 3.772697e+21 1.423324e+43
2.495000e-15 3.855666e+21 1.486616e+43
2.500000e-15 3.937640e+21 1.550501e+43
2.505000e-15 4.018611e+21 1.614923e+43
2.510000e-15 4.098569e+21 1.679827e+43
2.515000e-15 4.177507e+21 1.745156e+43
2.520000e-15 4.255416e+21 1.810856e+43
2.525000e-15 4.332288e+21 1.876872e+43
2.530000e-15 4.408116e+21 1.943148e+43
2.535000e-15 4.482891e+21 2.009631e+43
2.540000e-15 4.556608e+21 2.076267e+43
2.545000e-15 4.629257e+21 2.143002e+43
2.550000e-15 4.700834e+21 2.209784e+43
2.555000e-15 4.771330e+21 2.276559e+43
2.560000e-15 4.840741e+21 2.343277e+43
2.565000e-15 4.909058e+21 2.409885e+43
2.570000e-15 4.976277e+21 2.476333e+43
2.575000e-15 5.042392e+21 2.542571e+43
2.580000e-15 5.107396e+21 2.608550e+43
2.585000e-15 5.171286e+21 2.674220e+43
2.590000e-15 5.234055e+21 2.739533e+43
2.595000e-15 5.295698e+21 2.804442e+43
2.600000e-15 5.356212e+21 2.868901e+43
2.605000e-15 5.415591e+21 2.932863e+43
2.610000e-15 5.473832e+21 2.996283e+43
2.615000e-15 5.530929e+21 3.059118e+43
2.620000e-15 5.586881e+21 3.121324e+43
2.625000e-15 5.641682e+21 3.182857e+43
2.630000e-15 5.695329e+21 3.243678e+43
2.635000e-15 5.747820e+21 3.303744e+43
2.640000e-15 5.799151e+21 3.363016e+43
2.645000e-15 5.849320e+21 3.421454e+43
2.650000e-15 5.898324e+21 3.479022e+43
2.655000e-15 5.946160e+21 3.535682e+43
2.660000e-15 5.992827e+21 3.591398e+43
2.665000e-15 6.038323e+21 3.646135e+43
2.670000e-15 6.082646e+21 3.699858e+43
2.675000e-15 6.125794e+21 3.752535e+43
2.680000e-15 6.167766e+21 3.804134e+43
2.685000e-15 6.208562e+21 3.854624e+43
2.690000e-15 6.248179e+21 3.903974e+43
2.695000e-15 6.286618e+21 3.952157e+43
2.700000e-15 6.323879e+21 3.999144e+43
2.705000e-15 6.359959e+21 4.044908e+43
2.710000e-15 6.394861e+21 4.089425e+43
2.715000e-15 6.428583e+21 4.132668e+43
2.720000e-15 6.461127e+21 4.174616e+43
2.725000e-15 6.492492e+21 4.215245e+43
2.730000e-15 6.522679e+21 4.254534e+43
2.735000e-15 6.551689e+21 4.292463e+43
2.740000e-15 6.579524e+21 4.329014e+43
2.745000e-15 6.606184e+21 4.364167e+43
2.750000e-15 6.631671e+21 4.397906e+43
2.755000e-15 6.655987e+21 4.430216e+43
2.760000e-15 6.679133e+21 4.461081e+43
2.765000e-15 6.701111e+21 4.490489e+43
2.770000e-15 6.721924e+21 4.518427e+43
2.775000e-15 6.741574e+21 4.544882e+43
2.780000e-15 6.760064e+21 4.569846e+43
2.785000e-15 6.777395e+21 4.593309e+43
2.790000e-15 6.793572e+21 4.615262e+43
2.795000e-15 6.808597e+21 4.635699e+43
2.800000e-15 6.822473e+21 4.654614e+43
2.805000e-15 6.835204e+21 4.672002e+43
2.810000e-15 6.846794e+21 4.687858e+43
2.815000e-15 6.857245e+21 4.702181e+43
2.820000e-15 6.866563e+21 4.714968e+43
2.825000e-15 6.874750e+21 4.726219e+43
2.830000e-15 6.881812e+21 4.735934e+43
2.835000e-15 6.887752e+21 4.744113e+43
2.840000e-15 6.892576e+21 4.750760e+43
2.845000e-15 6.896287e+21 4.755878e+43
2.850000e-15 6.898892e+21 4.759470e+43
2.855000e-15 6.900393e+21 4.761543e+43
2.860000e-15 6.900798e+21 4.762101e+43
2.865000e-15 6.900111e+21 4.761153e+43
2.870000e-15 6.898337e+21 4.758705e+43
2.875000e-15 6.895482e+21 4.754767e+43
2.880000e-15 6.891552e+21 4.749349e+43
2.885000e-15 6.886553e+21 4.742461e+43
2.890000e-15 6.880490e+21 4.734115e+43
2.895000e-15 6.873370e+21 4.724322e+43
2.900000e-15 6.865199e+21 4.713096e+43
2.905000e-15 6.855984e+21 4.700451e+43
2.910000e-15 6.845730e+21 4.686402e+43
2.915000e-15 6.834445e+21 4.670963e+43
2.920000e-15 6.822135e+21 4.654152e+43
2.925000e-15 6.808807e+21 4.635985e+43
2.930000e-15 6.794468e+21 4.616479e+43
2.935000e-15 6.779125e+21 4.595654e+43
2.940000e-15 6.762786e+21 4.573528e+43
2.945000e-15 6.745458e+21 4.550120e+43
2.950000e-15 6.727147e+21 4.525451e+43
2.955000e-15 6.707863e+21 4.499543e+43
2.960000e-15 6.687612e+21 4.472415e+43
2.965000e-15 6.666402e+21 4.444092e+43
2.970000e-15 6.644242e+21 4.414595e+43
2.975000e-15 6.621138e+21 4.383947e+43
2.980000e-15 6.597099e+21 4.352172e+43
2.985000e-15 6.572134e+21 4.319295e+43
2.990000e-15 6.546250e+21 4.285339e+43
2.995000e-15 6.519456e+21 4.250331e+43
3.000000e-15 6.491761e+21 4.214296e+43
3.005000e-15 6.463172e+21 4.177259e+43
3.010000e-15 6.433699e+21 4.139248e+43
3.015000e-15 6.403350e+21 4.100289e+43
3.020000e-15 6.372133e+21 4.060408e+43
3.025000e-15 6.340059e+21 4.019635e+43
3.030000e-15 6.307135e+21 3.977995e+43
3.035000e-15 6.273371e+21 3.935519e+43
3.040000e-15 6.238776e+21 3.892232e+43
3.045000e-15 6.203358e+21 3.848166e+43
3.050000e-15 6.167128e+21 3.803347e+43
3.055000e-15 6.130094e+21 3.757806e+43
3.060000e-15 6.092266e+21 3.711571e+43
3.065000e-15 6.053653e+21 3.664672e+43
3.070000e-15 6.014265e+21 3.617139e+43
3.075000e-15 5.974111e+21 3.569000e+43
3.080000e-15 5.933201e+21 3.520287e+43
3.085000e-15 5.891544e+21 3.471029e+43
3.090000e-15 5.849150e+21 3.421256e+43
3.095000e-15 5.806029e+21 3.370997e+43
3.100000e-15 5.762190e+21 3.320284e+43
3.105000e-15 5.717644e+21 3.269146e+43
3.110000e-15 5.672401e+21 3.217613e+43
3.115000e-15 5.626469e+21 3.165715e+43
3.120000e-15 5.579860e+21 3.113483e+43
3.125000e-15 5.532583e+21 3.060947e+43
3.130000e-15 5.484648e+21 3.008136e+43
3.135000e-15 5.436065e+21 2.955080e+43
3.140000e-15 5.386845e+21 2.901810e+43
3.145000e-15 5.336997e+21 2.848354e+43
3.150000e-15 5.286532e+21 2.794742e+43
3.155000e-15 5.235460e+21 2.741004e+43
3.160000e-15 5.183791e+21 2.687169e+43
3.165000e-15 5.131535e+21 2.633265e+43
3.170000e-15 5.078703e+21 2.579323e+43
3.175000e-15 5.025305e+21 2.525369e+43
3.180000e-15 4.971351e+21 2.471433e+43
3.185000e-15 4.916852e+21 2.417543e+43
3.190000e-15 4.861817e+21 2.363726e+43
3.195000e-15 4.806257e+21 2.310011e+43
3.200000e-15 4.750184e+21 2.256424e+43
3.205000e-15 4.693606e+21 2.202993e+43
3.210000e-15 4.636534e+21 2.149745e+43
3.215000e-15 4.578979e+21 2.096705e+43
3.220000e-15 4.520951e+21 2.043900e+43
3.225000e-15 4.462461e+21 1.991355e+43
3.230000e-15 4.403518e+21 1.939097e+43
3.235000e-15 4.344134e+21 1.887150e+43
3.240000e-15 4.284318e+21 1.835538e+43
3.245000e-15 4.224082e+21 1.784287e+43
3.250000e-15 4.163434e+21 1.733419e+43
3.255000e-15 4.102387e+21 1.682958e+43
3.260000e-15 4.040950e+21 1.632928e+43
3.265000e-15 3.979134e+21 1.583351e+43
3.270000e-15 3.916948e+21 1.534248e+43
3.275000e-15 3.854404e+21 1.485643e+43
3.280000e-15 3.791512e+21 1.437556e+43
3.285000e-15 3.728281e+21 1.390008e+43
3.290000e-15 3.664723e+21 1.343019e+43
3.295000e-15 3.600847e+21 1.296610e+43
3.300000e-15 3.536664e+21 1.250799e+43
3.305000e-15 3.472184e+21 1.205606e+43
3.310000e-15 3.407418e+21 1.161050e+43
3.315000e-15 3.342375e+21 1.117147e+43
3.320000e-15 3.277066e+21 1.073916e+43
3.325000e-15 3.211501e+21 1.031374e+43
3.330000e-15 3.145690e+21 9.895364e+42
3.335000e-15 3.079643e+21 9.484200e+42
3.340000e-15 3.013370e+21 9.080401e+42
3.345000e-15 2.946882e+21 8.684114e+42
3.350000e-15 2.880188e+21 8.295484e+42
3.355000e-15 2.813299e+21 7.914649e+42
3.360000e-15 2.746224e+21 7.541744e+42
3.365000e-15 2.678973e+21 7.176895e+42
3.370000e-15 2.611556e+21 6.820225e+42
3.375000e-15 2.543983e+21 6.471852e+42
3.380000e-15 2.476265e+21 6.131887e+42
3.385000e-15 2.408410e+21 5.800438e+42
3.390000e-15 2.340428e+21 5.477604e+42
3.395000e-15 2.272330e+21 5.163483e+42
3.400000e-15 2.204124e+21 4.858164e+42
3.405000e-15 2.135821e+21 4.561733e+42
3.410000e-15 2.067431e+21 4.274269e+42
3.415000e-15 1.998961e+21 3.995846e+42
3.420000e-15 1.930423e+21 3.726534e+42
3.425000e-15 1.861826e+21 3.466395e+42
3.430000e-15 1.793178e+21 3.215489e+42
3.435000e-15 1.724490e+21 2.973867e+42
3.440000e-15 1.655771e+21 2.741578e+42
3.445000e-15 1.587030e+21 2.518664e+42
3.450000e-15 1.518276e+21 2.305162e+42
3.455000e-15 1.449519e+21 2.101105e+42
3.460000e-15 1.380767e+21 1.906517e+42
3.465000e-15 1.312030e+21 1.721422e+42
3.470000e-15 1.243316e+21 1.545836e+42
3.475000e-15 1.174636e+21 1.379769e+42
3.480000e-15 1.105997e+21 1.223229e+42
3.485000e-15 1.037408e+21 1.076215e+42
3.490000e-15 9.688788e+20 9.387261e+41
3.495000e-15 9.004176e+20 8.107519e+41
3.500000e-15 8.320333e+20 6.922794e+41
3.505000e-15 7.637344e+20 5.832902e+41
3.510000e-15 6.955295e+20 4.837613e+41
3.515000e-15 6.274273e+20 3.936650e+41
3.520000e-15 5.594361e+20 3.129687e+41
3.525000e-15 4.915644e+20 2.416355e+41
3.530000e-15 4.238206e+20 1.796239e+41
3.535000e-15 3.562129e+20 1.268876e+41
3.540000e-15 2.887497e+20 8.337637e+40
3.545000e-15 2.214390e+20 4.903524e+40
3.550000e-15 1.542891e+20 2.380513e+40
3.555000e-15 8.730799e+19 7.622684e+39
3.560000e-15 2.050364e+19 4.203992e+38
3.565000e-15 -4.611599e+19 2.126684e+39
3.570000e-15 -1.125430e+20 1.266593e+40
3.575000e-15 -1.787697e+20 3.195859e+40
3.580000e-15 -2.447881e+20 5.992123e+40
3.585000e-15 -3.105908e+20 9.646664e+40
3.590000e-15 -3.761700e+20 1.415039e+41
3.595000e-15 -4.415182e+20 1.949383e+41
3.600000e-15 -5.066279e+20 2.566719e+41
3.605000e-15 -5.714918e+20 3.266029e+41
3.610000e-15 -6.361024e+20 4.046262e+41
3.615000e-15 -7.004524e+20 4.906336e+41
3.620000e-15 -7.645347e+20 5.845133e+41
3.625000e-15 -8.283421e+20 6.861506e+41
3.630000e-15 -8.918675e+20 7.954277e+41
3.635000e-15 -9.551039e+20 9.122235e+41
3.640000e-15 -1.018044e+21 1.036414e+42
3.645000e-15 -1.080682e+21 1.167874e+42
3.650000e-15 -1.143010e+21 1.306472e+42
3.655000e-15 -1.205022e+21 1.452078e+42
3.660000e-15 -1.266710e+21 1.604555e+42
3.665000e-15 -1.328069e+21 1.763769e+42
3.670000e-15 -1.389092e+21 1.929578e+42
3.675000e-15 -1.449773e+21 2.101841e+42
3.680000e-15 -1.510104e+21 2.280414e+42
3.685000e-15 -1.570080e+21 2.465151e+42
3.690000e-15 -1.629695e+21 2.655904e+42
3.695000e-15 -1.688941e+21 2.852523e+42
3.700000e-15 -1.747814e+21 3.054855e+42
3.705000e-15 -1.806308e+21 3.262747e+42
3.710000e-15 -1.864415e+21 3.476043e+42
3.715000e-15 -1.922131e+21 3.694586e+42
3.720000e-15 -1.979449e+21 3.918218e+42
3.725000e-15 -2.036364e+21 4.146779e+42
3.730000e-15 -2.092870e+21 4.380107e+42
3.735000e-15 -2.148962e+21 4.618039e+42
3.740000e-15 -2.204634e+21 4.860412e+42
3.745000e-15 -2.259881e+21 5.107061e+42
3.750000e-15 -2.314697e+21 5.357820e+42
3.755000e-15 -2.369076e+21 5.612523e+42
3.760000e-15 -2.423015e+21 5.871001e+42
3.765000e-15 -2.476507e+21 6.133087e+42
3.770000e-15 -2.529548e+21 6.398611e+42
3.775000e-15 -2.582132e+21 6.667405e+42
3.780000e-15 -2.634255e+21 6.939298e+42
3.785000e-15 -2.685911e+21 7.214120e+42
3.790000e-15 -2.737097e+21 7.491701e+42
3.795000e-15 -2.787807e+21 7.771869e+42
3.800000e-15 -2.838037e+21 8.054454e+42
3.805000e-15 -2.887782e+21 8.339284e+42
3.810000e-15 -2.937038e+21 8.626190e+42
3.815000e-15 -2.985800e+21 8.914999e+42
3.820000e-15 -3.034064e+21 9.205542e+42
3.825000e-15 -3.081825e+21 9.497647e+42
3.830000e-15 -3.129081e+21 9.791146e+42
3.835000e-15 -3.175826e+21 1.008587e+43
3.840000e-15 -3.222056e+21 1.038164e+43
3.845000e-15 -3.267768e+21 1.067831e+43
3.850000e-15 -3.312958e+21 1.097569e+43
3.855000e-15 -3.357621e+21 1.127362e+43
3.860000e-15 -3.401755e+21 1.157194e+43
3.865000e-15 -3.445355e+21 1.187047e+43
3.870000e-15 -3.488419e+21 1.216907e+43
3.875000e-15 -3.530942e+21 1.246755e+43
3.880000e-15 -3.572921e+21 1.276576e+43
3.885000e-15 -3.614353e+21 1.306354e+43
3.890000e-15 -3.655234e+21 1.336074e+43
3.895000e-15 -3.695562e+21 1.365718e+43
3.900000e-15 -3.735333e+21 1.395271e+43
3.905000e-15 -3.774544e+21 1.424718e+43
3.910000e-15 -3.813192e+21 1.454044e+43
3.915000e-15 -3.851275e+21 1.483232e+43
3.920000e-15 -3.888790e+21 1.512269e+43
3.925000e-15 -3.925733e+21 1.541138e+43
3.930000e-15 -3.962103e+21 1.569826e+43
3.935000e-15 -3.997896e+21 1.598317e+43
3.940000e-15 -4.033110e+21 1.626598e+43
3.945000e-15 -4.067743e+21 1.654654e+43
3.950000e-15 -4.101793e+21 1.682471e+43
3.955000e-15 -4.135256e+21 1.710035e+43
3.960000e-15 -4.168132e+21 1.737332e+43
3.965000e-15 -4.200417e+21 1.764350e+43
3.970000e-15 -4.232110e+21 1.791075e+43
3.975000e-15 -4.263208e+21 1.817495e+43
3.980000e-15 -4.293711e+21 1.843595e+43
3.985000e-15 -4.323615e+21 1.869365e+43
3.990000e-15 -4.352920e+21 1.894791e+43
3.995000e-15 -4.381623e+21 1.919862e+43
4.000000e-15 -4.409723e+21 1.944566e+43
4.005000e-15 -4.437219e+21 1.968891e+43
4.010000e-15 -4.464109e+21 1.992827e+43
4.015000e-15 -4.490391e+21 2.016361e+43
4.020000e-15 -4.516064e+21 2.039484e+43
4.025000e-15 -4.541128e+21 2.062184e+43
4.030000e-15 -4.565580e+21 2.084452e+43
4.035000e-15 -4.589420e+21 2.106278e+43
4.040000e-15 -4.612647e+21 2.127651e+43
4.045000e-15 -4.635260e+21 2.148563e+43
4.050000e-15 -4.657257e+21 2.169005e+43
4.055000e-15 -4.678639e+21 2.188967e+43
4.060000e-15 -4.699404e+21 2.208440e+43
4.065000e-15 -4.719552e+21 2.227417e+43
4.070000e-15 -4.739082e+21 2.245890e+43
4.075000e-15 -4.757994e+21 2.263851e+43
4.080000e-15 -4.776287e+21 2.281292e+43
4.085000e-15 -4.793960e+21 2.298206e+43
4.090000e-15 -4.811015e+21 2.314586e+43
4.095000e-15 -4.827449e+21 2.330426e+43
4.100000e-15 -4.843264e+21 2.345720e+43
4.105000e-15 -4.858458e+21 2.360462e+43
4.110000e-15 -4.873033e+21 2.374645e+43
4.115000e-15 -4.886987e+21 2.388265e+43
4.120000e-15 -4.900322e+21 2.401316e+43
4.125000e-15 -4.913037e+21 2.413794e+43
4.130000e-15 -4.925133e+21 2.425694e+43
4.135000e-15 -4.936610e+21 2.437011e+43
4.140000e-15 -4.947468e+21 2.447744e+43
4.145000e-15 -4.957707e+21 2.457886e+43
4.150000e-15 -4.967329e+21 2.467436e+43
4.155000e-15 -4.976334e+21 2.476390e+43
4.160000e-15 -4.984723e+21 2.484746e+43
4.165000e-15 -4.992495e+21 2.492501e+43
4.170000e-15 -4.999653e+21 2.499653e+43
4.175000e-15 -5.006197e+21 2.506200e+43
4.180000e-15 -5.012127e+21 2.512142e+43
4.185000e-15 -5.017446e+21 2.517476e+43
4.190000e-15 -5.022153e+21 2.522202e+43
4.195000e-15 -5.026250e+21 2.526319e+43
4.200000e-15 -5.029738e+21 2.529827e+43
4.205000e-15 -5.032619e+21 2.532726e+43
4.210000e-15 -5.034894e+21 2.535016e+43
4.215000e-15 -5.036564e+21 2.536698e+43
4.220000e-15 -5.037630e+21 2.537772e+43
4.225000e-15 -5.038095e+21 2.538240e+43
4.230000e-15 -5.037959e+21 2.538103e+43
4.235000e-15 -5.037224e+21 2.537363e+43
4.240000e-15 -5.035893e+21 2.536021e+43
4.245000e-15 -5.033966e+21 2.534081e+43
4.250000e-15 -5.031445e+21 2.531544e+43
4.255000e-15 -5.028333e+21 2.528413e+43
4.260000e-15 -5.024632e+21 2.524692e+43
4.265000e-15 -5.020342e+21 2.520384e+43
4.270000e-15 -5.015467e+21 2.515491e+43
4.275000e-15 -5.010009e+21 2.510019e+43
4.280000e-15 -5.003969e+21 2.503971e+43
4.285000e-15 -4.997350e+21 2.497351e+43
4.290000e-15 -4.990154e+21 2.490164e+43
4.295000e-15 -4.982384e+21 2.482415e+43
4.300000e-15 -4.974042e+21 2.474109e+43
4.305000e-15 -4.965130e+21 2.465251e+43
4.310000e-15 -4.955651e+21 2.455848e+43
4.315000e-15 -4.945607e+21 2.445903e+43
4.320000e-15 -4.935002e+21 2.435424e+43
4.325000e-15 -4.923837e+21 2.424417e+43
4.330000e-15 -4.912116e+21 2.412888e+43
4.335000e-15 -4.899841e+21 2.400844e+43
4.340000e-15 -4.887015e+21 2.388292e+43
4.345000e-15 -4.873642e+21 2.375238e+43
4.350000e-15 -4.859723e+21 2.361691e+43
4.355000e-15 -4.845262e+21 2.347657e+43
4.360000e-15 -4.830263e+21 2.333144e+43
4.365000e-15 -4.814727e+21 2.318160e+43
4.370000e-15 -4.798659e+21 2.302713e+43
4.375000e-15 -4.782061e+21 2.286811e+43
4.380000e-15 -4.764937e+21 2.270462e+43
4.385000e-15 -4.747290e+21 2.253676e+43
4.390000e-15 -4.729124e+21 2.236461e+43
4.395000e-15 -4.710441e+21 2.218825e+43
4.400000e-15 -4.691245e+21 2.200778e+43
4.405000e-15 -4.671541e+21 2.182329e+43
4.410000e-15 -4.651330e+21 2.163487e+43
4.415000e-15 -4.630618e+21 2.144262e+43
4.420000e-15 -4.609407e+21 2.124663e+43
4.425000e-15 -4.587701e+21 2.104700e+43
4.430000e-15 -4.565505e+21 2.084383e+43
4.435000e-15 -4.542821e+21 2.063722e+43
4.440000e-15 -4.519653e+21 2.042727e+43
4.445000e-15 -4.496006e+21 2.021407e+43
4.450000e-15 -4.471884e+21 1.999774e+43
4.455000e-15 -4.447289e+21 1.977838e+43
4.460000e-15 -4.422227e+21 1.955609e+43
4.465000e-15 -4.396701e+21 1.933098e+43
4.470000e-15 -4.370716e+21 1.910315e+43
4.475000e-15 -4.344274e+21 1.887272e+43
4.480000e-15 -4.317382e+21 1.863979e+43
4.485000e-15 -4.290042e+21 1.840446e+43
4.490000e-15 -4.262260e+21 1.816686e+43
4.495000e-15 -4.234038e+21 1.792708e+43
4.500000e-15 -4.205383e+21 1.768524e+43
4.505000e-15 -4.176297e+21 1.744146e+43
4.510000e-15 -4.146786e+21 1.719583e+43
4.515000e-15 -4.116853e+21 1.694848e+43
4.520000e-15 -4.086504e+21 1.669951e+43
4.525000e-15 -4.055742e+21 1.644904e+43
4.530000e-15 -4.024572e+21 1.619718e+43
4.535000e-15 -3.993000e+21 1.594405e+43
4.540000e-15 -3.961028e+21 1.568974e+43
4.545000e-15 -3.928663e+21 1.543439e+43
4.550000e-15 -3.895908e+21 1.517810e+43
4.555000e-15 -3.862769e+21 1.492098e+43
4.560000e-15 -3.829249e+21 1.466315e+43
4.565000e-15 -3.795355e+21 1.440472e+43
4.570000e-15 -3.761089e+21 1.414579e+43
4.575000e-15 -3.726459e+21 1.388649e+43
4.580000e-15 -3.691467e+21 1.362693e+43
4.585000e-15 -3.656120e+21 1.336721e+43
4.590000e-15 -3.620421e+21 1.310745e+43
4.595000e-15 -3.584377e+21 1.284776e+43
4.600000e-15 -3.547991e+21 1.258824e+43
4.605000e-15 -3.511269e+21 1.232901e+43
4.610000e-15 -3.474216e+21 1.207018e+43
4.615000e-15 -3.436837e+21 1.181185e+43
4.620000e-15 -3.399136e+21 1.155413e+43
4.625000e-15 -3.361120e+21 1.129713e+43
4.630000e-15 -3.322792e+21 1.104095e+43
4.635000e-15 -3.284159e+21 1.078570e+43
4.640000e-15 -3.245225e+21 1.053148e+43
4.645000e-15 -3.205995e+21 1.027840e+43
4.650000e-15 -3.166475e+21 1.002656e+43
4.655000e-15 -3.126670e+21 9.776064e+42
4.660000e-15 -3.086585e+21 9.527004e+42
4.665000e-15 -3.046225e+21 9.279484e+42
4.670000e-15 -3.005595e+21 9.033602e+42
4.675000e-15 -2.964702e+21 8.789455e+42
4.680000e-15 -2.923549e+21 8.547138e+42
4.685000e-15 -2.882143e+21 8.306747e+42
4.690000e-15 -2.840488e+21 8.068374e+42
4.695000e-15 -2.798591e+21 7.832111e+42
4.700000e-15 -2.756456e+21 7.598049e+42
4.705000e-15 -2.714089e+21 7.366277e+42
4.710000e-15 -2.671494e+21 7.136883e+42
4.715000e-15 -2.628679e+21 6.909952e+42
4.720000e-15 -2.585647e+21 6.685571e+42
4.725000e-15 -2.542405e+21 6.463822e+42
4.730000e-15 -2.498957e+21 6.244787e+42
4.735000e-15 -2.455310e+21 6.028547e+42
4.740000e-15 -2.411468e+21 5.815179e+42
4.745000e-15 -2.367438e+21 5.604761e+42
4.750000e-15 -2.323224e+21 5.397368e+42
4.755000e-15 -2.278832e+21 5.193074e+42
4.760000e-15 -2.234267e+21 4.991950e+42
4.765000e-15 -2.189536e+21 4.794067e+42
4.770000e-15 -2.144643e+21 4.599493e+42
4.775000e-15 -2.099594e+21 4.408295e+42
4.780000e-15 -2.054395e+21 4.220537e+42
4.785000e-15 -2.009050e+21 4.036282e+42
4.790000e-15 -1.963566e+21 3.855592e+42
4.795000e-15 -1.917948e+21 3.678525e+42
4.800000e-15 -1.872202e+21 3.505140e+42
4.805000e-15 -1.826333e+21 3.335491e+42
4.810000e-15 -1.780346e+21 3.169631e+42
4.815000e-15 -1.734247e+21 3.007613e+42
4.820000e-15 -1.688042e+21 2.849486e+42
4.825000e-15 -1.641736e+21 2.695298e+42
4.830000e-15 -1.595335e+21 2.545094e+42
4.835000e-15 -1.548844e+21 2.398918e+42
4.840000e-15 -1.502269e+21 2.256811e+42
4.845000e-15 -1.455614e+21 2.118813e+42
4.850000e-15 -1.408887e+21 1.984962e+42
4.855000e-15 -1.362092e+21 1.855293e+42
4.860000e-15 -1.315234e+21 1.729840e+42
4.865000e-15 -1.268320e+21 1.608635e+42
4.870000e-15 -1.221354e+21 1.491705e+42
4.875000e-15 -1.174342e+21 1.379080e+42
4.880000e-15 -1.127290e+21 1.270784e+42
4.885000e-15 -1.080204e+21 1.166840e+42
4.890000e-15 -1.033087e+21 1.067269e+42
4.895000e-15 -9.859471e+20 9.720916e+41
4.900000e-15 -9.387883e+20 8.813235e+41
4.905000e-15 -8.916164e+20 7.949799e+41
4.910000e-15 -8.444369e+20 7.130736e+41
4.915000e-15 -7.972551e+20 6.356156e+41
4.920000e-15 -7.500764e+20 5.626145e+41
4.925000e-15 -7.029062e+20 4.940771e+41
4.930000e-15 -6.557499e+20 4.300079e+41
4.935000e-15 -6.086129e+20 3.704096e+41
4.940000e-15 -5.615005e+20 3.152828e+41
4.945000e-15 -5.144180e+20 2.646259e+41
4.950000e-15 -4.673708e+20 2.184355e+41
4.955000e-15 -4.203642e+20 1.767061e+41
4.960000e-15 -3.734035e+20 1.394301e+41
4.965000e-15 -3.264939e+20 1.065982e+41
4.970000e-15 -2.796407e+20 7.819891e+40
4.975000e-15 -2.328491e+20 5.421872e+40
4.980000e-15 -1.861245e+20 3.464231e+40
4.985000e-15 -1.394719e+20 1.945240e+40
4.990000e-15 -9.289654e+19 8.629766e+39
4.995000e-15 -4.640365e+19 2.153299e+39
5.000000e-15 1.649753e+15 2.721685e+30
