0.000000e+00 nan nan
5.000000e-18 2.826328e+19 7.988132e+38
1.000000e-17 1.129988e+20 1.276873e+40
1.500000e-17 2.540435e+20 6.453811e+40
2.000000e-17 4.511261e+20 2.035148e+41
2.500000e-17 7.038672e+20 4.954290e+41
3.000000e-17 1.011780e+21 1.023699e+42
3.500000e-17 1.374271e+21 1.888620e+42
4.000000e-17 1.790640e+21 3.206392e+42
4.500000e-17 2.260083e+21 5.107977e+42
5.000000e-17 2.781693e+21 7.737814e+42
5.500000e-17 3.354457e+21 1.125238e+43
6.000000e-17 3.977264e+21 1.581863e+43
6.500000e-17 4.648903e+21 2.161229e+43
7.000000e-17 5.368063e+21 2.881610e+43
7.500000e-17 6.133339e+21 3.761785e+43
8.000000e-17 6.943230e+21 4.820845e+43
8.500000e-17 7.796144e+21 6.077986e+43
9.000000e-17 8.690396e+21 7.552298e+43
9.500000e-17 9.624214e+21 9.262549e+43
1.000000e-16 1.059574e+22 1.122697e+44
1.050000e-16 1.160303e+22 1.346302e+44
1.100000e-16 1.264405e+22 1.598721e+44
1.150000e-16 1.371671e+22 1.881481e+44
1.200000e-16 1.481881e+22 2.195971e+44
1.250000e-16 1.594809e+22 2.543417e+44
1.300000e-16 1.710222e+22 2.924861e+44
1.350000e-16 1.827879e+22 3.341141e+44
1.400000e-16 1.947531e+22 3.792878e+44
1.450000e-16 2.068924e+22 4.280448e+44
1.500000e-16 2.191793e+22 4.803956e+44
1.550000e-16 2.315857e+22 5.363193e+44
1.600000e-16 2.440867e+22 5.957832e+44
1.650000e-16 2.566517e+22 6.587012e+44
1.700000e-16 2.692586e+22 7.250020e+44
1.750000e-16 2.818659e+22 7.944838e+44
1.800000e-16 2.944313e+22 8.668979e+44
1.850000e-16 3.069531e+22 9.422024e+44
1.900000e-16 3.193544e+22 1.019873e+45
1.950000e-16 3.316562e+22 1.099958e+45
2.000000e-16 3.441479e+22 1.184378e+45
2.050000e-16 3.561575e+22 1.268482e+45
2.100000e-16 3.679427e+22 1.353818e+45
2.150000e-16 3.847477e+22 1.480308e+45
2.200000e-16 3.968790e+22 1.575130e+45
2.250000e-16 4.088091e+22 1.671249e+45
2.300000e-16 4.201790e+22 1.765504e+45
2.350000e-16 4.315843e+22 1.862650e+45
2.400000e-16 4.427130e+22 1.959948e+45
2.450000e-16 4.535427e+22 2.057010e+45
2.500000e-16 4.641038e+22 2.153923e+45
2.550000e-16 4.742779e+22 2.249395e+45
2.600000e-16 4.840899e+22 2.343430e+45
2.650000e-16 4.935197e+22 2.435617e+45
2.700000e-16 5.025556e+22 2.525622e+45
2.750000e-16 5.111646e+22 2.612893e+45
2.800000e-16 5.193355e+22 2.697093e+45
2.850000e-16 5.270511e+22 2.777828e+45
2.900000e-16 5.342950e+22 2.854712e+45
2.950000e-16 5.410457e+22 2.927305e+45
3.000000e-16 5.472999e+22 2.995372e+45
3.050000e-16 5.530384e+22 3.058515e+45
3.100000e-16 5.582483e+22 3.116411e+45
3.150000e-16 5.629176e+22 3.168762e+45
3.200000e-16 5.670358e+22 3.215296e+45
3.250000e-16 5.705922e+22 3.255754e+45
3.300000e-16 5.735779e+22 3.289916e+45
3.350000e-16 5.759851e+22 3.317589e+45
3.400000e-16 5.778068e+22 3.338607e+45
3.450000e-16 5.790369e+22 3.352838e+45
3.500000e-16 5.796706e+22 3.360181e+45
3.550000e-16 5.797041e+22 3.360568e+45
3.600000e-16 5.791351e+22 3.353975e+45
3.650000e-16 5.779607e+22 3.340386e+45
3.700000e-16 5.761809e+22 3.319844e+45
3.750000e-16 5.737959e+22 3.292417e+45
3.800000e-16 5.708073e+22 3.258210e+45
3.850000e-16 5.672176e+22 3.217358e+45
3.900000e-16 5.630303e+22 3.170031e+45
3.950000e-16 5.582501e+22 3.116432e+45
4.000000e-16 5.528824e+22 3.056789e+45
4.050000e-16 5.469343e+22 2.991371e+45
4.100000e-16 5.404132e+22 2.920464e+45
4.150000e-16 5.333279e+22 2.844387e+45
4.200000e-16 5.256880e+22 2.763479e+45
4.250000e-16 5.175042e+22 2.678106e+45
4.300000e-16 5.087879e+22 2.588651e+45
4.350000e-16 4.995517e+22 2.495519e+45
4.400000e-16 4.898090e+22 2.399128e+45
4.450000e-16 4.795739e+22 2.299911e+45
4.500000e-16 4.688615e+22 2.198311e+45
4.550000e-16 4.576878e+22 2.094781e+45
4.600000e-16 4.460694e+22 1.989779e+45
4.650000e-16 4.340237e+22 1.883766e+45
4.700000e-16 4.215689e+22 1.777203e+45
4.750000e-16 4.087237e+22 1.670551e+45
4.800000e-16 3.955077e+22 1.564263e+45
4.850000e-16 3.819409e+22 1.458788e+45
4.900000e-16 3.680439e+22 1.354563e+45
4.950000e-16 3.538380e+22 1.252013e+45
5.000000e-16 3.393448e+22 1.151549e+45
5.050000e-16 3.245865e+22 1.053564e+45
5.100000e-16 3.095856e+22 9.584324e+44
5.150000e-16 2.943650e+22 8.665076e+44
5.200000e-16 2.789480e+22 7.781198e+44
5.250000e-16 2.633581e+22 6.935749e+44
5.300000e-16 2.476191e+22 6.131523e+44
5.350000e-16 2.317550e+22 5.371040e+44
5.400000e-16 2.157900e+22 4.656533e+44
5.450000e-16 1.997482e+22 3.989936e+44
5.500000e-16 1.836541e+22 3.372883e+44
5.550000e-16 1.675319e+22 2.806694e+44
5.600000e-16 1.514060e+22 2.292378e+44
5.650000e-16 1.353007e+22 1.830628e+44
5.700000e-16 1.192401e+22 1.421820e+44
5.750000e-16 1.032482e+22 1.066020e+44
5.800000e-16 8.734895e+21 7.629839e+43
5.850000e-16 7.156580e+21 5.121663e+43
5.900000e-16 5.592209e+21 3.127281e+43
5.950000e-16 4.044083e+21 1.635461e+43
6.000000e-16 2.514464e+21 6.322529e+42
6.050000e-16 1.005575e+21 1.011181e+42
6.100000e-16 -4.804048e+20 2.307888e+41
6.150000e-16 -1.941343e+21 3.768813e+42
6.200000e-16 -3.375159e+21 1.139170e+43
6.250000e-16 -4.779828e+21 2.284676e+43
6.300000e-16 -6.153381e+21 3.786410e+43
6.350000e-16 -7.493914e+21 5.615875e+43
6.400000e-16 -8.799585e+21 7.743269e+43
6.450000e-16 -1.006862e+22 1.013771e+44
6.500000e-16 -1.129932e+22 1.276746e+44
6.550000e-16 -1.249006e+22 1.560015e+44
6.600000e-16 -1.363927e+22 1.860298e+44
6.650000e-16 -1.474550e+22 2.174299e+44
6.700000e-16 -1.580736e+22 2.498725e+44
6.750000e-16 -1.682352e+22 2.830307e+44
6.800000e-16 -1.779277e+22 3.165827e+44
6.850000e-16 -1.871398e+22 3.502130e+44
6.900000e-16 -1.958610e+22 3.836152e+44
6.950000e-16 -2.040817e+22 4.164934e+44
7.000000e-16 -2.117934e+22 4.485643e+44
7.050000e-16 -2.189883e+22 4.795586e+44
7.100000e-16 -2.256596e+22 5.092227e+44
7.150000e-16 -2.318017e+22 5.373203e+44
7.200000e-16 -2.374096e+22 5.636332e+44
7.250000e-16 -2.424795e+22 5.879629e+44
7.300000e-16 -2.470084e+22 6.101313e+44
7.350000e-16 -2.509944e+22 6.299817e+44
7.400000e-16 -2.544365e+22 6.473791e+44
7.450000e-16 -2.573346e+22 6.622112e+44
7.500000e-16 -2.596898e+22 6.743881e+44
7.550000e-16 -2.615039e+22 6.838430e+44
7.600000e-16 -2.627797e+22 6.905319e+44
7.650000e-16 -2.635210e+22 6.944334e+44
7.700000e-16 -2.637325e+22 6.955483e+44
7.750000e-16 -2.634197e+22 6.938995e+44
7.800000e-16 -2.625892e+22 6.895308e+44
7.850000e-16 -2.612483e+22 6.825066e+44
7.900000e-16 -2.594052e+22 6.729104e+44
7.950000e-16 -2.570690e+22 6.608445e+44
8.000000e-16 -2.542495e+22 6.464281e+44
8.050000e-16 -2.509575e+22 6.297967e+44
8.100000e-16 -2.472044e+22 6.111001e+44
8.150000e-16 -2.430024e+22 5.905016e+44
8.200000e-16 -2.383644e+22 5.681756e+44
8.250000e-16 -2.333039e+22 5.443072e+44
8.300000e-16 -2.278354e+22 5.190896e+44
8.350000e-16 -2.219736e+22 4.927229e+44
8.400000e-16 -2.157341e+22 4.654122e+44
8.450000e-16 -2.091330e+22 4.373662e+44
8.500000e-16 -2.021869e+22 4.087952e+44
8.550000e-16 -1.949128e+22 3.799099e+44
8.600000e-16 -1.873284e+22 3.509191e+44
8.650000e-16 -1.794516e+22 3.220288e+44
8.700000e-16 -1.713009e+22 2.934400e+44
8.750000e-16 -1.628951e+22 2.653481e+44
8.800000e-16 -1.542532e+22 2.379404e+44
8.850000e-16 -1.453945e+22 2.113957e+44
8.900000e-16 -1.363388e+22 1.858828e+44
8.950000e-16 -1.271059e+22 1.615590e+44
9.000000e-16 -1.177156e+22 1.385696e+44
9.050000e-16 -1.081882e+22 1.170468e+44
9.100000e-16 -9.854381e+21 9.710883e+43
9.150000e-16 -8.880276e+21 7.885930e+43
9.200000e-16 -7.898529e+21 6.238677e+43
9.250000e-16 -6.911167e+21 4.776422e+43
9.300000e-16 -5.920206e+21 3.504884e+43
9.350000e-16 -4.927656e+21 2.428179e+43
9.400000e-16 -3.935511e+21 1.548825e+43
9.450000e-16 -2.945748e+21 8.677434e+42
9.500000e-16 -1.960323e+21 3.842867e+42
9.550000e-16 -9.811661e+20 9.626870e+41
9.600000e-16 -1.017934e+19 1.036189e+38
9.650000e-16 9.507669e+20 9.039577e+41
9.700000e-16 1.899838e+21 3.609383e+42
9.750000e-16 2.835236e+21 8.038565e+42
9.800000e-16 3.755208e+21 1.410159e+43
9.850000e-16 4.658044e+21 2.169738e+43
9.900000e-16 5.542082e+21 3.071467e+43
9.950000e-16 6.405710e+21 4.103313e+43
1.000000e-15 7.247372e+21 5.252440e+43
1.005000e-15 8.065566e+21 6.505336e+43
1.010000e-15 8.858850e+21 7.847922e+43
1.015000e-15 9.625842e+21 9.265683e+43
1.020000e-15 1.036522e+22 1.074379e+44
1.025000e-15 1.107574e+22 1.226721e+44
1.030000e-15 1.175622e+22 1.382087e+44
1.035000e-15 1.240553e+22 1.538972e+44
1.040000e-15 1.302264e+22 1.695890e+44
1.045000e-15 1.360656e+22 1.851386e+44
1.050000e-15 1.415642e+22 2.004042e+44
1.055000e-15 1.467137e+22 2.152492e+44
1.060000e-15 1.515069e+22 2.295434e+44
1.065000e-15 1.559370e+22 2.431633e+44
1.070000e-15 1.599980e+22 2.559936e+44
1.075000e-15 1.636850e+22 2.679277e+44
1.080000e-15 1.669935e+22 2.788682e+44
1.085000e-15 1.699201e+22 2.887283e+44
1.090000e-15 1.724620e+22 2.974314e+44
1.095000e-15 1.746173e+22 3.049121e+44
1.100000e-15 1.763849e+22 3.111165e+44
1.105000e-15 1.777645e+22 3.160022e+44
1.110000e-15 1.787565e+22 3.195388e+44
1.115000e-15 1.793621e+22 3.217077e+44
1.120000e-15 1.795834e+22 3.225019e+44
1.125000e-15 1.794231e+22 3.219264e+44
1.130000e-15 1.788847e+22 3.199974e+44
1.135000e-15 1.779726e+22 3.167424e+44
1.140000e-15 1.766917e+22 3.121995e+44
1.145000e-15 1.750477e+22 3.064170e+44
1.150000e-15 1.730471e+22 2.994529e+44
1.155000e-15 1.706969e+22 2.913742e+44
1.160000e-15 1.680049e+22 2.822564e+44
1.165000e-15 1.649794e+22 2.721822e+44
1.170000e-15 1.616296e+22 2.612413e+44
1.175000e-15 1.579649e+22 2.495292e+44
1.180000e-15 1.539957e+22 2.371467e+44
1.185000e-15 1.497325e+22 2.241982e+44
1.190000e-15 1.451867e+22 2.107917e+44
1.195000e-15 1.403700e+22 1.970372e+44
1.200000e-15 1.352946e+22 1.830462e+44
1.205000e-15 1.299732e+22 1.689302e+44
1.210000e-15 1.244188e+22 1.548004e+44
1.215000e-15 1.186450e+22 1.407664e+44
1.220000e-15 1.126656e+22 1.269353e+44
1.225000e-15 1.064946e+22 1.134110e+44
1.230000e-15 1.001465e+22 1.002932e+44
1.235000e-15 9.363606e+21 8.767712e+43
1.240000e-15 8.697814e+21 7.565197e+43
1.245000e-15 8.018788e+21 6.430096e+43
1.250000e-15 7.328055e+21 5.370040e+43
1.255000e-15 6.627160e+21 4.391925e+43
1.260000e-15 5.917652e+21 3.501861e+43
1.265000e-15 5.201093e+21 2.705137e+43
1.270000e-15 4.479044e+21 2.006183e+43
1.275000e-15 3.753067e+21 1.408551e+43
1.280000e-15 3.024725e+21 9.148959e+42
1.285000e-15 2.295569e+21 5.269639e+42
1.290000e-15 1.567147e+21 2.455949e+42
1.295000e-15 8.409889e+20 7.072624e+41
1.300000e-15 1.186135e+20 1.406917e+40
1.305000e-15 -5.984807e+20 3.581791e+41
1.310000e-15 -1.308816e+21 1.713000e+42
1.315000e-15 -2.010940e+21 4.043880e+42
1.320000e-15 -2.703426e+21 7.308512e+42
1.325000e-15 -3.384878e+21 1.145740e+43
1.330000e-15 -4.053933e+21 1.643437e+43
1.335000e-15 -4.709262e+21 2.217714e+43
1.340000e-15 -5.349574e+21 2.861794e+43
1.345000e-15 -5.973620e+21 3.568414e+43
1.350000e-15 -6.580192e+21 4.329892e+43
1.355000e-15 -7.168126e+21 5.138203e+43
1.360000e-15 -7.736306e+21 5.985043e+43
1.365000e-15 -8.283666e+21 6.861911e+43
1.370000e-15 -8.809188e+21 7.760179e+43
1.375000e-15 -9.311908e+21 8.671164e+43
1.380000e-15 -9.790918e+21 9.586208e+43
1.385000e-15 -1.024536e+22 1.049675e+44
1.390000e-15 -1.067445e+22 1.139439e+44
1.395000e-15 -1.107744e+22 1.227096e+44
1.400000e-15 -1.145365e+22 1.311860e+44
1.405000e-15 -1.180246e+22 1.392981e+44
1.410000e-15 -1.212333e+22 1.469751e+44
1.415000e-15 -1.241575e+22 1.541510e+44
1.420000e-15 -1.267931e+22 1.607649e+44
1.425000e-15 -1.291362e+22 1.667617e+44
1.430000e-15 -1.311840e+22 1.720924e+44
1.435000e-15 -1.329340e+22 1.767144e+44
1.440000e-15 -1.343845e+22 1.805918e+44
1.445000e-15 -1.355343e+22 1.836955e+44
1.450000e-15 -1.363832e+22 1.860037e+44
1.455000e-15 -1.369311e+22 1.875014e+44
1.460000e-15 -1.371791e+22 1.881810e+44
1.465000e-15 -1.371285e+22 1.880422e+44
1.470000e-15 -1.367814e+22 1.870915e+44
1.475000e-15 -1.361405e+22 1.853423e+44
1.480000e-15 -1.352091e+22 1.828150e+44
1.485000e-15 -1.339911e+22 1.795362e+44
1.490000e-15 -1.324910e+22 1.755387e+44
1.495000e-15 -1.307139e+22 1.708612e+44
1.500000e-15 -1.286652e+22 1.655475e+44
1.505000e-15 -1.263513e+22 1.596465e+44
1.510000e-15 -1.237787e+22 1.532117e+44
1.515000e-15 -1.209547e+22 1.463003e+44
1.520000e-15 -1.178868e+22 1.389731e+44
1.525000e-15 -1.145833e+22 1.312934e+44
1.530000e-15 -1.110528e+22 1.233273e+44
1.535000e-15 -1.073042e+22 1.151420e+44
1.540000e-15 -1.033471e+22 1.068061e+44
1.545000e-15 -9.919110e+21 9.838874e+43
1.550000e-15 -9.484655e+21 8.995868e+43
1.555000e-15 -9.032392e+21 8.158411e+43
1.560000e-15 -8.563406e+21 7.333193e+43
1.565000e-15 -8.078810e+21 6.526717e+43
1.570000e-15 -7.579743e+21 5.745251e+43
1.575000e-15 -7.067370e+21 4.994771e+43
1.580000e-15 -6.542874e+21 4.280921e+43
1.585000e-15 -6.007462e+21 3.608960e+43
1.590000e-15 -5.462352e+21 2.983729e+43
1.595000e-15 -4.908779e+21 2.409611e+43
1.600000e-15 -4.347986e+21 1.890498e+43
1.605000e-15 -3.781227e+21 1.429768e+43
1.610000e-15 -3.209760e+21 1.030256e+43
1.615000e-15 -2.634846e+21 6.942412e+42
1.620000e-15 -2.057744e+21 4.234312e+42
1.625000e-15 -1.479715e+21 2.189555e+42
1.630000e-15 -9.020091e+20 8.136204e+41
1.635000e-15 -3.258728e+20 1.061931e+41
1.640000e-15 2.474600e+20 6.123646e+40
1.645000e-15 8.167680e+20 6.671099e+41
1.650000e-15 1.380845e+21 1.906734e+42
1.655000e-15 1.938505e+21 3.757801e+42
1.660000e-15 2.488579e+21 6.193027e+42
1.665000e-15 3.029925e+21 9.180444e+42
1.670000e-15 3.561422e+21 1.268373e+43
1.675000e-15 4.081980e+21 1.666256e+43
1.680000e-15 4.590537e+21 2.107303e+43
1.685000e-15 5.086062e+21 2.586802e+43
1.690000e-15 5.567559e+21 3.099772e+43
1.695000e-15 6.034069e+21 3.640998e+43
1.700000e-15 6.484666e+21 4.205090e+43
1.705000e-15 6.918469e+21 4.786521e+43
1.710000e-15 7.334634e+21 5.379685e+43
1.715000e-15 7.732360e+21 5.978939e+43
1.720000e-15 8.110892e+21 6.578657e+43
1.725000e-15 8.469519e+21 7.173276e+43
1.730000e-15 8.807577e+21 7.757342e+43
1.735000e-15 9.124450e+21 8.325559e+43
1.740000e-15 9.419571e+21 8.872831e+43
1.745000e-15 9.692421e+21 9.394303e+43
1.750000e-15 9.942536e+21 9.885402e+43
1.755000e-15 1.016950e+22 1.034187e+44
1.760000e-15 1.037295e+22 1.075980e+44
1.765000e-15 1.055257e+22 1.113568e+44
1.770000e-15 1.070811e+22 1.146637e+44
1.775000e-15 1.083937e+22 1.174919e+44
1.780000e-15 1.094619e+22 1.198190e+44
1.785000e-15 1.102847e+22 1.216272e+44
1.790000e-15 1.108618e+22 1.229034e+44
1.795000e-15 1.111932e+22 1.236392e+44
1.800000e-15 1.112795e+22 1.238312e+44
1.805000e-15 1.111219e+22 1.234807e+44
1.810000e-15 1.107220e+22 1.225936e+44
1.815000e-15 1.100821e+22 1.211807e+44
1.820000e-15 1.092048e+22 1.192568e+44
1.825000e-15 1.080933e+22 1.168416e+44
1.830000e-15 1.067513e+22 1.139583e+44
1.835000e-15 1.051829e+22 1.106344e+44
1.840000e-15 1.033928e+22 1.069006e+44
1.845000e-15 1.013860e+22 1.027911e+44
1.850000e-15 9.916802e+21 9.834296e+43
1.855000e-15 9.674487e+21 9.359570e+43
1.860000e-15 9.412287e+21 8.859114e+43
1.865000e-15 9.130877e+21 8.337292e+43
1.870000e-15 8.830972e+21 7.798607e+43
1.875000e-15 8.513320e+21 7.247662e+43
1.880000e-15 8.178707e+21 6.689124e+43
1.885000e-15 7.827948e+21 6.127678e+43
1.890000e-15 7.461893e+21 5.567984e+43
1.895000e-15 7.081416e+21 5.014646e+43
1.900000e-15 6.687423e+21 4.472162e+43
1.905000e-15 6.280840e+21 3.944895e+43
1.910000e-15 5.862618e+21 3.437029e+43
1.915000e-15 5.433727e+21 2.952539e+43
1.920000e-15 4.995158e+21 2.495161e+43
1.925000e-15 4.547915e+21 2.068353e+43
1.930000e-15 4.093017e+21 1.675279e+43
1.935000e-15 3.631494e+21 1.318775e+43
1.940000e-15 3.164386e+21 1.001334e+43
1.945000e-15 2.692739e+21 7.250842e+42
1.950000e-15 2.217604e+21 4.917767e+42
1.955000e-15 1.740035e+21 3.027721e+42
1.960000e-15 1.261085e+21 1.590335e+42
1.965000e-15 7.818051e+20 6.112192e+41
1.970000e-15 3.032427e+20 9.195614e+40
1.975000e-15 -1.735624e+20 3.012389e+40
1.980000e-15 -6.475789e+20 4.193584e+41
1.985000e-15 -1.117787e+21 1.249447e+42
1.990000e-15 -1.583179e+21 2.506457e+42
1.995000e-15 -2.042765e+21 4.172888e+42
2.000000e-15 -2.495569e+21 6.227865e+42
2.005000e-15 -2.940638e+21 8.647351e+42
2.010000e-15 -3.377038e+21 1.140438e+43
2.015000e-15 -3.803859e+21 1.446934e+43
2.020000e-15 -4.220216e+21 1.781022e+43
2.025000e-15 -4.625252e+21 2.139296e+43
2.030000e-15 -5.018138e+21 2.518171e+43
2.035000e-15 -5.398075e+21 2.913922e+43
2.040000e-15 -5.764297e+21 3.322711e+43
2.045000e-15 -6.116069e+21 3.740630e+43
2.050000e-15 -6.452694e+21 4.163726e+43
2.055000e-15 -6.773509e+21 4.588043e+43
2.060000e-15 -7.077891e+21 5.009654e+43
2.065000e-15 -7.365252e+21 5.424694e+43
2.070000e-15 -7.635047e+21 5.829394e+43
2.075000e-15 -7.886770e+21 6.220113e+43
2.080000e-15 -8.119957e+21 6.593370e+43
2.085000e-15 -8.334187e+21 6.945867e+43
2.090000e-15 -8.529082e+21 7.274524e+43
2.095000e-15 -8.704307e+21 7.576496e+43
2.100000e-15 -8.859573e+21 7.849204e+43
2.105000e-15 -8.994634e+21 8.090345e+43
2.110000e-15 -9.109291e+21 8.297918e+43
2.115000e-15 -9.203387e+21 8.470234e+43
2.120000e-15 -9.276815e+21 8.605929e+43
2.125000e-15 -9.329509e+21 8.703974e+43
2.130000e-15 -9.361452e+21 8.763679e+43
2.135000e-15 -9.372671e+21 8.784696e+43
2.140000e-15 -9.363236e+21 8.767020e+43
2.145000e-15 -9.333265e+21 8.710984e+43
2.150000e-15 -9.282918e+21 8.617257e+43
2.155000e-15 -9.212399e+21 8.486830e+43
2.160000e-15 -9.121956e+21 8.321007e+43
2.165000e-15 -9.011877e+21 8.121392e+43
2.170000e-15 -8.882493e+21 7.889869e+43
2.175000e-15 -8.734177e+21 7.628584e+43
2.180000e-15 -8.567338e+21 7.339928e+43
2.185000e-15 -8.382427e+21 7.026508e+43
2.190000e-15 -8.179930e+21 6.691126e+43
2.195000e-15 -7.960370e+21 6.336749e+43
2.200000e-15 -7.724305e+21 5.966489e+43
2.205000e-15 -7.472326e+21 5.583566e+43
2.210000e-15 -7.205056e+21 5.191283e+43
2.215000e-15 -6.923149e+21 4.793000e+43
2.220000e-15 -6.627288e+21 4.392095e+43
2.225000e-15 -6.318183e+21 3.991944e+43
2.230000e-15 -5.996570e+21 3.595885e+43
2.235000e-15 -5.663208e+21 3.207192e+43
2.240000e-15 -5.318880e+21 2.829048e+43
2.245000e-15 -4.964388e+21 2.464515e+43
2.250000e-15 -4.600554e+21 2.116509e+43
2.255000e-15 -4.228215e+21 1.787780e+43
2.260000e-15 -3.848224e+21 1.480883e+43
2.265000e-15 -3.461447e+21 1.198162e+43
2.270000e-15 -3.068761e+21 9.417295e+42
2.275000e-15 -2.671052e+21 7.134516e+42
2.280000e-15 -2.269211e+21 5.149321e+42
2.285000e-15 -1.864139e+21 3.475014e+42
2.290000e-15 -1.456735e+21 2.122077e+42
2.295000e-15 -1.047902e+21 1.098100e+42
2.300000e-15 -6.385425e+20 4.077365e+41
2.305000e-15 -2.295540e+20 5.269505e+40
2.310000e-15 1.781687e+20 3.174409e+40
2.315000e-15 5.837381e+20 3.407502e+41
2.320000e-15 9.862753e+20 9.727389e+41
2.325000e-15 1.384911e+21 1.917980e+42
2.330000e-15 1.778790e+21 3.164094e+42
2.335000e-15 2.167069e+21 4.696188e+42
2.340000e-15 2.548922e+21 6.497001e+42
2.345000e-15 2.923539e+21 8.547078e+42
2.350000e-15 3.290130e+21 1.082496e+43
2.355000e-15 3.647928e+21 1.330738e+43
2.360000e-15 3.996185e+21 1.596950e+43
2.365000e-15 4.334179e+21 1.878511e+43
2.370000e-15 4.661212e+21 2.172690e+43
2.375000e-15 4.976616e+21 2.476670e+43
2.380000e-15 5.279746e+21 2.787572e+43
2.385000e-15 5.569992e+21 3.102481e+43
2.390000e-15 5.846771e+21 3.418473e+43
2.395000e-15 6.109533e+21 3.732640e+43
2.400000e-15 6.357762e+21 4.042114e+43
2.405000e-15 6.590973e+21 4.344093e+43
2.410000e-15 6.808719e+21 4.635866e+43
2.415000e-15 7.010587e+21 4.914833e+43
2.420000e-15 7.196201e+21 5.178530e+43
2.425000e-15 7.365220e+21 5.424647e+43
2.430000e-15 7.517344e+21 5.651046e+43
2.435000e-15 7.652308e+21 5.855782e+43
2.440000e-15 7.769889e+21 6.037117e+43
2.445000e-15 7.869899e+21 6.193531e+43
2.450000e-15 7.952192e+21 6.323735e+43
2.455000e-15 8.016660e+21 6.426683e+43
2.460000e-15 8.063234e+21 6.501574e+43
2.465000e-15 8.091886e+21 6.547862e+43
2.470000e-15 8.102626e+21 6.565254e+43
2.475000e-15 8.095503e+21 6.553717e+43
2.480000e-15 8.070605e+21 6.513467e+43
2.485000e-15 8.028060e+21 6.444974e+43
2.490000e-15 7.968031e+21 6.348951e+43
2.495000e-15 7.890721e+21 6.226347e+43
2.500000e-15 7.796368e+21 6.078335e+43
2.505000e-15 7.685249e+21 5.906305e+43
2.510000e-15 7.557673e+21 5.711842e+43
2.515000e-15 7.413987e+21 5.496721e+43
2.520000e-15 7.254570e+21 5.262878e+43
2.525000e-15 7.079833e+21 5.012404e+43
2.530000e-15 6.890222e+21 4.747515e+43
2.535000e-15 6.686209e+21 4.470539e+43
2.540000e-15 6.468300e+21 4.183891e+43
2.545000e-15 6.237028e+21 3.890052e+43
2.550000e-15 5.992951e+21 3.591546e+43
2.555000e-15 5.736655e+21 3.290921e+43
2.560000e-15 5.468750e+21 2.990723e+43
2.565000e-15 5.189869e+21 2.693474e+43
2.570000e-15 4.900664e+21 2.401651e+43
2.575000e-15 4.601812e+21 2.117667e+43
2.580000e-15 4.294003e+21 1.843846e+43
2.585000e-15 3.977948e+21 1.582407e+43
2.590000e-15 3.654370e+21 1.335442e+43
2.595000e-15 3.324009e+21 1.104903e+43
2.600000e-15 2.987613e+21 8.925831e+42
2.605000e-15 2.645943e+21 7.001016e+42
2.610000e-15 2.299769e+21 5.288936e+42
2.615000e-15 1.949865e+21 3.801972e+42
2.620000e-15 1.597012e+21 2.550447e+42
2.625000e-15 1.241995e+21 1.542551e+42
2.630000e-15 8.855988e+20 7.842852e+41
2.635000e-15 5.286099e+20 2.794285e+41
2.640000e-15 1.718123e+20 2.951945e+40
2.645000e-15 -1.840137e+20 3.386104e+40
2.650000e-15 -5.380924e+20 2.895435e+41
2.655000e-15 -8.896554e+20 7.914867e+41
2.660000e-15 -1.237942e+21 1.532501e+42
2.665000e-15 -1.582203e+21 2.503367e+42
2.670000e-15 -1.921699e+21 3.692928e+42
2.675000e-15 -2.255706e+21 5.088208e+42
2.680000e-15 -2.583512e+21 6.674534e+42
2.685000e-15 -2.904424e+21 8.435676e+42
2.690000e-15 -3.217764e+21 1.035401e+43
2.695000e-15 -3.522877e+21 1.241066e+43
2.700000e-15 -3.819124e+21 1.458571e+43
2.705000e-15 -4.105891e+21 1.685834e+43
2.710000e-15 -4.382585e+21 1.920705e+43
2.715000e-15 -4.648638e+21 2.160984e+43
2.720000e-15 -4.903509e+21 2.404440e+43
2.725000e-15 -5.146681e+21 2.648832e+43
2.730000e-15 -5.377664e+21 2.891927e+43
2.735000e-15 -5.596000e+21 3.131522e+43
2.740000e-15 -5.801258e+21 3.365459e+43
2.745000e-15 -5.993036e+21 3.591648e+43
2.750000e-15 -6.170964e+21 3.808080e+43
2.755000e-15 -6.334706e+21 4.012850e+43
2.760000e-15 -6.483954e+21 4.204167e+43
2.765000e-15 -6.618436e+21 4.380370e+43
2.770000e-15 -6.737912e+21 4.539946e+43
2.775000e-15 -6.842175e+21 4.681536e+43
2.780000e-15 -6.931054e+21 4.803950e+43
2.785000e-15 -7.004409e+21 4.906174e+43
2.790000e-15 -7.062137e+21 4.987378e+43
2.795000e-15 -7.104169e+21 5.046922e+43
2.800000e-15 -7.130470e+21 5.084360e+43
2.805000e-15 -7.141040e+21 5.099445e+43
2.810000e-15 -7.135912e+21 5.092125e+43
2.815000e-15 -7.115155e+21 5.062544e+43
2.820000e-15 -7.078871e+21 5.011042e+43
2.825000e-15 -7.027195e+21 4.938147e+43
2.830000e-15 -6.960295e+21 4.844570e+43
2.835000e-15 -6.878372e+21 4.731201e+43
2.840000e-15 -6.781660e+21 4.599092e+43
2.845000e-15 -6.670423e+21 4.449454e+43
2.850000e-15 -6.544956e+21 4.283645e+43
2.855000e-15 -6.405584e+21 4.103151e+43
2.860000e-15 -6.252662e+21 3.909578e+43
2.865000e-15 -6.086571e+21 3.704635e+43
2.870000e-15 -5.907722e+21 3.490118e+43
2.875000e-15 -5.716551e+21 3.267896e+43
2.880000e-15 -5.513519e+21 3.039889e+43
2.885000e-15 -5.299112e+21 2.808059e+43
2.890000e-15 -5.073839e+21 2.574384e+43
2.895000e-15 -4.838229e+21 2.340846e+43
2.900000e-15 -4.592835e+21 2.109413e+43
2.905000e-15 -4.338226e+21 1.882021e+43
2.910000e-15 -4.074991e+21 1.660555e+43
2.915000e-15 -3.803736e+21 1.446841e+43
2.920000e-15 -3.525080e+21 1.242619e+43
2.925000e-15 -3.239659e+21 1.049539e+43
2.930000e-15 -2.948118e+21 8.691401e+42
2.935000e-15 -2.651117e+21 7.028421e+42
2.940000e-15 -2.349322e+21 5.519314e+42
2.945000e-15 -2.043409e+21 4.175521e+42
2.950000e-15 -1.734061e+21 3.006967e+42
2.955000e-15 -1.421964e+21 2.021981e+42
2.960000e-15 -1.107809e+21 1.227241e+42
2.965000e-15 -7.922891e+20 6.277221e+41
2.970000e-15 -4.760979e+20 2.266692e+41
2.975000e-15 -1.599275e+20 2.557679e+40
2.980000e-15 1.555322e+20 2.419026e+40
2.985000e-15 4.695950e+20 2.205195e+41
2.990000e-15 7.815806e+20 6.108683e+41
2.995000e-15 1.090815e+21 1.189878e+42
3.000000e-15 1.396634e+21 1.950586e+42
3.005000e-15 1.698380e+21 2.884496e+42
3.010000e-15 1.995411e+21 3.981665e+42
3.015000e-15 2.287093e+21 5.230796e+42
3.020000e-15 2.572809e+21 6.619349e+42
3.025000e-15 2.851957e+21 8.133656e+42
3.030000e-15 3.123948e+21 9.759050e+42
3.035000e-15 3.388214e+21 1.148000e+43
3.040000e-15 3.644206e+21 1.328024e+43
3.045000e-15 3.891392e+21 1.514293e+43
3.050000e-15 4.129263e+21 1.705082e+43
3.055000e-15 4.357333e+21 1.898635e+43
3.060000e-15 4.575135e+21 2.093186e+43
3.065000e-15 4.782231e+21 2.286974e+43
3.070000e-15 4.978205e+21 2.478252e+43
3.075000e-15 5.162665e+21 2.665311e+43
3.080000e-15 5.335249e+21 2.846488e+43
3.085000e-15 5.495620e+21 3.020184e+43
3.090000e-15 5.643469e+21 3.184874e+43
3.095000e-15 5.778515e+21 3.339123e+43
3.100000e-15 5.900506e+21 3.481597e+43
3.105000e-15 6.009220e+21 3.611073e+43
3.110000e-15 6.104464e+21 3.726448e+43
3.115000e-15 6.186074e+21 3.826751e+43
3.120000e-15 6.253917e+21 3.911148e+43
3.125000e-15 6.307891e+21 3.978949e+43
3.130000e-15 6.347923e+21 4.029613e+43
3.135000e-15 6.373973e+21 4.062753e+43
3.140000e-15 6.386029e+21 4.078136e+43
3.145000e-15 6.384109e+21 4.075685e+43
3.150000e-15 6.368265e+21 4.055480e+43
3.155000e-15 6.338576e+21 4.017754e+43
3.160000e-15 6.295151e+21 3.962892e+43
3.165000e-15 6.238129e+21 3.891425e+43
3.170000e-15 6.167678e+21 3.804025e+43
3.175000e-15 6.083995e+21 3.701500e+43
3.180000e-15 5.987306e+21 3.584783e+43
3.185000e-15 5.877861e+21 3.454925e+43
3.190000e-15 5.755941e+21 3.313086e+43
3.195000e-15 5.621850e+21 3.160520e+43
3.200000e-15 5.475920e+21 2.998570e+43
3.205000e-15 5.318506e+21 2.828650e+43
3.210000e-15 5.149986e+21 2.652235e+43
3.215000e-15 4.970763e+21 2.470849e+43
3.220000e-15 4.781261e+21 2.286046e+43
3.225000e-15 4.581925e+21 2.099404e+43
3.230000e-15 4.373219e+21 1.912505e+43
3.235000e-15 4.155628e+21 1.726924e+43
3.240000e-15 3.929652e+21 1.544216e+43
3.245000e-15 3.695809e+21 1.365900e+43
3.250000e-15 3.454632e+21 1.193448e+43
3.255000e-15 3.206670e+21 1.028273e+43
3.260000e-15 2.952482e+21 8.717148e+42
3.265000e-15 2.692640e+21 7.250312e+42
3.270000e-15 2.427728e+21 5.893864e+42
3.275000e-15 2.158337e+21 4.658418e+42
3.280000e-15 1.885066e+21 3.553474e+42
3.285000e-15 1.608522e+21 2.587342e+42
3.290000e-15 1.329315e+21 1.767079e+42
3.295000e-15 1.048061e+21 1.098432e+42
3.300000e-15 7.653775e+20 5.858027e+41
3.305000e-15 4.818828e+20 2.322110e+41
3.310000e-15 1.981954e+20 3.928142e+40
3.315000e-15 -8.506759e+19 7.236494e+39
3.320000e-15 -3.672922e+20 1.349035e+41
3.325000e-15 -6.478684e+20 4.197335e+41
3.330000e-15 -9.261920e+20 8.578316e+41
3.335000e-15 -1.201665e+21 1.443999e+42
3.340000e-15 -1.473699e+21 2.171787e+42
3.345000e-15 -1.741712e+21 3.033560e+42
3.350000e-15 -2.005135e+21 4.020566e+42
3.355000e-15 -2.263410e+21 5.123025e+42
3.360000e-15 -2.515992e+21 6.330217e+42
3.365000e-15 -2.762350e+21 7.630578e+42
3.370000e-15 -3.001968e+21 9.011811e+42
3.375000e-15 -3.234346e+21 1.046099e+43
3.380000e-15 -3.459001e+21 1.196469e+43
3.385000e-15 -3.675469e+21 1.350907e+43
3.390000e-15 -3.883305e+21 1.508006e+43
3.395000e-15 -4.082085e+21 1.666341e+43
3.400000e-15 -4.271402e+21 1.824488e+43
3.405000e-15 -4.450877e+21 1.981030e+43
3.410000e-15 -4.620147e+21 2.134576e+43
3.415000e-15 -4.778877e+21 2.283766e+43
3.420000e-15 -4.926753e+21 2.427290e+43
3.425000e-15 -5.063488e+21 2.563891e+43
3.430000e-15 -5.188818e+21 2.692383e+43
3.435000e-15 -5.302504e+21 2.811655e+43
3.440000e-15 -5.404334e+21 2.920683e+43
3.445000e-15 -5.494124e+21 3.018540e+43
3.450000e-15 -5.571714e+21 3.104400e+43
3.455000e-15 -5.636971e+21 3.177544e+43
3.460000e-15 -5.689791e+21 3.237372e+43
3.465000e-15 -5.730095e+21 3.283399e+43
3.470000e-15 -5.757834e+21 3.315265e+43
3.475000e-15 -5.772983e+21 3.332734e+43
3.480000e-15 -5.775548e+21 3.335695e+43
3.485000e-15 -5.765558e+21 3.324166e+43
3.490000e-15 -5.743073e+21 3.298289e+43
3.495000e-15 -5.708178e+21 3.258330e+43
3.500000e-15 -5.660985e+21 3.204675e+43
3.505000e-15 -5.601632e+21 3.137828e+43
3.510000e-15 -5.530282e+21 3.058402e+43
3.515000e-15 -5.447126e+21 2.967119e+43
3.520000e-15 -5.352378e+21 2.864795e+43
3.525000e-15 -5.246277e+21 2.752342e+43
3.530000e-15 -5.129085e+21 2.630751e+43
3.535000e-15 -5.001089e+21 2.501089e+43
3.540000e-15 -4.862596e+21 2.364484e+43
3.545000e-15 -4.713938e+21 2.222122e+43
3.550000e-15 -4.555466e+21 2.075227e+43
3.555000e-15 -4.387551e+21 1.925061e+43
3.560000e-15 -4.210584e+21 1.772902e+43
3.565000e-15 -4.024975e+21 1.620042e+43
3.570000e-15 -3.831150e+21 1.467771e+43
3.575000e-15 -3.629552e+21 1.317365e+43
3.580000e-15 -3.420641e+21 1.170078e+43
3.585000e-15 -3.204890e+21 1.027132e+43
3.590000e-15 -2.982785e+21 8.897005e+42
3.595000e-15 -2.754826e+21 7.589064e+42
3.600000e-15 -2.521522e+21 6.358076e+42
3.605000e-15 -2.283396e+21 5.213896e+42
3.610000e-15 -2.040975e+21 4.165578e+42
3.615000e-15 -1.794797e+21 3.221295e+42
3.620000e-15 -1.545405e+21 2.388277e+42
3.625000e-15 -1.293349e+21 1.672753e+42
3.630000e-15 -1.039183e+21 1.079900e+42
3.635000e-15 -7.834610e+20 6.138111e+41
3.640000e-15 -5.267428e+20 2.774580e+41
3.645000e-15 -2.695866e+20 7.267693e+40
3.650000e-15 -1.255038e+19 1.575121e+38
3.655000e-15 2.438096e+20 5.944314e+40
3.660000e-15 4.989404e+20 2.489415e+41
3.665000e-15 7.522928e+20 5.659445e+41
3.670000e-15 1.003323e+21 1.006658e+42
3.675000e-15 1.251495e+21 1.566241e+42
3.680000e-15 1.496279e+21 2.238851e+42
3.685000e-15 1.737154e+21 3.017704e+42
3.690000e-15 1.973610e+21 3.895136e+42
3.695000e-15 2.205147e+21 4.862672e+42
3.700000e-15 2.431277e+21 5.911108e+42
3.705000e-15 2.651526e+21 7.030590e+42
3.710000e-15 2.865433e+21 8.210708e+42
3.715000e-15 3.072553e+21 9.440583e+42
3.720000e-15 3.272456e+21 1.070897e+43
3.725000e-15 3.464729e+21 1.200435e+43
3.730000e-15 3.648976e+21 1.331503e+43
3.735000e-15 3.824821e+21 1.462926e+43
3.740000e-15 3.991907e+21 1.593532e+43
3.745000e-15 4.149894e+21 1.722162e+43
3.750000e-15 4.298466e+21 1.847681e+43
3.755000e-15 4.437328e+21 1.968988e+43
3.760000e-15 4.566204e+21 2.085022e+43
3.765000e-15 4.684843e+21 2.194775e+43
3.770000e-15 4.793015e+21 2.297299e+43
3.775000e-15 4.890515e+21 2.391714e+43
3.780000e-15 4.977160e+21 2.477213e+43
3.785000e-15 5.052793e+21 2.553071e+43
3.790000e-15 5.117278e+21 2.618653e+43
3.795000e-15 5.170506e+21 2.673413e+43
3.800000e-15 5.212392e+21 2.716903e+43
3.805000e-15 5.242876e+21 2.748775e+43
3.810000e-15 5.261921e+21 2.768781e+43
3.815000e-15 5.269518e+21 2.776782e+43
3.820000e-15 5.265679e+21 2.772737e+43
3.825000e-15 5.250444e+21 2.756716e+43
3.830000e-15 5.223875e+21 2.728887e+43
3.835000e-15 5.186060e+21 2.689522e+43
3.840000e-15 5.137111e+21 2.638990e+43
3.845000e-15 5.077161e+21 2.577757e+43
3.850000e-15 5.006371e+21 2.506375e+43
3.855000e-15 4.924922e+21 2.425485e+43
3.860000e-15 4.833017e+21 2.335805e+43
3.865000e-15 4.730882e+21 2.238125e+43
3.870000e-15 4.618766e+21 2.133300e+43
3.875000e-15 4.496937e+21 2.022244e+43
3.880000e-15 4.365683e+21 1.905918e+43
3.885000e-15 4.225312e+21 1.785326e+43
3.890000e-15 4.076153e+21 1.661502e+43
3.895000e-15 3.918550e+21 1.535503e+43
3.900000e-15 3.752865e+21 1.408400e+43
3.905000e-15 3.579479e+21 1.281267e+43
3.910000e-15 3.398786e+21 1.155174e+43
3.915000e-15 3.211194e+21 1.031177e+43
3.920000e-15 3.017129e+21 9.103065e+42
3.925000e-15 2.817025e+21 7.935629e+42
3.930000e-15 2.611331e+21 6.819049e+42
3.935000e-15 2.400506e+21 5.762429e+42
3.940000e-15 2.185019e+21 4.774307e+42
3.945000e-15 1.965347e+21 3.862590e+42
3.950000e-15 1.741977e+21 3.034484e+42
3.955000e-15 1.515400e+21 2.296437e+42
3.960000e-15 1.286115e+21 1.654091e+42
3.965000e-15 1.054623e+21 1.112230e+42
3.970000e-15 8.214318e+20 6.747502e+41
3.975000e-15 5.870487e+20 3.446261e+41
3.980000e-15 3.519835e+20 1.238924e+41
3.985000e-15 1.167462e+20 1.362968e+40
3.990000e-15 -1.181544e+20 1.396045e+40
3.995000e-15 -3.522113e+20 1.240528e+41
4.000000e-15 -5.849209e+20 3.421325e+41
4.005000e-15 -8.157836e+20 6.655028e+41
4.010000e-15 -1.044305e+21 1.090573e+42
4.015000e-15 -1.269997e+21 1.612892e+42
4.020000e-15 -1.492379e+21 2.227194e+42
4.025000e-15 -1.710978e+21 2.927446e+42
4.030000e-15 -1.925332e+21 3.706904e+42
4.035000e-15 -2.134988e+21 4.558175e+42
4.040000e-15 -2.339505e+21 5.473283e+42
4.045000e-15 -2.538453e+21 6.443742e+42
4.050000e-15 -2.731416e+21 7.460631e+42
4.055000e-15 -2.917992e+21 8.514675e+42
4.060000e-15 -3.097793e+21 9.596323e+42
4.065000e-15 -3.270449e+21 1.069584e+43
4.070000e-15 -3.435603e+21 1.180337e+43
4.075000e-15 -3.592917e+21 1.290905e+43
4.080000e-15 -3.742070e+21 1.400309e+43
4.085000e-15 -3.882761e+21 1.507583e+43
4.090000e-15 -4.014705e+21 1.611786e+43
4.095000e-15 -4.137640e+21 1.712006e+43
4.100000e-15 -4.251321e+21 1.807373e+43
4.105000e-15 -4.355527e+21 1.897061e+43
4.110000e-15 -4.450054e+21 1.980298e+43
4.115000e-15 -4.534722e+21 2.056370e+43
4.120000e-15 -4.609373e+21 2.124631e+43
4.125000e-15 -4.673868e+21 2.184505e+43
4.130000e-15 -4.728095e+21 2.235488e+43
4.135000e-15 -4.771960e+21 2.277161e+43
4.140000e-15 -4.805395e+21 2.309182e+43
4.145000e-15 -4.828351e+21 2.331297e+43
4.150000e-15 -4.840805e+21 2.343339e+43
4.155000e-15 -4.842755e+21 2.345228e+43
4.160000e-15 -4.834222e+21 2.336971e+43
4.165000e-15 -4.815251e+21 2.318664e+43
4.170000e-15 -4.785907e+21 2.290491e+43
4.175000e-15 -4.746279e+21 2.252716e+43
4.180000e-15 -4.696477e+21 2.205689e+43
4.185000e-15 -4.636633e+21 2.149836e+43
4.190000e-15 -4.566900e+21 2.085657e+43
4.195000e-15 -4.487453e+21 2.013723e+43
4.200000e-15 -4.398487e+21 1.934668e+43
4.205000e-15 -4.300216e+21 1.849186e+43
4.210000e-15 -4.192875e+21 1.758020e+43
4.215000e-15 -4.076719e+21 1.661964e+43
4.220000e-15 -3.952018e+21 1.561844e+43
4.225000e-15 -3.819062e+21 1.458523e+43
4.230000e-15 -3.678159e+21 1.352885e+43
4.235000e-15 -3.529631e+21 1.245829e+43
4.240000e-15 -3.373818e+21 1.138264e+43
4.245000e-15 -3.211073e+21 1.031099e+43
4.250000e-15 -3.041764e+21 9.252329e+42
4.255000e-15 -2.866273e+21 8.215523e+42
4.260000e-15 -2.684994e+21 7.209192e+42
4.265000e-15 -2.498331e+21 6.241659e+42
4.270000e-15 -2.306701e+21 5.320871e+42
4.275000e-15 -2.110530e+21 4.454335e+42
4.280000e-15 -1.910251e+21 3.649058e+42
4.285000e-15 -1.706307e+21 2.911484e+42
4.290000e-15 -1.499148e+21 2.247444e+42
4.295000e-15 -1.289228e+21 1.662108e+42
4.300000e-15 -1.077007e+21 1.159945e+42
4.305000e-15 -8.629502e+20 7.446830e+41
4.310000e-15 -6.475230e+20 4.192861e+41
4.315000e-15 -4.311946e+20 1.859288e+41
4.320000e-15 -2.144342e+20 4.598203e+40
4.325000e-15 2.288697e+18 5.238136e+36
4.330000e-15 2.185060e+20 4.774488e+40
4.335000e-15 4.337518e+20 1.881406e+41
4.340000e-15 6.475633e+20 4.193382e+41
4.345000e-15 8.594818e+20 7.387089e+41
4.350000e-15 1.069054e+21 1.142876e+42
4.355000e-15 1.275832e+21 1.627747e+42
4.360000e-15 1.479376e+21 2.188554e+42
4.365000e-15 1.679254e+21 2.819893e+42
4.370000e-15 1.875042e+21 3.515781e+42
4.375000e-15 2.066326e+21 4.269703e+42
4.380000e-15 2.252704e+21 5.074674e+42
4.385000e-15 2.433784e+21 5.923303e+42
4.390000e-15 2.609187e+21 6.807855e+42
4.395000e-15 2.778547e+21 7.720322e+42
4.400000e-15 2.941512e+21 8.652490e+42
4.405000e-15 3.097744e+21 9.596016e+42
4.410000e-15 3.246921e+21 1.054250e+43
4.415000e-15 3.388737e+21 1.148354e+43
4.420000e-15 3.522903e+21 1.241084e+43
4.425000e-15 3.649144e+21 1.331626e+43
4.430000e-15 3.767208e+21 1.419186e+43
4.435000e-15 3.876857e+21 1.503002e+43
4.440000e-15 3.977873e+21 1.582348e+43
4.445000e-15 4.070058e+21 1.656537e+43
4.450000e-15 4.153232e+21 1.724934e+43
4.455000e-15 4.227236e+21 1.786952e+43
4.460000e-15 4.291930e+21 1.842067e+43
4.465000e-15 4.347196e+21 1.889812e+43
4.470000e-15 4.392936e+21 1.929789e+43
4.475000e-15 4.429071e+21 1.961667e+43
4.480000e-15 4.455546e+21 1.985189e+43
4.485000e-15 4.472325e+21 2.000169e+43
4.490000e-15 4.479392e+21 2.006495e+43
4.495000e-15 4.476755e+21 2.004134e+43
4.500000e-15 4.464441e+21 1.993123e+43
4.505000e-15 4.442497e+21 1.973578e+43
4.510000e-15 4.410994e+21 1.945687e+43
4.515000e-15 4.370019e+21 1.909707e+43
4.520000e-15 4.319683e+21 1.865966e+43
4.525000e-15 4.260115e+21 1.814858e+43
4.530000e-15 4.191463e+21 1.756836e+43
4.535000e-15 4.113897e+21 1.692415e+43
4.540000e-15 4.027604e+21 1.622160e+43
4.545000e-15 3.932790e+21 1.546683e+43
4.550000e-15 3.829677e+21 1.466642e+43
4.555000e-15 3.718507e+21 1.382729e+43
4.560000e-15 3.599538e+21 1.295667e+43
4.565000e-15 3.473044e+21 1.206203e+43
4.570000e-15 3.339314e+21 1.115102e+43
4.575000e-15 3.198655e+21 1.023139e+43
4.580000e-15 3.051384e+21 9.310941e+42
4.585000e-15 2.897834e+21 8.397439e+42
4.590000e-15 2.738350e+21 7.498562e+42
4.595000e-15 2.573291e+21 6.621827e+42
4.600000e-15 2.403025e+21 5.774528e+42
4.605000e-15 2.227931e+21 4.963675e+42
4.610000e-15 2.048397e+21 4.195932e+42
4.615000e-15 1.864823e+21 3.477563e+42
4.620000e-15 1.677612e+21 2.814381e+42
4.625000e-15 1.487177e+21 2.211695e+42
4.630000e-15 1.293936e+21 1.674271e+42
4.635000e-15 1.098314e+21 1.206294e+42
4.640000e-15 9.007381e+20 8.113292e+41
4.645000e-15 7.016390e+20 4.922973e+41
4.650000e-15 5.014504e+20 2.514525e+41
4.655000e-15 3.006072e+20 9.036472e+40
4.660000e-15 9.954481e+19 9.909169e+39
4.665000e-15 -1.013020e+20 1.026209e+40
4.670000e-15 -3.014996e+20 9.090202e+40
4.675000e-15 -5.006169e+20 2.506173e+41
4.680000e-15 -6.982260e+20 4.875196e+41
4.685000e-15 -8.939031e+20 7.990627e+41
4.690000e-15 -1.087229e+21 1.182068e+42
4.695000e-15 -1.277793e+21 1.632754e+42
4.700000e-15 -1.465186e+21 2.146771e+42
4.705000e-15 -1.649013e+21 2.719243e+42
4.710000e-15 -1.828882e+21 3.344809e+42
4.715000e-15 -2.004414e+21 4.017675e+42
4.720000e-15 -2.175238e+21 4.731662e+42
4.725000e-15 -2.340996e+21 5.480265e+42
4.730000e-15 -2.501341e+21 6.256705e+42
4.735000e-15 -2.655936e+21 7.053994e+42
4.740000e-15 -2.804460e+21 7.864994e+42
4.745000e-15 -2.946605e+21 8.682479e+42
4.750000e-15 -3.082077e+21 9.499197e+42
4.755000e-15 -3.210597e+21 1.030794e+43
4.760000e-15 -3.331904e+21 1.110158e+43
4.765000e-15 -3.445748e+21 1.187318e+43
4.770000e-15 -3.551900e+21 1.261600e+43
4.775000e-15 -3.650148e+21 1.332358e+43
4.780000e-15 -3.740294e+21 1.398980e+43
4.785000e-15 -3.822161e+21 1.460892e+43
4.790000e-15 -3.895590e+21 1.517562e+43
4.795000e-15 -3.960439e+21 1.568508e+43
4.800000e-15 -4.016587e+21 1.613297e+43
4.805000e-15 -4.063929e+21 1.651552e+43
4.810000e-15 -4.102382e+21 1.682954e+43
4.815000e-15 -4.131882e+21 1.707245e+43
4.820000e-15 -4.152383e+21 1.724228e+43
4.825000e-15 -4.163859e+21 1.733772e+43
4.830000e-15 -4.166304e+21 1.735809e+43
4.835000e-15 -4.159732e+21 1.730337e+43
4.840000e-15 -4.144175e+21 1.717419e+43
4.845000e-15 -4.119686e+21 1.697181e+43
4.850000e-15 -4.086336e+21 1.669814e+43
4.855000e-15 -4.044215e+21 1.635568e+43
4.860000e-15 -3.993433e+21 1.594750e+43
4.865000e-15 -3.934116e+21 1.547727e+43
4.870000e-15 -3.866411e+21 1.494913e+43
4.875000e-15 -3.790481e+21 1.436774e+43
4.880000e-15 -3.706507e+21 1.373819e+43
4.885000e-15 -3.614686e+21 1.306596e+43
4.890000e-15 -3.515234e+21 1.235687e+43
4.895000e-15 -3.408381e+21 1.161706e+43
4.900000e-15 -3.294373e+21 1.085289e+43
4.905000e-15 -3.173471e+21 1.007092e+43
4.910000e-15 -3.045949e+21 9.277807e+42
4.915000e-15 -2.912098e+21 8.480316e+42
4.920000e-15 -2.772219e+21 7.685200e+42
4.925000e-15 -2.626627e+21 6.899171e+42
4.930000e-15 -2.475648e+21 6.128835e+42
4.935000e-15 -2.319620e+21 5.380636e+42
4.940000e-15 -2.158889e+21 4.660801e+42
4.945000e-15 -1.993813e+21 3.975288e+42
4.950000e-15 -1.824756e+21 3.329736e+42
4.955000e-15 -1.652094e+21 2.729413e+42
4.960000e-15 -1.476205e+21 2.179181e+42
4.965000e-15 -1.297477e+21 1.683446e+42
4.970000e-15 -1.116301e+21 1.246129e+42
4.975000e-15 -9.330750e+20 8.706289e+41
4.980000e-15 -7.481979e+20 5.598001e+41
4.985000e-15 -5.620730e+20 3.159261e+41
4.990000e-15 -3.751051e+20 1.407038e+41
4.995000e-15 -1.876999e+20 3.523125e+40
5.000000e-15 -2.634445e+17 6.940302e+34
