0.000000e+00 nan nan
5.000000e-18 -6.652636e+19 4.425757e+39
1.000000e-17 -2.658792e+20 7.069173e+40
1.500000e-17 -5.973801e+20 3.568630e+41
2.000000e-17 -1.059901e+21 1.123390e+42
2.500000e-17 -1.651865e+21 2.728658e+42
3.000000e-17 -2.371254e+21 5.622845e+42
3.500000e-17 -3.215609e+21 1.034014e+43
4.000000e-17 -4.182041e+21 1.748947e+43
4.500000e-17 -5.267235e+21 2.774376e+43
5.000000e-17 -6.467457e+21 4.182800e+43
5.500000e-17 -7.778568e+21 6.050611e+43
6.000000e-17 -9.196027e+21 8.456691e+43
6.500000e-17 -1.071491e+22 1.148092e+44
7.000000e-17 -1.232990e+22 1.520264e+44
7.500000e-17 -1.403534e+22 1.969907e+44
8.000000e-17 -1.582519e+22 2.504365e+44
8.500000e-17 -1.769308e+22 3.130450e+44
9.000000e-17 -1.963230e+22 3.854273e+44
9.500000e-17 -2.163584e+22 4.681094e+44
1.000000e-16 -2.369634e+22 5.615164e+44
1.050000e-16 -2.580615e+22 6.659575e+44
1.100000e-16 -2.795734e+22 7.816129e+44
1.150000e-16 -3.014165e+22 9.085193e+44
1.200000e-16 -3.235055e+22 1.046558e+45
1.250000e-16 -3.457519e+22 1.195444e+45
1.300000e-16 -3.680641e+22 1.354712e+45
1.350000e-16 -3.903472e+22 1.523709e+45
1.400000e-16 -4.124875e+22 1.701459e+45
1.450000e-16 -4.343774e+22 1.886837e+45
1.500000e-16 -4.559512e+22 2.078915e+45
1.550000e-16 -4.774627e+22 2.279707e+45
1.600000e-16 -5.048239e+22 2.548472e+45
1.650000e-16 -5.263789e+22 2.770748e+45
1.700000e-16 -5.471160e+22 2.993359e+45
1.750000e-16 -5.675831e+22 3.221506e+45
1.800000e-16 -5.874730e+22 3.451246e+45
1.850000e-16 -6.066260e+22 3.679951e+45
1.900000e-16 -6.250234e+22 3.906543e+45
1.950000e-16 -6.425835e+22 4.129136e+45
2.000000e-16 -6.592444e+22 4.346032e+45
2.050000e-16 -6.749559e+22 4.555655e+45
2.100000e-16 -6.896556e+22 4.756249e+45
2.150000e-16 -7.032893e+22 4.946158e+45
2.200000e-16 -7.158050e+22 5.123768e+45
2.250000e-16 -7.271555e+22 5.287551e+45
2.300000e-16 -7.372973e+22 5.436073e+45
2.350000e-16 -7.461889e+22 5.567978e+45
2.400000e-16 -7.537944e+22 5.682060e+45
2.450000e-16 -7.600816e+22 5.777240e+45
2.500000e-16 -7.650219e+22 5.852585e+45
2.550000e-16 -7.685918e+22 5.907334e+45
2.600000e-16 -7.707713e+22 5.940884e+45
2.650000e-16 -7.715450e+22 5.952817e+45
2.700000e-16 -7.709019e+22 5.942898e+45
2.750000e-16 -7.688355e+22 5.911080e+45
2.800000e-16 -7.653435e+22 5.857507e+45
2.850000e-16 -7.604282e+22 5.782511e+45
2.900000e-16 -7.540963e+22 5.686613e+45
2.950000e-16 -7.463590e+22 5.570518e+45
3.000000e-16 -7.372316e+22 5.435104e+45
3.050000e-16 -7.267338e+22 5.281421e+45
3.100000e-16 -7.148897e+22 5.110673e+45
3.150000e-16 -7.017272e+22 4.924211e+45
3.200000e-16 -6.872786e+22 4.723519e+45
3.250000e-16 -6.715799e+22 4.510196e+45
3.300000e-16 -6.546710e+22 4.285941e+45
3.350000e-16 -6.365953e+22 4.052536e+45
3.400000e-16 -6.174000e+22 3.811828e+45
3.450000e-16 -5.971356e+22 3.565709e+45
3.500000e-16 -5.758555e+22 3.316096e+45
3.550000e-16 -5.536165e+22 3.064912e+45
3.600000e-16 -5.304781e+22 2.814070e+45
3.650000e-16 -5.065023e+22 2.565446e+45
3.700000e-16 -4.817537e+22 2.320867e+45
3.750000e-16 -4.562991e+22 2.082089e+45
3.800000e-16 -4.302072e+22 1.850782e+45
3.850000e-16 -4.035484e+22 1.628513e+45
3.900000e-16 -3.763949e+22 1.416732e+45
3.950000e-16 -3.488201e+22 1.216755e+45
4.000000e-16 -3.208983e+22 1.029757e+45
4.050000e-16 -2.927048e+22 8.567612e+44
4.100000e-16 -2.643155e+22 6.986268e+44
4.150000e-16 -2.358065e+22 5.560468e+44
4.200000e-16 -2.072540e+22 4.295423e+44
4.250000e-16 -1.787343e+22 3.194594e+44
4.300000e-16 -1.503230e+22 2.259699e+44
4.350000e-16 -1.220952e+22 1.490723e+44
4.400000e-16 -9.412516e+21 8.859546e+43
4.450000e-16 -6.648602e+21 4.420390e+43
4.500000e-16 -3.924954e+21 1.540526e+43
4.550000e-16 -1.248597e+21 1.558994e+42
4.600000e-16 1.373624e+21 1.886842e+42
4.650000e-16 3.935060e+21 1.548470e+43
4.700000e-16 6.429284e+21 4.133570e+43
4.750000e-16 8.850106e+21 7.832437e+43
4.800000e-16 1.119159e+22 1.252517e+44
4.850000e-16 1.344808e+22 1.808509e+44
4.900000e-16 1.561421e+22 2.438037e+44
4.950000e-16 1.768493e+22 3.127566e+44
5.000000e-16 1.965548e+22 3.863381e+44
5.050000e-16 2.152149e+22 4.631744e+44
5.100000e-16 2.327888e+22 5.419063e+44
5.150000e-16 2.492397e+22 6.212045e+44
5.200000e-16 2.645344e+22 6.997846e+44
5.250000e-16 2.786434e+22 7.764215e+44
5.300000e-16 2.915411e+22 8.499620e+44
5.350000e-16 3.032058e+22 9.193373e+44
5.400000e-16 3.136197e+22 9.835732e+44
5.450000e-16 3.227692e+22 1.041800e+45
5.500000e-16 3.306446e+22 1.093258e+45
5.550000e-16 3.372400e+22 1.137308e+45
5.600000e-16 3.425540e+22 1.173432e+45
5.650000e-16 3.465887e+22 1.201238e+45
5.700000e-16 3.493506e+22 1.220458e+45
5.750000e-16 3.508497e+22 1.230955e+45
5.800000e-16 3.511002e+22 1.232714e+45
5.850000e-16 3.501200e+22 1.225840e+45
5.900000e-16 3.479305e+22 1.210557e+45
5.950000e-16 3.445571e+22 1.187196e+45
6.000000e-16 3.400283e+22 1.156193e+45
6.050000e-16 3.343763e+22 1.118075e+45
6.100000e-16 3.276364e+22 1.073456e+45
6.150000e-16 3.198470e+22 1.023021e+45
6.200000e-16 3.110496e+22 9.675187e+44
6.250000e-16 3.012884e+22 9.077472e+44
6.300000e-16 2.906103e+22 8.445437e+44
6.350000e-16 2.790647e+22 7.787710e+44
6.400000e-16 2.667032e+22 7.113059e+44
6.450000e-16 2.535795e+22 6.430259e+44
6.500000e-16 2.397495e+22 5.747981e+44
6.550000e-16 2.252703e+22 5.074672e+44
6.600000e-16 2.102010e+22 4.418448e+44
6.650000e-16 1.946018e+22 3.786986e+44
6.700000e-16 1.785339e+22 3.187435e+44
6.750000e-16 1.620595e+22 2.626328e+44
6.800000e-16 1.452414e+22 2.109508e+44
6.850000e-16 1.281430e+22 1.642064e+44
6.900000e-16 1.108278e+22 1.228279e+44
6.950000e-16 9.335921e+21 8.715941e+43
7.000000e-16 7.580069e+21 5.745744e+43
7.050000e-16 5.821516e+21 3.389005e+43
7.100000e-16 4.066495e+21 1.653638e+43
7.150000e-16 2.321157e+21 5.387770e+42
7.200000e-16 5.915516e+20 3.499333e+41
7.250000e-16 -1.116394e+21 1.246335e+42
7.300000e-16 -2.796892e+21 7.822605e+42
7.350000e-16 -4.444315e+21 1.975193e+43
7.400000e-16 -6.053211e+21 3.664136e+43
7.450000e-16 -7.618323e+21 5.803884e+43
7.500000e-16 -9.134603e+21 8.344096e+43
7.550000e-16 -1.059723e+22 1.123013e+44
7.600000e-16 -1.200162e+22 1.440388e+44
7.650000e-16 -1.334344e+22 1.780475e+44
7.700000e-16 -1.461864e+22 2.137047e+44
7.750000e-16 -1.582343e+22 2.503810e+44
7.800000e-16 -1.695431e+22 2.874487e+44
7.850000e-16 -1.800809e+22 3.242913e+44
7.900000e-16 -1.898187e+22 3.603114e+44
7.950000e-16 -1.987308e+22 3.949391e+44
8.000000e-16 -2.067945e+22 4.276396e+44
8.050000e-16 -2.139905e+22 4.579195e+44
8.100000e-16 -2.203029e+22 4.853337e+44
8.150000e-16 -2.257188e+22 5.094898e+44
8.200000e-16 -2.302288e+22 5.300532e+44
8.250000e-16 -2.338269e+22 5.467504e+44
8.300000e-16 -2.365103e+22 5.593714e+44
8.350000e-16 -2.382796e+22 5.677715e+44
8.400000e-16 -2.391384e+22 5.718718e+44
8.450000e-16 -2.390940e+22 5.716592e+44
8.500000e-16 -2.381564e+22 5.671846e+44
8.550000e-16 -2.363390e+22 5.585612e+44
8.600000e-16 -2.336581e+22 5.459613e+44
8.650000e-16 -2.301331e+22 5.296126e+44
8.700000e-16 -2.257861e+22 5.097937e+44
8.750000e-16 -2.206420e+22 4.868288e+44
8.800000e-16 -2.147282e+22 4.610820e+44
8.850000e-16 -2.080749e+22 4.329517e+44
8.900000e-16 -2.007145e+22 4.028630e+44
8.950000e-16 -1.926816e+22 3.712619e+44
9.000000e-16 -1.840130e+22 3.386078e+44
9.050000e-16 -1.747474e+22 3.053667e+44
9.100000e-16 -1.649255e+22 2.720041e+44
9.150000e-16 -1.545892e+22 2.389782e+44
9.200000e-16 -1.437823e+22 2.067335e+44
9.250000e-16 -1.325496e+22 1.756941e+44
9.300000e-16 -1.209373e+22 1.462583e+44
9.350000e-16 -1.089923e+22 1.187932e+44
9.400000e-16 -9.676232e+21 9.362947e+43
9.450000e-16 -8.429581e+21 7.105784e+43
9.500000e-16 -7.164152e+21 5.132507e+43
9.550000e-16 -5.884843e+21 3.463138e+43
9.600000e-16 -4.596562e+21 2.112838e+43
9.650000e-16 -3.304200e+21 1.091774e+43
9.700000e-16 -2.012620e+21 4.050639e+42
9.750000e-16 -7.266362e+20 5.280001e+41
9.800000e-16 5.490015e+20 3.014027e+41
9.850000e-16 1.809625e+21 3.274744e+42
9.900000e-16 3.050666e+21 9.306560e+42
9.950000e-16 4.267666e+21 1.821297e+43
1.000000e-15 5.456300e+21 2.977121e+43
1.005000e-15 6.612386e+21 4.372364e+43
1.010000e-15 7.731897e+21 5.978223e+43
1.015000e-15 8.810982e+21 7.763340e+43
1.020000e-15 9.845971e+21 9.694314e+43
1.025000e-15 1.083339e+22 1.173624e+44
1.030000e-15 1.176998e+22 1.385324e+44
1.035000e-15 1.265268e+22 1.600903e+44
1.040000e-15 1.347868e+22 1.816749e+44
1.045000e-15 1.424539e+22 2.029313e+44
1.050000e-15 1.495048e+22 2.235167e+44
1.055000e-15 1.559183e+22 2.431053e+44
1.060000e-15 1.616763e+22 2.613924e+44
1.065000e-15 1.667629e+22 2.780988e+44
1.070000e-15 1.711651e+22 2.929748e+44
1.075000e-15 1.748722e+22 3.058029e+44
1.080000e-15 1.778766e+22 3.164010e+44
1.085000e-15 1.801732e+22 3.246239e+44
1.090000e-15 1.817596e+22 3.303656e+44
1.095000e-15 1.826360e+22 3.335592e+44
1.100000e-15 1.828055e+22 3.341784e+44
1.105000e-15 1.822734e+22 3.322361e+44
1.110000e-15 1.810481e+22 3.277842e+44
1.115000e-15 1.791401e+22 3.209118e+44
1.120000e-15 1.765626e+22 3.117436e+44
1.125000e-15 1.733312e+22 3.004370e+44
1.130000e-15 1.694637e+22 2.871793e+44
1.135000e-15 1.649801e+22 2.721845e+44
1.140000e-15 1.599029e+22 2.556894e+44
1.145000e-15 1.542563e+22 2.379501e+44
1.150000e-15 1.480665e+22 2.192370e+44
1.155000e-15 1.413617e+22 1.998314e+44
1.160000e-15 1.341717e+22 1.800205e+44
1.165000e-15 1.265278e+22 1.600929e+44
1.170000e-15 1.184629e+22 1.403347e+44
1.175000e-15 1.100113e+22 1.210248e+44
1.180000e-15 1.012081e+22 1.024308e+44
1.185000e-15 9.208993e+21 8.480555e+43
1.190000e-15 8.269403e+21 6.838302e+43
1.195000e-15 7.305848e+21 5.337541e+43
1.200000e-15 6.322196e+21 3.997016e+43
1.205000e-15 5.322360e+21 2.832752e+43
1.210000e-15 4.310286e+21 1.857857e+43
1.215000e-15 3.289934e+21 1.082366e+43
1.220000e-15 2.265264e+21 5.131420e+42
1.225000e-15 1.240223e+21 1.538154e+42
1.230000e-15 2.187311e+20 4.784329e+40
1.235000e-15 -7.953385e+20 6.325633e+41
1.240000e-15 -1.798168e+21 3.233408e+42
1.245000e-15 -2.786012e+21 7.761861e+42
1.250000e-15 -3.755209e+21 1.410159e+43
1.255000e-15 -4.702197e+21 2.211066e+43
1.260000e-15 -5.623525e+21 3.162404e+43
1.265000e-15 -6.515865e+21 4.245650e+43
1.270000e-15 -7.376023e+21 5.440571e+43
1.275000e-15 -8.200952e+21 6.725561e+43
1.280000e-15 -8.987761e+21 8.077985e+43
1.285000e-15 -9.733726e+21 9.474542e+43
1.290000e-15 -1.043630e+22 1.089163e+44
1.295000e-15 -1.109311e+22 1.230571e+44
1.300000e-15 -1.170199e+22 1.369365e+44
1.305000e-15 -1.226096e+22 1.503310e+44
1.310000e-15 -1.276824e+22 1.630281e+44
1.315000e-15 -1.322229e+22 1.748289e+44
1.320000e-15 -1.362174e+22 1.855519e+44
1.325000e-15 -1.396548e+22 1.950346e+44
1.330000e-15 -1.425258e+22 2.031362e+44
1.335000e-15 -1.448237e+22 2.097391e+44
1.340000e-15 -1.465438e+22 2.147509e+44
1.345000e-15 -1.476837e+22 2.181047e+44
1.350000e-15 -1.482432e+22 2.197604e+44
1.355000e-15 -1.482244e+22 2.197047e+44
1.360000e-15 -1.476315e+22 2.179507e+44
1.365000e-15 -1.464710e+22 2.145375e+44
1.370000e-15 -1.447513e+22 2.095295e+44
1.375000e-15 -1.424832e+22 2.030145e+44
1.380000e-15 -1.396791e+22 1.951025e+44
1.385000e-15 -1.363538e+22 1.859235e+44
1.390000e-15 -1.325236e+22 1.756251e+44
1.395000e-15 -1.282070e+22 1.643703e+44
1.400000e-15 -1.234239e+22 1.523347e+44
1.405000e-15 -1.181961e+22 1.397032e+44
1.410000e-15 -1.125468e+22 1.266679e+44
1.415000e-15 -1.065007e+22 1.134240e+44
1.420000e-15 -1.000839e+22 1.001678e+44
1.425000e-15 -9.332362e+21 8.709298e+43
1.430000e-15 -8.624836e+21 7.438780e+43
1.435000e-15 -7.888757e+21 6.223249e+43
1.440000e-15 -7.127160e+21 5.079640e+43
1.445000e-15 -6.343157e+21 4.023564e+43
1.450000e-15 -5.539926e+21 3.069078e+43
1.455000e-15 -4.720700e+21 2.228501e+43
1.460000e-15 -3.888748e+21 1.512236e+43
1.465000e-15 -3.047370e+21 9.286461e+42
1.470000e-15 -2.199878e+21 4.839461e+42
1.475000e-15 -1.349587e+21 1.821384e+42
1.480000e-15 -4.998010e+20 2.498010e+41
1.485000e-15 3.461989e+20 1.198537e+41
1.490000e-15 1.185168e+21 1.404623e+42
1.495000e-15 2.013910e+21 4.055833e+42
1.500000e-15 2.829287e+21 8.004865e+42
1.505000e-15 3.628234e+21 1.316408e+43
1.510000e-15 4.407769e+21 1.942843e+43
1.515000e-15 5.165003e+21 2.667725e+43
1.520000e-15 5.897150e+21 3.477638e+43
1.525000e-15 6.601540e+21 4.358034e+43
1.530000e-15 7.275628e+21 5.293476e+43
1.535000e-15 7.916997e+21 6.267884e+43
1.540000e-15 8.523376e+21 7.264794e+43
1.545000e-15 9.092640e+21 8.267611e+43
1.550000e-15 9.622823e+21 9.259872e+43
1.555000e-15 1.011212e+22 1.022549e+44
1.560000e-15 1.055889e+22 1.114902e+44
1.565000e-15 1.096168e+22 1.201584e+44
1.570000e-15 1.131920e+22 1.281242e+44
1.575000e-15 1.163034e+22 1.352649e+44
1.580000e-15 1.189421e+22 1.414722e+44
1.585000e-15 1.211006e+22 1.466535e+44
1.590000e-15 1.227736e+22 1.507335e+44
1.595000e-15 1.239576e+22 1.536548e+44
1.600000e-15 1.246511e+22 1.553789e+44
1.605000e-15 1.248543e+22 1.558860e+44
1.610000e-15 1.245696e+22 1.551759e+44
1.615000e-15 1.238010e+22 1.532669e+44
1.620000e-15 1.225545e+22 1.501959e+44
1.625000e-15 1.208377e+22 1.460175e+44
1.630000e-15 1.186603e+22 1.408027e+44
1.635000e-15 1.160335e+22 1.346376e+44
1.640000e-15 1.129701e+22 1.276224e+44
1.645000e-15 1.094847e+22 1.198691e+44
1.650000e-15 1.055935e+22 1.114998e+44
1.655000e-15 1.013138e+22 1.026449e+44
1.660000e-15 9.666469e+21 9.344062e+43
1.665000e-15 9.166639e+21 8.402727e+43
1.670000e-15 8.634039e+21 7.454663e+43
1.675000e-15 8.070932e+21 6.513995e+43
1.680000e-15 7.479686e+21 5.594570e+43
1.685000e-15 6.862764e+21 4.709753e+43
1.690000e-15 6.222714e+21 3.872217e+43
1.695000e-15 5.562158e+21 3.093760e+43
1.700000e-15 4.883785e+21 2.385135e+43
1.705000e-15 4.190333e+21 1.755889e+43
1.710000e-15 3.484588e+21 1.214235e+43
1.715000e-15 2.769364e+21 7.669375e+42
1.720000e-15 2.047496e+21 4.192238e+42
1.725000e-15 1.321829e+21 1.747233e+42
1.730000e-15 5.952088e+20 3.542735e+41
1.735000e-15 -1.295346e+20 1.677922e+40
1.740000e-15 -8.495925e+20 7.218074e+41
1.745000e-15 -1.562191e+21 2.440440e+42
1.750000e-15 -2.264599e+21 5.128410e+42
1.755000e-15 -2.954143e+21 8.726961e+42
1.760000e-15 -3.628212e+21 1.316392e+43
1.765000e-15 -4.284269e+21 1.835496e+43
1.770000e-15 -4.919864e+21 2.420506e+43
1.775000e-15 -5.532636e+21 3.061007e+43
1.780000e-15 -6.120329e+21 3.745843e+43
1.785000e-15 -6.680795e+21 4.463302e+43
1.790000e-15 -7.212002e+21 5.201297e+43
1.795000e-15 -7.712045e+21 5.947564e+43
1.800000e-15 -8.179150e+21 6.689850e+43
1.805000e-15 -8.611679e+21 7.416102e+43
1.810000e-15 -9.008138e+21 8.114656e+43
1.815000e-15 -9.367182e+21 8.774409e+43
1.820000e-15 -9.687615e+21 9.384989e+43
1.825000e-15 -9.968402e+21 9.936904e+43
1.830000e-15 -1.020866e+22 1.042168e+44
1.835000e-15 -1.040768e+22 1.083199e+44
1.840000e-15 -1.056491e+22 1.116174e+44
1.845000e-15 -1.067996e+22 1.140616e+44
1.850000e-15 -1.075261e+22 1.156186e+44
1.855000e-15 -1.078280e+22 1.162689e+44
1.860000e-15 -1.077065e+22 1.160069e+44
1.865000e-15 -1.071643e+22 1.148418e+44
1.870000e-15 -1.062057e+22 1.127965e+44
1.875000e-15 -1.048367e+22 1.099073e+44
1.880000e-15 -1.030648e+22 1.062235e+44
1.885000e-15 -1.008990e+22 1.018062e+44
1.890000e-15 -9.834998e+21 9.672718e+43
1.895000e-15 -9.542955e+21 9.106799e+43
1.900000e-15 -9.215110e+21 8.491825e+43
1.905000e-15 -8.852928e+21 7.837434e+43
1.910000e-15 -8.458002e+21 7.153780e+43
1.915000e-15 -8.032043e+21 6.451372e+43
1.920000e-15 -7.576874e+21 5.740902e+43
1.925000e-15 -7.094422e+21 5.033082e+43
1.930000e-15 -6.586710e+21 4.338474e+43
1.935000e-15 -6.055848e+21 3.667330e+43
1.940000e-15 -5.504029e+21 3.029433e+43
1.945000e-15 -4.933511e+21 2.433954e+43
1.950000e-15 -4.346618e+21 1.889309e+43
1.955000e-15 -3.745723e+21 1.403044e+43
1.960000e-15 -3.133242e+21 9.817205e+42
1.965000e-15 -2.511624e+21 6.308256e+42
1.970000e-15 -1.883342e+21 3.546978e+42
1.975000e-15 -1.250882e+21 1.564706e+42
1.980000e-15 -6.167329e+20 3.803595e+41
1.985000e-15 1.662109e+19 2.762605e+38
1.990000e-15 6.467118e+20 4.182361e+41
1.995000e-15 1.271096e+21 1.615685e+42
2.000000e-15 1.887364e+21 3.562144e+42
2.005000e-15 2.493152e+21 6.215806e+42
2.010000e-15 3.086145e+21 9.524292e+42
2.015000e-15 3.664093e+21 1.342558e+43
2.020000e-15 4.224813e+21 1.784904e+43
2.025000e-15 4.766201e+21 2.271667e+43
2.030000e-15 5.286237e+21 2.794431e+43
2.035000e-15 5.782998e+21 3.344306e+43
2.040000e-15 6.254655e+21 3.912071e+43
2.045000e-15 6.699492e+21 4.488319e+43
2.050000e-15 7.115900e+21 5.063604e+43
2.055000e-15 7.502393e+21 5.628590e+43
2.060000e-15 7.857606e+21 6.174198e+43
2.065000e-15 8.180304e+21 6.691737e+43
2.070000e-15 8.469383e+21 7.173045e+43
2.075000e-15 8.723876e+21 7.610602e+43
2.080000e-15 8.942957e+21 7.997647e+43
2.085000e-15 9.125938e+21 8.328275e+43
2.090000e-15 9.272279e+21 8.597516e+43
2.095000e-15 9.381584e+21 8.801411e+43
2.100000e-15 9.453601e+21 8.937056e+43
2.105000e-15 9.488227e+21 9.002644e+43
2.110000e-15 9.485504e+21 8.997479e+43
2.115000e-15 9.445621e+21 8.921975e+43
2.120000e-15 9.368908e+21 8.777644e+43
2.125000e-15 9.255840e+21 8.567058e+43
2.130000e-15 9.107030e+21 8.293799e+43
2.135000e-15 8.923227e+21 7.962397e+43
2.140000e-15 8.705313e+21 7.578247e+43
2.145000e-15 8.454299e+21 7.147517e+43
2.150000e-15 8.171322e+21 6.677050e+43
2.155000e-15 7.857636e+21 6.174244e+43
2.160000e-15 7.514610e+21 5.646936e+43
2.165000e-15 7.143720e+21 5.103274e+43
2.170000e-15 6.746546e+21 4.551589e+43
2.175000e-15 6.324761e+21 4.000261e+43
2.180000e-15 5.880128e+21 3.457590e+43
2.185000e-15 5.414489e+21 2.931669e+43
2.190000e-15 4.929761e+21 2.430254e+43
2.195000e-15 4.427926e+21 1.960653e+43
2.200000e-15 3.911025e+21 1.529612e+43
2.205000e-15 3.381147e+21 1.143215e+43
2.210000e-15 2.840422e+21 8.067999e+42
2.215000e-15 2.291015e+21 5.248748e+42
2.220000e-15 1.735111e+21 3.010611e+42
2.225000e-15 1.174915e+21 1.380425e+42
2.230000e-15 6.126354e+20 3.753222e+41
2.235000e-15 5.048084e+19 2.548315e+39
2.240000e-15 -5.093513e+20 2.594388e+41
2.245000e-15 -1.064682e+21 1.133548e+42
2.250000e-15 -1.613361e+21 2.602933e+42
2.255000e-15 -2.153271e+21 4.636575e+42
2.260000e-15 -2.682340e+21 7.194947e+42
2.265000e-15 -3.198547e+21 1.023070e+43
2.270000e-15 -3.699931e+21 1.368949e+43
2.275000e-15 -4.184596e+21 1.751084e+43
2.280000e-15 -4.650720e+21 2.162920e+43
2.285000e-15 -5.096563e+21 2.597495e+43
2.290000e-15 -5.520469e+21 3.047558e+43
2.295000e-15 -5.920877e+21 3.505678e+43
2.300000e-15 -6.296323e+21 3.964368e+43
2.305000e-15 -6.645447e+21 4.416197e+43
2.310000e-15 -6.967000e+21 4.853909e+43
2.315000e-15 -7.259842e+21 5.270531e+43
2.320000e-15 -7.522954e+21 5.659483e+43
2.325000e-15 -7.755434e+21 6.014675e+43
2.330000e-15 -7.956505e+21 6.330597e+43
2.335000e-15 -8.125516e+21 6.602400e+43
2.340000e-15 -8.261943e+21 6.825971e+43
2.345000e-15 -8.365394e+21 6.997982e+43
2.350000e-15 -8.435604e+21 7.115941e+43
2.355000e-15 -8.472440e+21 7.178224e+43
2.360000e-15 -8.475901e+21 7.184089e+43
2.365000e-15 -8.446114e+21 7.133685e+43
2.370000e-15 -8.383338e+21 7.028036e+43
2.375000e-15 -8.287958e+21 6.869025e+43
2.380000e-15 -8.160485e+21 6.659351e+43
2.385000e-15 -8.001552e+21 6.402483e+43
2.390000e-15 -7.811913e+21 6.102599e+43
2.395000e-15 -7.592440e+21 5.764515e+43
2.400000e-15 -7.344116e+21 5.393604e+43
2.405000e-15 -7.068032e+21 4.995708e+43
2.410000e-15 -6.765385e+21 4.577044e+43
2.415000e-15 -6.437469e+21 4.144101e+43
2.420000e-15 -6.085673e+21 3.703541e+43
2.425000e-15 -5.711470e+21 3.262089e+43
2.430000e-15 -5.316417e+21 2.826429e+43
2.435000e-15 -4.902147e+21 2.403105e+43
2.440000e-15 -4.470359e+21 1.998411e+43
2.445000e-15 -4.022813e+21 1.618303e+43
2.450000e-15 -3.561326e+21 1.268304e+43
2.455000e-15 -3.087760e+21 9.534260e+42
2.460000e-15 -2.604016e+21 6.780898e+42
2.465000e-15 -2.112028e+21 4.460664e+42
2.470000e-15 -1.613756e+21 2.604207e+42
2.475000e-15 -1.111172e+21 1.234703e+42
2.480000e-15 -6.062608e+20 3.675522e+41
2.485000e-15 -1.010071e+20 1.020243e+40
2.490000e-15 4.026117e+20 1.620962e+41
2.495000e-15 9.026319e+20 8.147444e+41
2.500000e-15 1.397112e+21 1.951923e+42
2.505000e-15 1.884141e+21 3.549986e+42
2.510000e-15 2.361842e+21 5.578297e+42
2.515000e-15 2.828384e+21 7.999758e+42
2.520000e-15 3.281988e+21 1.077145e+43
2.525000e-15 3.720930e+21 1.384532e+43
2.530000e-15 4.143551e+21 1.716902e+43
2.535000e-15 4.548264e+21 2.068671e+43
2.540000e-15 4.933556e+21 2.433997e+43
2.545000e-15 5.297996e+21 2.806877e+43
2.550000e-15 5.640242e+21 3.181233e+43
2.555000e-15 5.959042e+21 3.551018e+43
2.560000e-15 6.253241e+21 3.910303e+43
2.565000e-15 6.521786e+21 4.253369e+43
2.570000e-15 6.763725e+21 4.574797e+43
2.575000e-15 6.978216e+21 4.869550e+43
2.580000e-15 7.164529e+21 5.133047e+43
2.585000e-15 7.322043e+21 5.361231e+43
2.590000e-15 7.450254e+21 5.550628e+43
2.595000e-15 7.548774e+21 5.698400e+43
2.600000e-15 7.617334e+21 5.802378e+43
2.605000e-15 7.655780e+21 5.861096e+43
2.610000e-15 7.664078e+21 5.873809e+43
2.615000e-15 7.642311e+21 5.840492e+43
2.620000e-15 7.590681e+21 5.761843e+43
2.625000e-15 7.509503e+21 5.639263e+43
2.630000e-15 7.399207e+21 5.474827e+43
2.635000e-15 7.260338e+21 5.271250e+43
2.640000e-15 7.093545e+21 5.031838e+43
2.645000e-15 6.899588e+21 4.760431e+43
2.650000e-15 6.679328e+21 4.461342e+43
2.655000e-15 6.433726e+21 4.139284e+43
2.660000e-15 6.163839e+21 3.799291e+43
2.665000e-15 5.870813e+21 3.446645e+43
2.670000e-15 5.555882e+21 3.086783e+43
2.675000e-15 5.220359e+21 2.725215e+43
2.680000e-15 4.865633e+21 2.367439e+43
2.685000e-15 4.493164e+21 2.018852e+43
2.690000e-15 4.104474e+21 1.684671e+43
2.695000e-15 3.701144e+21 1.369846e+43
2.700000e-15 3.284804e+21 1.078994e+43
2.705000e-15 2.857132e+21 8.163205e+42
2.710000e-15 2.419842e+21 5.855634e+42
2.715000e-15 1.974678e+21 3.899353e+42
2.720000e-15 1.523411e+21 2.320781e+42
2.725000e-15 1.067827e+21 1.140254e+42
2.730000e-15 6.097234e+20 3.717626e+41
2.735000e-15 1.509004e+20 2.277094e+40
2.740000e-15 -3.068455e+20 9.415418e+40
2.745000e-15 -7.617289e+20 5.802309e+41
2.750000e-15 -1.211982e+21 1.468900e+42
2.755000e-15 -1.655861e+21 2.741876e+42
2.760000e-15 -2.091655e+21 4.375020e+42
2.765000e-15 -2.517689e+21 6.338756e+42
2.770000e-15 -2.932333e+21 8.598574e+42
2.775000e-15 -3.334007e+21 1.111560e+43
2.780000e-15 -3.721189e+21 1.384725e+43
2.785000e-15 -4.092417e+21 1.674788e+43
2.790000e-15 -4.446299e+21 1.976957e+43
2.795000e-15 -4.781512e+21 2.286285e+43
2.800000e-15 -5.096813e+21 2.597751e+43
2.805000e-15 -5.391043e+21 2.906334e+43
2.810000e-15 -5.663125e+21 3.207099e+43
2.815000e-15 -5.912077e+21 3.495265e+43
2.820000e-15 -6.137007e+21 3.766285e+43
2.825000e-15 -6.337121e+21 4.015910e+43
2.830000e-15 -6.511726e+21 4.240258e+43
2.835000e-15 -6.660230e+21 4.435866e+43
2.840000e-15 -6.782145e+21 4.599749e+43
2.845000e-15 -6.877088e+21 4.729434e+43
2.850000e-15 -6.944783e+21 4.823001e+43
2.855000e-15 -6.985062e+21 4.879110e+43
2.860000e-15 -6.997864e+21 4.897010e+43
2.865000e-15 -6.983235e+21 4.876557e+43
2.870000e-15 -6.941328e+21 4.818203e+43
2.875000e-15 -6.872402e+21 4.722991e+43
2.880000e-15 -6.776821e+21 4.592530e+43
2.885000e-15 -6.655051e+21 4.428970e+43
2.890000e-15 -6.507659e+21 4.234962e+43
2.895000e-15 -6.335309e+21 4.013614e+43
2.900000e-15 -6.138761e+21 3.768439e+43
2.905000e-15 -5.918867e+21 3.503299e+43
2.910000e-15 -5.676566e+21 3.222341e+43
2.915000e-15 -5.412883e+21 2.929930e+43
2.920000e-15 -5.128920e+21 2.630582e+43
2.925000e-15 -4.825856e+21 2.328889e+43
2.930000e-15 -4.504941e+21 2.029450e+43
2.935000e-15 -4.167490e+21 1.736797e+43
2.940000e-15 -3.814876e+21 1.455328e+43
2.945000e-15 -3.448528e+21 1.189235e+43
2.950000e-15 -3.069925e+21 9.424441e+42
2.955000e-15 -2.680587e+21 7.185545e+42
2.960000e-15 -2.282069e+21 5.207841e+42
2.965000e-15 -1.875961e+21 3.519231e+42
2.970000e-15 -1.463873e+21 2.142926e+42
2.975000e-15 -1.047436e+21 1.097121e+42
2.980000e-15 -6.282884e+20 3.947463e+41
2.985000e-15 -2.080777e+20 4.329632e+40
2.990000e-15 2.115521e+20 4.475429e+40
2.995000e-15 6.289644e+20 3.955962e+41
3.000000e-15 1.042537e+21 1.086883e+42
3.005000e-15 1.450668e+21 2.104437e+42
3.010000e-15 1.851781e+21 3.429094e+42
3.015000e-15 2.244335e+21 5.037041e+42
3.020000e-15 2.626826e+21 6.900213e+42
3.025000e-15 2.997792e+21 8.986759e+42
3.030000e-15 3.355825e+21 1.126156e+43
3.035000e-15 3.699570e+21 1.368682e+43
3.040000e-15 4.027731e+21 1.622262e+43
3.045000e-15 4.339080e+21 1.882762e+43
3.050000e-15 4.632457e+21 2.145965e+43
3.055000e-15 4.906774e+21 2.407643e+43
3.060000e-15 5.161025e+21 2.663618e+43
3.065000e-15 5.394282e+21 2.909828e+43
3.070000e-15 5.605704e+21 3.142392e+43
3.075000e-15 5.794538e+21 3.357667e+43
3.080000e-15 5.960119e+21 3.552301e+43
3.085000e-15 6.101877e+21 3.723290e+43
3.090000e-15 6.219337e+21 3.868015e+43
3.095000e-15 6.312119e+21 3.984284e+43
3.100000e-15 6.379940e+21 4.070364e+43
3.105000e-15 6.422618e+21 4.125002e+43
3.110000e-15 6.440066e+21 4.147446e+43
3.115000e-15 6.432299e+21 4.137447e+43
3.120000e-15 6.399427e+21 4.095266e+43
3.125000e-15 6.341659e+21 4.021664e+43
3.130000e-15 6.259301e+21 3.917885e+43
3.135000e-15 6.152753e+21 3.785636e+43
3.140000e-15 6.022507e+21 3.627059e+43
3.145000e-15 5.869148e+21 3.444690e+43
3.150000e-15 5.693348e+21 3.241422e+43
3.155000e-15 5.495864e+21 3.020452e+43
3.160000e-15 5.277535e+21 2.785238e+43
3.165000e-15 5.039279e+21 2.539434e+43
3.170000e-15 4.782089e+21 2.286838e+43
3.175000e-15 4.507027e+21 2.031330e+43
3.180000e-15 4.215224e+21 1.776811e+43
3.185000e-15 3.907869e+21 1.527144e+43
3.190000e-15 3.586210e+21 1.286090e+43
3.195000e-15 3.251548e+21 1.057256e+43
3.200000e-15 2.905227e+21 8.440346e+42
3.205000e-15 2.548636e+21 6.495546e+42
3.210000e-15 2.183197e+21 4.766348e+42
3.215000e-15 1.810362e+21 3.277411e+42
3.220000e-15 1.431609e+21 2.049504e+42
3.225000e-15 1.048433e+21 1.099211e+42
3.230000e-15 6.623410e+20 4.386956e+41
3.235000e-15 2.748485e+20 7.554172e+40
3.240000e-15 -1.125295e+20 1.266290e+40
3.245000e-15 -4.982833e+20 2.482862e+41
3.250000e-15 -8.809138e+20 7.760091e+41
3.255000e-15 -1.258939e+21 1.584927e+42
3.260000e-15 -1.630899e+21 2.659832e+42
3.265000e-15 -1.995363e+21 3.981474e+42
3.270000e-15 -2.350933e+21 5.526887e+42
3.275000e-15 -2.696250e+21 7.269766e+42
3.280000e-15 -3.030000e+21 9.180901e+42
3.285000e-15 -3.350917e+21 1.122865e+43
3.290000e-15 -3.657789e+21 1.337942e+43
3.295000e-15 -3.949464e+21 1.559826e+43
3.300000e-15 -4.224850e+21 1.784936e+43
3.305000e-15 -4.482924e+21 2.009661e+43
3.310000e-15 -4.722733e+21 2.230420e+43
3.315000e-15 -4.943397e+21 2.443717e+43
3.320000e-15 -5.144115e+21 2.646192e+43
3.325000e-15 -5.324164e+21 2.834673e+43
3.330000e-15 -5.482906e+21 3.006226e+43
3.335000e-15 -5.619787e+21 3.158200e+43
3.340000e-15 -5.734337e+21 3.288263e+43
3.345000e-15 -5.826180e+21 3.394437e+43
3.350000e-15 -5.895024e+21 3.475131e+43
3.355000e-15 -5.940670e+21 3.529157e+43
3.360000e-15 -5.963011e+21 3.555750e+43
3.365000e-15 -5.962029e+21 3.554579e+43
3.370000e-15 -5.937797e+21 3.525743e+43
3.375000e-15 -5.890479e+21 3.469774e+43
3.380000e-15 -5.820328e+21 3.387621e+43
3.385000e-15 -5.727685e+21 3.280637e+43
3.390000e-15 -5.612978e+21 3.150552e+43
3.395000e-15 -5.476720e+21 2.999446e+43
3.400000e-15 -5.319504e+21 2.829712e+43
3.405000e-15 -5.142006e+21 2.644022e+43
3.410000e-15 -4.944976e+21 2.445278e+43
3.415000e-15 -4.729239e+21 2.236570e+43
3.420000e-15 -4.495692e+21 2.021124e+43
3.425000e-15 -4.245295e+21 1.802253e+43
3.430000e-15 -3.979074e+21 1.583303e+43
3.435000e-15 -3.698112e+21 1.367603e+43
3.440000e-15 -3.403546e+21 1.158412e+43
3.445000e-15 -3.096563e+21 9.588702e+42
3.450000e-15 -2.778395e+21 7.719478e+42
3.455000e-15 -2.450314e+21 6.004037e+42
3.460000e-15 -2.113625e+21 4.467412e+42
3.465000e-15 -1.769666e+21 3.131718e+42
3.470000e-15 -1.419796e+21 2.015822e+42
3.475000e-15 -1.065396e+21 1.135068e+42
3.480000e-15 -7.078575e+20 5.010622e+41
3.485000e-15 -3.485824e+20 1.215097e+41
3.490000e-15 1.102538e+19 1.215590e+38
3.495000e-15 3.695649e+20 1.365782e+41
3.500000e-15 7.256432e+20 5.265581e+41
3.505000e-15 1.077881e+21 1.161828e+42
3.510000e-15 1.424919e+21 2.030393e+42
3.515000e-15 1.765419e+21 3.116705e+42
3.520000e-15 2.098076e+21 4.401923e+42
3.525000e-15 2.421617e+21 5.864227e+42
3.530000e-15 2.734808e+21 7.479174e+42
3.535000e-15 3.036460e+21 9.220087e+42
3.540000e-15 3.325431e+21 1.105849e+43
3.545000e-15 3.600633e+21 1.296456e+43
3.550000e-15 3.861033e+21 1.490758e+43
3.555000e-15 4.105661e+21 1.685645e+43
3.560000e-15 4.333608e+21 1.878016e+43
3.565000e-15 4.544034e+21 2.064825e+43
3.570000e-15 4.736171e+21 2.243131e+43
3.575000e-15 4.909321e+21 2.410144e+43
3.580000e-15 5.062865e+21 2.563261e+43
3.585000e-15 5.196260e+21 2.700112e+43
3.590000e-15 5.309044e+21 2.818595e+43
3.595000e-15 5.400836e+21 2.916902e+43
3.600000e-15 5.471336e+21 2.993552e+43
3.605000e-15 5.520331e+21 3.047405e+43
3.610000e-15 5.547690e+21 3.077686e+43
3.615000e-15 5.553367e+21 3.083988e+43
3.620000e-15 5.537399e+21 3.066279e+43
3.625000e-15 5.499911e+21 3.024902e+43
3.630000e-15 5.441107e+21 2.960564e+43
3.635000e-15 5.361275e+21 2.874327e+43
3.640000e-15 5.260785e+21 2.767585e+43
3.645000e-15 5.140084e+21 2.642046e+43
3.650000e-15 4.999697e+21 2.499697e+43
3.655000e-15 4.840227e+21 2.342780e+43
3.660000e-15 4.662345e+21 2.173746e+43
3.665000e-15 4.466794e+21 1.995225e+43
3.670000e-15 4.254384e+21 1.809979e+43
3.675000e-15 4.025988e+21 1.620858e+43
3.680000e-15 3.782537e+21 1.430759e+43
3.685000e-15 3.525021e+21 1.242577e+43
3.690000e-15 3.254478e+21 1.059163e+43
3.695000e-15 2.971998e+21 8.832774e+42
3.700000e-15 2.678712e+21 7.175499e+42
3.705000e-15 2.375790e+21 5.644378e+42
3.710000e-15 2.064436e+21 4.261897e+42
3.715000e-15 1.745885e+21 3.048115e+42
3.720000e-15 1.421395e+21 2.020365e+42
3.725000e-15 1.092245e+21 1.192998e+42
3.730000e-15 7.597262e+20 5.771838e+41
3.735000e-15 4.251422e+20 1.807459e+41
3.740000e-15 8.979968e+19 8.063983e+39
3.745000e-15 -2.449952e+20 6.002263e+40
3.750000e-15 -5.779418e+20 3.340167e+41
3.755000e-15 -9.077502e+20 8.240104e+41
3.760000e-15 -1.233146e+21 1.520650e+42
3.765000e-15 -1.552876e+21 2.411425e+42
3.770000e-15 -1.865713e+21 3.480883e+42
3.775000e-15 -2.170456e+21 4.710881e+42
3.780000e-15 -2.465945e+21 6.080883e+42
3.785000e-15 -2.751053e+21 7.568292e+42
3.790000e-15 -3.024700e+21 9.148811e+42
3.795000e-15 -3.285853e+21 1.079683e+43
3.800000e-15 -3.533529e+21 1.248583e+43
3.805000e-15 -3.766801e+21 1.418879e+43
3.810000e-15 -3.984800e+21 1.587863e+43
3.815000e-15 -4.186720e+21 1.752862e+43
3.820000e-15 -4.371816e+21 1.911278e+43
3.825000e-15 -4.539416e+21 2.060629e+43
3.830000e-15 -4.688912e+21 2.198589e+43
3.835000e-15 -4.819771e+21 2.323019e+43
3.840000e-15 -4.931534e+21 2.432003e+43
3.845000e-15 -5.023816e+21 2.523873e+43
3.850000e-15 -5.096310e+21 2.597238e+43
3.855000e-15 -5.148787e+21 2.651000e+43
3.860000e-15 -5.181093e+21 2.684372e+43
3.865000e-15 -5.193157e+21 2.696888e+43
3.870000e-15 -5.184984e+21 2.688406e+43
3.875000e-15 -5.156659e+21 2.659114e+43
3.880000e-15 -5.108346e+21 2.609520e+43
3.885000e-15 -5.040282e+21 2.540445e+43
3.890000e-15 -4.952786e+21 2.453009e+43
3.895000e-15 -4.846246e+21 2.348610e+43
3.900000e-15 -4.721128e+21 2.228905e+43
3.905000e-15 -4.577964e+21 2.095776e+43
3.910000e-15 -4.417359e+21 1.951306e+43
3.915000e-15 -4.239982e+21 1.797745e+43
3.920000e-15 -4.046566e+21 1.637469e+43
3.925000e-15 -3.837903e+21 1.472950e+43
3.930000e-15 -3.614844e+21 1.306710e+43
3.935000e-15 -3.378293e+21 1.141286e+43
3.940000e-15 -3.129205e+21 9.791921e+42
3.945000e-15 -2.868579e+21 8.228743e+42
3.950000e-15 -2.597458e+21 6.746786e+42
3.955000e-15 -2.316922e+21 5.368129e+42
3.960000e-15 -2.028087e+21 4.113137e+42
3.965000e-15 -1.732096e+21 3.000156e+42
3.970000e-15 -1.430117e+21 2.045235e+42
3.975000e-15 -1.123340e+21 1.261892e+42
3.980000e-15 -8.129682e+20 6.609173e+41
3.985000e-15 -5.002180e+20 2.502181e+41
3.990000e-15 -1.863106e+20 3.471165e+40
3.995000e-15 1.275311e+20 1.626417e+40
4.000000e-15 4.400875e+20 1.936770e+41
4.005000e-15 7.501474e+20 5.627211e+41
4.010000e-15 1.056512e+21 1.116217e+42
4.015000e-15 1.358000e+21 1.844163e+42
4.020000e-15 1.653452e+21 2.733903e+42
4.025000e-15 1.941735e+21 3.770334e+42
4.030000e-15 2.221747e+21 4.936158e+42
4.035000e-15 2.492420e+21 6.212156e+42
4.040000e-15 2.752726e+21 7.577499e+42
4.045000e-15 3.001679e+21 9.010078e+42
4.050000e-15 3.238341e+21 1.048685e+43
4.055000e-15 3.461822e+21 1.198421e+43
4.060000e-15 3.671287e+21 1.347835e+43
4.065000e-15 3.865956e+21 1.494562e+43
4.070000e-15 4.045111e+21 1.636292e+43
4.075000e-15 4.208092e+21 1.770804e+43
4.080000e-15 4.354309e+21 1.896000e+43
4.085000e-15 4.483232e+21 2.009937e+43
4.090000e-15 4.594406e+21 2.110856e+43
4.095000e-15 4.687440e+21 2.197210e+43
4.100000e-15 4.762019e+21 2.267683e+43
4.105000e-15 4.817899e+21 2.321215e+43
4.110000e-15 4.854907e+21 2.357013e+43
4.115000e-15 4.872948e+21 2.374562e+43
4.120000e-15 4.871997e+21 2.373635e+43
4.125000e-15 4.852104e+21 2.354292e+43
4.130000e-15 4.813394e+21 2.316876e+43
4.135000e-15 4.756062e+21 2.262013e+43
4.140000e-15 4.680378e+21 2.190594e+43
4.145000e-15 4.586679e+21 2.103763e+43
4.150000e-15 4.475374e+21 2.002897e+43
4.155000e-15 4.346938e+21 1.889587e+43
4.160000e-15 4.201912e+21 1.765607e+43
4.165000e-15 4.040900e+21 1.632887e+43
4.170000e-15 3.864565e+21 1.493486e+43
4.175000e-15 3.673630e+21 1.349556e+43
4.180000e-15 3.468873e+21 1.203308e+43
4.185000e-15 3.251122e+21 1.056979e+43
4.190000e-15 3.021254e+21 9.127973e+42
4.195000e-15 2.780191e+21 7.729463e+42
4.200000e-15 2.528898e+21 6.395326e+42
4.205000e-15 2.268375e+21 5.145525e+42
4.210000e-15 1.999656e+21 3.998625e+42
4.215000e-15 1.723805e+21 2.971505e+42
4.220000e-15 1.441911e+21 2.079108e+42
4.225000e-15 1.155083e+21 1.334218e+42
4.230000e-15 8.644478e+20 7.472700e+41
4.235000e-15 5.711428e+20 3.262041e+41
4.240000e-15 2.763140e+20 7.634945e+40
4.245000e-15 -1.888939e+19 3.568090e+38
4.250000e-15 -3.133199e+20 9.816933e+40
4.255000e-15 -6.058354e+20 3.670365e+41
4.260000e-15 -8.953042e+20 8.015696e+41
4.265000e-15 -1.180609e+21 1.393838e+42
4.270000e-15 -1.460651e+21 2.133502e+42
4.275000e-15 -1.734356e+21 3.007990e+42
4.280000e-15 -2.000674e+21 4.002696e+42
4.285000e-15 -2.258589e+21 5.101224e+42
4.290000e-15 -2.507118e+21 6.285643e+42
4.295000e-15 -2.745319e+21 7.536777e+42
4.300000e-15 -2.972290e+21 8.834508e+42
4.305000e-15 -3.187176e+21 1.015809e+43
4.310000e-15 -3.389170e+21 1.148647e+43
4.315000e-15 -3.577518e+21 1.279864e+43
4.320000e-15 -3.751521e+21 1.407391e+43
4.325000e-15 -3.910535e+21 1.529229e+43
4.330000e-15 -4.053979e+21 1.643474e+43
4.335000e-15 -4.181331e+21 1.748352e+43
4.340000e-15 -4.292133e+21 1.842241e+43
4.345000e-15 -4.385995e+21 1.923695e+43
4.350000e-15 -4.462591e+21 1.991472e+43
4.355000e-15 -4.521662e+21 2.044543e+43
4.360000e-15 -4.563022e+21 2.082117e+43
4.365000e-15 -4.586549e+21 2.103643e+43
4.370000e-15 -4.592193e+21 2.108824e+43
4.375000e-15 -4.579975e+21 2.097617e+43
4.380000e-15 -4.549982e+21 2.070234e+43
4.385000e-15 -4.502372e+21 2.027136e+43
4.390000e-15 -4.437371e+21 1.969026e+43
4.395000e-15 -4.355270e+21 1.896838e+43
4.400000e-15 -4.256428e+21 1.811718e+43
4.405000e-15 -4.141268e+21 1.715010e+43
4.410000e-15 -4.010274e+21 1.608230e+43
4.415000e-15 -3.863990e+21 1.493042e+43
4.420000e-15 -3.703021e+21 1.371236e+43
4.425000e-15 -3.528024e+21 1.244696e+43
4.430000e-15 -3.339712e+21 1.115368e+43
4.435000e-15 -3.138847e+21 9.852359e+42
4.440000e-15 -2.926236e+21 8.562857e+42
4.445000e-15 -2.702733e+21 7.304764e+42
4.450000e-15 -2.469230e+21 6.097096e+42
4.455000e-15 -2.226657e+21 4.958001e+42
4.460000e-15 -1.975977e+21 3.904483e+42
4.465000e-15 -1.718181e+21 2.952146e+42
4.470000e-15 -1.454287e+21 2.114952e+42
4.475000e-15 -1.185335e+21 1.405018e+42
4.480000e-15 -9.123788e+20 8.324350e+41
4.485000e-15 -6.364890e+20 4.051183e+41
4.490000e-15 -3.587435e+20 1.286969e+41
4.495000e-15 -8.022533e+19 6.436103e+39
4.500000e-15 1.979821e+20 3.919689e+40
4.505000e-15 4.747987e+20 2.254338e+41
4.510000e-15 7.491525e+20 5.612295e+41
4.515000e-15 1.019983e+21 1.040366e+42
4.520000e-15 1.286247e+21 1.654432e+42
4.525000e-15 1.546920e+21 2.392961e+42
4.530000e-15 1.801001e+21 3.243605e+42
4.535000e-15 2.047519e+21 4.192335e+42
4.540000e-15 2.285533e+21 5.223662e+42
4.545000e-15 2.514137e+21 6.320886e+42
4.550000e-15 2.732464e+21 7.466361e+42
4.555000e-15 2.939689e+21 8.641773e+42
4.560000e-15 3.135032e+21 9.828423e+42
4.565000e-15 3.317759e+21 1.100752e+43
4.570000e-15 3.487189e+21 1.216049e+43
4.575000e-15 3.642693e+21 1.326922e+43
4.580000e-15 3.783698e+21 1.431637e+43
4.585000e-15 3.909688e+21 1.528566e+43
4.590000e-15 4.020207e+21 1.616206e+43
4.595000e-15 4.114858e+21 1.693206e+43
4.600000e-15 4.193310e+21 1.758385e+43
4.605000e-15 4.255292e+21 1.810751e+43
4.610000e-15 4.300601e+21 1.849517e+43
4.615000e-15 4.329095e+21 1.874107e+43
4.620000e-15 4.340702e+21 1.884170e+43
4.625000e-15 4.335414e+21 1.879581e+43
4.630000e-15 4.313286e+21 1.860443e+43
4.635000e-15 4.274442e+21 1.827085e+43
4.640000e-15 4.219069e+21 1.780054e+43
4.645000e-15 4.147417e+21 1.720107e+43
4.650000e-15 4.059801e+21 1.648199e+43
4.655000e-15 3.956595e+21 1.565464e+43
4.660000e-15 3.838233e+21 1.473204e+43
4.665000e-15 3.705209e+21 1.372857e+43
4.670000e-15 3.558069e+21 1.265986e+43
4.675000e-15 3.397417e+21 1.154244e+43
4.680000e-15 3.223904e+21 1.039356e+43
4.685000e-15 3.038234e+21 9.230863e+42
4.690000e-15 2.841152e+21 8.072143e+42
4.695000e-15 2.633449e+21 6.935052e+42
4.700000e-15 2.415954e+21 5.836834e+42
4.705000e-15 2.189533e+21 4.794056e+42
4.710000e-15 1.955085e+21 3.822358e+42
4.715000e-15 1.713537e+21 2.936210e+42
4.720000e-15 1.465843e+21 2.148696e+42
4.725000e-15 1.212978e+21 1.471315e+42
4.730000e-15 9.559341e+20 9.138100e+41
4.735000e-15 6.957199e+20 4.840262e+41
4.740000e-15 4.333525e+20 1.877944e+41
4.745000e-15 1.698555e+20 2.885088e+40
4.750000e-15 -9.374522e+19 8.788166e+39
4.755000e-15 -3.564255e+20 1.270391e+41
4.760000e-15 -6.171669e+20 3.808950e+41
4.765000e-15 -8.749607e+20 7.655563e+41
4.770000e-15 -1.128812e+21 1.274216e+42
4.775000e-15 -1.377742e+21 1.898174e+42
4.780000e-15 -1.620796e+21 2.626980e+42
4.785000e-15 -1.857041e+21 3.448600e+42
4.790000e-15 -2.085573e+21 4.349614e+42
4.795000e-15 -2.305521e+21 5.315429e+42
4.800000e-15 -2.516049e+21 6.330505e+42
4.805000e-15 -2.716359e+21 7.378607e+42
4.810000e-15 -2.905694e+21 8.443055e+42
4.815000e-15 -3.083340e+21 9.506986e+42
4.820000e-15 -3.248633e+21 1.055362e+43
4.825000e-15 -3.400956e+21 1.156650e+43
4.830000e-15 -3.539744e+21 1.252979e+43
4.835000e-15 -3.664487e+21 1.342846e+43
4.840000e-15 -3.774728e+21 1.424857e+43
4.845000e-15 -3.870070e+21 1.497744e+43
4.850000e-15 -3.950172e+21 1.560386e+43
4.855000e-15 -4.014756e+21 1.611826e+43
4.860000e-15 -4.063601e+21 1.651286e+43
4.865000e-15 -4.096552e+21 1.678174e+43
4.870000e-15 -4.113513e+21 1.692099e+43
4.875000e-15 -4.114449e+21 1.692869e+43
4.880000e-15 -4.099392e+21 1.680502e+43
4.885000e-15 -4.068432e+21 1.655214e+43
4.890000e-15 -4.021722e+21 1.617425e+43
4.895000e-15 -3.959475e+21 1.567745e+43
4.900000e-15 -3.881966e+21 1.506966e+43
4.905000e-15 -3.789526e+21 1.436051e+43
4.910000e-15 -3.682545e+21 1.356114e+43
4.915000e-15 -3.561468e+21 1.268405e+43
4.920000e-15 -3.426794e+21 1.174292e+43
4.925000e-15 -3.279074e+21 1.075233e+43
4.930000e-15 -3.118909e+21 9.727593e+42
4.935000e-15 -2.946945e+21 8.684485e+42
4.940000e-15 -2.763875e+21 7.639004e+42
4.945000e-15 -2.570432e+21 6.607121e+42
4.950000e-15 -2.367389e+21 5.604530e+42
4.955000e-15 -2.155554e+21 4.646412e+42
4.960000e-15 -1.935767e+21 3.747195e+42
4.965000e-15 -1.708899e+21 2.920336e+42
4.970000e-15 -1.475845e+21 2.178119e+42
4.975000e-15 -1.237523e+21 1.531463e+42
4.980000e-15 -9.948693e+20 9.897649e+41
4.985000e-15 -7.488352e+20 5.607542e+41
4.990000e-15 -5.003835e+20 2.503837e+41
4.995000e-15 -2.504842e+20 6.274233e+40
5.000000e-15 -1.110471e+17 1.233145e+34
