0.000000e+00 nan nan
5.000000e-18 3.126407e+16 9.774424e+32
1.000000e-17 2.500747e+17 6.253737e+34
1.500000e-17 8.437893e+17 7.119803e+35
2.000000e-17 1.999387e+18 3.997547e+36
2.500000e-17 3.903278e+18 1.523558e+37
3.000000e-17 6.741121e+18 4.544271e+37
3.500000e-17 1.069763e+19 1.144392e+38
4.000000e-17 1.595638e+19 2.546061e+38
4.500000e-17 2.269965e+19 5.152740e+38
5.000000e-17 3.110820e+19 9.677199e+38
5.500000e-17 4.136111e+19 1.710741e+39
6.000000e-17 5.363560e+19 2.876778e+39
6.500000e-17 6.810685e+19 4.638542e+39
7.000000e-17 8.494779e+19 7.216127e+39
7.500000e-17 1.043290e+20 1.088453e+40
8.000000e-17 1.264184e+20 1.598160e+40
8.500000e-17 1.513812e+20 2.291627e+40
9.000000e-17 1.793798e+20 3.217710e+40
9.500000e-17 2.105733e+20 4.434110e+40
1.000000e-16 2.451177e+20 6.008269e+40
1.050000e-16 2.831656e+20 8.018276e+40
1.100000e-16 3.248660e+20 1.055379e+41
1.150000e-16 3.703641e+20 1.371695e+41
1.200000e-16 4.198012e+20 1.762331e+41
1.250000e-16 4.733148e+20 2.240269e+41
1.300000e-16 5.310381e+20 2.820014e+41
1.350000e-16 5.930997e+20 3.517673e+41
1.400000e-16 6.596243e+20 4.351042e+41
1.450000e-16 7.307316e+20 5.339687e+41
1.500000e-16 8.065366e+20 6.505013e+41
1.550000e-16 8.871497e+20 7.870346e+41
1.600000e-16 9.726761e+20 9.460988e+41
1.650000e-16 1.063216e+21 1.130428e+42
1.700000e-16 1.158864e+21 1.342967e+42
1.750000e-16 1.259711e+21 1.586872e+42
1.800000e-16 1.365840e+21 1.865519e+42
1.850000e-16 1.477330e+21 2.182505e+42
1.900000e-16 1.594255e+21 2.541650e+42
1.950000e-16 1.716682e+21 2.946996e+42
2.000000e-16 1.844672e+21 3.402814e+42
2.050000e-16 1.978281e+21 3.913597e+42
2.100000e-16 2.117560e+21 4.484060e+42
2.150000e-16 2.262552e+21 5.119141e+42
2.200000e-16 2.413295e+21 5.823991e+42
2.250000e-16 2.569820e+21 6.603975e+42
2.300000e-16 2.732153e+21 7.464662e+42
2.350000e-16 2.900314e+21 8.411823e+42
2.400000e-16 3.074316e+21 9.451416e+42
2.450000e-16 3.254164e+21 1.058958e+43
2.500000e-16 3.439860e+21 1.183263e+43
2.550000e-16 3.631397e+21 1.318704e+43
2.600000e-16 3.828763e+21 1.465943e+43
2.650000e-16 4.031939e+21 1.625654e+43
2.700000e-16 4.240901e+21 1.798524e+43
2.750000e-16 4.455616e+21 1.985251e+43
2.800000e-16 4.676046e+21 2.186540e+43
2.850000e-16 4.902147e+21 2.403104e+43
2.900000e-16 5.133868e+21 2.635660e+43
2.950000e-16 5.371152e+21 2.884927e+43
3.000000e-16 5.613935e+21 3.151626e+43
3.050000e-16 5.862147e+21 3.436477e+43
3.100000e-16 6.115713e+21 3.740195e+43
3.150000e-16 6.374550e+21 4.063489e+43
3.200000e-16 6.638569e+21 4.407060e+43
3.250000e-16 6.907676e+21 4.771598e+43
3.300000e-16 7.181769e+21 5.157781e+43
3.350000e-16 7.460743e+21 5.566268e+43
3.400000e-16 7.744483e+21 5.997702e+43
3.450000e-16 8.032873e+21 6.452704e+43
3.500000e-16 8.325786e+21 6.931871e+43
3.550000e-16 8.623094e+21 7.435774e+43
3.600000e-16 8.924659e+21 7.964955e+43
3.650000e-16 9.230342e+21 8.519922e+43
3.700000e-16 9.539995e+21 9.101151e+43
3.750000e-16 9.853467e+21 9.709081e+43
3.800000e-16 1.017060e+22 1.034411e+44
3.850000e-16 1.049123e+22 1.100659e+44
3.900000e-16 1.081519e+22 1.169684e+44
3.950000e-16 1.114232e+22 1.241512e+44
4.000000e-16 1.147242e+22 1.316164e+44
4.050000e-16 1.180533e+22 1.393657e+44
4.100000e-16 1.214085e+22 1.474002e+44
4.150000e-16 1.247879e+22 1.557203e+44
4.200000e-16 1.281897e+22 1.643259e+44
4.250000e-16 1.316118e+22 1.732166e+44
4.300000e-16 1.350521e+22 1.823908e+44
4.350000e-16 1.385088e+22 1.918468e+44
4.400000e-16 1.419795e+22 2.015819e+44
4.450000e-16 1.454623e+22 2.115928e+44
4.500000e-16 1.489549e+22 2.218758e+44
4.550000e-16 1.524552e+22 2.324260e+44
4.600000e-16 1.559610e+22 2.432383e+44
4.650000e-16 1.594699e+22 2.543065e+44
4.700000e-16 1.629798e+22 2.656241e+44
4.750000e-16 1.664883e+22 2.771834e+44
4.800000e-16 1.699930e+22 2.889763e+44
4.850000e-16 1.734918e+22 3.009940e+44
4.900000e-16 1.769822e+22 3.132269e+44
4.950000e-16 1.804618e+22 3.256646e+44
5.000000e-16 1.839283e+22 3.382961e+44
5.050000e-16 1.873792e+22 3.511097e+44
5.100000e-16 1.908123e+22 3.640932e+44
5.150000e-16 1.942249e+22 3.772332e+44
5.200000e-16 1.976148e+22 3.905160e+44
5.250000e-16 2.009794e+22 4.039274e+44
5.300000e-16 2.043165e+22 4.174522e+44
5.350000e-16 2.076234e+22 4.310750e+44
5.400000e-16 2.108979e+22 4.447794e+44
5.450000e-16 2.141375e+22 4.585487e+44
5.500000e-16 2.173397e+22 4.723656e+44
5.550000e-16 2.205023e+22 4.862124e+44
5.600000e-16 2.236226e+22 5.000708e+44
5.650000e-16 2.266985e+22 5.139220e+44
5.700000e-16 2.297274e+22 5.277469e+44
5.750000e-16 2.327071e+22 5.415261e+44
5.800000e-16 2.356352e+22 5.552397e+44
5.850000e-16 2.385094e+22 5.688675e+44
5.900000e-16 2.413274e+22 5.823893e+44
5.950000e-16 2.440869e+22 5.957843e+44
6.000000e-16 2.467857e+22 6.090318e+44
6.050000e-16 2.494215e+22 6.221109e+44
6.100000e-16 2.519922e+22 6.350005e+44
6.150000e-16 2.544955e+22 6.476797e+44
6.200000e-16 2.569294e+22 6.601274e+44
6.250000e-16 2.592918e+22 6.723226e+44
6.300000e-16 2.615806e+22 6.842443e+44
6.350000e-16 2.637939e+22 6.958720e+44
6.400000e-16 2.659295e+22 7.071849e+44
6.450000e-16 2.679856e+22 7.181628e+44
6.500000e-16 2.699603e+22 7.287857e+44
6.550000e-16 2.718518e+22 7.390339e+44
6.600000e-16 2.736582e+22 7.488881e+44
6.650000e-16 2.753778e+22 7.583295e+44
6.700000e-16 2.770090e+22 7.673397e+44
6.750000e-16 2.785500e+22 7.759008e+44
6.800000e-16 2.799992e+22 7.839956e+44
6.850000e-16 2.813552e+22 7.916075e+44
6.900000e-16 2.826164e+22 7.987205e+44
6.950000e-16 2.837815e+22 8.053193e+44
7.000000e-16 2.848490e+22 8.113894e+44
7.050000e-16 2.858176e+22 8.169171e+44
7.100000e-16 2.866862e+22 8.218896e+44
7.150000e-16 2.874534e+22 8.262948e+44
7.200000e-16 2.881183e+22 8.301216e+44
7.250000e-16 2.886797e+22 8.333598e+44
7.300000e-16 2.891367e+22 8.360002e+44
7.350000e-16 2.894883e+22 8.380348e+44
7.400000e-16 2.897337e+22 8.394561e+44
7.450000e-16 2.898721e+22 8.402583e+44
7.500000e-16 2.899028e+22 8.404362e+44
7.550000e-16 2.898251e+22 8.399859e+44
7.600000e-16 2.896385e+22 8.389046e+44
7.650000e-16 2.893425e+22 8.371906e+44
7.700000e-16 2.889366e+22 8.348434e+44
7.750000e-16 2.884205e+22 8.318636e+44
7.800000e-16 2.877938e+22 8.282529e+44
7.850000e-16 2.870565e+22 8.240144e+44
7.900000e-16 2.862083e+22 8.191521e+44
7.950000e-16 2.852493e+22 8.136714e+44
8.000000e-16 2.841793e+22 8.075787e+44
8.050000e-16 2.829985e+22 8.008816e+44
8.100000e-16 2.817071e+22 7.935890e+44
8.150000e-16 2.803053e+22 7.857108e+44
8.200000e-16 2.787935e+22 7.772579e+44
8.250000e-16 2.771719e+22 7.682426e+44
8.300000e-16 2.754411e+22 7.586781e+44
8.350000e-16 2.736017e+22 7.485787e+44
8.400000e-16 2.716541e+22 7.379597e+44
8.450000e-16 2.695993e+22 7.268376e+44
8.500000e-16 2.674378e+22 7.152296e+44
8.550000e-16 2.651705e+22 7.031541e+44
8.600000e-16 2.627984e+22 6.906301e+44
8.650000e-16 2.603225e+22 6.776779e+44
8.700000e-16 2.577437e+22 6.643182e+44
8.750000e-16 2.550633e+22 6.505728e+44
8.800000e-16 2.522824e+22 6.364640e+44
8.850000e-16 2.494023e+22 6.220151e+44
8.900000e-16 2.464244e+22 6.072497e+44
8.950000e-16 2.433500e+22 5.921922e+44
9.000000e-16 2.401807e+22 5.768676e+44
9.050000e-16 2.369179e+22 5.613011e+44
9.100000e-16 2.335634e+22 5.455187e+44
9.150000e-16 2.301188e+22 5.295466e+44
9.200000e-16 2.265858e+22 5.134112e+44
9.250000e-16 2.229662e+22 4.971394e+44
9.300000e-16 2.192620e+22 4.807581e+44
9.350000e-16 2.154749e+22 4.642945e+44
9.400000e-16 2.116071e+22 4.477758e+44
9.450000e-16 2.076606e+22 4.312293e+44
9.500000e-16 2.036374e+22 4.146821e+44
9.550000e-16 1.995398e+22 3.981614e+44
9.600000e-16 1.953699e+22 3.816941e+44
9.650000e-16 1.911301e+22 3.653070e+44
9.700000e-16 1.868225e+22 3.490265e+44
9.750000e-16 1.824496e+22 3.328786e+44
9.800000e-16 1.780138e+22 3.168892e+44
9.850000e-16 1.735176e+22 3.010836e+44
9.900000e-16 1.689634e+22 2.854863e+44
9.950000e-16 1.643538e+22 2.701218e+44
1.000000e-15 1.596914e+22 2.550134e+44
1.005000e-15 1.549788e+22 2.401841e+44
1.010000e-15 1.502186e+22 2.256562e+44
1.015000e-15 1.454135e+22 2.114510e+44
1.020000e-15 1.405664e+22 1.975891e+44
1.025000e-15 1.356798e+22 1.840902e+44
1.030000e-15 1.307567e+22 1.709732e+44
1.035000e-15 1.257998e+22 1.582559e+44
1.040000e-15 1.208120e+22 1.459553e+44
1.045000e-15 1.157960e+22 1.340872e+44
1.050000e-15 1.107549e+22 1.226665e+44
1.055000e-15 1.056915e+22 1.117069e+44
1.060000e-15 1.006087e+22 1.012211e+44
1.065000e-15 9.550948e+21 9.122061e+43
1.070000e-15 9.039674e+21 8.171571e+43
1.075000e-15 8.527346e+21 7.271563e+43
1.080000e-15 8.014259e+21 6.422835e+43
1.085000e-15 7.500711e+21 5.626067e+43
1.090000e-15 6.987000e+21 4.881817e+43
1.095000e-15 6.473422e+21 4.190520e+43
1.100000e-15 5.960276e+21 3.552489e+43
1.105000e-15 5.447859e+21 2.967917e+43
1.110000e-15 4.936467e+21 2.436871e+43
1.115000e-15 4.426398e+21 1.959300e+43
1.120000e-15 3.917946e+21 1.535030e+43
1.125000e-15 3.411406e+21 1.163769e+43
1.130000e-15 2.907071e+21 8.451063e+42
1.135000e-15 2.405232e+21 5.785143e+42
1.140000e-15 1.906180e+21 3.633522e+42
1.145000e-15 1.410202e+21 1.988669e+42
1.150000e-15 9.175831e+20 8.419587e+41
1.155000e-15 4.286078e+20 1.837047e+41
1.160000e-15 -5.644327e+19 3.185843e+39
1.165000e-15 -5.372922e+20 2.886829e+41
1.170000e-15 -1.013664e+21 1.027514e+42
1.175000e-15 -1.485286e+21 2.206074e+42
1.180000e-15 -1.951890e+21 3.809873e+42
1.185000e-15 -2.413210e+21 5.823585e+42
1.190000e-15 -2.868987e+21 8.231084e+42
1.195000e-15 -3.318961e+21 1.101550e+43
1.200000e-15 -3.762879e+21 1.415926e+43
1.205000e-15 -4.200493e+21 1.764414e+43
1.210000e-15 -4.631558e+21 2.145133e+43
1.215000e-15 -5.055833e+21 2.556145e+43
1.220000e-15 -5.473084e+21 2.995465e+43
1.225000e-15 -5.883080e+21 3.461063e+43
1.230000e-15 -6.285596e+21 3.950872e+43
1.235000e-15 -6.680413e+21 4.462792e+43
1.240000e-15 -7.067316e+21 4.994696e+43
1.245000e-15 -7.446097e+21 5.544435e+43
1.250000e-15 -7.816551e+21 6.109847e+43
1.255000e-15 -8.178483e+21 6.688759e+43
1.260000e-15 -8.531702e+21 7.278994e+43
1.265000e-15 -8.876022e+21 7.878377e+43
1.270000e-15 -9.211265e+21 8.484740e+43
1.275000e-15 -9.537259e+21 9.095930e+43
1.280000e-15 -9.853838e+21 9.709812e+43
1.285000e-15 -1.016084e+22 1.032427e+44
1.290000e-15 -1.045812e+22 1.093723e+44
1.295000e-15 -1.074553e+22 1.154665e+44
1.300000e-15 -1.102293e+22 1.215050e+44
1.305000e-15 -1.129019e+22 1.274684e+44
1.310000e-15 -1.154719e+22 1.333375e+44
1.315000e-15 -1.179380e+22 1.390937e+44
1.320000e-15 -1.202992e+22 1.447190e+44
1.325000e-15 -1.225545e+22 1.501961e+44
1.330000e-15 -1.247029e+22 1.555082e+44
1.335000e-15 -1.267436e+22 1.606394e+44
1.340000e-15 -1.286757e+22 1.655744e+44
1.345000e-15 -1.304986e+22 1.702989e+44
1.350000e-15 -1.322116e+22 1.747990e+44
1.355000e-15 -1.338141e+22 1.790621e+44
1.360000e-15 -1.353056e+22 1.830761e+44
1.365000e-15 -1.366858e+22 1.868301e+44
1.370000e-15 -1.379543e+22 1.903138e+44
1.375000e-15 -1.391108e+22 1.935182e+44
1.380000e-15 -1.401552e+22 1.964348e+44
1.385000e-15 -1.410874e+22 1.990565e+44
1.390000e-15 -1.419073e+22 2.013768e+44
1.395000e-15 -1.426150e+22 2.033904e+44
1.400000e-15 -1.432107e+22 2.050930e+44
1.405000e-15 -1.436945e+22 2.064811e+44
1.410000e-15 -1.440668e+22 2.075523e+44
1.415000e-15 -1.443278e+22 2.083053e+44
1.420000e-15 -1.444782e+22 2.087395e+44
1.425000e-15 -1.445183e+22 2.088554e+44
1.430000e-15 -1.444488e+22 2.086545e+44
1.435000e-15 -1.442703e+22 2.081392e+44
1.440000e-15 -1.439836e+22 2.073128e+44
1.445000e-15 -1.435895e+22 2.061795e+44
1.450000e-15 -1.430889e+22 2.047445e+44
1.455000e-15 -1.424828e+22 2.030135e+44
1.460000e-15 -1.417722e+22 2.009935e+44
1.465000e-15 -1.409581e+22 1.986920e+44
1.470000e-15 -1.400419e+22 1.961173e+44
1.475000e-15 -1.390246e+22 1.932785e+44
1.480000e-15 -1.379077e+22 1.901854e+44
1.485000e-15 -1.366925e+22 1.868485e+44
1.490000e-15 -1.353805e+22 1.832787e+44
1.495000e-15 -1.339731e+22 1.794879e+44
1.500000e-15 -1.324719e+22 1.754881e+44
1.505000e-15 -1.308786e+22 1.712921e+44
1.510000e-15 -1.291949e+22 1.669131e+44
1.515000e-15 -1.274224e+22 1.623647e+44
1.520000e-15 -1.255630e+22 1.576608e+44
1.525000e-15 -1.236187e+22 1.528158e+44
1.530000e-15 -1.215912e+22 1.478442e+44
1.535000e-15 -1.194826e+22 1.427608e+44
1.540000e-15 -1.172948e+22 1.375807e+44
1.545000e-15 -1.150300e+22 1.323191e+44
1.550000e-15 -1.126903e+22 1.269911e+44
1.555000e-15 -1.102779e+22 1.216121e+44
1.560000e-15 -1.077949e+22 1.161973e+44
1.565000e-15 -1.052436e+22 1.107621e+44
1.570000e-15 -1.026263e+22 1.053215e+44
1.575000e-15 -9.994531e+21 9.989065e+43
1.580000e-15 -9.720307e+21 9.448437e+43
1.585000e-15 -9.440195e+21 8.911727e+43
1.590000e-15 -9.154438e+21 8.380374e+43
1.595000e-15 -8.863286e+21 7.855783e+43
1.600000e-15 -8.566987e+21 7.339326e+43
1.605000e-15 -8.265795e+21 6.832336e+43
1.610000e-15 -7.959965e+21 6.336105e+43
1.615000e-15 -7.649757e+21 5.851878e+43
1.620000e-15 -7.335429e+21 5.380852e+43
1.625000e-15 -7.017245e+21 4.924173e+43
1.630000e-15 -6.695469e+21 4.482930e+43
1.635000e-15 -6.370366e+21 4.058156e+43
1.640000e-15 -6.042203e+21 3.650822e+43
1.645000e-15 -5.711249e+21 3.261837e+43
1.650000e-15 -5.377774e+21 2.892045e+43
1.655000e-15 -5.042046e+21 2.542223e+43
1.660000e-15 -4.704337e+21 2.213079e+43
1.665000e-15 -4.364918e+21 1.905251e+43
1.670000e-15 -4.024060e+21 1.619306e+43
1.675000e-15 -3.682034e+21 1.355738e+43
1.680000e-15 -3.339111e+21 1.114966e+43
1.685000e-15 -2.995561e+21 8.973389e+42
1.690000e-15 -2.651655e+21 7.031273e+42
1.695000e-15 -2.307660e+21 5.325295e+42
1.700000e-15 -1.963845e+21 3.856688e+42
1.705000e-15 -1.620477e+21 2.625944e+42
1.710000e-15 -1.277819e+21 1.632822e+42
1.715000e-15 -9.361371e+20 8.763527e+41
1.720000e-15 -5.956913e+20 3.548481e+41
1.725000e-15 -2.567414e+20 6.591616e+40
1.730000e-15 8.045516e+19 6.473032e+39
1.735000e-15 4.156436e+20 1.727596e+41
1.740000e-15 7.485717e+20 5.603596e+41
1.745000e-15 1.078990e+21 1.164219e+42
1.750000e-15 1.406652e+21 1.978670e+42
1.755000e-15 1.731314e+21 2.997450e+42
1.760000e-15 2.052737e+21 4.213731e+42
1.765000e-15 2.370684e+21 5.620144e+42
1.770000e-15 2.684923e+21 7.208809e+42
1.775000e-15 2.995223e+21 8.971362e+42
1.780000e-15 3.301361e+21 1.089899e+43
1.785000e-15 3.603116e+21 1.298245e+43
1.790000e-15 3.900272e+21 1.521212e+43
1.795000e-15 4.192616e+21 1.757803e+43
1.800000e-15 4.479941e+21 2.006987e+43
1.805000e-15 4.762045e+21 2.267707e+43
1.810000e-15 5.038730e+21 2.538880e+43
1.815000e-15 5.309804e+21 2.819401e+43
1.820000e-15 5.575079e+21 3.108150e+43
1.825000e-15 5.834373e+21 3.403991e+43
1.830000e-15 6.087511e+21 3.705779e+43
1.835000e-15 6.334320e+21 4.012361e+43
1.840000e-15 6.574635e+21 4.322583e+43
1.845000e-15 6.808298e+21 4.635292e+43
1.850000e-15 7.035153e+21 4.949338e+43
1.855000e-15 7.255055e+21 5.263582e+43
1.860000e-15 7.467860e+21 5.576893e+43
1.865000e-15 7.673434e+21 5.888158e+43
1.870000e-15 7.871647e+21 6.196282e+43
1.875000e-15 8.062376e+21 6.500191e+43
1.880000e-15 8.245506e+21 6.798837e+43
1.885000e-15 8.420926e+21 7.091199e+43
1.890000e-15 8.588533e+21 7.376289e+43
1.895000e-15 8.748229e+21 7.653151e+43
1.900000e-15 8.899926e+21 7.920867e+43
1.905000e-15 9.043538e+21 8.178558e+43
1.910000e-15 9.178991e+21 8.425387e+43
1.915000e-15 9.306213e+21 8.660560e+43
1.920000e-15 9.425142e+21 8.883329e+43
1.925000e-15 9.535721e+21 9.092997e+43
1.930000e-15 9.637901e+21 9.288913e+43
1.935000e-15 9.731639e+21 9.470481e+43
1.940000e-15 9.816901e+21 9.637154e+43
1.945000e-15 9.893656e+21 9.788443e+43
1.950000e-15 9.961884e+21 9.923913e+43
1.955000e-15 1.002157e+22 1.004318e+44
1.960000e-15 1.007270e+22 1.014593e+44
1.965000e-15 1.011528e+22 1.023190e+44
1.970000e-15 1.014932e+22 1.030087e+44
1.975000e-15 1.017482e+22 1.035269e+44
1.980000e-15 1.019180e+22 1.038729e+44
1.985000e-15 1.020030e+22 1.040461e+44
1.990000e-15 1.020034e+22 1.040469e+44
1.995000e-15 1.019196e+22 1.038761e+44
2.000000e-15 1.017521e+22 1.035349e+44
2.005000e-15 1.015014e+22 1.030253e+44
2.010000e-15 1.011681e+22 1.023498e+44
2.015000e-15 1.007528e+22 1.015113e+44
2.020000e-15 1.002563e+22 1.005132e+44
2.025000e-15 9.967931e+21 9.935964e+43
2.030000e-15 9.902269e+21 9.805493e+43
2.035000e-15 9.828734e+21 9.660401e+43
2.040000e-15 9.747421e+21 9.501222e+43
2.045000e-15 9.658432e+21 9.328532e+43
2.050000e-15 9.561875e+21 9.142946e+43
2.055000e-15 9.457863e+21 8.945117e+43
2.060000e-15 9.346513e+21 8.735731e+43
2.065000e-15 9.227951e+21 8.515509e+43
2.070000e-15 9.102306e+21 8.285197e+43
2.075000e-15 8.969711e+21 8.045572e+43
2.080000e-15 8.830308e+21 7.797433e+43
2.085000e-15 8.684239e+21 7.541601e+43
2.090000e-15 8.531655e+21 7.278914e+43
2.095000e-15 8.372710e+21 7.010227e+43
2.100000e-15 8.207561e+21 6.736406e+43
2.105000e-15 8.036373e+21 6.458329e+43
2.110000e-15 7.859312e+21 6.176878e+43
2.115000e-15 7.676549e+21 5.892940e+43
2.120000e-15 7.488259e+21 5.607402e+43
2.125000e-15 7.294622e+21 5.321150e+43
2.130000e-15 7.095819e+21 5.035065e+43
2.135000e-15 6.892037e+21 4.750017e+43
2.140000e-15 6.683465e+21 4.466870e+43
2.145000e-15 6.470295e+21 4.186472e+43
2.150000e-15 6.252723e+21 3.909655e+43
2.155000e-15 6.030947e+21 3.637232e+43
2.160000e-15 5.805168e+21 3.369997e+43
2.165000e-15 5.575588e+21 3.108718e+43
2.170000e-15 5.342413e+21 2.854137e+43
2.175000e-15 5.105851e+21 2.606971e+43
2.180000e-15 4.866111e+21 2.367904e+43
2.185000e-15 4.623404e+21 2.137587e+43
2.190000e-15 4.377944e+21 1.916640e+43
2.195000e-15 4.129945e+21 1.705644e+43
2.200000e-15 3.879621e+21 1.505146e+43
2.205000e-15 3.627189e+21 1.315650e+43
2.210000e-15 3.372867e+21 1.137623e+43
2.215000e-15 3.116872e+21 9.714892e+42
2.220000e-15 2.859424e+21 8.176303e+42
2.225000e-15 2.600740e+21 6.763847e+42
2.230000e-15 2.341039e+21 5.480466e+42
2.235000e-15 2.080542e+21 4.328654e+42
2.240000e-15 1.819465e+21 3.310454e+42
2.245000e-15 1.558028e+21 2.427451e+42
2.250000e-15 1.296448e+21 1.680777e+42
2.255000e-15 1.034942e+21 1.071104e+42
2.260000e-15 7.737256e+20 5.986513e+41
2.265000e-15 5.130143e+20 2.631837e+41
2.270000e-15 2.530216e+20 6.401991e+40
2.275000e-15 -6.040549e+18 3.648823e+37
2.280000e-15 -2.639614e+20 6.967561e+40
2.285000e-15 -5.205321e+20 2.709537e+41
2.290000e-15 -7.755459e+20 6.014715e+41
2.295000e-15 -1.028798e+21 1.058425e+42
2.300000e-15 -1.280086e+21 1.638620e+42
2.305000e-15 -1.529209e+21 2.338481e+42
2.310000e-15 -1.775971e+21 3.154073e+42
2.315000e-15 -2.020176e+21 4.081110e+42
2.320000e-15 -2.261632e+21 5.114980e+42
2.325000e-15 -2.500151e+21 6.250754e+42
2.330000e-15 -2.735546e+21 7.483214e+42
2.335000e-15 -2.967636e+21 8.806864e+42
2.340000e-15 -3.196241e+21 1.021596e+43
2.345000e-15 -3.421186e+21 1.170451e+43
2.350000e-15 -3.642298e+21 1.326634e+43
2.355000e-15 -3.859411e+21 1.489506e+43
2.360000e-15 -4.072361e+21 1.658412e+43
2.365000e-15 -4.280986e+21 1.832684e+43
2.370000e-15 -4.485132e+21 2.011641e+43
2.375000e-15 -4.684648e+21 2.194593e+43
2.380000e-15 -4.879386e+21 2.380841e+43
2.385000e-15 -5.069204e+21 2.569683e+43
2.390000e-15 -5.253963e+21 2.760413e+43
2.395000e-15 -5.433532e+21 2.952327e+43
2.400000e-15 -5.607782e+21 3.144722e+43
2.405000e-15 -5.776589e+21 3.336898e+43
2.410000e-15 -5.939834e+21 3.528163e+43
2.415000e-15 -6.097405e+21 3.717835e+43
2.420000e-15 -6.249194e+21 3.905242e+43
2.425000e-15 -6.395096e+21 4.089726e+43
2.430000e-15 -6.535015e+21 4.270642e+43
2.435000e-15 -6.668858e+21 4.447367e+43
2.440000e-15 -6.796538e+21 4.619293e+43
2.445000e-15 -6.917973e+21 4.785835e+43
2.450000e-15 -7.033087e+21 4.946432e+43
2.455000e-15 -7.141810e+21 5.100545e+43
2.460000e-15 -7.244076e+21 5.247664e+43
2.465000e-15 -7.339826e+21 5.387305e+43
2.470000e-15 -7.429007e+21 5.519014e+43
2.475000e-15 -7.511569e+21 5.642367e+43
2.480000e-15 -7.587471e+21 5.756971e+43
2.485000e-15 -7.656675e+21 5.862467e+43
2.490000e-15 -7.719151e+21 5.958529e+43
2.495000e-15 -7.774873e+21 6.044865e+43
2.500000e-15 -7.823821e+21 6.121218e+43
2.505000e-15 -7.865981e+21 6.187366e+43
2.510000e-15 -7.901346e+21 6.243126e+43
2.515000e-15 -7.929911e+21 6.288349e+43
2.520000e-15 -7.951680e+21 6.322922e+43
2.525000e-15 -7.966662e+21 6.346771e+43
2.530000e-15 -7.974871e+21 6.359856e+43
2.535000e-15 -7.976326e+21 6.362177e+43
2.540000e-15 -7.971052e+21 6.353767e+43
2.545000e-15 -7.959081e+21 6.334698e+43
2.550000e-15 -7.940449e+21 6.305073e+43
2.555000e-15 -7.915196e+21 6.265033e+43
2.560000e-15 -7.883371e+21 6.214754e+43
2.565000e-15 -7.845024e+21 6.154441e+43
2.570000e-15 -7.800215e+21 6.084335e+43
2.575000e-15 -7.749004e+21 6.004706e+43
2.580000e-15 -7.691459e+21 5.915854e+43
2.585000e-15 -7.627654e+21 5.818110e+43
2.590000e-15 -7.557665e+21 5.711830e+43
2.595000e-15 -7.481575e+21 5.597397e+43
2.600000e-15 -7.399472e+21 5.475218e+43
2.605000e-15 -7.311446e+21 5.345724e+43
2.610000e-15 -7.217594e+21 5.209367e+43
2.615000e-15 -7.118018e+21 5.066618e+43
2.620000e-15 -7.012821e+21 4.917966e+43
2.625000e-15 -6.902114e+21 4.763918e+43
2.630000e-15 -6.786010e+21 4.604994e+43
2.635000e-15 -6.664627e+21 4.441726e+43
2.640000e-15 -6.538087e+21 4.274658e+43
2.645000e-15 -6.406514e+21 4.104342e+43
2.650000e-15 -6.270038e+21 3.931337e+43
2.655000e-15 -6.128791e+21 3.756208e+43
2.660000e-15 -5.982911e+21 3.579522e+43
2.665000e-15 -5.832536e+21 3.401847e+43
2.670000e-15 -5.677808e+21 3.223751e+43
2.675000e-15 -5.518875e+21 3.045798e+43
2.680000e-15 -5.355883e+21 2.868549e+43
2.685000e-15 -5.188986e+21 2.692558e+43
2.690000e-15 -5.018337e+21 2.518371e+43
2.695000e-15 -4.844093e+21 2.346524e+43
2.700000e-15 -4.666414e+21 2.177542e+43
2.705000e-15 -4.485459e+21 2.011934e+43
2.710000e-15 -4.301394e+21 1.850199e+43
2.715000e-15 -4.114383e+21 1.692815e+43
2.720000e-15 -3.924594e+21 1.540244e+43
2.725000e-15 -3.732196e+21 1.392928e+43
2.730000e-15 -3.537359e+21 1.251291e+43
2.735000e-15 -3.340255e+21 1.115730e+43
2.740000e-15 -3.141058e+21 9.866243e+42
2.745000e-15 -2.939941e+21 8.643252e+42
2.750000e-15 -2.737080e+21 7.491606e+42
2.755000e-15 -2.532651e+21 6.414319e+42
2.760000e-15 -2.326830e+21 5.414137e+42
2.765000e-15 -2.119794e+21 4.493529e+42
2.770000e-15 -1.911722e+21 3.654681e+42
2.775000e-15 -1.702790e+21 2.899495e+42
2.780000e-15 -1.493177e+21 2.229577e+42
2.785000e-15 -1.283059e+21 1.646242e+42
2.790000e-15 -1.072615e+21 1.150504e+42
2.795000e-15 -8.620216e+20 7.430812e+41
2.800000e-15 -6.514546e+20 4.243931e+41
2.805000e-15 -4.410902e+20 1.945605e+41
2.810000e-15 -2.311033e+20 5.340873e+40
2.815000e-15 -2.166791e+19 4.694983e+38
2.820000e-15 1.870430e+20 3.498510e+40
2.825000e-15 3.948579e+20 1.559128e+41
2.830000e-15 6.016065e+20 3.619304e+41
2.835000e-15 8.071200e+20 6.514427e+41
2.840000e-15 1.011231e+21 1.022589e+42
2.845000e-15 1.213775e+21 1.473250e+42
2.850000e-15 1.414588e+21 2.001059e+42
2.855000e-15 1.613508e+21 2.603409e+42
2.860000e-15 1.810377e+21 3.277466e+42
2.865000e-15 2.005038e+21 4.020177e+42
2.870000e-15 2.197335e+21 4.828283e+42
2.875000e-15 2.387118e+21 5.698333e+42
2.880000e-15 2.574236e+21 6.626693e+42
2.885000e-15 2.758544e+21 7.609565e+42
2.890000e-15 2.939897e+21 8.642994e+42
2.895000e-15 3.118155e+21 9.722888e+42
2.900000e-15 3.293179e+21 1.084503e+43
2.905000e-15 3.464837e+21 1.200509e+43
2.910000e-15 3.632995e+21 1.319866e+43
2.915000e-15 3.797528e+21 1.442122e+43
2.920000e-15 3.958309e+21 1.566821e+43
2.925000e-15 4.115220e+21 1.693503e+43
2.930000e-15 4.268141e+21 1.821703e+43
2.935000e-15 4.416961e+21 1.950954e+43
2.940000e-15 4.561569e+21 2.080791e+43
2.945000e-15 4.701860e+21 2.210749e+43
2.950000e-15 4.837732e+21 2.340365e+43
2.955000e-15 4.969087e+21 2.469183e+43
2.960000e-15 5.095832e+21 2.596751e+43
2.965000e-15 5.217878e+21 2.722625e+43
2.970000e-15 5.335138e+21 2.846370e+43
2.975000e-15 5.447533e+21 2.967562e+43
2.980000e-15 5.554986e+21 3.085787e+43
2.985000e-15 5.657423e+21 3.200644e+43
2.990000e-15 5.754779e+21 3.311748e+43
2.995000e-15 5.846988e+21 3.418727e+43
3.000000e-15 5.933993e+21 3.521227e+43
3.005000e-15 6.015738e+21 3.618910e+43
3.010000e-15 6.092174e+21 3.711459e+43
3.015000e-15 6.163256e+21 3.798573e+43
3.020000e-15 6.228944e+21 3.879974e+43
3.025000e-15 6.289200e+21 3.955403e+43
3.030000e-15 6.343993e+21 4.024625e+43
3.035000e-15 6.393298e+21 4.087426e+43
3.040000e-15 6.437091e+21 4.143614e+43
3.045000e-15 6.475355e+21 4.193023e+43
3.050000e-15 6.508078e+21 4.235508e+43
3.055000e-15 6.535250e+21 4.270949e+43
3.060000e-15 6.556869e+21 4.299253e+43
3.065000e-15 6.572934e+21 4.320347e+43
3.070000e-15 6.583453e+21 4.334185e+43
3.075000e-15 6.588434e+21 4.340747e+43
3.080000e-15 6.587893e+21 4.340034e+43
3.085000e-15 6.581849e+21 4.332074e+43
3.090000e-15 6.570325e+21 4.316917e+43
3.095000e-15 6.553349e+21 4.294639e+43
3.100000e-15 6.530955e+21 4.265337e+43
3.105000e-15 6.503178e+21 4.229132e+43
3.110000e-15 6.470059e+21 4.186167e+43
3.115000e-15 6.431646e+21 4.136607e+43
3.120000e-15 6.387986e+21 4.080636e+43
3.125000e-15 6.339134e+21 4.018462e+43
3.130000e-15 6.285148e+21 3.950308e+43
3.135000e-15 6.226089e+21 3.876419e+43
3.140000e-15 6.162024e+21 3.797054e+43
3.145000e-15 6.093022e+21 3.712492e+43
3.150000e-15 6.019157e+21 3.623026e+43
3.155000e-15 5.940507e+21 3.528962e+43
3.160000e-15 5.857152e+21 3.430623e+43
3.165000e-15 5.769177e+21 3.328341e+43
3.170000e-15 5.676671e+21 3.222459e+43
3.175000e-15 5.579724e+21 3.113333e+43
3.180000e-15 5.478433e+21 3.001323e+43
3.185000e-15 5.372895e+21 2.886800e+43
3.190000e-15 5.263211e+21 2.770139e+43
3.195000e-15 5.149486e+21 2.651721e+43
3.200000e-15 5.031828e+21 2.531929e+43
3.205000e-15 4.910346e+21 2.411150e+43
3.210000e-15 4.785155e+21 2.289771e+43
3.215000e-15 4.656369e+21 2.168177e+43
3.220000e-15 4.524107e+21 2.046754e+43
3.225000e-15 4.388489e+21 1.925884e+43
3.230000e-15 4.249640e+21 1.805944e+43
3.235000e-15 4.107684e+21 1.687307e+43
3.240000e-15 3.962749e+21 1.570338e+43
3.245000e-15 3.814964e+21 1.455395e+43
3.250000e-15 3.664460e+21 1.342827e+43
3.255000e-15 3.511372e+21 1.232974e+43
3.260000e-15 3.355834e+21 1.126162e+43
3.265000e-15 3.197982e+21 1.022709e+43
3.270000e-15 3.037955e+21 9.229171e+42
3.275000e-15 2.875892e+21 8.270752e+42
3.280000e-15 2.711932e+21 7.354576e+42
3.285000e-15 2.546219e+21 6.483229e+42
3.290000e-15 2.378893e+21 5.659133e+42
3.295000e-15 2.210100e+21 4.884541e+42
3.300000e-15 2.039982e+21 4.161527e+42
3.305000e-15 1.868685e+21 3.491984e+42
3.310000e-15 1.696354e+21 2.877616e+42
3.315000e-15 1.523134e+21 2.319937e+42
3.320000e-15 1.349172e+21 1.820264e+42
3.325000e-15 1.174613e+21 1.379715e+42
3.330000e-15 9.996030e+20 9.992062e+41
3.335000e-15 8.242887e+20 6.794519e+41
3.340000e-15 6.488154e+20 4.209614e+41
3.345000e-15 4.733283e+20 2.240397e+41
3.350000e-15 2.979726e+20 8.878764e+40
3.355000e-15 1.228923e+20 1.510251e+40
3.360000e-15 -5.176883e+19 2.680012e+39
3.365000e-15 -2.258680e+20 5.101635e+40
3.370000e-15 -3.992633e+20 1.594112e+41
3.375000e-15 -5.718139e+20 3.269711e+41
3.380000e-15 -7.433800e+20 5.526139e+41
3.385000e-15 -9.138233e+20 8.350730e+41
3.390000e-15 -1.083007e+21 1.172903e+42
3.395000e-15 -1.250794e+21 1.564486e+42
3.400000e-15 -1.417052e+21 2.008037e+42
3.405000e-15 -1.581648e+21 2.501611e+42
3.410000e-15 -1.744452e+21 3.043111e+42
3.415000e-15 -1.905334e+21 3.630296e+42
3.420000e-15 -2.064168e+21 4.260787e+42
3.425000e-15 -2.220829e+21 4.932080e+42
3.430000e-15 -2.375195e+21 5.641550e+42
3.435000e-15 -2.527145e+21 6.386463e+42
3.440000e-15 -2.676563e+21 7.163987e+42
3.445000e-15 -2.823331e+21 7.971199e+42
3.450000e-15 -2.967338e+21 8.805096e+42
3.455000e-15 -3.108473e+21 9.662606e+42
3.460000e-15 -3.246629e+21 1.054060e+43
3.465000e-15 -3.381700e+21 1.143590e+43
3.470000e-15 -3.513586e+21 1.234528e+43
3.475000e-15 -3.642186e+21 1.326552e+43
3.480000e-15 -3.767404e+21 1.419334e+43
3.485000e-15 -3.889149e+21 1.512548e+43
3.490000e-15 -4.007329e+21 1.605869e+43
3.495000e-15 -4.121859e+21 1.698972e+43
3.500000e-15 -4.232654e+21 1.791536e+43
3.505000e-15 -4.339635e+21 1.883243e+43
3.510000e-15 -4.442725e+21 1.973781e+43
3.515000e-15 -4.541851e+21 2.062841e+43
3.520000e-15 -4.636942e+21 2.150124e+43
3.525000e-15 -4.727933e+21 2.235335e+43
3.530000e-15 -4.814761e+21 2.318192e+43
3.535000e-15 -4.897366e+21 2.398420e+43
3.540000e-15 -4.975693e+21 2.475752e+43
3.545000e-15 -5.049690e+21 2.549937e+43
3.550000e-15 -5.119309e+21 2.620733e+43
3.555000e-15 -5.184505e+21 2.687910e+43
3.560000e-15 -5.245238e+21 2.751252e+43
3.565000e-15 -5.301470e+21 2.810559e+43
3.570000e-15 -5.353169e+21 2.865642e+43
3.575000e-15 -5.400305e+21 2.916330e+43
3.580000e-15 -5.442852e+21 2.962464e+43
3.585000e-15 -5.480790e+21 3.003905e+43
3.590000e-15 -5.514099e+21 3.040528e+43
3.595000e-15 -5.542765e+21 3.072225e+43
3.600000e-15 -5.566780e+21 3.098903e+43
3.605000e-15 -5.586135e+21 3.120490e+43
3.610000e-15 -5.600829e+21 3.136928e+43
3.615000e-15 -5.610863e+21 3.148178e+43
3.620000e-15 -5.616241e+21 3.154216e+43
3.625000e-15 -5.616973e+21 3.155039e+43
3.630000e-15 -5.613071e+21 3.150657e+43
3.635000e-15 -5.604552e+21 3.141101e+43
3.640000e-15 -5.591436e+21 3.126415e+43
3.645000e-15 -5.573745e+21 3.106664e+43
3.650000e-15 -5.551509e+21 3.081925e+43
3.655000e-15 -5.524757e+21 3.052294e+43
3.660000e-15 -5.493524e+21 3.017881e+43
3.665000e-15 -5.457849e+21 2.978812e+43
3.670000e-15 -5.417774e+21 2.935227e+43
3.675000e-15 -5.373343e+21 2.887281e+43
3.680000e-15 -5.324605e+21 2.835142e+43
3.685000e-15 -5.271612e+21 2.778989e+43
3.690000e-15 -5.214420e+21 2.719017e+43
3.695000e-15 -5.153086e+21 2.655430e+43
3.700000e-15 -5.087673e+21 2.588442e+43
3.705000e-15 -5.018246e+21 2.518280e+43
3.710000e-15 -4.944873e+21 2.445177e+43
3.715000e-15 -4.867625e+21 2.369377e+43
3.720000e-15 -4.786575e+21 2.291130e+43
3.725000e-15 -4.701801e+21 2.210694e+43
3.730000e-15 -4.613383e+21 2.128330e+43
3.735000e-15 -4.521403e+21 2.044308e+43
3.740000e-15 -4.425945e+21 1.958899e+43
3.745000e-15 -4.327099e+21 1.872379e+43
3.750000e-15 -4.224954e+21 1.785023e+43
3.755000e-15 -4.119603e+21 1.697113e+43
3.760000e-15 -4.011140e+21 1.608925e+43
3.765000e-15 -3.899664e+21 1.520738e+43
3.770000e-15 -3.785274e+21 1.432830e+43
3.775000e-15 -3.668072e+21 1.345475e+43
3.780000e-15 -3.548161e+21 1.258944e+43
3.785000e-15 -3.425646e+21 1.173505e+43
3.790000e-15 -3.300636e+21 1.089420e+43
3.795000e-15 -3.173239e+21 1.006945e+43
3.800000e-15 -3.043566e+21 9.263296e+42
3.805000e-15 -2.911730e+21 8.478172e+42
3.810000e-15 -2.777844e+21 7.716419e+42
3.815000e-15 -2.642024e+21 6.980290e+42
3.820000e-15 -2.504386e+21 6.271947e+42
3.825000e-15 -2.365047e+21 5.593446e+42
3.830000e-15 -2.224126e+21 4.946738e+42
3.835000e-15 -2.081744e+21 4.333657e+42
3.840000e-15 -1.938020e+21 3.755920e+42
3.845000e-15 -1.793075e+21 3.215119e+42
3.850000e-15 -1.647033e+21 2.712716e+42
3.855000e-15 -1.500014e+21 2.250042e+42
3.860000e-15 -1.352143e+21 1.828290e+42
3.865000e-15 -1.203542e+21 1.448514e+42
3.870000e-15 -1.054336e+21 1.111624e+42
3.875000e-15 -9.046477e+20 8.183875e+41
3.880000e-15 -7.546013e+20 5.694232e+41
3.885000e-15 -6.043207e+20 3.652035e+41
3.890000e-15 -4.539295e+20 2.060520e+41
3.895000e-15 -3.035512e+20 9.214335e+40
3.900000e-15 -1.533090e+20 2.350363e+40
3.905000e-15 -3.325391e+18 1.105822e+37
3.910000e-15 1.462773e+20 2.139705e+40
3.915000e-15 2.953776e+20 8.724793e+40
3.920000e-15 4.438547e+20 1.970070e+41
3.925000e-15 5.915886e+20 3.499771e+41
3.930000e-15 7.384603e+20 5.453237e+41
3.935000e-15 8.843518e+20 7.820780e+41
3.940000e-15 1.029146e+21 1.059141e+42
3.945000e-15 1.172727e+21 1.375289e+42
3.950000e-15 1.314981e+21 1.729175e+42
3.955000e-15 1.455794e+21 2.119337e+42
3.960000e-15 1.595055e+21 2.544202e+42
3.965000e-15 1.732654e+21 3.002091e+42
3.970000e-15 1.868483e+21 3.491228e+42
3.975000e-15 2.002434e+21 4.009741e+42
3.980000e-15 2.134402e+21 4.555674e+42
3.985000e-15 2.264286e+21 5.126991e+42
3.990000e-15 2.391983e+21 5.721584e+42
3.995000e-15 2.517395e+21 6.337278e+42
4.000000e-15 2.640425e+21 6.971842e+42
4.005000e-15 2.760977e+21 7.622996e+42
4.010000e-15 2.878961e+21 8.288414e+42
4.015000e-15 2.994284e+21 8.965738e+42
4.020000e-15 3.106861e+21 9.652583e+42
4.025000e-15 3.216604e+21 1.034654e+43
4.030000e-15 3.323433e+21 1.104521e+43
4.035000e-15 3.427266e+21 1.174615e+43
4.040000e-15 3.528026e+21 1.244697e+43
4.045000e-15 3.625638e+21 1.314525e+43
4.050000e-15 3.720030e+21 1.383862e+43
4.055000e-15 3.811133e+21 1.452473e+43
4.060000e-15 3.898880e+21 1.520127e+43
4.065000e-15 3.983208e+21 1.586595e+43
4.070000e-15 4.064057e+21 1.651656e+43
4.075000e-15 4.141368e+21 1.715093e+43
4.080000e-15 4.215087e+21 1.776696e+43
4.085000e-15 4.285162e+21 1.836262e+43
4.090000e-15 4.351546e+21 1.893595e+43
4.095000e-15 4.414193e+21 1.948510e+43
4.100000e-15 4.473060e+21 2.000827e+43
4.105000e-15 4.528110e+21 2.050378e+43
4.110000e-15 4.579305e+21 2.097004e+43
4.115000e-15 4.626614e+21 2.140556e+43
4.120000e-15 4.670008e+21 2.180897e+43
4.125000e-15 4.709459e+21 2.217901e+43
4.130000e-15 4.744947e+21 2.251452e+43
4.135000e-15 4.776450e+21 2.281448e+43
4.140000e-15 4.803954e+21 2.307797e+43
4.145000e-15 4.827445e+21 2.330422e+43
4.150000e-15 4.846913e+21 2.349257e+43
4.155000e-15 4.862354e+21 2.364248e+43
4.160000e-15 4.873762e+21 2.375356e+43
4.165000e-15 4.881140e+21 2.382552e+43
4.170000e-15 4.884490e+21 2.385824e+43
4.175000e-15 4.883819e+21 2.385169e+43
4.180000e-15 4.879138e+21 2.380599e+43
4.185000e-15 4.870461e+21 2.372139e+43
4.190000e-15 4.857803e+21 2.359825e+43
4.195000e-15 4.841184e+21 2.343706e+43
4.200000e-15 4.820628e+21 2.323846e+43
4.205000e-15 4.796161e+21 2.300316e+43
4.210000e-15 4.767813e+21 2.273204e+43
4.215000e-15 4.735614e+21 2.242604e+43
4.220000e-15 4.699602e+21 2.208626e+43
4.225000e-15 4.659815e+21 2.171387e+43
4.230000e-15 4.616293e+21 2.131016e+43
4.235000e-15 4.569082e+21 2.087651e+43
4.240000e-15 4.518229e+21 2.041440e+43
4.245000e-15 4.463784e+21 1.992537e+43
4.250000e-15 4.405800e+21 1.941108e+43
4.255000e-15 4.344333e+21 1.887323e+43
4.260000e-15 4.279442e+21 1.831362e+43
4.265000e-15 4.211187e+21 1.773409e+43
4.270000e-15 4.139632e+21 1.713655e+43
4.275000e-15 4.064844e+21 1.652296e+43
4.280000e-15 3.986891e+21 1.589530e+43
4.285000e-15 3.905845e+21 1.525562e+43
4.290000e-15 3.821779e+21 1.460599e+43
4.295000e-15 3.734768e+21 1.394849e+43
4.300000e-15 3.644892e+21 1.328524e+43
4.305000e-15 3.552230e+21 1.261834e+43
4.310000e-15 3.456865e+21 1.194992e+43
4.315000e-15 3.358881e+21 1.128208e+43
4.320000e-15 3.258364e+21 1.061693e+43
4.325000e-15 3.155402e+21 9.956562e+42
4.330000e-15 3.050086e+21 9.303022e+42
4.335000e-15 2.942506e+21 8.658343e+42
4.340000e-15 2.832757e+21 8.024513e+42
4.345000e-15 2.720933e+21 7.403477e+42
4.350000e-15 2.607131e+21 6.797130e+42
4.355000e-15 2.491447e+21 6.207310e+42
4.360000e-15 2.373982e+21 5.635792e+42
4.365000e-15 2.254836e+21 5.084285e+42
4.370000e-15 2.134109e+21 4.554423e+42
4.375000e-15 2.011905e+21 4.047762e+42
4.380000e-15 1.888327e+21 3.565778e+42
4.385000e-15 1.763479e+21 3.109857e+42
4.390000e-15 1.637466e+21 2.681295e+42
4.395000e-15 1.510395e+21 2.281292e+42
4.400000e-15 1.382371e+21 1.910949e+42
4.405000e-15 1.253501e+21 1.571266e+42
4.410000e-15 1.123894e+21 1.263139e+42
4.415000e-15 9.936575e+20 9.873552e+41
4.420000e-15 8.628986e+20 7.445940e+41
4.425000e-15 7.317261e+20 5.354231e+41
4.430000e-15 6.002484e+20 3.602981e+41
4.435000e-15 4.685739e+20 2.195615e+41
4.440000e-15 3.368109e+20 1.134416e+41
4.445000e-15 2.050675e+20 4.205268e+40
4.450000e-15 7.345165e+19 5.395145e+39
4.455000e-15 -5.792910e+19 3.355780e+39
4.460000e-15 -1.889676e+20 3.570877e+40
4.465000e-15 -3.195574e+20 1.021169e+41
4.470000e-15 -4.495923e+20 2.021333e+41
4.475000e-15 -5.789671e+20 3.352029e+41
4.480000e-15 -7.075773e+20 5.006656e+41
4.485000e-15 -8.353191e+20 6.977580e+41
4.490000e-15 -9.620898e+20 9.256167e+41
4.495000e-15 -1.087788e+21 1.183282e+42
4.500000e-15 -1.212312e+21 1.469700e+42
4.505000e-15 -1.335563e+21 1.783730e+42
4.510000e-15 -1.457444e+21 2.124142e+42
4.515000e-15 -1.577856e+21 2.489630e+42
4.520000e-15 -1.696705e+21 2.878807e+42
4.525000e-15 -1.813896e+21 3.290220e+42
4.530000e-15 -1.929338e+21 3.722345e+42
4.535000e-15 -2.042939e+21 4.173599e+42
4.540000e-15 -2.154610e+21 4.642345e+42
4.545000e-15 -2.264264e+21 5.126893e+42
4.550000e-15 -2.371816e+21 5.625511e+42
4.555000e-15 -2.477182e+21 6.136429e+42
4.560000e-15 -2.580280e+21 6.657844e+42
4.565000e-15 -2.681031e+21 7.187925e+42
4.570000e-15 -2.779357e+21 7.724823e+42
4.575000e-15 -2.875183e+21 8.266675e+42
4.580000e-15 -2.968435e+21 8.811608e+42
4.585000e-15 -3.059044e+21 9.357750e+42
4.590000e-15 -3.146940e+21 9.903231e+42
4.595000e-15 -3.232057e+21 1.044619e+43
4.600000e-15 -3.314332e+21 1.098479e+43
4.605000e-15 -3.393702e+21 1.151721e+43
4.610000e-15 -3.470110e+21 1.204166e+43
4.615000e-15 -3.543499e+21 1.255638e+43
4.620000e-15 -3.613815e+21 1.305966e+43
4.625000e-15 -3.681007e+21 1.354981e+43
4.630000e-15 -3.745027e+21 1.402522e+43
4.635000e-15 -3.805829e+21 1.448433e+43
4.640000e-15 -3.863370e+21 1.492563e+43
4.645000e-15 -3.917610e+21 1.534767e+43
4.650000e-15 -3.968511e+21 1.574908e+43
4.655000e-15 -4.016040e+21 1.612857e+43
4.660000e-15 -4.060163e+21 1.648492e+43
4.665000e-15 -4.100852e+21 1.681699e+43
4.670000e-15 -4.138082e+21 1.712372e+43
4.675000e-15 -4.171828e+21 1.740415e+43
4.680000e-15 -4.202071e+21 1.765740e+43
4.685000e-15 -4.228792e+21 1.788269e+43
4.690000e-15 -4.251979e+21 1.807932e+43
4.695000e-15 -4.271619e+21 1.824672e+43
4.700000e-15 -4.287703e+21 1.838439e+43
4.705000e-15 -4.300225e+21 1.849194e+43
4.710000e-15 -4.309184e+21 1.856907e+43
4.715000e-15 -4.314579e+21 1.861560e+43
4.720000e-15 -4.316414e+21 1.863143e+43
4.725000e-15 -4.314693e+21 1.861658e+43
4.730000e-15 -4.309426e+21 1.857116e+43
4.735000e-15 -4.300626e+21 1.849538e+43
4.740000e-15 -4.288305e+21 1.838956e+43
4.745000e-15 -4.272483e+21 1.825411e+43
4.750000e-15 -4.253178e+21 1.808952e+43
4.755000e-15 -4.230415e+21 1.789641e+43
4.760000e-15 -4.204219e+21 1.767546e+43
4.765000e-15 -4.174619e+21 1.742744e+43
4.770000e-15 -4.141645e+21 1.715323e+43
4.775000e-15 -4.105333e+21 1.685376e+43
4.780000e-15 -4.065719e+21 1.653007e+43
4.785000e-15 -4.022842e+21 1.618326e+43
4.790000e-15 -3.976744e+21 1.581450e+43
4.795000e-15 -3.927470e+21 1.542502e+43
4.800000e-15 -3.875067e+21 1.501614e+43
4.805000e-15 -3.819583e+21 1.458922e+43
4.810000e-15 -3.761072e+21 1.414566e+43
4.815000e-15 -3.699587e+21 1.368694e+43
4.820000e-15 -3.635184e+21 1.321456e+43
4.825000e-15 -3.567924e+21 1.273008e+43
4.830000e-15 -3.497865e+21 1.223506e+43
4.835000e-15 -3.425073e+21 1.173113e+43
4.840000e-15 -3.349613e+21 1.121990e+43
4.845000e-15 -3.271550e+21 1.070304e+43
4.850000e-15 -3.190956e+21 1.018220e+43
4.855000e-15 -3.107902e+21 9.659054e+42
4.860000e-15 -3.022460e+21 9.135263e+42
4.865000e-15 -2.934705e+21 8.612496e+42
4.870000e-15 -2.844715e+21 8.092405e+42
4.875000e-15 -2.752568e+21 7.576631e+42
4.880000e-15 -2.658344e+21 7.066791e+42
4.885000e-15 -2.562124e+21 6.564477e+42
4.890000e-15 -2.463991e+21 6.071251e+42
4.895000e-15 -2.364030e+21 5.588639e+42
4.900000e-15 -2.262327e+21 5.118124e+42
4.905000e-15 -2.158969e+21 4.661146e+42
4.910000e-15 -2.054043e+21 4.219093e+42
4.915000e-15 -1.947640e+21 3.793301e+42
4.920000e-15 -1.839849e+21 3.385044e+42
4.925000e-15 -1.730762e+21 2.995538e+42
4.930000e-15 -1.620471e+21 2.625928e+42
4.935000e-15 -1.509070e+21 2.277291e+42
4.940000e-15 -1.396651e+21 1.950634e+42
4.945000e-15 -1.283309e+21 1.646882e+42
4.950000e-15 -1.169140e+21 1.366887e+42
4.955000e-15 -1.054238e+21 1.111417e+42
4.960000e-15 -9.386990e+20 8.811559e+41
4.965000e-15 -8.226201e+20 6.767038e+41
4.970000e-15 -7.060971e+20 4.985731e+41
4.975000e-15 -5.892268e+20 3.471882e+41
4.980000e-15 -4.721059e+20 2.228840e+41
4.985000e-15 -3.548311e+20 1.259051e+41
4.990000e-15 -2.374990e+20 5.640577e+40
4.995000e-15 -1.202062e+20 1.444953e+40
5.000000e-15 -3.048980e+18 9.296281e+36
