0.000000e+00 nan nan
5.000000e-18 nan nan
1.000000e-17 nan nan
1.500000e-17 nan nan
2.000000e-17 7.953337e+07 6.325557e+15
2.500000e-17 7.399660e+08 5.475497e+17
3.000000e-17 4.576034e+09 2.094008e+19
3.500000e-17 2.134640e+10 4.556689e+20
4.000000e-17 8.100548e+10 6.561888e+21
4.500000e-17 2.625502e+11 6.893263e+22
5.000000e-17 7.513853e+11 5.645798e+23
5.500000e-17 1.944318e+12 3.780373e+24
6.000000e-17 4.629491e+12 2.143218e+25
6.500000e-17 1.027867e+13 1.056510e+26
7.000000e-17 2.150149e+13 4.623143e+26
7.500000e-17 4.272559e+13 1.825476e+27
8.000000e-17 8.118290e+13 6.590664e+27
8.500000e-17 1.483014e+14 2.199331e+28
9.000000e-17 2.616222e+14 6.844616e+28
9.500000e-17 4.473843e+14 2.001527e+29
1.000000e-16 7.439466e+14 5.534566e+29
1.050000e-16 1.206239e+15 1.455014e+30
1.100000e-16 1.911471e+15 3.653722e+30
1.150000e-16 2.966341e+15 8.799179e+30
1.200000e-16 4.516045e+15 2.039467e+31
1.250000e-16 6.755389e+15 4.563527e+31
1.300000e-16 9.942353e+15 9.885039e+31
1.350000e-16 1.441451e+16 2.077780e+32
1.400000e-16 2.060866e+16 4.247167e+32
1.450000e-16 2.908421e+16 8.458910e+32
1.500000e-16 4.055068e+16 1.644358e+33
1.550000e-16 5.589993e+16 3.124803e+33
1.600000e-16 7.624354e+16 5.813077e+33
1.650000e-16 1.029560e+17 1.059993e+34
1.700000e-16 1.377241e+17 1.896794e+34
1.750000e-16 1.826038e+17 3.334413e+34
1.800000e-16 2.400834e+17 5.764003e+34
1.850000e-16 3.131565e+17 9.806697e+34
1.900000e-16 4.054023e+17 1.643510e+35
1.950000e-16 5.210762e+17 2.715204e+35
2.000000e-16 6.652098e+17 4.425040e+35
2.050000e-16 8.437217e+17 7.118663e+35
2.100000e-16 1.063540e+18 1.131116e+36
2.150000e-16 1.332733e+18 1.776178e+36
2.200000e-16 1.660662e+18 2.757797e+36
2.250000e-16 2.058129e+18 4.235896e+36
2.300000e-16 2.537559e+18 6.439204e+36
2.350000e-16 3.113175e+18 9.691857e+36
2.400000e-16 3.801203e+18 1.444915e+37
2.450000e-16 4.620081e+18 2.134515e+37
2.500000e-16 5.590685e+18 3.125576e+37
2.550000e-16 6.736568e+18 4.538134e+37
2.600000e-16 8.084213e+18 6.535450e+37
2.650000e-16 9.663301e+18 9.337939e+37
2.700000e-16 1.150699e+19 1.324108e+38
2.750000e-16 1.365221e+19 1.863828e+38
2.800000e-16 1.613995e+19 2.604980e+38
2.850000e-16 1.901561e+19 3.615935e+38
2.900000e-16 2.232929e+19 4.985972e+38
2.950000e-16 2.613614e+19 6.830977e+38
3.000000e-16 3.049670e+19 9.300487e+38
3.050000e-16 3.547726e+19 1.258636e+39
3.100000e-16 4.115020e+19 1.693339e+39
3.150000e-16 4.759436e+19 2.265223e+39
3.200000e-16 5.489538e+19 3.013502e+39
3.250000e-16 6.314607e+19 3.987426e+39
3.300000e-16 7.244680e+19 5.248538e+39
3.350000e-16 8.290577e+19 6.873367e+39
3.400000e-16 9.463945e+19 8.956625e+39
3.450000e-16 1.077728e+20 1.161498e+40
3.500000e-16 1.224398e+20 1.499150e+40
3.550000e-16 1.387833e+20 1.926081e+40
3.600000e-16 1.569560e+20 2.463520e+40
3.650000e-16 1.771201e+20 3.137154e+40
3.700000e-16 1.994478e+20 3.977942e+40
3.750000e-16 2.241214e+20 5.023041e+40
3.800000e-16 2.513337e+20 6.316863e+40
3.850000e-16 2.812879e+20 7.912287e+40
3.900000e-16 3.141977e+20 9.872022e+40
3.950000e-16 3.502877e+20 1.227015e+41
4.000000e-16 3.897929e+20 1.519385e+41
4.050000e-16 4.329591e+20 1.874536e+41
4.100000e-16 4.800425e+20 2.304408e+41
4.150000e-16 5.313098e+20 2.822901e+41
4.200000e-16 5.870379e+20 3.446135e+41
4.250000e-16 6.475135e+20 4.192737e+41
4.300000e-16 7.130330e+20 5.084161e+41
4.350000e-16 7.839020e+20 6.145024e+41
4.400000e-16 8.604348e+20 7.403480e+41
4.450000e-16 9.429537e+20 8.891618e+41
4.500000e-16 1.031789e+21 1.064588e+42
4.550000e-16 1.127277e+21 1.270754e+42
4.600000e-16 1.229762e+21 1.512314e+42
4.650000e-16 1.339591e+21 1.794503e+42
4.700000e-16 1.457116e+21 2.123188e+42
4.750000e-16 1.582695e+21 2.504922e+42
4.800000e-16 1.716684e+21 2.947003e+42
4.850000e-16 1.859443e+21 3.457527e+42
4.900000e-16 2.011330e+21 4.045449e+42
4.950000e-16 2.172704e+21 4.720641e+42
5.000000e-16 2.343917e+21 5.493948e+42
5.050000e-16 2.525321e+21 6.377246e+42
5.100000e-16 2.717258e+21 7.383493e+42
5.150000e-16 2.920066e+21 8.526784e+42
5.200000e-16 3.134070e+21 9.822395e+42
5.250000e-16 3.359587e+21 1.128682e+43
5.300000e-16 3.596919e+21 1.293783e+43
5.350000e-16 3.846354e+21 1.479444e+43
5.400000e-16 4.108165e+21 1.687702e+43
5.450000e-16 4.382602e+21 1.920720e+43
5.500000e-16 4.669900e+21 2.180796e+43
5.550000e-16 4.970266e+21 2.470355e+43
5.600000e-16 5.283887e+21 2.791946e+43
5.650000e-16 5.610919e+21 3.148241e+43
5.700000e-16 5.951493e+21 3.542027e+43
5.750000e-16 6.305707e+21 3.976194e+43
5.800000e-16 6.673627e+21 4.453729e+43
5.850000e-16 7.055283e+21 4.977702e+43
5.900000e-16 7.450671e+21 5.551249e+43
5.950000e-16 7.859744e+21 6.177558e+43
6.000000e-16 8.282420e+21 6.859847e+43
6.050000e-16 8.718568e+21 7.601344e+43
6.100000e-16 9.168020e+21 8.405258e+43
6.150000e-16 9.630556e+21 9.274760e+43
6.200000e-16 1.010591e+22 1.021295e+44
6.250000e-16 1.059377e+22 1.122281e+44
6.300000e-16 1.109378e+22 1.230720e+44
6.350000e-16 1.160552e+22 1.346880e+44
6.400000e-16 1.212851e+22 1.471009e+44
6.450000e-16 1.266225e+22 1.603326e+44
6.500000e-16 1.320616e+22 1.744026e+44
6.550000e-16 1.375960e+22 1.893267e+44
6.600000e-16 1.432190e+22 2.051169e+44
6.650000e-16 1.489232e+22 2.217812e+44
6.700000e-16 1.547006e+22 2.393227e+44
6.750000e-16 1.605427e+22 2.577396e+44
6.800000e-16 1.664405e+22 2.770245e+44
6.850000e-16 1.723845e+22 2.971641e+44
6.900000e-16 1.783645e+22 3.181388e+44
6.950000e-16 1.843698e+22 3.399224e+44
7.000000e-16 1.903895e+22 3.624815e+44
7.050000e-16 1.964117e+22 3.857756e+44
7.100000e-16 2.024245e+22 4.097568e+44
7.150000e-16 2.084153e+22 4.343693e+44
7.200000e-16 2.143710e+22 4.595494e+44
7.250000e-16 2.202784e+22 4.852257e+44
7.300000e-16 2.261236e+22 5.113187e+44
7.350000e-16 2.318924e+22 5.377410e+44
7.400000e-16 2.375705e+22 5.643976e+44
7.450000e-16 2.431432e+22 5.911860e+44
7.500000e-16 2.485953e+22 6.179964e+44
7.550000e-16 2.539119e+22 6.447123e+44
7.600000e-16 2.590774e+22 6.712109e+44
7.650000e-16 2.640764e+22 6.973637e+44
7.700000e-16 2.688935e+22 7.230369e+44
7.750000e-16 2.735128e+22 7.480926e+44
7.800000e-16 2.779190e+22 7.723895e+44
7.850000e-16 2.820964e+22 7.957836e+44
7.900000e-16 2.860296e+22 8.181294e+44
7.950000e-16 2.897035e+22 8.392809e+44
8.000000e-16 2.931029e+22 8.590929e+44
8.050000e-16 2.962131e+22 8.774219e+44
8.100000e-16 2.990197e+22 8.941277e+44
8.150000e-16 3.015086e+22 9.090744e+44
8.200000e-16 3.036663e+22 9.221320e+44
8.250000e-16 3.054795e+22 9.331772e+44
8.300000e-16 3.069358e+22 9.420956e+44
8.350000e-16 3.080231e+22 9.487820e+44
8.400000e-16 3.087301e+22 9.531426e+44
8.450000e-16 3.090462e+22 9.550956e+44
8.500000e-16 3.089616e+22 9.545729e+44
8.550000e-16 3.084673e+22 9.515206e+44
8.600000e-16 3.075550e+22 9.459008e+44
8.650000e-16 3.062175e+22 9.376918e+44
8.700000e-16 3.044486e+22 9.268893e+44
8.750000e-16 3.022428e+22 9.135073e+44
8.800000e-16 2.995960e+22 8.975779e+44
8.850000e-16 2.965051e+22 8.791525e+44
8.900000e-16 2.929678e+22 8.583013e+44
8.950000e-16 2.889834e+22 8.351140e+44
9.000000e-16 2.845521e+22 8.096989e+44
9.050000e-16 2.796754e+22 7.821834e+44
9.100000e-16 2.743561e+22 7.527126e+44
9.150000e-16 2.685981e+22 7.214493e+44
9.200000e-16 2.624066e+22 6.885725e+44
9.250000e-16 2.557883e+22 6.542766e+44
9.300000e-16 2.487509e+22 6.187700e+44
9.350000e-16 2.413035e+22 5.822736e+44
9.400000e-16 2.334565e+22 5.450192e+44
9.450000e-16 2.252215e+22 5.072474e+44
9.500000e-16 2.166116e+22 4.692059e+44
9.550000e-16 2.076409e+22 4.311476e+44
9.600000e-16 1.983249e+22 3.933278e+44
9.650000e-16 1.886802e+22 3.560023e+44
9.700000e-16 1.787247e+22 3.194252e+44
9.750000e-16 1.684773e+22 2.838460e+44
9.800000e-16 1.579581e+22 2.495077e+44
9.850000e-16 1.471884e+22 2.166442e+44
9.900000e-16 1.361902e+22 1.854777e+44
9.950000e-16 1.249867e+22 1.562168e+44
1.000000e-15 1.136021e+22 1.290543e+44
1.005000e-15 1.020611e+22 1.041647e+44
1.010000e-15 9.038955e+21 8.170271e+43
1.015000e-15 7.861380e+21 6.180130e+43
1.020000e-15 6.676093e+21 4.457022e+43
1.025000e-15 5.485855e+21 3.009460e+43
1.030000e-15 4.293478e+21 1.843395e+43
1.035000e-15 3.101815e+21 9.621254e+42
1.040000e-15 1.913749e+21 3.662435e+42
1.045000e-15 7.321890e+20 5.361008e+41
1.050000e-15 -4.399430e+20 1.935499e+41
1.055000e-15 -1.599720e+21 2.559103e+42
1.060000e-15 -2.744217e+21 7.530727e+42
1.065000e-15 -3.870525e+21 1.498097e+43
1.070000e-15 -4.975758e+21 2.475816e+43
1.075000e-15 -6.057059e+21 3.668797e+43
1.080000e-15 -7.111618e+21 5.057511e+43
1.085000e-15 -8.136675e+21 6.620547e+43
1.090000e-15 -9.129530e+21 8.334831e+43
1.095000e-15 -1.008756e+22 1.017588e+44
1.100000e-15 -1.100821e+22 1.211806e+44
1.105000e-15 -1.188902e+22 1.413489e+44
1.110000e-15 -1.272765e+22 1.619930e+44
1.115000e-15 -1.352183e+22 1.828399e+44
1.120000e-15 -1.426943e+22 2.036167e+44
1.125000e-15 -1.496844e+22 2.240543e+44
1.130000e-15 -1.561699e+22 2.438903e+44
1.135000e-15 -1.621332e+22 2.628719e+44
1.140000e-15 -1.675586e+22 2.807589e+44
1.145000e-15 -1.724316e+22 2.973265e+44
1.150000e-15 -1.767394e+22 3.123681e+44
1.155000e-15 -1.804709e+22 3.256973e+44
1.160000e-15 -1.836166e+22 3.371505e+44
1.165000e-15 -1.861689e+22 3.465886e+44
1.170000e-15 -1.881219e+22 3.538985e+44
1.175000e-15 -1.894715e+22 3.589946e+44
1.180000e-15 -1.902156e+22 3.618198e+44
1.185000e-15 -1.903538e+22 3.623457e+44
1.190000e-15 -1.898877e+22 3.605733e+44
1.195000e-15 -1.888207e+22 3.565327e+44
1.200000e-15 -1.871584e+22 3.502825e+44
1.205000e-15 -1.849078e+22 3.419091e+44
1.210000e-15 -1.820783e+22 3.315251e+44
1.215000e-15 -1.786809e+22 3.192685e+44
1.220000e-15 -1.747284e+22 3.053001e+44
1.225000e-15 -1.702356e+22 2.898015e+44
1.230000e-15 -1.652189e+22 2.729728e+44
1.235000e-15 -1.596966e+22 2.550300e+44
1.240000e-15 -1.536885e+22 2.362017e+44
1.245000e-15 -1.472162e+22 2.167262e+44
1.250000e-15 -1.403028e+22 1.968486e+44
1.255000e-15 -1.329726e+22 1.768172e+44
1.260000e-15 -1.252518e+22 1.568801e+44
1.265000e-15 -1.171675e+22 1.372822e+44
1.270000e-15 -1.087482e+22 1.182618e+44
1.275000e-15 -1.000236e+22 1.000473e+44
1.280000e-15 -9.102439e+21 8.285440e+43
1.285000e-15 -8.178208e+21 6.688309e+43
1.290000e-15 -7.232915e+21 5.231506e+43
1.295000e-15 -6.269873e+21 3.931131e+43
1.300000e-15 -5.292458e+21 2.801011e+43
1.305000e-15 -4.304093e+21 1.852522e+43
1.310000e-15 -3.308239e+21 1.094444e+43
1.315000e-15 -2.308379e+21 5.328615e+42
1.320000e-15 -1.308011e+21 1.710893e+42
1.325000e-15 -3.106302e+20 9.649110e+40
1.330000e-15 6.802807e+20 4.627818e+41
1.335000e-15 1.661264e+21 2.759798e+42
1.340000e-15 2.628900e+21 6.911116e+42
1.345000e-15 3.579821e+21 1.281512e+43
1.350000e-15 4.510720e+21 2.034659e+43
1.355000e-15 5.418366e+21 2.935869e+43
1.360000e-15 6.299616e+21 3.968516e+43
1.365000e-15 7.151424e+21 5.114286e+43
1.370000e-15 7.970854e+21 6.353451e+43
1.375000e-15 8.755092e+21 7.665163e+43
1.380000e-15 9.501454e+21 9.027762e+43
1.385000e-15 1.020740e+22 1.041910e+44
1.390000e-15 1.087053e+22 1.181685e+44
1.395000e-15 1.148863e+22 1.319886e+44
1.400000e-15 1.205963e+22 1.454346e+44
1.405000e-15 1.258164e+22 1.582976e+44
1.410000e-15 1.305296e+22 1.703797e+44
1.415000e-15 1.347208e+22 1.814969e+44
1.420000e-15 1.383768e+22 1.914815e+44
1.425000e-15 1.414866e+22 2.001845e+44
1.430000e-15 1.440410e+22 2.074780e+44
1.435000e-15 1.460329e+22 2.132562e+44
1.440000e-15 1.474577e+22 2.174377e+44
1.445000e-15 1.483124e+22 2.199657e+44
1.450000e-15 1.485966e+22 2.208094e+44
1.455000e-15 1.483117e+22 2.199635e+44
1.460000e-15 1.474615e+22 2.174489e+44
1.465000e-15 1.460518e+22 2.133114e+44
1.470000e-15 1.440906e+22 2.076211e+44
1.475000e-15 1.415880e+22 2.004716e+44
1.480000e-15 1.385559e+22 1.919775e+44
1.485000e-15 1.350086e+22 1.822731e+44
1.490000e-15 1.309619e+22 1.715102e+44
1.495000e-15 1.264338e+22 1.598551e+44
1.500000e-15 1.214440e+22 1.474865e+44
1.505000e-15 1.160140e+22 1.345924e+44
1.510000e-15 1.101667e+22 1.213671e+44
1.515000e-15 1.039270e+22 1.080082e+44
1.520000e-15 9.732080e+21 9.471337e+43
1.525000e-15 9.037565e+21 8.167759e+43
1.530000e-15 8.312027e+21 6.908979e+43
1.535000e-15 7.558448e+21 5.713014e+43
1.540000e-15 6.779917e+21 4.596728e+43
1.545000e-15 5.979609e+21 3.575573e+43
1.550000e-15 5.160779e+21 2.663364e+43
1.555000e-15 4.326742e+21 1.872069e+43
1.560000e-15 3.480867e+21 1.211644e+43
1.565000e-15 2.626561e+21 6.898821e+42
1.570000e-15 1.767251e+21 3.123176e+42
1.575000e-15 9.063782e+20 8.215214e+41
1.580000e-15 4.737775e+19 2.244651e+39
1.585000e-15 -8.063315e+20 6.501706e+41
1.590000e-15 -1.651362e+21 2.726997e+42
1.595000e-15 -2.484371e+21 6.172099e+42
1.600000e-15 -3.302073e+21 1.090368e+43
1.605000e-15 -4.101253e+21 1.682028e+43
1.610000e-15 -4.878783e+21 2.380252e+43
1.615000e-15 -5.631627e+21 3.171522e+43
1.620000e-15 -6.356861e+21 4.040968e+43
1.625000e-15 -7.051680e+21 4.972619e+43
1.630000e-15 -7.713410e+21 5.949670e+43
1.635000e-15 -8.339520e+21 6.954760e+43
1.640000e-15 -8.927631e+21 7.970259e+43
1.645000e-15 -9.475525e+21 8.978557e+43
1.650000e-15 -9.981155e+21 9.962346e+43
1.655000e-15 -1.044265e+22 1.090490e+44
1.660000e-15 -1.085834e+22 1.179035e+44
1.665000e-15 -1.122672e+22 1.260391e+44
1.670000e-15 -1.154650e+22 1.333216e+44
1.675000e-15 -1.181659e+22 1.396319e+44
1.680000e-15 -1.203613e+22 1.448683e+44
1.685000e-15 -1.220442e+22 1.489479e+44
1.690000e-15 -1.232102e+22 1.518076e+44
1.695000e-15 -1.238569e+22 1.534053e+44
1.700000e-15 -1.239839e+22 1.537201e+44
1.705000e-15 -1.235932e+22 1.527527e+44
1.710000e-15 -1.226887e+22 1.505251e+44
1.715000e-15 -1.212766e+22 1.470801e+44
1.720000e-15 -1.193651e+22 1.424802e+44
1.725000e-15 -1.169644e+22 1.368067e+44
1.730000e-15 -1.140869e+22 1.301582e+44
1.735000e-15 -1.107467e+22 1.226483e+44
1.740000e-15 -1.069599e+22 1.144043e+44
1.745000e-15 -1.027445e+22 1.055644e+44
1.750000e-15 -9.812014e+21 9.627561e+43
1.755000e-15 -9.310801e+21 8.669102e+43
1.760000e-15 -8.773102e+21 7.696732e+43
1.765000e-15 -8.201346e+21 6.726208e+43
1.770000e-15 -7.598099e+21 5.773111e+43
1.775000e-15 -6.966050e+21 4.852586e+43
1.780000e-15 -6.308001e+21 3.979088e+43
1.785000e-15 -5.626853e+21 3.166148e+43
1.790000e-15 -4.925597e+21 2.426150e+43
1.795000e-15 -4.207296e+21 1.770134e+43
1.800000e-15 -3.475078e+21 1.207616e+43
1.805000e-15 -2.732116e+21 7.464458e+42
1.810000e-15 -1.981621e+21 3.926821e+42
1.815000e-15 -1.226823e+21 1.505094e+42
1.820000e-15 -4.709593e+20 2.218027e+41
1.825000e-15 2.827377e+20 7.994063e+40
1.830000e-15 1.031058e+21 1.063080e+42
1.835000e-15 1.770823e+21 3.135815e+42
1.840000e-15 2.498905e+21 6.244526e+42
1.845000e-15 3.212234e+21 1.031845e+43
1.850000e-15 3.907815e+21 1.527102e+43
1.855000e-15 4.582739e+21 2.100150e+43
1.860000e-15 5.234197e+21 2.739682e+43
1.865000e-15 5.859488e+21 3.433360e+43
1.870000e-15 6.456035e+21 4.168039e+43
1.875000e-15 7.021393e+21 4.929996e+43
1.880000e-15 7.553259e+21 5.705172e+43
1.885000e-15 8.049483e+21 6.479417e+43
1.890000e-15 8.508076e+21 7.238736e+43
1.895000e-15 8.927220e+21 7.969525e+43
1.900000e-15 9.305271e+21 8.658807e+43
1.905000e-15 9.640772e+21 9.294448e+43
1.910000e-15 9.932452e+21 9.865360e+43
1.915000e-15 1.017924e+22 1.036169e+44
1.920000e-15 1.038025e+22 1.077496e+44
1.925000e-15 1.053482e+22 1.109824e+44
1.930000e-15 1.064247e+22 1.132621e+44
1.935000e-15 1.070294e+22 1.145529e+44
1.940000e-15 1.071617e+22 1.148363e+44
1.945000e-15 1.068231e+22 1.141118e+44
1.950000e-15 1.060171e+22 1.123964e+44
1.955000e-15 1.047494e+22 1.097243e+44
1.960000e-15 1.030274e+22 1.061464e+44
1.965000e-15 1.008606e+22 1.017287e+44
1.970000e-15 9.826058e+21 9.655142e+43
1.975000e-15 9.524054e+21 9.070761e+43
1.980000e-15 9.181559e+21 8.430103e+43
1.985000e-15 8.800254e+21 7.744447e+43
1.990000e-15 8.381985e+21 7.025767e+43
1.995000e-15 7.928754e+21 6.286514e+43
2.000000e-15 7.442709e+21 5.539392e+43
2.005000e-15 6.926137e+21 4.797138e+43
2.010000e-15 6.381450e+21 4.072291e+43
2.015000e-15 5.811175e+21 3.376976e+43
2.020000e-15 5.217945e+21 2.722695e+43
2.025000e-15 4.604483e+21 2.120126e+43
2.030000e-15 3.973593e+21 1.578944e+43
2.035000e-15 3.328147e+21 1.107656e+43
2.040000e-15 2.671070e+21 7.134615e+42
2.045000e-15 2.005329e+21 4.021343e+42
2.050000e-15 1.333918e+21 1.779338e+42
2.055000e-15 6.598480e+20 4.353994e+41
2.060000e-15 -1.387116e+19 1.924090e+38
2.065000e-15 -6.842407e+20 4.681853e+41
2.070000e-15 -1.348287e+21 1.817878e+42
2.075000e-15 -2.003076e+21 4.012314e+42
2.080000e-15 -2.645724e+21 6.999856e+42
2.085000e-15 -3.273412e+21 1.071523e+43
2.090000e-15 -3.883398e+21 1.508078e+43
2.095000e-15 -4.473027e+21 2.000797e+43
2.100000e-15 -5.039747e+21 2.539905e+43
2.105000e-15 -5.581114e+21 3.114884e+43
2.110000e-15 -6.094809e+21 3.714669e+43
2.115000e-15 -6.578642e+21 4.327853e+43
2.120000e-15 -7.030566e+21 4.942886e+43
2.125000e-15 -7.448685e+21 5.548291e+43
2.130000e-15 -7.831259e+21 6.132861e+43
2.135000e-15 -8.176714e+21 6.685866e+43
2.140000e-15 -8.483650e+21 7.197232e+43
2.145000e-15 -8.750843e+21 7.657726e+43
2.150000e-15 -8.977252e+21 8.059106e+43
2.155000e-15 -9.162024e+21 8.394268e+43
2.160000e-15 -9.304495e+21 8.657363e+43
2.165000e-15 -9.404195e+21 8.843889e+43
2.170000e-15 -9.460848e+21 8.950764e+43
2.175000e-15 -9.474372e+21 8.976373e+43
2.180000e-15 -9.444882e+21 8.920580e+43
2.185000e-15 -9.372684e+21 8.784721e+43
2.190000e-15 -9.258278e+21 8.571572e+43
2.195000e-15 -9.102353e+21 8.285282e+43
2.200000e-15 -8.905780e+21 7.931293e+43
2.205000e-15 -8.669616e+21 7.516225e+43
2.210000e-15 -8.395090e+21 7.047754e+43
2.215000e-15 -8.083601e+21 6.534461e+43
2.220000e-15 -7.736712e+21 5.985671e+43
2.225000e-15 -7.356139e+21 5.411279e+43
2.230000e-15 -6.943748e+21 4.821563e+43
2.235000e-15 -6.501539e+21 4.227000e+43
2.240000e-15 -6.031643e+21 3.638072e+43
2.245000e-15 -5.536310e+21 3.065073e+43
2.250000e-15 -5.017897e+21 2.517929e+43
2.255000e-15 -4.478857e+21 2.006016e+43
2.260000e-15 -3.921730e+21 1.537996e+43
2.265000e-15 -3.349128e+21 1.121666e+43
2.270000e-15 -2.763727e+21 7.638187e+42
2.275000e-15 -2.168250e+21 4.701306e+42
2.280000e-15 -1.565456e+21 2.450654e+42
2.285000e-15 -9.581316e+20 9.180161e+41
2.290000e-15 -3.490706e+20 1.218503e+41
2.295000e-15 2.589327e+20 6.704616e+40
2.300000e-15 8.630990e+20 7.449399e+41
2.305000e-15 1.460676e+21 2.133574e+42
2.310000e-15 2.048950e+21 4.198197e+42
2.315000e-15 2.625261e+21 6.891997e+42
2.320000e-15 3.187012e+21 1.015704e+43
2.325000e-15 3.731679e+21 1.392543e+43
2.330000e-15 4.256830e+21 1.812060e+43
2.335000e-15 4.760126e+21 2.265880e+43
2.340000e-15 5.239339e+21 2.745067e+43
2.345000e-15 5.692357e+21 3.240293e+43
2.350000e-15 6.117198e+21 3.742011e+43
2.355000e-15 6.512013e+21 4.240631e+43
2.360000e-15 6.875100e+21 4.726700e+43
2.365000e-15 7.204907e+21 5.191069e+43
2.370000e-15 7.500042e+21 5.625063e+43
2.375000e-15 7.759274e+21 6.020634e+43
2.380000e-15 7.981545e+21 6.370507e+43
2.385000e-15 8.165969e+21 6.668305e+43
2.390000e-15 8.311838e+21 6.908665e+43
2.395000e-15 8.418622e+21 7.087320e+43
2.400000e-15 8.485977e+21 7.201181e+43
2.405000e-15 8.513739e+21 7.248375e+43
2.410000e-15 8.501927e+21 7.228277e+43
2.415000e-15 8.450746e+21 7.141510e+43
2.420000e-15 8.360578e+21 6.989926e+43
2.425000e-15 8.231987e+21 6.776560e+43
2.430000e-15 8.065711e+21 6.505569e+43
2.435000e-15 7.862661e+21 6.182143e+43
2.440000e-15 7.623914e+21 5.812407e+43
2.445000e-15 7.350711e+21 5.403295e+43
2.450000e-15 7.044445e+21 4.962420e+43
2.455000e-15 6.706659e+21 4.497928e+43
2.460000e-15 6.339039e+21 4.018342e+43
2.465000e-15 5.943401e+21 3.532401e+43
2.470000e-15 5.521686e+21 3.048901e+43
2.475000e-15 5.075949e+21 2.576526e+43
2.480000e-15 4.608351e+21 2.123690e+43
2.485000e-15 4.121147e+21 1.698386e+43
2.490000e-15 3.616675e+21 1.308034e+43
2.495000e-15 3.097345e+21 9.593548e+42
2.500000e-15 2.565630e+21 6.582459e+42
2.505000e-15 2.024052e+21 4.096785e+42
2.510000e-15 1.475168e+21 2.176122e+42
2.515000e-15 9.215654e+20 8.492829e+41
2.520000e-15 3.658410e+20 1.338396e+41
2.525000e-15 -1.894053e+20 3.587436e+40
2.530000e-15 -7.415843e+20 5.499472e+41
2.535000e-15 -1.288130e+21 1.659278e+42
2.540000e-15 -1.826510e+21 3.336139e+42
2.545000e-15 -2.354240e+21 5.542444e+42
2.550000e-15 -2.868891e+21 8.230535e+42
2.555000e-15 -3.368105e+21 1.134413e+43
2.560000e-15 -3.849604e+21 1.481945e+43
2.565000e-15 -4.311197e+21 1.858642e+43
2.570000e-15 -4.750797e+21 2.257007e+43
2.575000e-15 -5.166423e+21 2.669193e+43
2.580000e-15 -5.556216e+21 3.087153e+43
2.585000e-15 -5.918440e+21 3.502793e+43
2.590000e-15 -6.251496e+21 3.908120e+43
2.595000e-15 -6.553926e+21 4.295395e+43
2.600000e-15 -6.824421e+21 4.657272e+43
2.605000e-15 -7.061823e+21 4.986934e+43
2.610000e-15 -7.265136e+21 5.278220e+43
2.615000e-15 -7.433524e+21 5.525728e+43
2.620000e-15 -7.566320e+21 5.724920e+43
2.625000e-15 -7.663024e+21 5.872193e+43
2.630000e-15 -7.723307e+21 5.964947e+43
2.635000e-15 -7.747013e+21 6.001621e+43
2.640000e-15 -7.734158e+21 5.981720e+43
2.645000e-15 -7.684928e+21 5.905812e+43
2.650000e-15 -7.599681e+21 5.775515e+43
2.655000e-15 -7.478942e+21 5.593457e+43
2.660000e-15 -7.323401e+21 5.363220e+43
2.665000e-15 -7.133910e+21 5.089267e+43
2.670000e-15 -6.911478e+21 4.776853e+43
2.675000e-15 -6.657265e+21 4.431918e+43
2.680000e-15 -6.372577e+21 4.060974e+43
2.685000e-15 -6.058860e+21 3.670979e+43
2.690000e-15 -5.717691e+21 3.269199e+43
2.695000e-15 -5.350772e+21 2.863076e+43
2.700000e-15 -4.959920e+21 2.460081e+43
2.705000e-15 -4.547061e+21 2.067576e+43
2.710000e-15 -4.114216e+21 1.692678e+43
2.715000e-15 -3.663497e+21 1.342121e+43
2.720000e-15 -3.197090e+21 1.022138e+43
2.725000e-15 -2.717251e+21 7.383454e+42
2.730000e-15 -2.226292e+21 4.956376e+42
2.735000e-15 -1.726569e+21 2.981040e+42
2.740000e-15 -1.220473e+21 1.489554e+42
2.745000e-15 -7.104170e+20 5.046922e+41
2.750000e-15 -1.988263e+20 3.953189e+40
2.755000e-15 3.118749e+20 9.726597e+40
2.760000e-15 8.192739e+20 6.712097e+41
2.765000e-15 1.320981e+21 1.744991e+42
2.770000e-15 1.814641e+21 3.292921e+42
2.775000e-15 2.297943e+21 5.280541e+42
2.780000e-15 2.768634e+21 7.665332e+42
2.785000e-15 3.224525e+21 1.039756e+43
2.790000e-15 3.663507e+21 1.342128e+43
2.795000e-15 4.083555e+21 1.667542e+43
2.800000e-15 4.482740e+21 2.009496e+43
2.805000e-15 4.859238e+21 2.361220e+43
2.810000e-15 5.211340e+21 2.715806e+43
2.815000e-15 5.537454e+21 3.066340e+43
2.820000e-15 5.836119e+21 3.406028e+43
2.825000e-15 6.106007e+21 3.728332e+43
2.830000e-15 6.345931e+21 4.027084e+43
2.835000e-15 6.554850e+21 4.296605e+43
2.840000e-15 6.731872e+21 4.531809e+43
2.845000e-15 6.876260e+21 4.728295e+43
2.850000e-15 6.987434e+21 4.882423e+43
2.855000e-15 7.064973e+21 4.991384e+43
2.860000e-15 7.108617e+21 5.053244e+43
2.865000e-15 7.118269e+21 5.066975e+43
2.870000e-15 7.093991e+21 5.032471e+43
2.875000e-15 7.036009e+21 4.950542e+43
2.880000e-15 6.944705e+21 4.822893e+43
2.885000e-15 6.820623e+21 4.652089e+43
2.890000e-15 6.664456e+21 4.441497e+43
2.895000e-15 6.477050e+21 4.195218e+43
2.900000e-15 6.259398e+21 3.918007e+43
2.905000e-15 6.012633e+21 3.615175e+43
2.910000e-15 5.738021e+21 3.292489e+43
2.915000e-15 5.436961e+21 2.956054e+43
2.920000e-15 5.110969e+21 2.612201e+43
2.925000e-15 4.761680e+21 2.267359e+43
2.930000e-15 4.390830e+21 1.927939e+43
2.935000e-15 4.000257e+21 1.600206e+43
2.940000e-15 3.591885e+21 1.290164e+43
2.945000e-15 3.167719e+21 1.003444e+43
2.950000e-15 2.729830e+21 7.451970e+42
2.955000e-15 2.280351e+21 5.200002e+42
2.960000e-15 1.821465e+21 3.317735e+42
2.965000e-15 1.355390e+21 1.837083e+42
2.970000e-15 8.843751e+20 7.821193e+41
2.975000e-15 4.106839e+20 1.686613e+41
2.980000e-15 -6.341251e+19 4.021147e+39
2.985000e-15 -5.356481e+20 2.869189e+41
2.990000e-15 -1.003772e+21 1.007559e+42
2.995000e-15 -1.465561e+21 2.147869e+42
3.000000e-15 -1.918826e+21 3.681894e+42
3.005000e-15 -2.361428e+21 5.576340e+42
3.010000e-15 -2.791282e+21 7.791253e+42
3.015000e-15 -3.206372e+21 1.028082e+43
3.020000e-15 -3.604759e+21 1.299428e+43
3.025000e-15 -3.984587e+21 1.587693e+43
3.030000e-15 -4.344096e+21 1.887117e+43
3.035000e-15 -4.681628e+21 2.191764e+43
3.040000e-15 -4.995634e+21 2.495636e+43
3.045000e-15 -5.284684e+21 2.792788e+43
3.050000e-15 -5.547468e+21 3.077440e+43
3.055000e-15 -5.782808e+21 3.344087e+43
3.060000e-15 -5.989661e+21 3.587604e+43
3.065000e-15 -6.167122e+21 3.803340e+43
3.070000e-15 -6.314430e+21 3.987203e+43
3.075000e-15 -6.430970e+21 4.135737e+43
3.080000e-15 -6.516276e+21 4.246186e+43
3.085000e-15 -6.570035e+21 4.316536e+43
3.090000e-15 -6.592082e+21 4.345555e+43
3.095000e-15 -6.582409e+21 4.332811e+43
3.100000e-15 -6.541156e+21 4.278672e+43
3.105000e-15 -6.468617e+21 4.184300e+43
3.110000e-15 -6.365233e+21 4.051619e+43
3.115000e-15 -6.231592e+21 3.883274e+43
3.120000e-15 -6.068428e+21 3.682581e+43
3.125000e-15 -5.876610e+21 3.453454e+43
3.130000e-15 -5.657145e+21 3.200329e+43
3.135000e-15 -5.411170e+21 2.928077e+43
3.140000e-15 -5.139945e+21 2.641904e+43
3.145000e-15 -4.844847e+21 2.347254e+43
3.150000e-15 -4.527365e+21 2.049703e+43
3.155000e-15 -4.189091e+21 1.754848e+43
3.160000e-15 -3.831711e+21 1.468201e+43
3.165000e-15 -3.457000e+21 1.195085e+43
3.170000e-15 -3.066811e+21 9.405328e+42
3.175000e-15 -2.663064e+21 7.091909e+42
3.180000e-15 -2.247741e+21 5.052340e+42
3.185000e-15 -1.822874e+21 3.322870e+42
3.190000e-15 -1.390534e+21 1.933585e+42
3.195000e-15 -9.528229e+20 9.078715e+41
3.200000e-15 -5.118624e+20 2.620031e+41
3.205000e-15 -6.978405e+19 4.869814e+39
3.210000e-15 3.712813e+20 1.378498e+41
3.215000e-15 8.092135e+20 6.548264e+41
3.220000e-15 1.241913e+21 1.542348e+42
3.225000e-15 1.667312e+21 2.779931e+42
3.230000e-15 2.083384e+21 4.340487e+42
3.235000e-15 2.488150e+21 6.190889e+42
3.240000e-15 2.879694e+21 8.292638e+42
3.245000e-15 3.256168e+21 1.060263e+43
3.250000e-15 3.615802e+21 1.307402e+43
3.255000e-15 3.956910e+21 1.565714e+43
3.260000e-15 4.277902e+21 1.830045e+43
3.265000e-15 4.577289e+21 2.095158e+43
3.270000e-15 4.853690e+21 2.355830e+43
3.275000e-15 5.105837e+21 2.606957e+43
3.280000e-15 5.332583e+21 2.843645e+43
3.285000e-15 5.532909e+21 3.061309e+43
3.290000e-15 5.705923e+21 3.255756e+43
3.295000e-15 5.850869e+21 3.423267e+43
3.300000e-15 5.967126e+21 3.560659e+43
3.305000e-15 6.054216e+21 3.665353e+43
3.310000e-15 6.111801e+21 3.735412e+43
3.315000e-15 6.139687e+21 3.769576e+43
3.320000e-15 6.137824e+21 3.767288e+43
3.325000e-15 6.106304e+21 3.728695e+43
3.330000e-15 6.045364e+21 3.654643e+43
3.335000e-15 5.955381e+21 3.546657e+43
3.340000e-15 5.836872e+21 3.406907e+43
3.345000e-15 5.690489e+21 3.238166e+43
3.350000e-15 5.517018e+21 3.043748e+43
3.355000e-15 5.317373e+21 2.827445e+43
3.360000e-15 5.092592e+21 2.593449e+43
3.365000e-15 4.843833e+21 2.346271e+43
3.370000e-15 4.572364e+21 2.090651e+43
3.375000e-15 4.279562e+21 1.831465e+43
3.380000e-15 3.966901e+21 1.573630e+43
3.385000e-15 3.635949e+21 1.322013e+43
3.390000e-15 3.288358e+21 1.081330e+43
3.395000e-15 2.925854e+21 8.560621e+42
3.400000e-15 2.550232e+21 6.503685e+42
3.405000e-15 2.163347e+21 4.680070e+42
3.410000e-15 1.767101e+21 3.122645e+42
3.415000e-15 1.363437e+21 1.858960e+42
3.420000e-15 9.543292e+20 9.107442e+41
3.425000e-15 5.417730e+20 2.935180e+41
3.430000e-15 1.277748e+20 1.632641e+40
3.435000e-15 -2.856573e+20 8.160008e+40
3.440000e-15 -6.965232e+20 4.851445e+41
3.445000e-15 -1.102840e+21 1.216257e+42
3.450000e-15 -1.502654e+21 2.257968e+42
3.455000e-15 -1.894045e+21 3.587405e+42
3.460000e-15 -2.275140e+21 5.176263e+42
3.465000e-15 -2.644122e+21 6.991383e+42
3.470000e-15 -2.999237e+21 8.995422e+42
3.475000e-15 -3.338800e+21 1.114759e+43
3.480000e-15 -3.661210e+21 1.340446e+43
3.485000e-15 -3.964950e+21 1.572083e+43
3.490000e-15 -4.248599e+21 1.805059e+43
3.495000e-15 -4.510835e+21 2.034764e+43
3.500000e-15 -4.750447e+21 2.256675e+43
3.505000e-15 -4.966333e+21 2.466446e+43
3.510000e-15 -5.157511e+21 2.659992e+43
3.515000e-15 -5.323120e+21 2.833561e+43
3.520000e-15 -5.462426e+21 2.983810e+43
3.525000e-15 -5.574824e+21 3.107867e+43
3.530000e-15 -5.659842e+21 3.203381e+43
3.535000e-15 -5.717140e+21 3.268570e+43
3.540000e-15 -5.746516e+21 3.302244e+43
3.545000e-15 -5.747901e+21 3.303836e+43
3.550000e-15 -5.721363e+21 3.273400e+43
3.555000e-15 -5.667107e+21 3.211610e+43
3.560000e-15 -5.585470e+21 3.119747e+43
3.565000e-15 -5.476920e+21 2.999666e+43
3.570000e-15 -5.342058e+21 2.853759e+43
3.575000e-15 -5.181609e+21 2.684907e+43
3.580000e-15 -4.996418e+21 2.496420e+43
3.585000e-15 -4.787453e+21 2.291970e+43
3.590000e-15 -4.555790e+21 2.075522e+43
3.595000e-15 -4.302615e+21 1.851250e+43
3.600000e-15 -4.029216e+21 1.623458e+43
3.605000e-15 -3.736975e+21 1.396498e+43
3.610000e-15 -3.427361e+21 1.174680e+43
3.615000e-15 -3.101924e+21 9.621933e+42
3.620000e-15 -2.762289e+21 7.630240e+42
3.625000e-15 -2.410143e+21 5.808791e+42
3.630000e-15 -2.047232e+21 4.191160e+42
3.635000e-15 -1.675348e+21 2.806791e+42
3.640000e-15 -1.296323e+21 1.680453e+42
3.645000e-15 -9.120179e+20 8.317767e+41
3.650000e-15 -5.243164e+20 2.749077e+41
3.655000e-15 -1.351128e+20 1.825546e+40
3.660000e-15 2.536961e+20 6.436169e+40
3.665000e-15 6.402197e+20 4.098813e+41
3.670000e-15 1.022584e+21 1.045677e+42
3.675000e-15 1.398938e+21 1.957029e+42
3.680000e-15 1.767468e+21 3.123945e+42
3.685000e-15 2.126401e+21 4.521579e+42
3.690000e-15 2.474013e+21 6.120739e+42
3.695000e-15 2.808643e+21 7.888473e+42
3.700000e-15 3.128695e+21 9.788731e+42
3.705000e-15 3.432649e+21 1.178308e+43
3.710000e-15 3.719067e+21 1.383146e+43
3.715000e-15 3.986600e+21 1.589298e+43
3.720000e-15 4.233993e+21 1.792670e+43
3.725000e-15 4.460094e+21 1.989244e+43
3.730000e-15 4.663856e+21 2.175155e+43
3.735000e-15 4.844344e+21 2.346767e+43
3.740000e-15 5.000739e+21 2.500739e+43
3.745000e-15 5.132340e+21 2.634091e+43
3.750000e-15 5.238570e+21 2.744262e+43
3.755000e-15 5.318977e+21 2.829152e+43
3.760000e-15 5.373234e+21 2.887165e+43
3.765000e-15 5.401144e+21 2.917236e+43
3.770000e-15 5.402639e+21 2.918851e+43
3.775000e-15 5.377777e+21 2.892049e+43
3.780000e-15 5.326748e+21 2.837424e+43
3.785000e-15 5.249866e+21 2.756110e+43
3.790000e-15 5.147573e+21 2.649751e+43
3.795000e-15 5.020431e+21 2.520473e+43
3.800000e-15 4.869124e+21 2.370837e+43
3.805000e-15 4.694450e+21 2.203786e+43
3.810000e-15 4.497321e+21 2.022590e+43
3.815000e-15 4.278755e+21 1.830774e+43
3.820000e-15 4.039872e+21 1.632056e+43
3.825000e-15 3.781889e+21 1.430268e+43
3.830000e-15 3.506112e+21 1.229282e+43
3.835000e-15 3.213932e+21 1.032936e+43
3.840000e-15 2.906816e+21 8.449577e+42
3.845000e-15 2.586300e+21 6.688945e+42
3.850000e-15 2.253982e+21 5.080433e+42
3.855000e-15 1.911513e+21 3.653882e+42
3.860000e-15 1.560591e+21 2.435445e+42
3.865000e-15 1.202950e+21 1.447089e+42
3.870000e-15 8.403530e+20 7.061932e+41
3.875000e-15 4.745822e+20 2.252283e+41
3.880000e-15 1.074319e+20 1.154161e+40
3.885000e-15 -2.593017e+20 6.723740e+40
3.890000e-15 -6.238286e+20 3.891622e+41
3.895000e-15 -9.843739e+20 9.689919e+41
3.900000e-15 -1.339186e+21 1.793420e+42
3.905000e-15 -1.686547e+21 2.844440e+42
3.910000e-15 -2.024777e+21 4.099722e+42
3.915000e-15 -2.352247e+21 5.533065e+42
3.920000e-15 -2.667383e+21 7.114931e+42
3.925000e-15 -2.968676e+21 8.813036e+42
3.930000e-15 -3.254687e+21 1.059299e+43
3.935000e-15 -3.524057e+21 1.241898e+43
3.940000e-15 -3.775509e+21 1.425447e+43
3.945000e-15 -4.007859e+21 1.606294e+43
3.950000e-15 -4.220018e+21 1.780855e+43
3.955000e-15 -4.410998e+21 1.945690e+43
3.960000e-15 -4.579917e+21 2.097564e+43
3.965000e-15 -4.726003e+21 2.233510e+43
3.970000e-15 -4.848598e+21 2.350890e+43
3.975000e-15 -4.947159e+21 2.447438e+43
3.980000e-15 -5.021263e+21 2.521308e+43
3.985000e-15 -5.070607e+21 2.571105e+43
3.990000e-15 -5.095010e+21 2.595913e+43
3.995000e-15 -5.094414e+21 2.595305e+43
4.000000e-15 -5.068881e+21 2.569355e+43
4.005000e-15 -5.018597e+21 2.518632e+43
4.010000e-15 -4.943869e+21 2.444184e+43
4.015000e-15 -4.845120e+21 2.347519e+43
4.020000e-15 -4.722893e+21 2.230572e+43
4.025000e-15 -4.577842e+21 2.095664e+43
4.030000e-15 -4.410733e+21 1.945456e+43
4.035000e-15 -4.222435e+21 1.782896e+43
4.040000e-15 -4.013922e+21 1.611157e+43
4.045000e-15 -3.786264e+21 1.433579e+43
4.050000e-15 -3.540620e+21 1.253599e+43
4.055000e-15 -3.278237e+21 1.074684e+43
4.060000e-15 -3.000439e+21 9.002636e+42
4.065000e-15 -2.708624e+21 7.336646e+42
4.070000e-15 -2.404254e+21 5.780440e+42
4.075000e-15 -2.088851e+21 4.363296e+42
4.080000e-15 -1.763983e+21 3.111638e+42
4.085000e-15 -1.431267e+21 2.048526e+42
4.090000e-15 -1.092350e+21 1.193229e+42
4.095000e-15 -7.489074e+20 5.608623e+41
4.100000e-15 -4.026323e+20 1.621128e+41
4.105000e-15 -5.522815e+19 3.050148e+39
4.110000e-15 2.916002e+20 8.503065e+40
4.115000e-15 6.361544e+20 4.046925e+41
4.120000e-15 9.767516e+20 9.540436e+41
4.125000e-15 1.311732e+21 1.720640e+42
4.130000e-15 1.639466e+21 2.687849e+42
4.135000e-15 1.958366e+21 3.835196e+42
4.140000e-15 2.266888e+21 5.138781e+42
4.145000e-15 2.563545e+21 6.571763e+42
4.150000e-15 2.846910e+21 8.104897e+42
4.155000e-15 3.115625e+21 9.707120e+42
4.160000e-15 3.368407e+21 1.134617e+43
4.165000e-15 3.604054e+21 1.298920e+43
4.170000e-15 3.821449e+21 1.460348e+43
4.175000e-15 4.019571e+21 1.615695e+43
4.180000e-15 4.197491e+21 1.761893e+43
4.185000e-15 4.354385e+21 1.896067e+43
4.190000e-15 4.489532e+21 2.015589e+43
4.195000e-15 4.602319e+21 2.118134e+43
4.200000e-15 4.692245e+21 2.201716e+43
4.205000e-15 4.758922e+21 2.264734e+43
4.210000e-15 4.802077e+21 2.305995e+43
4.215000e-15 4.821553e+21 2.324737e+43
4.220000e-15 4.817309e+21 2.320646e+43
4.225000e-15 4.789420e+21 2.293854e+43
4.230000e-15 4.738078e+21 2.244939e+43
4.235000e-15 4.663590e+21 2.174907e+43
4.240000e-15 4.566373e+21 2.085177e+43
4.245000e-15 4.446959e+21 1.977544e+43
4.250000e-15 4.305983e+21 1.854149e+43
4.255000e-15 4.144189e+21 1.717430e+43
4.260000e-15 3.962416e+21 1.570074e+43
4.265000e-15 3.761606e+21 1.414968e+43
4.270000e-15 3.542785e+21 1.255133e+43
4.275000e-15 3.307072e+21 1.093673e+43
4.280000e-15 3.055661e+21 9.337066e+42
4.285000e-15 2.789824e+21 7.783117e+42
4.290000e-15 2.510898e+21 6.304610e+42
4.295000e-15 2.220285e+21 4.929664e+42
4.300000e-15 1.919437e+21 3.684238e+42
4.305000e-15 1.609856e+21 2.591638e+42
4.310000e-15 1.293084e+21 1.672065e+42
4.315000e-15 9.706915e+20 9.422420e+41
4.320000e-15 6.442767e+20 4.150924e+41
4.325000e-15 3.154522e+20 9.951006e+40
4.330000e-15 -1.416072e+19 2.005260e+38
4.335000e-15 -3.429404e+20 1.176081e+41
4.340000e-15 -6.692728e+20 4.479261e+41
4.345000e-15 -9.915597e+20 9.831905e+41
4.350000e-15 -1.308226e+21 1.711455e+42
4.355000e-15 -1.617728e+21 2.617043e+42
4.360000e-15 -1.918560e+21 3.680871e+42
4.365000e-15 -2.209262e+21 4.880839e+42
4.370000e-15 -2.488429e+21 6.192277e+42
4.375000e-15 -2.754713e+21 7.588442e+42
4.380000e-15 -3.006834e+21 9.041048e+42
4.385000e-15 -3.243583e+21 1.052083e+43
4.390000e-15 -3.463832e+21 1.199813e+43
4.395000e-15 -3.666533e+21 1.344346e+43
4.400000e-15 -3.850728e+21 1.482811e+43
4.405000e-15 -4.015554e+21 1.612467e+43
4.410000e-15 -4.160241e+21 1.730761e+43
4.415000e-15 -4.284124e+21 1.835372e+43
4.420000e-15 -4.386639e+21 1.924260e+43
4.425000e-15 -4.467328e+21 1.995702e+43
4.430000e-15 -4.525843e+21 2.048326e+43
4.435000e-15 -4.561946e+21 2.081135e+43
4.440000e-15 -4.575508e+21 2.093527e+43
4.445000e-15 -4.566512e+21 2.085303e+43
4.450000e-15 -4.535052e+21 2.056670e+43
4.455000e-15 -4.481332e+21 2.008234e+43
4.460000e-15 -4.405666e+21 1.940989e+43
4.465000e-15 -4.308474e+21 1.856295e+43
4.470000e-15 -4.190282e+21 1.755847e+43
4.475000e-15 -4.051718e+21 1.641642e+43
4.480000e-15 -3.893508e+21 1.515941e+43
4.485000e-15 -3.716474e+21 1.381218e+43
4.490000e-15 -3.521530e+21 1.240117e+43
4.495000e-15 -3.309673e+21 1.095393e+43
4.500000e-15 -3.081984e+21 9.498623e+42
4.505000e-15 -2.839618e+21 8.063431e+42
4.510000e-15 -2.583801e+21 6.676029e+42
4.515000e-15 -2.315823e+21 5.363034e+42
4.520000e-15 -2.037028e+21 4.149483e+42
4.525000e-15 -1.748814e+21 3.058351e+42
4.530000e-15 -1.452621e+21 2.110108e+42
4.535000e-15 -1.149925e+21 1.322327e+42
4.540000e-15 -8.422306e+20 7.093524e+41
4.545000e-15 -5.310652e+20 2.820303e+41
4.550000e-15 -2.179690e+20 4.751049e+40
4.555000e-15 9.551126e+19 9.122402e+39
4.560000e-15 4.078302e+20 1.663255e+41
4.565000e-15 7.174514e+20 5.147365e+41
4.570000e-15 1.022855e+21 1.046232e+42
4.575000e-15 1.322545e+21 1.749125e+42
4.580000e-15 1.615056e+21 2.608407e+42
4.585000e-15 1.898963e+21 3.606061e+42
4.590000e-15 2.172884e+21 4.721426e+42
4.595000e-15 2.435491e+21 5.931617e+42
4.600000e-15 2.685513e+21 7.211981e+42
4.605000e-15 2.921745e+21 8.536593e+42
4.610000e-15 3.143051e+21 9.878768e+42
4.615000e-15 3.348372e+21 1.121159e+43
4.620000e-15 3.536729e+21 1.250845e+43
4.625000e-15 3.707231e+21 1.374356e+43
4.630000e-15 3.859073e+21 1.489244e+43
4.635000e-15 3.991547e+21 1.593245e+43
4.640000e-15 4.104041e+21 1.684315e+43
4.645000e-15 4.196041e+21 1.760676e+43
4.650000e-15 4.267137e+21 1.820846e+43
4.655000e-15 4.317024e+21 1.863669e+43
4.660000e-15 4.345498e+21 1.888335e+43
4.665000e-15 4.352465e+21 1.894396e+43
4.670000e-15 4.337936e+21 1.881769e+43
4.675000e-15 4.302028e+21 1.850744e+43
4.680000e-15 4.244961e+21 1.801970e+43
4.685000e-15 4.167063e+21 1.736442e+43
4.690000e-15 4.068761e+21 1.655482e+43
4.695000e-15 3.950583e+21 1.560711e+43
4.700000e-15 3.813153e+21 1.454014e+43
4.705000e-15 3.657190e+21 1.337504e+43
4.710000e-15 3.483502e+21 1.213479e+43
4.715000e-15 3.292983e+21 1.084374e+43
4.720000e-15 3.086608e+21 9.527148e+42
4.725000e-15 2.865429e+21 8.210683e+42
4.730000e-15 2.630568e+21 6.919888e+42
4.735000e-15 2.383213e+21 5.679705e+42
4.740000e-15 2.124611e+21 4.513973e+42
4.745000e-15 1.856062e+21 3.444966e+42
4.750000e-15 1.578912e+21 2.492962e+42
4.755000e-15 1.294547e+21 1.675851e+42
4.760000e-15 1.004386e+21 1.008791e+42
4.765000e-15 7.098735e+20 5.039203e+41
4.770000e-15 4.124732e+20 1.701342e+41
4.775000e-15 1.136595e+20 1.291849e+40
4.780000e-15 -1.850890e+20 3.425795e+40
4.785000e-15 -4.822972e+20 2.326106e+41
4.790000e-15 -7.765001e+20 6.029525e+41
4.795000e-15 -1.066251e+21 1.136891e+42
4.800000e-15 -1.350127e+21 1.822844e+42
4.805000e-15 -1.626739e+21 2.646281e+42
4.810000e-15 -1.894735e+21 3.590021e+42
4.815000e-15 -2.152808e+21 4.634583e+42
4.820000e-15 -2.399704e+21 5.758578e+42
4.825000e-15 -2.634225e+21 6.939141e+42
4.830000e-15 -2.855238e+21 8.152383e+42
4.835000e-15 -3.061678e+21 9.373870e+42
4.840000e-15 -3.252554e+21 1.057911e+43
4.845000e-15 -3.426955e+21 1.174402e+43
4.850000e-15 -3.584053e+21 1.284543e+43
4.855000e-15 -3.723105e+21 1.386151e+43
4.860000e-15 -3.843461e+21 1.477219e+43
4.865000e-15 -3.944563e+21 1.555958e+43
4.870000e-15 -4.025951e+21 1.620828e+43
4.875000e-15 -4.087262e+21 1.670571e+43
4.880000e-15 -4.128233e+21 1.704231e+43
4.885000e-15 -4.148702e+21 1.721173e+43
4.890000e-15 -4.148610e+21 1.721096e+43
4.895000e-15 -4.127997e+21 1.704036e+43
4.900000e-15 -4.087007e+21 1.670363e+43
4.905000e-15 -4.025883e+21 1.620774e+43
4.910000e-15 -3.944968e+21 1.556277e+43
4.915000e-15 -3.844701e+21 1.478172e+43
4.920000e-15 -3.725616e+21 1.388021e+43
4.925000e-15 -3.588340e+21 1.287618e+43
4.930000e-15 -3.433587e+21 1.178952e+43
4.935000e-15 -3.262159e+21 1.064168e+43
4.940000e-15 -3.074935e+21 9.455224e+42
4.945000e-15 -2.872873e+21 8.253400e+42
4.950000e-15 -2.657003e+21 7.059662e+42
4.955000e-15 -2.428418e+21 5.897214e+42
4.960000e-15 -2.188276e+21 4.788550e+42
4.965000e-15 -1.937786e+21 3.755015e+42
4.970000e-15 -1.678209e+21 2.816386e+42
4.975000e-15 -1.410847e+21 1.990489e+42
4.980000e-15 -1.137038e+21 1.292854e+42
4.985000e-15 -8.581489e+20 7.364195e+41
4.990000e-15 -5.755706e+20 3.312816e+41
4.995000e-15 -2.907086e+20 8.451146e+40
5.000000e-15 -4.976832e+18 2.476886e+37
