0.000000e+00 nan nan
5.000000e-18 nan nan
1.000000e-17 nan nan
1.500000e-17 nan nan
2.000000e-17 -4.802870e+07 2.306756e+15
2.500000e-17 -4.468910e+08 1.997116e+17
3.000000e-17 -2.763923e+09 7.639271e+18
3.500000e-17 -1.289487e+10 1.662776e+20
4.000000e-17 -4.894074e+10 2.395196e+21
4.500000e-17 -1.586504e+11 2.516994e+22
5.000000e-17 -4.541219e+11 2.062267e+23
5.500000e-17 -1.175349e+12 1.381445e+24
6.000000e-17 -2.799180e+12 7.835409e+24
6.500000e-17 -6.216434e+12 3.864405e+25
7.000000e-17 -1.300734e+13 1.691909e+26
7.500000e-17 -2.585425e+13 6.684421e+26
8.000000e-17 -4.914067e+13 2.414805e+27
8.500000e-17 -8.979726e+13 8.063549e+27
9.000000e-17 -1.584682e+14 2.511218e+28
9.500000e-17 -2.710860e+14 7.348760e+28
1.000000e-16 -4.509572e+14 2.033624e+29
1.050000e-16 -7.314809e+14 5.350643e+29
1.100000e-16 -1.159636e+15 1.344757e+30
1.150000e-16 -1.800398e+15 3.241434e+30
1.200000e-16 -2.742256e+15 7.519967e+30
1.250000e-16 -4.104034e+15 1.684310e+31
1.300000e-16 -6.043236e+15 3.652070e+31
1.350000e-16 -8.766146e+15 7.684531e+31
1.400000e-16 -1.253995e+16 1.572505e+32
1.450000e-16 -1.770720e+16 3.135448e+32
1.500000e-16 -2.470279e+16 6.102276e+32
1.550000e-16 -3.407400e+16 1.161038e+33
1.600000e-16 -4.650374e+16 2.162598e+33
1.650000e-16 -6.283744e+16 3.948544e+33
1.700000e-16 -8.411395e+16 7.075156e+33
1.750000e-16 -1.116009e+17 1.245476e+34
1.800000e-16 -1.468349e+17 2.156049e+34
1.850000e-16 -1.916668e+17 3.673615e+34
1.900000e-16 -2.483128e+17 6.165923e+34
1.950000e-16 -3.194116e+17 1.020238e+35
2.000000e-16 -4.080881e+17 1.665359e+35
2.050000e-16 -5.180236e+17 2.683485e+35
2.100000e-16 -6.535342e+17 4.271070e+35
2.150000e-16 -8.196562e+17 6.718362e+35
2.200000e-16 -1.022240e+18 1.044974e+36
2.250000e-16 -1.268051e+18 1.607953e+36
2.300000e-16 -1.564884e+18 2.448861e+36
2.350000e-16 -1.921680e+18 3.692853e+36
2.400000e-16 -2.348657e+18 5.516191e+36
2.450000e-16 -2.857451e+18 8.165029e+36
2.500000e-16 -3.461263e+18 1.198034e+37
2.550000e-16 -4.175018e+18 1.743077e+37
2.600000e-16 -5.015534e+18 2.515558e+37
2.650000e-16 -6.001704e+18 3.602046e+37
2.700000e-16 -7.154683e+18 5.118948e+37
2.750000e-16 -8.498083e+18 7.221741e+37
2.800000e-16 -1.005819e+19 1.011672e+38
2.850000e-16 -1.186417e+19 1.407585e+38
2.900000e-16 -1.394831e+19 1.945554e+38
2.950000e-16 -1.634625e+19 2.671997e+38
3.000000e-16 -1.909719e+19 3.647028e+38
3.050000e-16 -2.224422e+19 4.948054e+38
3.100000e-16 -2.583449e+19 6.674210e+38
3.150000e-16 -2.991953e+19 8.951782e+38
3.200000e-16 -3.455547e+19 1.194081e+39
3.250000e-16 -3.980338e+19 1.584309e+39
3.300000e-16 -4.572944e+19 2.091182e+39
3.350000e-16 -5.240533e+19 2.746318e+39
3.400000e-16 -5.990839e+19 3.589016e+39
3.450000e-16 -6.832198e+19 4.667894e+39
3.500000e-16 -7.773570e+19 6.042839e+39
3.550000e-16 -8.824564e+19 7.787293e+39
3.600000e-16 -9.995468e+19 9.990937e+39
3.650000e-16 -1.129727e+20 1.276283e+40
3.700000e-16 -1.274168e+20 1.623504e+40
3.750000e-16 -1.434116e+20 2.056687e+40
3.800000e-16 -1.610892e+20 2.594974e+40
3.850000e-16 -1.805899e+20 3.261272e+40
3.900000e-16 -2.020618e+20 4.082895e+40
3.950000e-16 -2.256610e+20 5.092288e+40
4.000000e-16 -2.515522e+20 6.327850e+40
4.050000e-16 -2.799083e+20 7.834864e+40
4.100000e-16 -3.109106e+20 9.666543e+40
4.150000e-16 -3.447492e+20 1.188520e+41
4.200000e-16 -3.816221e+20 1.456354e+41
4.250000e-16 -4.217362e+20 1.778615e+41
4.300000e-16 -4.653067e+20 2.165103e+41
4.350000e-16 -5.125567e+20 2.627144e+41
4.400000e-16 -5.637177e+20 3.177776e+41
4.450000e-16 -6.190289e+20 3.831968e+41
4.500000e-16 -6.787373e+20 4.606843e+41
4.550000e-16 -7.430968e+20 5.521929e+41
4.600000e-16 -8.123687e+20 6.599429e+41
4.650000e-16 -8.868205e+20 7.864506e+41
4.700000e-16 -9.667259e+20 9.345590e+41
4.750000e-16 -1.052364e+21 1.107470e+42
4.800000e-16 -1.144019e+21 1.308780e+42
4.850000e-16 -1.241980e+21 1.542515e+42
4.900000e-16 -1.346539e+21 1.813167e+42
4.950000e-16 -1.457990e+21 2.125735e+42
5.000000e-16 -1.576631e+21 2.485767e+42
5.050000e-16 -1.702761e+21 2.899395e+42
5.100000e-16 -1.836678e+21 3.373385e+42
5.150000e-16 -1.978679e+21 3.915172e+42
5.200000e-16 -2.129062e+21 4.532905e+42
5.250000e-16 -2.288119e+21 5.235490e+42
5.300000e-16 -2.456141e+21 6.032626e+42
5.350000e-16 -2.633410e+21 6.934848e+42
5.400000e-16 -2.820206e+21 7.953559e+42
5.450000e-16 -3.016797e+21 9.101065e+42
5.500000e-16 -3.223446e+21 1.039060e+43
5.550000e-16 -3.440402e+21 1.183637e+43
5.600000e-16 -3.667905e+21 1.345353e+43
5.650000e-16 -3.906180e+21 1.525824e+43
5.700000e-16 -4.155436e+21 1.726765e+43
5.750000e-16 -4.415870e+21 1.949991e+43
5.800000e-16 -4.687656e+21 2.197412e+43
5.850000e-16 -4.970952e+21 2.471036e+43
5.900000e-16 -5.265894e+21 2.772964e+43
5.950000e-16 -5.572595e+21 3.105382e+43
6.000000e-16 -5.891146e+21 3.470560e+43
6.050000e-16 -6.221609e+21 3.870842e+43
6.100000e-16 -6.564022e+21 4.308639e+43
6.150000e-16 -6.918394e+21 4.786417e+43
6.200000e-16 -7.284701e+21 5.306687e+43
6.250000e-16 -7.662892e+21 5.871991e+43
6.300000e-16 -8.052878e+21 6.484885e+43
6.350000e-16 -8.454541e+21 7.147927e+43
6.400000e-16 -8.867724e+21 7.863652e+43
6.450000e-16 -9.292233e+21 8.634559e+43
6.500000e-16 -9.727838e+21 9.463083e+43
6.550000e-16 -1.017427e+22 1.035158e+44
6.600000e-16 -1.063122e+22 1.130228e+44
6.650000e-16 -1.109833e+22 1.231729e+44
6.700000e-16 -1.157521e+22 1.339856e+44
6.750000e-16 -1.206144e+22 1.454783e+44
6.800000e-16 -1.255652e+22 1.576663e+44
6.850000e-16 -1.305995e+22 1.705622e+44
6.900000e-16 -1.357114e+22 1.841760e+44
6.950000e-16 -1.408951e+22 1.985143e+44
7.000000e-16 -1.461439e+22 2.135803e+44
7.050000e-16 -1.514508e+22 2.293736e+44
7.100000e-16 -1.568086e+22 2.458893e+44
7.150000e-16 -1.622093e+22 2.631185e+44
7.200000e-16 -1.676447e+22 2.810473e+44
7.250000e-16 -1.731061e+22 2.996572e+44
7.300000e-16 -1.785845e+22 3.189242e+44
7.350000e-16 -1.840703e+22 3.388189e+44
7.400000e-16 -1.895538e+22 3.593065e+44
7.450000e-16 -1.950247e+22 3.803463e+44
7.500000e-16 -2.004724e+22 4.018916e+44
7.550000e-16 -2.058859e+22 4.238900e+44
7.600000e-16 -2.112541e+22 4.462829e+44
7.650000e-16 -2.165654e+22 4.690056e+44
7.700000e-16 -2.218080e+22 4.919877e+44
7.750000e-16 -2.269698e+22 5.151528e+44
7.800000e-16 -2.320386e+22 5.384190e+44
7.850000e-16 -2.370018e+22 5.616986e+44
7.900000e-16 -2.418469e+22 5.848993e+44
7.950000e-16 -2.465611e+22 6.079237e+44
8.000000e-16 -2.511314e+22 6.306700e+44
8.050000e-16 -2.555450e+22 6.530326e+44
8.100000e-16 -2.597889e+22 6.749027e+44
8.150000e-16 -2.638500e+22 6.961684e+44
8.200000e-16 -2.677155e+22 7.167161e+44
8.250000e-16 -2.713725e+22 7.364306e+44
8.300000e-16 -2.748083e+22 7.551961e+44
8.350000e-16 -2.780103e+22 7.728970e+44
8.400000e-16 -2.809660e+22 7.894189e+44
8.450000e-16 -2.836634e+22 8.046492e+44
8.500000e-16 -2.860906e+22 8.184782e+44
8.550000e-16 -2.882360e+22 8.308000e+44
8.600000e-16 -2.900885e+22 8.415137e+44
8.650000e-16 -2.916374e+22 8.505237e+44
8.700000e-16 -2.928722e+22 8.577415e+44
8.750000e-16 -2.937833e+22 8.630860e+44
8.800000e-16 -2.943612e+22 8.664850e+44
8.850000e-16 -2.945972e+22 8.678753e+44
8.900000e-16 -2.944834e+22 8.672045e+44
8.950000e-16 -2.940121e+22 8.644311e+44
9.000000e-16 -2.931767e+22 8.595256e+44
9.050000e-16 -2.919710e+22 8.524708e+44
9.100000e-16 -2.903899e+22 8.432630e+44
9.150000e-16 -2.884288e+22 8.319118e+44
9.200000e-16 -2.860841e+22 8.184411e+44
9.250000e-16 -2.833530e+22 8.028890e+44
9.300000e-16 -2.802335e+22 7.853080e+44
9.350000e-16 -2.767246e+22 7.657652e+44
9.400000e-16 -2.728264e+22 7.443423e+44
9.450000e-16 -2.685396e+22 7.211351e+44
9.500000e-16 -2.638661e+22 6.962534e+44
9.550000e-16 -2.588088e+22 6.698202e+44
9.600000e-16 -2.533716e+22 6.419716e+44
9.650000e-16 -2.475592e+22 6.128557e+44
9.700000e-16 -2.413776e+22 5.826316e+44
9.750000e-16 -2.348337e+22 5.514689e+44
9.800000e-16 -2.279355e+22 5.195459e+44
9.850000e-16 -2.206918e+22 4.870489e+44
9.900000e-16 -2.131128e+22 4.541705e+44
9.950000e-16 -2.052093e+22 4.211084e+44
1.000000e-15 -1.969933e+22 3.880637e+44
1.005000e-15 -1.884779e+22 3.552392e+44
1.010000e-15 -1.796770e+22 3.228381e+44
1.015000e-15 -1.706054e+22 2.910620e+44
1.020000e-15 -1.612789e+22 2.601089e+44
1.025000e-15 -1.517143e+22 2.301722e+44
1.030000e-15 -1.419290e+22 2.014383e+44
1.035000e-15 -1.319414e+22 1.740852e+44
1.040000e-15 -1.217706e+22 1.482807e+44
1.045000e-15 -1.114364e+22 1.241807e+44
1.050000e-15 -1.009595e+22 1.019282e+44
1.055000e-15 -9.036098e+21 8.165106e+43
1.060000e-15 -7.966265e+21 6.346138e+43
1.065000e-15 -6.888683e+21 4.745396e+43
1.070000e-15 -5.805632e+21 3.370536e+43
1.075000e-15 -4.719432e+21 2.227304e+43
1.080000e-15 -3.632442e+21 1.319464e+43
1.085000e-15 -2.547049e+21 6.487459e+42
1.090000e-15 -1.465663e+21 2.148169e+42
1.095000e-15 -3.907111e+20 1.526552e+41
1.100000e-15 6.753713e+20 4.561264e+41
1.105000e-15 1.730146e+21 2.993404e+42
1.110000e-15 2.771178e+21 7.679429e+42
1.115000e-15 3.796047e+21 1.440998e+43
1.120000e-15 4.802351e+21 2.306257e+43
1.125000e-15 5.787712e+21 3.349761e+43
1.130000e-15 6.749789e+21 4.555965e+43
1.135000e-15 7.686280e+21 5.907890e+43
1.140000e-15 8.594934e+21 7.387290e+43
1.145000e-15 9.473554e+21 8.974823e+43
1.150000e-15 1.032001e+22 1.065025e+44
1.155000e-15 1.113222e+22 1.239264e+44
1.160000e-15 1.190823e+22 1.418058e+44
1.165000e-15 1.264610e+22 1.599239e+44
1.170000e-15 1.334404e+22 1.780635e+44
1.175000e-15 1.400033e+22 1.960093e+44
1.180000e-15 1.461335e+22 2.135501e+44
1.185000e-15 1.518160e+22 2.304811e+44
1.190000e-15 1.570369e+22 2.466058e+44
1.195000e-15 1.617834e+22 2.617386e+44
1.200000e-15 1.660440e+22 2.757062e+44
1.205000e-15 1.698086e+22 2.883498e+44
1.210000e-15 1.730684e+22 2.995266e+44
1.215000e-15 1.758157e+22 3.091117e+44
1.220000e-15 1.780446e+22 3.169988e+44
1.225000e-15 1.797504e+22 3.231020e+44
1.230000e-15 1.809298e+22 3.273561e+44
1.235000e-15 1.815813e+22 3.297177e+44
1.240000e-15 1.817045e+22 3.301653e+44
1.245000e-15 1.813008e+22 3.286997e+44
1.250000e-15 1.803729e+22 3.253440e+44
1.255000e-15 1.789253e+22 3.201426e+44
1.260000e-15 1.769637e+22 3.131616e+44
1.265000e-15 1.744955e+22 3.044870e+44
1.270000e-15 1.715296e+22 2.942241e+44
1.275000e-15 1.680763e+22 2.824964e+44
1.280000e-15 1.641473e+22 2.694434e+44
1.285000e-15 1.597559e+22 2.552194e+44
1.290000e-15 1.549166e+22 2.399916e+44
1.295000e-15 1.496455e+22 2.239377e+44
1.300000e-15 1.439597e+22 2.072439e+44
1.305000e-15 1.378778e+22 1.901029e+44
1.310000e-15 1.314196e+22 1.727110e+44
1.315000e-15 1.246059e+22 1.552662e+44
1.320000e-15 1.174587e+22 1.379654e+44
1.325000e-15 1.100011e+22 1.210024e+44
1.330000e-15 1.022570e+22 1.045649e+44
1.335000e-15 9.425131e+21 8.883310e+43
1.340000e-15 8.600975e+21 7.397677e+43
1.345000e-15 7.755871e+21 6.015353e+43
1.350000e-15 6.892528e+21 4.750694e+43
1.355000e-15 6.013710e+21 3.616471e+43
1.360000e-15 5.122231e+21 2.623725e+43
1.365000e-15 4.220942e+21 1.781635e+43
1.370000e-15 3.312726e+21 1.097415e+43
1.375000e-15 2.400485e+21 5.762330e+42
1.380000e-15 1.487135e+21 2.211570e+42
1.385000e-15 5.755905e+20 3.313044e+41
1.390000e-15 -3.312387e+20 1.097191e+41
1.395000e-15 -1.230461e+21 1.514035e+42
1.400000e-15 -2.119212e+21 4.491060e+42
1.405000e-15 -2.994663e+21 8.968006e+42
1.410000e-15 -3.854030e+21 1.485355e+43
1.415000e-15 -4.694587e+21 2.203915e+43
1.420000e-15 -5.513668e+21 3.040054e+43
1.425000e-15 -6.308684e+21 3.979949e+43
1.430000e-15 -7.077125e+21 5.008570e+43
1.435000e-15 -7.816574e+21 6.109882e+43
1.440000e-15 -8.524710e+21 7.267068e+43
1.445000e-15 -9.199321e+21 8.462751e+43
1.450000e-15 -9.838309e+21 9.679233e+43
1.455000e-15 -1.043970e+22 1.089873e+44
1.460000e-15 -1.100164e+22 1.210360e+44
1.465000e-15 -1.152241e+22 1.327660e+44
1.470000e-15 -1.200045e+22 1.440109e+44
1.475000e-15 -1.243433e+22 1.546126e+44
1.480000e-15 -1.282278e+22 1.644236e+44
1.485000e-15 -1.316466e+22 1.733083e+44
1.490000e-15 -1.345903e+22 1.811456e+44
1.495000e-15 -1.370509e+22 1.878296e+44
1.500000e-15 -1.390221e+22 1.932715e+44
1.505000e-15 -1.404993e+22 1.974004e+44
1.510000e-15 -1.414795e+22 2.001644e+44
1.515000e-15 -1.419615e+22 2.015308e+44
1.520000e-15 -1.419459e+22 2.014865e+44
1.525000e-15 -1.414350e+22 2.000385e+44
1.530000e-15 -1.404325e+22 1.972129e+44
1.535000e-15 -1.389442e+22 1.930550e+44
1.540000e-15 -1.369774e+22 1.876281e+44
1.545000e-15 -1.345410e+22 1.810128e+44
1.550000e-15 -1.316456e+22 1.733057e+44
1.555000e-15 -1.283034e+22 1.646177e+44
1.560000e-15 -1.245281e+22 1.550724e+44
1.565000e-15 -1.203348e+22 1.448045e+44
1.570000e-15 -1.157401e+22 1.339578e+44
1.575000e-15 -1.107622e+22 1.226826e+44
1.580000e-15 -1.054202e+22 1.111341e+44
1.585000e-15 -9.973473e+21 9.947016e+43
1.590000e-15 -9.372754e+21 8.784851e+43
1.595000e-15 -8.742142e+21 7.642504e+43
1.600000e-15 -8.084019e+21 6.535137e+43
1.605000e-15 -7.400861e+21 5.477274e+43
1.610000e-15 -6.695224e+21 4.482603e+43
1.615000e-15 -5.969742e+21 3.563782e+43
1.620000e-15 -5.227109e+21 2.732267e+43
1.625000e-15 -4.470078e+21 1.998160e+43
1.630000e-15 -3.701445e+21 1.370069e+43
1.635000e-15 -2.924039e+21 8.550007e+42
1.640000e-15 -2.140717e+21 4.582668e+42
1.645000e-15 -1.354346e+21 1.834252e+42
1.650000e-15 -5.677981e+20 3.223947e+41
1.655000e-15 2.160608e+20 4.668226e+40
1.660000e-15 9.943835e+20 9.887986e+41
1.665000e-15 1.764351e+21 3.112933e+42
1.670000e-15 2.523180e+21 6.366440e+42
1.675000e-15 3.268140e+21 1.068074e+43
1.680000e-15 3.996556e+21 1.597246e+43
1.685000e-15 4.705820e+21 2.214475e+43
1.690000e-15 5.393405e+21 2.908882e+43
1.695000e-15 6.056869e+21 3.668567e+43
1.700000e-15 6.693866e+21 4.480784e+43
1.705000e-15 7.302155e+21 5.332146e+43
1.710000e-15 7.879606e+21 6.208820e+43
1.715000e-15 8.424212e+21 7.096736e+43
1.720000e-15 8.934092e+21 7.981801e+43
1.725000e-15 9.407500e+21 8.850106e+43
1.730000e-15 9.842830e+21 9.688131e+43
1.735000e-15 1.023862e+22 1.048294e+44
1.740000e-15 1.059358e+22 1.122238e+44
1.745000e-15 1.090653e+22 1.189525e+44
1.750000e-15 1.117651e+22 1.249143e+44
1.755000e-15 1.140267e+22 1.300209e+44
1.760000e-15 1.158437e+22 1.341976e+44
1.765000e-15 1.172111e+22 1.373844e+44
1.770000e-15 1.181257e+22 1.395369e+44
1.775000e-15 1.185862e+22 1.406268e+44
1.780000e-15 1.185926e+22 1.406420e+44
1.785000e-15 1.181470e+22 1.395870e+44
1.790000e-15 1.172530e+22 1.374826e+44
1.795000e-15 1.159160e+22 1.343652e+44
1.800000e-15 1.141430e+22 1.302863e+44
1.805000e-15 1.119427e+22 1.253116e+44
1.810000e-15 1.093252e+22 1.195201e+44
1.815000e-15 1.063025e+22 1.130023e+44
1.820000e-15 1.028878e+22 1.058591e+44
1.825000e-15 9.909592e+21 9.820002e+43
1.830000e-15 9.494298e+21 9.014169e+43
1.835000e-15 9.044649e+21 8.180567e+43
1.840000e-15 8.562520e+21 7.331676e+43
1.845000e-15 8.049908e+21 6.480101e+43
1.850000e-15 7.508915e+21 5.638381e+43
1.855000e-15 6.941751e+21 4.818791e+43
1.860000e-15 6.350717e+21 4.033161e+43
1.865000e-15 5.738198e+21 3.292692e+43
1.870000e-15 5.106656e+21 2.607794e+43
1.875000e-15 4.458618e+21 1.987927e+43
1.880000e-15 3.796666e+21 1.441467e+43
1.885000e-15 3.123429e+21 9.755807e+42
1.890000e-15 2.441570e+21 5.961263e+42
1.895000e-15 1.753777e+21 3.075735e+42
1.900000e-15 1.062754e+21 1.129447e+42
1.905000e-15 3.712075e+20 1.377950e+41
1.910000e-15 -3.181633e+20 1.012279e+41
1.915000e-15 -1.002675e+21 1.005358e+42
1.920000e-15 -1.679673e+21 2.821303e+42
1.925000e-15 -2.346540e+21 5.506252e+42
1.930000e-15 -3.000707e+21 9.004244e+42
1.935000e-15 -3.639663e+21 1.324714e+43
1.940000e-15 -4.260964e+21 1.815581e+43
1.945000e-15 -4.862243e+21 2.364141e+43
1.950000e-15 -5.441223e+21 2.960690e+43
1.955000e-15 -5.995716e+21 3.594861e+43
1.960000e-15 -6.523642e+21 4.255791e+43
1.965000e-15 -7.023031e+21 4.932296e+43
1.970000e-15 -7.492031e+21 5.613052e+43
1.975000e-15 -7.928916e+21 6.286771e+43
1.980000e-15 -8.332094e+21 6.942379e+43
1.985000e-15 -8.700110e+21 7.569191e+43
1.990000e-15 -9.031652e+21 8.157074e+43
1.995000e-15 -9.325559e+21 8.696604e+43
2.000000e-15 -9.580820e+21 9.179211e+43
2.005000e-15 -9.796582e+21 9.597302e+43
2.010000e-15 -9.972153e+21 9.944383e+43
2.015000e-15 -1.010700e+22 1.021514e+44
2.020000e-15 -1.020075e+22 1.040554e+44
2.025000e-15 -1.025321e+22 1.051284e+44
2.030000e-15 -1.026434e+22 1.053566e+44
2.035000e-15 -1.023426e+22 1.047400e+44
2.040000e-15 -1.016326e+22 1.032918e+44
2.045000e-15 -1.005179e+22 1.010385e+44
2.050000e-15 -9.900473e+21 9.801937e+43
2.055000e-15 -9.710073e+21 9.428552e+43
2.060000e-15 -9.481515e+21 8.989912e+43
2.065000e-15 -9.215871e+21 8.493227e+43
2.070000e-15 -8.914359e+21 7.946580e+43
2.075000e-15 -8.578340e+21 7.358791e+43
2.080000e-15 -8.209303e+21 6.739266e+43
2.085000e-15 -7.808870e+21 6.097845e+43
2.090000e-15 -7.378780e+21 5.444640e+43
2.095000e-15 -6.920889e+21 4.789871e+43
2.100000e-15 -6.437156e+21 4.143697e+43
2.105000e-15 -5.929638e+21 3.516060e+43
2.110000e-15 -5.400481e+21 2.916520e+43
2.115000e-15 -4.851914e+21 2.354107e+43
2.120000e-15 -4.286233e+21 1.837180e+43
2.125000e-15 -3.705798e+21 1.373294e+43
2.130000e-15 -3.113019e+21 9.690890e+42
2.135000e-15 -2.510351e+21 6.301860e+42
2.140000e-15 -1.900276e+21 3.611050e+42
2.145000e-15 -1.285304e+21 1.652005e+42
2.150000e-15 -6.679501e+20 4.461574e+41
2.155000e-15 -5.073572e+19 2.574113e+39
2.160000e-15 5.638291e+20 3.179032e+41
2.165000e-15 1.173253e+21 1.376522e+42
2.170000e-15 1.775073e+21 3.150884e+42
2.175000e-15 2.366866e+21 5.602056e+42
2.180000e-15 2.946259e+21 8.680440e+42
2.185000e-15 3.510934e+21 1.232666e+43
2.190000e-15 4.058643e+21 1.647259e+43
2.195000e-15 4.587216e+21 2.104255e+43
2.200000e-15 5.094564e+21 2.595459e+43
2.205000e-15 5.578697e+21 3.112186e+43
2.210000e-15 6.037721e+21 3.645407e+43
2.215000e-15 6.469855e+21 4.185902e+43
2.220000e-15 6.873432e+21 4.724407e+43
2.225000e-15 7.246908e+21 5.251768e+43
2.230000e-15 7.588868e+21 5.759092e+43
2.235000e-15 7.898029e+21 6.237887e+43
2.240000e-15 8.173249e+21 6.680200e+43
2.245000e-15 8.413528e+21 7.078745e+43
2.250000e-15 8.618012e+21 7.427013e+43
2.255000e-15 8.785998e+21 7.719377e+43
2.260000e-15 8.916936e+21 7.951175e+43
2.265000e-15 9.010428e+21 8.118782e+43
2.270000e-15 9.066234e+21 8.219660e+43
2.275000e-15 9.084268e+21 8.252393e+43
2.280000e-15 9.064601e+21 8.216700e+43
2.285000e-15 9.007460e+21 8.113433e+43
2.290000e-15 8.913222e+21 7.944553e+43
2.295000e-15 8.782422e+21 7.713093e+43
2.300000e-15 8.615738e+21 7.423095e+43
2.305000e-15 8.413999e+21 7.079538e+43
2.310000e-15 8.178174e+21 6.688253e+43
2.315000e-15 7.909369e+21 6.255812e+43
2.320000e-15 7.608825e+21 5.789422e+43
2.325000e-15 7.277909e+21 5.296796e+43
2.330000e-15 6.918109e+21 4.786024e+43
2.335000e-15 6.531030e+21 4.265435e+43
2.340000e-15 6.118382e+21 3.743460e+43
2.345000e-15 5.681978e+21 3.228487e+43
2.350000e-15 5.223722e+21 2.728727e+43
2.355000e-15 4.745603e+21 2.252075e+43
2.360000e-15 4.249687e+21 1.805984e+43
2.365000e-15 3.738107e+21 1.397344e+43
2.370000e-15 3.213053e+21 1.032371e+43
2.375000e-15 2.676764e+21 7.165068e+42
2.380000e-15 2.131521e+21 4.543383e+42
2.385000e-15 1.579633e+21 2.495239e+42
2.390000e-15 1.023428e+21 1.047404e+42
2.395000e-15 4.652462e+20 2.164540e+41
2.400000e-15 -9.257137e+19 8.569458e+39
2.405000e-15 -6.476936e+20 4.195070e+41
2.410000e-15 -1.197808e+21 1.434744e+42
2.415000e-15 -1.740630e+21 3.029794e+42
2.420000e-15 -2.273914e+21 5.170686e+42
2.425000e-15 -2.795461e+21 7.814602e+42
2.430000e-15 -3.303127e+21 1.091065e+43
2.435000e-15 -3.794836e+21 1.440078e+43
2.440000e-15 -4.268581e+21 1.822079e+43
2.445000e-15 -4.722442e+21 2.230146e+43
2.450000e-15 -5.154584e+21 2.656974e+43
2.455000e-15 -5.563272e+21 3.094999e+43
2.460000e-15 -5.946873e+21 3.536529e+43
2.465000e-15 -6.303865e+21 3.973872e+43
2.470000e-15 -6.632845e+21 4.399463e+43
2.475000e-15 -6.932528e+21 4.805994e+43
2.480000e-15 -7.201759e+21 5.186534e+43
2.485000e-15 -7.439515e+21 5.534638e+43
2.490000e-15 -7.644906e+21 5.844459e+43
2.495000e-15 -7.817184e+21 6.110836e+43
2.500000e-15 -7.955741e+21 6.329381e+43
2.505000e-15 -8.060114e+21 6.496543e+43
2.510000e-15 -8.129984e+21 6.609663e+43
2.515000e-15 -8.165179e+21 6.667015e+43
2.520000e-15 -8.165676e+21 6.667826e+43
2.525000e-15 -8.131595e+21 6.612283e+43
2.530000e-15 -8.063203e+21 6.501524e+43
2.535000e-15 -7.960911e+21 6.337611e+43
2.540000e-15 -7.825273e+21 6.123489e+43
2.545000e-15 -7.656979e+21 5.862932e+43
2.550000e-15 -7.456858e+21 5.560473e+43
2.555000e-15 -7.225869e+21 5.221318e+43
2.560000e-15 -6.965100e+21 4.851261e+43
2.565000e-15 -6.675760e+21 4.456576e+43
2.570000e-15 -6.359175e+21 4.043911e+43
2.575000e-15 -6.016785e+21 3.620170e+43
2.580000e-15 -5.650131e+21 3.192398e+43
2.585000e-15 -5.260855e+21 2.767659e+43
2.590000e-15 -4.850687e+21 2.352916e+43
2.595000e-15 -4.421442e+21 1.954915e+43
2.600000e-15 -3.975011e+21 1.580071e+43
2.605000e-15 -3.513349e+21 1.234362e+43
2.610000e-15 -3.038472e+21 9.232310e+42
2.615000e-15 -2.552445e+21 6.514974e+42
2.620000e-15 -2.057374e+21 4.232787e+42
2.625000e-15 -1.555397e+21 2.419259e+42
2.630000e-15 -1.048674e+21 1.099717e+42
2.635000e-15 -5.393795e+20 2.909303e+41
2.640000e-15 -2.969144e+19 8.815813e+38
2.645000e-15 4.782172e+20 2.286917e+41
2.650000e-15 9.821878e+20 9.646929e+41
2.655000e-15 1.480085e+21 2.190652e+42
2.660000e-15 1.969806e+21 3.880137e+42
2.665000e-15 2.449290e+21 5.999022e+42
2.670000e-15 2.916525e+21 8.506118e+42
2.675000e-15 3.369558e+21 1.135392e+43
2.680000e-15 3.806503e+21 1.448947e+43
2.685000e-15 4.225548e+21 1.785526e+43
2.690000e-15 4.624963e+21 2.139028e+43
2.695000e-15 5.003107e+21 2.503108e+43
2.700000e-15 5.358435e+21 2.871282e+43
2.705000e-15 5.689504e+21 3.237046e+43
2.710000e-15 5.994980e+21 3.593979e+43
2.715000e-15 6.273642e+21 3.935858e+43
2.720000e-15 6.524386e+21 4.256761e+43
2.725000e-15 6.746232e+21 4.551165e+43
2.730000e-15 6.938327e+21 4.814038e+43
2.735000e-15 7.099947e+21 5.040925e+43
2.740000e-15 7.230501e+21 5.228015e+43
2.745000e-15 7.329533e+21 5.372206e+43
2.750000e-15 7.396723e+21 5.471151e+43
2.755000e-15 7.431888e+21 5.523296e+43
2.760000e-15 7.434984e+21 5.527899e+43
2.765000e-15 7.406104e+21 5.485038e+43
2.770000e-15 7.345477e+21 5.395603e+43
2.775000e-15 7.253468e+21 5.261280e+43
2.780000e-15 7.130576e+21 5.084512e+43
2.785000e-15 6.977431e+21 4.868454e+43
2.790000e-15 6.794790e+21 4.616917e+43
2.795000e-15 6.583534e+21 4.334292e+43
2.800000e-15 6.344666e+21 4.025479e+43
2.805000e-15 6.079304e+21 3.695794e+43
2.810000e-15 5.788676e+21 3.350877e+43
2.815000e-15 5.474114e+21 2.996593e+43
2.820000e-15 5.137051e+21 2.638929e+43
2.825000e-15 4.779011e+21 2.283894e+43
2.830000e-15 4.401603e+21 1.937411e+43
2.835000e-15 4.006517e+21 1.605218e+43
2.840000e-15 3.595511e+21 1.292770e+43
2.845000e-15 3.170409e+21 1.005150e+43
2.850000e-15 2.733089e+21 7.469776e+42
2.855000e-15 2.285475e+21 5.223397e+42
2.860000e-15 1.829531e+21 3.347185e+42
2.865000e-15 1.367251e+21 1.869377e+42
2.870000e-15 9.006503e+20 8.111709e+41
2.875000e-15 4.317555e+20 1.864128e+41
2.880000e-15 -3.740121e+19 1.398851e+39
2.885000e-15 -5.047933e+20 2.548163e+41
2.890000e-15 -9.684078e+20 9.378137e+41
2.895000e-15 -1.426254e+21 2.034200e+42
2.900000e-15 -1.876372e+21 3.520771e+42
2.905000e-15 -2.316840e+21 5.367748e+42
2.910000e-15 -2.745786e+21 7.539340e+42
2.915000e-15 -3.161391e+21 9.994391e+42
2.920000e-15 -3.561899e+21 1.268713e+43
2.925000e-15 -3.945627e+21 1.556797e+43
2.930000e-15 -4.310966e+21 1.858443e+43
2.935000e-15 -4.656394e+21 2.168201e+43
2.940000e-15 -4.980478e+21 2.480516e+43
2.945000e-15 -5.281881e+21 2.789827e+43
2.950000e-15 -5.559370e+21 3.090659e+43
2.955000e-15 -5.811818e+21 3.377722e+43
2.960000e-15 -6.038209e+21 3.645996e+43
2.965000e-15 -6.237643e+21 3.890819e+43
2.970000e-15 -6.409341e+21 4.107966e+43
2.975000e-15 -6.552645e+21 4.293716e+43
2.980000e-15 -6.667021e+21 4.444917e+43
2.985000e-15 -6.752063e+21 4.559036e+43
2.990000e-15 -6.807495e+21 4.634198e+43
2.995000e-15 -6.833165e+21 4.669215e+43
3.000000e-15 -6.829057e+21 4.663602e+43
3.005000e-15 -6.795279e+21 4.617581e+43
3.010000e-15 -6.732069e+21 4.532075e+43
3.015000e-15 -6.639793e+21 4.408686e+43
3.020000e-15 -6.518942e+21 4.249661e+43
3.025000e-15 -6.370128e+21 4.057853e+43
3.030000e-15 -6.194083e+21 3.836666e+43
3.035000e-15 -5.991656e+21 3.589994e+43
3.040000e-15 -5.763808e+21 3.322148e+43
3.045000e-15 -5.511606e+21 3.037780e+43
3.050000e-15 -5.236223e+21 2.741803e+43
3.055000e-15 -4.938926e+21 2.439299e+43
3.060000e-15 -4.621075e+21 2.135434e+43
3.065000e-15 -4.284117e+21 1.835365e+43
3.070000e-15 -3.929574e+21 1.544155e+43
3.075000e-15 -3.559043e+21 1.266679e+43
3.080000e-15 -3.174187e+21 1.007546e+43
3.085000e-15 -2.776723e+21 7.710191e+42
3.090000e-15 -2.368421e+21 5.609419e+42
3.095000e-15 -1.951092e+21 3.806760e+42
3.100000e-15 -1.526581e+21 2.330449e+42
3.105000e-15 -1.096759e+21 1.202880e+42
3.110000e-15 -6.635154e+20 4.402527e+41
3.115000e-15 -2.287487e+20 5.232596e+40
3.120000e-15 2.056414e+20 4.228839e+40
3.125000e-15 6.377620e+20 4.067403e+41
3.130000e-15 1.065735e+21 1.135792e+42
3.135000e-15 1.487707e+21 2.213274e+42
3.140000e-15 1.901855e+21 3.617054e+42
3.145000e-15 2.306395e+21 5.319460e+42
3.150000e-15 2.699591e+21 7.287791e+42
3.155000e-15 3.079759e+21 9.484918e+42
3.160000e-15 3.445280e+21 1.186996e+43
3.165000e-15 3.794601e+21 1.439900e+43
3.170000e-15 4.126244e+21 1.702589e+43
3.175000e-15 4.438814e+21 1.970307e+43
3.180000e-15 4.731000e+21 2.238236e+43
3.185000e-15 5.001588e+21 2.501589e+43
3.190000e-15 5.249459e+21 2.755682e+43
3.195000e-15 5.473595e+21 2.996024e+43
3.200000e-15 5.673087e+21 3.218392e+43
3.205000e-15 5.847136e+21 3.418900e+43
3.210000e-15 5.995055e+21 3.594068e+43
3.215000e-15 6.116274e+21 3.740880e+43
3.220000e-15 6.210340e+21 3.856832e+43
3.225000e-15 6.276922e+21 3.939975e+43
3.230000e-15 6.315808e+21 3.988944e+43
3.235000e-15 6.326910e+21 4.002979e+43
3.240000e-15 6.310259e+21 3.981937e+43
3.245000e-15 6.266009e+21 3.926287e+43
3.250000e-15 6.194435e+21 3.837102e+43
3.255000e-15 6.095927e+21 3.716033e+43
3.260000e-15 5.970997e+21 3.565281e+43
3.265000e-15 5.820268e+21 3.387552e+43
3.270000e-15 5.644474e+21 3.186009e+43
3.275000e-15 5.444458e+21 2.964213e+43
3.280000e-15 5.221167e+21 2.726059e+43
3.285000e-15 4.975645e+21 2.475705e+43
3.290000e-15 4.709034e+21 2.217500e+43
3.295000e-15 4.422561e+21 1.955905e+43
3.300000e-15 4.117541e+21 1.695414e+43
3.305000e-15 3.795363e+21 1.440478e+43
3.310000e-15 3.457491e+21 1.195424e+43
3.315000e-15 3.105449e+21 9.643815e+42
3.320000e-15 2.740824e+21 7.512117e+42
3.325000e-15 2.365251e+21 5.594411e+42
3.330000e-15 1.980408e+21 3.922017e+42
3.335000e-15 1.588012e+21 2.521782e+42
3.340000e-15 1.189806e+21 1.415637e+42
3.345000e-15 7.875533e+20 6.202402e+41
3.350000e-15 3.830326e+20 1.467140e+41
3.355000e-15 -2.197383e+19 4.828492e+38
3.360000e-15 -4.256863e+20 1.812088e+41
3.365000e-15 -8.263353e+20 6.828300e+41
3.370000e-15 -1.222170e+21 1.493699e+42
3.375000e-15 -1.611464e+21 2.596817e+42
3.380000e-15 -1.992527e+21 3.970163e+42
3.385000e-15 -2.363706e+21 5.587108e+42
3.390000e-15 -2.723400e+21 7.416905e+42
3.395000e-15 -3.070057e+21 9.425252e+42
3.400000e-15 -3.402193e+21 1.157492e+43
3.405000e-15 -3.718386e+21 1.382640e+43
3.410000e-15 -4.017292e+21 1.613863e+43
3.415000e-15 -4.297644e+21 1.846974e+43
3.420000e-15 -4.558261e+21 2.077775e+43
3.425000e-15 -4.798053e+21 2.302131e+43
3.430000e-15 -5.016021e+21 2.516046e+43
3.435000e-15 -5.211268e+21 2.715731e+43
3.440000e-15 -5.382998e+21 2.897667e+43
3.445000e-15 -5.530520e+21 3.058666e+43
3.450000e-15 -5.653253e+21 3.195927e+43
3.455000e-15 -5.750725e+21 3.307084e+43
3.460000e-15 -5.822577e+21 3.390240e+43
3.465000e-15 -5.868563e+21 3.444003e+43
3.470000e-15 -5.888552e+21 3.467505e+43
3.475000e-15 -5.882529e+21 3.460414e+43
3.480000e-15 -5.850590e+21 3.422940e+43
3.485000e-15 -5.792949e+21 3.355826e+43
3.490000e-15 -5.709930e+21 3.260330e+43
3.495000e-15 -5.601968e+21 3.138205e+43
3.500000e-15 -5.469609e+21 2.991662e+43
3.505000e-15 -5.313501e+21 2.823329e+43
3.510000e-15 -5.134398e+21 2.636205e+43
3.515000e-15 -4.933153e+21 2.433600e+43
3.520000e-15 -4.710713e+21 2.219082e+43
3.525000e-15 -4.468117e+21 1.996407e+43
3.530000e-15 -4.206490e+21 1.769456e+43
3.535000e-15 -3.927037e+21 1.542162e+43
3.540000e-15 -3.631039e+21 1.318444e+43
3.545000e-15 -3.319847e+21 1.102139e+43
3.550000e-15 -2.994875e+21 8.969278e+42
3.555000e-15 -2.657595e+21 7.062810e+42
3.560000e-15 -2.309527e+21 5.333914e+42
3.565000e-15 -1.952237e+21 3.811229e+42
3.570000e-15 -1.587327e+21 2.519606e+42
3.575000e-15 -1.216428e+21 1.479697e+42
3.580000e-15 -8.411933e+20 7.076061e+41
3.585000e-15 -4.632916e+20 2.146391e+41
3.590000e-15 -8.439841e+19 7.123092e+39
3.595000e-15 2.938104e+20 8.632457e+40
3.600000e-15 6.696666e+20 4.484533e+41
3.605000e-15 1.041516e+21 1.084756e+42
3.610000e-15 1.407728e+21 1.981697e+42
3.615000e-15 1.766698e+21 3.121222e+42
3.620000e-15 2.116861e+21 4.481101e+42
3.625000e-15 2.456693e+21 6.035340e+42
3.630000e-15 2.784719e+21 7.754662e+42
3.635000e-15 3.099522e+21 9.607039e+42
3.640000e-15 3.399746e+21 1.155827e+43
3.645000e-15 3.684101e+21 1.357260e+43
3.650000e-15 3.951374e+21 1.561336e+43
3.655000e-15 4.200427e+21 1.764359e+43
3.660000e-15 4.430209e+21 1.962675e+43
3.665000e-15 4.639753e+21 2.152731e+43
3.670000e-15 4.828188e+21 2.331140e+43
3.675000e-15 4.994735e+21 2.494737e+43
3.680000e-15 5.138715e+21 2.640639e+43
3.685000e-15 5.259551e+21 2.766288e+43
3.690000e-15 5.356769e+21 2.869498e+43
3.695000e-15 5.430003e+21 2.948493e+43
3.700000e-15 5.478989e+21 3.001932e+43
3.705000e-15 5.503576e+21 3.028935e+43
3.710000e-15 5.503719e+21 3.029093e+43
3.715000e-15 5.479482e+21 3.002472e+43
3.720000e-15 5.431034e+21 2.949614e+43
3.725000e-15 5.358656e+21 2.871519e+43
3.730000e-15 5.262728e+21 2.769631e+43
3.735000e-15 5.143738e+21 2.645804e+43
3.740000e-15 5.002273e+21 2.502274e+43
3.745000e-15 4.839019e+21 2.341610e+43
3.750000e-15 4.654754e+21 2.166673e+43
3.755000e-15 4.450349e+21 1.980561e+43
3.760000e-15 4.226764e+21 1.786553e+43
3.765000e-15 3.985037e+21 1.588052e+43
3.770000e-15 3.726288e+21 1.388522e+43
3.775000e-15 3.451706e+21 1.191428e+43
3.780000e-15 3.162551e+21 1.000173e+43
3.785000e-15 2.860140e+21 8.180403e+42
3.790000e-15 2.545850e+21 6.481351e+42
3.795000e-15 2.221103e+21 4.933297e+42
3.800000e-15 1.887366e+21 3.562150e+42
3.805000e-15 1.546142e+21 2.390557e+42
3.810000e-15 1.198965e+21 1.437516e+42
3.815000e-15 8.473870e+20 7.180647e+41
3.820000e-15 4.929803e+20 2.430296e+41
3.825000e-15 1.373237e+20 1.885780e+40
3.830000e-15 -2.180020e+20 4.752487e+40
3.835000e-15 -5.714214e+20 3.265224e+41
3.840000e-15 -9.213715e+20 8.489254e+41
3.845000e-15 -1.266308e+21 1.603537e+42
3.850000e-15 -1.604714e+21 2.575108e+42
3.855000e-15 -1.935104e+21 3.744628e+42
3.860000e-15 -2.256032e+21 5.089680e+42
3.865000e-15 -2.566098e+21 6.584857e+42
3.870000e-15 -2.863952e+21 8.202222e+42
3.875000e-15 -3.148305e+21 9.911822e+42
3.880000e-15 -3.417927e+21 1.168222e+43
3.885000e-15 -3.671658e+21 1.348108e+43
3.890000e-15 -3.908414e+21 1.527570e+43
3.895000e-15 -4.127184e+21 1.703365e+43
3.900000e-15 -4.327043e+21 1.872330e+43
3.905000e-15 -4.507150e+21 2.031440e+43
3.910000e-15 -4.666757e+21 2.177862e+43
3.915000e-15 -4.805204e+21 2.308999e+43
3.920000e-15 -4.921931e+21 2.422540e+43
3.925000e-15 -5.016473e+21 2.516500e+43
3.930000e-15 -5.088465e+21 2.589248e+43
3.935000e-15 -5.137646e+21 2.639540e+43
3.940000e-15 -5.163852e+21 2.666537e+43
3.945000e-15 -5.167025e+21 2.669815e+43
3.950000e-15 -5.147208e+21 2.649375e+43
3.955000e-15 -5.104547e+21 2.605640e+43
3.960000e-15 -5.039289e+21 2.539443e+43
3.965000e-15 -4.951779e+21 2.452012e+43
3.970000e-15 -4.842463e+21 2.344945e+43
3.975000e-15 -4.711880e+21 2.220181e+43
3.980000e-15 -4.560664e+21 2.079965e+43
3.985000e-15 -4.389538e+21 1.926804e+43
3.990000e-15 -4.199313e+21 1.763423e+43
3.995000e-15 -3.990882e+21 1.592714e+43
4.000000e-15 -3.765218e+21 1.417686e+43
4.005000e-15 -3.523366e+21 1.241411e+43
4.010000e-15 -3.266442e+21 1.066965e+43
4.015000e-15 -2.995628e+21 8.973786e+42
4.020000e-15 -2.712161e+21 7.355817e+42
4.025000e-15 -2.417335e+21 5.843507e+42
4.030000e-15 -2.112489e+21 4.462608e+42
4.035000e-15 -1.799004e+21 3.236416e+42
4.040000e-15 -1.478297e+21 2.185363e+42
4.045000e-15 -1.151814e+21 1.326676e+42
4.050000e-15 -8.210212e+20 6.740758e+41
4.055000e-15 -4.874022e+20 2.375609e+41
4.060000e-15 -1.524491e+20 2.324072e+40
4.065000e-15 1.823435e+20 3.324913e+40
4.070000e-15 5.154850e+20 2.657248e+41
4.075000e-15 8.454961e+20 7.148637e+41
4.080000e-15 1.170915e+21 1.371041e+42
4.085000e-15 1.490303e+21 2.221002e+42
4.090000e-15 1.802252e+21 3.248111e+42
4.095000e-15 2.105391e+21 4.432670e+42
4.100000e-15 2.398390e+21 5.752276e+42
4.105000e-15 2.679970e+21 7.182238e+42
4.110000e-15 2.948902e+21 8.696024e+42
4.115000e-15 3.204020e+21 1.026574e+43
4.120000e-15 3.444218e+21 1.186264e+43
4.125000e-15 3.668464e+21 1.345763e+43
4.130000e-15 3.875796e+21 1.502180e+43
4.135000e-15 4.065331e+21 1.652691e+43
4.140000e-15 4.236265e+21 1.794594e+43
4.145000e-15 4.387883e+21 1.925352e+43
4.150000e-15 4.519554e+21 2.042637e+43
4.155000e-15 4.630739e+21 2.144374e+43
4.160000e-15 4.720990e+21 2.228775e+43
4.165000e-15 4.789957e+21 2.294369e+43
4.170000e-15 4.837381e+21 2.340025e+43
4.175000e-15 4.863102e+21 2.364977e+43
4.180000e-15 4.867058e+21 2.368826e+43
4.185000e-15 4.849283e+21 2.351554e+43
4.190000e-15 4.809906e+21 2.313520e+43
4.195000e-15 4.749156e+21 2.255448e+43
4.200000e-15 4.667353e+21 2.178418e+43
4.205000e-15 4.564912e+21 2.083842e+43
4.210000e-15 4.442339e+21 1.973438e+43
4.215000e-15 4.300229e+21 1.849197e+43
4.220000e-15 4.139262e+21 1.713349e+43
4.225000e-15 3.960199e+21 1.568318e+43
4.230000e-15 3.763884e+21 1.416682e+43
4.235000e-15 3.551231e+21 1.261125e+43
4.240000e-15 3.323230e+21 1.104386e+43
4.245000e-15 3.080934e+21 9.492155e+42
4.250000e-15 2.825457e+21 7.983210e+42
4.255000e-15 2.557972e+21 6.543220e+42
4.260000e-15 2.279700e+21 5.197030e+42
4.265000e-15 1.991908e+21 3.967698e+42
4.270000e-15 1.695905e+21 2.876093e+42
4.275000e-15 1.393030e+21 1.940533e+42
4.280000e-15 1.084653e+21 1.176473e+42
4.285000e-15 7.721638e+20 5.962370e+41
4.290000e-15 4.569670e+20 2.088188e+41
4.295000e-15 1.404770e+20 1.973379e+40
4.300000e-15 -1.758895e+20 3.093711e+40
4.305000e-15 -4.907195e+20 2.408056e+41
4.310000e-15 -8.026101e+20 6.441829e+41
4.315000e-15 -1.110175e+21 1.232487e+42
4.320000e-15 -1.412049e+21 1.993881e+42
4.325000e-15 -1.706897e+21 2.913496e+42
4.330000e-15 -1.993417e+21 3.973711e+42
4.335000e-15 -2.270349e+21 5.154483e+42
4.340000e-15 -2.536476e+21 6.433709e+42
4.345000e-15 -2.790633e+21 7.787635e+42
4.350000e-15 -3.031713e+21 9.191286e+42
4.355000e-15 -3.258668e+21 1.061892e+43
4.360000e-15 -3.470514e+21 1.204447e+43
4.365000e-15 -3.666340e+21 1.344205e+43
4.370000e-15 -3.845306e+21 1.478638e+43
4.375000e-15 -4.006651e+21 1.605325e+43
4.380000e-15 -4.149692e+21 1.721995e+43
4.385000e-15 -4.273833e+21 1.826565e+43
4.390000e-15 -4.378561e+21 1.917179e+43
4.395000e-15 -4.463450e+21 1.992239e+43
4.400000e-15 -4.528167e+21 2.050430e+43
4.405000e-15 -4.572468e+21 2.090746e+43
4.410000e-15 -4.596200e+21 2.112506e+43
4.415000e-15 -4.599304e+21 2.115359e+43
4.420000e-15 -4.581811e+21 2.099300e+43
4.425000e-15 -4.543848e+21 2.064655e+43
4.430000e-15 -4.485628e+21 2.012086e+43
4.435000e-15 -4.407459e+21 1.942570e+43
4.440000e-15 -4.309735e+21 1.857382e+43
4.445000e-15 -4.192937e+21 1.758072e+43
4.450000e-15 -4.057630e+21 1.646436e+43
4.455000e-15 -3.904461e+21 1.524482e+43
4.460000e-15 -3.734155e+21 1.394392e+43
4.465000e-15 -3.547513e+21 1.258485e+43
4.470000e-15 -3.345407e+21 1.119175e+43
4.475000e-15 -3.128776e+21 9.789237e+42
4.480000e-15 -2.898621e+21 8.402003e+42
4.485000e-15 -2.656003e+21 7.054352e+42
4.490000e-15 -2.402036e+21 5.769779e+42
4.495000e-15 -2.137883e+21 4.570543e+42
4.500000e-15 -1.864748e+21 3.477284e+42
4.505000e-15 -1.583874e+21 2.508658e+42
4.510000e-15 -1.296537e+21 1.681008e+42
4.515000e-15 -1.004037e+21 1.008091e+42
4.520000e-15 -7.076965e+20 5.008344e+41
4.525000e-15 -4.088504e+20 1.671586e+41
4.530000e-15 -1.088430e+20 1.184680e+40
4.535000e-15 1.909791e+20 3.647301e+40
4.540000e-15 4.892731e+20 2.393882e+41
4.545000e-15 7.847060e+20 6.157635e+41
4.550000e-15 1.075960e+21 1.157691e+42
4.555000e-15 1.361740e+21 1.854336e+42
4.560000e-15 1.640777e+21 2.692149e+42
4.565000e-15 1.911835e+21 3.655112e+42
4.570000e-15 2.173716e+21 4.725043e+42
4.575000e-15 2.425268e+21 5.881924e+42
4.580000e-15 2.665384e+21 7.104273e+42
4.585000e-15 2.893014e+21 8.369530e+42
4.590000e-15 3.107164e+21 9.654466e+42
4.595000e-15 3.306902e+21 1.093560e+43
4.600000e-15 3.491366e+21 1.218964e+43
4.605000e-15 3.659760e+21 1.339384e+43
4.610000e-15 3.811364e+21 1.452650e+43
4.615000e-15 3.945535e+21 1.556725e+43
4.620000e-15 4.061708e+21 1.649747e+43
4.625000e-15 4.159401e+21 1.730062e+43
4.630000e-15 4.238216e+21 1.796247e+43
4.635000e-15 4.297838e+21 1.847141e+43
4.640000e-15 4.338042e+21 1.881861e+43
4.645000e-15 4.358690e+21 1.899818e+43
4.650000e-15 4.359729e+21 1.900723e+43
4.655000e-15 4.341197e+21 1.884599e+43
4.660000e-15 4.303218e+21 1.851769e+43
4.665000e-15 4.246005e+21 1.802856e+43
4.670000e-15 4.169855e+21 1.738769e+43
4.675000e-15 4.075149e+21 1.660684e+43
4.680000e-15 3.962351e+21 1.570023e+43
4.685000e-15 3.832007e+21 1.468428e+43
4.690000e-15 3.684738e+21 1.357729e+43
4.695000e-15 3.521240e+21 1.239913e+43
4.700000e-15 3.342281e+21 1.117084e+43
4.705000e-15 3.148697e+21 9.914294e+42
4.710000e-15 2.941388e+21 8.651764e+42
4.715000e-15 2.721313e+21 7.405544e+42
4.720000e-15 2.489486e+21 6.197541e+42
4.725000e-15 2.246973e+21 5.048889e+42
4.730000e-15 1.994885e+21 3.979567e+42
4.735000e-15 1.734374e+21 3.008052e+42
4.740000e-15 1.466626e+21 2.150992e+42
4.745000e-15 1.192859e+21 1.422914e+42
4.750000e-15 9.143158e+20 8.359733e+41
4.755000e-15 6.322557e+20 3.997472e+41
4.760000e-15 3.479531e+20 1.210714e+41
4.765000e-15 6.268970e+19 3.929998e+39
4.770000e-15 -2.222515e+20 4.939573e+40
4.775000e-15 -5.055913e+20 2.556225e+41
4.780000e-15 -7.860602e+20 6.178907e+41
4.785000e-15 -1.062404e+21 1.128703e+42
4.790000e-15 -1.333391e+21 1.777931e+42
4.795000e-15 -1.597813e+21 2.553007e+42
4.800000e-15 -1.854497e+21 3.439159e+42
4.805000e-15 -2.102305e+21 4.419686e+42
4.810000e-15 -2.340141e+21 5.476261e+42
4.815000e-15 -2.566958e+21 6.589274e+42
4.820000e-15 -2.781759e+21 7.738181e+42
4.825000e-15 -2.983602e+21 8.901881e+42
4.830000e-15 -3.171607e+21 1.005909e+43
4.835000e-15 -3.344958e+21 1.118875e+43
4.840000e-15 -3.502905e+21 1.227034e+43
4.845000e-15 -3.644769e+21 1.328434e+43
4.850000e-15 -3.769945e+21 1.421249e+43
4.855000e-15 -3.877905e+21 1.503814e+43
4.860000e-15 -3.968197e+21 1.574659e+43
4.865000e-15 -4.040451e+21 1.632525e+43
4.870000e-15 -4.094380e+21 1.676395e+43
4.875000e-15 -4.129777e+21 1.705506e+43
4.880000e-15 -4.146521e+21 1.719363e+43
4.885000e-15 -4.144573e+21 1.717749e+43
4.890000e-15 -4.123980e+21 1.700721e+43
4.895000e-15 -4.084873e+21 1.668619e+43
4.900000e-15 -4.027463e+21 1.622046e+43
4.905000e-15 -3.952046e+21 1.561867e+43
4.910000e-15 -3.858997e+21 1.489186e+43
4.915000e-15 -3.748770e+21 1.405328e+43
4.920000e-15 -3.621895e+21 1.311812e+43
4.925000e-15 -3.478975e+21 1.210327e+43
4.930000e-15 -3.320685e+21 1.102695e+43
4.935000e-15 -3.147769e+21 9.908450e+42
4.940000e-15 -2.961033e+21 8.767716e+42
4.945000e-15 -2.761344e+21 7.625023e+42
4.950000e-15 -2.549628e+21 6.500602e+42
4.955000e-15 -2.326860e+21 5.414276e+42
4.960000e-15 -2.094064e+21 4.385104e+42
4.965000e-15 -1.852309e+21 3.431047e+42
4.970000e-15 -1.602699e+21 2.568644e+42
4.975000e-15 -1.346374e+21 1.812722e+42
4.980000e-15 -1.084500e+21 1.176141e+42
4.985000e-15 -8.182683e+20 6.695630e+41
4.990000e-15 -5.488845e+20 3.012742e+41
4.995000e-15 -2.775678e+20 7.704388e+40
5.000000e-15 -5.543533e+18 3.073076e+37
