0.000000e+00 nan nan
5.000000e-18 nan nan
1.000000e-17 nan nan
1.500000e-17 nan nan
2.000000e-17 -5.032549e+06 2.532655e+13
2.500000e-17 -4.684071e+07 2.194052e+15
3.000000e-17 -2.898094e+08 8.398948e+16
3.500000e-17 -1.352689e+09 1.829768e+18
4.000000e-17 -5.136605e+09 2.638472e+19
4.500000e-17 -1.666101e+10 2.775893e+20
5.000000e-17 -4.772185e+10 2.277375e+21
5.500000e-17 -1.236022e+11 1.527750e+22
6.000000e-17 -2.946015e+11 8.679005e+22
6.500000e-17 -6.548175e+11 4.287859e+23
7.000000e-17 -1.371426e+12 1.880809e+24
7.500000e-17 -2.728669e+12 7.445633e+24
8.000000e-17 -5.191887e+12 2.695569e+25
8.500000e-17 -9.498233e+12 9.021642e+25
9.000000e-17 -1.678215e+13 2.816407e+26
9.500000e-17 -2.874542e+13 8.262989e+26
1.000000e-16 -4.788322e+13 2.292802e+27
1.050000e-16 -7.777999e+13 6.049727e+27
1.100000e-16 -1.234906e+14 1.524994e+28
1.150000e-16 -1.920254e+14 3.687375e+28
1.200000e-16 -2.929587e+14 8.582482e+28
1.250000e-16 -4.391860e+14 1.928843e+29
1.300000e-16 -6.478535e+14 4.197141e+29
1.350000e-16 -9.414915e+14 8.864063e+29
1.400000e-16 -1.349382e+15 1.820833e+30
1.450000e-16 -1.909198e+15 3.645039e+30
1.500000e-16 -2.668950e+15 7.123291e+30
1.550000e-16 -3.689281e+15 1.361080e+31
1.600000e-16 -5.046170e+15 2.546384e+31
1.650000e-16 -6.834063e+15 4.670442e+31
1.700000e-16 -9.169515e+15 8.408000e+31
1.750000e-16 -1.219538e+16 1.487273e+32
1.800000e-16 -1.608561e+16 2.587468e+32
1.850000e-16 -2.105073e+16 4.431334e+32
1.900000e-16 -2.734408e+16 7.476988e+32
1.950000e-16 -3.526879e+16 1.243888e+33
2.000000e-16 -4.518573e+16 2.041750e+33
2.050000e-16 -5.752232e+16 3.308817e+33
2.100000e-16 -7.278245e+16 5.297285e+33
2.150000e-16 -9.155745e+16 8.382767e+33
2.200000e-16 -1.145383e+17 1.311902e+34
2.250000e-16 -1.425289e+17 2.031450e+34
2.300000e-16 -1.764613e+17 3.113858e+34
2.350000e-16 -2.174112e+17 4.726763e+34
2.400000e-16 -2.666165e+17 7.108434e+34
2.450000e-16 -3.254959e+17 1.059476e+35
2.500000e-16 -3.956705e+17 1.565551e+35
2.550000e-16 -4.789862e+17 2.294277e+35
2.600000e-16 -5.775383e+17 3.335505e+35
2.650000e-16 -6.936984e+17 4.812174e+35
2.700000e-16 -8.301423e+17 6.891363e+35
2.750000e-16 -9.898812e+17 9.798647e+35
2.800000e-16 -1.176294e+18 1.383667e+36
2.850000e-16 -1.393161e+18 1.940898e+36
2.900000e-16 -1.644705e+18 2.705054e+36
2.950000e-16 -1.935625e+18 3.746643e+36
3.000000e-16 -2.271141e+18 5.158083e+36
3.050000e-16 -2.657040e+18 7.059862e+36
3.100000e-16 -3.099718e+18 9.608250e+36
3.150000e-16 -3.606230e+18 1.300490e+37
3.200000e-16 -4.184346e+18 1.750875e+37
3.250000e-16 -4.842595e+18 2.345073e+37
3.300000e-16 -5.590331e+18 3.125180e+37
3.350000e-16 -6.437785e+18 4.144508e+37
3.400000e-16 -7.396127e+18 5.470270e+37
3.450000e-16 -8.477530e+18 7.186851e+37
3.500000e-16 -9.695232e+18 9.399752e+37
3.550000e-16 -1.106361e+19 1.224034e+38
3.600000e-16 -1.259823e+19 1.587154e+38
3.650000e-16 -1.431595e+19 2.049465e+38
3.700000e-16 -1.623497e+19 2.635742e+38
3.750000e-16 -1.837490e+19 3.376368e+38
3.800000e-16 -2.075685e+19 4.308468e+38
3.850000e-16 -2.340351e+19 5.477244e+38
3.900000e-16 -2.633922e+19 6.937546e+38
3.950000e-16 -2.959005e+19 8.755709e+38
4.000000e-16 -3.318386e+19 1.101169e+39
4.050000e-16 -3.715043e+19 1.380154e+39
4.100000e-16 -4.152149e+19 1.724034e+39
4.150000e-16 -4.633081e+19 2.146544e+39
4.200000e-16 -5.161432e+19 2.664038e+39
4.250000e-16 -5.741012e+19 3.295921e+39
4.300000e-16 -6.375860e+19 4.065160e+39
4.350000e-16 -7.070254e+19 4.998849e+39
4.400000e-16 -7.828711e+19 6.128872e+39
4.450000e-16 -8.656002e+19 7.492637e+39
4.500000e-16 -9.557152e+19 9.133915e+39
4.550000e-16 -1.053745e+20 1.110379e+40
4.600000e-16 -1.160246e+20 1.346172e+40
4.650000e-16 -1.275803e+20 1.627672e+40
4.700000e-16 -1.401025e+20 1.962872e+40
4.750000e-16 -1.536555e+20 2.361002e+40
4.800000e-16 -1.683062e+20 2.832698e+40
4.850000e-16 -1.841245e+20 3.390183e+40
4.900000e-16 -2.011833e+20 4.047470e+40
4.950000e-16 -2.195584e+20 4.820590e+40
5.000000e-16 -2.393289e+20 5.727832e+40
5.050000e-16 -2.605767e+20 6.790020e+40
5.100000e-16 -2.833868e+20 8.030806e+40
5.150000e-16 -3.078472e+20 9.476990e+40
5.200000e-16 -3.340491e+20 1.115888e+41
5.250000e-16 -3.620865e+20 1.311067e+41
5.300000e-16 -3.920565e+20 1.537083e+41
5.350000e-16 -4.240591e+20 1.798261e+41
5.400000e-16 -4.581971e+20 2.099446e+41
5.450000e-16 -4.945762e+20 2.446057e+41
5.500000e-16 -5.333049e+20 2.844141e+41
5.550000e-16 -5.744941e+20 3.300434e+41
5.600000e-16 -6.182574e+20 3.822422e+41
5.650000e-16 -6.647110e+20 4.418407e+41
5.700000e-16 -7.139731e+20 5.097576e+41
5.750000e-16 -7.661643e+20 5.870078e+41
5.800000e-16 -8.214072e+20 6.747098e+41
5.850000e-16 -8.798261e+20 7.740940e+41
5.900000e-16 -9.415472e+20 8.865111e+41
5.950000e-16 -1.006698e+21 1.013441e+42
6.000000e-16 -1.075407e+21 1.156501e+42
6.050000e-16 -1.147805e+21 1.317457e+42
6.100000e-16 -1.224022e+21 1.498231e+42
6.150000e-16 -1.304190e+21 1.700912e+42
6.200000e-16 -1.388440e+21 1.927766e+42
6.250000e-16 -1.476904e+21 2.181246e+42
6.300000e-16 -1.569714e+21 2.464001e+42
6.350000e-16 -1.667000e+21 2.778887e+42
6.400000e-16 -1.768892e+21 3.128978e+42
6.450000e-16 -1.875519e+21 3.517572e+42
6.500000e-16 -1.987009e+21 3.948205e+42
6.550000e-16 -2.103487e+21 4.424658e+42
6.600000e-16 -2.225076e+21 4.950965e+42
6.650000e-16 -2.351897e+21 5.531421e+42
6.700000e-16 -2.484068e+21 6.170592e+42
6.750000e-16 -2.621701e+21 6.873317e+42
6.800000e-16 -2.764909e+21 7.644719e+42
6.850000e-16 -2.913796e+21 8.490205e+42
6.900000e-16 -3.068464e+21 9.415470e+42
6.950000e-16 -3.229009e+21 1.042650e+43
7.000000e-16 -3.395523e+21 1.152958e+43
7.050000e-16 -3.568090e+21 1.273127e+43
7.100000e-16 -3.746788e+21 1.403842e+43
7.150000e-16 -3.931689e+21 1.545818e+43
7.200000e-16 -4.122857e+21 1.699795e+43
7.250000e-16 -4.320349e+21 1.866541e+43
7.300000e-16 -4.524212e+21 2.046849e+43
7.350000e-16 -4.734486e+21 2.241536e+43
7.400000e-16 -4.951201e+21 2.451439e+43
7.450000e-16 -5.174379e+21 2.677420e+43
7.500000e-16 -5.404029e+21 2.920353e+43
7.550000e-16 -5.640152e+21 3.181132e+43
7.600000e-16 -5.882738e+21 3.460661e+43
7.650000e-16 -6.131764e+21 3.759853e+43
7.700000e-16 -6.387197e+21 4.079628e+43
7.750000e-16 -6.648990e+21 4.420907e+43
7.800000e-16 -6.917086e+21 4.784608e+43
7.850000e-16 -7.191413e+21 5.171642e+43
7.900000e-16 -7.471887e+21 5.582909e+43
7.950000e-16 -7.758409e+21 6.019291e+43
8.000000e-16 -8.050868e+21 6.481647e+43
8.050000e-16 -8.349137e+21 6.970809e+43
8.100000e-16 -8.653077e+21 7.487573e+43
8.150000e-16 -8.962530e+21 8.032695e+43
8.200000e-16 -9.277328e+21 8.606882e+43
8.250000e-16 -9.597285e+21 9.210788e+43
8.300000e-16 -9.922199e+21 9.845004e+43
8.350000e-16 -1.025186e+22 1.051005e+44
8.400000e-16 -1.058602e+22 1.120638e+44
8.450000e-16 -1.092445e+22 1.193436e+44
8.500000e-16 -1.126687e+22 1.269425e+44
8.550000e-16 -1.161302e+22 1.348622e+44
8.600000e-16 -1.196259e+22 1.431036e+44
8.650000e-16 -1.231528e+22 1.516660e+44
8.700000e-16 -1.267075e+22 1.605479e+44
8.750000e-16 -1.302867e+22 1.697462e+44
8.800000e-16 -1.338868e+22 1.792567e+44
8.850000e-16 -1.375040e+22 1.890736e+44
8.900000e-16 -1.411346e+22 1.991897e+44
8.950000e-16 -1.447744e+22 2.095963e+44
9.000000e-16 -1.484194e+22 2.202831e+44
9.050000e-16 -1.520652e+22 2.312382e+44
9.100000e-16 -1.557074e+22 2.424479e+44
9.150000e-16 -1.593414e+22 2.538968e+44
9.200000e-16 -1.629625e+22 2.655679e+44
9.250000e-16 -1.665660e+22 2.774424e+44
9.300000e-16 -1.701469e+22 2.894997e+44
9.350000e-16 -1.737001e+22 3.017174e+44
9.400000e-16 -1.772206e+22 3.140714e+44
9.450000e-16 -1.807031e+22 3.265360e+44
9.500000e-16 -1.841422e+22 3.390835e+44
9.550000e-16 -1.875326e+22 3.516847e+44
9.600000e-16 -1.908688e+22 3.643088e+44
9.650000e-16 -1.941452e+22 3.769236e+44
9.700000e-16 -1.973563e+22 3.894951e+44
9.750000e-16 -2.004964e+22 4.019881e+44
9.800000e-16 -2.035599e+22 4.143662e+44
9.850000e-16 -2.065409e+22 4.265916e+44
9.900000e-16 -2.094340e+22 4.386258e+44
9.950000e-16 -2.122332e+22 4.504291e+44
1.000000e-15 -2.149328e+22 4.619612e+44
1.005000e-15 -2.175273e+22 4.731811e+44
1.010000e-15 -2.200108e+22 4.840474e+44
1.015000e-15 -2.223777e+22 4.945186e+44
1.020000e-15 -2.246225e+22 5.045529e+44
1.025000e-15 -2.267397e+22 5.141088e+44
1.030000e-15 -2.287237e+22 5.231452e+44
1.035000e-15 -2.305692e+22 5.316215e+44
1.040000e-15 -2.322709e+22 5.394978e+44
1.045000e-15 -2.338237e+22 5.467352e+44
1.050000e-15 -2.352225e+22 5.532963e+44
1.055000e-15 -2.364624e+22 5.591448e+44
1.060000e-15 -2.375387e+22 5.642464e+44
1.065000e-15 -2.384468e+22 5.685686e+44
1.070000e-15 -2.391822e+22 5.720810e+44
1.075000e-15 -2.397406e+22 5.747557e+44
1.080000e-15 -2.401181e+22 5.765672e+44
1.085000e-15 -2.403109e+22 5.774931e+44
1.090000e-15 -2.403152e+22 5.775138e+44
1.095000e-15 -2.401277e+22 5.766130e+44
1.100000e-15 -2.397452e+22 5.747776e+44
1.105000e-15 -2.391649e+22 5.719985e+44
1.110000e-15 -2.383841e+22 5.682698e+44
1.115000e-15 -2.374005e+22 5.635898e+44
1.120000e-15 -2.362119e+22 5.579606e+44
1.125000e-15 -2.348166e+22 5.513885e+44
1.130000e-15 -2.332132e+22 5.438839e+44
1.135000e-15 -2.314004e+22 5.354614e+44
1.140000e-15 -2.293774e+22 5.261399e+44
1.145000e-15 -2.271437e+22 5.159425e+44
1.150000e-15 -2.246990e+22 5.048966e+44
1.155000e-15 -2.220436e+22 4.930337e+44
1.160000e-15 -2.191779e+22 4.803897e+44
1.165000e-15 -2.161028e+22 4.670043e+44
1.170000e-15 -2.128195e+22 4.529213e+44
1.175000e-15 -2.093295e+22 4.381882e+44
1.180000e-15 -2.056347e+22 4.228563e+44
1.185000e-15 -2.017375e+22 4.069801e+44
1.190000e-15 -1.976405e+22 3.906175e+44
1.195000e-15 -1.933467e+22 3.738294e+44
1.200000e-15 -1.888595e+22 3.566791e+44
1.205000e-15 -1.841827e+22 3.392328e+44
1.210000e-15 -1.793205e+22 3.215582e+44
1.215000e-15 -1.742772e+22 3.037254e+44
1.220000e-15 -1.690578e+22 2.858054e+44
1.225000e-15 -1.636675e+22 2.678704e+44
1.230000e-15 -1.581118e+22 2.499935e+44
1.235000e-15 -1.523967e+22 2.322476e+44
1.240000e-15 -1.465285e+22 2.147059e+44
1.245000e-15 -1.405137e+22 1.974409e+44
1.250000e-15 -1.343592e+22 1.805240e+44
1.255000e-15 -1.280724e+22 1.640254e+44
1.260000e-15 -1.216607e+22 1.480134e+44
1.265000e-15 -1.151321e+22 1.325541e+44
1.270000e-15 -1.084947e+22 1.177110e+44
1.275000e-15 -1.017569e+22 1.035447e+44
1.280000e-15 -9.492741e+21 9.011213e+43
1.285000e-15 -8.801518e+21 7.746672e+43
1.290000e-15 -8.102941e+21 6.565765e+43
1.295000e-15 -7.397950e+21 5.472967e+43
1.300000e-15 -6.687508e+21 4.472276e+43
1.305000e-15 -5.972596e+21 3.567191e+43
1.310000e-15 -5.254215e+21 2.760677e+43
1.315000e-15 -4.533378e+21 2.055151e+43
1.320000e-15 -3.811115e+21 1.452460e+43
1.325000e-15 -3.088469e+21 9.538643e+42
1.330000e-15 -2.366493e+21 5.600288e+42
1.335000e-15 -1.646246e+21 2.710126e+42
1.340000e-15 -9.287977e+20 8.626652e+41
1.345000e-15 -2.152200e+20 4.631964e+40
1.350000e-15 4.934119e+20 2.434553e+41
1.355000e-15 1.196022e+21 1.430469e+42
1.360000e-15 1.891536e+21 3.577909e+42
1.365000e-15 2.578883e+21 6.650639e+42
1.370000e-15 3.256999e+21 1.060804e+43
1.375000e-15 3.924825e+21 1.540425e+43
1.380000e-15 4.581315e+21 2.098845e+43
1.385000e-15 5.225434e+21 2.730516e+43
1.390000e-15 5.856161e+21 3.429462e+43
1.395000e-15 6.472491e+21 4.189314e+43
1.400000e-15 7.073439e+21 5.003354e+43
1.405000e-15 7.658040e+21 5.864558e+43
1.410000e-15 8.225352e+21 6.765641e+43
1.415000e-15 8.774456e+21 7.699107e+43
1.420000e-15 9.304462e+21 8.657302e+43
1.425000e-15 9.814509e+21 9.632459e+43
1.430000e-15 1.030377e+22 1.061676e+44
1.435000e-15 1.077143e+22 1.160238e+44
1.440000e-15 1.121675e+22 1.258155e+44
1.445000e-15 1.163898e+22 1.354660e+44
1.450000e-15 1.203745e+22 1.449003e+44
1.455000e-15 1.241150e+22 1.540454e+44
1.460000e-15 1.276052e+22 1.628310e+44
1.465000e-15 1.308396e+22 1.711899e+44
1.470000e-15 1.338128e+22 1.790585e+44
1.475000e-15 1.365201e+22 1.863774e+44
1.480000e-15 1.389573e+22 1.930913e+44
1.485000e-15 1.411206e+22 1.991501e+44
1.490000e-15 1.430066e+22 2.045088e+44
1.495000e-15 1.446126e+22 2.091279e+44
1.500000e-15 1.459362e+22 2.129738e+44
1.505000e-15 1.469758e+22 2.160188e+44
1.510000e-15 1.477300e+22 2.182417e+44
1.515000e-15 1.481983e+22 2.196273e+44
1.520000e-15 1.483803e+22 2.201671e+44
1.525000e-15 1.482765e+22 2.198592e+44
1.530000e-15 1.478878e+22 2.187081e+44
1.535000e-15 1.472157e+22 2.167246e+44
1.540000e-15 1.462622e+22 2.139262e+44
1.545000e-15 1.450298e+22 2.103363e+44
1.550000e-15 1.435216e+22 2.059845e+44
1.555000e-15 1.417413e+22 2.009060e+44
1.560000e-15 1.396931e+22 1.951415e+44
1.565000e-15 1.373816e+22 1.887370e+44
1.570000e-15 1.348120e+22 1.817429e+44
1.575000e-15 1.319902e+22 1.742142e+44
1.580000e-15 1.289223e+22 1.662097e+44
1.585000e-15 1.256151e+22 1.577916e+44
1.590000e-15 1.220758e+22 1.490249e+44
1.595000e-15 1.183120e+22 1.399773e+44
1.600000e-15 1.143319e+22 1.307179e+44
1.605000e-15 1.101441e+22 1.213173e+44
1.610000e-15 1.057576e+22 1.118468e+44
1.615000e-15 1.011818e+22 1.023775e+44
1.620000e-15 9.642640e+21 9.298051e+43
1.625000e-15 9.150165e+21 8.372552e+43
1.630000e-15 8.641803e+21 7.468076e+43
1.635000e-15 8.118638e+21 6.591228e+43
1.640000e-15 7.581784e+21 5.748345e+43
1.645000e-15 7.032384e+21 4.945442e+43
1.650000e-15 6.471605e+21 4.188167e+43
1.655000e-15 5.900640e+21 3.481755e+43
1.660000e-15 5.320702e+21 2.830987e+43
1.665000e-15 4.733022e+21 2.240150e+43
1.670000e-15 4.138848e+21 1.713006e+43
1.675000e-15 3.539441e+21 1.252764e+43
1.680000e-15 2.936072e+21 8.620519e+42
1.685000e-15 2.330021e+21 5.428998e+42
1.690000e-15 1.722572e+21 2.967256e+42
1.695000e-15 1.115014e+21 1.243255e+42
1.700000e-15 5.086311e+20 2.587056e+41
1.705000e-15 -9.529127e+19 9.080426e+39
1.710000e-15 -6.954759e+20 4.836868e+41
1.715000e-15 -1.290654e+21 1.665788e+42
1.720000e-15 -1.879568e+21 3.532775e+42
1.725000e-15 -2.460975e+21 6.056396e+42
1.730000e-15 -3.033648e+21 9.203021e+42
1.735000e-15 -3.596382e+21 1.293396e+43
1.740000e-15 -4.147993e+21 1.720585e+43
1.745000e-15 -4.687322e+21 2.197099e+43
1.750000e-15 -5.213238e+21 2.717785e+43
1.755000e-15 -5.724641e+21 3.277152e+43
1.760000e-15 -6.220463e+21 3.869417e+43
1.765000e-15 -6.699672e+21 4.488560e+43
1.770000e-15 -7.161271e+21 5.128380e+43
1.775000e-15 -7.604306e+21 5.782548e+43
1.780000e-15 -8.027864e+21 6.444661e+43
1.785000e-15 -8.431076e+21 7.108304e+43
1.790000e-15 -8.813117e+21 7.767104e+43
1.795000e-15 -9.173214e+21 8.414786e+43
1.800000e-15 -9.510641e+21 9.045229e+43
1.805000e-15 -9.824724e+21 9.652520e+43
1.810000e-15 -1.011484e+22 1.023100e+44
1.815000e-15 -1.038043e+22 1.077533e+44
1.820000e-15 -1.062097e+22 1.128051e+44
1.825000e-15 -1.083602e+22 1.174194e+44
1.830000e-15 -1.102518e+22 1.215547e+44
1.835000e-15 -1.118812e+22 1.251739e+44
1.840000e-15 -1.132454e+22 1.282453e+44
1.845000e-15 -1.143425e+22 1.307422e+44
1.850000e-15 -1.151709e+22 1.326433e+44
1.855000e-15 -1.157295e+22 1.339332e+44
1.860000e-15 -1.160182e+22 1.346022e+44
1.865000e-15 -1.160371e+22 1.346461e+44
1.870000e-15 -1.157873e+22 1.340669e+44
1.875000e-15 -1.152702e+22 1.328721e+44
1.880000e-15 -1.144879e+22 1.310748e+44
1.885000e-15 -1.134433e+22 1.286938e+44
1.890000e-15 -1.121396e+22 1.257529e+44
1.895000e-15 -1.105809e+22 1.222812e+44
1.900000e-15 -1.087715e+22 1.183124e+44
1.905000e-15 -1.067167e+22 1.138845e+44
1.910000e-15 -1.044221e+22 1.090397e+44
1.915000e-15 -1.018938e+22 1.038235e+44
1.920000e-15 -9.913866e+21 9.828475e+43
1.925000e-15 -9.616389e+21 9.247494e+43
1.930000e-15 -9.297724e+21 8.644767e+43
1.935000e-15 -8.958694e+21 8.025820e+43
1.940000e-15 -8.600170e+21 7.396292e+43
1.945000e-15 -8.223064e+21 6.761879e+43
1.950000e-15 -7.828334e+21 6.128281e+43
1.955000e-15 -7.416973e+21 5.501149e+43
1.960000e-15 -6.990015e+21 4.886030e+43
1.965000e-15 -6.548526e+21 4.288320e+43
1.970000e-15 -6.093608e+21 3.713206e+43
1.975000e-15 -5.626388e+21 3.165625e+43
1.980000e-15 -5.148024e+21 2.650215e+43
1.985000e-15 -4.659695e+21 2.171276e+43
1.990000e-15 -4.162604e+21 1.732727e+43
1.995000e-15 -3.657969e+21 1.338074e+43
2.000000e-15 -3.147027e+21 9.903782e+42
2.005000e-15 -2.631026e+21 6.922298e+42
2.010000e-15 -2.111222e+21 4.457260e+42
2.015000e-15 -1.588880e+21 2.524541e+42
2.020000e-15 -1.065267e+21 1.134794e+42
2.025000e-15 -5.416502e+20 2.933849e+41
2.030000e-15 -1.929393e+19 3.722556e+38
2.035000e-15 5.005427e+20 2.505430e+41
2.040000e-15 1.016610e+21 1.033495e+42
2.045000e-15 1.527669e+21 2.333773e+42
2.050000e-15 2.032498e+21 4.131048e+42
2.055000e-15 2.529891e+21 6.400347e+42
2.060000e-15 3.018663e+21 9.112328e+42
2.065000e-15 3.497655e+21 1.223359e+43
2.070000e-15 3.965731e+21 1.572702e+43
2.075000e-15 4.421787e+21 1.955220e+43
2.080000e-15 4.864749e+21 2.366578e+43
2.085000e-15 5.293580e+21 2.802199e+43
2.090000e-15 5.707277e+21 3.257301e+43
2.095000e-15 6.104878e+21 3.726954e+43
2.100000e-15 6.485464e+21 4.206124e+43
2.105000e-15 6.848157e+21 4.689726e+43
2.110000e-15 7.192128e+21 5.172671e+43
2.115000e-15 7.516595e+21 5.649920e+43
2.120000e-15 7.820825e+21 6.116530e+43
2.125000e-15 8.104138e+21 6.567705e+43
2.130000e-15 8.365907e+21 6.998840e+43
2.135000e-15 8.605560e+21 7.405566e+43
2.140000e-15 8.822581e+21 7.783793e+43
2.145000e-15 9.016511e+21 8.129748e+43
2.150000e-15 9.186951e+21 8.440007e+43
2.155000e-15 9.333559e+21 8.711533e+43
2.160000e-15 9.456056e+21 8.941700e+43
2.165000e-15 9.554221e+21 9.128314e+43
2.170000e-15 9.627896e+21 9.269638e+43
2.175000e-15 9.676984e+21 9.364402e+43
2.180000e-15 9.701450e+21 9.411812e+43
2.185000e-15 9.701320e+21 9.411560e+43
2.190000e-15 9.676682e+21 9.363818e+43
2.195000e-15 9.627686e+21 9.269234e+43
2.200000e-15 9.554542e+21 9.128928e+43
2.205000e-15 9.457520e+21 8.944469e+43
2.210000e-15 9.336950e+21 8.717864e+43
2.215000e-15 9.193220e+21 8.451529e+43
2.220000e-15 9.026775e+21 8.148266e+43
2.225000e-15 8.838117e+21 7.811231e+43
2.230000e-15 8.627802e+21 7.443898e+43
2.235000e-15 8.396441e+21 7.050023e+43
2.240000e-15 8.144695e+21 6.633606e+43
2.245000e-15 7.873276e+21 6.198847e+43
2.250000e-15 7.582942e+21 5.750101e+43
2.255000e-15 7.274500e+21 5.291835e+43
2.260000e-15 6.948799e+21 4.828581e+43
2.265000e-15 6.606730e+21 4.364888e+43
2.270000e-15 6.249224e+21 3.905280e+43
2.275000e-15 5.877247e+21 3.454204e+43
2.280000e-15 5.491803e+21 3.015990e+43
2.285000e-15 5.093923e+21 2.594805e+43
2.290000e-15 4.684672e+21 2.194615e+43
2.295000e-15 4.265136e+21 1.819139e+43
2.300000e-15 3.836430e+21 1.471820e+43
2.305000e-15 3.399685e+21 1.155786e+43
2.310000e-15 2.956052e+21 8.738246e+42
2.315000e-15 2.506697e+21 6.283528e+42
2.320000e-15 2.052794e+21 4.213964e+42
2.325000e-15 1.595531e+21 2.545718e+42
2.330000e-15 1.136097e+21 1.290715e+42
2.335000e-15 6.756848e+20 4.565499e+41
2.340000e-15 2.154878e+20 4.643499e+40
2.345000e-15 -2.433058e+20 5.919771e+40
2.350000e-15 -6.995142e+20 4.893201e+41
2.355000e-15 -1.151965e+21 1.327024e+42
2.360000e-15 -1.599501e+21 2.558402e+42
2.365000e-15 -2.040976e+21 4.165583e+42
2.370000e-15 -2.475268e+21 6.126951e+42
2.375000e-15 -2.901273e+21 8.417384e+42
2.380000e-15 -3.317913e+21 1.100855e+43
2.385000e-15 -3.724137e+21 1.386919e+43
2.390000e-15 -4.118923e+21 1.696553e+43
2.395000e-15 -4.501284e+21 2.026155e+43
2.400000e-15 -4.870265e+21 2.371948e+43
2.405000e-15 -5.224949e+21 2.730010e+43
2.410000e-15 -5.564462e+21 3.096324e+43
2.415000e-15 -5.887967e+21 3.466816e+43
2.420000e-15 -6.194675e+21 3.837400e+43
2.425000e-15 -6.483841e+21 4.204019e+43
2.430000e-15 -6.754768e+21 4.562689e+43
2.435000e-15 -7.006809e+21 4.909537e+43
2.440000e-15 -7.239368e+21 5.240845e+43
2.445000e-15 -7.451903e+21 5.553085e+43
2.450000e-15 -7.643923e+21 5.842956e+43
2.455000e-15 -7.814995e+21 6.107414e+43
2.460000e-15 -7.964740e+21 6.343709e+43
2.465000e-15 -8.092838e+21 6.549403e+43
2.470000e-15 -8.199026e+21 6.722402e+43
2.475000e-15 -8.283098e+21 6.860971e+43
2.480000e-15 -8.344908e+21 6.963749e+43
2.485000e-15 -8.384370e+21 7.029765e+43
2.490000e-15 -8.401454e+21 7.058443e+43
2.495000e-15 -8.396193e+21 7.049606e+43
2.500000e-15 -8.368676e+21 7.003473e+43
2.505000e-15 -8.319051e+21 6.920661e+43
2.510000e-15 -8.247524e+21 6.802166e+43
2.515000e-15 -8.154360e+21 6.649359e+43
2.520000e-15 -8.039878e+21 6.463965e+43
2.525000e-15 -7.904455e+21 6.248040e+43
2.530000e-15 -7.748519e+21 6.003954e+43
2.535000e-15 -7.572553e+21 5.734357e+43
2.540000e-15 -7.377094e+21 5.442152e+43
2.545000e-15 -7.162726e+21 5.130464e+43
2.550000e-15 -6.930082e+21 4.802604e+43
2.555000e-15 -6.679844e+21 4.462031e+43
2.560000e-15 -6.412735e+21 4.112317e+43
2.565000e-15 -6.129525e+21 3.757108e+43
2.570000e-15 -5.831022e+21 3.400082e+43
2.575000e-15 -5.518073e+21 3.044913e+43
2.580000e-15 -5.191561e+21 2.695231e+43
2.585000e-15 -4.852404e+21 2.354583e+43
2.590000e-15 -4.501550e+21 2.026395e+43
2.595000e-15 -4.139975e+21 1.713939e+43
2.600000e-15 -3.768681e+21 1.420296e+43
2.605000e-15 -3.388696e+21 1.148326e+43
2.610000e-15 -3.001063e+21 9.006381e+42
2.615000e-15 -2.606848e+21 6.795657e+42
2.620000e-15 -2.207128e+21 4.871416e+42
2.625000e-15 -1.802994e+21 3.250787e+42
2.630000e-15 -1.395543e+21 1.947541e+42
2.635000e-15 -9.858813e+20 9.719619e+41
2.640000e-15 -5.751150e+20 3.307572e+41
2.645000e-15 -1.643517e+20 2.701148e+40
2.650000e-15 2.453045e+20 6.017429e+40
2.655000e-15 6.527555e+20 4.260898e+41
2.660000e-15 1.056912e+21 1.117064e+42
2.665000e-15 1.456698e+21 2.121969e+42
2.670000e-15 1.851050e+21 3.426386e+42
2.675000e-15 2.238923e+21 5.012778e+42
2.680000e-15 2.619294e+21 6.860702e+42
2.685000e-15 2.991161e+21 8.947041e+42
2.690000e-15 3.353547e+21 1.124628e+43
2.695000e-15 3.705506e+21 1.373078e+43
2.700000e-15 4.046122e+21 1.637110e+43
2.705000e-15 4.374510e+21 1.913634e+43
2.710000e-15 4.689823e+21 2.199444e+43
2.715000e-15 4.991250e+21 2.491258e+43
2.720000e-15 5.278022e+21 2.785751e+43
2.725000e-15 5.549408e+21 3.079593e+43
2.730000e-15 5.804725e+21 3.369483e+43
2.735000e-15 6.043331e+21 3.652185e+43
2.740000e-15 6.264636e+21 3.924566e+43
2.745000e-15 6.468093e+21 4.183623e+43
2.750000e-15 6.653210e+21 4.426520e+43
2.755000e-15 6.819542e+21 4.650615e+43
2.760000e-15 6.966698e+21 4.853488e+43
2.765000e-15 7.094341e+21 5.032967e+43
2.770000e-15 7.202186e+21 5.187148e+43
2.775000e-15 7.290003e+21 5.314414e+43
2.780000e-15 7.357618e+21 5.413454e+43
2.785000e-15 7.404912e+21 5.483272e+43
2.790000e-15 7.431820e+21 5.523195e+43
2.795000e-15 7.438335e+21 5.532883e+43
2.800000e-15 7.424504e+21 5.512326e+43
2.805000e-15 7.390429e+21 5.461845e+43
2.810000e-15 7.336269e+21 5.382084e+43
2.815000e-15 7.262234e+21 5.274004e+43
2.820000e-15 7.168589e+21 5.138867e+43
2.825000e-15 7.055653e+21 4.978224e+43
2.830000e-15 6.923795e+21 4.793894e+43
2.835000e-15 6.773436e+21 4.587943e+43
2.840000e-15 6.605043e+21 4.362660e+43
2.845000e-15 6.419136e+21 4.120531e+43
2.850000e-15 6.216278e+21 3.864211e+43
2.855000e-15 5.997077e+21 3.596493e+43
2.860000e-15 5.762184e+21 3.320276e+43
2.865000e-15 5.512292e+21 3.038536e+43
2.870000e-15 5.248133e+21 2.754290e+43
2.875000e-15 4.970474e+21 2.470562e+43
2.880000e-15 4.680120e+21 2.190353e+43
2.885000e-15 4.377907e+21 1.916607e+43
2.890000e-15 4.064699e+21 1.652178e+43
2.895000e-15 3.741392e+21 1.399801e+43
2.900000e-15 3.408903e+21 1.162062e+43
2.905000e-15 3.068174e+21 9.413694e+42
2.910000e-15 2.720168e+21 7.399313e+42
2.915000e-15 2.365862e+21 5.597302e+42
2.920000e-15 2.006250e+21 4.025038e+42
2.925000e-15 1.642337e+21 2.697270e+42
2.930000e-15 1.275137e+21 1.625975e+42
2.935000e-15 9.056713e+20 8.202405e+41
2.940000e-15 5.349630e+20 2.861854e+41
2.945000e-15 1.640367e+20 2.690804e+40
2.950000e-15 -2.060855e+20 4.247123e+40
2.955000e-15 -5.743864e+20 3.299198e+41
2.960000e-15 -9.398568e+20 8.833307e+41
2.965000e-15 -1.301498e+21 1.693897e+42
2.970000e-15 -1.658324e+21 2.750039e+42
2.975000e-15 -2.009366e+21 4.037552e+42
2.980000e-15 -2.353673e+21 5.539777e+42
2.985000e-15 -2.690315e+21 7.237796e+42
2.990000e-15 -3.018387e+21 9.110657e+42
2.995000e-15 -3.337007e+21 1.113562e+43
3.000000e-15 -3.645326e+21 1.328840e+43
3.005000e-15 -3.942522e+21 1.554348e+43
3.010000e-15 -4.227807e+21 1.787436e+43
3.015000e-15 -4.500430e+21 2.025387e+43
3.020000e-15 -4.759674e+21 2.265449e+43
3.025000e-15 -5.004862e+21 2.504865e+43
3.030000e-15 -5.235359e+21 2.740899e+43
3.035000e-15 -5.450572e+21 2.970873e+43
3.040000e-15 -5.649949e+21 3.192192e+43
3.045000e-15 -5.832987e+21 3.402373e+43
3.050000e-15 -5.999227e+21 3.599073e+43
3.055000e-15 -6.148261e+21 3.780111e+43
3.060000e-15 -6.279725e+21 3.943494e+43
3.065000e-15 -6.393308e+21 4.087439e+43
3.070000e-15 -6.488750e+21 4.210387e+43
3.075000e-15 -6.565838e+21 4.311023e+43
3.080000e-15 -6.624415e+21 4.388287e+43
3.085000e-15 -6.664372e+21 4.441386e+43
3.090000e-15 -6.685655e+21 4.469799e+43
3.095000e-15 -6.688260e+21 4.473283e+43
3.100000e-15 -6.672235e+21 4.451873e+43
3.105000e-15 -6.637681e+21 4.405880e+43
3.110000e-15 -6.584747e+21 4.335889e+43
3.115000e-15 -6.513636e+21 4.242745e+43
3.120000e-15 -6.424599e+21 4.127548e+43
3.125000e-15 -6.317938e+21 3.991634e+43
3.130000e-15 -6.194000e+21 3.836564e+43
3.135000e-15 -6.053182e+21 3.664101e+43
3.140000e-15 -5.895925e+21 3.476194e+43
3.145000e-15 -5.722717e+21 3.274948e+43
3.150000e-15 -5.534085e+21 3.062609e+43
3.155000e-15 -5.330601e+21 2.841530e+43
3.160000e-15 -5.112875e+21 2.614149e+43
3.165000e-15 -4.881556e+21 2.382959e+43
3.170000e-15 -4.637329e+21 2.150482e+43
3.175000e-15 -4.380913e+21 1.919239e+43
3.180000e-15 -4.113057e+21 1.691724e+43
3.185000e-15 -3.834543e+21 1.470372e+43
3.190000e-15 -3.546180e+21 1.257539e+43
3.195000e-15 -3.248800e+21 1.055470e+43
3.200000e-15 -2.943260e+21 8.662781e+42
3.205000e-15 -2.630438e+21 6.919202e+42
3.210000e-15 -2.311227e+21 5.341770e+42
3.215000e-15 -1.986538e+21 3.946335e+42
3.220000e-15 -1.657296e+21 2.746629e+42
3.225000e-15 -1.324432e+21 1.754120e+42
3.230000e-15 -9.888880e+20 9.778996e+41
3.235000e-15 -6.516105e+20 4.245962e+41
3.240000e-15 -3.135475e+20 9.831201e+40
3.245000e-15 2.435284e+19 5.930607e+38
3.250000e-15 3.611453e+20 1.304259e+41
3.255000e-15 6.958904e+20 4.842635e+41
3.260000e-15 1.027657e+21 1.056079e+42
3.265000e-15 1.355524e+21 1.837445e+42
3.270000e-15 1.678585e+21 2.817647e+42
3.275000e-15 1.995948e+21 3.983807e+42
3.280000e-15 2.306740e+21 5.321048e+42
3.285000e-15 2.610108e+21 6.812665e+42
3.290000e-15 2.905224e+21 8.440327e+42
3.295000e-15 3.191283e+21 1.018429e+43
3.300000e-15 3.467509e+21 1.202362e+43
3.305000e-15 3.733154e+21 1.393644e+43
3.310000e-15 3.987503e+21 1.590018e+43
3.315000e-15 4.229874e+21 1.789184e+43
3.320000e-15 4.459621e+21 1.988822e+43
3.325000e-15 4.676134e+21 2.186622e+43
3.330000e-15 4.878841e+21 2.380309e+43
3.335000e-15 5.067214e+21 2.567666e+43
3.340000e-15 5.240762e+21 2.746558e+43
3.345000e-15 5.399039e+21 2.914962e+43
3.350000e-15 5.541643e+21 3.070981e+43
3.355000e-15 5.668218e+21 3.212870e+43
3.360000e-15 5.778452e+21 3.339050e+43
3.365000e-15 5.872080e+21 3.448132e+43
3.370000e-15 5.948885e+21 3.538923e+43
3.375000e-15 6.008698e+21 3.610445e+43
3.380000e-15 6.051398e+21 3.661942e+43
3.385000e-15 6.076912e+21 3.692886e+43
3.390000e-15 6.085216e+21 3.702985e+43
3.395000e-15 6.076333e+21 3.692182e+43
3.400000e-15 6.050336e+21 3.660657e+43
3.405000e-15 6.007347e+21 3.608821e+43
3.410000e-15 5.947531e+21 3.537313e+43
3.415000e-15 5.871105e+21 3.446988e+43
3.420000e-15 5.778330e+21 3.338909e+43
3.425000e-15 5.669510e+21 3.214335e+43
3.430000e-15 5.544998e+21 3.074701e+43
3.435000e-15 5.405187e+21 2.921605e+43
3.440000e-15 5.250514e+21 2.756790e+43
3.445000e-15 5.081454e+21 2.582118e+43
3.450000e-15 4.898525e+21 2.399555e+43
3.455000e-15 4.702280e+21 2.211144e+43
3.460000e-15 4.493309e+21 2.018983e+43
3.465000e-15 4.272237e+21 1.825201e+43
3.470000e-15 4.039720e+21 1.631934e+43
3.475000e-15 3.796446e+21 1.441300e+43
3.480000e-15 3.543132e+21 1.255378e+43
3.485000e-15 3.280519e+21 1.076180e+43
3.490000e-15 3.009375e+21 9.056340e+42
3.495000e-15 2.730490e+21 7.455575e+42
3.500000e-15 2.444671e+21 5.976419e+42
3.505000e-15 2.152747e+21 4.634319e+42
3.510000e-15 1.855558e+21 3.443095e+42
3.515000e-15 1.553959e+21 2.414788e+42
3.520000e-15 1.248815e+21 1.559538e+42
3.525000e-15 9.409978e+20 8.854769e+41
3.530000e-15 6.313867e+20 3.986492e+41
3.535000e-15 3.208621e+20 1.029525e+41
3.540000e-15 1.030533e+19 1.061998e+38
3.545000e-15 -2.994044e+20 8.964300e+40
3.550000e-15 -6.073925e+20 3.689256e+41
3.555000e-15 -9.127913e+20 8.331880e+41
3.560000e-15 -1.214743e+21 1.475600e+42
3.565000e-15 -1.512401e+21 2.287355e+42
3.570000e-15 -1.804933e+21 3.257782e+42
3.575000e-15 -2.091524e+21 4.374472e+42
3.580000e-15 -2.371377e+21 5.623431e+42
3.585000e-15 -2.643718e+21 6.989243e+42
3.590000e-15 -2.907792e+21 8.455256e+42
3.595000e-15 -3.162874e+21 1.000377e+43
3.600000e-15 -3.408264e+21 1.161626e+43
3.605000e-15 -3.643290e+21 1.327356e+43
3.610000e-15 -3.867313e+21 1.495611e+43
3.615000e-15 -4.079726e+21 1.664416e+43
3.620000e-15 -4.279957e+21 1.831803e+43
3.625000e-15 -4.467468e+21 1.995827e+43
3.630000e-15 -4.641762e+21 2.154595e+43
3.635000e-15 -4.802376e+21 2.306282e+43
3.640000e-15 -4.948891e+21 2.449152e+43
3.645000e-15 -5.080927e+21 2.581582e+43
3.650000e-15 -5.198146e+21 2.702072e+43
3.655000e-15 -5.300254e+21 2.809269e+43
3.660000e-15 -5.386999e+21 2.901975e+43
3.665000e-15 -5.458174e+21 2.979166e+43
3.670000e-15 -5.513618e+21 3.039998e+43
3.675000e-15 -5.553212e+21 3.083817e+43
3.680000e-15 -5.576886e+21 3.110166e+43
3.685000e-15 -5.584613e+21 3.118790e+43
3.690000e-15 -5.576410e+21 3.109635e+43
3.695000e-15 -5.552344e+21 3.082852e+43
3.700000e-15 -5.512522e+21 3.038790e+43
3.705000e-15 -5.457098e+21 2.977992e+43
3.710000e-15 -5.386270e+21 2.901191e+43
3.715000e-15 -5.300279e+21 2.809295e+43
3.720000e-15 -5.199407e+21 2.703383e+43
3.725000e-15 -5.083980e+21 2.584685e+43
3.730000e-15 -4.954363e+21 2.454571e+43
3.735000e-15 -4.810962e+21 2.314536e+43
3.740000e-15 -4.654220e+21 2.166176e+43
3.745000e-15 -4.484617e+21 2.011179e+43
3.750000e-15 -4.302669e+21 1.851296e+43
3.755000e-15 -4.108926e+21 1.688328e+43
3.760000e-15 -3.903970e+21 1.524098e+43
3.765000e-15 -3.688412e+21 1.360439e+43
3.770000e-15 -3.462895e+21 1.199164e+43
3.775000e-15 -3.228087e+21 1.042054e+43
3.780000e-15 -2.984680e+21 8.908312e+42
3.785000e-15 -2.733390e+21 7.471420e+42
3.790000e-15 -2.474954e+21 6.125397e+42
3.795000e-15 -2.210127e+21 4.884662e+42
3.800000e-15 -1.939681e+21 3.762364e+42
3.805000e-15 -1.664402e+21 2.770235e+42
3.810000e-15 -1.385088e+21 1.918469e+42
3.815000e-15 -1.102546e+21 1.215608e+42
3.820000e-15 -8.175912e+20 6.684553e+41
3.825000e-15 -5.310430e+20 2.820067e+41
3.830000e-15 -2.437241e+20 5.940146e+40
3.835000e-15 4.354272e+19 1.895968e+39
3.840000e-15 3.299369e+20 1.088584e+41
3.845000e-15 6.146422e+20 3.777850e+41
3.850000e-15 8.968489e+20 8.043380e+41
3.855000e-15 1.175757e+21 1.382404e+42
3.860000e-15 1.450576e+21 2.104171e+42
3.865000e-15 1.720531e+21 2.960228e+42
3.870000e-15 1.984863e+21 3.939680e+42
3.875000e-15 2.242827e+21 5.030275e+42
3.880000e-15 2.493704e+21 6.218557e+42
3.885000e-15 2.736790e+21 7.490021e+42
3.890000e-15 2.971411e+21 8.829286e+42
3.895000e-15 3.196916e+21 1.022027e+43
3.900000e-15 3.412680e+21 1.164639e+43
3.905000e-15 3.618111e+21 1.309073e+43
3.910000e-15 3.812645e+21 1.453626e+43
3.915000e-15 3.995751e+21 1.596603e+43
3.920000e-15 4.166933e+21 1.736333e+43
3.925000e-15 4.325730e+21 1.871194e+43
3.930000e-15 4.471715e+21 1.999624e+43
3.935000e-15 4.604503e+21 2.120145e+43
3.940000e-15 4.723744e+21 2.231375e+43
3.945000e-15 4.829129e+21 2.332048e+43
3.950000e-15 4.920389e+21 2.421023e+43
3.955000e-15 4.997297e+21 2.497297e+43
3.960000e-15 5.059666e+21 2.560022e+43
3.965000e-15 5.107353e+21 2.608505e+43
3.970000e-15 5.140256e+21 2.642223e+43
3.975000e-15 5.158315e+21 2.660822e+43
3.980000e-15 5.161515e+21 2.664124e+43
3.985000e-15 5.149882e+21 2.652128e+43
3.990000e-15 5.123483e+21 2.625008e+43
3.995000e-15 5.082431e+21 2.583111e+43
4.000000e-15 5.026878e+21 2.526950e+43
4.005000e-15 4.957017e+21 2.457202e+43
4.010000e-15 4.873083e+21 2.374694e+43
4.015000e-15 4.775350e+21 2.280397e+43
4.020000e-15 4.664132e+21 2.175412e+43
4.025000e-15 4.539779e+21 2.060959e+43
4.030000e-15 4.402680e+21 1.938359e+43
4.035000e-15 4.253259e+21 1.809021e+43
4.040000e-15 4.091974e+21 1.674425e+43
4.045000e-15 3.919315e+21 1.536103e+43
4.050000e-15 3.735807e+21 1.395626e+43
4.055000e-15 3.542002e+21 1.254578e+43
4.060000e-15 3.338481e+21 1.114545e+43
4.065000e-15 3.125851e+21 9.770947e+42
4.070000e-15 2.904747e+21 8.437553e+42
4.075000e-15 2.675822e+21 7.160022e+42
4.080000e-15 2.439754e+21 5.952397e+42
4.085000e-15 2.197238e+21 4.827853e+42
4.090000e-15 1.948986e+21 3.798548e+42
4.095000e-15 1.695728e+21 2.875493e+42
4.100000e-15 1.438202e+21 2.068425e+42
4.105000e-15 1.177160e+21 1.385705e+42
4.110000e-15 9.133606e+20 8.342277e+41
4.115000e-15 6.475705e+20 4.193475e+41
4.120000e-15 3.805589e+20 1.448251e+41
4.125000e-15 1.130976e+20 1.279108e+40
4.130000e-15 -1.540422e+20 2.372901e+40
4.135000e-15 -4.200921e+20 1.764774e+41
4.140000e-15 -6.842881e+20 4.682502e+41
4.145000e-15 -9.458736e+20 8.946768e+41
4.150000e-15 -1.204101e+21 1.449859e+42
4.155000e-15 -1.458233e+21 2.126445e+42
4.160000e-15 -1.707549e+21 2.915722e+42
4.165000e-15 -1.951339e+21 3.807723e+42
4.170000e-15 -2.188914e+21 4.791343e+42
4.175000e-15 -2.419603e+21 5.854477e+42
4.180000e-15 -2.642757e+21 6.984163e+42
4.185000e-15 -2.857749e+21 8.166729e+42
4.190000e-15 -3.063978e+21 9.387964e+42
4.195000e-15 -3.260870e+21 1.063327e+43
4.200000e-15 -3.447877e+21 1.188785e+43
4.205000e-15 -3.624482e+21 1.313687e+43
4.210000e-15 -3.790200e+21 1.436561e+43
4.215000e-15 -3.944576e+21 1.555968e+43
4.220000e-15 -4.087191e+21 1.670513e+43
4.225000e-15 -4.217660e+21 1.778865e+43
4.230000e-15 -4.335633e+21 1.879772e+43
4.235000e-15 -4.440799e+21 1.972069e+43
4.240000e-15 -4.532881e+21 2.054701e+43
4.245000e-15 -4.611645e+21 2.126727e+43
4.250000e-15 -4.676891e+21 2.187331e+43
4.255000e-15 -4.728462e+21 2.235836e+43
4.260000e-15 -4.766240e+21 2.271705e+43
4.265000e-15 -4.790147e+21 2.294550e+43
4.270000e-15 -4.800143e+21 2.304137e+43
4.275000e-15 -4.796232e+21 2.300384e+43
4.280000e-15 -4.778455e+21 2.283363e+43
4.285000e-15 -4.746895e+21 2.253301e+43
4.290000e-15 -4.701674e+21 2.210574e+43
4.295000e-15 -4.642953e+21 2.155701e+43
4.300000e-15 -4.570931e+21 2.089341e+43
4.305000e-15 -4.485846e+21 2.012282e+43
4.310000e-15 -4.387974e+21 1.925431e+43
4.315000e-15 -4.277625e+21 1.829808e+43
4.320000e-15 -4.155146e+21 1.726524e+43
4.325000e-15 -4.020919e+21 1.616779e+43
4.330000e-15 -3.875357e+21 1.501839e+43
4.335000e-15 -3.718907e+21 1.383027e+43
4.340000e-15 -3.552045e+21 1.261702e+43
4.345000e-15 -3.375277e+21 1.139249e+43
4.350000e-15 -3.189137e+21 1.017059e+43
4.355000e-15 -2.994183e+21 8.965132e+42
4.360000e-15 -2.791000e+21 7.789681e+42
4.365000e-15 -2.580194e+21 6.657399e+42
4.370000e-15 -2.362391e+21 5.580892e+42
4.375000e-15 -2.138239e+21 4.572065e+42
4.380000e-15 -1.908399e+21 3.641987e+42
4.385000e-15 -1.673550e+21 2.800771e+42
4.390000e-15 -1.434384e+21 2.057457e+42
4.395000e-15 -1.191602e+21 1.419916e+42
4.400000e-15 -9.459161e+20 8.947572e+41
4.405000e-15 -6.980441e+20 4.872656e+41
4.410000e-15 -4.487093e+20 2.013401e+41
4.415000e-15 -1.986375e+20 3.945687e+40
4.420000e-15 5.144482e+19 2.646570e+39
4.425000e-15 3.008127e+20 9.048828e+40
4.430000e-15 5.487447e+20 3.011207e+41
4.435000e-15 7.945249e+20 6.312698e+41
4.440000e-15 1.037445e+21 1.076293e+42
4.445000e-15 1.276808e+21 1.630238e+42
4.450000e-15 1.511925e+21 2.285917e+42
4.455000e-15 1.742125e+21 3.034999e+42
4.460000e-15 1.966750e+21 3.868104e+42
4.465000e-15 2.185159e+21 4.774922e+42
4.470000e-15 2.396734e+21 5.744335e+42
4.475000e-15 2.600874e+21 6.764548e+42
4.480000e-15 2.797003e+21 7.823228e+42
4.485000e-15 2.984569e+21 8.907652e+42
4.490000e-15 3.163045e+21 1.000485e+43
4.495000e-15 3.331933e+21 1.110178e+43
4.500000e-15 3.490762e+21 1.218542e+43
4.505000e-15 3.639093e+21 1.324300e+43
4.510000e-15 3.776518e+21 1.426209e+43
4.515000e-15 3.902660e+21 1.523075e+43
4.520000e-15 4.017176e+21 1.613771e+43
4.525000e-15 4.119760e+21 1.697242e+43
4.530000e-15 4.210138e+21 1.772526e+43
4.535000e-15 4.288073e+21 1.838757e+43
4.540000e-15 4.353364e+21 1.895178e+43
4.545000e-15 4.405850e+21 1.941152e+43
4.550000e-15 4.445404e+21 1.976162e+43
4.555000e-15 4.471939e+21 1.999824e+43
4.560000e-15 4.485405e+21 2.011886e+43
4.565000e-15 4.485789e+21 2.012231e+43
4.570000e-15 4.473119e+21 2.000880e+43
4.575000e-15 4.447459e+21 1.977989e+43
4.580000e-15 4.408910e+21 1.943849e+43
4.585000e-15 4.357611e+21 1.898878e+43
4.590000e-15 4.293739e+21 1.843619e+43
4.595000e-15 4.217505e+21 1.778735e+43
4.600000e-15 4.129157e+21 1.704993e+43
4.605000e-15 4.028976e+21 1.623265e+43
4.610000e-15 3.917280e+21 1.534509e+43
4.615000e-15 3.794418e+21 1.439760e+43
4.620000e-15 3.660769e+21 1.340123e+43
4.625000e-15 3.516745e+21 1.236749e+43
4.630000e-15 3.362787e+21 1.130834e+43
4.635000e-15 3.199364e+21 1.023593e+43
4.640000e-15 3.026970e+21 9.162550e+42
4.645000e-15 2.846128e+21 8.100442e+42
4.650000e-15 2.657379e+21 7.061664e+42
4.655000e-15 2.461291e+21 6.057954e+42
4.660000e-15 2.258450e+21 5.100595e+42
4.665000e-15 2.049459e+21 4.200284e+42
4.670000e-15 1.834942e+21 3.367012e+42
4.675000e-15 1.615533e+21 2.609948e+42
4.680000e-15 1.391883e+21 1.937338e+42
4.685000e-15 1.164651e+21 1.356412e+42
4.690000e-15 9.345068e+20 8.733030e+41
4.695000e-15 7.021274e+20 4.929829e+41
4.700000e-15 4.681945e+20 2.192061e+41
4.705000e-15 2.333929e+20 5.447227e+40
4.710000e-15 -1.590930e+18 2.531058e+36
4.715000e-15 -2.360718e+20 5.572987e+40
4.720000e-15 -4.693669e+20 2.203053e+41
4.725000e-15 -7.007986e+20 4.911187e+41
4.730000e-15 -9.296958e+20 8.643342e+41
4.735000e-15 -1.155396e+21 1.334940e+42
4.740000e-15 -1.377248e+21 1.896811e+42
4.745000e-15 -1.594611e+21 2.542784e+42
4.750000e-15 -1.806862e+21 3.264749e+42
4.755000e-15 -2.013390e+21 4.053741e+42
4.760000e-15 -2.213606e+21 4.900053e+42
4.765000e-15 -2.406938e+21 5.793350e+42
4.770000e-15 -2.592835e+21 6.722793e+42
4.775000e-15 -2.770770e+21 7.677165e+42
4.780000e-15 -2.940239e+21 8.645007e+42
4.785000e-15 -3.100766e+21 9.614747e+42
4.790000e-15 -3.251898e+21 1.057484e+43
4.795000e-15 -3.393215e+21 1.151391e+43
4.800000e-15 -3.524323e+21 1.242085e+43
4.805000e-15 -3.644859e+21 1.328500e+43
4.810000e-15 -3.754493e+21 1.409622e+43
4.815000e-15 -3.852926e+21 1.484504e+43
4.820000e-15 -3.939894e+21 1.552277e+43
4.825000e-15 -4.015165e+21 1.612155e+43
4.830000e-15 -4.078542e+21 1.663451e+43
4.835000e-15 -4.129865e+21 1.705578e+43
4.840000e-15 -4.169006e+21 1.738061e+43
4.845000e-15 -4.195876e+21 1.760538e+43
4.850000e-15 -4.210421e+21 1.772765e+43
4.855000e-15 -4.212623e+21 1.774619e+43
4.860000e-15 -4.202499e+21 1.766100e+43
4.865000e-15 -4.180103e+21 1.747326e+43
4.870000e-15 -4.145526e+21 1.718539e+43
4.875000e-15 -4.098892e+21 1.680092e+43
4.880000e-15 -4.040362e+21 1.632453e+43
4.885000e-15 -3.970130e+21 1.576193e+43
4.890000e-15 -3.888424e+21 1.511984e+43
4.895000e-15 -3.795506e+21 1.440586e+43
4.900000e-15 -3.691669e+21 1.362842e+43
4.905000e-15 -3.577239e+21 1.279664e+43
4.910000e-15 -3.452572e+21 1.192025e+43
4.915000e-15 -3.318051e+21 1.100946e+43
4.920000e-15 -3.174090e+21 1.007484e+43
4.925000e-15 -3.021128e+21 9.127212e+42
4.930000e-15 -2.859630e+21 8.177485e+42
4.935000e-15 -2.690086e+21 7.236564e+42
4.940000e-15 -2.513008e+21 6.315207e+42
4.945000e-15 -2.328927e+21 5.423902e+42
4.950000e-15 -2.138398e+21 4.572744e+42
4.955000e-15 -1.941989e+21 3.771320e+42
4.960000e-15 -1.740287e+21 3.028599e+42
4.965000e-15 -1.533893e+21 2.352829e+42
4.970000e-15 -1.323421e+21 1.751442e+42
4.975000e-15 -1.109494e+21 1.230976e+42
4.980000e-15 -8.927449e+20 7.969935e+41
4.985000e-15 -6.738148e+20 4.540264e+41
4.990000e-15 -4.533488e+20 2.055251e+41
4.995000e-15 -2.319953e+20 5.382184e+40
5.000000e-15 -1.040462e+19 1.082562e+38
