0.000000e+00 nan nan
5.000000e-18 nan nan
1.000000e-17 nan nan
1.500000e-17 nan nan
2.000000e-17 -4.900218e+04 2.401214e+09
2.500000e-17 -4.562489e+05 2.081630e+11
3.000000e-17 -2.824069e+06 7.975364e+12
3.500000e-17 -1.318800e+07 1.739233e+14
4.000000e-17 -5.010819e+07 2.510830e+15
4.500000e-17 -1.626369e+08 2.645075e+16
5.000000e-17 -4.661801e+08 2.173239e+17
5.500000e-17 -1.208412e+09 1.460260e+18
6.000000e-17 -2.882770e+09 8.310362e+18
6.500000e-17 -6.413793e+09 4.113674e+19
7.000000e-17 -1.344684e+10 1.808176e+20
7.500000e-17 -2.678465e+10 7.174173e+20
8.000000e-17 -5.102478e+10 2.603528e+21
8.500000e-17 -9.346589e+10 8.735874e+21
9.000000e-17 -1.653660e+11 2.734593e+22
9.500000e-17 -2.836542e+11 8.045972e+22
1.000000e-16 -4.732165e+11 2.239338e+23
1.050000e-16 -7.698997e+11 5.927455e+23
1.100000e-16 -1.224402e+12 1.499159e+24
1.150000e-16 -1.907243e+12 3.637576e+24
1.200000e-16 -2.915045e+12 8.497487e+24
1.250000e-16 -4.378373e+12 1.917015e+25
1.300000e-16 -6.471434e+12 4.187945e+25
1.350000e-16 -9.423965e+12 8.881111e+25
1.400000e-16 -1.353567e+13 1.832145e+26
1.450000e-16 -1.919366e+13 3.683965e+26
1.500000e-16 -2.689323e+13 7.232459e+26
1.550000e-16 -3.726273e+13 1.388511e+27
1.600000e-16 -5.109275e+13 2.610469e+27
1.650000e-16 -6.937057e+13 4.812276e+27
1.700000e-16 -9.332025e+13 8.708669e+27
1.750000e-16 -1.244493e+14 1.548763e+28
1.800000e-16 -1.646027e+14 2.709404e+28
1.850000e-16 -2.160247e+14 4.666668e+28
1.900000e-16 -2.814304e+14 7.920306e+28
1.950000e-16 -3.640863e+14 1.325588e+29
2.000000e-16 -4.679030e+14 2.189332e+29
2.050000e-16 -5.975394e+14 3.570534e+29
2.100000e-16 -7.585206e+14 5.753535e+29
2.150000e-16 -9.573702e+14 9.165577e+29
2.200000e-16 -1.201759e+15 1.444225e+30
2.250000e-16 -1.500670e+15 2.252012e+30
2.300000e-16 -1.864586e+15 3.476681e+30
2.350000e-16 -2.305690e+15 5.316207e+30
2.400000e-16 -2.838097e+15 8.054797e+30
2.450000e-16 -3.478104e+15 1.209721e+31
2.500000e-16 -4.244464e+15 1.801548e+31
2.550000e-16 -5.158696e+15 2.661215e+31
2.600000e-16 -6.245414e+15 3.900519e+31
2.650000e-16 -7.532693e+15 5.674146e+31
2.700000e-16 -9.052470e+15 8.194722e+31
2.750000e-16 -1.084098e+16 1.175268e+32
2.800000e-16 -1.293922e+16 1.674235e+32
2.850000e-16 -1.539348e+16 2.369593e+32
2.900000e-16 -1.825588e+16 3.332771e+32
2.950000e-16 -2.158497e+16 4.659110e+32
3.000000e-16 -2.544641e+16 6.475197e+32
3.050000e-16 -2.991362e+16 8.948248e+32
3.100000e-16 -3.506858e+16 1.229806e+33
3.150000e-16 -4.100261e+16 1.681214e+33
3.200000e-16 -4.781722e+16 2.286487e+33
3.250000e-16 -5.562509e+16 3.094150e+33
3.300000e-16 -6.455100e+16 4.166831e+33
3.350000e-16 -7.473292e+16 5.585010e+33
3.400000e-16 -8.632315e+16 7.451686e+33
3.450000e-16 -9.948946e+16 9.898153e+33
3.500000e-16 -1.144164e+17 1.309112e+34
3.550000e-16 -1.313068e+17 1.724147e+34
3.600000e-16 -1.503827e+17 2.261496e+34
3.650000e-16 -1.718877e+17 2.954537e+34
3.700000e-16 -1.960876e+17 3.845033e+34
3.750000e-16 -2.232729e+17 4.985077e+34
3.800000e-16 -2.537601e+17 6.439418e+34
3.850000e-16 -2.878938e+17 8.288284e+34
3.900000e-16 -3.260486e+17 1.063077e+35
3.950000e-16 -3.686312e+17 1.358889e+35
4.000000e-16 -4.160824e+17 1.731245e+35
4.050000e-16 -4.688797e+17 2.198482e+35
4.100000e-16 -5.275395e+17 2.782980e+35
4.150000e-16 -5.926197e+17 3.511981e+35
4.200000e-16 -6.647220e+17 4.418553e+35
4.250000e-16 -7.444951e+17 5.542729e+35
4.300000e-16 -8.326372e+17 6.932846e+35
4.350000e-16 -9.298990e+17 8.647122e+35
4.400000e-16 -1.037087e+18 1.075550e+36
4.450000e-16 -1.155067e+18 1.334179e+36
4.500000e-16 -1.284765e+18 1.650621e+36
4.550000e-16 -1.427175e+18 2.036828e+36
4.600000e-16 -1.583359e+18 2.507026e+36
4.650000e-16 -1.754452e+18 3.078103e+36
4.700000e-16 -1.941666e+18 3.770067e+36
4.750000e-16 -2.146293e+18 4.606574e+36
4.800000e-16 -2.369710e+18 5.615525e+36
4.850000e-16 -2.613382e+18 6.829768e+36
4.900000e-16 -2.878870e+18 8.287892e+36
4.950000e-16 -3.167829e+18 1.003514e+37
5.000000e-16 -3.482018e+18 1.212445e+37
5.050000e-16 -3.823304e+18 1.461765e+37
5.100000e-16 -4.193663e+18 1.758681e+37
5.150000e-16 -4.595190e+18 2.111577e+37
5.200000e-16 -5.030100e+18 2.530190e+37
5.250000e-16 -5.500736e+18 3.025809e+37
5.300000e-16 -6.009572e+18 3.611496e+37
5.350000e-16 -6.559222e+18 4.302339e+37
5.400000e-16 -7.152438e+18 5.115738e+37
5.450000e-16 -7.792127e+18 6.071724e+37
5.500000e-16 -8.481344e+18 7.193319e+37
5.550000e-16 -9.223308e+18 8.506941e+37
5.600000e-16 -1.002140e+19 1.004285e+38
5.650000e-16 -1.087918e+19 1.183566e+38
5.700000e-16 -1.180038e+19 1.392490e+38
5.750000e-16 -1.278892e+19 1.635564e+38
5.800000e-16 -1.384890e+19 1.917920e+38
5.850000e-16 -1.498462e+19 2.245390e+38
5.900000e-16 -1.620060e+19 2.624595e+38
5.950000e-16 -1.750155e+19 3.063042e+38
6.000000e-16 -1.889239e+19 3.569226e+38
6.050000e-16 -2.037829e+19 4.152746e+38
6.100000e-16 -2.196461e+19 4.824441e+38
6.150000e-16 -2.365697e+19 5.596524e+38
6.200000e-16 -2.546123e+19 6.482745e+38
6.250000e-16 -2.738349e+19 7.498558e+38
6.300000e-16 -2.943011e+19 8.661312e+38
6.350000e-16 -3.160769e+19 9.990459e+38
6.400000e-16 -3.392312e+19 1.150778e+39
6.450000e-16 -3.638355e+19 1.323763e+39
6.500000e-16 -3.899642e+19 1.520721e+39
6.550000e-16 -4.176944e+19 1.744686e+39
6.600000e-16 -4.471061e+19 1.999039e+39
6.650000e-16 -4.782825e+19 2.287541e+39
6.700000e-16 -5.113095e+19 2.614374e+39
6.750000e-16 -5.462763e+19 2.984178e+39
6.800000e-16 -5.832752e+19 3.402100e+39
6.850000e-16 -6.224016e+19 3.873838e+39
6.900000e-16 -6.637543e+19 4.405698e+39
6.950000e-16 -7.074352e+19 5.004646e+39
7.000000e-16 -7.535497e+19 5.678371e+39
7.050000e-16 -8.022064e+19 6.435351e+39
7.100000e-16 -8.535175e+19 7.284922e+39
7.150000e-16 -9.075987e+19 8.237354e+39
7.200000e-16 -9.645690e+19 9.303933e+39
7.250000e-16 -1.024551e+20 1.049705e+40
7.300000e-16 -1.087671e+20 1.183029e+40
7.350000e-16 -1.154059e+20 1.331853e+40
7.400000e-16 -1.223849e+20 1.497806e+40
7.450000e-16 -1.297177e+20 1.682667e+40
7.500000e-16 -1.374184e+20 1.888382e+40
7.550000e-16 -1.455015e+20 2.117069e+40
7.600000e-16 -1.539818e+20 2.371041e+40
7.650000e-16 -1.628746e+20 2.652812e+40
7.700000e-16 -1.721952e+20 2.965120e+40
7.750000e-16 -1.819598e+20 3.310937e+40
7.800000e-16 -1.921846e+20 3.693492e+40
7.850000e-16 -2.028863e+20 4.116284e+40
7.900000e-16 -2.140819e+20 4.583105e+40
7.950000e-16 -2.257888e+20 5.098059e+40
8.000000e-16 -2.380249e+20 5.665584e+40
8.050000e-16 -2.508082e+20 6.290475e+40
8.100000e-16 -2.641573e+20 6.977907e+40
8.150000e-16 -2.780910e+20 7.733459e+40
8.200000e-16 -2.926285e+20 8.563142e+40
8.250000e-16 -3.077893e+20 9.473427e+40
8.300000e-16 -3.235934e+20 1.047127e+41
8.350000e-16 -3.400609e+20 1.156414e+41
8.400000e-16 -3.572125e+20 1.276007e+41
8.450000e-16 -3.750688e+20 1.406766e+41
8.500000e-16 -3.936512e+20 1.549613e+41
8.550000e-16 -4.129810e+20 1.705533e+41
8.600000e-16 -4.330801e+20 1.875584e+41
8.650000e-16 -4.539705e+20 2.060892e+41
8.700000e-16 -4.756743e+20 2.262661e+41
8.750000e-16 -4.982144e+20 2.482176e+41
8.800000e-16 -5.216133e+20 2.720804e+41
8.850000e-16 -5.458942e+20 2.980005e+41
8.900000e-16 -5.710803e+20 3.261327e+41
8.950000e-16 -5.971951e+20 3.566420e+41
9.000000e-16 -6.242622e+20 3.897033e+41
9.050000e-16 -6.523055e+20 4.255024e+41
9.100000e-16 -6.813488e+20 4.642362e+41
9.150000e-16 -7.114163e+20 5.061132e+41
9.200000e-16 -7.425323e+20 5.513542e+41
9.250000e-16 -7.747211e+20 6.001927e+41
9.300000e-16 -8.080070e+20 6.528753e+41
9.350000e-16 -8.424145e+20 7.096623e+41
9.400000e-16 -8.779682e+20 7.708282e+41
9.450000e-16 -9.146926e+20 8.366626e+41
9.500000e-16 -9.526122e+20 9.074700e+41
9.550000e-16 -9.917515e+20 9.835709e+41
9.600000e-16 -1.032135e+21 1.065302e+42
9.650000e-16 -1.073787e+21 1.153018e+42
9.700000e-16 -1.116731e+21 1.247089e+42
9.750000e-16 -1.160993e+21 1.347904e+42
9.800000e-16 -1.206595e+21 1.455872e+42
9.850000e-16 -1.253562e+21 1.571418e+42
9.900000e-16 -1.301917e+21 1.694988e+42
9.950000e-16 -1.351684e+21 1.827049e+42
1.000000e-15 -1.402885e+21 1.968087e+42
1.005000e-15 -1.455544e+21 2.118608e+42
1.010000e-15 -1.509683e+21 2.279142e+42
1.015000e-15 -1.565323e+21 2.450237e+42
1.020000e-15 -1.622487e+21 2.632465e+42
1.025000e-15 -1.681196e+21 2.826421e+42
1.030000e-15 -1.741471e+21 3.032721e+42
1.035000e-15 -1.803332e+21 3.252005e+42
1.040000e-15 -1.866798e+21 3.484935e+42
1.045000e-15 -1.931890e+21 3.732197e+42
1.050000e-15 -1.998625e+21 3.994501e+42
1.055000e-15 -2.067022e+21 4.272579e+42
1.060000e-15 -2.137098e+21 4.567186e+42
1.065000e-15 -2.208869e+21 4.879104e+42
1.070000e-15 -2.282353e+21 5.209134e+42
1.075000e-15 -2.357563e+21 5.558103e+42
1.080000e-15 -2.434514e+21 5.926860e+42
1.085000e-15 -2.513220e+21 6.316276e+42
1.090000e-15 -2.593694e+21 6.727247e+42
1.095000e-15 -2.675946e+21 7.160688e+42
1.100000e-15 -2.759989e+21 7.617537e+42
1.105000e-15 -2.845831e+21 8.098752e+42
1.110000e-15 -2.933481e+21 8.605312e+42
1.115000e-15 -3.022948e+21 9.138214e+42
1.120000e-15 -3.114237e+21 9.698474e+42
1.125000e-15 -3.207355e+21 1.028713e+43
1.130000e-15 -3.302305e+21 1.090522e+43
1.135000e-15 -3.399092e+21 1.155382e+43
1.140000e-15 -3.497715e+21 1.223401e+43
1.145000e-15 -3.598177e+21 1.294688e+43
1.150000e-15 -3.700477e+21 1.369353e+43
1.155000e-15 -3.804612e+21 1.447508e+43
1.160000e-15 -3.910580e+21 1.529263e+43
1.165000e-15 -4.018374e+21 1.614733e+43
1.170000e-15 -4.127990e+21 1.704030e+43
1.175000e-15 -4.239420e+21 1.797268e+43
1.180000e-15 -4.352653e+21 1.894559e+43
1.185000e-15 -4.467680e+21 1.996017e+43
1.190000e-15 -4.584488e+21 2.101753e+43
1.195000e-15 -4.703064e+21 2.211881e+43
1.200000e-15 -4.823391e+21 2.326510e+43
1.205000e-15 -4.945452e+21 2.445750e+43
1.210000e-15 -5.069230e+21 2.569709e+43
1.215000e-15 -5.194702e+21 2.698493e+43
1.220000e-15 -5.321848e+21 2.832206e+43
1.225000e-15 -5.450642e+21 2.970950e+43
1.230000e-15 -5.581059e+21 3.114822e+43
1.235000e-15 -5.713073e+21 3.263920e+43
1.240000e-15 -5.846652e+21 3.418334e+43
1.245000e-15 -5.981766e+21 3.578153e+43
1.250000e-15 -6.118383e+21 3.743461e+43
1.255000e-15 -6.256466e+21 3.914337e+43
1.260000e-15 -6.395980e+21 4.090856e+43
1.265000e-15 -6.536886e+21 4.273088e+43
1.270000e-15 -6.679143e+21 4.461095e+43
1.275000e-15 -6.822708e+21 4.654935e+43
1.280000e-15 -6.967539e+21 4.854659e+43
1.285000e-15 -7.113587e+21 5.060312e+43
1.290000e-15 -7.260805e+21 5.271929e+43
1.295000e-15 -7.409144e+21 5.489541e+43
1.300000e-15 -7.558550e+21 5.713168e+43
1.305000e-15 -7.708970e+21 5.942822e+43
1.310000e-15 -7.860349e+21 6.178508e+43
1.315000e-15 -8.012628e+21 6.420220e+43
1.320000e-15 -8.165747e+21 6.667942e+43
1.325000e-15 -8.319646e+21 6.921651e+43
1.330000e-15 -8.474260e+21 7.181308e+43
1.335000e-15 -8.629525e+21 7.446870e+43
1.340000e-15 -8.785373e+21 7.718278e+43
1.345000e-15 -8.941735e+21 7.995462e+43
1.350000e-15 -9.098540e+21 8.278344e+43
1.355000e-15 -9.255716e+21 8.566829e+43
1.360000e-15 -9.413189e+21 8.860812e+43
1.365000e-15 -9.570881e+21 9.160177e+43
1.370000e-15 -9.728716e+21 9.464791e+43
1.375000e-15 -9.886613e+21 9.774512e+43
1.380000e-15 -1.004449e+22 1.008918e+44
1.385000e-15 -1.020227e+22 1.040863e+44
1.390000e-15 -1.035986e+22 1.073267e+44
1.395000e-15 -1.051718e+22 1.106110e+44
1.400000e-15 -1.067414e+22 1.139372e+44
1.405000e-15 -1.083065e+22 1.173029e+44
1.410000e-15 -1.098662e+22 1.207058e+44
1.415000e-15 -1.114196e+22 1.241432e+44
1.420000e-15 -1.129657e+22 1.276126e+44
1.425000e-15 -1.145037e+22 1.311110e+44
1.430000e-15 -1.160326e+22 1.346355e+44
1.435000e-15 -1.175513e+22 1.381830e+44
1.440000e-15 -1.190589e+22 1.417502e+44
1.445000e-15 -1.205545e+22 1.453338e+44
1.450000e-15 -1.220369e+22 1.489301e+44
1.455000e-15 -1.235053e+22 1.525356e+44
1.460000e-15 -1.249586e+22 1.561465e+44
1.465000e-15 -1.263957e+22 1.597588e+44
1.470000e-15 -1.278157e+22 1.633685e+44
1.475000e-15 -1.292175e+22 1.669715e+44
1.480000e-15 -1.306000e+22 1.705635e+44
1.485000e-15 -1.319622e+22 1.741402e+44
1.490000e-15 -1.333030e+22 1.776970e+44
1.495000e-15 -1.346215e+22 1.812294e+44
1.500000e-15 -1.359164e+22 1.847328e+44
1.505000e-15 -1.371869e+22 1.882024e+44
1.510000e-15 -1.384317e+22 1.916333e+44
1.515000e-15 -1.396498e+22 1.950208e+44
1.520000e-15 -1.408403e+22 1.983598e+44
1.525000e-15 -1.420019e+22 2.016454e+44
1.530000e-15 -1.431337e+22 2.048725e+44
1.535000e-15 -1.442346e+22 2.080361e+44
1.540000e-15 -1.453035e+22 2.111310e+44
1.545000e-15 -1.463394e+22 2.141522e+44
1.550000e-15 -1.473413e+22 2.170945e+44
1.555000e-15 -1.483080e+22 2.199527e+44
1.560000e-15 -1.492387e+22 2.227219e+44
1.565000e-15 -1.501323e+22 2.253970e+44
1.570000e-15 -1.509877e+22 2.279728e+44
1.575000e-15 -1.518040e+22 2.304445e+44
1.580000e-15 -1.525802e+22 2.328071e+44
1.585000e-15 -1.533153e+22 2.350558e+44
1.590000e-15 -1.540083e+22 2.371857e+44
1.595000e-15 -1.546584e+22 2.391923e+44
1.600000e-15 -1.552646e+22 2.410710e+44
1.605000e-15 -1.558260e+22 2.428173e+44
1.610000e-15 -1.563416e+22 2.444270e+44
1.615000e-15 -1.568107e+22 2.458958e+44
1.620000e-15 -1.572323e+22 2.472199e+44
1.625000e-15 -1.576056e+22 2.483953e+44
1.630000e-15 -1.579299e+22 2.494185e+44
1.635000e-15 -1.582043e+22 2.502859e+44
1.640000e-15 -1.584280e+22 2.509943e+44
1.645000e-15 -1.586004e+22 2.515407e+44
1.650000e-15 -1.587206e+22 2.519223e+44
1.655000e-15 -1.587881e+22 2.521365e+44
1.660000e-15 -1.588021e+22 2.521810e+44
1.665000e-15 -1.587620e+22 2.520538e+44
1.670000e-15 -1.586673e+22 2.517530e+44
1.675000e-15 -1.585172e+22 2.512771e+44
1.680000e-15 -1.583114e+22 2.506249e+44
1.685000e-15 -1.580492e+22 2.497956e+44
1.690000e-15 -1.577302e+22 2.487883e+44
1.695000e-15 -1.573540e+22 2.476029e+44
1.700000e-15 -1.569201e+22 2.462393e+44
1.705000e-15 -1.564282e+22 2.446979e+44
1.710000e-15 -1.558779e+22 2.429792e+44
1.715000e-15 -1.552689e+22 2.410843e+44
1.720000e-15 -1.546009e+22 2.390145e+44
1.725000e-15 -1.538738e+22 2.367713e+44
1.730000e-15 -1.530872e+22 2.343570e+44
1.735000e-15 -1.522411e+22 2.317736e+44
1.740000e-15 -1.513354e+22 2.290240e+44
1.745000e-15 -1.503699e+22 2.261111e+44
1.750000e-15 -1.493447e+22 2.230383e+44
1.755000e-15 -1.482597e+22 2.198094e+44
1.760000e-15 -1.471150e+22 2.164282e+44
1.765000e-15 -1.459107e+22 2.128993e+44
1.770000e-15 -1.446469e+22 2.092272e+44
1.775000e-15 -1.433238e+22 2.054171e+44
1.780000e-15 -1.419416e+22 2.014742e+44
1.785000e-15 -1.405006e+22 1.974042e+44
1.790000e-15 -1.390011e+22 1.932130e+44
1.795000e-15 -1.374434e+22 1.889069e+44
1.800000e-15 -1.358280e+22 1.844923e+44
1.805000e-15 -1.341552e+22 1.799761e+44
1.810000e-15 -1.324256e+22 1.753653e+44
1.815000e-15 -1.306397e+22 1.706672e+44
1.820000e-15 -1.287980e+22 1.658892e+44
1.825000e-15 -1.269012e+22 1.610392e+44
1.830000e-15 -1.249500e+22 1.561250e+44
1.835000e-15 -1.229450e+22 1.511547e+44
1.840000e-15 -1.208870e+22 1.461368e+44
1.845000e-15 -1.187769e+22 1.410795e+44
1.850000e-15 -1.166154e+22 1.359914e+44
1.855000e-15 -1.144034e+22 1.308813e+44
1.860000e-15 -1.121419e+22 1.257580e+44
1.865000e-15 -1.098318e+22 1.206302e+44
1.870000e-15 -1.074742e+22 1.155070e+44
1.875000e-15 -1.050701e+22 1.103972e+44
1.880000e-15 -1.026206e+22 1.053098e+44
1.885000e-15 -1.001268e+22 1.002538e+44
1.890000e-15 -9.758999e+21 9.523807e+43
1.895000e-15 -9.501135e+21 9.027156e+43
1.900000e-15 -9.239213e+21 8.536305e+43
1.905000e-15 -8.973363e+21 8.052125e+43
1.910000e-15 -8.703722e+21 7.575477e+43
1.915000e-15 -8.430425e+21 7.107206e+43
1.920000e-15 -8.153615e+21 6.648144e+43
1.925000e-15 -7.873438e+21 6.199102e+43
1.930000e-15 -7.590041e+21 5.760872e+43
1.935000e-15 -7.303578e+21 5.334225e+43
1.940000e-15 -7.014204e+21 4.919906e+43
1.945000e-15 -6.722078e+21 4.518633e+43
1.950000e-15 -6.427362e+21 4.131098e+43
1.955000e-15 -6.130221e+21 3.757961e+43
1.960000e-15 -5.830823e+21 3.399850e+43
1.965000e-15 -5.529340e+21 3.057360e+43
1.970000e-15 -5.225944e+21 2.731049e+43
1.975000e-15 -4.920812e+21 2.421439e+43
1.980000e-15 -4.614123e+21 2.129013e+43
1.985000e-15 -4.306057e+21 1.854213e+43
1.990000e-15 -3.996798e+21 1.597439e+43
1.995000e-15 -3.686531e+21 1.359051e+43
2.000000e-15 -3.375443e+21 1.139361e+43
2.005000e-15 -3.063723e+21 9.386397e+42
2.010000e-15 -2.751562e+21 7.571091e+42
2.015000e-15 -2.439151e+21 5.949460e+42
2.020000e-15 -2.126686e+21 4.522792e+42
2.025000e-15 -1.814359e+21 3.291900e+42
2.030000e-15 -1.502368e+21 2.257109e+42
2.035000e-15 -1.190908e+21 1.418262e+42
2.040000e-15 -8.801773e+20 7.747120e+41
2.045000e-15 -5.703738e+20 3.253262e+41
2.050000e-15 -2.616959e+20 6.848476e+40
2.055000e-15 4.565753e+19 2.084610e+39
2.060000e-15 3.514877e+20 1.235436e+41
2.065000e-15 6.555959e+20 4.298060e+41
2.070000e-15 9.577835e+20 9.173492e+41
2.075000e-15 1.257852e+21 1.582192e+42
2.080000e-15 1.555605e+21 2.419906e+42
2.085000e-15 1.850844e+21 3.425622e+42
2.090000e-15 2.143373e+21 4.594049e+42
2.095000e-15 2.432999e+21 5.919484e+42
2.100000e-15 2.719526e+21 7.395824e+42
2.105000e-15 3.002764e+21 9.016590e+42
2.110000e-15 3.282520e+21 1.077494e+43
2.115000e-15 3.558607e+21 1.266368e+43
2.120000e-15 3.830836e+21 1.467530e+43
2.125000e-15 4.099023e+21 1.680199e+43
2.130000e-15 4.362986e+21 1.903565e+43
2.135000e-15 4.622544e+21 2.136791e+43
2.140000e-15 4.877518e+21 2.379019e+43
2.145000e-15 5.127735e+21 2.629367e+43
2.150000e-15 5.373022e+21 2.886937e+43
2.155000e-15 5.613211e+21 3.150813e+43
2.160000e-15 5.848134e+21 3.420067e+43
2.165000e-15 6.077631e+21 3.693759e+43
2.170000e-15 6.301541e+21 3.970942e+43
2.175000e-15 6.519710e+21 4.250662e+43
2.180000e-15 6.731987e+21 4.531966e+43
2.185000e-15 6.938225e+21 4.813896e+43
2.190000e-15 7.138279e+21 5.095503e+43
2.195000e-15 7.332012e+21 5.375840e+43
2.200000e-15 7.519288e+21 5.653970e+43
2.205000e-15 7.699979e+21 5.928967e+43
2.210000e-15 7.873958e+21 6.199921e+43
2.215000e-15 8.041105e+21 6.465937e+43
2.220000e-15 8.201305e+21 6.726140e+43
2.225000e-15 8.354448e+21 6.979680e+43
2.230000e-15 8.500428e+21 7.225727e+43
2.235000e-15 8.639145e+21 7.463483e+43
2.240000e-15 8.770506e+21 7.692178e+43
2.245000e-15 8.894421e+21 7.911073e+43
2.250000e-15 9.010807e+21 8.119464e+43
2.255000e-15 9.119586e+21 8.316684e+43
2.260000e-15 9.220686e+21 8.502106e+43
2.265000e-15 9.314042e+21 8.675139e+43
2.270000e-15 9.399594e+21 8.835238e+43
2.275000e-15 9.477288e+21 8.981899e+43
2.280000e-15 9.547076e+21 9.114666e+43
2.285000e-15 9.608917e+21 9.233128e+43
2.290000e-15 9.662775e+21 9.336922e+43
2.295000e-15 9.708621e+21 9.425733e+43
2.300000e-15 9.746434e+21 9.499297e+43
2.305000e-15 9.776196e+21 9.557400e+43
2.310000e-15 9.797897e+21 9.599879e+43
2.315000e-15 9.811536e+21 9.626623e+43
2.320000e-15 9.817114e+21 9.637572e+43
2.325000e-15 9.814641e+21 9.632718e+43
2.330000e-15 9.804134e+21 9.612105e+43
2.335000e-15 9.785616e+21 9.575829e+43
2.340000e-15 9.759116e+21 9.524034e+43
2.345000e-15 9.724669e+21 9.456919e+43
2.350000e-15 9.682319e+21 9.374730e+43
2.355000e-15 9.632114e+21 9.277761e+43
2.360000e-15 9.574109e+21 9.166356e+43
2.365000e-15 9.508367e+21 9.040904e+43
2.370000e-15 9.434955e+21 8.901838e+43
2.375000e-15 9.353949e+21 8.749636e+43
2.380000e-15 9.265430e+21 8.584819e+43
2.385000e-15 9.169484e+21 8.407944e+43
2.390000e-15 9.066206e+21 8.219610e+43
2.395000e-15 8.955696e+21 8.020449e+43
2.400000e-15 8.838058e+21 7.811128e+43
2.405000e-15 8.713406e+21 7.592345e+43
2.410000e-15 8.581857e+21 7.364827e+43
2.415000e-15 8.443534e+21 7.129327e+43
2.420000e-15 8.298567e+21 6.886622e+43
2.425000e-15 8.147092e+21 6.637511e+43
2.430000e-15 7.989248e+21 6.382809e+43
2.435000e-15 7.825183e+21 6.123349e+43
2.440000e-15 7.655047e+21 5.859974e+43
2.445000e-15 7.478996e+21 5.593538e+43
2.450000e-15 7.297194e+21 5.324904e+43
2.455000e-15 7.109805e+21 5.054933e+43
2.460000e-15 6.917003e+21 4.784493e+43
2.465000e-15 6.718962e+21 4.514446e+43
2.470000e-15 6.515864e+21 4.245649e+43
2.475000e-15 6.307894e+21 3.978953e+43
2.480000e-15 6.095240e+21 3.715195e+43
2.485000e-15 5.878096e+21 3.455201e+43
2.490000e-15 5.656659e+21 3.199779e+43
2.495000e-15 5.431130e+21 2.949717e+43
2.500000e-15 5.201713e+21 2.705782e+43
2.505000e-15 4.968616e+21 2.468714e+43
2.510000e-15 4.732049e+21 2.239229e+43
2.515000e-15 4.492227e+21 2.018011e+43
2.520000e-15 4.249366e+21 1.805712e+43
2.525000e-15 4.003686e+21 1.602950e+43
2.530000e-15 3.755408e+21 1.410309e+43
2.535000e-15 3.504756e+21 1.228331e+43
2.540000e-15 3.251955e+21 1.057521e+43
2.545000e-15 2.997234e+21 8.983414e+42
2.550000e-15 2.740822e+21 7.512107e+42
2.555000e-15 2.482950e+21 6.165040e+42
2.560000e-15 2.223849e+21 4.945504e+42
2.565000e-15 1.963752e+21 3.856323e+42
2.570000e-15 1.702894e+21 2.899847e+42
2.575000e-15 1.441507e+21 2.077943e+42
2.580000e-15 1.179827e+21 1.391993e+42
2.585000e-15 9.180890e+20 8.428875e+41
2.590000e-15 6.565266e+20 4.310272e+41
2.595000e-15 3.953744e+20 1.563209e+41
2.600000e-15 1.348661e+20 1.818886e+40
2.605000e-15 -1.247652e+20 1.556636e+40
2.610000e-15 -3.832875e+20 1.469093e+41
2.615000e-15 -6.404699e+20 4.102018e+41
2.620000e-15 -8.960830e+20 8.029647e+41
2.625000e-15 -1.149899e+21 1.322267e+42
2.630000e-15 -1.401691e+21 1.964738e+42
2.635000e-15 -1.651236e+21 2.726580e+42
2.640000e-15 -1.898312e+21 3.603587e+42
2.645000e-15 -2.142698e+21 4.591157e+42
2.650000e-15 -2.384180e+21 5.684314e+42
2.655000e-15 -2.622542e+21 6.877727e+42
2.660000e-15 -2.857574e+21 8.165730e+42
2.665000e-15 -3.089068e+21 9.542343e+42
2.670000e-15 -3.316821e+21 1.100130e+43
2.675000e-15 -3.540630e+21 1.253606e+43
2.680000e-15 -3.760301e+21 1.413986e+43
2.685000e-15 -3.975640e+21 1.580571e+43
2.690000e-15 -4.186458e+21 1.752643e+43
2.695000e-15 -4.392572e+21 1.929469e+43
2.700000e-15 -4.593802e+21 2.110302e+43
2.705000e-15 -4.789974e+21 2.294385e+43
2.710000e-15 -4.980916e+21 2.480953e+43
2.715000e-15 -5.166465e+21 2.669236e+43
2.720000e-15 -5.346461e+21 2.858464e+43
2.725000e-15 -5.520749e+21 3.047867e+43
2.730000e-15 -5.689180e+21 3.236677e+43
2.735000e-15 -5.851612e+21 3.424136e+43
2.740000e-15 -6.007907e+21 3.609494e+43
2.745000e-15 -6.157933e+21 3.792013e+43
2.750000e-15 -6.301565e+21 3.970972e+43
2.755000e-15 -6.438684e+21 4.145665e+43
2.760000e-15 -6.569176e+21 4.315408e+43
2.765000e-15 -6.692936e+21 4.479539e+43
2.770000e-15 -6.809863e+21 4.637423e+43
2.775000e-15 -6.919863e+21 4.788450e+43
2.780000e-15 -7.022849e+21 4.932041e+43
2.785000e-15 -7.118742e+21 5.067649e+43
2.790000e-15 -7.207468e+21 5.194760e+43
2.795000e-15 -7.288961e+21 5.312895e+43
2.800000e-15 -7.363161e+21 5.421613e+43
2.805000e-15 -7.430015e+21 5.520513e+43
2.810000e-15 -7.489479e+21 5.609230e+43
2.815000e-15 -7.541514e+21 5.687443e+43
2.820000e-15 -7.586089e+21 5.754874e+43
2.825000e-15 -7.623180e+21 5.811287e+43
2.830000e-15 -7.652770e+21 5.856488e+43
2.835000e-15 -7.674849e+21 5.890331e+43
2.840000e-15 -7.689416e+21 5.912712e+43
2.845000e-15 -7.696475e+21 5.923572e+43
2.850000e-15 -7.696038e+21 5.922900e+43
2.855000e-15 -7.688124e+21 5.910725e+43
2.860000e-15 -7.672760e+21 5.887124e+43
2.865000e-15 -7.649979e+21 5.852218e+43
2.870000e-15 -7.619822e+21 5.806169e+43
2.875000e-15 -7.582337e+21 5.749183e+43
2.880000e-15 -7.537578e+21 5.681508e+43
2.885000e-15 -7.485607e+21 5.603431e+43
2.890000e-15 -7.426492e+21 5.515279e+43
2.895000e-15 -7.360310e+21 5.417416e+43
2.900000e-15 -7.287141e+21 5.310242e+43
2.905000e-15 -7.207075e+21 5.194193e+43
2.910000e-15 -7.120207e+21 5.069734e+43
2.915000e-15 -7.026638e+21 4.937364e+43
2.920000e-15 -6.926478e+21 4.797610e+43
2.925000e-15 -6.819840e+21 4.651021e+43
2.930000e-15 -6.706845e+21 4.498176e+43
2.935000e-15 -6.587619e+21 4.339672e+43
2.940000e-15 -6.462295e+21 4.176125e+43
2.945000e-15 -6.331011e+21 4.008170e+43
2.950000e-15 -6.193911e+21 3.836453e+43
2.955000e-15 -6.051144e+21 3.661634e+43
2.960000e-15 -5.902864e+21 3.484381e+43
2.965000e-15 -5.749233e+21 3.305367e+43
2.970000e-15 -5.590413e+21 3.125271e+43
2.975000e-15 -5.426574e+21 2.944771e+43
2.980000e-15 -5.257892e+21 2.764543e+43
2.985000e-15 -5.084544e+21 2.585259e+43
2.990000e-15 -4.906714e+21 2.407584e+43
2.995000e-15 -4.724588e+21 2.232173e+43
3.000000e-15 -4.538358e+21 2.059670e+43
3.005000e-15 -4.348219e+21 1.890701e+43
3.010000e-15 -4.154368e+21 1.725877e+43
3.015000e-15 -3.957007e+21 1.565791e+43
3.020000e-15 -3.756342e+21 1.411010e+43
3.025000e-15 -3.552579e+21 1.262082e+43
3.030000e-15 -3.345929e+21 1.119524e+43
3.035000e-15 -3.136606e+21 9.838294e+42
3.040000e-15 -2.924823e+21 8.554590e+42
3.045000e-15 -2.710799e+21 7.348432e+42
3.050000e-15 -2.494753e+21 6.223791e+42
3.055000e-15 -2.276904e+21 5.184294e+42
3.060000e-15 -2.057477e+21 4.233210e+42
3.065000e-15 -1.836693e+21 3.373440e+42
3.070000e-15 -1.614777e+21 2.607504e+42
3.075000e-15 -1.391954e+21 1.937535e+42
3.080000e-15 -1.168449e+21 1.365274e+42
3.085000e-15 -9.444892e+20 8.920599e+41
3.090000e-15 -7.202994e+20 5.188312e+41
3.095000e-15 -4.961054e+20 2.461205e+41
3.100000e-15 -2.721325e+20 7.405611e+40
3.105000e-15 -4.860547e+19 2.362492e+39
3.110000e-15 1.742520e+20 3.036375e+40
3.115000e-15 3.962171e+20 1.569880e+41
3.120000e-15 6.170685e+20 3.807736e+41
3.125000e-15 8.365863e+20 6.998767e+41
3.130000e-15 1.054552e+21 1.112081e+42
3.135000e-15 1.270750e+21 1.614806e+42
3.140000e-15 1.484966e+21 2.205125e+42
3.145000e-15 1.696989e+21 2.879771e+42
3.150000e-15 1.906609e+21 3.635157e+42
3.155000e-15 2.113620e+21 4.467389e+42
3.160000e-15 2.317819e+21 5.372284e+42
3.165000e-15 2.519006e+21 6.345390e+42
3.170000e-15 2.716984e+21 7.382003e+42
3.175000e-15 2.911561e+21 8.477189e+42
3.180000e-15 3.102548e+21 9.625802e+42
3.185000e-15 3.289758e+21 1.082251e+43
3.190000e-15 3.473012e+21 1.206181e+43
3.195000e-15 3.652133e+21 1.333807e+43
3.200000e-15 3.826948e+21 1.464553e+43
3.205000e-15 3.997290e+21 1.597833e+43
3.210000e-15 4.162997e+21 1.733054e+43
3.215000e-15 4.323911e+21 1.869620e+43
3.220000e-15 4.479879e+21 2.006932e+43
3.225000e-15 4.630756e+21 2.144390e+43
3.230000e-15 4.776399e+21 2.281399e+43
3.235000e-15 4.916672e+21 2.417367e+43
3.240000e-15 5.051446e+21 2.551710e+43
3.245000e-15 5.180595e+21 2.683856e+43
3.250000e-15 5.304002e+21 2.813244e+43
3.255000e-15 5.421554e+21 2.939325e+43
3.260000e-15 5.533145e+21 3.061570e+43
3.265000e-15 5.638676e+21 3.179467e+43
3.270000e-15 5.738053e+21 3.292525e+43
3.275000e-15 5.831189e+21 3.400277e+43
3.280000e-15 5.918005e+21 3.502278e+43
3.285000e-15 5.998425e+21 3.598111e+43
3.290000e-15 6.072385e+21 3.687385e+43
3.295000e-15 6.139822e+21 3.769741e+43
3.300000e-15 6.200684e+21 3.844849e+43
3.305000e-15 6.254925e+21 3.912409e+43
3.310000e-15 6.302505e+21 3.972157e+43
3.315000e-15 6.343391e+21 4.023861e+43
3.320000e-15 6.377558e+21 4.067324e+43
3.325000e-15 6.404986e+21 4.102384e+43
3.330000e-15 6.425664e+21 4.128916e+43
3.335000e-15 6.439588e+21 4.146830e+43
3.340000e-15 6.446760e+21 4.156071e+43
3.345000e-15 6.447188e+21 4.156624e+43
3.350000e-15 6.440890e+21 4.148506e+43
3.355000e-15 6.427888e+21 4.131774e+43
3.360000e-15 6.408211e+21 4.106517e+43
3.365000e-15 6.381898e+21 4.072862e+43
3.370000e-15 6.348992e+21 4.030970e+43
3.375000e-15 6.309542e+21 3.981033e+43
3.380000e-15 6.263607e+21 3.923278e+43
3.385000e-15 6.211250e+21 3.857963e+43
3.390000e-15 6.152541e+21 3.785376e+43
3.395000e-15 6.087557e+21 3.705835e+43
3.400000e-15 6.016381e+21 3.619684e+43
3.405000e-15 5.939102e+21 3.527293e+43
3.410000e-15 5.855816e+21 3.429059e+43
3.415000e-15 5.766625e+21 3.325397e+43
3.420000e-15 5.671636e+21 3.216746e+43
3.425000e-15 5.570963e+21 3.103563e+43
3.430000e-15 5.464725e+21 2.986322e+43
3.435000e-15 5.353045e+21 2.865510e+43
3.440000e-15 5.236056e+21 2.741628e+43
3.445000e-15 5.113891e+21 2.615189e+43
3.450000e-15 4.986693e+21 2.486710e+43
3.455000e-15 4.854605e+21 2.356719e+43
3.460000e-15 4.717779e+21 2.225744e+43
3.465000e-15 4.576369e+21 2.094315e+43
3.470000e-15 4.430536e+21 1.962965e+43
3.475000e-15 4.280443e+21 1.832219e+43
3.480000e-15 4.126258e+21 1.702600e+43
3.485000e-15 3.968153e+21 1.574624e+43
3.490000e-15 3.806304e+21 1.448795e+43
3.495000e-15 3.640891e+21 1.325608e+43
3.500000e-15 3.472095e+21 1.205545e+43
3.505000e-15 3.300104e+21 1.089069e+43
3.510000e-15 3.125106e+21 9.766288e+42
3.515000e-15 2.947293e+21 8.686536e+42
3.520000e-15 2.766859e+21 7.655509e+42
3.525000e-15 2.584001e+21 6.677062e+42
3.530000e-15 2.398918e+21 5.754809e+42
3.535000e-15 2.211811e+21 4.892109e+42
3.540000e-15 2.022883e+21 4.092054e+42
3.545000e-15 1.832337e+21 3.357458e+42
3.550000e-15 1.640379e+21 2.690844e+42
3.555000e-15 1.447216e+21 2.094434e+42
3.560000e-15 1.253055e+21 1.570148e+42
3.565000e-15 1.058105e+21 1.119586e+42
3.570000e-15 8.625733e+20 7.440327e+41
3.575000e-15 6.666694e+20 4.444480e+41
3.580000e-15 4.706018e+20 2.214661e+41
3.585000e-15 2.745792e+20 7.539376e+40
3.590000e-15 7.880969e+19 6.210968e+39
3.595000e-15 -1.164994e+20 1.357211e+40
3.600000e-15 -3.111415e+20 9.680902e+40
3.605000e-15 -5.049111e+20 2.549352e+41
3.610000e-15 -6.976042e+20 4.866516e+41
3.615000e-15 -8.890182e+20 7.903533e+41
3.620000e-15 -1.078952e+21 1.164138e+42
3.625000e-15 -1.267207e+21 1.605814e+42
3.630000e-15 -1.453587e+21 2.112914e+42
3.635000e-15 -1.637896e+21 2.682704e+42
3.640000e-15 -1.819944e+21 3.312195e+42
3.645000e-15 -1.999541e+21 3.998163e+42
3.650000e-15 -2.176501e+21 4.737156e+42
3.655000e-15 -2.350641e+21 5.525514e+42
3.660000e-15 -2.521782e+21 6.359386e+42
3.665000e-15 -2.689748e+21 7.234746e+42
3.670000e-15 -2.854367e+21 8.147409e+42
3.675000e-15 -3.015469e+21 9.093054e+42
3.680000e-15 -3.172891e+21 1.006724e+43
3.685000e-15 -3.326473e+21 1.106542e+43
3.690000e-15 -3.476059e+21 1.208299e+43
3.695000e-15 -3.621498e+21 1.311525e+43
3.700000e-15 -3.762644e+21 1.415749e+43
3.705000e-15 -3.899354e+21 1.520496e+43
3.710000e-15 -4.031493e+21 1.625294e+43
3.715000e-15 -4.158930e+21 1.729670e+43
3.720000e-15 -4.281537e+21 1.833156e+43
3.725000e-15 -4.399195e+21 1.935292e+43
3.730000e-15 -4.511788e+21 2.035623e+43
3.735000e-15 -4.619207e+21 2.133708e+43
3.740000e-15 -4.721349e+21 2.229113e+43
3.745000e-15 -4.818114e+21 2.321423e+43
3.750000e-15 -4.909412e+21 2.410233e+43
3.755000e-15 -4.995157e+21 2.495159e+43
3.760000e-15 -5.075268e+21 2.575834e+43
3.765000e-15 -5.149672e+21 2.651912e+43
3.770000e-15 -5.218303e+21 2.723068e+43
3.775000e-15 -5.281098e+21 2.789000e+43
3.780000e-15 -5.338004e+21 2.849429e+43
3.785000e-15 -5.388972e+21 2.904102e+43
3.790000e-15 -5.433962e+21 2.952794e+43
3.795000e-15 -5.472936e+21 2.995303e+43
3.800000e-15 -5.505868e+21 3.031459e+43
3.805000e-15 -5.532736e+21 3.061116e+43
3.810000e-15 -5.553523e+21 3.084162e+43
3.815000e-15 -5.568221e+21 3.100508e+43
3.820000e-15 -5.576828e+21 3.110101e+43
3.825000e-15 -5.579348e+21 3.112912e+43
3.830000e-15 -5.575792e+21 3.108946e+43
3.835000e-15 -5.566178e+21 3.098234e+43
3.840000e-15 -5.550529e+21 3.080837e+43
3.845000e-15 -5.528877e+21 3.056848e+43
3.850000e-15 -5.501257e+21 3.026383e+43
3.855000e-15 -5.467714e+21 2.989589e+43
3.860000e-15 -5.428296e+21 2.946640e+43
3.865000e-15 -5.383061e+21 2.897735e+43
3.870000e-15 -5.332070e+21 2.843097e+43
3.875000e-15 -5.275390e+21 2.782974e+43
3.880000e-15 -5.213098e+21 2.717639e+43
3.885000e-15 -5.145272e+21 2.647382e+43
3.890000e-15 -5.071998e+21 2.572517e+43
3.895000e-15 -4.993370e+21 2.493374e+43
3.900000e-15 -4.909483e+21 2.410303e+43
3.905000e-15 -4.820442e+21 2.323666e+43
3.910000e-15 -4.726355e+21 2.233843e+43
3.915000e-15 -4.627334e+21 2.141222e+43
3.920000e-15 -4.523500e+21 2.046205e+43
3.925000e-15 -4.414976e+21 1.949202e+43
3.930000e-15 -4.301891e+21 1.850627e+43
3.935000e-15 -4.184378e+21 1.750902e+43
3.940000e-15 -4.062576e+21 1.650453e+43
3.945000e-15 -3.936627e+21 1.549703e+43
3.950000e-15 -3.806677e+21 1.449079e+43
3.955000e-15 -3.672878e+21 1.349004e+43
3.960000e-15 -3.535385e+21 1.249895e+43
3.965000e-15 -3.394355e+21 1.152165e+43
3.970000e-15 -3.249951e+21 1.056218e+43
3.975000e-15 -3.102339e+21 9.624506e+42
3.980000e-15 -2.951686e+21 8.712453e+42
3.985000e-15 -2.798166e+21 7.829733e+42
3.990000e-15 -2.641952e+21 6.979910e+42
3.995000e-15 -2.483221e+21 6.166387e+42
4.000000e-15 -2.322154e+21 5.392397e+42
4.005000e-15 -2.158931e+21 4.660982e+42
4.010000e-15 -1.993737e+21 3.974986e+42
4.015000e-15 -1.826757e+21 3.337041e+42
4.020000e-15 -1.658179e+21 2.749557e+42
4.025000e-15 -1.488191e+21 2.214712e+42
4.030000e-15 -1.316983e+21 1.734445e+42
4.035000e-15 -1.144747e+21 1.310445e+42
4.040000e-15 -9.716727e+20 9.441479e+41
4.045000e-15 -7.979538e+20 6.367303e+41
4.050000e-15 -6.237824e+20 3.891045e+41
4.055000e-15 -4.493514e+20 2.019166e+41
4.060000e-15 -2.748532e+20 7.554430e+40
4.065000e-15 -1.004805e+20 1.009633e+40
4.070000e-15 7.357497e+19 5.413277e+39
4.075000e-15 2.471219e+20 6.106925e+40
4.080000e-15 4.199701e+20 1.763749e+41
4.085000e-15 5.919302e+20 3.503814e+41
4.090000e-15 7.628144e+20 5.818858e+41
4.095000e-15 9.324363e+20 8.694375e+41
4.100000e-15 1.100611e+21 1.211345e+42
4.105000e-15 1.267157e+21 1.605686e+42
4.110000e-15 1.431892e+21 2.050315e+42
4.115000e-15 1.594639e+21 2.542873e+42
4.120000e-15 1.755221e+21 3.080802e+42
4.125000e-15 1.913467e+21 3.661355e+42
4.130000e-15 2.069205e+21 4.281609e+42
4.135000e-15 2.222268e+21 4.938476e+42
4.140000e-15 2.372494e+21 5.628725e+42
4.145000e-15 2.519720e+21 6.348989e+42
4.150000e-15 2.663791e+21 7.095782e+42
4.155000e-15 2.804553e+21 7.865520e+42
4.160000e-15 2.941858e+21 8.654530e+42
4.165000e-15 3.075561e+21 9.459073e+42
4.170000e-15 3.205519e+21 1.027535e+43
4.175000e-15 3.331599e+21 1.109955e+43
4.180000e-15 3.453666e+21 1.192781e+43
4.185000e-15 3.571595e+21 1.275629e+43
4.190000e-15 3.685263e+21 1.358116e+43
4.195000e-15 3.794552e+21 1.439863e+43
4.200000e-15 3.899351e+21 1.520494e+43
4.205000e-15 3.999551e+21 1.599641e+43
4.210000e-15 4.095052e+21 1.676945e+43
4.215000e-15 4.185757e+21 1.752056e+43
4.220000e-15 4.271575e+21 1.824635e+43
4.225000e-15 4.352420e+21 1.894356e+43
4.230000e-15 4.428212e+21 1.960906e+43
4.235000e-15 4.498879e+21 2.023991e+43
4.240000e-15 4.564351e+21 2.083330e+43
4.245000e-15 4.624567e+21 2.138662e+43
4.250000e-15 4.679469e+21 2.189743e+43
4.255000e-15 4.729009e+21 2.236353e+43
4.260000e-15 4.773142e+21 2.278288e+43
4.265000e-15 4.811829e+21 2.315369e+43
4.270000e-15 4.845038e+21 2.347440e+43
4.275000e-15 4.872745e+21 2.374364e+43
4.280000e-15 4.894929e+21 2.396033e+43
4.285000e-15 4.911576e+21 2.412358e+43
4.290000e-15 4.922680e+21 2.423278e+43
4.295000e-15 4.928240e+21 2.428755e+43
4.300000e-15 4.928260e+21 2.428775e+43
4.305000e-15 4.922752e+21 2.423349e+43
4.310000e-15 4.911733e+21 2.412512e+43
4.315000e-15 4.895228e+21 2.396325e+43
4.320000e-15 4.873264e+21 2.374871e+43
4.325000e-15 4.845880e+21 2.348255e+43
4.330000e-15 4.813115e+21 2.316607e+43
4.335000e-15 4.775018e+21 2.280079e+43
4.340000e-15 4.731642e+21 2.238843e+43
4.345000e-15 4.683046e+21 2.193092e+43
4.350000e-15 4.629296e+21 2.143038e+43
4.355000e-15 4.570463e+21 2.088913e+43
4.360000e-15 4.506622e+21 2.030964e+43
4.365000e-15 4.437855e+21 1.969456e+43
4.370000e-15 4.364250e+21 1.904668e+43
4.375000e-15 4.285899e+21 1.836893e+43
4.380000e-15 4.202899e+21 1.766436e+43
4.385000e-15 4.115353e+21 1.693613e+43
4.390000e-15 4.023370e+21 1.618750e+43
4.395000e-15 3.927060e+21 1.542180e+43
4.400000e-15 3.826541e+21 1.464241e+43
4.405000e-15 3.721934e+21 1.385279e+43
4.410000e-15 3.613366e+21 1.305641e+43
4.415000e-15 3.500966e+21 1.225676e+43
4.420000e-15 3.384869e+21 1.145734e+43
4.425000e-15 3.265213e+21 1.066161e+43
4.430000e-15 3.142139e+21 9.873036e+42
4.435000e-15 3.015793e+21 9.095008e+42
4.440000e-15 2.886324e+21 8.330868e+42
4.445000e-15 2.753885e+21 7.583881e+42
4.450000e-15 2.618629e+21 6.857220e+42
4.455000e-15 2.480717e+21 6.153955e+42
4.460000e-15 2.340307e+21 5.477038e+42
4.465000e-15 2.197564e+21 4.829289e+42
4.470000e-15 2.052654e+21 4.213389e+42
4.475000e-15 1.905744e+21 3.631861e+42
4.480000e-15 1.757004e+21 3.087064e+42
4.485000e-15 1.606606e+21 2.581184e+42
4.490000e-15 1.454723e+21 2.116220e+42
4.495000e-15 1.301530e+21 1.693980e+42
4.500000e-15 1.147202e+21 1.316071e+42
4.505000e-15 9.919153e+20 9.838960e+41
4.510000e-15 8.358487e+20 6.986430e+41
4.515000e-15 6.791797e+20 4.612850e+41
4.520000e-15 5.220867e+20 2.725745e+41
4.525000e-15 3.647484e+20 1.330414e+41
4.530000e-15 2.073435e+20 4.299132e+40
4.535000e-15 5.005017e+19 2.505019e+39
4.540000e-15 -1.069535e+20 1.143906e+40
4.545000e-15 -2.634903e+20 6.942715e+40
4.550000e-15 -4.193837e+20 1.758827e+41
4.555000e-15 -5.744583e+20 3.300024e+41
4.560000e-15 -7.285399e+20 5.307703e+41
4.565000e-15 -8.814556e+20 7.769639e+41
4.570000e-15 -1.033034e+21 1.067160e+42
4.575000e-15 -1.183107e+21 1.399741e+42
4.580000e-15 -1.331505e+21 1.772906e+42
4.585000e-15 -1.478065e+21 2.184675e+42
4.590000e-15 -1.622622e+21 2.632903e+42
4.595000e-15 -1.765018e+21 3.115288e+42
4.600000e-15 -1.905094e+21 3.629382e+42
4.605000e-15 -2.042695e+21 4.172604e+42
4.610000e-15 -2.177671e+21 4.742251e+42
4.615000e-15 -2.309872e+21 5.335511e+42
4.620000e-15 -2.439155e+21 5.949475e+42
4.625000e-15 -2.565376e+21 6.581155e+42
4.630000e-15 -2.688399e+21 7.227491e+42
4.635000e-15 -2.808090e+21 7.885372e+42
4.640000e-15 -2.924320e+21 8.551645e+42
4.645000e-15 -3.036961e+21 9.223132e+42
4.650000e-15 -3.145894e+21 9.896646e+42
4.655000e-15 -3.251000e+21 1.056900e+43
4.660000e-15 -3.352169e+21 1.123703e+43
4.665000e-15 -3.449291e+21 1.189761e+43
4.670000e-15 -3.542264e+21 1.254764e+43
4.675000e-15 -3.630991e+21 1.318409e+43
4.680000e-15 -3.715377e+21 1.380403e+43
4.685000e-15 -3.795336e+21 1.440457e+43
4.690000e-15 -3.870783e+21 1.498296e+43
4.695000e-15 -3.941643e+21 1.553655e+43
4.700000e-15 -4.007842e+21 1.606280e+43
4.705000e-15 -4.069314e+21 1.655932e+43
4.710000e-15 -4.125998e+21 1.702386e+43
4.715000e-15 -4.177838e+21 1.745433e+43
4.720000e-15 -4.224785e+21 1.784880e+43
4.725000e-15 -4.266793e+21 1.820552e+43
4.730000e-15 -4.303824e+21 1.852290e+43
4.735000e-15 -4.335845e+21 1.879956e+43
4.740000e-15 -4.362830e+21 1.903429e+43
4.745000e-15 -4.384757e+21 1.922609e+43
4.750000e-15 -4.401610e+21 1.937417e+43
4.755000e-15 -4.413379e+21 1.947791e+43
4.760000e-15 -4.420061e+21 1.953694e+43
4.765000e-15 -4.421658e+21 1.955106e+43
4.770000e-15 -4.418178e+21 1.952029e+43
4.775000e-15 -4.409633e+21 1.944486e+43
4.780000e-15 -4.396044e+21 1.932520e+43
4.785000e-15 -4.377435e+21 1.916194e+43
4.790000e-15 -4.353837e+21 1.895590e+43
4.795000e-15 -4.325287e+21 1.870811e+43
4.800000e-15 -4.291827e+21 1.841978e+43
4.805000e-15 -4.253503e+21 1.809229e+43
4.810000e-15 -4.210370e+21 1.772722e+43
4.815000e-15 -4.162486e+21 1.732629e+43
4.820000e-15 -4.109914e+21 1.689139e+43
4.825000e-15 -4.052723e+21 1.642457e+43
4.830000e-15 -3.990989e+21 1.592799e+43
4.835000e-15 -3.924789e+21 1.540397e+43
4.840000e-15 -3.854210e+21 1.485493e+43
4.845000e-15 -3.779339e+21 1.428340e+43
4.850000e-15 -3.700270e+21 1.369200e+43
4.855000e-15 -3.617103e+21 1.308344e+43
4.860000e-15 -3.529941e+21 1.246048e+43
4.865000e-15 -3.438891e+21 1.182597e+43
4.870000e-15 -3.344065e+21 1.118277e+43
4.875000e-15 -3.245579e+21 1.053378e+43
4.880000e-15 -3.143554e+21 9.881929e+42
4.885000e-15 -3.038112e+21 9.230125e+42
4.890000e-15 -2.929382e+21 8.581282e+42
4.895000e-15 -2.817496e+21 7.938283e+42
4.900000e-15 -2.702587e+21 7.303975e+42
4.905000e-15 -2.584793e+21 6.681156e+42
4.910000e-15 -2.464256e+21 6.072558e+42
4.915000e-15 -2.341119e+21 5.480840e+42
4.920000e-15 -2.215530e+21 4.908572e+42
4.925000e-15 -2.087636e+21 4.358226e+42
4.930000e-15 -1.957591e+21 3.832162e+42
4.935000e-15 -1.825547e+21 3.332622e+42
4.940000e-15 -1.691661e+21 2.861717e+42
4.945000e-15 -1.556091e+21 2.421418e+42
4.950000e-15 -1.418995e+21 2.013547e+42
4.955000e-15 -1.280535e+21 1.639770e+42
4.960000e-15 -1.140874e+21 1.301593e+42
4.965000e-15 -1.000174e+21 1.000348e+42
4.970000e-15 -8.585998e+20 7.371937e+41
4.975000e-15 -7.163168e+20 5.131098e+41
4.980000e-15 -5.734905e+20 3.288913e+41
4.985000e-15 -4.302867e+20 1.851466e+41
4.990000e-15 -2.868716e+20 8.229533e+40
4.995000e-15 -1.434114e+20 2.056684e+40
5.000000e-15 -7.202033e+16 5.186928e+33
