0.000000e+00 nan nan
5.000000e-18 4.102040e+19 1.682674e+39
1.000000e-17 1.639805e+20 2.688962e+40
1.500000e-17 3.685773e+20 1.358493e+41
2.000000e-17 6.543063e+20 4.281168e+41
2.500000e-17 1.020463e+21 1.041344e+42
3.000000e-17 1.466142e+21 2.149572e+42
3.500000e-17 1.990243e+21 3.961066e+42
4.000000e-17 2.591468e+21 6.715704e+42
4.500000e-17 3.268326e+21 1.068196e+43
5.000000e-17 4.019137e+21 1.615346e+43
5.500000e-17 4.842032e+21 2.344528e+43
6.000000e-17 5.734958e+21 3.288974e+43
6.500000e-17 6.695681e+21 4.483214e+43
7.000000e-17 7.721789e+21 5.962603e+43
7.500000e-17 8.810699e+21 7.762842e+43
8.000000e-17 9.959657e+21 9.919476e+43
8.500000e-17 1.116574e+22 1.246738e+44
9.000000e-17 1.242588e+22 1.544025e+44
9.500000e-17 1.373683e+22 1.887006e+44
1.000000e-16 1.509521e+22 2.278654e+44
1.050000e-16 1.649748e+22 2.721668e+44
1.100000e-16 1.793996e+22 3.218422e+44
1.150000e-16 1.941883e+22 3.770910e+44
1.200000e-16 2.093014e+22 4.380706e+44
1.250000e-16 2.246978e+22 5.048911e+44
1.300000e-16 2.403354e+22 5.776111e+44
1.350000e-16 2.561706e+22 6.562337e+44
1.400000e-16 2.721573e+22 7.406960e+44
1.450000e-16 2.882518e+22 8.308913e+44
1.500000e-16 3.044046e+22 9.266217e+44
1.550000e-16 3.205738e+22 1.027676e+45
1.600000e-16 3.366819e+22 1.133547e+45
1.650000e-16 3.527082e+22 1.244031e+45
1.700000e-16 3.685545e+22 1.358324e+45
1.750000e-16 3.842211e+22 1.476258e+45
1.800000e-16 4.000034e+22 1.600027e+45
1.850000e-16 4.151576e+22 1.723558e+45
1.900000e-16 4.360054e+22 1.901007e+45
1.950000e-16 4.515377e+22 2.038863e+45
2.000000e-16 4.664480e+22 2.175738e+45
2.050000e-16 4.812876e+22 2.316377e+45
2.100000e-16 4.957451e+22 2.457632e+45
2.150000e-16 5.098325e+22 2.599292e+45
2.200000e-16 5.234237e+22 2.739724e+45
2.250000e-16 5.365252e+22 2.878593e+45
2.300000e-16 5.491108e+22 3.015227e+45
2.350000e-16 5.611329e+22 3.148702e+45
2.400000e-16 5.725667e+22 3.278327e+45
2.450000e-16 5.833818e+22 3.403344e+45
2.500000e-16 5.935430e+22 3.522933e+45
2.550000e-16 6.030343e+22 3.636504e+45
2.600000e-16 6.118244e+22 3.743290e+45
2.650000e-16 6.198887e+22 3.842620e+45
2.700000e-16 6.272050e+22 3.933861e+45
2.750000e-16 6.337514e+22 4.016409e+45
2.800000e-16 6.395090e+22 4.089718e+45
2.850000e-16 6.444602e+22 4.153290e+45
2.900000e-16 6.485893e+22 4.206681e+45
2.950000e-16 6.518832e+22 4.249517e+45
3.000000e-16 6.543286e+22 4.281459e+45
3.050000e-16 6.559160e+22 4.302258e+45
3.100000e-16 6.566374e+22 4.311727e+45
3.150000e-16 6.564867e+22 4.309748e+45
3.200000e-16 6.554595e+22 4.296271e+45
3.250000e-16 6.535539e+22 4.271327e+45
3.300000e-16 6.507697e+22 4.235012e+45
3.350000e-16 6.471085e+22 4.187494e+45
3.400000e-16 6.425741e+22 4.129015e+45
3.450000e-16 6.371722e+22 4.059884e+45
3.500000e-16 6.309105e+22 3.980481e+45
3.550000e-16 6.237985e+22 3.891246e+45
3.600000e-16 6.158478e+22 3.792685e+45
3.650000e-16 6.070716e+22 3.685360e+45
3.700000e-16 5.974852e+22 3.569886e+45
3.750000e-16 5.871055e+22 3.446929e+45
3.800000e-16 5.759513e+22 3.317200e+45
3.850000e-16 5.640431e+22 3.181446e+45
3.900000e-16 5.514028e+22 3.040451e+45
3.950000e-16 5.380543e+22 2.895025e+45
4.000000e-16 5.240229e+22 2.746000e+45
4.050000e-16 5.093351e+22 2.594223e+45
4.100000e-16 4.940193e+22 2.440551e+45
4.150000e-16 4.781049e+22 2.285843e+45
4.200000e-16 4.616228e+22 2.130956e+45
4.250000e-16 4.446049e+22 1.976735e+45
4.300000e-16 4.270843e+22 1.824010e+45
4.350000e-16 4.090953e+22 1.673590e+45
4.400000e-16 3.906731e+22 1.526255e+45
4.450000e-16 3.718536e+22 1.382751e+45
4.500000e-16 3.526737e+22 1.243788e+45
4.550000e-16 3.331710e+22 1.110029e+45
4.600000e-16 3.133837e+22 9.820931e+44
4.650000e-16 2.933503e+22 8.605443e+44
4.700000e-16 2.731103e+22 7.458921e+44
4.750000e-16 2.527029e+22 6.385876e+44
4.800000e-16 2.321680e+22 5.390200e+44
4.850000e-16 2.115456e+22 4.475155e+44
4.900000e-16 1.908757e+22 3.643352e+44
4.950000e-16 1.701981e+22 2.896740e+44
5.000000e-16 1.495529e+22 2.236607e+44
5.050000e-16 1.289797e+22 1.663575e+44
5.100000e-16 1.085178e+22 1.177611e+44
5.150000e-16 8.820628e+21 7.780348e+43
5.200000e-16 6.808366e+21 4.635385e+43
5.250000e-16 4.818789e+21 2.322072e+43
5.300000e-16 2.855627e+21 8.154606e+42
5.350000e-16 9.225397e+20 8.510794e+41
5.400000e-16 -9.768973e+20 9.543284e+41
5.450000e-16 -2.839196e+21 8.061032e+42
5.500000e-16 -4.660965e+21 2.172460e+43
5.550000e-16 -6.438920e+21 4.145970e+43
5.600000e-16 -8.169887e+21 6.674705e+43
5.650000e-16 -9.850809e+21 9.703844e+43
5.700000e-16 -1.147876e+22 1.317619e+44
5.750000e-16 -1.305093e+22 1.703268e+44
5.800000e-16 -1.456467e+22 2.121298e+44
5.850000e-16 -1.601747e+22 2.565592e+44
5.900000e-16 -1.740693e+22 3.030014e+44
5.950000e-16 -1.873087e+22 3.508454e+44
6.000000e-16 -1.998720e+22 3.994883e+44
6.050000e-16 -2.117405e+22 4.483402e+44
6.100000e-16 -2.228967e+22 4.968292e+44
6.150000e-16 -2.333250e+22 5.444054e+44
6.200000e-16 -2.430115e+22 5.905460e+44
6.250000e-16 -2.519441e+22 6.347584e+44
6.300000e-16 -2.601123e+22 6.765843e+44
6.350000e-16 -2.675076e+22 7.156031e+44
6.400000e-16 -2.741230e+22 7.514340e+44
6.450000e-16 -2.799534e+22 7.837393e+44
6.500000e-16 -2.849958e+22 8.122258e+44
6.550000e-16 -2.892484e+22 8.366465e+44
6.600000e-16 -2.927118e+22 8.568020e+44
6.650000e-16 -2.953880e+22 8.725405e+44
6.700000e-16 -2.972808e+22 8.837586e+44
6.750000e-16 -2.983959e+22 8.904009e+44
6.800000e-16 -2.987405e+22 8.924590e+44
6.850000e-16 -2.983238e+22 8.899710e+44
6.900000e-16 -2.971564e+22 8.830194e+44
6.950000e-16 -2.952507e+22 8.717295e+44
7.000000e-16 -2.926204e+22 8.562671e+44
7.050000e-16 -2.892812e+22 8.368361e+44
7.100000e-16 -2.852499e+22 8.136751e+44
7.150000e-16 -2.805450e+22 7.870550e+44
7.200000e-16 -2.751863e+22 7.572750e+44
7.250000e-16 -2.691949e+22 7.246591e+44
7.300000e-16 -2.625934e+22 6.895528e+44
7.350000e-16 -2.554053e+22 6.523186e+44
7.400000e-16 -2.476555e+22 6.133325e+44
7.450000e-16 -2.393700e+22 5.729798e+44
7.500000e-16 -2.305756e+22 5.316512e+44
7.550000e-16 -2.213004e+22 4.897387e+44
7.600000e-16 -2.115731e+22 4.476317e+44
7.650000e-16 -2.014233e+22 4.057133e+44
7.700000e-16 -1.908813e+22 3.643566e+44
7.750000e-16 -1.799781e+22 3.239212e+44
7.800000e-16 -1.687453e+22 2.847498e+44
7.850000e-16 -1.572150e+22 2.471655e+44
7.900000e-16 -1.454195e+22 2.114684e+44
7.950000e-16 -1.333918e+22 1.779337e+44
8.000000e-16 -1.211648e+22 1.468090e+44
8.050000e-16 -1.087717e+22 1.183129e+44
8.100000e-16 -9.624599e+21 9.263291e+43
8.150000e-16 -8.362083e+21 6.992443e+43
8.200000e-16 -7.092949e+21 5.030993e+43
8.250000e-16 -5.820506e+21 3.387829e+43
8.300000e-16 -4.548038e+21 2.068465e+43
8.350000e-16 -3.278798e+21 1.075052e+43
8.400000e-16 -2.016002e+21 4.064263e+42
8.450000e-16 -7.628154e+20 5.818874e+41
8.500000e-16 4.776472e+20 2.281469e+41
8.550000e-16 1.702334e+21 2.897942e+42
8.600000e-16 2.908262e+21 8.457988e+42
8.650000e-16 4.092522e+21 1.674874e+43
8.700000e-16 5.252288e+21 2.758653e+43
8.750000e-16 6.384821e+21 4.076594e+43
8.800000e-16 7.487479e+21 5.606234e+43
8.850000e-16 8.557716e+21 7.323450e+43
8.900000e-16 9.593095e+21 9.202747e+43
8.950000e-16 1.059129e+22 1.121754e+44
9.000000e-16 1.155009e+22 1.334045e+44
9.050000e-16 1.246740e+22 1.554361e+44
9.100000e-16 1.334126e+22 1.779893e+44
9.150000e-16 1.416983e+22 2.007842e+44
9.200000e-16 1.495141e+22 2.235448e+44
9.250000e-16 1.568443e+22 2.460015e+44
9.300000e-16 1.636746e+22 2.678939e+44
9.350000e-16 1.699921e+22 2.889733e+44
9.400000e-16 1.757854e+22 3.090050e+44
9.450000e-16 1.810444e+22 3.277707e+44
9.500000e-16 1.857606e+22 3.450701e+44
9.550000e-16 1.899270e+22 3.607226e+44
9.600000e-16 1.935379e+22 3.745694e+44
9.650000e-16 1.965894e+22 3.864739e+44
9.700000e-16 1.990787e+22 3.963232e+44
9.750000e-16 2.010047e+22 4.040290e+44
9.800000e-16 2.023678e+22 4.095274e+44
9.850000e-16 2.031698e+22 4.127797e+44
9.900000e-16 2.034139e+22 4.137721e+44
9.950000e-16 2.031047e+22 4.125154e+44
1.000000e-15 2.022484e+22 4.090442e+44
1.005000e-15 2.008524e+22 4.034167e+44
1.010000e-15 1.989253e+22 3.957129e+44
1.015000e-15 1.964774e+22 3.860338e+44
1.020000e-15 1.935200e+22 3.745000e+44
1.025000e-15 1.900657e+22 3.612498e+44
1.030000e-15 1.861283e+22 3.464374e+44
1.035000e-15 1.817227e+22 3.302314e+44
1.040000e-15 1.768650e+22 3.128121e+44
1.045000e-15 1.715722e+22 2.943702e+44
1.050000e-15 1.658625e+22 2.751037e+44
1.055000e-15 1.597549e+22 2.552164e+44
1.060000e-15 1.532694e+22 2.349151e+44
1.065000e-15 1.464267e+22 2.144077e+44
1.070000e-15 1.392483e+22 1.939008e+44
1.075000e-15 1.317564e+22 1.735976e+44
1.080000e-15 1.239741e+22 1.536957e+44
1.085000e-15 1.159246e+22 1.343852e+44
1.090000e-15 1.076321e+22 1.158466e+44
1.095000e-15 9.912084e+21 9.824942e+43
1.100000e-15 9.041576e+21 8.175009e+43
1.105000e-15 8.154192e+21 6.649085e+43
1.110000e-15 7.252471e+21 5.259833e+43
1.115000e-15 6.338966e+21 4.018248e+43
1.120000e-15 5.416242e+21 2.933567e+43
1.125000e-15 4.486868e+21 2.013199e+43
1.130000e-15 3.553412e+21 1.262673e+43
1.135000e-15 2.618428e+21 6.856166e+42
1.140000e-15 1.684459e+21 2.837402e+42
1.145000e-15 7.540216e+20 5.685485e+41
1.150000e-15 -1.703953e+20 2.903456e+40
1.155000e-15 -1.086339e+21 1.180132e+42
1.160000e-15 -1.991397e+21 3.965664e+42
1.165000e-15 -2.883208e+21 8.312889e+42
1.170000e-15 -3.759461e+21 1.413355e+43
1.175000e-15 -4.617907e+21 2.132506e+43
1.180000e-15 -5.456360e+21 2.977186e+43
1.185000e-15 -6.272706e+21 3.934684e+43
1.190000e-15 -7.064905e+21 4.991289e+43
1.195000e-15 -7.831000e+21 6.132456e+43
1.200000e-15 -8.569117e+21 7.342976e+43
1.205000e-15 -9.277470e+21 8.607145e+43
1.210000e-15 -9.954370e+21 9.908948e+43
1.215000e-15 -1.059822e+22 1.123223e+44
1.220000e-15 -1.120754e+22 1.256088e+44
1.225000e-15 -1.178092e+22 1.387901e+44
1.230000e-15 -1.231710e+22 1.517108e+44
1.235000e-15 -1.281489e+22 1.642214e+44
1.240000e-15 -1.327324e+22 1.761790e+44
1.245000e-15 -1.369121e+22 1.874493e+44
1.250000e-15 -1.406797e+22 1.979078e+44
1.255000e-15 -1.440280e+22 2.074406e+44
1.260000e-15 -1.469511e+22 2.159463e+44
1.265000e-15 -1.494443e+22 2.233360e+44
1.270000e-15 -1.515040e+22 2.295347e+44
1.275000e-15 -1.531280e+22 2.344817e+44
1.280000e-15 -1.543149e+22 2.381310e+44
1.285000e-15 -1.550650e+22 2.404515e+44
1.290000e-15 -1.553794e+22 2.414275e+44
1.295000e-15 -1.552605e+22 2.410582e+44
1.300000e-15 -1.547119e+22 2.393578e+44
1.305000e-15 -1.537383e+22 2.363547e+44
1.310000e-15 -1.523455e+22 2.320916e+44
1.315000e-15 -1.505405e+22 2.266243e+44
1.320000e-15 -1.483311e+22 2.200212e+44
1.325000e-15 -1.457265e+22 2.123622e+44
1.330000e-15 -1.427368e+22 2.037378e+44
1.335000e-15 -1.393728e+22 1.942477e+44
1.340000e-15 -1.356466e+22 1.840000e+44
1.345000e-15 -1.315711e+22 1.731095e+44
1.350000e-15 -1.271599e+22 1.616965e+44
1.355000e-15 -1.224277e+22 1.498855e+44
1.360000e-15 -1.173898e+22 1.378036e+44
1.365000e-15 -1.120621e+22 1.255792e+44
1.370000e-15 -1.064615e+22 1.133406e+44
1.375000e-15 -1.006054e+22 1.012144e+44
1.380000e-15 -9.451151e+21 8.932426e+43
1.385000e-15 -8.819850e+21 7.778975e+43
1.390000e-15 -8.168526e+21 6.672481e+43
1.395000e-15 -7.499115e+21 5.623673e+43
1.400000e-15 -6.813591e+21 4.642503e+43
1.405000e-15 -6.113958e+21 3.738048e+43
1.410000e-15 -5.402245e+21 2.918425e+43
1.415000e-15 -4.680500e+21 2.190708e+43
1.420000e-15 -3.950786e+21 1.560871e+43
1.425000e-15 -3.215174e+21 1.033734e+43
1.430000e-15 -2.475737e+21 6.129275e+42
1.435000e-15 -1.734546e+21 3.008649e+42
1.440000e-15 -9.936612e+20 9.873626e+41
1.445000e-15 -2.551305e+20 6.509157e+40
1.450000e-15 4.790189e+20 2.294591e+41
1.455000e-15 1.206785e+21 1.456330e+42
1.460000e-15 1.926196e+21 3.710231e+42
1.465000e-15 2.635316e+21 6.944889e+42
1.470000e-15 3.332249e+21 1.110388e+43
1.475000e-15 4.015146e+21 1.612140e+43
1.480000e-15 4.682208e+21 2.192307e+43
1.485000e-15 5.331690e+21 2.842692e+43
1.490000e-15 5.961907e+21 3.554434e+43
1.495000e-15 6.571239e+21 4.318118e+43
1.500000e-15 7.158131e+21 5.123884e+43
1.505000e-15 7.721102e+21 5.961542e+43
1.510000e-15 8.258745e+21 6.820687e+43
1.515000e-15 8.769732e+21 7.690820e+43
1.520000e-15 9.252816e+21 8.561460e+43
1.525000e-15 9.706835e+21 9.422264e+43
1.530000e-15 1.013071e+22 1.026314e+44
1.535000e-15 1.052347e+22 1.107434e+44
1.540000e-15 1.088421e+22 1.184660e+44
1.545000e-15 1.121213e+22 1.257119e+44
1.550000e-15 1.150653e+22 1.324003e+44
1.555000e-15 1.176681e+22 1.384577e+44
1.560000e-15 1.199244e+22 1.438187e+44
1.565000e-15 1.218304e+22 1.484263e+44
1.570000e-15 1.233827e+22 1.522329e+44
1.575000e-15 1.245793e+22 1.552001e+44
1.580000e-15 1.254192e+22 1.572997e+44
1.585000e-15 1.259020e+22 1.585133e+44
1.590000e-15 1.260289e+22 1.588327e+44
1.595000e-15 1.258014e+22 1.582600e+44
1.600000e-15 1.252225e+22 1.568068e+44
1.605000e-15 1.242960e+22 1.544949e+44
1.610000e-15 1.230265e+22 1.513551e+44
1.615000e-15 1.214196e+22 1.474271e+44
1.620000e-15 1.194819e+22 1.427592e+44
1.625000e-15 1.172207e+22 1.374070e+44
1.630000e-15 1.146444e+22 1.314335e+44
1.635000e-15 1.117620e+22 1.249075e+44
1.640000e-15 1.085834e+22 1.179035e+44
1.645000e-15 1.051192e+22 1.105004e+44
1.650000e-15 1.013807e+22 1.027805e+44
1.655000e-15 9.738010e+21 9.482884e+43
1.660000e-15 9.313002e+21 8.673201e+43
1.665000e-15 8.864383e+21 7.857728e+43
1.670000e-15 8.393543e+21 7.045156e+43
1.675000e-15 7.901926e+21 6.244044e+43
1.680000e-15 7.391028e+21 5.462730e+43
1.685000e-15 6.862388e+21 4.709237e+43
1.690000e-15 6.317584e+21 3.991187e+43
1.695000e-15 5.758234e+21 3.315726e+43
1.700000e-15 5.185983e+21 2.689442e+43
1.705000e-15 4.602505e+21 2.118305e+43
1.710000e-15 4.009495e+21 1.607605e+43
1.715000e-15 3.408665e+21 1.161900e+43
1.720000e-15 2.801740e+21 7.849746e+42
1.725000e-15 2.190450e+21 4.798072e+42
1.730000e-15 1.576531e+21 2.485449e+42
1.735000e-15 9.617129e+20 9.248916e+41
1.740000e-15 3.477214e+20 1.209102e+41
1.745000e-15 -2.637313e+20 6.955419e+40
1.750000e-15 -8.709488e+20 7.585518e+41
1.755000e-15 -1.472256e+21 2.167538e+42
1.760000e-15 -2.066003e+21 4.268369e+42
1.765000e-15 -2.650571e+21 7.025528e+42
1.770000e-15 -3.224375e+21 1.039659e+43
1.775000e-15 -3.785868e+21 1.433280e+43
1.780000e-15 -4.333546e+21 1.877962e+43
1.785000e-15 -4.865953e+21 2.367750e+43
1.790000e-15 -5.381681e+21 2.896249e+43
1.795000e-15 -5.879378e+21 3.456709e+43
1.800000e-15 -6.357749e+21 4.042097e+43
1.805000e-15 -6.815559e+21 4.645184e+43
1.810000e-15 -7.251638e+21 5.258625e+43
1.815000e-15 -7.664881e+21 5.875040e+43
1.820000e-15 -8.054256e+21 6.487103e+43
1.825000e-15 -8.418799e+21 7.087617e+43
1.830000e-15 -8.757623e+21 7.669596e+43
1.835000e-15 -9.069916e+21 8.226338e+43
1.840000e-15 -9.354946e+21 8.751502e+43
1.845000e-15 -9.612060e+21 9.239169e+43
1.850000e-15 -9.840684e+21 9.683907e+43
1.855000e-15 -1.004033e+22 1.008082e+44
1.860000e-15 -1.021059e+22 1.042562e+44
1.865000e-15 -1.035115e+22 1.071463e+44
1.870000e-15 -1.046176e+22 1.094485e+44
1.875000e-15 -1.054228e+22 1.111397e+44
1.880000e-15 -1.059264e+22 1.122039e+44
1.885000e-15 -1.061284e+22 1.126325e+44
1.890000e-15 -1.060301e+22 1.124238e+44
1.895000e-15 -1.056331e+22 1.115835e+44
1.900000e-15 -1.049402e+22 1.101244e+44
1.905000e-15 -1.039548e+22 1.080661e+44
1.910000e-15 -1.026813e+22 1.054345e+44
1.915000e-15 -1.011246e+22 1.022619e+44
1.920000e-15 -9.929071e+21 9.858645e+43
1.925000e-15 -9.718609e+21 9.445135e+43
1.930000e-15 -9.481806e+21 8.990465e+43
1.935000e-15 -9.219464e+21 8.499851e+43
1.940000e-15 -8.932448e+21 7.978864e+43
1.945000e-15 -8.621693e+21 7.433358e+43
1.950000e-15 -8.288190e+21 6.869409e+43
1.955000e-15 -7.932993e+21 6.293237e+43
1.960000e-15 -7.557209e+21 5.711140e+43
1.965000e-15 -7.161998e+21 5.129422e+43
1.970000e-15 -6.748569e+21 4.554318e+43
1.975000e-15 -6.318175e+21 3.991934e+43
1.980000e-15 -5.872112e+21 3.448170e+43
1.985000e-15 -5.411711e+21 2.928661e+43
1.990000e-15 -4.938338e+21 2.438718e+43
1.995000e-15 -4.453388e+21 1.983267e+43
2.000000e-15 -3.958284e+21 1.566801e+43
2.005000e-15 -3.454467e+21 1.193334e+43
2.010000e-15 -2.943397e+21 8.663587e+42
2.015000e-15 -2.426548e+21 5.888134e+42
2.020000e-15 -1.905401e+21 3.630553e+42
2.025000e-15 -1.381444e+21 1.908387e+42
2.030000e-15 -8.561638e+20 7.330164e+41
2.035000e-15 -3.310454e+20 1.095910e+41
2.040000e-15 1.924348e+20 3.703117e+40
2.045000e-15 7.128119e+20 5.081007e+41
2.050000e-15 1.228636e+21 1.509547e+42
2.055000e-15 1.738479e+21 3.022309e+42
2.060000e-15 2.240934e+21 5.021783e+42
2.065000e-15 2.734622e+21 7.478155e+42
2.070000e-15 3.218195e+21 1.035678e+43
2.075000e-15 3.690343e+21 1.361863e+43
2.080000e-15 4.149789e+21 1.722075e+43
2.085000e-15 4.595301e+21 2.111679e+43
2.090000e-15 5.025690e+21 2.525756e+43
2.095000e-15 5.439818e+21 2.959162e+43
2.100000e-15 5.836595e+21 3.406584e+43
2.105000e-15 6.214986e+21 3.862605e+43
2.110000e-15 6.574011e+21 4.321763e+43
2.115000e-15 6.912752e+21 4.778614e+43
2.120000e-15 7.230349e+21 5.227795e+43
2.125000e-15 7.526007e+21 5.664077e+43
2.130000e-15 7.798995e+21 6.082432e+43
2.135000e-15 8.048651e+21 6.478078e+43
2.140000e-15 8.274379e+21 6.846535e+43
2.145000e-15 8.475656e+21 7.183674e+43
2.150000e-15 8.652026e+21 7.485756e+43
2.155000e-15 8.803110e+21 7.749474e+43
2.160000e-15 8.928596e+21 7.971983e+43
2.165000e-15 9.028251e+21 8.150931e+43
2.170000e-15 9.101911e+21 8.284479e+43
2.175000e-15 9.149489e+21 8.371314e+43
2.180000e-15 9.170969e+21 8.410666e+43
2.185000e-15 9.166409e+21 8.402306e+43
2.190000e-15 9.135943e+21 8.346545e+43
2.195000e-15 9.079772e+21 8.244227e+43
2.200000e-15 8.998173e+21 8.096711e+43
2.205000e-15 8.891489e+21 7.905858e+43
2.210000e-15 8.760136e+21 7.673997e+43
2.215000e-15 8.604593e+21 7.403902e+43
2.220000e-15 8.425409e+21 7.098752e+43
2.225000e-15 8.223195e+21 6.762094e+43
2.230000e-15 7.998624e+21 6.397799e+43
2.235000e-15 7.752429e+21 6.010015e+43
2.240000e-15 7.485400e+21 5.603121e+43
2.245000e-15 7.198383e+21 5.181672e+43
2.250000e-15 6.892276e+21 4.750346e+43
2.255000e-15 6.568026e+21 4.313896e+43
2.260000e-15 6.226628e+21 3.877090e+43
2.265000e-15 5.869121e+21 3.444658e+43
2.270000e-15 5.496582e+21 3.021242e+43
2.275000e-15 5.110130e+21 2.611343e+43
2.280000e-15 4.710914e+21 2.219271e+43
2.285000e-15 4.300116e+21 1.849100e+43
2.290000e-15 3.878946e+21 1.504622e+43
2.295000e-15 3.448635e+21 1.189309e+43
2.300000e-15 3.010439e+21 9.062741e+42
2.305000e-15 2.565625e+21 6.582433e+42
2.310000e-15 2.115479e+21 4.475249e+42
2.315000e-15 1.661291e+21 2.759888e+42
2.320000e-15 1.204361e+21 1.450486e+42
2.325000e-15 7.459899e+20 5.565010e+41
2.330000e-15 2.874757e+20 8.264230e+40
2.335000e-15 -1.698873e+20 2.886169e+40
2.340000e-15 -6.248141e+20 3.903926e+41
2.345000e-15 -1.076032e+21 1.157844e+42
2.350000e-15 -1.522284e+21 2.317347e+42
2.355000e-15 -1.962332e+21 3.850746e+42
2.360000e-15 -2.394962e+21 5.735841e+42
2.365000e-15 -2.818984e+21 7.946670e+42
2.370000e-15 -3.233239e+21 1.045384e+43
2.375000e-15 -3.636600e+21 1.322486e+43
2.380000e-15 -4.027974e+21 1.622458e+43
2.385000e-15 -4.406309e+21 1.941556e+43
2.390000e-15 -4.770591e+21 2.275854e+43
2.395000e-15 -5.119852e+21 2.621288e+43
2.400000e-15 -5.453169e+21 2.973705e+43
2.405000e-15 -5.769669e+21 3.328908e+43
2.410000e-15 -6.068528e+21 3.682704e+43
2.415000e-15 -6.348978e+21 4.030952e+43
2.420000e-15 -6.610303e+21 4.369610e+43
2.425000e-15 -6.851844e+21 4.694777e+43
2.430000e-15 -7.073004e+21 5.002739e+43
2.435000e-15 -7.273241e+21 5.290004e+43
2.440000e-15 -7.452078e+21 5.553346e+43
2.445000e-15 -7.609097e+21 5.789835e+43
2.450000e-15 -7.743945e+21 5.996868e+43
2.455000e-15 -7.856332e+21 6.172195e+43
2.460000e-15 -7.946034e+21 6.313945e+43
2.465000e-15 -8.012889e+21 6.420639e+43
2.470000e-15 -8.056802e+21 6.491206e+43
2.475000e-15 -8.077743e+21 6.524993e+43
2.480000e-15 -8.075745e+21 6.521766e+43
2.485000e-15 -8.050908e+21 6.481711e+43
2.490000e-15 -8.003393e+21 6.405429e+43
2.495000e-15 -7.933426e+21 6.293924e+43
2.500000e-15 -7.841295e+21 6.148590e+43
2.505000e-15 -7.727348e+21 5.971191e+43
2.510000e-15 -7.591996e+21 5.763840e+43
2.515000e-15 -7.435705e+21 5.528970e+43
2.520000e-15 -7.258999e+21 5.269307e+43
2.525000e-15 -7.062460e+21 4.987834e+43
2.530000e-15 -6.846720e+21 4.687758e+43
2.535000e-15 -6.612465e+21 4.372469e+43
2.540000e-15 -6.360427e+21 4.045504e+43
2.545000e-15 -6.091390e+21 3.710503e+43
2.550000e-15 -5.806179e+21 3.371171e+43
2.555000e-15 -5.505662e+21 3.031232e+43
2.560000e-15 -5.190748e+21 2.694386e+43
2.565000e-15 -4.862381e+21 2.364274e+43
2.570000e-15 -4.521540e+21 2.044432e+43
2.575000e-15 -4.169235e+21 1.738252e+43
2.580000e-15 -3.806506e+21 1.448949e+43
2.585000e-15 -3.434416e+21 1.179521e+43
2.590000e-15 -3.054050e+21 9.327223e+42
2.595000e-15 -2.666515e+21 7.110300e+42
2.600000e-15 -2.272930e+21 5.166209e+42
2.605000e-15 -1.874429e+21 3.513483e+42
2.610000e-15 -1.472155e+21 2.167240e+42
2.615000e-15 -1.067257e+21 1.139038e+42
2.620000e-15 -6.608876e+20 4.367724e+41
2.625000e-15 -2.541977e+20 6.461648e+40
2.630000e-15 1.516642e+20 2.300204e+40
2.635000e-15 5.555570e+20 3.086435e+41
2.640000e-15 9.563491e+20 9.146035e+41
2.645000e-15 1.352922e+21 1.830399e+42
2.650000e-15 1.744174e+21 3.042144e+42
2.655000e-15 2.129022e+21 4.532736e+42
2.660000e-15 2.506406e+21 6.282069e+42
2.665000e-15 2.875288e+21 8.267283e+42
2.670000e-15 3.234663e+21 1.046304e+43
2.675000e-15 3.583551e+21 1.284184e+43
2.680000e-15 3.921010e+21 1.537432e+43
2.685000e-15 4.246131e+21 1.802963e+43
2.690000e-15 4.558044e+21 2.077577e+43
2.695000e-15 4.855920e+21 2.357995e+43
2.700000e-15 5.138970e+21 2.640901e+43
2.705000e-15 5.406453e+21 2.922973e+43
2.710000e-15 5.657673e+21 3.200926e+43
2.715000e-15 5.891982e+21 3.471545e+43
2.720000e-15 6.108783e+21 3.731723e+43
2.725000e-15 6.307530e+21 3.978494e+43
2.730000e-15 6.487731e+21 4.209065e+43
2.735000e-15 6.648944e+21 4.420846e+43
2.740000e-15 6.790788e+21 4.611480e+43
2.745000e-15 6.912932e+21 4.778863e+43
2.750000e-15 7.015107e+21 4.921172e+43
2.755000e-15 7.097096e+21 5.036878e+43
2.760000e-15 7.158744e+21 5.124762e+43
2.765000e-15 7.199952e+21 5.183930e+43
2.770000e-15 7.220677e+21 5.213818e+43
2.775000e-15 7.220937e+21 5.214193e+43
2.780000e-15 7.200805e+21 5.185159e+43
2.785000e-15 7.160413e+21 5.127151e+43
2.790000e-15 7.099947e+21 5.040925e+43
2.795000e-15 7.019652e+21 4.927551e+43
2.800000e-15 6.919825e+21 4.788397e+43
2.805000e-15 6.800818e+21 4.625112e+43
2.810000e-15 6.663035e+21 4.439604e+43
2.815000e-15 6.506933e+21 4.234017e+43
2.820000e-15 6.333016e+21 4.010710e+43
2.825000e-15 6.141840e+21 3.772220e+43
2.830000e-15 5.934004e+21 3.521240e+43
2.835000e-15 5.710153e+21 3.260585e+43
2.840000e-15 5.470975e+21 2.993157e+43
2.845000e-15 5.217198e+21 2.721915e+43
2.850000e-15 4.949589e+21 2.449843e+43
2.855000e-15 4.668950e+21 2.179909e+43
2.860000e-15 4.376118e+21 1.915041e+43
2.865000e-15 4.071962e+21 1.658087e+43
2.870000e-15 3.757376e+21 1.411787e+43
2.875000e-15 3.433284e+21 1.178744e+43
2.880000e-15 3.100631e+21 9.613915e+42
2.885000e-15 2.760385e+21 7.619727e+42
2.890000e-15 2.413530e+21 5.825126e+42
2.895000e-15 2.061065e+21 4.247988e+42
2.900000e-15 1.704001e+21 2.903621e+42
2.905000e-15 1.343361e+21 1.804620e+42
2.910000e-15 9.801718e+20 9.607368e+41
2.915000e-15 6.154638e+20 3.787957e+41
2.920000e-15 2.502690e+20 6.263460e+40
2.925000e-15 -1.143832e+20 1.308351e+40
2.930000e-15 -4.774686e+20 2.279762e+41
2.935000e-15 -8.379710e+20 7.021954e+41
2.940000e-15 -1.194885e+21 1.427750e+42
2.945000e-15 -1.547219e+21 2.393886e+42
2.950000e-15 -1.893997e+21 3.587225e+42
2.955000e-15 -2.234263e+21 4.991933e+42
2.960000e-15 -2.567083e+21 6.589914e+42
2.965000e-15 -2.891545e+21 8.361031e+42
2.970000e-15 -3.206765e+21 1.028334e+43
2.975000e-15 -3.511889e+21 1.233336e+43
2.980000e-15 -3.806093e+21 1.448634e+43
2.985000e-15 -4.088586e+21 1.671654e+43
2.990000e-15 -4.358614e+21 1.899752e+43
2.995000e-15 -4.615461e+21 2.130248e+43
3.000000e-15 -4.858448e+21 2.360451e+43
3.005000e-15 -5.086939e+21 2.587695e+43
3.010000e-15 -5.300341e+21 2.809362e+43
3.015000e-15 -5.498105e+21 3.022916e+43
3.020000e-15 -5.679728e+21 3.225931e+43
3.025000e-15 -5.844752e+21 3.416113e+43
3.030000e-15 -5.992771e+21 3.591331e+43
3.035000e-15 -6.123426e+21 3.749634e+43
3.040000e-15 -6.236406e+21 3.889276e+43
3.045000e-15 -6.331454e+21 4.008731e+43
3.050000e-15 -6.408362e+21 4.106711e+43
3.055000e-15 -6.466975e+21 4.182177e+43
3.060000e-15 -6.507189e+21 4.234351e+43
3.065000e-15 -6.528953e+21 4.262722e+43
3.070000e-15 -6.532265e+21 4.267049e+43
3.075000e-15 -6.517178e+21 4.247361e+43
3.080000e-15 -6.483796e+21 4.203961e+43
3.085000e-15 -6.432272e+21 4.137412e+43
3.090000e-15 -6.362811e+21 4.048537e+43
3.095000e-15 -6.275668e+21 3.938400e+43
3.100000e-15 -6.171144e+21 3.808302e+43
3.105000e-15 -6.049592e+21 3.659756e+43
3.110000e-15 -5.911407e+21 3.494473e+43
3.115000e-15 -5.757033e+21 3.314343e+43
3.120000e-15 -5.586956e+21 3.121407e+43
3.125000e-15 -5.401704e+21 2.917841e+43
3.130000e-15 -5.201849e+21 2.705923e+43
3.135000e-15 -4.987997e+21 2.488011e+43
3.140000e-15 -4.760795e+21 2.266517e+43
3.145000e-15 -4.520925e+21 2.043877e+43
3.150000e-15 -4.269101e+21 1.822522e+43
3.155000e-15 -4.006068e+21 1.604858e+43
3.160000e-15 -3.732601e+21 1.393231e+43
3.165000e-15 -3.449501e+21 1.189906e+43
3.170000e-15 -3.157594e+21 9.970400e+42
3.175000e-15 -2.857728e+21 8.166607e+42
3.180000e-15 -2.550769e+21 6.506423e+42
3.185000e-15 -2.237602e+21 5.006865e+42
3.190000e-15 -1.919127e+21 3.683047e+42
3.195000e-15 -1.596252e+21 2.548021e+42
3.200000e-15 -1.269899e+21 1.612644e+42
3.205000e-15 -9.409946e+20 8.854708e+41
3.210000e-15 -6.104693e+20 3.726727e+41
3.215000e-15 -2.792558e+20 7.798382e+40
3.220000e-15 5.171427e+19 2.674366e+39
3.225000e-15 3.815133e+20 1.455524e+41
3.230000e-15 7.092197e+20 5.029926e+41
3.235000e-15 1.033921e+21 1.068992e+42
3.240000e-15 1.354715e+21 1.835253e+42
3.245000e-15 1.670715e+21 2.791290e+42
3.250000e-15 1.981050e+21 3.924559e+42
3.255000e-15 2.284866e+21 5.220614e+42
3.260000e-15 2.581333e+21 6.663280e+42
3.265000e-15 2.869641e+21 8.234841e+42
3.270000e-15 3.149008e+21 9.916251e+42
3.275000e-15 3.418678e+21 1.168736e+43
3.280000e-15 3.677925e+21 1.352713e+43
3.285000e-15 3.926054e+21 1.541390e+43
3.290000e-15 4.162404e+21 1.732561e+43
3.295000e-15 4.386349e+21 1.924006e+43
3.300000e-15 4.597300e+21 2.113517e+43
3.305000e-15 4.794705e+21 2.298920e+43
3.310000e-15 4.978052e+21 2.478101e+43
3.315000e-15 5.146871e+21 2.649029e+43
3.320000e-15 5.300734e+21 2.809778e+43
3.325000e-15 5.439253e+21 2.958548e+43
3.330000e-15 5.562090e+21 3.093684e+43
3.335000e-15 5.668946e+21 3.213695e+43
3.340000e-15 5.759571e+21 3.317266e+43
3.345000e-15 5.833762e+21 3.403278e+43
3.350000e-15 5.891359e+21 3.470811e+43
3.355000e-15 5.932252e+21 3.519161e+43
3.360000e-15 5.956377e+21 3.547842e+43
3.365000e-15 5.963716e+21 3.556591e+43
3.370000e-15 5.954301e+21 3.545370e+43
3.375000e-15 5.928208e+21 3.514365e+43
3.380000e-15 5.885561e+21 3.463983e+43
3.385000e-15 5.826528e+21 3.394843e+43
3.390000e-15 5.751324e+21 3.307773e+43
3.395000e-15 5.660209e+21 3.203796e+43
3.400000e-15 5.553484e+21 3.084119e+43
3.405000e-15 5.431497e+21 2.950116e+43
3.410000e-15 5.294633e+21 2.803314e+43
3.415000e-15 5.143321e+21 2.645375e+43
3.420000e-15 4.978027e+21 2.478075e+43
3.425000e-15 4.799255e+21 2.303285e+43
3.430000e-15 4.607547e+21 2.122949e+43
3.435000e-15 4.403477e+21 1.939061e+43
3.440000e-15 4.187654e+21 1.753644e+43
3.445000e-15 3.960715e+21 1.568726e+43
3.450000e-15 3.723330e+21 1.386318e+43
3.455000e-15 3.476193e+21 1.208392e+43
3.460000e-15 3.220025e+21 1.036856e+43
3.465000e-15 2.955571e+21 8.735397e+42
3.470000e-15 2.683593e+21 7.201670e+42
3.475000e-15 2.404876e+21 5.783427e+42
3.480000e-15 2.120219e+21 4.495327e+42
3.485000e-15 1.830436e+21 3.350497e+42
3.490000e-15 1.536354e+21 2.360384e+42
3.495000e-15 1.238808e+21 1.534645e+42
3.500000e-15 9.386400e+20 8.810451e+41
3.505000e-15 6.366985e+20 4.053850e+41
3.510000e-15 3.338332e+20 1.114446e+41
3.515000e-15 3.089441e+19 9.544643e+38
3.520000e-15 -2.712702e+20 7.358750e+40
3.525000e-15 -5.718172e+20 3.269749e+41
3.530000e-15 -8.699105e+20 7.567444e+41
3.535000e-15 -1.164723e+21 1.356580e+42
3.540000e-15 -1.455440e+21 2.118305e+42
3.545000e-15 -1.741259e+21 3.031982e+42
3.550000e-15 -2.021394e+21 4.086035e+42
3.555000e-15 -2.295079e+21 5.267389e+42
3.560000e-15 -2.561567e+21 6.561624e+42
3.565000e-15 -2.820131e+21 7.953140e+42
3.570000e-15 -3.070072e+21 9.425343e+42
3.575000e-15 -3.310715e+21 1.096084e+43
3.580000e-15 -3.541414e+21 1.254161e+43
3.585000e-15 -3.761550e+21 1.414926e+43
3.590000e-15 -3.970539e+21 1.576518e+43
3.595000e-15 -4.167827e+21 1.737078e+43
3.600000e-15 -4.352896e+21 1.894771e+43
3.605000e-15 -4.525263e+21 2.047800e+43
3.610000e-15 -4.684480e+21 2.194436e+43
3.615000e-15 -4.830141e+21 2.333026e+43
3.620000e-15 -4.961875e+21 2.462020e+43
3.625000e-15 -5.079353e+21 2.579983e+43
3.630000e-15 -5.182287e+21 2.685610e+43
3.635000e-15 -5.270429e+21 2.777742e+43
3.640000e-15 -5.343574e+21 2.855378e+43
3.645000e-15 -5.401559e+21 2.917684e+43
3.650000e-15 -5.444265e+21 2.964002e+43
3.655000e-15 -5.471613e+21 2.993855e+43
3.660000e-15 -5.483571e+21 3.006955e+43
3.665000e-15 -5.480148e+21 3.003202e+43
3.670000e-15 -5.461395e+21 2.982683e+43
3.675000e-15 -5.427407e+21 2.945674e+43
3.680000e-15 -5.378321e+21 2.892633e+43
3.685000e-15 -5.314315e+21 2.824195e+43
3.690000e-15 -5.235611e+21 2.741162e+43
3.695000e-15 -5.142467e+21 2.644497e+43
3.700000e-15 -5.035184e+21 2.535308e+43
3.705000e-15 -4.914100e+21 2.414838e+43
3.710000e-15 -4.779591e+21 2.284449e+43
3.715000e-15 -4.632070e+21 2.145607e+43
3.720000e-15 -4.471985e+21 1.999865e+43
3.725000e-15 -4.299816e+21 1.848842e+43
3.730000e-15 -4.116078e+21 1.694210e+43
3.735000e-15 -3.921315e+21 1.537671e+43
3.740000e-15 -3.716102e+21 1.380942e+43
3.745000e-15 -3.501041e+21 1.225729e+43
3.750000e-15 -3.276758e+21 1.073714e+43
3.755000e-15 -3.043905e+21 9.265359e+42
3.760000e-15 -2.803157e+21 7.857687e+42
3.765000e-15 -2.555206e+21 6.529076e+42
3.770000e-15 -2.300765e+21 5.293518e+42
3.775000e-15 -2.040562e+21 4.163892e+42
3.780000e-15 -1.775339e+21 3.151830e+42
3.785000e-15 -1.505852e+21 2.267589e+42
3.790000e-15 -1.232863e+21 1.519952e+42
3.795000e-15 -9.571459e+20 9.161283e+41
3.800000e-15 -6.794771e+20 4.616891e+41
3.805000e-15 -4.006378e+20 1.605106e+41
3.810000e-15 -1.214099e+20 1.474037e+40
3.815000e-15 1.574254e+20 2.478276e+40
3.820000e-15 4.350904e+20 1.893036e+41
3.825000e-15 7.108124e+20 5.052543e+41
3.830000e-15 9.838265e+20 9.679146e+41
3.835000e-15 1.253377e+21 1.570954e+42
3.840000e-15 1.518721e+21 2.306512e+42
3.845000e-15 1.779127e+21 3.165292e+42
3.850000e-15 2.033881e+21 4.136673e+42
3.855000e-15 2.282287e+21 5.208835e+42
3.860000e-15 2.523668e+21 6.368898e+42
3.865000e-15 2.757366e+21 7.603069e+42
3.870000e-15 2.982751e+21 8.896804e+42
3.875000e-15 3.199214e+21 1.023497e+43
3.880000e-15 3.406173e+21 1.160202e+43
3.885000e-15 3.603076e+21 1.298216e+43
3.890000e-15 3.789399e+21 1.435954e+43
3.895000e-15 3.964648e+21 1.571843e+43
3.900000e-15 4.128362e+21 1.704338e+43
3.905000e-15 4.280116e+21 1.831939e+43
3.910000e-15 4.419514e+21 1.953211e+43
3.915000e-15 4.546201e+21 2.066794e+43
3.920000e-15 4.659855e+21 2.171425e+43
3.925000e-15 4.760191e+21 2.265942e+43
3.930000e-15 4.846965e+21 2.349307e+43
3.935000e-15 4.919968e+21 2.420609e+43
3.940000e-15 4.979032e+21 2.479076e+43
3.945000e-15 5.024027e+21 2.524085e+43
3.950000e-15 5.054864e+21 2.555165e+43
3.955000e-15 5.071493e+21 2.572004e+43
3.960000e-15 5.073903e+21 2.574449e+43
3.965000e-15 5.062124e+21 2.562510e+43
3.970000e-15 5.036224e+21 2.536355e+43
3.975000e-15 4.996312e+21 2.496314e+43
3.980000e-15 4.942535e+21 2.442865e+43
3.985000e-15 4.875077e+21 2.376638e+43
3.990000e-15 4.794162e+21 2.298399e+43
3.995000e-15 4.700050e+21 2.209047e+43
4.000000e-15 4.593035e+21 2.109597e+43
4.005000e-15 4.473451e+21 2.001176e+43
4.010000e-15 4.341661e+21 1.885002e+43
4.015000e-15 4.198065e+21 1.762375e+43
4.020000e-15 4.043093e+21 1.634660e+43
4.025000e-15 3.877206e+21 1.503273e+43
4.030000e-15 3.700894e+21 1.369662e+43
4.035000e-15 3.514676e+21 1.235295e+43
4.040000e-15 3.319096e+21 1.101640e+43
4.045000e-15 3.114724e+21 9.701504e+42
4.050000e-15 2.902151e+21 8.422481e+42
4.055000e-15 2.681992e+21 7.193081e+42
4.060000e-15 2.454880e+21 6.026436e+42
4.065000e-15 2.221466e+21 4.934911e+42
4.070000e-15 1.982417e+21 3.929979e+42
4.075000e-15 1.738415e+21 3.022088e+42
4.080000e-15 1.490153e+21 2.220557e+42
4.085000e-15 1.238335e+21 1.533473e+42
4.090000e-15 9.836710e+20 9.676087e+41
4.095000e-15 7.268804e+20 5.283552e+41
4.100000e-15 4.686849e+20 2.196656e+41
4.105000e-15 2.098086e+20 4.401966e+40
4.110000e-15 -4.902416e+19 2.403368e+39
4.115000e-15 -3.070910e+20 9.430488e+40
4.120000e-15 -5.636734e+20 3.177277e+41
4.125000e-15 -8.180587e+20 6.692201e+41
4.130000e-15 -1.069542e+21 1.143921e+42
4.135000e-15 -1.317429e+21 1.735620e+42
4.140000e-15 -1.561036e+21 2.436833e+42
4.145000e-15 -1.799693e+21 3.238896e+42
4.150000e-15 -2.032747e+21 4.132060e+42
4.155000e-15 -2.259560e+21 5.105610e+42
4.160000e-15 -2.479514e+21 6.147988e+42
4.165000e-15 -2.692012e+21 7.246926e+42
4.170000e-15 -2.896478e+21 8.389585e+42
4.175000e-15 -3.092362e+21 9.562701e+42
4.180000e-15 -3.279136e+21 1.075274e+43
4.185000e-15 -3.456303e+21 1.194603e+43
4.190000e-15 -3.623389e+21 1.312895e+43
4.195000e-15 -3.779953e+21 1.428805e+43
4.200000e-15 -3.925583e+21 1.541020e+43
4.205000e-15 -4.059899e+21 1.648278e+43
4.210000e-15 -4.182552e+21 1.749374e+43
4.215000e-15 -4.293228e+21 1.843181e+43
4.220000e-15 -4.391647e+21 1.928657e+43
4.225000e-15 -4.477563e+21 2.004857e+43
4.230000e-15 -4.550766e+21 2.070947e+43
4.235000e-15 -4.611081e+21 2.126207e+43
4.240000e-15 -4.658372e+21 2.170043e+43
4.245000e-15 -4.692535e+21 2.201989e+43
4.250000e-15 -4.713508e+21 2.221716e+43
4.255000e-15 -4.721263e+21 2.229033e+43
4.260000e-15 -4.715809e+21 2.223886e+43
4.265000e-15 -4.697193e+21 2.206362e+43
4.270000e-15 -4.665497e+21 2.176686e+43
4.275000e-15 -4.620840e+21 2.135216e+43
4.280000e-15 -4.563378e+21 2.082442e+43
4.285000e-15 -4.493301e+21 2.018976e+43
4.290000e-15 -4.410834e+21 1.945546e+43
4.295000e-15 -4.316236e+21 1.862989e+43
4.300000e-15 -4.209799e+21 1.772241e+43
4.305000e-15 -4.091849e+21 1.674323e+43
4.310000e-15 -3.962740e+21 1.570331e+43
4.315000e-15 -3.822860e+21 1.461426e+43
4.320000e-15 -3.672623e+21 1.348816e+43
4.325000e-15 -3.512474e+21 1.233747e+43
4.330000e-15 -3.342881e+21 1.117486e+43
4.335000e-15 -3.164341e+21 1.001305e+43
4.340000e-15 -2.977372e+21 8.864743e+42
4.345000e-15 -2.782515e+21 7.742390e+42
4.350000e-15 -2.580333e+21 6.658116e+42
4.355000e-15 -2.371406e+21 5.623566e+42
4.360000e-15 -2.156333e+21 4.649773e+42
4.365000e-15 -1.935729e+21 3.747048e+42
4.370000e-15 -1.710222e+21 2.924861e+42
4.375000e-15 -1.480453e+21 2.191742e+42
4.380000e-15 -1.247073e+21 1.555190e+42
4.385000e-15 -1.010741e+21 1.021597e+42
4.390000e-15 -7.721231e+20 5.961741e+41
4.395000e-15 -5.318916e+20 2.829087e+41
4.400000e-15 -2.907201e+20 8.451818e+40
4.405000e-15 -4.928398e+19 2.428911e+39
4.410000e-15 1.917423e+20 3.676512e+40
4.415000e-15 4.316871e+20 1.863537e+41
4.420000e-15 6.698829e+20 4.487431e+41
4.425000e-15 9.056691e+20 8.202365e+41
4.430000e-15 1.138393e+21 1.295938e+42
4.435000e-15 1.367412e+21 1.869815e+42
4.440000e-15 1.592095e+21 2.534765e+42
4.445000e-15 1.811824e+21 3.282708e+42
4.450000e-15 2.025999e+21 4.104671e+42
4.455000e-15 2.234033e+21 4.990902e+42
4.460000e-15 2.435359e+21 5.930973e+42
4.465000e-15 2.629431e+21 6.913907e+42
4.470000e-15 2.815723e+21 7.928297e+42
4.475000e-15 2.993733e+21 8.962438e+42
4.480000e-15 3.162982e+21 1.000446e+43
4.485000e-15 3.323018e+21 1.104245e+43
4.490000e-15 3.473414e+21 1.206461e+43
4.495000e-15 3.613773e+21 1.305935e+43
4.500000e-15 3.743724e+21 1.401547e+43
4.505000e-15 3.862928e+21 1.492221e+43
4.510000e-15 3.971076e+21 1.576944e+43
4.515000e-15 4.067891e+21 1.654774e+43
4.520000e-15 4.153128e+21 1.724847e+43
4.525000e-15 4.226574e+21 1.786393e+43
4.530000e-15 4.288051e+21 1.838738e+43
4.535000e-15 4.337413e+21 1.881315e+43
4.540000e-15 4.374549e+21 1.913668e+43
4.545000e-15 4.399383e+21 1.935457e+43
4.550000e-15 4.411873e+21 1.946462e+43
4.555000e-15 4.412009e+21 1.946583e+43
4.560000e-15 4.399821e+21 1.935842e+43
4.565000e-15 4.375367e+21 1.914384e+43
4.570000e-15 4.338744e+21 1.882470e+43
4.575000e-15 4.290080e+21 1.840479e+43
4.580000e-15 4.229538e+21 1.788899e+43
4.585000e-15 4.157312e+21 1.728324e+43
4.590000e-15 4.073629e+21 1.659445e+43
4.595000e-15 3.978748e+21 1.583044e+43
4.600000e-15 3.872959e+21 1.499981e+43
4.605000e-15 3.756579e+21 1.411189e+43
4.610000e-15 3.629958e+21 1.317659e+43
4.615000e-15 3.493470e+21 1.220433e+43
4.620000e-15 3.347518e+21 1.120588e+43
4.625000e-15 3.192530e+21 1.019225e+43
4.630000e-15 3.028958e+21 9.174585e+42
4.635000e-15 2.857277e+21 8.164029e+42
4.640000e-15 2.677983e+21 7.171594e+42
4.645000e-15 2.491594e+21 6.208042e+42
4.650000e-15 2.298646e+21 5.283772e+42
4.655000e-15 2.099690e+21 4.408697e+42
4.660000e-15 1.895295e+21 3.592143e+42
4.665000e-15 1.686043e+21 2.842742e+42
4.670000e-15 1.472529e+21 2.168343e+42
4.675000e-15 1.255358e+21 1.575925e+42
4.680000e-15 1.035144e+21 1.071524e+42
4.685000e-15 8.125084e+20 6.601699e+41
4.690000e-15 5.880771e+20 3.458347e+41
4.695000e-15 3.624808e+20 1.313923e+41
4.700000e-15 1.363518e+20 1.859180e+40
4.705000e-15 -8.967773e+19 8.042096e+39
4.710000e-15 -3.149769e+20 9.921046e+40
4.715000e-15 -5.389184e+20 2.904331e+41
4.720000e-15 -7.608801e+20 5.789385e+41
4.725000e-15 -9.802464e+20 9.608829e+41
4.730000e-15 -1.196410e+21 1.431398e+42
4.735000e-15 -1.408776e+21 1.984649e+42
4.740000e-15 -1.616757e+21 2.613905e+42
4.745000e-15 -1.819784e+21 3.311614e+42
4.750000e-15 -2.017300e+21 4.069497e+42
4.755000e-15 -2.208764e+21 4.878638e+42
4.760000e-15 -2.393655e+21 5.729586e+42
4.765000e-15 -2.571472e+21 6.612466e+42
4.770000e-15 -2.741731e+21 7.517089e+42
4.775000e-15 -2.903974e+21 8.433067e+42
4.780000e-15 -3.057765e+21 9.349929e+42
4.785000e-15 -3.202692e+21 1.025724e+43
4.790000e-15 -3.338369e+21 1.114471e+43
4.795000e-15 -3.464436e+21 1.200232e+43
4.800000e-15 -3.580562e+21 1.282042e+43
4.805000e-15 -3.686443e+21 1.358986e+43
4.810000e-15 -3.781804e+21 1.430204e+43
4.815000e-15 -3.866402e+21 1.494906e+43
4.820000e-15 -3.940022e+21 1.552377e+43
4.825000e-15 -4.002482e+21 1.601986e+43
4.830000e-15 -4.053630e+21 1.643192e+43
4.835000e-15 -4.093348e+21 1.675550e+43
4.840000e-15 -4.121547e+21 1.698715e+43
4.845000e-15 -4.138172e+21 1.712447e+43
4.850000e-15 -4.143202e+21 1.716613e+43
4.855000e-15 -4.136646e+21 1.711184e+43
4.860000e-15 -4.118546e+21 1.696243e+43
4.865000e-15 -4.088977e+21 1.671973e+43
4.870000e-15 -4.048044e+21 1.638666e+43
4.875000e-15 -3.995885e+21 1.596710e+43
4.880000e-15 -3.932668e+21 1.546588e+43
4.885000e-15 -3.858594e+21 1.488874e+43
4.890000e-15 -3.773890e+21 1.424224e+43
4.895000e-15 -3.678814e+21 1.353368e+43
4.900000e-15 -3.573655e+21 1.277101e+43
4.905000e-15 -3.458725e+21 1.196278e+43
4.910000e-15 -3.334365e+21 1.111799e+43
4.915000e-15 -3.200942e+21 1.024603e+43
4.920000e-15 -3.058847e+21 9.356545e+42
4.925000e-15 -2.908494e+21 8.459335e+42
4.930000e-15 -2.750319e+21 7.564254e+42
4.935000e-15 -2.584780e+21 6.681087e+42
4.940000e-15 -2.412354e+21 5.819452e+42
4.945000e-15 -2.233536e+21 4.988685e+42
4.950000e-15 -2.048839e+21 4.197743e+42
4.955000e-15 -1.858790e+21 3.455102e+42
4.960000e-15 -1.663931e+21 2.768666e+42
4.965000e-15 -1.464815e+21 2.145682e+42
4.970000e-15 -1.262006e+21 1.592659e+42
4.975000e-15 -1.056079e+21 1.115302e+42
4.980000e-15 -8.476140e+20 7.184495e+41
4.985000e-15 -6.371992e+20 4.060228e+41
4.990000e-15 -4.254255e+20 1.809869e+41
4.995000e-15 -2.128871e+20 4.532092e+40
5.000000e-15 -1.789202e+17 3.201242e+34
