0.000000e+00 nan nan
5.000000e-18 1.127067e+19 1.270280e+38
1.000000e-17 4.507092e+19 2.031388e+39
1.500000e-17 1.013655e+20 1.027496e+40
2.000000e-17 1.800956e+20 3.243442e+40
2.500000e-17 2.811791e+20 7.906167e+40
3.000000e-17 4.045103e+20 1.636286e+41
3.500000e-17 5.499606e+20 3.024566e+41
4.000000e-17 7.173777e+20 5.146307e+41
4.500000e-17 9.065866e+20 8.218992e+41
5.000000e-17 1.117389e+21 1.248559e+42
5.500000e-17 1.349565e+21 1.821325e+42
6.000000e-17 1.602870e+21 2.569191e+42
6.500000e-17 1.877038e+21 3.523272e+42
7.000000e-17 2.171782e+21 4.716636e+42
7.500000e-17 2.486791e+21 6.184128e+42
8.000000e-17 2.821733e+21 7.962178e+42
8.500000e-17 3.176255e+21 1.008860e+43
9.000000e-17 3.549982e+21 1.260237e+43
9.500000e-17 3.942519e+21 1.554345e+43
1.000000e-16 4.353448e+21 1.895251e+43
1.050000e-16 4.782333e+21 2.287071e+43
1.100000e-16 5.228716e+21 2.733947e+43
1.150000e-16 5.692122e+21 3.240025e+43
1.200000e-16 6.172052e+21 3.809422e+43
1.250000e-16 6.667992e+21 4.446211e+43
1.300000e-16 7.179406e+21 5.154388e+43
1.350000e-16 7.705743e+21 5.937847e+43
1.400000e-16 8.246429e+21 6.800358e+43
1.450000e-16 8.800878e+21 7.745545e+43
1.500000e-16 9.368480e+21 8.776841e+43
1.550000e-16 9.948609e+21 9.897482e+43
1.600000e-16 1.054062e+22 1.111048e+44
1.650000e-16 1.114388e+22 1.241860e+44
1.700000e-16 1.175770e+22 1.382434e+44
1.750000e-16 1.238137e+22 1.532984e+44
1.800000e-16 1.301422e+22 1.693700e+44
1.850000e-16 1.365550e+22 1.864727e+44
1.900000e-16 1.430436e+22 2.046148e+44
1.950000e-16 1.496027e+22 2.238096e+44
2.000000e-16 1.562244e+22 2.440607e+44
2.050000e-16 1.628993e+22 2.653618e+44
2.100000e-16 1.696201e+22 2.877099e+44
2.150000e-16 1.763849e+22 3.111163e+44
2.200000e-16 1.831741e+22 3.355273e+44
2.250000e-16 1.899844e+22 3.609407e+44
2.300000e-16 1.967900e+22 3.872629e+44
2.350000e-16 2.036139e+22 4.145861e+44
2.400000e-16 2.104322e+22 4.428172e+44
2.450000e-16 2.172358e+22 4.719139e+44
2.500000e-16 2.239887e+22 5.017094e+44
2.550000e-16 2.307304e+22 5.323650e+44
2.600000e-16 2.374278e+22 5.637196e+44
2.650000e-16 2.440708e+22 5.957057e+44
2.700000e-16 2.510326e+22 6.301738e+44
2.750000e-16 2.575871e+22 6.635112e+44
2.800000e-16 2.640612e+22 6.972832e+44
2.850000e-16 2.704441e+22 7.313999e+44
2.900000e-16 2.767246e+22 7.657648e+44
2.950000e-16 2.868833e+22 8.230204e+44
3.000000e-16 2.934179e+22 8.609405e+44
3.050000e-16 2.998705e+22 8.992230e+44
3.100000e-16 3.062344e+22 9.377950e+44
3.150000e-16 3.125030e+22 9.765811e+44
3.200000e-16 3.183569e+22 1.013511e+45
3.250000e-16 3.243802e+22 1.052225e+45
3.300000e-16 3.302853e+22 1.090884e+45
3.350000e-16 3.360659e+22 1.129403e+45
3.400000e-16 3.417155e+22 1.167695e+45
3.450000e-16 3.472279e+22 1.205672e+45
3.500000e-16 3.525969e+22 1.243246e+45
3.550000e-16 3.578167e+22 1.280328e+45
3.600000e-16 3.629339e+22 1.317210e+45
3.650000e-16 3.678430e+22 1.353084e+45
3.700000e-16 3.725861e+22 1.388204e+45
3.750000e-16 3.771579e+22 1.422481e+45
3.800000e-16 3.815533e+22 1.455829e+45
3.850000e-16 3.857672e+22 1.488163e+45
3.900000e-16 3.897948e+22 1.519399e+45
3.950000e-16 3.936313e+22 1.549456e+45
4.000000e-16 3.972781e+22 1.578299e+45
4.050000e-16 4.007199e+22 1.605764e+45
4.100000e-16 4.039579e+22 1.631820e+45
4.150000e-16 4.069881e+22 1.656393e+45
4.200000e-16 4.098069e+22 1.679417e+45
4.250000e-16 4.124107e+22 1.700826e+45
4.300000e-16 4.147962e+22 1.720559e+45
4.350000e-16 4.169604e+22 1.738560e+45
4.400000e-16 4.189003e+22 1.754775e+45
4.450000e-16 4.206134e+22 1.769156e+45
4.500000e-16 4.220971e+22 1.781659e+45
4.550000e-16 4.233492e+22 1.792246e+45
4.600000e-16 4.243626e+22 1.800837e+45
4.650000e-16 4.251455e+22 1.807487e+45
4.700000e-16 4.256914e+22 1.812131e+45
4.750000e-16 4.259990e+22 1.814752e+45
4.800000e-16 4.260673e+22 1.815333e+45
4.850000e-16 4.258954e+22 1.813869e+45
4.900000e-16 4.254826e+22 1.810354e+45
4.950000e-16 4.248285e+22 1.804792e+45
5.000000e-16 4.239329e+22 1.797191e+45
5.050000e-16 4.227960e+22 1.787565e+45
5.100000e-16 4.214179e+22 1.775931e+45
5.150000e-16 4.197993e+22 1.762314e+45
5.200000e-16 4.179407e+22 1.746744e+45
5.250000e-16 4.158433e+22 1.729256e+45
5.300000e-16 4.135081e+22 1.709889e+45
5.350000e-16 4.109366e+22 1.688689e+45
5.400000e-16 4.081310e+22 1.665709e+45
5.450000e-16 4.050921e+22 1.640996e+45
5.500000e-16 4.018226e+22 1.614614e+45
5.550000e-16 3.983247e+22 1.586625e+45
5.600000e-16 3.946009e+22 1.557099e+45
5.650000e-16 3.906540e+22 1.526105e+45
5.700000e-16 3.864868e+22 1.493721e+45
5.750000e-16 3.821027e+22 1.460025e+45
5.800000e-16 3.775048e+22 1.425099e+45
5.850000e-16 3.726969e+22 1.389030e+45
5.900000e-16 3.676825e+22 1.351904e+45
5.950000e-16 3.624657e+22 1.313814e+45
6.000000e-16 3.570506e+22 1.274851e+45
6.050000e-16 3.514414e+22 1.235111e+45
6.100000e-16 3.456428e+22 1.194689e+45
6.150000e-16 3.396593e+22 1.153684e+45
6.200000e-16 3.334958e+22 1.112195e+45
6.250000e-16 3.271573e+22 1.070319e+45
6.300000e-16 3.206490e+22 1.028158e+45
6.350000e-16 3.139761e+22 9.858099e+44
6.400000e-16 3.071442e+22 9.433754e+44
6.450000e-16 3.001593e+22 9.009558e+44
6.500000e-16 2.930262e+22 8.586435e+44
6.550000e-16 2.857513e+22 8.165380e+44
6.600000e-16 2.783406e+22 7.747347e+44
6.650000e-16 2.708001e+22 7.333271e+44
6.700000e-16 2.631362e+22 6.924069e+44
6.750000e-16 2.553552e+22 6.520630e+44
6.800000e-16 2.474636e+22 6.123822e+44
6.850000e-16 2.394678e+22 5.734482e+44
6.900000e-16 2.313745e+22 5.353416e+44
6.950000e-16 2.231904e+22 4.981396e+44
7.000000e-16 2.149223e+22 4.619161e+44
7.050000e-16 2.065771e+22 4.267410e+44
7.100000e-16 1.981616e+22 3.926804e+44
7.150000e-16 1.896829e+22 3.597961e+44
7.200000e-16 1.811479e+22 3.281458e+44
7.250000e-16 1.725638e+22 2.977826e+44
7.300000e-16 1.639375e+22 2.687551e+44
7.350000e-16 1.552763e+22 2.411072e+44
7.400000e-16 1.465871e+22 2.148779e+44
7.450000e-16 1.378773e+22 1.901016e+44
7.500000e-16 1.291540e+22 1.668075e+44
7.550000e-16 1.204242e+22 1.450199e+44
7.600000e-16 1.116952e+22 1.247581e+44
7.650000e-16 1.029740e+22 1.060365e+44
7.700000e-16 9.426782e+21 8.886422e+43
7.750000e-16 8.558367e+21 7.324564e+43
7.800000e-16 7.692860e+21 5.918009e+43
7.850000e-16 6.830960e+21 4.666202e+43
7.900000e-16 5.973362e+21 3.568105e+43
7.950000e-16 5.120754e+21 2.622213e+43
8.000000e-16 4.273819e+21 1.826553e+43
8.050000e-16 3.433232e+21 1.178708e+43
8.100000e-16 2.599661e+21 6.758237e+42
8.150000e-16 1.773751e+21 3.146194e+42
8.200000e-16 9.561800e+20 9.142802e+41
8.250000e-16 1.475752e+20 2.177844e+40
8.300000e-16 -6.514323e+20 4.243640e+41
8.350000e-16 -1.440222e+21 2.074241e+42
8.400000e-16 -2.218186e+21 4.920350e+42
8.450000e-16 -2.984727e+21 8.908596e+42
8.500000e-16 -3.739260e+21 1.398207e+43
8.550000e-16 -4.481214e+21 2.008128e+43
8.600000e-16 -5.210032e+21 2.714443e+43
8.650000e-16 -5.925168e+21 3.510761e+43
8.700000e-16 -6.626093e+21 4.390511e+43
8.750000e-16 -7.312294e+21 5.346965e+43
8.800000e-16 -7.983271e+21 6.373262e+43
8.850000e-16 -8.638541e+21 7.462439e+43
8.900000e-16 -9.277637e+21 8.607456e+43
8.950000e-16 -9.900110e+21 9.801218e+43
9.000000e-16 -1.050553e+22 1.103661e+44
9.050000e-16 -1.109347e+22 1.230651e+44
9.100000e-16 -1.166355e+22 1.360383e+44
9.150000e-16 -1.221537e+22 1.492153e+44
9.200000e-16 -1.274859e+22 1.625266e+44
9.250000e-16 -1.326286e+22 1.759034e+44
9.300000e-16 -1.375785e+22 1.892785e+44
9.350000e-16 -1.423327e+22 2.025860e+44
9.400000e-16 -1.468883e+22 2.157617e+44
9.450000e-16 -1.512426e+22 2.287433e+44
9.500000e-16 -1.553933e+22 2.414707e+44
9.550000e-16 -1.593380e+22 2.538861e+44
9.600000e-16 -1.630748e+22 2.659340e+44
9.650000e-16 -1.666019e+22 2.775619e+44
9.700000e-16 -1.699175e+22 2.887197e+44
9.750000e-16 -1.730204e+22 2.993605e+44
9.800000e-16 -1.759092e+22 3.094406e+44
9.850000e-16 -1.785831e+22 3.189192e+44
9.900000e-16 -1.810412e+22 3.277590e+44
9.950000e-16 -1.832829e+22 3.359260e+44
1.000000e-15 -1.853078e+22 3.433899e+44
1.005000e-15 -1.871159e+22 3.501236e+44
1.010000e-15 -1.887071e+22 3.561038e+44
1.015000e-15 -1.900817e+22 3.613107e+44
1.020000e-15 -1.912402e+22 3.657283e+44
1.025000e-15 -1.921833e+22 3.693441e+44
1.030000e-15 -1.929117e+22 3.721492e+44
1.035000e-15 -1.934266e+22 3.741385e+44
1.040000e-15 -1.937292e+22 3.753101e+44
1.045000e-15 -1.938211e+22 3.756660e+44
1.050000e-15 -1.937038e+22 3.752115e+44
1.055000e-15 -1.933792e+22 3.739552e+44
1.060000e-15 -1.928494e+22 3.719090e+44
1.065000e-15 -1.921167e+22 3.690881e+44
1.070000e-15 -1.911833e+22 3.655107e+44
1.075000e-15 -1.900520e+22 3.611978e+44
1.080000e-15 -1.887256e+22 3.561734e+44
1.085000e-15 -1.872069e+22 3.504642e+44
1.090000e-15 -1.854991e+22 3.440992e+44
1.095000e-15 -1.836055e+22 3.371099e+44
1.100000e-15 -1.815296e+22 3.295301e+44
1.105000e-15 -1.792750e+22 3.213953e+44
1.110000e-15 -1.768455e+22 3.127432e+44
1.115000e-15 -1.742449e+22 3.036129e+44
1.120000e-15 -1.714774e+22 2.940450e+44
1.125000e-15 -1.685472e+22 2.840815e+44
1.130000e-15 -1.654586e+22 2.737654e+44
1.135000e-15 -1.622161e+22 2.631407e+44
1.140000e-15 -1.588244e+22 2.522518e+44
1.145000e-15 -1.552881e+22 2.411438e+44
1.150000e-15 -1.516121e+22 2.298622e+44
1.155000e-15 -1.478014e+22 2.184524e+44
1.160000e-15 -1.438610e+22 2.069598e+44
1.165000e-15 -1.397961e+22 1.954294e+44
1.170000e-15 -1.356119e+22 1.839059e+44
1.175000e-15 -1.313139e+22 1.724334e+44
1.180000e-15 -1.269074e+22 1.610548e+44
1.185000e-15 -1.223979e+22 1.498124e+44
1.190000e-15 -1.177910e+22 1.387473e+44
1.195000e-15 -1.130924e+22 1.278990e+44
1.200000e-15 -1.083078e+22 1.173057e+44
1.205000e-15 -1.034428e+22 1.070042e+44
1.210000e-15 -9.850340e+21 9.702919e+43
1.215000e-15 -9.349531e+21 8.741373e+43
1.220000e-15 -8.842445e+21 7.818883e+43
1.225000e-15 -8.329671e+21 6.938342e+43
1.230000e-15 -7.811802e+21 6.102426e+43
1.235000e-15 -7.289432e+21 5.313583e+43
1.240000e-15 -6.763156e+21 4.574028e+43
1.245000e-15 -6.233569e+21 3.885738e+43
1.250000e-15 -5.701265e+21 3.250443e+43
1.255000e-15 -5.166840e+21 2.669623e+43
1.260000e-15 -4.630885e+21 2.144509e+43
1.265000e-15 -4.093990e+21 1.676076e+43
1.270000e-15 -3.556745e+21 1.265043e+43
1.275000e-15 -3.019732e+21 9.118782e+42
1.280000e-15 -2.483533e+21 6.167936e+42
1.285000e-15 -1.948723e+21 3.797523e+42
1.290000e-15 -1.415874e+21 2.004700e+42
1.295000e-15 -8.855509e+20 7.842005e+41
1.300000e-15 -3.583126e+20 1.283879e+41
1.305000e-15 1.652883e+20 2.732023e+40
1.310000e-15 6.847067e+20 4.688233e+41
1.315000e-15 1.199405e+21 1.438573e+42
1.320000e-15 1.708855e+21 2.920185e+42
1.325000e-15 2.212536e+21 4.895314e+42
1.330000e-15 2.709937e+21 7.343757e+42
1.335000e-15 3.200557e+21 1.024356e+43
1.340000e-15 3.683906e+21 1.357116e+43
1.345000e-15 4.159504e+21 1.730147e+43
1.350000e-15 4.626881e+21 2.140803e+43
1.355000e-15 5.085583e+21 2.586315e+43
1.360000e-15 5.535162e+21 3.063802e+43
1.365000e-15 5.975188e+21 3.570287e+43
1.370000e-15 6.405240e+21 4.102710e+43
1.375000e-15 6.824912e+21 4.657943e+43
1.380000e-15 7.233813e+21 5.232804e+43
1.385000e-15 7.631562e+21 5.824074e+43
1.390000e-15 8.017796e+21 6.428506e+43
1.395000e-15 8.392166e+21 7.042845e+43
1.400000e-15 8.754336e+21 7.663841e+43
1.405000e-15 9.103988e+21 8.288259e+43
1.410000e-15 9.440816e+21 8.912901e+43
1.415000e-15 9.764533e+21 9.534610e+43
1.420000e-15 1.007487e+22 1.015029e+44
1.425000e-15 1.037156e+22 1.075692e+44
1.430000e-15 1.065437e+22 1.135157e+44
1.435000e-15 1.092308e+22 1.193137e+44
1.440000e-15 1.117748e+22 1.249361e+44
1.445000e-15 1.141738e+22 1.303566e+44
1.450000e-15 1.164261e+22 1.355503e+44
1.455000e-15 1.185301e+22 1.404938e+44
1.460000e-15 1.204844e+22 1.451648e+44
1.465000e-15 1.222878e+22 1.495430e+44
1.470000e-15 1.239392e+22 1.536094e+44
1.475000e-15 1.254379e+22 1.573467e+44
1.480000e-15 1.267830e+22 1.607394e+44
1.485000e-15 1.279741e+22 1.637738e+44
1.490000e-15 1.290108e+22 1.664380e+44
1.495000e-15 1.298930e+22 1.687218e+44
1.500000e-15 1.306205e+22 1.706172e+44
1.505000e-15 1.311936e+22 1.721176e+44
1.510000e-15 1.316126e+22 1.732187e+44
1.515000e-15 1.318779e+22 1.739179e+44
1.520000e-15 1.319904e+22 1.742145e+44
1.525000e-15 1.319506e+22 1.741097e+44
1.530000e-15 1.317598e+22 1.736063e+44
1.535000e-15 1.314189e+22 1.727092e+44
1.540000e-15 1.309293e+22 1.714249e+44
1.545000e-15 1.302925e+22 1.697615e+44
1.550000e-15 1.295101e+22 1.677288e+44
1.555000e-15 1.285839e+22 1.653383e+44
1.560000e-15 1.275158e+22 1.626028e+44
1.565000e-15 1.263078e+22 1.595366e+44
1.570000e-15 1.249622e+22 1.561555e+44
1.575000e-15 1.234813e+22 1.524763e+44
1.580000e-15 1.218676e+22 1.485171e+44
1.585000e-15 1.201237e+22 1.442970e+44
1.590000e-15 1.182524e+22 1.398363e+44
1.595000e-15 1.162566e+22 1.351559e+44
1.600000e-15 1.141392e+22 1.302775e+44
1.605000e-15 1.119033e+22 1.252236e+44
1.610000e-15 1.095523e+22 1.200171e+44
1.615000e-15 1.070895e+22 1.146815e+44
1.620000e-15 1.045182e+22 1.092405e+44
1.625000e-15 1.018421e+22 1.037181e+44
1.630000e-15 9.906479e+21 9.813832e+43
1.635000e-15 9.619003e+21 9.252522e+43
1.640000e-15 9.322166e+21 8.690278e+43
1.645000e-15 9.016358e+21 8.129471e+43
1.650000e-15 8.701980e+21 7.572445e+43
1.655000e-15 8.379437e+21 7.021496e+43
1.660000e-15 8.049144e+21 6.478872e+43
1.665000e-15 7.711521e+21 5.946756e+43
1.670000e-15 7.366995e+21 5.427262e+43
1.675000e-15 7.015997e+21 4.922421e+43
1.680000e-15 6.658963e+21 4.434179e+43
1.685000e-15 6.296336e+21 3.964384e+43
1.690000e-15 5.928559e+21 3.514781e+43
1.695000e-15 5.556081e+21 3.087004e+43
1.700000e-15 5.179355e+21 2.682571e+43
1.705000e-15 4.798832e+21 2.302879e+43
1.710000e-15 4.414969e+21 1.949196e+43
1.715000e-15 4.028224e+21 1.622659e+43
1.720000e-15 3.639053e+21 1.324270e+43
1.725000e-15 3.247914e+21 1.054895e+43
1.730000e-15 2.855267e+21 8.152549e+42
1.735000e-15 2.461567e+21 6.059313e+42
1.740000e-15 2.067273e+21 4.273619e+42
1.745000e-15 1.672836e+21 2.798380e+42
1.750000e-15 1.278709e+21 1.635096e+42
1.755000e-15 8.853411e+20 7.838289e+41
1.760000e-15 4.931796e+20 2.432261e+41
1.765000e-15 1.026665e+20 1.054042e+40
1.770000e-15 -2.857596e+20 8.165855e+40
1.775000e-15 -6.716651e+20 4.511339e+41
1.780000e-15 -1.054621e+21 1.112226e+42
1.785000e-15 -1.434205e+21 2.056943e+42
1.790000e-15 -1.809998e+21 3.276094e+42
1.795000e-15 -2.181592e+21 4.759343e+42
1.800000e-15 -2.548581e+21 6.495263e+42
1.805000e-15 -2.910569e+21 8.471410e+42
1.810000e-15 -3.267167e+21 1.067438e+43
1.815000e-15 -3.617994e+21 1.308988e+43
1.820000e-15 -3.962678e+21 1.570282e+43
1.825000e-15 -4.300855e+21 1.849736e+43
1.830000e-15 -4.632172e+21 2.145701e+43
1.835000e-15 -4.956282e+21 2.456473e+43
1.840000e-15 -5.272852e+21 2.780297e+43
1.845000e-15 -5.581557e+21 3.115378e+43
1.850000e-15 -5.882083e+21 3.459891e+43
1.855000e-15 -6.174127e+21 3.811985e+43
1.860000e-15 -6.457397e+21 4.169797e+43
1.865000e-15 -6.731612e+21 4.531459e+43
1.870000e-15 -6.996503e+21 4.895105e+43
1.875000e-15 -7.251814e+21 5.258880e+43
1.880000e-15 -7.497299e+21 5.620950e+43
1.885000e-15 -7.732728e+21 5.979508e+43
1.890000e-15 -7.957879e+21 6.332784e+43
1.895000e-15 -8.172546e+21 6.679051e+43
1.900000e-15 -8.376536e+21 7.016635e+43
1.905000e-15 -8.569666e+21 7.343918e+43
1.910000e-15 -8.751771e+21 7.659350e+43
1.915000e-15 -8.922695e+21 7.961449e+43
1.920000e-15 -9.082299e+21 8.248815e+43
1.925000e-15 -9.230454e+21 8.520128e+43
1.930000e-15 -9.367049e+21 8.774160e+43
1.935000e-15 -9.491982e+21 9.009773e+43
1.940000e-15 -9.605170e+21 9.225928e+43
1.945000e-15 -9.706539e+21 9.421690e+43
1.950000e-15 -9.796032e+21 9.596224e+43
1.955000e-15 -9.873604e+21 9.748806e+43
1.960000e-15 -9.939226e+21 9.878822e+43
1.965000e-15 -9.992881e+21 9.985768e+43
1.970000e-15 -1.003457e+22 1.006925e+44
1.975000e-15 -1.006429e+22 1.012900e+44
1.980000e-15 -1.008209e+22 1.016484e+44
1.985000e-15 -1.008798e+22 1.017674e+44
1.990000e-15 -1.008203e+22 1.016474e+44
1.995000e-15 -1.006431e+22 1.012903e+44
2.000000e-15 -1.003488e+22 1.006988e+44
2.005000e-15 -9.993844e+21 9.987691e+43
2.010000e-15 -9.941301e+21 9.882947e+43
2.015000e-15 -9.877371e+21 9.756245e+43
2.020000e-15 -9.802181e+21 9.608275e+43
2.025000e-15 -9.715874e+21 9.439820e+43
2.030000e-15 -9.618603e+21 9.251753e+43
2.035000e-15 -9.510535e+21 9.045027e+43
2.040000e-15 -9.391846e+21 8.820676e+43
2.045000e-15 -9.262725e+21 8.579807e+43
2.050000e-15 -9.123372e+21 8.323592e+43
2.055000e-15 -8.973998e+21 8.053264e+43
2.060000e-15 -8.814824e+21 7.770112e+43
2.065000e-15 -8.646081e+21 7.475471e+43
2.070000e-15 -8.468011e+21 7.170720e+43
2.075000e-15 -8.280864e+21 6.857271e+43
2.080000e-15 -8.084902e+21 6.536564e+43
2.085000e-15 -7.880392e+21 6.210058e+43
2.090000e-15 -7.667614e+21 5.879231e+43
2.095000e-15 -7.446853e+21 5.545562e+43
2.100000e-15 -7.218403e+21 5.210535e+43
2.105000e-15 -6.982566e+21 4.875623e+43
2.110000e-15 -6.739650e+21 4.542289e+43
2.115000e-15 -6.489971e+21 4.211973e+43
2.120000e-15 -6.233850e+21 3.886089e+43
2.125000e-15 -5.971616e+21 3.566019e+43
2.130000e-15 -5.703600e+21 3.253106e+43
2.135000e-15 -5.430143e+21 2.948645e+43
2.140000e-15 -5.151586e+21 2.653884e+43
2.145000e-15 -4.868279e+21 2.370014e+43
2.150000e-15 -4.580571e+21 2.098163e+43
2.155000e-15 -4.288818e+21 1.839396e+43
2.160000e-15 -3.993378e+21 1.594707e+43
2.165000e-15 -3.694612e+21 1.365016e+43
2.170000e-15 -3.392882e+21 1.151165e+43
2.175000e-15 -3.088553e+21 9.539162e+42
2.180000e-15 -2.781992e+21 7.739481e+42
2.185000e-15 -2.473565e+21 6.118526e+42
2.190000e-15 -2.163641e+21 4.681340e+42
2.195000e-15 -1.852585e+21 3.432072e+42
2.200000e-15 -1.540767e+21 2.373962e+42
2.205000e-15 -1.228552e+21 1.509340e+42
2.210000e-15 -9.163061e+20 8.396169e+41
2.215000e-15 -6.043931e+20 3.652910e+41
2.220000e-15 -2.931748e+20 8.595146e+40
2.225000e-15 1.698931e+19 2.886367e+38
2.230000e-15 3.257425e+20 1.061082e+41
2.235000e-15 6.327313e+20 4.003489e+41
2.240000e-15 9.376057e+20 8.791045e+41
2.245000e-15 1.240020e+21 1.537649e+42
2.250000e-15 1.539632e+21 2.370467e+42
2.255000e-15 1.836106e+21 3.371285e+42
2.260000e-15 2.129109e+21 4.533105e+42
2.265000e-15 2.418315e+21 5.848249e+42
2.270000e-15 2.703404e+21 7.308395e+42
2.275000e-15 2.984062e+21 8.904624e+42
2.280000e-15 3.259979e+21 1.062747e+43
2.285000e-15 3.530857e+21 1.246695e+43
2.290000e-15 3.796399e+21 1.441265e+43
2.295000e-15 4.056321e+21 1.645374e+43
2.300000e-15 4.310343e+21 1.857906e+43
2.305000e-15 4.558195e+21 2.077714e+43
2.310000e-15 4.799614e+21 2.303629e+43
2.315000e-15 5.034346e+21 2.534464e+43
2.320000e-15 5.262147e+21 2.769019e+43
2.325000e-15 5.482780e+21 3.006088e+43
2.330000e-15 5.696019e+21 3.244463e+43
2.335000e-15 5.901647e+21 3.482943e+43
2.340000e-15 6.099456e+21 3.720336e+43
2.345000e-15 6.289249e+21 3.955466e+43
2.350000e-15 6.470839e+21 4.187176e+43
2.355000e-15 6.644049e+21 4.414339e+43
2.360000e-15 6.808712e+21 4.635856e+43
2.365000e-15 6.964673e+21 4.850667e+43
2.370000e-15 7.111786e+21 5.057749e+43
2.375000e-15 7.249916e+21 5.256129e+43
2.380000e-15 7.378942e+21 5.444878e+43
2.385000e-15 7.498750e+21 5.623125e+43
2.390000e-15 7.609239e+21 5.790052e+43
2.395000e-15 7.710320e+21 5.944904e+43
2.400000e-15 7.801914e+21 6.086986e+43
2.405000e-15 7.883954e+21 6.215673e+43
2.410000e-15 7.956384e+21 6.330404e+43
2.415000e-15 8.019159e+21 6.430691e+43
2.420000e-15 8.072247e+21 6.516117e+43
2.425000e-15 8.115625e+21 6.586337e+43
2.430000e-15 8.149284e+21 6.641083e+43
2.435000e-15 8.173224e+21 6.680160e+43
2.440000e-15 8.187458e+21 6.703447e+43
2.445000e-15 8.192009e+21 6.710901e+43
2.450000e-15 8.186911e+21 6.702551e+43
2.455000e-15 8.172211e+21 6.678503e+43
2.460000e-15 8.147964e+21 6.638932e+43
2.465000e-15 8.114239e+21 6.584087e+43
2.470000e-15 8.071113e+21 6.514287e+43
2.475000e-15 8.018675e+21 6.429916e+43
2.480000e-15 7.957025e+21 6.331425e+43
2.485000e-15 7.886272e+21 6.219329e+43
2.490000e-15 7.806535e+21 6.094199e+43
2.495000e-15 7.717945e+21 5.956667e+43
2.500000e-15 7.620639e+21 5.807414e+43
2.505000e-15 7.514768e+21 5.647174e+43
2.510000e-15 7.400489e+21 5.476724e+43
2.515000e-15 7.277970e+21 5.296885e+43
2.520000e-15 7.147387e+21 5.108514e+43
2.525000e-15 7.008924e+21 4.912502e+43
2.530000e-15 6.862776e+21 4.709769e+43
2.535000e-15 6.709142e+21 4.501259e+43
2.540000e-15 6.548233e+21 4.287936e+43
2.545000e-15 6.380266e+21 4.070779e+43
2.550000e-15 6.205464e+21 3.850778e+43
2.555000e-15 6.024059e+21 3.628928e+43
2.560000e-15 5.836288e+21 3.406226e+43
2.565000e-15 5.642396e+21 3.183664e+43
2.570000e-15 5.442634e+21 2.962227e+43
2.575000e-15 5.237258e+21 2.742887e+43
2.580000e-15 5.026529e+21 2.526600e+43
2.585000e-15 4.810715e+21 2.314298e+43
2.590000e-15 4.590088e+21 2.106890e+43
2.595000e-15 4.364923e+21 1.905255e+43
2.600000e-15 4.135501e+21 1.710237e+43
2.605000e-15 3.902107e+21 1.522644e+43
2.610000e-15 3.665027e+21 1.343243e+43
2.615000e-15 3.424554e+21 1.172757e+43
2.620000e-15 3.180981e+21 1.011864e+43
2.625000e-15 2.934604e+21 8.611902e+42
2.630000e-15 2.685721e+21 7.213100e+42
2.635000e-15 2.434633e+21 5.927437e+42
2.640000e-15 2.181640e+21 4.759552e+42
2.645000e-15 1.927044e+21 3.713500e+42
2.650000e-15 1.671150e+21 2.792742e+42
2.655000e-15 1.414260e+21 2.000131e+42
2.660000e-15 1.156677e+21 1.337902e+42
2.665000e-15 8.987052e+20 8.076711e+41
2.670000e-15 6.406458e+20 4.104270e+41
2.675000e-15 3.828001e+20 1.465359e+41
2.680000e-15 1.254679e+20 1.574220e+40
2.685000e-15 -1.310529e+20 1.717486e+40
2.690000e-15 -3.864665e+20 1.493564e+41
2.695000e-15 -6.404795e+20 4.102140e+41
2.700000e-15 -8.928013e+20 7.970942e+41
2.705000e-15 -1.143144e+21 1.306779e+42
2.710000e-15 -1.391225e+21 1.935506e+42
2.715000e-15 -1.636762e+21 2.678988e+42
2.720000e-15 -1.879479e+21 3.532441e+42
2.725000e-15 -2.119105e+21 4.490604e+42
2.730000e-15 -2.355371e+21 5.547773e+42
2.735000e-15 -2.588016e+21 6.697828e+42
2.740000e-15 -2.816783e+21 7.934264e+42
2.745000e-15 -3.041418e+21 9.250226e+42
2.750000e-15 -3.261678e+21 1.063854e+43
2.755000e-15 -3.477320e+21 1.209176e+43
2.760000e-15 -3.688112e+21 1.360217e+43
2.765000e-15 -3.893827e+21 1.516189e+43
2.770000e-15 -4.094244e+21 1.676283e+43
2.775000e-15 -4.289149e+21 1.839680e+43
2.780000e-15 -4.478337e+21 2.005550e+43
2.785000e-15 -4.661607e+21 2.173058e+43
2.790000e-15 -4.838770e+21 2.341370e+43
2.795000e-15 -5.009642e+21 2.509651e+43
2.800000e-15 -5.174046e+21 2.677075e+43
2.805000e-15 -5.331816e+21 2.842826e+43
2.810000e-15 -5.482793e+21 3.006102e+43
2.815000e-15 -5.626826e+21 3.166117e+43
2.820000e-15 -5.763774e+21 3.322109e+43
2.825000e-15 -5.893502e+21 3.473337e+43
2.830000e-15 -6.015887e+21 3.619090e+43
2.835000e-15 -6.130813e+21 3.758687e+43
2.840000e-15 -6.238175e+21 3.891482e+43
2.845000e-15 -6.337874e+21 4.016864e+43
2.850000e-15 -6.429823e+21 4.134262e+43
2.855000e-15 -6.513943e+21 4.243145e+43
2.860000e-15 -6.590165e+21 4.343027e+43
2.865000e-15 -6.658429e+21 4.433467e+43
2.870000e-15 -6.718684e+21 4.514072e+43
2.875000e-15 -6.770890e+21 4.584495e+43
2.880000e-15 -6.815015e+21 4.644443e+43
2.885000e-15 -6.851037e+21 4.693671e+43
2.890000e-15 -6.878943e+21 4.731985e+43
2.895000e-15 -6.898730e+21 4.759247e+43
2.900000e-15 -6.910404e+21 4.775368e+43
2.905000e-15 -6.913980e+21 4.780312e+43
2.910000e-15 -6.909484e+21 4.774097e+43
2.915000e-15 -6.896949e+21 4.756791e+43
2.920000e-15 -6.876419e+21 4.728515e+43
2.925000e-15 -6.847947e+21 4.689437e+43
2.930000e-15 -6.811592e+21 4.639778e+43
2.935000e-15 -6.767425e+21 4.579805e+43
2.940000e-15 -6.715526e+21 4.509829e+43
2.945000e-15 -6.655982e+21 4.430210e+43
2.950000e-15 -6.588889e+21 4.341345e+43
2.955000e-15 -6.514350e+21 4.243676e+43
2.960000e-15 -6.432480e+21 4.137680e+43
2.965000e-15 -6.343398e+21 4.023870e+43
2.970000e-15 -6.247234e+21 3.902793e+43
2.975000e-15 -6.144123e+21 3.775024e+43
2.980000e-15 -6.034208e+21 3.641167e+43
2.985000e-15 -5.917642e+21 3.501849e+43
2.990000e-15 -5.794583e+21 3.357719e+43
2.995000e-15 -5.665195e+21 3.209444e+43
3.000000e-15 -5.529651e+21 3.057704e+43
3.005000e-15 -5.388128e+21 2.903192e+43
3.010000e-15 -5.240811e+21 2.746610e+43
3.015000e-15 -5.087892e+21 2.588664e+43
3.020000e-15 -4.929565e+21 2.430061e+43
3.025000e-15 -4.766034e+21 2.271508e+43
3.030000e-15 -4.597505e+21 2.113705e+43
3.035000e-15 -4.424190e+21 1.957346e+43
3.040000e-15 -4.246307e+21 1.803112e+43
3.045000e-15 -4.064076e+21 1.651671e+43
3.050000e-15 -3.877723e+21 1.503674e+43
3.055000e-15 -3.687479e+21 1.359750e+43
3.060000e-15 -3.493575e+21 1.220507e+43
3.065000e-15 -3.296249e+21 1.086526e+43
3.070000e-15 -3.095740e+21 9.583609e+42
3.075000e-15 -2.892292e+21 8.365352e+42
3.080000e-15 -2.686148e+21 7.215391e+42
3.085000e-15 -2.477557e+21 6.138286e+42
3.090000e-15 -2.266766e+21 5.138230e+42
3.095000e-15 -2.054029e+21 4.219034e+42
3.100000e-15 -1.839596e+21 3.384112e+42
3.105000e-15 -1.623720e+21 2.636467e+42
3.110000e-15 -1.406657e+21 1.978683e+42
3.115000e-15 -1.188660e+21 1.412912e+42
3.120000e-15 -9.699840e+20 9.408690e+41
3.125000e-15 -7.508840e+20 5.638268e+41
3.130000e-15 -5.316141e+20 2.826135e+41
3.135000e-15 -3.124277e+20 9.761108e+40
3.140000e-15 -9.357747e+19 8.756742e+39
3.145000e-15 1.246854e+20 1.554644e+40
3.150000e-15 3.421111e+20 1.170400e+41
3.155000e-15 5.584516e+20 3.118682e+41
3.160000e-15 7.734613e+20 5.982424e+41
3.165000e-15 9.868966e+20 9.739650e+41
3.170000e-15 1.198517e+21 1.436442e+42
3.175000e-15 1.408084e+21 1.982700e+42
3.180000e-15 1.615363e+21 2.609398e+42
3.185000e-15 1.820123e+21 3.312849e+42
3.190000e-15 2.022137e+21 4.089038e+42
3.195000e-15 2.221180e+21 4.933641e+42
3.200000e-15 2.417033e+21 5.842050e+42
3.205000e-15 2.609482e+21 6.809394e+42
3.210000e-15 2.798314e+21 7.830563e+42
3.215000e-15 2.983326e+21 8.900234e+42
3.220000e-15 3.164316e+21 1.001290e+43
3.225000e-15 3.341089e+21 1.116288e+43
3.230000e-15 3.513456e+21 1.234437e+43
3.235000e-15 3.681231e+21 1.355146e+43
3.240000e-15 3.844238e+21 1.477817e+43
3.245000e-15 4.002304e+21 1.601843e+43
3.250000e-15 4.155262e+21 1.726620e+43
3.255000e-15 4.302954e+21 1.851542e+43
3.260000e-15 4.445227e+21 1.976005e+43
3.265000e-15 4.581934e+21 2.099412e+43
3.270000e-15 4.712937e+21 2.221177e+43
3.275000e-15 4.838102e+21 2.340723e+43
3.280000e-15 4.957304e+21 2.457486e+43
3.285000e-15 5.070426e+21 2.570922e+43
3.290000e-15 5.177356e+21 2.680502e+43
3.295000e-15 5.277992e+21 2.785720e+43
3.300000e-15 5.372238e+21 2.886094e+43
3.305000e-15 5.460006e+21 2.981166e+43
3.310000e-15 5.541215e+21 3.070506e+43
3.315000e-15 5.615793e+21 3.153713e+43
3.320000e-15 5.683675e+21 3.230416e+43
3.325000e-15 5.744805e+21 3.300278e+43
3.330000e-15 5.799132e+21 3.362994e+43
3.335000e-15 5.846617e+21 3.418293e+43
3.340000e-15 5.887226e+21 3.465944e+43
3.345000e-15 5.920934e+21 3.505746e+43
3.350000e-15 5.947724e+21 3.537542e+43
3.355000e-15 5.967587e+21 3.561209e+43
3.360000e-15 5.980520e+21 3.576662e+43
3.365000e-15 5.986532e+21 3.583857e+43
3.370000e-15 5.985636e+21 3.582784e+43
3.375000e-15 5.977855e+21 3.573475e+43
3.380000e-15 5.963219e+21 3.555999e+43
3.385000e-15 5.941766e+21 3.530459e+43
3.390000e-15 5.913542e+21 3.496998e+43
3.395000e-15 5.878599e+21 3.455793e+43
3.400000e-15 5.836998e+21 3.407055e+43
3.405000e-15 5.788808e+21 3.351030e+43
3.410000e-15 5.734104e+21 3.287994e+43
3.415000e-15 5.672967e+21 3.218256e+43
3.420000e-15 5.605489e+21 3.142150e+43
3.425000e-15 5.531765e+21 3.060042e+43
3.430000e-15 5.451898e+21 2.972319e+43
3.435000e-15 5.366000e+21 2.879395e+43
3.440000e-15 5.274186e+21 2.781704e+43
3.445000e-15 5.176579e+21 2.679697e+43
3.450000e-15 5.073309e+21 2.573847e+43
3.455000e-15 4.964511e+21 2.464637e+43
3.460000e-15 4.850326e+21 2.352567e+43
3.465000e-15 4.730902e+21 2.238143e+43
3.470000e-15 4.606389e+21 2.121882e+43
3.475000e-15 4.476946e+21 2.004305e+43
3.480000e-15 4.342736e+21 1.885936e+43
3.485000e-15 4.203927e+21 1.767300e+43
3.490000e-15 4.060690e+21 1.648921e+43
3.495000e-15 3.913204e+21 1.531316e+43
3.500000e-15 3.761649e+21 1.415000e+43
3.505000e-15 3.606210e+21 1.300475e+43
3.510000e-15 3.447077e+21 1.188234e+43
3.515000e-15 3.284443e+21 1.078757e+43
3.520000e-15 3.118504e+21 9.725066e+42
3.525000e-15 2.949459e+21 8.699308e+42
3.530000e-15 2.777511e+21 7.714566e+42
3.535000e-15 2.602864e+21 6.774903e+42
3.540000e-15 2.425727e+21 5.884152e+42
3.545000e-15 2.246309e+21 5.045903e+42
3.550000e-15 2.064821e+21 4.263485e+42
3.555000e-15 1.881477e+21 3.539955e+42
3.560000e-15 1.696492e+21 2.878084e+42
3.565000e-15 1.510081e+21 2.280346e+42
3.570000e-15 1.322463e+21 1.748909e+42
3.575000e-15 1.133854e+21 1.285626e+42
3.580000e-15 9.444737e+20 8.920306e+41
3.585000e-15 7.545394e+20 5.693297e+41
3.590000e-15 5.642700e+20 3.184006e+41
3.595000e-15 3.738836e+20 1.397890e+41
3.600000e-15 1.835981e+20 3.370826e+40
3.605000e-15 -6.369748e+18 4.057369e+37
3.610000e-15 -1.958039e+20 3.833919e+40
3.615000e-15 -3.844898e+20 1.478324e+41
3.620000e-15 -5.722141e+20 3.274290e+41
3.625000e-15 -7.587654e+20 5.757250e+41
3.630000e-15 -9.439342e+20 8.910117e+41
3.635000e-15 -1.127513e+21 1.271285e+42
3.640000e-15 -1.309297e+21 1.714258e+42
3.645000e-15 -1.489084e+21 2.217370e+42
3.650000e-15 -1.666674e+21 2.777801e+42
3.655000e-15 -1.841871e+21 3.392488e+42
3.660000e-15 -2.014482e+21 4.058137e+42
3.665000e-15 -2.184317e+21 4.771241e+42
3.670000e-15 -2.351191e+21 5.528098e+42
3.675000e-15 -2.514921e+21 6.324827e+42
3.680000e-15 -2.675329e+21 7.157388e+42
3.685000e-15 -2.832243e+21 8.021600e+42
3.690000e-15 -2.985492e+21 8.913163e+42
3.695000e-15 -3.134913e+21 9.827676e+42
3.700000e-15 -3.280344e+21 1.076066e+43
3.705000e-15 -3.421633e+21 1.170757e+43
3.710000e-15 -3.558629e+21 1.266384e+43
3.715000e-15 -3.691188e+21 1.362487e+43
3.720000e-15 -3.819171e+21 1.458607e+43
3.725000e-15 -3.942445e+21 1.554288e+43
3.730000e-15 -4.060883e+21 1.649077e+43
3.735000e-15 -4.174362e+21 1.742530e+43
3.740000e-15 -4.282767e+21 1.834210e+43
3.745000e-15 -4.385989e+21 1.923690e+43
3.750000e-15 -4.483924e+21 2.010558e+43
3.755000e-15 -4.576475e+21 2.094412e+43
3.760000e-15 -4.663551e+21 2.174871e+43
3.765000e-15 -4.745068e+21 2.251567e+43
3.770000e-15 -4.820948e+21 2.324154e+43
3.775000e-15 -4.891120e+21 2.392305e+43
3.780000e-15 -4.955520e+21 2.455717e+43
3.785000e-15 -5.014089e+21 2.514109e+43
3.790000e-15 -5.066778e+21 2.567224e+43
3.795000e-15 -5.113541e+21 2.614830e+43
3.800000e-15 -5.154342e+21 2.656724e+43
3.805000e-15 -5.189150e+21 2.692728e+43
3.810000e-15 -5.217942e+21 2.722691e+43
3.815000e-15 -5.240700e+21 2.746494e+43
3.820000e-15 -5.257416e+21 2.764042e+43
3.825000e-15 -5.268086e+21 2.775273e+43
3.830000e-15 -5.272714e+21 2.780151e+43
3.835000e-15 -5.271311e+21 2.778672e+43
3.840000e-15 -5.263895e+21 2.770860e+43
3.845000e-15 -5.250491e+21 2.756765e+43
3.850000e-15 -5.231128e+21 2.736470e+43
3.855000e-15 -5.205846e+21 2.710083e+43
3.860000e-15 -5.174688e+21 2.677740e+43
3.865000e-15 -5.137706e+21 2.639602e+43
3.870000e-15 -5.094957e+21 2.595858e+43
3.875000e-15 -5.046504e+21 2.546720e+43
3.880000e-15 -4.992419e+21 2.492424e+43
3.885000e-15 -4.932776e+21 2.433228e+43
3.890000e-15 -4.867659e+21 2.369411e+43
3.895000e-15 -4.797157e+21 2.301271e+43
3.900000e-15 -4.721362e+21 2.229126e+43
3.905000e-15 -4.640376e+21 2.153309e+43
3.910000e-15 -4.554304e+21 2.074168e+43
3.915000e-15 -4.463257e+21 1.992066e+43
3.920000e-15 -4.367351e+21 1.907376e+43
3.925000e-15 -4.266709e+21 1.820481e+43
3.930000e-15 -4.161457e+21 1.731772e+43
3.935000e-15 -4.051726e+21 1.641649e+43
3.940000e-15 -3.937654e+21 1.550512e+43
3.945000e-15 -3.819380e+21 1.458766e+43
3.950000e-15 -3.697050e+21 1.366818e+43
3.955000e-15 -3.570814e+21 1.275071e+43
3.960000e-15 -3.440826e+21 1.183928e+43
3.965000e-15 -3.307242e+21 1.093785e+43
3.970000e-15 -3.170224e+21 1.005032e+43
3.975000e-15 -3.029936e+21 9.180511e+42
3.980000e-15 -2.886546e+21 8.332149e+42
3.985000e-15 -2.740226e+21 7.508838e+42
3.990000e-15 -2.591148e+21 6.714049e+42
3.995000e-15 -2.439490e+21 5.951112e+42
4.000000e-15 -2.285430e+21 5.223192e+42
4.005000e-15 -2.129150e+21 4.533280e+42
4.010000e-15 -1.970833e+21 3.884181e+42
4.015000e-15 -1.810663e+21 3.278501e+42
4.020000e-15 -1.648828e+21 2.718635e+42
4.025000e-15 -1.485516e+21 2.206759e+42
4.030000e-15 -1.320916e+21 1.744820e+42
4.035000e-15 -1.155219e+21 1.334531e+42
4.040000e-15 -9.886152e+20 9.773600e+41
4.045000e-15 -8.212965e+20 6.745280e+41
4.050000e-15 -6.534549e+20 4.270033e+41
4.055000e-15 -4.852825e+20 2.354991e+41
4.060000e-15 -3.169711e+20 1.004707e+41
4.065000e-15 -1.487125e+20 2.211540e+40
4.070000e-15 1.930237e+19 3.725814e+38
4.075000e-15 1.868831e+20 3.492529e+40
4.080000e-15 3.538404e+20 1.252030e+41
4.085000e-15 5.199860e+20 2.703854e+41
4.090000e-15 6.851332e+20 4.694075e+41
4.095000e-15 8.490968e+20 7.209654e+41
4.100000e-15 1.011693e+21 1.023524e+42
4.105000e-15 1.172742e+21 1.375323e+42
4.110000e-15 1.332062e+21 1.774390e+42
4.115000e-15 1.489479e+21 2.218547e+42
4.120000e-15 1.644817e+21 2.705422e+42
4.125000e-15 1.797905e+21 3.232461e+42
4.130000e-15 1.948574e+21 3.796942e+42
4.135000e-15 2.096660e+21 4.395985e+42
4.140000e-15 2.242001e+21 5.026568e+42
4.145000e-15 2.384438e+21 5.685543e+42
4.150000e-15 2.523816e+21 6.369645e+42
4.155000e-15 2.659984e+21 7.075514e+42
4.160000e-15 2.792796e+21 7.799707e+42
4.165000e-15 2.922108e+21 8.538716e+42
4.170000e-15 3.047783e+21 9.288981e+42
4.175000e-15 3.169686e+21 1.004691e+43
4.180000e-15 3.287688e+21 1.080889e+43
4.185000e-15 3.401665e+21 1.157132e+43
4.190000e-15 3.511496e+21 1.233060e+43
4.195000e-15 3.617067e+21 1.308317e+43
4.200000e-15 3.718268e+21 1.382551e+43
4.205000e-15 3.814994e+21 1.455418e+43
4.210000e-15 3.907147e+21 1.526580e+43
4.215000e-15 3.994632e+21 1.595709e+43
4.220000e-15 4.077362e+21 1.662488e+43
4.225000e-15 4.155254e+21 1.726614e+43
4.230000e-15 4.228231e+21 1.787794e+43
4.235000e-15 4.296221e+21 1.845752e+43
4.240000e-15 4.359160e+21 1.900228e+43
4.245000e-15 4.416988e+21 1.950978e+43
4.250000e-15 4.469650e+21 1.997778e+43
4.255000e-15 4.517101e+21 2.040420e+43
4.260000e-15 4.559297e+21 2.078719e+43
4.265000e-15 4.596204e+21 2.112509e+43
4.270000e-15 4.627792e+21 2.141646e+43
4.275000e-15 4.654038e+21 2.166007e+43
4.280000e-15 4.674924e+21 2.185492e+43
4.285000e-15 4.690440e+21 2.200023e+43
4.290000e-15 4.700580e+21 2.209545e+43
4.295000e-15 4.705345e+21 2.214027e+43
4.300000e-15 4.704743e+21 2.213460e+43
4.305000e-15 4.698786e+21 2.207859e+43
4.310000e-15 4.687495e+21 2.197261e+43
4.315000e-15 4.670894e+21 2.181725e+43
4.320000e-15 4.649014e+21 2.161333e+43
4.325000e-15 4.621893e+21 2.136189e+43
4.330000e-15 4.589573e+21 2.106418e+43
4.335000e-15 4.552104e+21 2.072165e+43
4.340000e-15 4.509539e+21 2.033594e+43
4.345000e-15 4.461940e+21 1.990891e+43
4.350000e-15 4.409371e+21 1.944255e+43
4.355000e-15 4.351903e+21 1.893906e+43
4.360000e-15 4.289614e+21 1.840079e+43
4.365000e-15 4.222585e+21 1.783023e+43
4.370000e-15 4.150904e+21 1.723000e+43
4.375000e-15 4.074661e+21 1.660286e+43
4.380000e-15 3.993955e+21 1.595168e+43
4.385000e-15 3.908887e+21 1.527940e+43
4.390000e-15 3.819563e+21 1.458906e+43
4.395000e-15 3.726096e+21 1.388379e+43
4.400000e-15 3.628600e+21 1.316674e+43
4.405000e-15 3.527195e+21 1.244110e+43
4.410000e-15 3.422006e+21 1.171012e+43
4.415000e-15 3.313160e+21 1.097703e+43
4.420000e-15 3.200790e+21 1.024505e+43
4.425000e-15 3.085030e+21 9.517411e+42
4.430000e-15 2.966021e+21 8.797279e+42
4.435000e-15 2.843904e+21 8.087791e+42
4.440000e-15 2.718826e+21 7.392014e+42
4.445000e-15 2.590934e+21 6.712941e+42
4.450000e-15 2.460382e+21 6.053479e+42
4.455000e-15 2.327322e+21 5.416428e+42
4.460000e-15 2.191912e+21 4.804477e+42
4.465000e-15 2.054310e+21 4.220191e+42
4.470000e-15 1.914679e+21 3.665994e+42
4.475000e-15 1.773180e+21 3.144167e+42
4.480000e-15 1.629979e+21 2.656832e+42
4.485000e-15 1.485243e+21 2.205945e+42
4.490000e-15 1.339138e+21 1.793291e+42
4.495000e-15 1.191835e+21 1.420470e+42
4.500000e-15 1.043502e+21 1.088897e+42
4.505000e-15 8.943114e+20 7.997930e+41
4.510000e-15 7.444338e+20 5.541817e+41
4.515000e-15 5.940410e+20 3.528847e+41
4.520000e-15 4.433049e+20 1.965192e+41
4.525000e-15 2.923975e+20 8.549628e+40
4.530000e-15 1.414905e+20 2.001956e+40
4.535000e-15 -9.244624e+18 8.546307e+37
4.540000e-15 -1.596371e+20 2.548401e+40
4.545000e-15 -3.095170e+20 9.580075e+40
4.550000e-15 -4.587150e+20 2.104195e+41
4.555000e-15 -6.070634e+20 3.685260e+41
4.560000e-15 -7.543955e+20 5.691126e+41
4.565000e-15 -9.005462e+20 8.109834e+41
4.570000e-15 -1.045352e+21 1.092761e+42
4.575000e-15 -1.188652e+21 1.412893e+42
4.580000e-15 -1.330285e+21 1.769659e+42
4.585000e-15 -1.470096e+21 2.161183e+42
4.590000e-15 -1.607929e+21 2.585437e+42
4.595000e-15 -1.743632e+21 3.040254e+42
4.600000e-15 -1.877056e+21 3.523339e+42
4.605000e-15 -2.008054e+21 4.032279e+42
4.610000e-15 -2.136481e+21 4.564553e+42
4.615000e-15 -2.262200e+21 5.117547e+42
4.620000e-15 -2.385071e+21 5.688563e+42
4.625000e-15 -2.504962e+21 6.274835e+42
4.630000e-15 -2.621743e+21 6.873538e+42
4.635000e-15 -2.735289e+21 7.481804e+42
4.640000e-15 -2.845476e+21 8.096736e+42
4.645000e-15 -2.952188e+21 8.715416e+42
4.650000e-15 -3.055311e+21 9.334925e+42
4.655000e-15 -3.154735e+21 9.952351e+42
4.660000e-15 -3.250355e+21 1.056480e+43
4.665000e-15 -3.342070e+21 1.116943e+43
4.670000e-15 -3.429786e+21 1.176343e+43
4.675000e-15 -3.513410e+21 1.234405e+43
4.680000e-15 -3.592857e+21 1.290862e+43
4.685000e-15 -3.668046e+21 1.345456e+43
4.690000e-15 -3.738899e+21 1.397937e+43
4.695000e-15 -3.805347e+21 1.448066e+43
4.700000e-15 -3.867321e+21 1.495617e+43
4.705000e-15 -3.924763e+21 1.540376e+43
4.710000e-15 -3.977616e+21 1.582143e+43
4.715000e-15 -4.025829e+21 1.620730e+43
4.720000e-15 -4.069359e+21 1.655968e+43
4.725000e-15 -4.108165e+21 1.687702e+43
4.730000e-15 -4.142213e+21 1.715793e+43
4.735000e-15 -4.171475e+21 1.740120e+43
4.740000e-15 -4.195928e+21 1.760581e+43
4.745000e-15 -4.215553e+21 1.777089e+43
4.750000e-15 -4.230339e+21 1.789577e+43
4.755000e-15 -4.240279e+21 1.797997e+43
4.760000e-15 -4.245372e+21 1.802318e+43
4.765000e-15 -4.245623e+21 1.802531e+43
4.770000e-15 -4.241040e+21 1.798642e+43
4.775000e-15 -4.231641e+21 1.790678e+43
4.780000e-15 -4.217444e+21 1.778684e+43
4.785000e-15 -4.198477e+21 1.762721e+43
4.790000e-15 -4.174771e+21 1.742872e+43
4.795000e-15 -4.146363e+21 1.719233e+43
4.800000e-15 -4.113295e+21 1.691919e+43
4.805000e-15 -4.075613e+21 1.661062e+43
4.810000e-15 -4.033371e+21 1.626808e+43
4.815000e-15 -3.986626e+21 1.589319e+43
4.820000e-15 -3.935441e+21 1.548769e+43
4.825000e-15 -3.879882e+21 1.505348e+43
4.830000e-15 -3.820021e+21 1.459256e+43
4.835000e-15 -3.755937e+21 1.410706e+43
4.840000e-15 -3.687709e+21 1.359920e+43
4.845000e-15 -3.615425e+21 1.307130e+43
4.850000e-15 -3.539175e+21 1.252576e+43
4.855000e-15 -3.459053e+21 1.196505e+43
4.860000e-15 -3.375159e+21 1.139170e+43
4.865000e-15 -3.287596e+21 1.080828e+43
4.870000e-15 -3.196469e+21 1.021742e+43
4.875000e-15 -3.101892e+21 9.621732e+42
4.880000e-15 -3.003977e+21 9.023877e+42
4.885000e-15 -2.902843e+21 8.426498e+42
4.890000e-15 -2.798612e+21 7.832228e+42
4.895000e-15 -2.691408e+21 7.243675e+42
4.900000e-15 -2.581358e+21 6.663411e+42
4.905000e-15 -2.468595e+21 6.093962e+42
4.910000e-15 -2.353251e+21 5.537792e+42
4.915000e-15 -2.235464e+21 4.997297e+42
4.920000e-15 -2.115370e+21 4.474791e+42
4.925000e-15 -1.993113e+21 3.972498e+42
4.930000e-15 -1.868834e+21 3.492541e+42
4.935000e-15 -1.742680e+21 3.036933e+42
4.940000e-15 -1.614797e+21 2.607570e+42
4.945000e-15 -1.485335e+21 2.206219e+42
4.950000e-15 -1.354443e+21 1.834515e+42
4.955000e-15 -1.222273e+21 1.493952e+42
4.960000e-15 -1.088978e+21 1.185874e+42
4.965000e-15 -9.547125e+20 9.114759e+41
4.970000e-15 -8.196297e+20 6.717929e+41
4.975000e-15 -6.838853e+20 4.676991e+41
4.980000e-15 -5.476349e+20 2.999040e+41
4.985000e-15 -4.110343e+20 1.689492e+41
4.990000e-15 -2.742395e+20 7.520728e+40
4.995000e-15 -1.374063e+20 1.888048e+40
5.000000e-15 -6.902808e+17 4.764876e+35
