0.000000e+00 nan nan
5.000000e-18 -2.780628e+17 7.731891e+34
1.000000e-17 -2.223500e+18 4.943951e+36
1.500000e-17 -7.498676e+18 5.623015e+37
2.000000e-17 -1.775595e+19 3.152738e+38
2.500000e-17 -3.463271e+19 1.199425e+39
3.000000e-17 -5.974643e+19 3.569636e+39
3.500000e-17 -9.468980e+19 8.966158e+39
4.000000e-17 -1.410259e+20 1.988830e+40
4.500000e-17 -2.002835e+20 4.011347e+40
5.000000e-17 -2.739523e+20 7.504985e+40
5.500000e-17 -3.634785e+20 1.321166e+41
6.000000e-17 -4.702603e+20 2.211448e+41
6.500000e-17 -5.956438e+20 3.547915e+41
7.000000e-17 -7.409182e+20 5.489597e+41
7.500000e-17 -9.073125e+20 8.232160e+41
8.000000e-17 -1.095991e+21 1.201197e+42
8.500000e-17 -1.308051e+21 1.710998e+42
9.000000e-17 -1.544517e+21 2.385531e+42
9.500000e-17 -1.806338e+21 3.262856e+42
1.000000e-16 -2.094386e+21 4.386453e+42
1.050000e-16 -2.409452e+21 5.805461e+42
1.100000e-16 -2.752244e+21 7.574845e+42
1.150000e-16 -3.123380e+21 9.755502e+42
1.200000e-16 -3.523393e+21 1.241430e+43
1.250000e-16 -3.952725e+21 1.562404e+43
1.300000e-16 -4.411724e+21 1.946331e+43
1.350000e-16 -4.900644e+21 2.401631e+43
1.400000e-16 -5.419644e+21 2.937254e+43
1.450000e-16 -5.968786e+21 3.562641e+43
1.500000e-16 -6.548037e+21 4.287678e+43
1.550000e-16 -7.157262e+21 5.122640e+43
1.600000e-16 -7.796230e+21 6.078120e+43
1.650000e-16 -8.464612e+21 7.164966e+43
1.700000e-16 -9.161980e+21 8.394187e+43
1.750000e-16 -9.887807e+21 9.776873e+43
1.800000e-16 -1.064147e+22 1.132409e+44
1.850000e-16 -1.142225e+22 1.304679e+44
1.900000e-16 -1.222934e+22 1.495568e+44
1.950000e-16 -1.306183e+22 1.706113e+44
2.000000e-16 -1.391871e+22 1.937304e+44
2.050000e-16 -1.479890e+22 2.190074e+44
2.100000e-16 -1.570122e+22 2.465285e+44
2.150000e-16 -1.662442e+22 2.763714e+44
2.200000e-16 -1.756715e+22 3.086046e+44
2.250000e-16 -1.852797e+22 3.432858e+44
2.300000e-16 -1.950541e+22 3.804609e+44
2.350000e-16 -2.049787e+22 4.201626e+44
2.400000e-16 -2.150372e+22 4.624100e+44
2.450000e-16 -2.252125e+22 5.072068e+44
2.500000e-16 -2.354869e+22 5.545409e+44
2.550000e-16 -2.458421e+22 6.043835e+44
2.600000e-16 -2.562593e+22 6.566882e+44
2.650000e-16 -2.667191e+22 7.113908e+44
2.700000e-16 -2.772018e+22 7.684085e+44
2.750000e-16 -2.876872e+22 8.276395e+44
2.800000e-16 -2.981548e+22 8.889631e+44
2.850000e-16 -3.085838e+22 9.522396e+44
2.900000e-16 -3.189530e+22 1.017310e+45
2.950000e-16 -3.292414e+22 1.083999e+45
3.000000e-16 -3.394271e+22 1.152108e+45
3.050000e-16 -3.494889e+22 1.221425e+45
3.100000e-16 -3.594051e+22 1.291720e+45
3.150000e-16 -3.691541e+22 1.362748e+45
3.200000e-16 -3.787144e+22 1.434246e+45
3.250000e-16 -3.880645e+22 1.505941e+45
3.300000e-16 -3.971833e+22 1.577546e+45
3.350000e-16 -4.060496e+22 1.648763e+45
3.400000e-16 -4.146427e+22 1.719286e+45
3.450000e-16 -4.229422e+22 1.788801e+45
3.500000e-16 -4.309279e+22 1.856988e+45
3.550000e-16 -4.385802e+22 1.923526e+45
3.600000e-16 -4.458799e+22 1.988089e+45
3.650000e-16 -4.528085e+22 2.050355e+45
3.700000e-16 -4.593477e+22 2.110003e+45
3.750000e-16 -4.654801e+22 2.166717e+45
3.800000e-16 -4.711890e+22 2.220190e+45
3.850000e-16 -4.764582e+22 2.270124e+45
3.900000e-16 -4.812723e+22 2.316231e+45
3.950000e-16 -4.856169e+22 2.358238e+45
4.000000e-16 -4.894783e+22 2.395890e+45
4.050000e-16 -4.928435e+22 2.428947e+45
4.100000e-16 -4.957006e+22 2.457191e+45
4.150000e-16 -4.980386e+22 2.480425e+45
4.200000e-16 -4.998475e+22 2.498475e+45
4.250000e-16 -5.011182e+22 2.511195e+45
4.300000e-16 -5.018428e+22 2.518462e+45
4.350000e-16 -5.020142e+22 2.520183e+45
4.400000e-16 -5.016266e+22 2.516292e+45
4.450000e-16 -5.006751e+22 2.506755e+45
4.500000e-16 -4.991561e+22 2.491568e+45
4.550000e-16 -4.970670e+22 2.470756e+45
4.600000e-16 -4.944063e+22 2.444376e+45
4.650000e-16 -4.911739e+22 2.412518e+45
4.700000e-16 -4.873705e+22 2.375300e+45
4.750000e-16 -4.829981e+22 2.332872e+45
4.800000e-16 -4.780600e+22 2.285414e+45
4.850000e-16 -4.725605e+22 2.233135e+45
4.900000e-16 -4.665051e+22 2.176270e+45
4.950000e-16 -4.599004e+22 2.115084e+45
5.000000e-16 -4.527542e+22 2.049864e+45
5.050000e-16 -4.450754e+22 1.980921e+45
5.100000e-16 -4.368740e+22 1.908589e+45
5.150000e-16 -4.281611e+22 1.833219e+45
5.200000e-16 -4.189488e+22 1.755181e+45
5.250000e-16 -4.092505e+22 1.674859e+45
5.300000e-16 -3.990803e+22 1.592651e+45
5.350000e-16 -3.884534e+22 1.508961e+45
5.400000e-16 -3.773862e+22 1.424204e+45
5.450000e-16 -3.658958e+22 1.338797e+45
5.500000e-16 -3.540002e+22 1.253161e+45
5.550000e-16 -3.417183e+22 1.167714e+45
5.600000e-16 -3.290699e+22 1.082870e+45
5.650000e-16 -3.160756e+22 9.990379e+44
5.700000e-16 -3.027566e+22 9.166157e+44
5.750000e-16 -2.891349e+22 8.359901e+44
5.800000e-16 -2.752332e+22 7.575332e+44
5.850000e-16 -2.610747e+22 6.815999e+44
5.900000e-16 -2.466832e+22 6.085260e+44
5.950000e-16 -2.320830e+22 5.386254e+44
6.000000e-16 -2.172990e+22 4.721886e+44
6.050000e-16 -2.023563e+22 4.094807e+44
6.100000e-16 -1.872804e+22 3.507396e+44
6.150000e-16 -1.720972e+22 2.961746e+44
6.200000e-16 -1.568328e+22 2.459653e+44
6.250000e-16 -1.415134e+22 2.002605e+44
6.300000e-16 -1.261655e+22 1.591773e+44
6.350000e-16 -1.108155e+22 1.228006e+44
6.400000e-16 -9.548981e+21 9.118304e+43
6.450000e-16 -8.021502e+21 6.434450e+43
6.500000e-16 -6.501744e+21 4.227268e+43
6.550000e-16 -4.992328e+21 2.492334e+43
6.600000e-16 -3.495853e+21 1.222099e+43
6.650000e-16 -2.014892e+21 4.059791e+42
6.700000e-16 -5.519874e+20 3.046901e+41
6.750000e-16 8.903578e+20 7.927369e+41
6.800000e-16 2.309682e+21 5.334632e+42
6.850000e-16 3.703573e+21 1.371646e+43
6.900000e-16 5.069671e+21 2.570157e+43
6.950000e-16 6.405674e+21 4.103267e+43
7.000000e-16 7.709345e+21 5.943400e+43
7.050000e-16 8.978514e+21 8.061371e+43
7.100000e-16 1.021108e+22 1.042662e+44
7.150000e-16 1.140503e+22 1.300747e+44
7.200000e-16 1.255842e+22 1.577139e+44
7.250000e-16 1.366940e+22 1.868524e+44
7.300000e-16 1.473620e+22 2.171556e+44
7.350000e-16 1.575716e+22 2.482880e+44
7.400000e-16 1.673069e+22 2.799161e+44
7.450000e-16 1.765533e+22 3.117108e+44
7.500000e-16 1.852971e+22 3.433502e+44
7.550000e-16 1.935256e+22 3.745215e+44
7.600000e-16 2.012272e+22 4.049237e+44
7.650000e-16 2.083914e+22 4.342699e+44
7.700000e-16 2.150090e+22 4.622889e+44
7.750000e-16 2.210718e+22 4.887274e+44
7.800000e-16 2.265727e+22 5.133518e+44
7.850000e-16 2.315058e+22 5.359496e+44
7.900000e-16 2.358666e+22 5.563307e+44
7.950000e-16 2.396515e+22 5.743286e+44
8.000000e-16 2.428583e+22 5.898017e+44
8.050000e-16 2.454859e+22 6.026334e+44
8.100000e-16 2.475344e+22 6.127329e+44
8.150000e-16 2.490052e+22 6.200358e+44
8.200000e-16 2.499007e+22 6.245035e+44
8.250000e-16 2.502246e+22 6.261237e+44
8.300000e-16 2.499819e+22 6.249095e+44
8.350000e-16 2.491785e+22 6.208993e+44
8.400000e-16 2.478216e+22 6.141555e+44
8.450000e-16 2.459195e+22 6.047640e+44
8.500000e-16 2.434816e+22 5.928327e+44
8.550000e-16 2.405182e+22 5.784902e+44
8.600000e-16 2.370411e+22 5.618846e+44
8.650000e-16 2.330625e+22 5.431815e+44
8.700000e-16 2.285962e+22 5.225624e+44
8.750000e-16 2.236566e+22 5.002226e+44
8.800000e-16 2.182590e+22 4.763699e+44
8.850000e-16 2.124198e+22 4.512215e+44
8.900000e-16 2.061560e+22 4.250030e+44
8.950000e-16 1.994857e+22 3.979454e+44
9.000000e-16 1.924275e+22 3.702834e+44
9.050000e-16 1.850008e+22 3.422530e+44
9.100000e-16 1.772258e+22 3.140898e+44
9.150000e-16 1.691231e+22 2.860262e+44
9.200000e-16 1.607140e+22 2.582900e+44
9.250000e-16 1.520204e+22 2.311020e+44
9.300000e-16 1.430645e+22 2.046746e+44
9.350000e-16 1.338691e+22 1.792094e+44
9.400000e-16 1.244573e+22 1.548961e+44
9.450000e-16 1.148524e+22 1.319107e+44
9.500000e-16 1.050781e+22 1.104141e+44
9.550000e-16 9.515841e+21 9.055122e+43
9.600000e-16 8.511726e+21 7.244948e+43
9.650000e-16 7.497884e+21 5.621826e+43
9.700000e-16 6.476732e+21 4.194806e+43
9.750000e-16 5.450691e+21 2.971003e+43
9.800000e-16 4.422172e+21 1.955561e+43
9.850000e-16 3.393577e+21 1.151636e+43
9.900000e-16 2.367289e+21 5.604057e+42
9.950000e-16 1.345670e+21 1.810828e+42
1.000000e-15 3.310547e+20 1.095972e+41
1.005000e-15 -6.742557e+20 4.546207e+41
1.010000e-15 -1.667997e+21 2.782214e+42
1.015000e-15 -2.647948e+21 7.011631e+42
1.020000e-15 -3.611936e+21 1.304608e+43
1.025000e-15 -4.557837e+21 2.077388e+43
1.030000e-15 -5.483589e+21 3.006974e+43
1.035000e-15 -6.387186e+21 4.079614e+43
1.040000e-15 -7.266691e+21 5.280480e+43
1.045000e-15 -8.120236e+21 6.593823e+43
1.050000e-15 -8.946024e+21 8.003135e+43
1.055000e-15 -9.742340e+21 9.491318e+43
1.060000e-15 -1.050754e+22 1.104085e+44
1.065000e-15 -1.124008e+22 1.263395e+44
1.070000e-15 -1.193850e+22 1.425277e+44
1.075000e-15 -1.260140e+22 1.587953e+44
1.080000e-15 -1.322752e+22 1.749673e+44
1.085000e-15 -1.381566e+22 1.908725e+44
1.090000e-15 -1.436474e+22 2.063457e+44
1.095000e-15 -1.487376e+22 2.212286e+44
1.100000e-15 -1.534183e+22 2.353717e+44
1.105000e-15 -1.576817e+22 2.486352e+44
1.110000e-15 -1.615210e+22 2.608902e+44
1.115000e-15 -1.649303e+22 2.720200e+44
1.120000e-15 -1.679049e+22 2.819207e+44
1.125000e-15 -1.704413e+22 2.905024e+44
1.130000e-15 -1.725368e+22 2.976894e+44
1.135000e-15 -1.741898e+22 3.034209e+44
1.140000e-15 -1.754000e+22 3.076515e+44
1.145000e-15 -1.761678e+22 3.103510e+44
1.150000e-15 -1.764950e+22 3.115049e+44
1.155000e-15 -1.763842e+22 3.111140e+44
1.160000e-15 -1.758392e+22 3.091942e+44
1.165000e-15 -1.748646e+22 3.057763e+44
1.170000e-15 -1.734662e+22 3.009053e+44
1.175000e-15 -1.716507e+22 2.946397e+44
1.180000e-15 -1.694257e+22 2.870508e+44
1.185000e-15 -1.667999e+22 2.782220e+44
1.190000e-15 -1.637826e+22 2.682474e+44
1.195000e-15 -1.603843e+22 2.572312e+44
1.200000e-15 -1.566162e+22 2.452862e+44
1.205000e-15 -1.524902e+22 2.325327e+44
1.210000e-15 -1.480193e+22 2.190972e+44
1.215000e-15 -1.432170e+22 2.051111e+44
1.220000e-15 -1.380975e+22 1.907092e+44
1.225000e-15 -1.326758e+22 1.760287e+44
1.230000e-15 -1.269675e+22 1.612074e+44
1.235000e-15 -1.209886e+22 1.463825e+44
1.240000e-15 -1.147560e+22 1.316895e+44
1.245000e-15 -1.082869e+22 1.172605e+44
1.250000e-15 -1.015988e+22 1.032232e+44
1.255000e-15 -9.471003e+21 8.969990e+43
1.260000e-15 -8.763891e+21 7.680578e+43
1.265000e-15 -8.040425e+21 6.464843e+43
1.270000e-15 -7.302511e+21 5.332667e+43
1.275000e-15 -6.552080e+21 4.292975e+43
1.280000e-15 -5.791077e+21 3.353657e+43
1.285000e-15 -5.021462e+21 2.521508e+43
1.290000e-15 -4.245203e+21 1.802175e+43
1.295000e-15 -3.464272e+21 1.200118e+43
1.300000e-15 -2.680639e+21 7.185828e+42
1.305000e-15 -1.896269e+21 3.595836e+42
1.310000e-15 -1.113114e+21 1.239023e+42
1.315000e-15 -3.331116e+20 1.109634e+41
1.320000e-15 4.418205e+20 1.952053e+41
1.325000e-15 1.209790e+21 1.463592e+42
1.330000e-15 1.968934e+21 3.876699e+42
1.335000e-15 2.717422e+21 7.384381e+42
1.340000e-15 3.453463e+21 1.192641e+43
1.345000e-15 4.175308e+21 1.743320e+43
1.350000e-15 4.881254e+21 2.382664e+43
1.355000e-15 5.569647e+21 3.102097e+43
1.360000e-15 6.238888e+21 3.892372e+43
1.365000e-15 6.887436e+21 4.743677e+43
1.370000e-15 7.513809e+21 5.645733e+43
1.375000e-15 8.116592e+21 6.587906e+43
1.380000e-15 8.694434e+21 7.559318e+43
1.385000e-15 9.246058e+21 8.548959e+43
1.390000e-15 9.770257e+21 9.545792e+43
1.395000e-15 1.026590e+22 1.053887e+44
1.400000e-15 1.073194e+22 1.151745e+44
1.405000e-15 1.116740e+22 1.247108e+44
1.410000e-15 1.157139e+22 1.338971e+44
1.415000e-15 1.194311e+22 1.426378e+44
1.420000e-15 1.228183e+22 1.508433e+44
1.425000e-15 1.258692e+22 1.584306e+44
1.430000e-15 1.285784e+22 1.653241e+44
1.435000e-15 1.309413e+22 1.714562e+44
1.440000e-15 1.329541e+22 1.767680e+44
1.445000e-15 1.346142e+22 1.812099e+44
1.450000e-15 1.359196e+22 1.847414e+44
1.455000e-15 1.368693e+22 1.873322e+44
1.460000e-15 1.374633e+22 1.889617e+44
1.465000e-15 1.377024e+22 1.896194e+44
1.470000e-15 1.375881e+22 1.893049e+44
1.475000e-15 1.371232e+22 1.880277e+44
1.480000e-15 1.363110e+22 1.858068e+44
1.485000e-15 1.351557e+22 1.826707e+44
1.490000e-15 1.336626e+22 1.786569e+44
1.495000e-15 1.318375e+22 1.738113e+44
1.500000e-15 1.296872e+22 1.681877e+44
1.505000e-15 1.272192e+22 1.618472e+44
1.510000e-15 1.244417e+22 1.548573e+44
1.515000e-15 1.213637e+22 1.472914e+44
1.520000e-15 1.179949e+22 1.392280e+44
1.525000e-15 1.143457e+22 1.307495e+44
1.530000e-15 1.104272e+22 1.219417e+44
1.535000e-15 1.062509e+22 1.128925e+44
1.540000e-15 1.018291e+22 1.036916e+44
1.545000e-15 9.717443e+21 9.442871e+43
1.550000e-15 9.230032e+21 8.519349e+43
1.555000e-15 8.722047e+21 7.607410e+43
1.560000e-15 8.194907e+21 6.715650e+43
1.565000e-15 7.650072e+21 5.852361e+43
1.570000e-15 7.089040e+21 5.025449e+43
1.575000e-15 6.513338e+21 4.242357e+43
1.580000e-15 5.924523e+21 3.509998e+43
1.585000e-15 5.324178e+21 2.834687e+43
1.590000e-15 4.713903e+21 2.222088e+43
1.595000e-15 4.095317e+21 1.677162e+43
1.600000e-15 3.470049e+21 1.204124e+43
1.605000e-15 2.839736e+21 8.064101e+42
1.610000e-15 2.206020e+21 4.866526e+42
1.615000e-15 1.570542e+21 2.466601e+42
1.620000e-15 9.349357e+20 8.741048e+41
1.625000e-15 3.008296e+20 9.049846e+40
1.630000e-15 -3.301627e+20 1.090074e+41
1.635000e-15 -9.564440e+20 9.147851e+41
1.640000e-15 -1.576438e+21 2.485157e+42
1.645000e-15 -2.188593e+21 4.789940e+42
1.650000e-15 -2.791387e+21 7.791839e+42
1.655000e-15 -3.383327e+21 1.144690e+43
1.660000e-15 -3.962960e+21 1.570505e+43
1.665000e-15 -4.528869e+21 2.051066e+43
1.670000e-15 -5.079682e+21 2.580317e+43
1.675000e-15 -5.614072e+21 3.151780e+43
1.680000e-15 -6.130760e+21 3.758622e+43
1.685000e-15 -6.628522e+21 4.393730e+43
1.690000e-15 -7.106186e+21 5.049788e+43
1.695000e-15 -7.562639e+21 5.719350e+43
1.700000e-15 -7.996828e+21 6.394925e+43
1.705000e-15 -8.407762e+21 7.069047e+43
1.710000e-15 -8.794517e+21 7.734353e+43
1.715000e-15 -9.156232e+21 8.383659e+43
1.720000e-15 -9.492118e+21 9.010031e+43
1.725000e-15 -9.801455e+21 9.606852e+43
1.730000e-15 -1.008359e+22 1.016789e+44
1.735000e-15 -1.033796e+22 1.068734e+44
1.740000e-15 -1.056405e+22 1.115992e+44
1.745000e-15 -1.076144e+22 1.158086e+44
1.750000e-15 -1.092978e+22 1.194602e+44
1.755000e-15 -1.106880e+22 1.225183e+44
1.760000e-15 -1.117829e+22 1.249543e+44
1.765000e-15 -1.125815e+22 1.267458e+44
1.770000e-15 -1.130831e+22 1.278779e+44
1.775000e-15 -1.132882e+22 1.283422e+44
1.780000e-15 -1.131978e+22 1.281375e+44
1.785000e-15 -1.128138e+22 1.272696e+44
1.790000e-15 -1.121388e+22 1.257511e+44
1.795000e-15 -1.111760e+22 1.236011e+44
1.800000e-15 -1.099295e+22 1.208450e+44
1.805000e-15 -1.084041e+22 1.175145e+44
1.810000e-15 -1.066051e+22 1.136466e+44
1.815000e-15 -1.045388e+22 1.092835e+44
1.820000e-15 -1.022117e+22 1.044724e+44
1.825000e-15 -9.963149e+21 9.926433e+43
1.830000e-15 -9.680600e+21 9.371402e+43
1.835000e-15 -9.374389e+21 8.787918e+43
1.840000e-15 -9.045434e+21 8.181988e+43
1.845000e-15 -8.694705e+21 7.559790e+43
1.850000e-15 -8.323226e+21 6.927608e+43
1.855000e-15 -7.932065e+21 6.291765e+43
1.860000e-15 -7.522340e+21 5.658559e+43
1.865000e-15 -7.095208e+21 5.034198e+43
1.870000e-15 -6.651867e+21 4.424733e+43
1.875000e-15 -6.193549e+21 3.836005e+43
1.880000e-15 -5.721521e+21 3.273580e+43
1.885000e-15 -5.237077e+21 2.742697e+43
1.890000e-15 -4.741536e+21 2.248217e+43
1.895000e-15 -4.236242e+21 1.794575e+43
1.900000e-15 -3.722555e+21 1.385741e+43
1.905000e-15 -3.201850e+21 1.025185e+43
1.910000e-15 -2.675516e+21 7.158384e+42
1.915000e-15 -2.144946e+21 4.600793e+42
1.920000e-15 -1.611540e+21 2.597060e+42
1.925000e-15 -1.076697e+21 1.159276e+42
1.930000e-15 -5.418130e+20 2.935613e+41
1.935000e-15 -8.278296e+18 6.853018e+37
1.940000e-15 5.225280e+20 2.730355e+41
1.945000e-15 1.049240e+21 1.100905e+42
1.950000e-15 1.570510e+21 2.466502e+42
1.955000e-15 2.085010e+21 4.347265e+42
1.960000e-15 2.591435e+21 6.715535e+42
1.965000e-15 3.088509e+21 9.538890e+42
1.970000e-15 3.574986e+21 1.278053e+43
1.975000e-15 4.049653e+21 1.639969e+43
1.980000e-15 4.511333e+21 2.035212e+43
1.985000e-15 4.958888e+21 2.459057e+43
1.990000e-15 5.391224e+21 2.906529e+43
1.995000e-15 5.807289e+21 3.372461e+43
2.000000e-15 6.206080e+21 3.851543e+43
2.005000e-15 6.586643e+21 4.338386e+43
2.010000e-15 6.948075e+21 4.827575e+43
2.015000e-15 7.289529e+21 5.313723e+43
2.020000e-15 7.610210e+21 5.791530e+43
2.025000e-15 7.909385e+21 6.255838e+43
2.030000e-15 8.186378e+21 6.701678e+43
2.035000e-15 8.440573e+21 7.124327e+43
2.040000e-15 8.671417e+21 7.519346e+43
2.045000e-15 8.878420e+21 7.882634e+43
2.050000e-15 9.061156e+21 8.210456e+43
2.055000e-15 9.219266e+21 8.499486e+43
2.060000e-15 9.352453e+21 8.746837e+43
2.065000e-15 9.460488e+21 8.950083e+43
2.070000e-15 9.543209e+21 9.107284e+43
2.075000e-15 9.600519e+21 9.216997e+43
2.080000e-15 9.632390e+21 9.278293e+43
2.085000e-15 9.638856e+21 9.290754e+43
2.090000e-15 9.620021e+21 9.254480e+43
2.095000e-15 9.576052e+21 9.170078e+43
2.100000e-15 9.507182e+21 9.038651e+43
2.105000e-15 9.413706e+21 8.861787e+43
2.110000e-15 9.295983e+21 8.641531e+43
2.115000e-15 9.154434e+21 8.380365e+43
2.120000e-15 8.989537e+21 8.081177e+43
2.125000e-15 8.801832e+21 7.747224e+43
2.130000e-15 8.591914e+21 7.382098e+43
2.135000e-15 8.360434e+21 6.989685e+43
2.140000e-15 8.108095e+21 6.574121e+43
2.145000e-15 7.835654e+21 6.139748e+43
2.150000e-15 7.543914e+21 5.691063e+43
2.155000e-15 7.233725e+21 5.232677e+43
2.160000e-15 6.905982e+21 4.769258e+43
2.165000e-15 6.561622e+21 4.305488e+43
2.170000e-15 6.201621e+21 3.846010e+43
2.175000e-15 5.826991e+21 3.395382e+43
2.180000e-15 5.438777e+21 2.958030e+43
2.185000e-15 5.038057e+21 2.538201e+43
2.190000e-15 4.625934e+21 2.139926e+43
2.195000e-15 4.203538e+21 1.766973e+43
2.200000e-15 3.772020e+21 1.422814e+43
2.205000e-15 3.332550e+21 1.110589e+43
2.210000e-15 2.886313e+21 8.330805e+42
2.215000e-15 2.434508e+21 5.926828e+42
2.220000e-15 1.978341e+21 3.913832e+42
2.225000e-15 1.519025e+21 2.307438e+42
2.230000e-15 1.057778e+21 1.118894e+42
2.235000e-15 5.958143e+20 3.549946e+41
2.240000e-15 1.343475e+20 1.804924e+40
2.245000e-15 -3.254166e+20 1.058959e+41
2.250000e-15 -7.822814e+20 6.119641e+41
2.255000e-15 -1.235063e+21 1.525381e+42
2.260000e-15 -1.682594e+21 2.831123e+42
2.265000e-15 -2.123725e+21 4.510206e+42
2.270000e-15 -2.557327e+21 6.539923e+42
2.275000e-15 -2.982299e+21 8.894106e+42
2.280000e-15 -3.397563e+21 1.154344e+43
2.285000e-15 -3.802075e+21 1.445577e+43
2.290000e-15 -4.194820e+21 1.759651e+43
2.295000e-15 -4.574820e+21 2.092897e+43
2.300000e-15 -4.941134e+21 2.441480e+43
2.305000e-15 -5.292860e+21 2.801437e+43
2.310000e-15 -5.629140e+21 3.168722e+43
2.315000e-15 -5.949158e+21 3.539248e+43
2.320000e-15 -6.252144e+21 3.908931e+43
2.325000e-15 -6.537378e+21 4.273730e+43
2.330000e-15 -6.804185e+21 4.629693e+43
2.335000e-15 -7.051946e+21 4.972994e+43
2.340000e-15 -7.280090e+21 5.299971e+43
2.345000e-15 -7.488104e+21 5.607170e+43
2.350000e-15 -7.675525e+21 5.891369e+43
2.355000e-15 -7.841950e+21 6.149618e+43
2.360000e-15 -7.987030e+21 6.379265e+43
2.365000e-15 -8.110475e+21 6.577980e+43
2.370000e-15 -8.212050e+21 6.743777e+43
2.375000e-15 -8.291581e+21 6.875032e+43
2.380000e-15 -8.348952e+21 6.970500e+43
2.385000e-15 -8.384103e+21 7.029319e+43
2.390000e-15 -8.397036e+21 7.051021e+43
2.395000e-15 -8.387808e+21 7.035532e+43
2.400000e-15 -8.356535e+21 6.983168e+43
2.405000e-15 -8.303391e+21 6.894630e+43
2.410000e-15 -8.228605e+21 6.770993e+43
2.415000e-15 -8.132462e+21 6.613694e+43
2.420000e-15 -8.015303e+21 6.424508e+43
2.425000e-15 -7.877521e+21 6.205534e+43
2.430000e-15 -7.719563e+21 5.959165e+43
2.435000e-15 -7.541925e+21 5.688063e+43
2.440000e-15 -7.345153e+21 5.395128e+43
2.445000e-15 -7.129844e+21 5.083467e+43
2.450000e-15 -6.896636e+21 4.756358e+43
2.455000e-15 -6.646215e+21 4.417217e+43
2.460000e-15 -6.379307e+21 4.069556e+43
2.465000e-15 -6.096681e+21 3.716952e+43
2.470000e-15 -5.799142e+21 3.363005e+43
2.475000e-15 -5.487531e+21 3.011299e+43
2.480000e-15 -5.162722e+21 2.665370e+43
2.485000e-15 -4.825622e+21 2.328663e+43
2.490000e-15 -4.477165e+21 2.004501e+43
2.495000e-15 -4.118312e+21 1.696049e+43
2.500000e-15 -3.750046e+21 1.406284e+43
2.505000e-15 -3.373371e+21 1.137963e+43
2.510000e-15 -2.989312e+21 8.935984e+42
2.515000e-15 -2.598905e+21 6.754305e+42
2.520000e-15 -2.203201e+21 4.854092e+42
2.525000e-15 -1.803260e+21 3.251746e+42
2.530000e-15 -1.400150e+21 1.960419e+42
2.535000e-15 -9.949410e+20 9.899077e+41
2.540000e-15 -5.887069e+20 3.465759e+41
2.545000e-15 -1.825183e+20 3.331292e+40
2.550000e-15 2.225581e+20 4.953211e+40
2.555000e-15 6.254626e+20 3.912034e+41
2.560000e-15 1.025145e+21 1.050923e+42
2.565000e-15 1.420569e+21 2.018015e+42
2.570000e-15 1.810710e+21 3.278672e+42
2.575000e-15 2.194567e+21 4.816123e+42
2.580000e-15 2.571153e+21 6.610827e+42
2.585000e-15 2.939508e+21 8.640708e+42
2.590000e-15 3.298696e+21 1.088140e+43
2.595000e-15 3.647809e+21 1.330651e+43
2.600000e-15 3.985969e+21 1.588795e+43
2.605000e-15 4.312328e+21 1.859618e+43
2.610000e-15 4.626076e+21 2.140058e+43
2.615000e-15 4.926435e+21 2.426976e+43
2.620000e-15 5.212668e+21 2.717191e+43
2.625000e-15 5.484077e+21 3.007511e+43
2.630000e-15 5.740006e+21 3.294767e+43
2.635000e-15 5.979840e+21 3.575849e+43
2.640000e-15 6.203011e+21 3.847735e+43
2.645000e-15 6.408996e+21 4.107522e+43
2.650000e-15 6.597318e+21 4.352460e+43
2.655000e-15 6.767549e+21 4.579972e+43
2.660000e-15 6.919311e+21 4.787686e+43
2.665000e-15 7.052273e+21 4.973456e+43
2.670000e-15 7.166159e+21 5.135383e+43
2.675000e-15 7.260739e+21 5.271833e+43
2.680000e-15 7.335838e+21 5.381452e+43
2.685000e-15 7.391331e+21 5.463177e+43
2.690000e-15 7.427146e+21 5.516250e+43
2.695000e-15 7.443262e+21 5.540214e+43
2.700000e-15 7.439709e+21 5.534928e+43
2.705000e-15 7.416572e+21 5.500553e+43
2.710000e-15 7.373982e+21 5.437560e+43
2.715000e-15 7.312123e+21 5.346715e+43
2.720000e-15 7.231231e+21 5.229070e+43
2.725000e-15 7.131586e+21 5.085953e+43
2.730000e-15 7.013521e+21 4.918948e+43
2.735000e-15 6.877414e+21 4.729882e+43
2.740000e-15 6.723687e+21 4.520797e+43
2.745000e-15 6.552810e+21 4.293932e+43
2.750000e-15 6.365295e+21 4.051698e+43
2.755000e-15 6.161694e+21 3.796648e+43
2.760000e-15 5.942602e+21 3.531452e+43
2.765000e-15 5.708651e+21 3.258869e+43
2.770000e-15 5.460508e+21 2.981715e+43
2.775000e-15 5.198879e+21 2.702834e+43
2.780000e-15 4.924498e+21 2.425068e+43
2.785000e-15 4.638133e+21 2.151228e+43
2.790000e-15 4.340580e+21 1.884064e+43
2.795000e-15 4.032661e+21 1.626235e+43
2.800000e-15 3.715221e+21 1.380287e+43
2.805000e-15 3.389130e+21 1.148620e+43
2.810000e-15 3.055274e+21 9.334699e+42
2.815000e-15 2.714559e+21 7.368829e+42
2.820000e-15 2.367903e+21 5.606967e+42
2.825000e-15 2.016240e+21 4.065225e+42
2.830000e-15 1.660511e+21 2.757295e+42
2.835000e-15 1.301663e+21 1.694327e+42
2.840000e-15 9.406522e+20 8.848266e+41
2.845000e-15 5.784331e+20 3.345849e+41
2.850000e-15 2.159618e+20 4.663948e+40
2.855000e-15 -1.458089e+20 2.126025e+40
2.860000e-15 -5.059313e+20 2.559665e+41
2.865000e-15 -8.634652e+20 7.455722e+41
2.870000e-15 -1.217481e+21 1.482260e+42
2.875000e-15 -1.567061e+21 2.455680e+42
2.880000e-15 -1.911303e+21 3.653078e+42
2.885000e-15 -2.249321e+21 5.059445e+42
2.890000e-15 -2.580250e+21 6.657689e+42
2.895000e-15 -2.903245e+21 8.428830e+42
2.900000e-15 -3.217486e+21 1.035221e+43
2.905000e-15 -3.522177e+21 1.240573e+43
2.910000e-15 -3.816554e+21 1.456608e+43
2.915000e-15 -4.099877e+21 1.680899e+43
2.920000e-15 -4.371441e+21 1.910950e+43
2.925000e-15 -4.630574e+21 2.144222e+43
2.930000e-15 -4.876639e+21 2.378161e+43
2.935000e-15 -5.109035e+21 2.610223e+43
2.940000e-15 -5.327198e+21 2.837903e+43
2.945000e-15 -5.530604e+21 3.058758e+43
2.950000e-15 -5.718771e+21 3.270434e+43
2.955000e-15 -5.891256e+21 3.470690e+43
2.960000e-15 -6.047661e+21 3.657420e+43
2.965000e-15 -6.187629e+21 3.828676e+43
2.970000e-15 -6.310850e+21 3.982683e+43
2.975000e-15 -6.417057e+21 4.117862e+43
2.980000e-15 -6.506028e+21 4.232840e+43
2.985000e-15 -6.577590e+21 4.326469e+43
2.990000e-15 -6.631612e+21 4.397828e+43
2.995000e-15 -6.668014e+21 4.446240e+43
3.000000e-15 -6.686757e+21 4.471272e+43
3.005000e-15 -6.687854e+21 4.472739e+43
3.010000e-15 -6.671361e+21 4.450705e+43
3.015000e-15 -6.637379e+21 4.405480e+43
3.020000e-15 -6.586057e+21 4.337614e+43
3.025000e-15 -6.517587e+21 4.247895e+43
3.030000e-15 -6.432208e+21 4.137330e+43
3.035000e-15 -6.330198e+21 4.007141e+43
3.040000e-15 -6.211882e+21 3.858747e+43
3.045000e-15 -6.077623e+21 3.693750e+43
3.050000e-15 -5.927828e+21 3.513914e+43
3.055000e-15 -5.762940e+21 3.321148e+43
3.060000e-15 -5.583443e+21 3.117484e+43
3.065000e-15 -5.389855e+21 2.905054e+43
3.070000e-15 -5.182732e+21 2.686071e+43
3.075000e-15 -4.962660e+21 2.462799e+43
3.080000e-15 -4.730260e+21 2.237536e+43
3.085000e-15 -4.486182e+21 2.012583e+43
3.090000e-15 -4.231104e+21 1.790224e+43
3.095000e-15 -3.965732e+21 1.572703e+43
3.100000e-15 -3.690795e+21 1.362197e+43
3.105000e-15 -3.407046e+21 1.160796e+43
3.110000e-15 -3.115256e+21 9.704822e+42
3.115000e-15 -2.816219e+21 7.931089e+42
3.120000e-15 -2.510741e+21 6.303820e+42
3.125000e-15 -2.199644e+21 4.838435e+42
3.130000e-15 -1.883763e+21 3.548562e+42
3.135000e-15 -1.563940e+21 2.445910e+42
3.140000e-15 -1.241028e+21 1.540151e+42
3.145000e-15 -9.158831e+20 8.388418e+41
3.150000e-15 -5.893643e+20 3.473503e+41
3.155000e-15 -2.623324e+20 6.881827e+40
3.160000e-15 6.435371e+19 4.141401e+39
3.165000e-15 3.898387e+20 1.519742e+41
3.170000e-15 7.132733e+20 5.087588e+41
3.175000e-15 1.033816e+21 1.068776e+42
3.180000e-15 1.350637e+21 1.824219e+42
3.185000e-15 1.662916e+21 2.765290e+42
3.190000e-15 1.969850e+21 3.880310e+42
3.195000e-15 2.270652e+21 5.155861e+42
3.200000e-15 2.564553e+21 6.576930e+42
3.205000e-15 2.850803e+21 8.127080e+42
3.210000e-15 3.128679e+21 9.788630e+42
3.215000e-15 3.397477e+21 1.154285e+43
3.220000e-15 3.656522e+21 1.337015e+43
3.225000e-15 3.905166e+21 1.525032e+43
3.230000e-15 4.142790e+21 1.716271e+43
3.235000e-15 4.368807e+21 1.908648e+43
3.240000e-15 4.582660e+21 2.100078e+43
3.245000e-15 4.783828e+21 2.288501e+43
3.250000e-15 4.971823e+21 2.471902e+43
3.255000e-15 5.146193e+21 2.648330e+43
3.260000e-15 5.306524e+21 2.815920e+43
3.265000e-15 5.452441e+21 2.972911e+43
3.270000e-15 5.583605e+21 3.117665e+43
3.275000e-15 5.699719e+21 3.248680e+43
3.280000e-15 5.800525e+21 3.364609e+43
3.285000e-15 5.885807e+21 3.464272e+43
3.290000e-15 5.955389e+21 3.546665e+43
3.295000e-15 6.009137e+21 3.610973e+43
3.300000e-15 6.046959e+21 3.656572e+43
3.305000e-15 6.068806e+21 3.683040e+43
3.310000e-15 6.074668e+21 3.690159e+43
3.315000e-15 6.064580e+21 3.677913e+43
3.320000e-15 6.038617e+21 3.646489e+43
3.325000e-15 5.996895e+21 3.596275e+43
3.330000e-15 5.939571e+21 3.527851e+43
3.335000e-15 5.866844e+21 3.441985e+43
3.340000e-15 5.778949e+21 3.339625e+43
3.345000e-15 5.676164e+21 3.221884e+43
3.350000e-15 5.558803e+21 3.090029e+43
3.355000e-15 5.427216e+21 2.945468e+43
3.360000e-15 5.281792e+21 2.789733e+43
3.365000e-15 5.122952e+21 2.624464e+43
3.370000e-15 4.951153e+21 2.451392e+43
3.375000e-15 4.766884e+21 2.272318e+43
3.380000e-15 4.570663e+21 2.089096e+43
3.385000e-15 4.363042e+21 1.903613e+43
3.390000e-15 4.144596e+21 1.717767e+43
3.395000e-15 3.915930e+21 1.533451e+43
3.400000e-15 3.677673e+21 1.352528e+43
3.405000e-15 3.430477e+21 1.176817e+43
3.410000e-15 3.175015e+21 1.008072e+43
3.415000e-15 2.911980e+21 8.479630e+42
3.420000e-15 2.642084e+21 6.980608e+42
3.425000e-15 2.366052e+21 5.598203e+42
3.430000e-15 2.084625e+21 4.345662e+42
3.435000e-15 1.798555e+21 3.234800e+42
3.440000e-15 1.508604e+21 2.275887e+42
3.445000e-15 1.215543e+21 1.477544e+42
3.450000e-15 9.201459e+20 8.466684e+41
3.455000e-15 6.231937e+20 3.883704e+41
3.460000e-15 3.254674e+20 1.059290e+41
3.465000e-15 2.774800e+19 7.699515e+38
3.470000e-15 -2.691857e+20 7.246095e+40
3.475000e-15 -5.645594e+20 3.187273e+41
3.480000e-15 -8.576050e+20 7.354863e+41
3.485000e-15 -1.147563e+21 1.316901e+42
3.490000e-15 -1.433684e+21 2.055449e+42
3.495000e-15 -1.715230e+21 2.942014e+42
3.500000e-15 -1.991479e+21 3.965989e+42
3.505000e-15 -2.261723e+21 5.115393e+42
3.510000e-15 -2.525274e+21 6.377009e+42
3.515000e-15 -2.781461e+21 7.736524e+42
3.520000e-15 -3.029635e+21 9.178688e+42
3.525000e-15 -3.269171e+21 1.068748e+43
3.530000e-15 -3.499466e+21 1.224626e+43
3.535000e-15 -3.719946e+21 1.383800e+43
3.540000e-15 -3.930062e+21 1.544539e+43
3.545000e-15 -4.129294e+21 1.705107e+43
3.550000e-15 -4.317152e+21 1.863780e+43
3.555000e-15 -4.493177e+21 2.018864e+43
3.560000e-15 -4.656943e+21 2.168712e+43
3.565000e-15 -4.808057e+21 2.311741e+43
3.570000e-15 -4.946159e+21 2.446449e+43
3.575000e-15 -5.070925e+21 2.571428e+43
3.580000e-15 -5.182067e+21 2.685382e+43
3.585000e-15 -5.279332e+21 2.787135e+43
3.590000e-15 -5.362505e+21 2.875647e+43
3.595000e-15 -5.431410e+21 2.950021e+43
3.600000e-15 -5.485904e+21 3.009515e+43
3.605000e-15 -5.525887e+21 3.053543e+43
3.610000e-15 -5.551295e+21 3.081688e+43
3.615000e-15 -5.562102e+21 3.093698e+43
3.620000e-15 -5.558320e+21 3.089492e+43
3.625000e-15 -5.540000e+21 3.069160e+43
3.630000e-15 -5.507231e+21 3.032959e+43
3.635000e-15 -5.460138e+21 2.981311e+43
3.640000e-15 -5.398884e+21 2.914795e+43
3.645000e-15 -5.323668e+21 2.834144e+43
3.650000e-15 -5.234726e+21 2.740236e+43
3.655000e-15 -5.132328e+21 2.634079e+43
3.660000e-15 -5.016778e+21 2.516806e+43
3.665000e-15 -4.888415e+21 2.389661e+43
3.670000e-15 -4.747610e+21 2.253980e+43
3.675000e-15 -4.594765e+21 2.111186e+43
3.680000e-15 -4.430311e+21 1.962766e+43
3.685000e-15 -4.254711e+21 1.810257e+43
3.690000e-15 -4.068454e+21 1.655232e+43
3.695000e-15 -3.872056e+21 1.499281e+43
3.700000e-15 -3.666057e+21 1.343997e+43
3.705000e-15 -3.451022e+21 1.190955e+43
3.710000e-15 -3.227537e+21 1.041700e+43
3.715000e-15 -2.996210e+21 8.977272e+42
3.720000e-15 -2.757665e+21 7.604715e+42
3.725000e-15 -2.512546e+21 6.312886e+42
3.730000e-15 -2.261510e+21 5.114429e+42
3.735000e-15 -2.005231e+21 4.020950e+42
3.740000e-15 -1.744390e+21 3.042897e+42
3.745000e-15 -1.479683e+21 2.189461e+42
3.750000e-15 -1.211811e+21 1.468485e+42
3.755000e-15 -9.414814e+20 8.863873e+41
3.760000e-15 -6.694084e+20 4.481076e+41
3.765000e-15 -3.963069e+20 1.570592e+41
3.770000e-15 -1.228932e+20 1.510273e+40
3.775000e-15 1.501178e+20 2.253535e+40
3.780000e-15 4.220138e+20 1.780956e+41
3.785000e-15 6.920876e+20 4.789852e+41
3.790000e-15 9.596385e+20 9.209060e+41
3.795000e-15 1.223974e+21 1.498113e+42
3.800000e-15 1.484413e+21 2.203482e+42
3.805000e-15 1.740285e+21 3.028590e+42
3.810000e-15 1.990933e+21 3.963813e+42
3.815000e-15 2.235717e+21 4.998428e+42
3.820000e-15 2.474012e+21 6.120736e+42
3.825000e-15 2.705214e+21 7.318182e+42
3.830000e-15 2.928737e+21 8.577499e+42
3.835000e-15 3.144017e+21 9.884842e+42
3.840000e-15 3.350514e+21 1.122594e+43
3.845000e-15 3.547711e+21 1.258625e+43
3.850000e-15 3.735117e+21 1.395110e+43
3.855000e-15 3.912269e+21 1.530585e+43
3.860000e-15 4.078730e+21 1.663604e+43
3.865000e-15 4.234094e+21 1.792755e+43
3.870000e-15 4.377983e+21 1.916673e+43
3.875000e-15 4.510051e+21 2.034056e+43
3.880000e-15 4.629985e+21 2.143676e+43
3.885000e-15 4.737502e+21 2.244393e+43
3.890000e-15 4.832353e+21 2.335164e+43
3.895000e-15 4.914324e+21 2.415058e+43
3.900000e-15 4.983234e+21 2.483262e+43
3.905000e-15 5.038935e+21 2.539087e+43
3.910000e-15 5.081317e+21 2.581978e+43
3.915000e-15 5.110303e+21 2.611520e+43
3.920000e-15 5.125852e+21 2.627436e+43
3.925000e-15 5.127957e+21 2.629594e+43
3.930000e-15 5.116647e+21 2.618008e+43
3.935000e-15 5.091986e+21 2.592832e+43
3.940000e-15 5.054073e+21 2.554365e+43
3.945000e-15 5.003040e+21 2.503041e+43
3.950000e-15 4.939053e+21 2.439425e+43
3.955000e-15 4.862314e+21 2.364209e+43
3.960000e-15 4.773053e+21 2.278204e+43
3.965000e-15 4.671537e+21 2.182326e+43
3.970000e-15 4.558061e+21 2.077592e+43
3.975000e-15 4.432953e+21 1.965107e+43
3.980000e-15 4.296567e+21 1.846049e+43
3.985000e-15 4.149288e+21 1.721659e+43
3.990000e-15 3.991529e+21 1.593231e+43
3.995000e-15 3.823728e+21 1.462090e+43
4.000000e-15 3.646348e+21 1.329586e+43
4.005000e-15 3.459877e+21 1.197075e+43
4.010000e-15 3.264823e+21 1.065907e+43
4.015000e-15 3.061719e+21 9.374123e+42
4.020000e-15 2.851114e+21 8.128852e+42
4.025000e-15 2.633577e+21 6.935730e+42
4.030000e-15 2.409694e+21 5.806626e+42
4.035000e-15 2.180065e+21 4.752684e+42
4.040000e-15 1.945304e+21 3.784207e+42
4.045000e-15 1.706036e+21 2.910560e+42
4.050000e-15 1.462899e+21 2.140073e+42
4.055000e-15 1.216535e+21 1.479959e+42
4.060000e-15 9.675979e+20 9.362456e+41
4.065000e-15 7.167424e+20 5.137197e+41
4.070000e-15 4.646290e+20 2.158801e+41
4.075000e-15 2.119191e+20 4.490971e+40
4.080000e-15 -4.072577e+19 1.658588e+39
4.085000e-15 -2.926460e+20 8.564168e+40
4.090000e-15 -5.431854e+20 2.950504e+41
4.095000e-15 -7.916931e+20 6.267780e+41
4.100000e-15 -1.037525e+21 1.076458e+42
4.105000e-15 -1.280046e+21 1.638517e+42
4.110000e-15 -1.518630e+21 2.306236e+42
4.115000e-15 -1.752663e+21 3.071829e+42
4.120000e-15 -1.981547e+21 3.926528e+42
4.125000e-15 -2.204695e+21 4.860679e+42
4.130000e-15 -2.421538e+21 5.863847e+42
4.135000e-15 -2.631526e+21 6.924929e+42
4.140000e-15 -2.834127e+21 8.032273e+42
4.145000e-15 -3.028828e+21 9.173801e+42
4.150000e-15 -3.215142e+21 1.033714e+43
4.155000e-15 -3.392601e+21 1.150974e+43
4.160000e-15 -3.560763e+21 1.267904e+43
4.165000e-15 -3.719212e+21 1.383254e+43
4.170000e-15 -3.867556e+21 1.495799e+43
4.175000e-15 -4.005434e+21 1.604350e+43
4.180000e-15 -4.132508e+21 1.707763e+43
4.185000e-15 -4.248475e+21 1.804954e+43
4.190000e-15 -4.353056e+21 1.894910e+43
4.195000e-15 -4.446007e+21 1.976697e+43
4.200000e-15 -4.527111e+21 2.049474e+43
4.205000e-15 -4.596186e+21 2.112493e+43
4.210000e-15 -4.653080e+21 2.165115e+43
4.215000e-15 -4.697672e+21 2.206812e+43
4.220000e-15 -4.729876e+21 2.237173e+43
4.225000e-15 -4.749637e+21 2.255905e+43
4.230000e-15 -4.756932e+21 2.262841e+43
4.235000e-15 -4.751773e+21 2.257934e+43
4.240000e-15 -4.734201e+21 2.241266e+43
4.245000e-15 -4.704292e+21 2.213036e+43
4.250000e-15 -4.662153e+21 2.173567e+43
4.255000e-15 -4.607923e+21 2.123295e+43
4.260000e-15 -4.541772e+21 2.062769e+43
4.265000e-15 -4.463900e+21 1.992640e+43
4.270000e-15 -4.374539e+21 1.913659e+43
4.275000e-15 -4.273949e+21 1.826664e+43
4.280000e-15 -4.162418e+21 1.732573e+43
4.285000e-15 -4.040264e+21 1.632373e+43
4.290000e-15 -3.907831e+21 1.527114e+43
4.295000e-15 -3.765487e+21 1.417889e+43
4.300000e-15 -3.613629e+21 1.305831e+43
4.305000e-15 -3.452674e+21 1.192096e+43
4.310000e-15 -3.283065e+21 1.077852e+43
4.315000e-15 -3.105265e+21 9.642669e+42
4.320000e-15 -2.919756e+21 8.524975e+42
4.325000e-15 -2.727042e+21 7.436756e+42
4.330000e-15 -2.527641e+21 6.388971e+42
4.335000e-15 -2.322092e+21 5.392110e+42
4.340000e-15 -2.110944e+21 4.456084e+42
4.345000e-15 -1.894762e+21 3.590123e+42
4.350000e-15 -1.674123e+21 2.802687e+42
4.355000e-15 -1.449612e+21 2.101376e+42
4.360000e-15 -1.221826e+21 1.492859e+42
4.365000e-15 -9.913671e+20 9.828087e+41
4.370000e-15 -7.588430e+20 5.758427e+41
4.375000e-15 -5.248662e+20 2.754845e+41
4.380000e-15 -2.900510e+20 8.412960e+40
4.385000e-15 -5.501297e+19 3.026427e+39
4.390000e-15 1.796335e+20 3.226819e+40
4.395000e-15 4.132763e+20 1.707973e+41
4.400000e-15 6.453073e+20 4.164215e+41
4.405000e-15 8.751239e+20 7.658419e+41
4.410000e-15 1.102131e+21 1.214693e+42
4.415000e-15 1.325742e+21 1.757591e+42
4.420000e-15 1.545379e+21 2.388198e+42
4.425000e-15 1.760480e+21 3.099288e+42
4.430000e-15 1.970490e+21 3.882832e+42
4.435000e-15 2.174874e+21 4.730079e+42
4.440000e-15 2.373111e+21 5.631654e+42
4.445000e-15 2.564695e+21 6.577659e+42
4.450000e-15 2.749141e+21 7.557778e+42
4.455000e-15 2.925984e+21 8.561385e+42
4.460000e-15 3.094779e+21 9.577657e+42
4.465000e-15 3.255102e+21 1.059569e+43
4.470000e-15 3.406554e+21 1.160461e+43
4.475000e-15 3.548758e+21 1.259369e+43
4.480000e-15 3.681365e+21 1.355245e+43
4.485000e-15 3.804047e+21 1.447078e+43
4.490000e-15 3.916509e+21 1.533904e+43
4.495000e-15 4.018477e+21 1.614816e+43
4.500000e-15 4.109709e+21 1.688971e+43
4.505000e-15 4.189991e+21 1.755602e+43
4.510000e-15 4.259136e+21 1.814024e+43
4.515000e-15 4.316990e+21 1.863640e+43
4.520000e-15 4.363425e+21 1.903948e+43
4.525000e-15 4.398346e+21 1.934545e+43
4.530000e-15 4.421686e+21 1.955131e+43
4.535000e-15 4.433411e+21 1.965513e+43
4.540000e-15 4.433515e+21 1.965605e+43
4.545000e-15 4.422023e+21 1.955429e+43
4.550000e-15 4.398991e+21 1.935112e+43
4.555000e-15 4.364504e+21 1.904890e+43
4.560000e-15 4.318678e+21 1.865098e+43
4.565000e-15 4.261658e+21 1.816173e+43
4.570000e-15 4.193615e+21 1.758641e+43
4.575000e-15 4.114754e+21 1.693120e+43
4.580000e-15 4.025302e+21 1.620306e+43
4.585000e-15 3.925518e+21 1.540969e+43
4.590000e-15 3.815683e+21 1.455944e+43
4.595000e-15 3.696108e+21 1.366121e+43
4.600000e-15 3.567125e+21 1.272438e+43
4.605000e-15 3.429093e+21 1.175868e+43
4.610000e-15 3.282390e+21 1.077409e+43
4.615000e-15 3.127421e+21 9.780761e+42
4.620000e-15 2.964607e+21 8.788893e+42
4.625000e-15 2.794390e+21 7.808618e+42
4.630000e-15 2.617233e+21 6.849907e+42
4.635000e-15 2.433612e+21 5.922465e+42
4.640000e-15 2.244021e+21 5.035630e+42
4.645000e-15 2.048969e+21 4.198273e+42
4.650000e-15 1.848977e+21 3.418715e+42
4.655000e-15 1.644578e+21 2.704637e+42
4.660000e-15 1.436316e+21 2.063005e+42
4.665000e-15 1.224744e+21 1.499998e+42
4.670000e-15 1.010422e+21 1.020952e+42
4.675000e-15 7.939147e+20 6.303006e+41
4.680000e-15 5.757938e+20 3.315385e+41
4.685000e-15 3.566325e+20 1.271867e+41
4.690000e-15 1.370057e+20 1.877057e+40
4.695000e-15 -8.251139e+19 6.808130e+39
4.700000e-15 -3.013454e+20 9.080907e+40
4.705000e-15 -5.189259e+20 2.692841e+41
4.710000e-15 -7.346867e+20 5.397646e+41
4.715000e-15 -9.480679e+20 8.988327e+41
4.720000e-15 -1.158517e+21 1.342161e+42
4.725000e-15 -1.365489e+21 1.864561e+42
4.730000e-15 -1.568452e+21 2.460041e+42
4.735000e-15 -1.766883e+21 3.121874e+42
4.740000e-15 -1.960272e+21 3.842667e+42
4.745000e-15 -2.148126e+21 4.614445e+42
4.750000e-15 -2.329965e+21 5.428735e+42
4.755000e-15 -2.505325e+21 6.276654e+42
4.760000e-15 -2.673763e+21 7.149007e+42
4.765000e-15 -2.834852e+21 8.036386e+42
4.770000e-15 -2.988187e+21 8.929261e+42
4.775000e-15 -3.133383e+21 9.818089e+42
4.780000e-15 -3.270078e+21 1.069341e+43
4.785000e-15 -3.397931e+21 1.154594e+43
4.790000e-15 -3.516628e+21 1.236668e+43
4.795000e-15 -3.625877e+21 1.314699e+43
4.800000e-15 -3.725412e+21 1.387870e+43
4.805000e-15 -3.814993e+21 1.455417e+43
4.810000e-15 -3.894407e+21 1.516640e+43
4.815000e-15 -3.963466e+21 1.570906e+43
4.820000e-15 -4.022012e+21 1.617658e+43
4.825000e-15 -4.069914e+21 1.656420e+43
4.830000e-15 -4.107068e+21 1.686801e+43
4.835000e-15 -4.133399e+21 1.708499e+43
4.840000e-15 -4.148861e+21 1.721305e+43
4.845000e-15 -4.153436e+21 1.725103e+43
4.850000e-15 -4.147134e+21 1.719872e+43
4.855000e-15 -4.129994e+21 1.705685e+43
4.860000e-15 -4.102083e+21 1.682709e+43
4.865000e-15 -4.063497e+21 1.651201e+43
4.870000e-15 -4.014357e+21 1.611506e+43
4.875000e-15 -3.954814e+21 1.564055e+43
4.880000e-15 -3.885044e+21 1.509357e+43
4.885000e-15 -3.805252e+21 1.447994e+43
4.890000e-15 -3.715666e+21 1.380618e+43
4.895000e-15 -3.616541e+21 1.307937e+43
4.900000e-15 -3.508154e+21 1.230714e+43
4.905000e-15 -3.390808e+21 1.149758e+43
4.910000e-15 -3.264829e+21 1.065911e+43
4.915000e-15 -3.130562e+21 9.800420e+42
4.920000e-15 -2.988377e+21 8.930395e+42
4.925000e-15 -2.838660e+21 8.057989e+42
4.930000e-15 -2.681818e+21 7.192150e+42
4.935000e-15 -2.518277e+21 6.341718e+42
4.940000e-15 -2.348476e+21 5.515340e+42
4.945000e-15 -2.172873e+21 4.721378e+42
4.950000e-15 -1.991939e+21 3.967821e+42
4.955000e-15 -1.806157e+21 3.262203e+42
4.960000e-15 -1.616023e+21 2.611529e+42
4.965000e-15 -1.422042e+21 2.022204e+42
4.970000e-15 -1.224731e+21 1.499966e+42
4.975000e-15 -1.024611e+21 1.049827e+42
4.980000e-15 -8.222109e+20 6.760307e+41
4.985000e-15 -6.180653e+20 3.820047e+41
4.990000e-15 -4.127113e+20 1.703306e+41
4.995000e-15 -2.066883e+20 4.272005e+40
5.000000e-15 -5.363930e+17 2.877174e+35
