0.000000e+00 nan nan
5.000000e-18 7.041189e+14 4.957834e+29
1.000000e-17 1.126292e+16 1.268533e+32
1.500000e-17 5.699333e+16 3.248239e+33
2.000000e-17 1.800157e+17 3.240564e+34
2.500000e-17 4.391419e+17 1.928456e+35
3.000000e-17 9.097197e+17 8.275900e+35
3.500000e-17 1.683432e+18 2.833944e+36
4.000000e-17 2.868054e+18 8.225736e+36
4.500000e-17 4.587166e+18 2.104209e+37
5.000000e-17 6.979824e+18 4.871794e+37
5.500000e-17 1.020019e+19 1.040438e+38
6.000000e-17 1.441711e+19 2.078531e+38
6.500000e-17 1.981369e+19 3.925822e+38
7.000000e-17 2.658676e+19 7.068556e+38
7.500000e-17 3.494638e+19 1.221250e+39
8.000000e-17 4.511528e+19 2.035388e+39
8.500000e-17 5.732821e+19 3.286524e+39
9.000000e-17 7.183135e+19 5.159743e+39
9.500000e-17 8.888162e+19 7.899942e+39
1.000000e-16 1.087460e+20 1.182569e+40
1.050000e-16 1.317007e+20 1.734507e+40
1.100000e-16 1.580305e+20 2.497365e+40
1.150000e-16 1.880281e+20 3.535458e+40
1.200000e-16 2.219930e+20 4.928087e+40
1.250000e-16 2.602306e+20 6.771998e+40
1.300000e-16 3.030520e+20 9.184053e+40
1.350000e-16 3.507723e+20 1.230412e+41
1.400000e-16 4.037103e+20 1.629820e+41
1.450000e-16 4.621871e+20 2.136169e+41
1.500000e-16 5.265256e+20 2.772292e+41
1.550000e-16 5.970493e+20 3.564679e+41
1.600000e-16 6.740816e+20 4.543860e+41
1.650000e-16 7.579444e+20 5.744797e+41
1.700000e-16 8.489575e+20 7.207289e+41
1.750000e-16 9.474377e+20 8.976382e+41
1.800000e-16 1.053697e+21 1.110278e+42
1.850000e-16 1.168044e+21 1.364327e+42
1.900000e-16 1.290779e+21 1.666110e+42
1.950000e-16 1.422196e+21 2.022641e+42
2.000000e-16 1.562582e+21 2.441662e+42
2.050000e-16 1.712213e+21 2.931675e+42
2.100000e-16 1.871358e+21 3.501982e+42
2.150000e-16 2.040273e+21 4.162713e+42
2.200000e-16 2.219202e+21 4.924857e+42
2.250000e-16 2.408377e+21 5.800281e+42
2.300000e-16 2.608018e+21 6.801756e+42
2.350000e-16 2.818327e+21 7.942967e+42
2.400000e-16 3.039494e+21 9.238527e+42
2.450000e-16 3.271693e+21 1.070397e+43
2.500000e-16 3.515078e+21 1.235577e+43
2.550000e-16 3.769788e+21 1.421131e+43
2.600000e-16 4.035944e+21 1.628885e+43
2.650000e-16 4.313647e+21 1.860755e+43
2.700000e-16 4.602978e+21 2.118740e+43
2.750000e-16 4.903998e+21 2.404919e+43
2.800000e-16 5.216747e+21 2.721445e+43
2.850000e-16 5.541245e+21 3.070540e+43
2.900000e-16 5.877488e+21 3.454487e+43
2.950000e-16 6.225451e+21 3.875625e+43
3.000000e-16 6.585086e+21 4.336336e+43
3.050000e-16 6.956321e+21 4.839040e+43
3.100000e-16 7.339060e+21 5.386181e+43
3.150000e-16 7.733186e+21 5.980217e+43
3.200000e-16 8.138554e+21 6.623607e+43
3.250000e-16 8.554998e+21 7.318799e+43
3.300000e-16 8.982325e+21 8.068217e+43
3.350000e-16 9.420320e+21 8.874242e+43
3.400000e-16 9.868740e+21 9.739203e+43
3.450000e-16 1.032732e+22 1.066535e+44
3.500000e-16 1.079577e+22 1.165487e+44
3.550000e-16 1.127378e+22 1.270980e+44
3.600000e-16 1.176100e+22 1.383211e+44
3.650000e-16 1.225707e+22 1.502358e+44
3.700000e-16 1.276161e+22 1.628587e+44
3.750000e-16 1.327420e+22 1.762045e+44
3.800000e-16 1.379442e+22 1.902860e+44
3.850000e-16 1.432180e+22 2.051138e+44
3.900000e-16 1.485586e+22 2.206964e+44
3.950000e-16 1.539610e+22 2.370398e+44
4.000000e-16 1.594200e+22 2.541473e+44
4.050000e-16 1.649302e+22 2.720196e+44
4.100000e-16 1.704858e+22 2.906542e+44
4.150000e-16 1.760812e+22 3.100459e+44
4.200000e-16 1.817102e+22 3.301860e+44
4.250000e-16 1.873667e+22 3.510628e+44
4.300000e-16 1.930443e+22 3.726608e+44
4.350000e-16 1.987364e+22 3.949614e+44
4.400000e-16 2.044363e+22 4.179420e+44
4.450000e-16 2.101373e+22 4.415767e+44
4.500000e-16 2.158323e+22 4.658357e+44
4.550000e-16 2.215142e+22 4.906855e+44
4.600000e-16 2.271759e+22 5.160889e+44
4.650000e-16 2.328100e+22 5.420049e+44
4.700000e-16 2.384091e+22 5.683889e+44
4.750000e-16 2.439657e+22 5.951926e+44
4.800000e-16 2.494722e+22 6.223640e+44
4.850000e-16 2.549211e+22 6.498478e+44
4.900000e-16 2.603046e+22 6.775851e+44
4.950000e-16 2.656151e+22 7.055140e+44
5.000000e-16 2.708449e+22 7.335693e+44
5.050000e-16 2.759861e+22 7.616831e+44
5.100000e-16 2.810311e+22 7.897845e+44
5.150000e-16 2.859721e+22 8.178004e+44
5.200000e-16 2.908015e+22 8.456552e+44
5.250000e-16 2.955117e+22 8.732714e+44
5.300000e-16 3.000950e+22 9.005699e+44
5.350000e-16 3.045439e+22 9.274698e+44
5.400000e-16 3.088510e+22 9.538896e+44
5.450000e-16 3.130090e+22 9.797464e+44
5.500000e-16 3.170106e+22 1.004957e+45
5.550000e-16 3.208488e+22 1.029439e+45
5.600000e-16 3.245165e+22 1.053109e+45
5.650000e-16 3.280069e+22 1.075885e+45
5.700000e-16 3.313133e+22 1.097685e+45
5.750000e-16 3.344293e+22 1.118429e+45
5.800000e-16 3.373485e+22 1.138040e+45
5.850000e-16 3.400648e+22 1.156441e+45
5.900000e-16 3.425724e+22 1.173558e+45
5.950000e-16 3.448654e+22 1.189322e+45
6.000000e-16 3.469386e+22 1.203664e+45
6.050000e-16 3.487865e+22 1.216520e+45
6.100000e-16 3.504044e+22 1.227832e+45
6.150000e-16 3.517874e+22 1.237544e+45
6.200000e-16 3.529311e+22 1.245604e+45
6.250000e-16 3.538315e+22 1.251967e+45
6.300000e-16 3.544846e+22 1.256593e+45
6.350000e-16 3.548869e+22 1.259447e+45
6.400000e-16 3.550352e+22 1.260500e+45
6.450000e-16 3.549265e+22 1.259728e+45
6.500000e-16 3.545582e+22 1.257115e+45
6.550000e-16 3.539280e+22 1.252651e+45
6.600000e-16 3.530341e+22 1.246331e+45
6.650000e-16 3.518748e+22 1.238159e+45
6.700000e-16 3.504489e+22 1.228144e+45
6.750000e-16 3.487554e+22 1.216304e+45
6.800000e-16 3.467940e+22 1.202660e+45
6.850000e-16 3.445643e+22 1.187245e+45
6.900000e-16 3.420666e+22 1.170095e+45
6.950000e-16 3.393014e+22 1.151254e+45
7.000000e-16 3.362697e+22 1.130773e+45
7.050000e-16 3.329728e+22 1.108709e+45
7.100000e-16 3.294123e+22 1.085125e+45
7.150000e-16 3.255904e+22 1.060091e+45
7.200000e-16 3.215093e+22 1.033682e+45
7.250000e-16 3.171719e+22 1.005980e+45
7.300000e-16 3.125814e+22 9.770715e+44
7.350000e-16 3.077413e+22 9.470470e+44
7.400000e-16 3.026554e+22 9.160029e+44
7.450000e-16 2.973280e+22 8.840394e+44
7.500000e-16 2.917637e+22 8.512606e+44
7.550000e-16 2.859674e+22 8.177738e+44
7.600000e-16 2.799445e+22 7.836893e+44
7.650000e-16 2.737006e+22 7.491200e+44
7.700000e-16 2.672416e+22 7.141805e+44
7.750000e-16 2.605738e+22 6.789869e+44
7.800000e-16 2.537038e+22 6.436564e+44
7.850000e-16 2.466387e+22 6.083064e+44
7.900000e-16 2.393855e+22 5.730542e+44
7.950000e-16 2.319518e+22 5.380165e+44
8.000000e-16 2.243455e+22 5.033089e+44
8.050000e-16 2.165745e+22 4.690451e+44
8.100000e-16 2.086472e+22 4.353367e+44
8.150000e-16 2.005723e+22 4.022924e+44
8.200000e-16 1.923584e+22 3.700176e+44
8.250000e-16 1.840148e+22 3.386143e+44
8.300000e-16 1.755505e+22 3.081798e+44
8.350000e-16 1.669752e+22 2.788071e+44
8.400000e-16 1.582984e+22 2.505838e+44
8.450000e-16 1.495300e+22 2.235922e+44
8.500000e-16 1.406800e+22 1.979085e+44
8.550000e-16 1.317585e+22 1.736029e+44
8.600000e-16 1.227757e+22 1.507387e+44
8.650000e-16 1.137421e+22 1.293727e+44
8.700000e-16 1.046682e+22 1.095542e+44
8.750000e-16 9.556441e+21 9.132557e+43
8.800000e-16 8.644152e+21 7.472137e+43
8.850000e-16 7.731018e+21 5.976864e+43
8.900000e-16 6.818113e+21 4.648667e+43
8.950000e-16 5.906513e+21 3.488689e+43
9.000000e-16 4.997294e+21 2.497294e+43
9.050000e-16 4.091532e+21 1.674063e+43
9.100000e-16 3.190301e+21 1.017802e+43
9.150000e-16 2.294670e+21 5.265513e+42
9.200000e-16 1.405704e+21 1.976003e+42
9.250000e-16 5.244571e+20 2.750553e+41
9.300000e-16 -3.480217e+20 1.211191e+41
9.350000e-16 -1.210696e+21 1.465784e+42
9.400000e-16 -2.062540e+21 4.254072e+42
9.450000e-16 -2.902544e+21 8.424759e+42
9.500000e-16 -3.729710e+21 1.391074e+43
9.550000e-16 -4.543059e+21 2.063939e+43
9.600000e-16 -5.341631e+21 2.853302e+43
9.650000e-16 -6.124483e+21 3.750930e+43
9.700000e-16 -6.890695e+21 4.748168e+43
9.750000e-16 -7.639369e+21 5.835996e+43
9.800000e-16 -8.369631e+21 7.005073e+43
9.850000e-16 -9.080632e+21 8.245788e+43
9.900000e-16 -9.771550e+21 9.548319e+43
9.950000e-16 -1.044159e+22 1.090268e+44
1.000000e-15 -1.108999e+22 1.229878e+44
1.005000e-15 -1.171601e+22 1.372648e+44
1.010000e-15 -1.231894e+22 1.517564e+44
1.015000e-15 -1.289813e+22 1.663617e+44
1.020000e-15 -1.345292e+22 1.809811e+44
1.025000e-15 -1.398272e+22 1.955166e+44
1.030000e-15 -1.448696e+22 2.098721e+44
1.035000e-15 -1.496511e+22 2.239546e+44
1.040000e-15 -1.541667e+22 2.376738e+44
1.045000e-15 -1.584119e+22 2.509433e+44
1.050000e-15 -1.623825e+22 2.636807e+44
1.055000e-15 -1.660747e+22 2.758080e+44
1.060000e-15 -1.694851e+22 2.872520e+44
1.065000e-15 -1.726108e+22 2.979448e+44
1.070000e-15 -1.754492e+22 3.078240e+44
1.075000e-15 -1.779980e+22 3.168330e+44
1.080000e-15 -1.802557e+22 3.249213e+44
1.085000e-15 -1.822209e+22 3.320444e+44
1.090000e-15 -1.838926e+22 3.381647e+44
1.095000e-15 -1.852703e+22 3.432510e+44
1.100000e-15 -1.863541e+22 3.472787e+44
1.105000e-15 -1.871443e+22 3.502300e+44
1.110000e-15 -1.876417e+22 3.520940e+44
1.115000e-15 -1.878474e+22 3.528666e+44
1.120000e-15 -1.877632e+22 3.525501e+44
1.125000e-15 -1.873910e+22 3.511538e+44
1.130000e-15 -1.867333e+22 3.486932e+44
1.135000e-15 -1.857929e+22 3.451901e+44
1.140000e-15 -1.845732e+22 3.406728e+44
1.145000e-15 -1.830778e+22 3.351749e+44
1.150000e-15 -1.813107e+22 3.287359e+44
1.155000e-15 -1.792765e+22 3.214005e+44
1.160000e-15 -1.769798e+22 3.132186e+44
1.165000e-15 -1.744260e+22 3.042442e+44
1.170000e-15 -1.716205e+22 2.945358e+44
1.175000e-15 -1.685692e+22 2.841559e+44
1.180000e-15 -1.652785e+22 2.731699e+44
1.185000e-15 -1.617549e+22 2.616465e+44
1.190000e-15 -1.580053e+22 2.496568e+44
1.195000e-15 -1.540369e+22 2.372738e+44
1.200000e-15 -1.498573e+22 2.245722e+44
1.205000e-15 -1.454743e+22 2.116276e+44
1.210000e-15 -1.408958e+22 1.985164e+44
1.215000e-15 -1.361304e+22 1.853149e+44
1.220000e-15 -1.311865e+22 1.720991e+44
1.225000e-15 -1.260731e+22 1.589443e+44
1.230000e-15 -1.207991e+22 1.459243e+44
1.235000e-15 -1.153739e+22 1.331114e+44
1.240000e-15 -1.098068e+22 1.205754e+44
1.245000e-15 -1.041076e+22 1.083839e+44
1.250000e-15 -9.828592e+21 9.660123e+43
1.255000e-15 -9.235179e+21 8.528854e+43
1.260000e-15 -8.631526e+21 7.450323e+43
1.265000e-15 -8.018649e+21 6.429873e+43
1.270000e-15 -7.397577e+21 5.472415e+43
1.275000e-15 -6.769346e+21 4.582405e+43
1.280000e-15 -6.134998e+21 3.763820e+43
1.285000e-15 -5.495579e+21 3.020139e+43
1.290000e-15 -4.852141e+21 2.354327e+43
1.295000e-15 -4.205733e+21 1.768819e+43
1.300000e-15 -3.557409e+21 1.265516e+43
1.305000e-15 -2.908217e+21 8.457723e+42
1.310000e-15 -2.259203e+21 5.103998e+42
1.315000e-15 -1.611409e+21 2.596638e+42
1.320000e-15 -9.658678e+20 9.329006e+41
1.325000e-15 -3.236062e+20 1.047210e+41
1.330000e-15 3.143605e+20 9.882255e+40
1.335000e-15 9.470284e+20 8.968628e+41
1.340000e-15 1.573406e+21 2.475608e+42
1.345000e-15 2.192519e+21 4.807138e+42
1.350000e-15 2.803405e+21 7.859080e+42
1.355000e-15 3.405124e+21 1.159487e+43
1.360000e-15 3.996751e+21 1.597402e+43
1.365000e-15 4.577386e+21 2.095246e+43
1.370000e-15 5.146147e+21 2.648282e+43
1.375000e-15 5.702177e+21 3.251482e+43
1.380000e-15 6.244644e+21 3.899558e+43
1.385000e-15 6.772743e+21 4.587004e+43
1.390000e-15 7.285692e+21 5.308131e+43
1.395000e-15 7.782742e+21 6.057108e+43
1.400000e-15 8.263172e+21 6.828000e+43
1.405000e-15 8.726289e+21 7.614811e+43
1.410000e-15 9.171434e+21 8.411520e+43
1.415000e-15 9.597981e+21 9.212124e+43
1.420000e-15 1.000534e+22 1.001067e+44
1.425000e-15 1.039294e+22 1.080132e+44
1.430000e-15 1.076027e+22 1.157833e+44
1.435000e-15 1.110683e+22 1.233617e+44
1.440000e-15 1.143218e+22 1.306946e+44
1.445000e-15 1.173589e+22 1.377311e+44
1.450000e-15 1.201760e+22 1.444226e+44
1.455000e-15 1.227695e+22 1.507236e+44
1.460000e-15 1.251366e+22 1.565918e+44
1.465000e-15 1.272746e+22 1.619883e+44
1.470000e-15 1.291813e+22 1.668780e+44
1.475000e-15 1.308547e+22 1.712296e+44
1.480000e-15 1.322936e+22 1.750159e+44
1.485000e-15 1.334968e+22 1.782140e+44
1.490000e-15 1.344637e+22 1.808049e+44
1.495000e-15 1.351941e+22 1.827744e+44
1.500000e-15 1.356881e+22 1.841125e+44
1.505000e-15 1.359462e+22 1.848136e+44
1.510000e-15 1.359694e+22 1.848767e+44
1.515000e-15 1.357589e+22 1.843049e+44
1.520000e-15 1.353166e+22 1.831059e+44
1.525000e-15 1.346445e+22 1.812914e+44
1.530000e-15 1.337450e+22 1.788772e+44
1.535000e-15 1.326209e+22 1.758831e+44
1.540000e-15 1.312756e+22 1.723327e+44
1.545000e-15 1.297124e+22 1.682531e+44
1.550000e-15 1.279353e+22 1.636745e+44
1.555000e-15 1.259486e+22 1.586306e+44
1.560000e-15 1.237568e+22 1.531575e+44
1.565000e-15 1.213649e+22 1.472943e+44
1.570000e-15 1.187779e+22 1.410819e+44
1.575000e-15 1.160015e+22 1.345635e+44
1.580000e-15 1.130415e+22 1.277838e+44
1.585000e-15 1.099039e+22 1.207887e+44
1.590000e-15 1.065952e+22 1.136253e+44
1.595000e-15 1.031218e+22 1.063412e+44
1.600000e-15 9.949086e+21 9.898432e+43
1.605000e-15 9.570932e+21 9.160273e+43
1.610000e-15 9.178453e+21 8.424401e+43
1.615000e-15 8.772406e+21 7.695511e+43
1.620000e-15 8.353563e+21 6.978202e+43
1.625000e-15 7.922717e+21 6.276945e+43
1.630000e-15 7.480676e+21 5.596051e+43
1.635000e-15 7.028264e+21 4.939649e+43
1.640000e-15 6.566319e+21 4.311654e+43
1.645000e-15 6.095690e+21 3.715744e+43
1.650000e-15 5.617239e+21 3.155338e+43
1.655000e-15 5.131837e+21 2.633575e+43
1.660000e-15 4.640361e+21 2.153295e+43
1.665000e-15 4.143695e+21 1.717021e+43
1.670000e-15 3.642729e+21 1.326948e+43
1.675000e-15 3.138356e+21 9.849278e+42
1.680000e-15 2.631469e+21 6.924628e+42
1.685000e-15 2.122962e+21 4.506968e+42
1.690000e-15 1.613729e+21 2.604120e+42
1.695000e-15 1.104658e+21 1.220270e+42
1.700000e-15 5.966364e+20 3.559750e+41
1.705000e-15 9.054258e+19 8.197959e+39
1.710000e-15 -4.127513e+20 1.703636e+41
1.715000e-15 -9.123820e+20 8.324408e+41
1.720000e-15 -1.407497e+21 1.981047e+42
1.725000e-15 -1.897255e+21 3.599576e+42
1.730000e-15 -2.380828e+21 5.668342e+42
1.735000e-15 -2.857404e+21 8.164755e+42
1.740000e-15 -3.326184e+21 1.106350e+43
1.745000e-15 -3.786389e+21 1.433674e+43
1.750000e-15 -4.237258e+21 1.795435e+43
1.755000e-15 -4.678047e+21 2.188413e+43
1.760000e-15 -5.108038e+21 2.609205e+43
1.765000e-15 -5.526530e+21 3.054253e+43
1.770000e-15 -5.932849e+21 3.519869e+43
1.775000e-15 -6.326342e+21 4.002261e+43
1.780000e-15 -6.706386e+21 4.497561e+43
1.785000e-15 -7.072379e+21 5.001854e+43
1.790000e-15 -7.423750e+21 5.511206e+43
1.795000e-15 -7.759955e+21 6.021690e+43
1.800000e-15 -8.080478e+21 6.529413e+43
1.805000e-15 -8.384835e+21 7.030546e+43
1.810000e-15 -8.672571e+21 7.521349e+43
1.815000e-15 -8.943262e+21 7.998194e+43
1.820000e-15 -9.196517e+21 8.457593e+43
1.825000e-15 -9.431976e+21 8.896217e+43
1.830000e-15 -9.649313e+21 9.310923e+43
1.835000e-15 -9.848233e+21 9.698770e+43
1.840000e-15 -1.002848e+22 1.005704e+44
1.845000e-15 -1.018982e+22 1.038325e+44
1.850000e-15 -1.033208e+22 1.067518e+44
1.855000e-15 -1.045508e+22 1.093087e+44
1.860000e-15 -1.055871e+22 1.114864e+44
1.865000e-15 -1.064288e+22 1.132710e+44
1.870000e-15 -1.070754e+22 1.146515e+44
1.875000e-15 -1.075267e+22 1.156200e+44
1.880000e-15 -1.077829e+22 1.161715e+44
1.885000e-15 -1.078444e+22 1.163042e+44
1.890000e-15 -1.077121e+22 1.160190e+44
1.895000e-15 -1.073873e+22 1.153202e+44
1.900000e-15 -1.068713e+22 1.142147e+44
1.905000e-15 -1.061661e+22 1.127124e+44
1.910000e-15 -1.052738e+22 1.108257e+44
1.915000e-15 -1.041970e+22 1.085701e+44
1.920000e-15 -1.029384e+22 1.059632e+44
1.925000e-15 -1.015012e+22 1.030250e+44
1.930000e-15 -9.988883e+21 9.977778e+43
1.935000e-15 -9.810496e+21 9.624584e+43
1.940000e-15 -9.615364e+21 9.245522e+43
1.945000e-15 -9.403914e+21 8.843360e+43
1.950000e-15 -9.176603e+21 8.421004e+43
1.955000e-15 -8.933912e+21 7.981479e+43
1.960000e-15 -8.676350e+21 7.527905e+43
1.965000e-15 -8.404448e+21 7.063474e+43
1.970000e-15 -8.118760e+21 6.591426e+43
1.975000e-15 -7.819863e+21 6.115026e+43
1.980000e-15 -7.508357e+21 5.637542e+43
1.985000e-15 -7.184857e+21 5.162217e+43
1.990000e-15 -6.850000e+21 4.692251e+43
1.995000e-15 -6.504441e+21 4.230776e+43
2.000000e-15 -6.148850e+21 3.780836e+43
2.005000e-15 -5.783911e+21 3.345363e+43
2.010000e-15 -5.410324e+21 2.927160e+43
2.015000e-15 -5.028799e+21 2.528882e+43
2.020000e-15 -4.640060e+21 2.153016e+43
2.025000e-15 -4.244838e+21 1.801865e+43
2.030000e-15 -3.843873e+21 1.477536e+43
2.035000e-15 -3.437914e+21 1.181925e+43
2.040000e-15 -3.027714e+21 9.167050e+42
2.045000e-15 -2.614030e+21 6.833153e+42
2.050000e-15 -2.197624e+21 4.829549e+42
2.055000e-15 -1.779257e+21 3.165755e+42
2.060000e-15 -1.359692e+21 1.848763e+42
2.065000e-15 -9.396916e+20 8.830204e+41
2.070000e-15 -5.200138e+20 2.704144e+41
2.075000e-15 -1.014141e+20 1.028482e+40
2.080000e-15 3.153574e+20 9.945027e+40
2.085000e-15 7.295569e+20 5.322533e+41
2.090000e-15 1.140449e+21 1.300623e+42
2.095000e-15 1.547306e+21 2.394155e+42
2.100000e-15 1.949412e+21 3.800206e+42
2.105000e-15 2.346061e+21 5.504003e+42
2.110000e-15 2.736562e+21 7.488774e+42
2.115000e-15 3.120237e+21 9.735878e+42
2.120000e-15 3.496422e+21 1.222496e+43
2.125000e-15 3.864469e+21 1.493412e+43
2.130000e-15 4.223751e+21 1.784007e+43
2.135000e-15 4.573655e+21 2.091832e+43
2.140000e-15 4.913590e+21 2.414337e+43
2.145000e-15 5.242985e+21 2.748889e+43
2.150000e-15 5.561289e+21 3.092793e+43
2.155000e-15 5.867975e+21 3.443313e+43
2.160000e-15 6.162539e+21 3.797688e+43
2.165000e-15 6.444499e+21 4.153157e+43
2.170000e-15 6.713401e+21 4.506975e+43
2.175000e-15 6.968813e+21 4.856435e+43
2.180000e-15 7.210332e+21 5.198888e+43
2.185000e-15 7.437579e+21 5.531758e+43
2.190000e-15 7.650205e+21 5.852563e+43
2.195000e-15 7.847887e+21 6.158933e+43
2.200000e-15 8.030331e+21 6.448622e+43
2.205000e-15 8.197273e+21 6.719528e+43
2.210000e-15 8.348475e+21 6.969703e+43
2.215000e-15 8.483730e+21 7.197368e+43
2.220000e-15 8.602863e+21 7.400925e+43
2.225000e-15 8.705725e+21 7.578965e+43
2.230000e-15 8.792200e+21 7.730278e+43
2.235000e-15 8.862200e+21 7.853859e+43
2.240000e-15 8.915669e+21 7.948916e+43
2.245000e-15 8.952580e+21 8.014869e+43
2.250000e-15 8.972936e+21 8.051358e+43
2.255000e-15 8.976771e+21 8.058242e+43
2.260000e-15 8.964148e+21 8.035596e+43
2.265000e-15 8.935160e+21 7.983709e+43
2.270000e-15 8.889929e+21 7.903084e+43
2.275000e-15 8.828606e+21 7.794428e+43
2.280000e-15 8.751371e+21 7.658649e+43
2.285000e-15 8.658431e+21 7.496842e+43
2.290000e-15 8.550021e+21 7.310287e+43
2.295000e-15 8.426406e+21 7.100432e+43
2.300000e-15 8.287873e+21 6.868884e+43
2.305000e-15 8.134738e+21 6.617396e+43
2.310000e-15 7.967341e+21 6.347852e+43
2.315000e-15 7.786047e+21 6.062252e+43
2.320000e-15 7.591245e+21 5.762699e+43
2.325000e-15 7.383346e+21 5.451380e+43
2.330000e-15 7.162785e+21 5.130548e+43
2.335000e-15 6.930016e+21 4.802512e+43
2.340000e-15 6.685515e+21 4.469612e+43
2.345000e-15 6.429778e+21 4.134205e+43
2.350000e-15 6.163318e+21 3.798649e+43
2.355000e-15 5.886665e+21 3.465283e+43
2.360000e-15 5.600368e+21 3.136413e+43
2.365000e-15 5.304990e+21 2.814292e+43
2.370000e-15 5.001106e+21 2.501107e+43
2.375000e-15 4.689309e+21 2.198962e+43
2.380000e-15 4.370201e+21 1.909865e+43
2.385000e-15 4.044394e+21 1.635712e+43
2.390000e-15 3.712513e+21 1.378275e+43
2.395000e-15 3.375189e+21 1.139190e+43
2.400000e-15 3.033062e+21 9.199467e+42
2.405000e-15 2.686778e+21 7.218776e+42
2.410000e-15 2.336987e+21 5.461507e+42
2.415000e-15 1.984344e+21 3.937619e+42
2.420000e-15 1.629505e+21 2.655288e+42
2.425000e-15 1.273131e+21 1.620863e+42
2.430000e-15 9.158802e+20 8.388365e+41
2.435000e-15 5.584100e+20 3.118217e+41
2.440000e-15 2.013767e+20 4.055258e+40
2.445000e-15 -1.545671e+20 2.389098e+40
2.450000e-15 -5.087732e+20 2.588502e+41
2.455000e-15 -8.605994e+20 7.406313e+41
2.460000e-15 -1.209410e+21 1.462672e+42
2.465000e-15 -1.554577e+21 2.416710e+42
2.470000e-15 -1.895483e+21 3.592854e+42
2.475000e-15 -2.231518e+21 4.979670e+42
2.480000e-15 -2.562085e+21 6.564279e+42
2.485000e-15 -2.886600e+21 8.332459e+42
2.490000e-15 -3.204491e+21 1.026876e+43
2.495000e-15 -3.515200e+21 1.235663e+43
2.500000e-15 -3.818186e+21 1.457854e+43
2.505000e-15 -4.112922e+21 1.691613e+43
2.510000e-15 -4.398899e+21 1.935032e+43
2.515000e-15 -4.675628e+21 2.186149e+43
2.520000e-15 -4.942635e+21 2.442964e+43
2.525000e-15 -5.199468e+21 2.703446e+43
2.530000e-15 -5.445694e+21 2.965559e+43
2.535000e-15 -5.680904e+21 3.227266e+43
2.540000e-15 -5.904706e+21 3.486555e+43
2.545000e-15 -6.116734e+21 3.741444e+43
2.550000e-15 -6.316645e+21 3.990000e+43
2.555000e-15 -6.504116e+21 4.230352e+43
2.560000e-15 -6.678852e+21 4.460706e+43
2.565000e-15 -6.840579e+21 4.679353e+43
2.570000e-15 -6.989052e+21 4.884684e+43
2.575000e-15 -7.124046e+21 5.075204e+43
2.580000e-15 -7.245367e+21 5.249534e+43
2.585000e-15 -7.352842e+21 5.406428e+43
2.590000e-15 -7.446326e+21 5.544778e+43
2.595000e-15 -7.525702e+21 5.663619e+43
2.600000e-15 -7.590876e+21 5.762140e+43
2.605000e-15 -7.641783e+21 5.839684e+43
2.610000e-15 -7.678382e+21 5.895754e+43
2.615000e-15 -7.700660e+21 5.930016e+43
2.620000e-15 -7.708631e+21 5.942298e+43
2.625000e-15 -7.702333e+21 5.932593e+43
2.630000e-15 -7.681831e+21 5.901053e+43
2.635000e-15 -7.647217e+21 5.847993e+43
2.640000e-15 -7.598608e+21 5.773884e+43
2.645000e-15 -7.536144e+21 5.679346e+43
2.650000e-15 -7.459992e+21 5.565148e+43
2.655000e-15 -7.370344e+21 5.432198e+43
2.660000e-15 -7.267415e+21 5.281532e+43
2.665000e-15 -7.151444e+21 5.114315e+43
2.670000e-15 -7.022692e+21 4.931820e+43
2.675000e-15 -6.881444e+21 4.735427e+43
2.680000e-15 -6.728005e+21 4.526606e+43
2.685000e-15 -6.562705e+21 4.306909e+43
2.690000e-15 -6.385889e+21 4.077958e+43
2.695000e-15 -6.197928e+21 3.841431e+43
2.700000e-15 -5.999206e+21 3.599048e+43
2.705000e-15 -5.790131e+21 3.352562e+43
2.710000e-15 -5.571124e+21 3.103743e+43
2.715000e-15 -5.342626e+21 2.854366e+43
2.720000e-15 -5.105092e+21 2.606197e+43
2.725000e-15 -4.858993e+21 2.360981e+43
2.730000e-15 -4.604812e+21 2.120429e+43
2.735000e-15 -4.343047e+21 1.886206e+43
2.740000e-15 -4.074209e+21 1.659918e+43
2.745000e-15 -3.798818e+21 1.443102e+43
2.750000e-15 -3.517404e+21 1.237213e+43
2.755000e-15 -3.230509e+21 1.043619e+43
2.760000e-15 -2.938680e+21 8.635842e+42
2.765000e-15 -2.642473e+21 6.982666e+42
2.770000e-15 -2.342450e+21 5.487072e+42
2.775000e-15 -2.039176e+21 4.158240e+42
2.780000e-15 -1.733223e+21 3.004061e+42
2.785000e-15 -1.425163e+21 2.031090e+42
2.790000e-15 -1.115572e+21 1.244501e+42
2.795000e-15 -8.050259e+20 6.480667e+41
2.800000e-15 -4.941000e+20 2.441348e+41
2.805000e-15 -1.833689e+20 3.362416e+40
2.810000e-15 1.265956e+20 1.602644e+40
2.815000e-15 4.352249e+20 1.894207e+41
2.820000e-15 7.419550e+20 5.504972e+41
2.825000e-15 1.046227e+21 1.094592e+42
2.830000e-15 1.347490e+21 1.815729e+42
2.835000e-15 1.645198e+21 2.706676e+42
2.840000e-15 1.938815e+21 3.759005e+42
2.845000e-15 2.227815e+21 4.963161e+42
2.850000e-15 2.511681e+21 6.308543e+42
2.855000e-15 2.789908e+21 7.783588e+42
2.860000e-15 3.062003e+21 9.375862e+42
2.865000e-15 3.327485e+21 1.107216e+43
2.870000e-15 3.585889e+21 1.285860e+43
2.875000e-15 3.836763e+21 1.472075e+43
2.880000e-15 4.079671e+21 1.664371e+43
2.885000e-15 4.314191e+21 1.861225e+43
2.890000e-15 4.539923e+21 2.061090e+43
2.895000e-15 4.756479e+21 2.262409e+43
2.900000e-15 4.963492e+21 2.463625e+43
2.905000e-15 5.160613e+21 2.663193e+43
2.910000e-15 5.347515e+21 2.859591e+43
2.915000e-15 5.523886e+21 3.051331e+43
2.920000e-15 5.689438e+21 3.236970e+43
2.925000e-15 5.843903e+21 3.415120e+43
2.930000e-15 5.987034e+21 3.584458e+43
2.935000e-15 6.118607e+21 3.743735e+43
2.940000e-15 6.238418e+21 3.891786e+43
2.945000e-15 6.346287e+21 4.027535e+43
2.950000e-15 6.442055e+21 4.150007e+43
2.955000e-15 6.525586e+21 4.258328e+43
2.960000e-15 6.596770e+21 4.351737e+43
2.965000e-15 6.655515e+21 4.429589e+43
2.970000e-15 6.701757e+21 4.491355e+43
2.975000e-15 6.735452e+21 4.536632e+43
2.980000e-15 6.756580e+21 4.565138e+43
2.985000e-15 6.765146e+21 4.576719e+43
2.990000e-15 6.761174e+21 4.571347e+43
2.995000e-15 6.744715e+21 4.549118e+43
3.000000e-15 6.715841e+21 4.510253e+43
3.005000e-15 6.674648e+21 4.455092e+43
3.010000e-15 6.621251e+21 4.384096e+43
3.015000e-15 6.555790e+21 4.297839e+43
3.020000e-15 6.478427e+21 4.197002e+43
3.025000e-15 6.389343e+21 4.082371e+43
3.030000e-15 6.288742e+21 3.954828e+43
3.035000e-15 6.176847e+21 3.815344e+43
3.040000e-15 6.053902e+21 3.664973e+43
3.045000e-15 5.920170e+21 3.504842e+43
3.050000e-15 5.775934e+21 3.336141e+43
3.055000e-15 5.621494e+21 3.160119e+43
3.060000e-15 5.457167e+21 2.978068e+43
3.065000e-15 5.283291e+21 2.791316e+43
3.070000e-15 5.100216e+21 2.601220e+43
3.075000e-15 4.908309e+21 2.409150e+43
3.080000e-15 4.707955e+21 2.216484e+43
3.085000e-15 4.499549e+21 2.024594e+43
3.090000e-15 4.283502e+21 1.834839e+43
3.095000e-15 4.060237e+21 1.648552e+43
3.100000e-15 3.830189e+21 1.467035e+43
3.105000e-15 3.593804e+21 1.291542e+43
3.110000e-15 3.351538e+21 1.123280e+43
3.115000e-15 3.103856e+21 9.633923e+42
3.120000e-15 2.851233e+21 8.129532e+42
3.125000e-15 2.594151e+21 6.729618e+42
3.130000e-15 2.333096e+21 5.443338e+42
3.135000e-15 2.068564e+21 4.278956e+42
3.140000e-15 1.801052e+21 3.243788e+42
3.145000e-15 1.531063e+21 2.344155e+42
3.150000e-15 1.259103e+21 1.585341e+42
3.155000e-15 9.856787e+20 9.715626e+41
3.160000e-15 7.112988e+20 5.059460e+41
3.165000e-15 4.364718e+20 1.905076e+41
3.170000e-15 1.617054e+20 2.614864e+40
3.175000e-15 -1.124942e+20 1.265495e+40
3.180000e-15 -3.856238e+20 1.487057e+41
3.185000e-15 -6.571836e+20 4.318902e+41
3.190000e-15 -9.266782e+20 8.587324e+41
3.195000e-15 -1.193618e+21 1.424723e+42
3.200000e-15 -1.457519e+21 2.124361e+42
3.205000e-15 -1.717904e+21 2.951195e+42
3.210000e-15 -1.974306e+21 3.897884e+42
3.215000e-15 -2.226264e+21 4.956253e+42
3.220000e-15 -2.473329e+21 6.117355e+42
3.225000e-15 -2.715060e+21 7.371550e+42
3.230000e-15 -2.951029e+21 8.708571e+42
3.235000e-15 -3.180819e+21 1.011761e+43
3.240000e-15 -3.404027e+21 1.158740e+43
3.245000e-15 -3.620262e+21 1.310630e+43
3.250000e-15 -3.829147e+21 1.466237e+43
3.255000e-15 -4.030321e+21 1.624348e+43
3.260000e-15 -4.223436e+21 1.783741e+43
3.265000e-15 -4.408163e+21 1.943190e+43
3.270000e-15 -4.584186e+21 2.101477e+43
3.275000e-15 -4.751210e+21 2.257399e+43
3.280000e-15 -4.908953e+21 2.409782e+43
3.285000e-15 -5.057154e+21 2.557481e+43
3.290000e-15 -5.195570e+21 2.699395e+43
3.295000e-15 -5.323975e+21 2.834471e+43
3.300000e-15 -5.442164e+21 2.961715e+43
3.305000e-15 -5.549951e+21 3.080196e+43
3.310000e-15 -5.647168e+21 3.189051e+43
3.315000e-15 -5.733670e+21 3.287497e+43
3.320000e-15 -5.809328e+21 3.374830e+43
3.325000e-15 -5.874038e+21 3.450433e+43
3.330000e-15 -5.927713e+21 3.513779e+43
3.335000e-15 -5.970288e+21 3.564434e+43
3.340000e-15 -6.001718e+21 3.602062e+43
3.345000e-15 -6.021979e+21 3.626423e+43
3.350000e-15 -6.031067e+21 3.637377e+43
3.355000e-15 -6.029000e+21 3.634884e+43
3.360000e-15 -6.015814e+21 3.619002e+43
3.365000e-15 -5.991567e+21 3.589887e+43
3.370000e-15 -5.956337e+21 3.547795e+43
3.375000e-15 -5.910222e+21 3.493073e+43
3.380000e-15 -5.853340e+21 3.426159e+43
3.385000e-15 -5.785826e+21 3.347578e+43
3.390000e-15 -5.707838e+21 3.257941e+43
3.395000e-15 -5.619549e+21 3.157933e+43
3.400000e-15 -5.521153e+21 3.048313e+43
3.405000e-15 -5.412861e+21 2.929906e+43
3.410000e-15 -5.294901e+21 2.803598e+43
3.415000e-15 -5.167520e+21 2.670326e+43
3.420000e-15 -5.030979e+21 2.531075e+43
3.425000e-15 -4.885558e+21 2.386867e+43
3.430000e-15 -4.731548e+21 2.238755e+43
3.435000e-15 -4.569260e+21 2.087814e+43
3.440000e-15 -4.399016e+21 1.935134e+43
3.445000e-15 -4.221153e+21 1.781814e+43
3.450000e-15 -4.036021e+21 1.628946e+43
3.455000e-15 -3.843980e+21 1.477618e+43
3.460000e-15 -3.645406e+21 1.328898e+43
3.465000e-15 -3.440682e+21 1.183829e+43
3.470000e-15 -3.230202e+21 1.043421e+43
3.475000e-15 -3.014372e+21 9.086436e+42
3.480000e-15 -2.793603e+21 7.804215e+42
3.485000e-15 -2.568316e+21 6.596245e+42
3.490000e-15 -2.338938e+21 5.470632e+42
3.495000e-15 -2.105904e+21 4.434832e+42
3.500000e-15 -1.869653e+21 3.495602e+42
3.505000e-15 -1.630628e+21 2.658949e+42
3.510000e-15 -1.389278e+21 1.930094e+42
3.515000e-15 -1.146053e+21 1.313437e+42
3.520000e-15 -9.014058e+20 8.125324e+41
3.525000e-15 -6.557907e+20 4.300615e+41
3.530000e-15 -4.096624e+20 1.678233e+41
3.535000e-15 -1.634752e+20 2.672413e+40
3.540000e-15 8.231802e+19 6.776256e+39
3.545000e-15 3.272660e+20 1.071031e+41
3.550000e-15 5.709207e+20 3.259504e+41
3.555000e-15 8.128374e+20 6.607046e+41
3.560000e-15 1.052576e+21 1.107916e+42
3.565000e-15 1.289702e+21 1.663331e+42
3.570000e-15 1.523786e+21 2.321923e+42
3.575000e-15 1.754406e+21 3.077940e+42
3.580000e-15 1.981148e+21 3.924946e+42
3.585000e-15 2.203605e+21 4.855874e+42
3.590000e-15 2.421380e+21 5.863083e+42
3.595000e-15 2.634087e+21 6.938413e+42
3.600000e-15 2.841347e+21 8.073252e+42
3.605000e-15 3.042795e+21 9.258599e+42
3.610000e-15 3.238076e+21 1.048513e+43
3.615000e-15 3.426848e+21 1.174329e+43
3.620000e-15 3.608782e+21 1.302331e+43
3.625000e-15 3.783563e+21 1.431535e+43
3.630000e-15 3.950889e+21 1.560952e+43
3.635000e-15 4.110472e+21 1.689598e+43
3.640000e-15 4.262040e+21 1.816499e+43
3.645000e-15 4.405338e+21 1.940700e+43
3.650000e-15 4.540123e+21 2.061272e+43
3.655000e-15 4.666172e+21 2.177316e+43
3.660000e-15 4.783276e+21 2.287973e+43
3.665000e-15 4.891246e+21 2.392428e+43
3.670000e-15 4.989906e+21 2.489916e+43
3.675000e-15 5.079101e+21 2.579727e+43
3.680000e-15 5.158694e+21 2.661212e+43
3.685000e-15 5.228563e+21 2.733787e+43
3.690000e-15 5.288606e+21 2.796936e+43
3.695000e-15 5.338741e+21 2.850215e+43
3.700000e-15 5.378901e+21 2.893257e+43
3.705000e-15 5.409039e+21 2.925771e+43
3.710000e-15 5.429128e+21 2.947544e+43
3.715000e-15 5.439158e+21 2.958444e+43
3.720000e-15 5.439137e+21 2.958421e+43
3.725000e-15 5.429092e+21 2.947504e+43
3.730000e-15 5.409069e+21 2.925803e+43
3.735000e-15 5.379132e+21 2.893506e+43
3.740000e-15 5.339361e+21 2.850878e+43
3.745000e-15 5.289858e+21 2.798259e+43
3.750000e-15 5.230737e+21 2.736061e+43
3.755000e-15 5.162135e+21 2.664764e+43
3.760000e-15 5.084202e+21 2.584911e+43
3.765000e-15 4.997107e+21 2.497108e+43
3.770000e-15 4.901034e+21 2.402014e+43
3.775000e-15 4.796184e+21 2.300338e+43
3.780000e-15 4.682773e+21 2.192836e+43
3.785000e-15 4.561032e+21 2.080301e+43
3.790000e-15 4.431207e+21 1.963559e+43
3.795000e-15 4.293558e+21 1.843464e+43
3.800000e-15 4.148359e+21 1.720888e+43
3.805000e-15 3.995897e+21 1.596719e+43
3.810000e-15 3.836472e+21 1.471851e+43
3.815000e-15 3.670394e+21 1.347179e+43
3.820000e-15 3.497987e+21 1.223592e+43
3.825000e-15 3.319585e+21 1.101965e+43
3.830000e-15 3.135531e+21 9.831557e+42
3.835000e-15 2.946179e+21 8.679972e+42
3.840000e-15 2.751891e+21 7.572904e+42
3.845000e-15 2.553037e+21 6.517996e+42
3.850000e-15 2.349994e+21 5.522471e+42
3.855000e-15 2.143147e+21 4.593079e+42
3.860000e-15 1.932887e+21 3.736050e+42
3.865000e-15 1.719608e+21 2.957052e+42
3.870000e-15 1.503712e+21 2.261148e+42
3.875000e-15 1.285601e+21 1.652770e+42
3.880000e-15 1.065683e+21 1.135681e+42
3.885000e-15 8.443677e+20 7.129568e+41
3.890000e-15 6.220649e+20 3.869647e+41
3.895000e-15 3.991863e+20 1.593497e+41
3.900000e-15 1.761435e+20 3.102654e+40
3.905000e-15 -4.665283e+19 2.176487e+39
3.910000e-15 -2.687935e+20 7.224993e+40
3.915000e-15 -4.898714e+20 2.399740e+41
3.920000e-15 -7.094827e+20 5.033657e+41
3.925000e-15 -9.272269e+20 8.597498e+41
3.930000e-15 -1.142708e+21 1.305782e+42
3.935000e-15 -1.355536e+21 1.837479e+42
3.940000e-15 -1.565326e+21 2.450245e+42
3.945000e-15 -1.771699e+21 3.138917e+42
3.950000e-15 -1.974284e+21 3.897799e+42
3.955000e-15 -2.172719e+21 4.720707e+42
3.960000e-15 -2.366648e+21 5.601023e+42
3.965000e-15 -2.555726e+21 6.531736e+42
3.970000e-15 -2.739618e+21 7.505505e+42
3.975000e-15 -2.917997e+21 8.514709e+42
3.980000e-15 -3.090551e+21 9.551505e+42
3.985000e-15 -3.256975e+21 1.060789e+43
3.990000e-15 -3.416979e+21 1.167575e+43
3.995000e-15 -3.570285e+21 1.274693e+43
4.000000e-15 -3.716627e+21 1.381331e+43
4.005000e-15 -3.855752e+21 1.486683e+43
4.010000e-15 -3.987425e+21 1.589955e+43
4.015000e-15 -4.111419e+21 1.690377e+43
4.020000e-15 -4.227527e+21 1.787198e+43
4.025000e-15 -4.335554e+21 1.879703e+43
4.030000e-15 -4.435321e+21 1.967207e+43
4.035000e-15 -4.526665e+21 2.049070e+43
4.040000e-15 -4.609439e+21 2.124693e+43
4.045000e-15 -4.683512e+21 2.193529e+43
4.050000e-15 -4.748769e+21 2.255080e+43
4.055000e-15 -4.805110e+21 2.308908e+43
4.060000e-15 -4.852455e+21 2.354632e+43
4.065000e-15 -4.890739e+21 2.391933e+43
4.070000e-15 -4.919913e+21 2.420554e+43
4.075000e-15 -4.939945e+21 2.440306e+43
4.080000e-15 -4.950822e+21 2.451064e+43
4.085000e-15 -4.952545e+21 2.452770e+43
4.090000e-15 -4.945134e+21 2.445435e+43
4.095000e-15 -4.928624e+21 2.429133e+43
4.100000e-15 -4.903068e+21 2.404007e+43
4.105000e-15 -4.868534e+21 2.370263e+43
4.110000e-15 -4.825110e+21 2.328168e+43
4.115000e-15 -4.772894e+21 2.278052e+43
4.120000e-15 -4.712006e+21 2.220300e+43
4.125000e-15 -4.642578e+21 2.155353e+43
4.130000e-15 -4.564758e+21 2.083702e+43
4.135000e-15 -4.478710e+21 2.005885e+43
4.140000e-15 -4.384612e+21 1.922483e+43
4.145000e-15 -4.282657e+21 1.834115e+43
4.150000e-15 -4.173051e+21 1.741436e+43
4.155000e-15 -4.056014e+21 1.645125e+43
4.160000e-15 -3.931780e+21 1.545889e+43
4.165000e-15 -3.800594e+21 1.444452e+43
4.170000e-15 -3.662715e+21 1.341548e+43
4.175000e-15 -3.518412e+21 1.237922e+43
4.180000e-15 -3.367966e+21 1.134319e+43
4.185000e-15 -3.211669e+21 1.031482e+43
4.190000e-15 -3.049823e+21 9.301419e+42
4.195000e-15 -2.882738e+21 8.310179e+42
4.200000e-15 -2.710735e+21 7.348085e+42
4.205000e-15 -2.534142e+21 6.421878e+42
4.210000e-15 -2.353296e+21 5.538000e+42
4.215000e-15 -2.168538e+21 4.702557e+42
4.220000e-15 -1.980219e+21 3.921268e+42
4.225000e-15 -1.788694e+21 3.199426e+42
4.230000e-15 -1.594323e+21 2.541864e+42
4.235000e-15 -1.397470e+21 1.952922e+42
4.240000e-15 -1.198504e+21 1.436412e+42
4.245000e-15 -9.977964e+20 9.955976e+41
4.250000e-15 -7.957208e+20 6.331716e+41
4.255000e-15 -5.926525e+20 3.512370e+41
4.260000e-15 -3.889679e+20 1.512960e+41
4.265000e-15 -1.850434e+20 3.424106e+40
4.270000e-15 1.874474e+19 3.513654e+38
4.275000e-15 2.220215e+20 4.929356e+40
4.280000e-15 4.244138e+20 1.801271e+41
4.285000e-15 6.255507e+20 3.913137e+41
4.290000e-15 8.250648e+20 6.807319e+41
4.295000e-15 1.022592e+21 1.045695e+42
4.300000e-15 1.217774e+21 1.482973e+42
4.305000e-15 1.410256e+21 1.988821e+42
4.310000e-15 1.599689e+21 2.559005e+42
4.315000e-15 1.785732e+21 3.188839e+42
4.320000e-15 1.968050e+21 3.873221e+42
4.325000e-15 2.146316e+21 4.606671e+42
4.330000e-15 2.320210e+21 5.383373e+42
4.335000e-15 2.489422e+21 6.197220e+42
4.340000e-15 2.653651e+21 7.041863e+42
4.345000e-15 2.812606e+21 7.910752e+42
4.350000e-15 2.966006e+21 8.797192e+42
4.355000e-15 3.113581e+21 9.694389e+42
4.360000e-15 3.255073e+21 1.059550e+43
4.365000e-15 3.390235e+21 1.149369e+43
4.370000e-15 3.518831e+21 1.238217e+43
4.375000e-15 3.640641e+21 1.325426e+43
4.380000e-15 3.755454e+21 1.410344e+43
4.385000e-15 3.863076e+21 1.492335e+43
4.390000e-15 3.963324e+21 1.570793e+43
4.395000e-15 4.056029e+21 1.645137e+43
4.400000e-15 4.141040e+21 1.714821e+43
4.405000e-15 4.218215e+21 1.779333e+43
4.410000e-15 4.287430e+21 1.838206e+43
4.415000e-15 4.348576e+21 1.891012e+43
4.420000e-15 4.401559e+21 1.937372e+43
4.425000e-15 4.446298e+21 1.976957e+43
4.430000e-15 4.482730e+21 2.009487e+43
4.435000e-15 4.510807e+21 2.034738e+43
4.440000e-15 4.530495e+21 2.052538e+43
4.445000e-15 4.541776e+21 2.062773e+43
4.450000e-15 4.544649e+21 2.065384e+43
4.455000e-15 4.539128e+21 2.060368e+43
4.460000e-15 4.525240e+21 2.047780e+43
4.465000e-15 4.503030e+21 2.027728e+43
4.470000e-15 4.472558e+21 2.000378e+43
4.475000e-15 4.433898e+21 1.965946e+43
4.480000e-15 4.387140e+21 1.924700e+43
4.485000e-15 4.332387e+21 1.876958e+43
4.490000e-15 4.269759e+21 1.823084e+43
4.495000e-15 4.199387e+21 1.763486e+43
4.500000e-15 4.121420e+21 1.698610e+43
4.505000e-15 4.036017e+21 1.628943e+43
4.510000e-15 3.943352e+21 1.555002e+43
4.515000e-15 3.843612e+21 1.477335e+43
4.520000e-15 3.736996e+21 1.396514e+43
4.525000e-15 3.623717e+21 1.313132e+43
4.530000e-15 3.503997e+21 1.227799e+43
4.535000e-15 3.378071e+21 1.141137e+43
4.540000e-15 3.246186e+21 1.053772e+43
4.545000e-15 3.108597e+21 9.663375e+42
4.550000e-15 2.965570e+21 8.794607e+42
4.555000e-15 2.817382e+21 7.937640e+42
4.560000e-15 2.664316e+21 7.098579e+42
4.565000e-15 2.506665e+21 6.283372e+42
4.570000e-15 2.344731e+21 5.497764e+42
4.575000e-15 2.178821e+21 4.747260e+42
4.580000e-15 2.009249e+21 4.037082e+42
4.585000e-15 1.836337e+21 3.372133e+42
4.590000e-15 1.660410e+21 2.756962e+42
4.595000e-15 1.481800e+21 2.195730e+42
4.600000e-15 1.300841e+21 1.692187e+42
4.605000e-15 1.117873e+21 1.249639e+42
4.610000e-15 9.332365e+20 8.709304e+41
4.615000e-15 7.472769e+20 5.584228e+41
4.620000e-15 5.603396e+20 3.139805e+41
4.625000e-15 3.727715e+20 1.389586e+41
4.630000e-15 1.849200e+20 3.419540e+40
4.635000e-15 -2.867833e+18 8.224463e+36
4.640000e-15 -1.902456e+20 3.619341e+40
4.645000e-15 -3.768687e+20 1.420300e+41
4.650000e-15 -5.623942e+20 3.162873e+41
4.655000e-15 -7.464824e+20 5.572359e+41
4.660000e-15 -9.287965e+20 8.626630e+41
4.665000e-15 -1.109004e+21 1.229890e+42
4.670000e-15 -1.286777e+21 1.655795e+42
4.675000e-15 -1.461793e+21 2.136838e+42
4.680000e-15 -1.633734e+21 2.669086e+42
4.685000e-15 -1.802290e+21 3.248248e+42
4.690000e-15 -1.967156e+21 3.869704e+42
4.695000e-15 -2.128038e+21 4.528544e+42
4.700000e-15 -2.284645e+21 5.219602e+42
4.705000e-15 -2.436698e+21 5.937497e+42
4.710000e-15 -2.583926e+21 6.676675e+42
4.715000e-15 -2.726068e+21 7.431446e+42
4.720000e-15 -2.862871e+21 8.196033e+42
4.725000e-15 -2.994095e+21 8.964607e+42
4.730000e-15 -3.119510e+21 9.731340e+42
4.735000e-15 -3.238894e+21 1.049044e+43
4.740000e-15 -3.352042e+21 1.123619e+43
4.745000e-15 -3.458758e+21 1.196300e+43
4.750000e-15 -3.558856e+21 1.266546e+43
4.755000e-15 -3.652168e+21 1.333833e+43
4.760000e-15 -3.738534e+21 1.397664e+43
4.765000e-15 -3.817810e+21 1.457567e+43
4.770000e-15 -3.889864e+21 1.513104e+43
4.775000e-15 -3.954578e+21 1.563869e+43
4.780000e-15 -4.011848e+21 1.609492e+43
4.785000e-15 -4.061583e+21 1.649645e+43
4.790000e-15 -4.103707e+21 1.684041e+43
4.795000e-15 -4.138159e+21 1.712436e+43
4.800000e-15 -4.164890e+21 1.734631e+43
4.805000e-15 -4.183867e+21 1.750474e+43
4.810000e-15 -4.195071e+21 1.759862e+43
4.815000e-15 -4.198497e+21 1.762738e+43
4.820000e-15 -4.194155e+21 1.759094e+43
4.825000e-15 -4.182070e+21 1.748971e+43
4.830000e-15 -4.162278e+21 1.732456e+43
4.835000e-15 -4.134832e+21 1.709684e+43
4.840000e-15 -4.099800e+21 1.680836e+43
4.845000e-15 -4.057260e+21 1.646136e+43
4.850000e-15 -4.007307e+21 1.605851e+43
4.855000e-15 -3.950048e+21 1.560288e+43
4.860000e-15 -3.885605e+21 1.509792e+43
4.865000e-15 -3.814109e+21 1.454743e+43
4.870000e-15 -3.735709e+21 1.395552e+43
4.875000e-15 -3.650562e+21 1.332660e+43
4.880000e-15 -3.558840e+21 1.266534e+43
4.885000e-15 -3.460725e+21 1.197662e+43
4.890000e-15 -3.356412e+21 1.126550e+43
4.895000e-15 -3.246105e+21 1.053720e+43
4.900000e-15 -3.130021e+21 9.797032e+42
4.905000e-15 -3.008386e+21 9.050384e+42
4.910000e-15 -2.881435e+21 8.302666e+42
4.915000e-15 -2.749414e+21 7.559275e+42
4.920000e-15 -2.612576e+21 6.825554e+42
4.925000e-15 -2.471185e+21 6.106756e+42
4.930000e-15 -2.325511e+21 5.407999e+42
4.935000e-15 -2.175830e+21 4.734237e+42
4.940000e-15 -2.022429e+21 4.090219e+42
4.945000e-15 -1.865597e+21 3.480453e+42
4.950000e-15 -1.705632e+21 2.909180e+42
4.955000e-15 -1.542834e+21 2.380338e+42
4.960000e-15 -1.377512e+21 1.897538e+42
4.965000e-15 -1.209974e+21 1.464037e+42
4.970000e-15 -1.040535e+21 1.082713e+42
4.975000e-15 -8.695120e+20 7.560511e+41
4.980000e-15 -6.972240e+20 4.861213e+41
4.985000e-15 -5.239918e+20 2.745674e+41
4.990000e-15 -3.501375e+20 1.225963e+41
4.995000e-15 -1.759835e+20 3.097020e+40
5.000000e-15 -1.852278e+18 3.430935e+36
