0.000000e+00 nan nan
5.000000e-18 -7.859338e+13 6.176920e+27
1.000000e-17 -1.257355e+15 1.580942e+30
1.500000e-17 -6.364191e+15 4.050292e+31
2.000000e-17 -2.010881e+16 4.043640e+32
2.500000e-17 -4.907751e+16 2.408602e+33
3.000000e-17 -1.017259e+17 1.034817e+34
3.500000e-17 -1.883697e+17 3.548315e+34
4.000000e-17 -3.211731e+17 1.031521e+35
4.500000e-17 -5.141353e+17 2.643352e+35
5.000000e-17 -7.830756e+17 6.132074e+35
5.500000e-17 -1.145615e+18 1.312434e+36
6.000000e-17 -1.621157e+18 2.628151e+36
6.500000e-17 -2.230867e+18 4.976769e+36
7.000000e-17 -2.997648e+18 8.985893e+36
7.500000e-17 -3.946114e+18 1.557181e+37
8.000000e-17 -5.102564e+18 2.603616e+37
8.500000e-17 -6.494955e+18 4.218444e+37
9.000000e-17 -8.152865e+18 6.646921e+37
9.500000e-17 -1.010747e+19 1.021609e+38
1.000000e-16 -1.239149e+19 1.535489e+38
1.050000e-16 -1.503917e+19 2.261766e+38
1.100000e-16 -1.808625e+19 3.271125e+38
1.150000e-16 -2.156990e+19 4.652605e+38
1.200000e-16 -2.552868e+19 6.517135e+38
1.250000e-16 -3.000252e+19 9.001515e+38
1.300000e-16 -3.503267e+19 1.227288e+39
1.350000e-16 -4.066162e+19 1.653367e+39
1.400000e-16 -4.693309e+19 2.202715e+39
1.450000e-16 -5.389196e+19 2.904343e+39
1.500000e-16 -6.158424e+19 3.792619e+39
1.550000e-16 -7.005699e+19 4.907982e+39
1.600000e-16 -7.935828e+19 6.297737e+39
1.650000e-16 -8.953714e+19 8.016900e+39
1.700000e-16 -1.006435e+20 1.012911e+40
1.750000e-16 -1.127281e+20 1.270762e+40
1.800000e-16 -1.258425e+20 1.583633e+40
1.850000e-16 -1.400390e+20 1.961091e+40
1.900000e-16 -1.553704e+20 2.413996e+40
1.950000e-16 -1.718903e+20 2.954629e+40
2.000000e-16 -1.896529e+20 3.596820e+40
2.050000e-16 -2.087124e+20 4.356089e+40
2.100000e-16 -2.291241e+20 5.249784e+40
2.150000e-16 -2.509430e+20 6.297238e+40
2.200000e-16 -2.742247e+20 7.519920e+40
2.250000e-16 -2.990251e+20 8.941598e+40
2.300000e-16 -3.253999e+20 1.058851e+41
2.350000e-16 -3.534052e+20 1.248952e+41
2.400000e-16 -3.830969e+20 1.467632e+41
2.450000e-16 -4.145309e+20 1.718359e+41
2.500000e-16 -4.477630e+20 2.004917e+41
2.550000e-16 -4.828488e+20 2.331429e+41
2.600000e-16 -5.198435e+20 2.702372e+41
2.650000e-16 -5.588021e+20 3.122598e+41
2.700000e-16 -5.997791e+20 3.597350e+41
2.750000e-16 -6.428286e+20 4.132286e+41
2.800000e-16 -6.880040e+20 4.733495e+41
2.850000e-16 -7.353583e+20 5.407518e+41
2.900000e-16 -7.849435e+20 6.161363e+41
2.950000e-16 -8.368112e+20 7.002529e+41
3.000000e-16 -8.910118e+20 7.939019e+41
3.050000e-16 -9.475950e+20 8.979363e+41
3.100000e-16 -1.006610e+21 1.013263e+42
3.150000e-16 -1.068103e+21 1.140844e+42
3.200000e-16 -1.132122e+21 1.281701e+42
3.250000e-16 -1.198712e+21 1.436911e+42
3.300000e-16 -1.267917e+21 1.607614e+42
3.350000e-16 -1.339780e+21 1.795011e+42
3.400000e-16 -1.414342e+21 2.000364e+42
3.450000e-16 -1.491644e+21 2.225001e+42
3.500000e-16 -1.571723e+21 2.470314e+42
3.550000e-16 -1.654617e+21 2.737759e+42
3.600000e-16 -1.740362e+21 3.028859e+42
3.650000e-16 -1.828990e+21 3.345204e+42
3.700000e-16 -1.920534e+21 3.688449e+42
3.750000e-16 -2.015023e+21 4.060318e+42
3.800000e-16 -2.112487e+21 4.462600e+42
3.850000e-16 -2.212951e+21 4.897151e+42
3.900000e-16 -2.316439e+21 5.365892e+42
3.950000e-16 -2.422975e+21 5.870809e+42
4.000000e-16 -2.532579e+21 6.413954e+42
4.050000e-16 -2.645267e+21 6.997439e+42
4.100000e-16 -2.761058e+21 7.623439e+42
4.150000e-16 -2.879963e+21 8.294188e+42
4.200000e-16 -3.001996e+21 9.011978e+42
4.250000e-16 -3.127164e+21 9.779156e+42
4.300000e-16 -3.255476e+21 1.059812e+43
4.350000e-16 -3.386934e+21 1.147132e+43
4.400000e-16 -3.521543e+21 1.240126e+43
4.450000e-16 -3.659300e+21 1.339048e+43
4.500000e-16 -3.800204e+21 1.444155e+43
4.550000e-16 -3.944248e+21 1.555709e+43
4.600000e-16 -4.091425e+21 1.673976e+43
4.650000e-16 -4.241725e+21 1.799223e+43
4.700000e-16 -4.395134e+21 1.931720e+43
4.750000e-16 -4.551636e+21 2.071739e+43
4.800000e-16 -4.711213e+21 2.219553e+43
4.850000e-16 -4.873844e+21 2.375436e+43
4.900000e-16 -5.039505e+21 2.539661e+43
4.950000e-16 -5.208170e+21 2.712503e+43
5.000000e-16 -5.379809e+21 2.894234e+43
5.050000e-16 -5.554390e+21 3.085125e+43
5.100000e-16 -5.731880e+21 3.285444e+43
5.150000e-16 -5.912239e+21 3.495457e+43
5.200000e-16 -6.095429e+21 3.715425e+43
5.250000e-16 -6.281406e+21 3.945606e+43
5.300000e-16 -6.470124e+21 4.186250e+43
5.350000e-16 -6.661535e+21 4.437605e+43
5.400000e-16 -6.855589e+21 4.699910e+43
5.450000e-16 -7.052230e+21 4.973395e+43
5.500000e-16 -7.251403e+21 5.258285e+43
5.550000e-16 -7.453048e+21 5.554793e+43
5.600000e-16 -7.657103e+21 5.863123e+43
5.650000e-16 -7.863503e+21 6.183469e+43
5.700000e-16 -8.072182e+21 6.516012e+43
5.750000e-16 -8.283068e+21 6.860922e+43
5.800000e-16 -8.496089e+21 7.218354e+43
5.850000e-16 -8.711171e+21 7.588450e+43
5.900000e-16 -8.928235e+21 7.971338e+43
5.950000e-16 -9.147201e+21 8.367128e+43
6.000000e-16 -9.367986e+21 8.775916e+43
6.050000e-16 -9.590505e+21 9.197778e+43
6.100000e-16 -9.814670e+21 9.632775e+43
6.150000e-16 -1.004039e+22 1.008095e+44
6.200000e-16 -1.026758e+22 1.054231e+44
6.250000e-16 -1.049613e+22 1.101687e+44
6.300000e-16 -1.072596e+22 1.150461e+44
6.350000e-16 -1.095695e+22 1.200548e+44
6.400000e-16 -1.118902e+22 1.251943e+44
6.450000e-16 -1.142206e+22 1.304635e+44
6.500000e-16 -1.165596e+22 1.358615e+44
6.550000e-16 -1.189062e+22 1.413868e+44
6.600000e-16 -1.212592e+22 1.470380e+44
6.650000e-16 -1.236176e+22 1.528130e+44
6.700000e-16 -1.259801e+22 1.587100e+44
6.750000e-16 -1.283458e+22 1.647264e+44
6.800000e-16 -1.307133e+22 1.708597e+44
6.850000e-16 -1.330816e+22 1.771071e+44
6.900000e-16 -1.354494e+22 1.834653e+44
6.950000e-16 -1.378155e+22 1.899310e+44
7.000000e-16 -1.401787e+22 1.965006e+44
7.050000e-16 -1.425377e+22 2.031700e+44
7.100000e-16 -1.448913e+22 2.099350e+44
7.150000e-16 -1.472383e+22 2.167912e+44
7.200000e-16 -1.495773e+22 2.237338e+44
7.250000e-16 -1.519072e+22 2.307579e+44
7.300000e-16 -1.542265e+22 2.378581e+44
7.350000e-16 -1.565340e+22 2.450289e+44
7.400000e-16 -1.588284e+22 2.522645e+44
7.450000e-16 -1.611083e+22 2.595588e+44
7.500000e-16 -1.633725e+22 2.669057e+44
7.550000e-16 -1.656196e+22 2.742985e+44
7.600000e-16 -1.678483e+22 2.817305e+44
7.650000e-16 -1.700572e+22 2.891947e+44
7.700000e-16 -1.722451e+22 2.966838e+44
7.750000e-16 -1.744106e+22 3.041905e+44
7.800000e-16 -1.765523e+22 3.117071e+44
7.850000e-16 -1.786689e+22 3.192258e+44
7.900000e-16 -1.807591e+22 3.267385e+44
7.950000e-16 -1.828215e+22 3.342371e+44
8.000000e-16 -1.848549e+22 3.417133e+44
8.050000e-16 -1.868578e+22 3.491584e+44
8.100000e-16 -1.888290e+22 3.565640e+44
8.150000e-16 -1.907672e+22 3.639211e+44
8.200000e-16 -1.926710e+22 3.712210e+44
8.250000e-16 -1.945391e+22 3.784546e+44
8.300000e-16 -1.963703e+22 3.856130e+44
8.350000e-16 -1.981633e+22 3.926868e+44
8.400000e-16 -1.999167e+22 3.996671e+44
8.450000e-16 -2.016295e+22 4.065444e+44
8.500000e-16 -2.033002e+22 4.133097e+44
8.550000e-16 -2.049277e+22 4.199535e+44
8.600000e-16 -2.065107e+22 4.264668e+44
8.650000e-16 -2.080481e+22 4.328401e+44
8.700000e-16 -2.095387e+22 4.390645e+44
8.750000e-16 -2.109812e+22 4.451307e+44
8.800000e-16 -2.123746e+22 4.510297e+44
8.850000e-16 -2.137177e+22 4.567525e+44
8.900000e-16 -2.150094e+22 4.622904e+44
8.950000e-16 -2.162486e+22 4.676347e+44
9.000000e-16 -2.174343e+22 4.727767e+44
9.050000e-16 -2.185653e+22 4.777081e+44
9.100000e-16 -2.196408e+22 4.824207e+44
9.150000e-16 -2.206596e+22 4.869066e+44
9.200000e-16 -2.216208e+22 4.911578e+44
9.250000e-16 -2.225235e+22 4.951670e+44
9.300000e-16 -2.233667e+22 4.989268e+44
9.350000e-16 -2.241496e+22 5.024302e+44
9.400000e-16 -2.248712e+22 5.056705e+44
9.450000e-16 -2.255308e+22 5.086412e+44
9.500000e-16 -2.261275e+22 5.113363e+44
9.550000e-16 -2.266605e+22 5.137500e+44
9.600000e-16 -2.271292e+22 5.158768e+44
9.650000e-16 -2.275328e+22 5.177118e+44
9.700000e-16 -2.278706e+22 5.192502e+44
9.750000e-16 -2.281420e+22 5.204877e+44
9.800000e-16 -2.283463e+22 5.214205e+44
9.850000e-16 -2.284831e+22 5.220451e+44
9.900000e-16 -2.285516e+22 5.223585e+44
9.950000e-16 -2.285515e+22 5.223580e+44
1.000000e-15 -2.284823e+22 5.220414e+44
1.005000e-15 -2.283434e+22 5.214072e+44
1.010000e-15 -2.281346e+22 5.204540e+44
1.015000e-15 -2.278554e+22 5.191810e+44
1.020000e-15 -2.275056e+22 5.175880e+44
1.025000e-15 -2.270848e+22 5.156752e+44
1.030000e-15 -2.265928e+22 5.134431e+44
1.035000e-15 -2.260294e+22 5.108930e+44
1.040000e-15 -2.253945e+22 5.080266e+44
1.045000e-15 -2.246878e+22 5.048459e+44
1.050000e-15 -2.239093e+22 5.013537e+44
1.055000e-15 -2.230590e+22 4.975530e+44
1.060000e-15 -2.221368e+22 4.934475e+44
1.065000e-15 -2.211428e+22 4.890412e+44
1.070000e-15 -2.200770e+22 4.843389e+44
1.075000e-15 -2.189396e+22 4.793456e+44
1.080000e-15 -2.177307e+22 4.740668e+44
1.085000e-15 -2.164506e+22 4.685086e+44
1.090000e-15 -2.150994e+22 4.626775e+44
1.095000e-15 -2.136774e+22 4.565805e+44
1.100000e-15 -2.121850e+22 4.502249e+44
1.105000e-15 -2.106225e+22 4.436185e+44
1.110000e-15 -2.089904e+22 4.367698e+44
1.115000e-15 -2.072890e+22 4.296872e+44
1.120000e-15 -2.055188e+22 4.223799e+44
1.125000e-15 -2.036805e+22 4.148573e+44
1.130000e-15 -2.017744e+22 4.071293e+44
1.135000e-15 -1.998014e+22 3.992060e+44
1.140000e-15 -1.977619e+22 3.910978e+44
1.145000e-15 -1.956568e+22 3.828158e+44
1.150000e-15 -1.934867e+22 3.743709e+44
1.155000e-15 -1.912523e+22 3.657745e+44
1.160000e-15 -1.889546e+22 3.570384e+44
1.165000e-15 -1.865943e+22 3.481744e+44
1.170000e-15 -1.841724e+22 3.391947e+44
1.175000e-15 -1.816897e+22 3.301116e+44
1.180000e-15 -1.791473e+22 3.209376e+44
1.185000e-15 -1.765461e+22 3.116853e+44
1.190000e-15 -1.738872e+22 3.023675e+44
1.195000e-15 -1.711716e+22 2.929970e+44
1.200000e-15 -1.684004e+22 2.835870e+44
1.205000e-15 -1.655749e+22 2.741503e+44
1.210000e-15 -1.626961e+22 2.647002e+44
1.215000e-15 -1.597653e+22 2.552495e+44
1.220000e-15 -1.567837e+22 2.458114e+44
1.225000e-15 -1.537527e+22 2.363989e+44
1.230000e-15 -1.506735e+22 2.270250e+44
1.235000e-15 -1.475474e+22 2.177024e+44
1.240000e-15 -1.443759e+22 2.084441e+44
1.245000e-15 -1.411604e+22 1.992625e+44
1.250000e-15 -1.379022e+22 1.901702e+44
1.255000e-15 -1.346029e+22 1.811793e+44
1.260000e-15 -1.312639e+22 1.723021e+44
1.265000e-15 -1.278867e+22 1.635502e+44
1.270000e-15 -1.244730e+22 1.549352e+44
1.275000e-15 -1.210242e+22 1.464685e+44
1.280000e-15 -1.175419e+22 1.381610e+44
1.285000e-15 -1.140278e+22 1.300234e+44
1.290000e-15 -1.104835e+22 1.220660e+44
1.295000e-15 -1.069106e+22 1.142988e+44
1.300000e-15 -1.033109e+22 1.067313e+44
1.305000e-15 -9.968594e+21 9.937287e+43
1.310000e-15 -9.603756e+21 9.223212e+43
1.315000e-15 -9.236744e+21 8.531744e+43
1.320000e-15 -8.867734e+21 7.863670e+43
1.325000e-15 -8.496901e+21 7.219733e+43
1.330000e-15 -8.124424e+21 6.600626e+43
1.335000e-15 -7.750481e+21 6.006995e+43
1.340000e-15 -7.375252e+21 5.439435e+43
1.345000e-15 -6.998919e+21 4.898487e+43
1.350000e-15 -6.621664e+21 4.384644e+43
1.355000e-15 -6.243670e+21 3.898342e+43
1.360000e-15 -5.865121e+21 3.439964e+43
1.365000e-15 -5.486200e+21 3.009840e+43
1.370000e-15 -5.107094e+21 2.608241e+43
1.375000e-15 -4.727987e+21 2.235386e+43
1.380000e-15 -4.349066e+21 1.891437e+43
1.385000e-15 -3.970515e+21 1.576499e+43
1.390000e-15 -3.592521e+21 1.290621e+43
1.395000e-15 -3.215269e+21 1.033796e+43
1.400000e-15 -2.838946e+21 8.059617e+42
1.405000e-15 -2.463737e+21 6.070000e+42
1.410000e-15 -2.089826e+21 4.367374e+42
1.415000e-15 -1.717399e+21 2.949459e+42
1.420000e-15 -1.346638e+21 1.813435e+42
1.425000e-15 -9.777280e+20 9.559521e+41
1.430000e-15 -6.108499e+20 3.731376e+41
1.435000e-15 -2.461854e+20 6.060724e+40
1.440000e-15 1.160854e+20 1.347582e+40
1.445000e-15 4.757835e+20 2.263700e+41
1.450000e-15 8.327313e+20 6.934415e+41
1.455000e-15 1.186753e+21 1.408382e+42
1.460000e-15 1.537673e+21 2.364437e+42
1.465000e-15 1.885319e+21 3.554426e+42
1.470000e-15 2.229519e+21 4.970755e+42
1.475000e-15 2.570105e+21 6.605438e+42
1.480000e-15 2.906908e+21 8.450115e+42
1.485000e-15 3.239764e+21 1.049607e+43
1.490000e-15 3.568509e+21 1.273426e+43
1.495000e-15 3.892983e+21 1.515532e+43
1.500000e-15 4.213027e+21 1.774960e+43
1.505000e-15 4.528485e+21 2.050718e+43
1.510000e-15 4.839204e+21 2.341790e+43
1.515000e-15 5.145034e+21 2.647137e+43
1.520000e-15 5.445825e+21 2.965701e+43
1.525000e-15 5.741435e+21 3.296407e+43
1.530000e-15 6.031720e+21 3.638164e+43
1.535000e-15 6.316541e+21 3.989869e+43
1.540000e-15 6.595764e+21 4.350410e+43
1.545000e-15 6.869255e+21 4.718666e+43
1.550000e-15 7.136885e+21 5.093513e+43
1.555000e-15 7.398529e+21 5.473823e+43
1.560000e-15 7.654065e+21 5.858471e+43
1.565000e-15 7.903373e+21 6.246331e+43
1.570000e-15 8.146340e+21 6.636285e+43
1.575000e-15 8.382853e+21 7.027222e+43
1.580000e-15 8.612805e+21 7.418040e+43
1.585000e-15 8.836093e+21 7.807653e+43
1.590000e-15 9.052616e+21 8.194986e+43
1.595000e-15 9.262280e+21 8.578984e+43
1.600000e-15 9.464993e+21 8.958610e+43
1.605000e-15 9.660668e+21 9.332850e+43
1.610000e-15 9.849220e+21 9.700714e+43
1.615000e-15 1.003057e+22 1.006124e+44
1.620000e-15 1.020465e+22 1.041348e+44
1.625000e-15 1.037138e+22 1.075655e+44
1.630000e-15 1.053069e+22 1.108955e+44
1.635000e-15 1.068254e+22 1.141166e+44
1.640000e-15 1.082685e+22 1.172207e+44
1.645000e-15 1.096358e+22 1.202001e+44
1.650000e-15 1.109268e+22 1.230475e+44
1.655000e-15 1.121410e+22 1.257560e+44
1.660000e-15 1.132780e+22 1.283192e+44
1.665000e-15 1.143376e+22 1.307309e+44
1.670000e-15 1.153194e+22 1.329857e+44
1.675000e-15 1.162232e+22 1.350783e+44
1.680000e-15 1.170487e+22 1.370040e+44
1.685000e-15 1.177958e+22 1.387585e+44
1.690000e-15 1.184644e+22 1.403382e+44
1.695000e-15 1.190544e+22 1.417396e+44
1.700000e-15 1.195659e+22 1.429600e+44
1.705000e-15 1.199988e+22 1.439970e+44
1.710000e-15 1.203531e+22 1.448488e+44
1.715000e-15 1.206292e+22 1.455139e+44
1.720000e-15 1.208270e+22 1.459916e+44
1.725000e-15 1.209468e+22 1.462814e+44
1.730000e-15 1.209890e+22 1.463834e+44
1.735000e-15 1.209537e+22 1.462980e+44
1.740000e-15 1.208414e+22 1.460265e+44
1.745000e-15 1.206525e+22 1.455702e+44
1.750000e-15 1.203873e+22 1.449311e+44
1.755000e-15 1.200465e+22 1.441115e+44
1.760000e-15 1.196304e+22 1.431144e+44
1.765000e-15 1.191398e+22 1.419430e+44
1.770000e-15 1.185752e+22 1.406009e+44
1.775000e-15 1.179374e+22 1.390922e+44
1.780000e-15 1.172269e+22 1.374215e+44
1.785000e-15 1.164447e+22 1.355936e+44
1.790000e-15 1.155913e+22 1.336136e+44
1.795000e-15 1.146679e+22 1.314872e+44
1.800000e-15 1.136751e+22 1.292202e+44
1.805000e-15 1.126139e+22 1.268188e+44
1.810000e-15 1.114853e+22 1.242896e+44
1.815000e-15 1.102902e+22 1.216393e+44
1.820000e-15 1.090298e+22 1.188750e+44
1.825000e-15 1.077050e+22 1.160038e+44
1.830000e-15 1.063171e+22 1.130333e+44
1.835000e-15 1.048671e+22 1.099711e+44
1.840000e-15 1.033563e+22 1.068252e+44
1.845000e-15 1.017858e+22 1.036034e+44
1.850000e-15 1.001569e+22 1.003140e+44
1.855000e-15 9.847088e+21 9.696514e+43
1.860000e-15 9.672910e+21 9.356519e+43
1.865000e-15 9.493289e+21 9.012253e+43
1.870000e-15 9.308362e+21 8.664561e+43
1.875000e-15 9.118272e+21 8.314288e+43
1.880000e-15 8.923161e+21 7.962280e+43
1.885000e-15 8.723176e+21 7.609380e+43
1.890000e-15 8.518468e+21 7.256429e+43
1.895000e-15 8.309186e+21 6.904258e+43
1.900000e-15 8.095487e+21 6.553692e+43
1.905000e-15 7.877527e+21 6.205543e+43
1.910000e-15 7.655464e+21 5.860613e+43
1.915000e-15 7.429460e+21 5.519688e+43
1.920000e-15 7.199679e+21 5.183537e+43
1.925000e-15 6.966284e+21 4.852911e+43
1.930000e-15 6.729443e+21 4.528540e+43
1.935000e-15 6.489324e+21 4.211133e+43
1.940000e-15 6.246099e+21 3.901375e+43
1.945000e-15 5.999938e+21 3.599925e+43
1.950000e-15 5.751014e+21 3.307416e+43
1.955000e-15 5.499502e+21 3.024452e+43
1.960000e-15 5.245577e+21 2.751608e+43
1.965000e-15 4.989416e+21 2.489427e+43
1.970000e-15 4.731196e+21 2.238422e+43
1.975000e-15 4.471095e+21 1.999069e+43
1.980000e-15 4.209293e+21 1.771814e+43
1.985000e-15 3.945967e+21 1.557066e+43
1.990000e-15 3.681299e+21 1.355196e+43
1.995000e-15 3.415468e+21 1.166542e+43
2.000000e-15 3.148655e+21 9.914026e+42
2.005000e-15 2.881039e+21 8.300387e+42
2.010000e-15 2.612802e+21 6.826734e+42
2.015000e-15 2.344123e+21 5.494914e+42
2.020000e-15 2.075183e+21 4.306385e+42
2.025000e-15 1.806161e+21 3.262216e+42
2.030000e-15 1.537235e+21 2.363091e+42
2.035000e-15 1.268584e+21 1.609306e+42
2.040000e-15 1.000387e+21 1.000773e+42
2.045000e-15 7.328184e+20 5.370228e+41
2.050000e-15 4.660554e+20 2.172077e+41
2.055000e-15 2.002724e+20 4.010902e+40
2.060000e-15 -6.435734e+19 4.141868e+39
2.065000e-15 -3.276616e+20 1.073621e+41
2.070000e-15 -5.894696e+20 3.474744e+41
2.075000e-15 -8.496123e+20 7.218410e+41
2.080000e-15 -1.107922e+21 1.227491e+42
2.085000e-15 -1.364233e+21 1.861133e+42
2.090000e-15 -1.618382e+21 2.619160e+42
2.095000e-15 -1.870206e+21 3.497672e+42
2.100000e-15 -2.119546e+21 4.492477e+42
2.105000e-15 -2.366244e+21 5.599113e+42
2.110000e-15 -2.610145e+21 6.812858e+42
2.115000e-15 -2.851095e+21 8.128745e+42
2.120000e-15 -3.088945e+21 9.541581e+42
2.125000e-15 -3.323545e+21 1.104595e+43
2.130000e-15 -3.554752e+21 1.263626e+43
2.135000e-15 -3.782421e+21 1.430671e+43
2.140000e-15 -4.006414e+21 1.605135e+43
2.145000e-15 -4.226593e+21 1.786409e+43
2.150000e-15 -4.442825e+21 1.973869e+43
2.155000e-15 -4.654979e+21 2.166883e+43
2.160000e-15 -4.862928e+21 2.364806e+43
2.165000e-15 -5.066546e+21 2.566989e+43
2.170000e-15 -5.265714e+21 2.772774e+43
2.175000e-15 -5.460313e+21 2.981502e+43
2.180000e-15 -5.650230e+21 3.192510e+43
2.185000e-15 -5.835353e+21 3.405135e+43
2.190000e-15 -6.015577e+21 3.618717e+43
2.195000e-15 -6.190797e+21 3.832597e+43
2.200000e-15 -6.360914e+21 4.046123e+43
2.205000e-15 -6.525832e+21 4.258648e+43
2.210000e-15 -6.685459e+21 4.469537e+43
2.215000e-15 -6.839708e+21 4.678160e+43
2.220000e-15 -6.988493e+21 4.883904e+43
2.225000e-15 -7.131736e+21 5.086165e+43
2.230000e-15 -7.269359e+21 5.284357e+43
2.235000e-15 -7.401290e+21 5.477910e+43
2.240000e-15 -7.527463e+21 5.666269e+43
2.245000e-15 -7.647812e+21 5.848903e+43
2.250000e-15 -7.762279e+21 6.025297e+43
2.255000e-15 -7.870807e+21 6.194961e+43
2.260000e-15 -7.973347e+21 6.357426e+43
2.265000e-15 -8.069850e+21 6.512248e+43
2.270000e-15 -8.160275e+21 6.659008e+43
2.275000e-15 -8.244582e+21 6.797314e+43
2.280000e-15 -8.322738e+21 6.926798e+43
2.285000e-15 -8.394714e+21 7.047122e+43
2.290000e-15 -8.460483e+21 7.157977e+43
2.295000e-15 -8.520025e+21 7.259083e+43
2.300000e-15 -8.573323e+21 7.350187e+43
2.305000e-15 -8.620364e+21 7.431068e+43
2.310000e-15 -8.661142e+21 7.501537e+43
2.315000e-15 -8.695651e+21 7.561434e+43
2.320000e-15 -8.723892e+21 7.610629e+43
2.325000e-15 -8.745871e+21 7.649026e+43
2.330000e-15 -8.761596e+21 7.676557e+43
2.335000e-15 -8.771082e+21 7.693187e+43
2.340000e-15 -8.774345e+21 7.698913e+43
2.345000e-15 -8.771408e+21 7.693759e+43
2.350000e-15 -8.762296e+21 7.677784e+43
2.355000e-15 -8.747041e+21 7.651073e+43
2.360000e-15 -8.725676e+21 7.613742e+43
2.365000e-15 -8.698240e+21 7.565939e+43
2.370000e-15 -8.664776e+21 7.507835e+43
2.375000e-15 -8.625330e+21 7.439632e+43
2.380000e-15 -8.579953e+21 7.361559e+43
2.385000e-15 -8.528699e+21 7.273871e+43
2.390000e-15 -8.471627e+21 7.176846e+43
2.395000e-15 -8.408798e+21 7.070789e+43
2.400000e-15 -8.340280e+21 6.956026e+43
2.405000e-15 -8.266141e+21 6.832908e+43
2.410000e-15 -8.186454e+21 6.701803e+43
2.415000e-15 -8.101298e+21 6.563103e+43
2.420000e-15 -8.010752e+21 6.417214e+43
2.425000e-15 -7.914899e+21 6.264563e+43
2.430000e-15 -7.813829e+21 6.105592e+43
2.435000e-15 -7.707631e+21 5.940757e+43
2.440000e-15 -7.596398e+21 5.770527e+43
2.445000e-15 -7.480229e+21 5.595382e+43
2.450000e-15 -7.359223e+21 5.415816e+43
2.455000e-15 -7.233483e+21 5.232328e+43
2.460000e-15 -7.103117e+21 5.045427e+43
2.465000e-15 -6.968231e+21 4.855625e+43
2.470000e-15 -6.828939e+21 4.663441e+43
2.475000e-15 -6.685355e+21 4.469397e+43
2.480000e-15 -6.537596e+21 4.274016e+43
2.485000e-15 -6.385781e+21 4.077819e+43
2.490000e-15 -6.230032e+21 3.881330e+43
2.495000e-15 -6.070474e+21 3.685065e+43
2.500000e-15 -5.907233e+21 3.489540e+43
2.505000e-15 -5.740437e+21 3.295262e+43
2.510000e-15 -5.570218e+21 3.102733e+43
2.515000e-15 -5.396708e+21 2.912446e+43
2.520000e-15 -5.220042e+21 2.724884e+43
2.525000e-15 -5.040355e+21 2.540518e+43
2.530000e-15 -4.857786e+21 2.359808e+43
2.535000e-15 -4.672473e+21 2.183200e+43
2.540000e-15 -4.484558e+21 2.011126e+43
2.545000e-15 -4.294183e+21 1.844001e+43
2.550000e-15 -4.101492e+21 1.682223e+43
2.555000e-15 -3.906628e+21 1.526174e+43
2.560000e-15 -3.709737e+21 1.376215e+43
2.565000e-15 -3.510966e+21 1.232688e+43
2.570000e-15 -3.310462e+21 1.095916e+43
2.575000e-15 -3.108373e+21 9.661981e+42
2.580000e-15 -2.904847e+21 8.438135e+42
2.585000e-15 -2.700034e+21 7.290181e+42
2.590000e-15 -2.494082e+21 6.220445e+42
2.595000e-15 -2.287142e+21 5.231019e+42
2.600000e-15 -2.079364e+21 4.323754e+42
2.605000e-15 -1.870897e+21 3.500255e+42
2.610000e-15 -1.661891e+21 2.761883e+42
2.615000e-15 -1.452497e+21 2.109747e+42
2.620000e-15 -1.242863e+21 1.544708e+42
2.625000e-15 -1.033139e+21 1.067375e+42
2.630000e-15 -8.234730e+20 6.781077e+41
2.635000e-15 -6.140139e+20 3.770131e+41
2.640000e-15 -4.049090e+20 1.639513e+41
2.645000e-15 -1.963050e+20 3.853564e+40
2.650000e-15 1.165240e+19 1.357785e+38
2.655000e-15 2.188182e+20 4.788138e+40
2.660000e-15 4.250485e+20 1.806662e+41
2.665000e-15 6.302006e+20 3.971528e+41
2.670000e-15 8.341333e+20 6.957783e+41
2.675000e-15 1.036706e+21 1.074760e+42
2.680000e-15 1.237781e+21 1.532102e+42
2.685000e-15 1.437221e+21 2.065603e+42
2.690000e-15 1.634889e+21 2.672863e+42
2.695000e-15 1.830653e+21 3.351292e+42
2.700000e-15 2.024381e+21 4.098119e+42
2.705000e-15 2.215943e+21 4.910401e+42
2.710000e-15 2.405209e+21 5.785032e+42
2.715000e-15 2.592056e+21 6.718753e+42
2.720000e-15 2.776358e+21 7.708162e+42
2.725000e-15 2.957994e+21 8.749727e+42
2.730000e-15 3.136845e+21 9.839794e+42
2.735000e-15 3.312793e+21 1.097460e+43
2.740000e-15 3.485725e+21 1.215028e+43
2.745000e-15 3.655529e+21 1.336289e+43
2.750000e-15 3.822094e+21 1.460840e+43
2.755000e-15 3.985315e+21 1.588274e+43
2.760000e-15 4.145088e+21 1.718175e+43
2.765000e-15 4.301310e+21 1.850127e+43
2.770000e-15 4.453885e+21 1.983709e+43
2.775000e-15 4.602717e+21 2.118500e+43
2.780000e-15 4.747712e+21 2.254077e+43
2.785000e-15 4.888783e+21 2.390020e+43
2.790000e-15 5.025842e+21 2.525909e+43
2.795000e-15 5.158807e+21 2.661329e+43
2.800000e-15 5.287598e+21 2.795869e+43
2.805000e-15 5.412137e+21 2.929123e+43
2.810000e-15 5.532352e+21 3.060691e+43
2.815000e-15 5.648171e+21 3.190184e+43
2.820000e-15 5.759530e+21 3.317218e+43
2.825000e-15 5.866363e+21 3.441421e+43
2.830000e-15 5.968611e+21 3.562432e+43
2.835000e-15 6.066218e+21 3.679900e+43
2.840000e-15 6.159130e+21 3.793489e+43
2.845000e-15 6.247299e+21 3.902874e+43
2.850000e-15 6.330677e+21 4.007747e+43
2.855000e-15 6.409222e+21 4.107813e+43
2.860000e-15 6.482896e+21 4.202794e+43
2.865000e-15 6.551663e+21 4.292428e+43
2.870000e-15 6.615491e+21 4.376472e+43
2.875000e-15 6.674352e+21 4.454698e+43
2.880000e-15 6.728222e+21 4.526897e+43
2.885000e-15 6.777080e+21 4.592881e+43
2.890000e-15 6.820908e+21 4.652479e+43
2.895000e-15 6.859693e+21 4.705539e+43
2.900000e-15 6.893425e+21 4.751931e+43
2.905000e-15 6.922097e+21 4.791542e+43
2.910000e-15 6.945706e+21 4.824283e+43
2.915000e-15 6.964253e+21 4.850082e+43
2.920000e-15 6.977743e+21 4.868889e+43
2.925000e-15 6.986183e+21 4.880675e+43
2.930000e-15 6.989584e+21 4.885429e+43
2.935000e-15 6.987962e+21 4.883162e+43
2.940000e-15 6.981335e+21 4.873904e+43
2.945000e-15 6.969725e+21 4.857707e+43
2.950000e-15 6.953158e+21 4.834640e+43
2.955000e-15 6.931661e+21 4.804793e+43
2.960000e-15 6.905268e+21 4.768272e+43
2.965000e-15 6.874013e+21 4.725206e+43
2.970000e-15 6.837936e+21 4.675737e+43
2.975000e-15 6.797079e+21 4.620028e+43
2.980000e-15 6.751487e+21 4.558258e+43
2.985000e-15 6.701208e+21 4.490620e+43
2.990000e-15 6.646295e+21 4.417324e+43
2.995000e-15 6.586802e+21 4.338596e+43
3.000000e-15 6.522787e+21 4.254675e+43
3.005000e-15 6.454311e+21 4.165813e+43
3.010000e-15 6.381437e+21 4.072274e+43
3.015000e-15 6.304232e+21 3.974334e+43
3.020000e-15 6.222767e+21 3.872282e+43
3.025000e-15 6.137112e+21 3.766414e+43
3.030000e-15 6.047343e+21 3.657036e+43
3.035000e-15 5.953538e+21 3.544462e+43
3.040000e-15 5.855778e+21 3.429013e+43
3.045000e-15 5.754144e+21 3.311017e+43
3.050000e-15 5.648722e+21 3.190805e+43
3.055000e-15 5.539599e+21 3.068716e+43
3.060000e-15 5.426866e+21 2.945088e+43
3.065000e-15 5.310615e+21 2.820263e+43
3.070000e-15 5.190940e+21 2.694586e+43
3.075000e-15 5.067938e+21 2.568399e+43
3.080000e-15 4.941707e+21 2.442046e+43
3.085000e-15 4.812347e+21 2.315868e+43
3.090000e-15 4.679961e+21 2.190203e+43
3.095000e-15 4.544653e+21 2.065387e+43
3.100000e-15 4.406529e+21 1.941750e+43
3.105000e-15 4.265696e+21 1.819616e+43
3.110000e-15 4.122263e+21 1.699305e+43
3.115000e-15 3.976341e+21 1.581129e+43
3.120000e-15 3.828042e+21 1.465390e+43
3.125000e-15 3.677478e+21 1.352384e+43
3.130000e-15 3.524765e+21 1.242397e+43
3.135000e-15 3.370017e+21 1.135701e+43
3.140000e-15 3.213351e+21 1.032563e+43
3.145000e-15 3.054886e+21 9.332327e+42
3.150000e-15 2.894738e+21 8.379510e+42
3.155000e-15 2.733029e+21 7.469445e+42
3.160000e-15 2.569876e+21 6.604264e+42
3.165000e-15 2.405402e+21 5.785958e+42
3.170000e-15 2.239727e+21 5.016375e+42
3.175000e-15 2.072972e+21 4.297213e+42
3.180000e-15 1.905260e+21 3.630016e+42
3.185000e-15 1.736713e+21 3.016171e+42
3.190000e-15 1.567453e+21 2.456908e+42
3.195000e-15 1.397602e+21 1.953291e+42
3.200000e-15 1.227283e+21 1.506225e+42
3.205000e-15 1.056619e+21 1.116445e+42
3.210000e-15 8.857321e+20 7.845214e+41
3.215000e-15 7.147436e+20 5.108583e+41
3.220000e-15 5.437754e+20 2.956917e+41
3.225000e-15 3.729490e+20 1.390910e+41
3.230000e-15 2.023852e+20 4.095975e+40
3.235000e-15 3.220398e+19 1.037096e+39
3.240000e-15 -1.374749e+20 1.889935e+40
3.245000e-15 -3.065327e+20 9.396232e+40
3.250000e-15 -4.748515e+20 2.254840e+41
3.255000e-15 -6.423141e+20 4.125674e+41
3.260000e-15 -8.088045e+20 6.541647e+41
3.265000e-15 -9.742075e+20 9.490803e+41
3.270000e-15 -1.138409e+21 1.295976e+42
3.275000e-15 -1.301297e+21 1.693375e+42
3.280000e-15 -1.462760e+21 2.139666e+42
3.285000e-15 -1.622687e+21 2.633113e+42
3.290000e-15 -1.780970e+21 3.171855e+42
3.295000e-15 -1.937502e+21 3.753915e+42
3.300000e-15 -2.092178e+21 4.377208e+42
3.305000e-15 -2.244893e+21 5.039543e+42
3.310000e-15 -2.395545e+21 5.738635e+42
3.315000e-15 -2.544034e+21 6.472108e+42
3.320000e-15 -2.690261e+21 7.237504e+42
3.325000e-15 -2.834130e+21 8.032292e+42
3.330000e-15 -2.975546e+21 8.853871e+42
3.335000e-15 -3.114415e+21 9.699584e+42
3.340000e-15 -3.250649e+21 1.056672e+43
3.345000e-15 -3.384158e+21 1.145252e+43
3.350000e-15 -3.514855e+21 1.235421e+43
3.355000e-15 -3.642658e+21 1.326896e+43
3.360000e-15 -3.767484e+21 1.419393e+43
3.365000e-15 -3.889253e+21 1.512629e+43
3.370000e-15 -4.007890e+21 1.606318e+43
3.375000e-15 -4.123318e+21 1.700175e+43
3.380000e-15 -4.235467e+21 1.793918e+43
3.385000e-15 -4.344267e+21 1.887266e+43
3.390000e-15 -4.449651e+21 1.979939e+43
3.395000e-15 -4.551554e+21 2.071664e+43
3.400000e-15 -4.649915e+21 2.162171e+43
3.405000e-15 -4.744675e+21 2.251194e+43
3.410000e-15 -4.835777e+21 2.338474e+43
3.415000e-15 -4.923169e+21 2.423759e+43
3.420000e-15 -5.006799e+21 2.506803e+43
3.425000e-15 -5.086619e+21 2.587369e+43
3.430000e-15 -5.162584e+21 2.665227e+43
3.435000e-15 -5.234652e+21 2.740158e+43
3.440000e-15 -5.302784e+21 2.811952e+43
3.445000e-15 -5.366942e+21 2.880407e+43
3.450000e-15 -5.427094e+21 2.945335e+43
3.455000e-15 -5.483208e+21 3.006557e+43
3.460000e-15 -5.535257e+21 3.063907e+43
3.465000e-15 -5.583216e+21 3.117231e+43
3.470000e-15 -5.627063e+21 3.166384e+43
3.475000e-15 -5.666780e+21 3.211239e+43
3.480000e-15 -5.702349e+21 3.251678e+43
3.485000e-15 -5.733758e+21 3.287598e+43
3.490000e-15 -5.760998e+21 3.318909e+43
3.495000e-15 -5.784060e+21 3.345535e+43
3.500000e-15 -5.802941e+21 3.367413e+43
3.505000e-15 -5.817640e+21 3.384494e+43
3.510000e-15 -5.828158e+21 3.396743e+43
3.515000e-15 -5.834501e+21 3.404140e+43
3.520000e-15 -5.836675e+21 3.406677e+43
3.525000e-15 -5.834691e+21 3.404362e+43
3.530000e-15 -5.828563e+21 3.397215e+43
3.535000e-15 -5.818307e+21 3.385269e+43
3.540000e-15 -5.803941e+21 3.368574e+43
3.545000e-15 -5.785489e+21 3.347189e+43
3.550000e-15 -5.762975e+21 3.321188e+43
3.555000e-15 -5.736426e+21 3.290658e+43
3.560000e-15 -5.705872e+21 3.255698e+43
3.565000e-15 -5.671347e+21 3.216418e+43
3.570000e-15 -5.632887e+21 3.172941e+43
3.575000e-15 -5.590529e+21 3.125402e+43
3.580000e-15 -5.544315e+21 3.073943e+43
3.585000e-15 -5.494289e+21 3.018721e+43
3.590000e-15 -5.440496e+21 2.959900e+43
3.595000e-15 -5.382985e+21 2.897653e+43
3.600000e-15 -5.321808e+21 2.832164e+43
3.605000e-15 -5.257018e+21 2.763623e+43
3.610000e-15 -5.188670e+21 2.692230e+43
3.615000e-15 -5.116824e+21 2.618189e+43
3.620000e-15 -5.041540e+21 2.541712e+43
3.625000e-15 -4.962880e+21 2.463018e+43
3.630000e-15 -4.880910e+21 2.382328e+43
3.635000e-15 -4.795697e+21 2.299871e+43
3.640000e-15 -4.707310e+21 2.215876e+43
3.645000e-15 -4.615820e+21 2.130579e+43
3.650000e-15 -4.521301e+21 2.044216e+43
3.655000e-15 -4.423828e+21 1.957025e+43
3.660000e-15 -4.323478e+21 1.869246e+43
3.665000e-15 -4.220330e+21 1.781118e+43
3.670000e-15 -4.114464e+21 1.692881e+43
3.675000e-15 -4.005963e+21 1.604774e+43
3.680000e-15 -3.894911e+21 1.517033e+43
3.685000e-15 -3.781393e+21 1.429893e+43
3.690000e-15 -3.665496e+21 1.343586e+43
3.695000e-15 -3.547308e+21 1.258340e+43
3.700000e-15 -3.426920e+21 1.174378e+43
3.705000e-15 -3.304423e+21 1.091921e+43
3.710000e-15 -3.179908e+21 1.011182e+43
3.715000e-15 -3.053470e+21 9.323677e+42
3.720000e-15 -2.925202e+21 8.556807e+42
3.725000e-15 -2.795201e+21 7.813148e+42
3.730000e-15 -2.663563e+21 7.094566e+42
3.735000e-15 -2.530385e+21 6.402847e+42
3.740000e-15 -2.395766e+21 5.739693e+42
3.745000e-15 -2.259804e+21 5.106716e+42
3.750000e-15 -2.122601e+21 4.505433e+42
3.755000e-15 -1.984254e+21 3.937265e+42
3.760000e-15 -1.844867e+21 3.403534e+42
3.765000e-15 -1.704539e+21 2.905453e+42
3.770000e-15 -1.563373e+21 2.444135e+42
3.775000e-15 -1.421470e+21 2.020578e+42
3.780000e-15 -1.278934e+21 1.635671e+42
3.785000e-15 -1.135865e+21 1.290189e+42
3.790000e-15 -9.923671e+20 9.847925e+41
3.795000e-15 -8.485426e+20 7.200246e+41
3.800000e-15 -7.044939e+20 4.963117e+41
3.805000e-15 -5.603235e+20 3.139624e+41
3.810000e-15 -4.161335e+20 1.731671e+41
3.815000e-15 -2.720259e+20 7.399810e+40
3.820000e-15 -1.281024e+20 1.641023e+40
3.825000e-15 1.553580e+19 2.413610e+38
3.830000e-15 1.587879e+20 2.521360e+40
3.835000e-15 3.015537e+20 9.093464e+40
3.840000e-15 4.437335e+20 1.968995e+41
3.845000e-15 5.852284e+20 3.424923e+41
3.850000e-15 7.259401e+20 5.269890e+41
3.855000e-15 8.657711e+20 7.495597e+41
3.860000e-15 1.004625e+21 1.009271e+42
3.865000e-15 1.142406e+21 1.305092e+42
3.870000e-15 1.279020e+21 1.635892e+42
3.875000e-15 1.414372e+21 2.000449e+42
3.880000e-15 1.548372e+21 2.397455e+42
3.885000e-15 1.680926e+21 2.825513e+42
3.890000e-15 1.811946e+21 3.283148e+42
3.895000e-15 1.941342e+21 3.768811e+42
3.900000e-15 2.069028e+21 4.280878e+42
3.905000e-15 2.194917e+21 4.817662e+42
3.910000e-15 2.318926e+21 5.377416e+42
3.915000e-15 2.440970e+21 5.958333e+42
3.920000e-15 2.560969e+21 6.558561e+42
3.925000e-15 2.678843e+21 7.176200e+42
3.930000e-15 2.794514e+21 7.809310e+42
3.935000e-15 2.907907e+21 8.455921e+42
3.940000e-15 3.018946e+21 9.114032e+42
3.945000e-15 3.127558e+21 9.781621e+42
3.950000e-15 3.233675e+21 1.045665e+43
3.955000e-15 3.337225e+21 1.113707e+43
3.960000e-15 3.438144e+21 1.182083e+43
3.965000e-15 3.536365e+21 1.250588e+43
3.970000e-15 3.631827e+21 1.319016e+43
3.975000e-15 3.724468e+21 1.387166e+43
3.980000e-15 3.814231e+21 1.454835e+43
3.985000e-15 3.901058e+21 1.521825e+43
3.990000e-15 3.984896e+21 1.587940e+43
3.995000e-15 4.065693e+21 1.652986e+43
4.000000e-15 4.143400e+21 1.716776e+43
4.005000e-15 4.217968e+21 1.779125e+43
4.010000e-15 4.289353e+21 1.839855e+43
4.015000e-15 4.357513e+21 1.898792e+43
4.020000e-15 4.422407e+21 1.955768e+43
4.025000e-15 4.483997e+21 2.010623e+43
4.030000e-15 4.542248e+21 2.063202e+43
4.035000e-15 4.597127e+21 2.113358e+43
4.040000e-15 4.648603e+21 2.160951e+43
4.045000e-15 4.696648e+21 2.205851e+43
4.050000e-15 4.741237e+21 2.247933e+43
4.055000e-15 4.782346e+21 2.287084e+43
4.060000e-15 4.819956e+21 2.323197e+43
4.065000e-15 4.854047e+21 2.356177e+43
4.070000e-15 4.884604e+21 2.385935e+43
4.075000e-15 4.911614e+21 2.412395e+43
4.080000e-15 4.935067e+21 2.435489e+43
4.085000e-15 4.954955e+21 2.455157e+43
4.090000e-15 4.971271e+21 2.471354e+43
4.095000e-15 4.984015e+21 2.484040e+43
4.100000e-15 4.993184e+21 2.493188e+43
4.105000e-15 4.998781e+21 2.498781e+43
4.110000e-15 5.000810e+21 2.500810e+43
4.115000e-15 4.999280e+21 2.499280e+43
4.120000e-15 4.994198e+21 2.494202e+43
4.125000e-15 4.985578e+21 2.485599e+43
4.130000e-15 4.973435e+21 2.473505e+43
4.135000e-15 4.957784e+21 2.457962e+43
4.140000e-15 4.938646e+21 2.439022e+43
4.145000e-15 4.916042e+21 2.416747e+43
4.150000e-15 4.889997e+21 2.391207e+43
4.155000e-15 4.860537e+21 2.362482e+43
4.160000e-15 4.827691e+21 2.330660e+43
4.165000e-15 4.791490e+21 2.295838e+43
4.170000e-15 4.751969e+21 2.258121e+43
4.175000e-15 4.709162e+21 2.217621e+43
4.180000e-15 4.663109e+21 2.174458e+43
4.185000e-15 4.613848e+21 2.128760e+43
4.190000e-15 4.561423e+21 2.080658e+43
4.195000e-15 4.505879e+21 2.030294e+43
4.200000e-15 4.447261e+21 1.977813e+43
4.205000e-15 4.385619e+21 1.923365e+43
4.210000e-15 4.321003e+21 1.867107e+43
4.215000e-15 4.253466e+21 1.809197e+43
4.220000e-15 4.183063e+21 1.749802e+43
4.225000e-15 4.109850e+21 1.689087e+43
4.230000e-15 4.033886e+21 1.627224e+43
4.235000e-15 3.955231e+21 1.564385e+43
4.240000e-15 3.873947e+21 1.500747e+43
4.245000e-15 3.790098e+21 1.436484e+43
4.250000e-15 3.703748e+21 1.371775e+43
4.255000e-15 3.614966e+21 1.306798e+43
4.260000e-15 3.523819e+21 1.241730e+43
4.265000e-15 3.430377e+21 1.176749e+43
4.270000e-15 3.334713e+21 1.112031e+43
4.275000e-15 3.236899e+21 1.047752e+43
4.280000e-15 3.137009e+21 9.840828e+42
4.285000e-15 3.035120e+21 9.211951e+42
4.290000e-15 2.931307e+21 8.592558e+42
4.295000e-15 2.825648e+21 7.984288e+42
4.300000e-15 2.718224e+21 7.388741e+42
4.305000e-15 2.609114e+21 6.807474e+42
4.310000e-15 2.498399e+21 6.241997e+42
4.315000e-15 2.386162e+21 5.693767e+42
4.320000e-15 2.272485e+21 5.164188e+42
4.325000e-15 2.157453e+21 4.654603e+42
4.330000e-15 2.041150e+21 4.166293e+42
4.335000e-15 1.923662e+21 3.700474e+42
4.340000e-15 1.805074e+21 3.258292e+42
4.345000e-15 1.685473e+21 2.840820e+42
4.350000e-15 1.564947e+21 2.449060e+42
4.355000e-15 1.443583e+21 2.083932e+42
4.360000e-15 1.321469e+21 1.746280e+42
4.365000e-15 1.198693e+21 1.436865e+42
4.370000e-15 1.075344e+21 1.156366e+42
4.375000e-15 9.515114e+20 9.053740e+41
4.380000e-15 8.272832e+20 6.843974e+41
4.385000e-15 7.027488e+20 4.938558e+41
4.390000e-15 5.779973e+20 3.340808e+41
4.395000e-15 4.531177e+20 2.053157e+41
4.400000e-15 3.281991e+20 1.077147e+41
4.405000e-15 2.033302e+20 4.134316e+40
4.410000e-15 7.859947e+19 6.177877e+39
4.415000e-15 -4.590475e+19 2.107246e+39
4.420000e-15 -1.700946e+20 2.893216e+40
4.425000e-15 -2.938825e+20 8.636692e+40
4.430000e-15 -4.171815e+20 1.740404e+41
4.435000e-15 -5.399051e+20 2.914975e+41
4.440000e-15 -6.619674e+20 4.382009e+41
4.445000e-15 -7.832832e+20 6.135325e+41
4.450000e-15 -9.037679e+20 8.167963e+41
4.455000e-15 -1.023338e+21 1.047220e+42
4.460000e-15 -1.141910e+21 1.303958e+42
4.465000e-15 -1.259402e+21 1.586093e+42
4.470000e-15 -1.375733e+21 1.892642e+42
4.475000e-15 -1.490824e+21 2.222555e+42
4.480000e-15 -1.604594e+21 2.574721e+42
4.485000e-15 -1.716966e+21 2.947971e+42
4.490000e-15 -1.827863e+21 3.341083e+42
4.495000e-15 -1.937209e+21 3.752780e+42
4.500000e-15 -2.044931e+21 4.181744e+42
4.505000e-15 -2.150955e+21 4.626608e+42
4.510000e-15 -2.255209e+21 5.085970e+42
4.515000e-15 -2.357624e+21 5.558390e+42
4.520000e-15 -2.458130e+21 6.042402e+42
4.525000e-15 -2.556660e+21 6.536508e+42
4.530000e-15 -2.653148e+21 7.039192e+42
4.535000e-15 -2.747530e+21 7.548919e+42
4.540000e-15 -2.839743e+21 8.064141e+42
4.545000e-15 -2.929727e+21 8.583302e+42
4.550000e-15 -3.017423e+21 9.104839e+42
4.555000e-15 -3.102772e+21 9.627194e+42
4.560000e-15 -3.185719e+21 1.014881e+43
4.565000e-15 -3.266211e+21 1.066814e+43
4.570000e-15 -3.344196e+21 1.118364e+43
4.575000e-15 -3.419622e+21 1.169382e+43
4.580000e-15 -3.492443e+21 1.219716e+43
4.585000e-15 -3.562611e+21 1.269220e+43
4.590000e-15 -3.630083e+21 1.317750e+43
4.595000e-15 -3.694817e+21 1.365167e+43
4.600000e-15 -3.756771e+21 1.411333e+43
4.605000e-15 -3.815908e+21 1.456115e+43
4.610000e-15 -3.872192e+21 1.499387e+43
4.615000e-15 -3.925589e+21 1.541025e+43
4.620000e-15 -3.976066e+21 1.580910e+43
4.625000e-15 -4.023595e+21 1.618932e+43
4.630000e-15 -4.068147e+21 1.654982e+43
4.635000e-15 -4.109697e+21 1.688961e+43
4.640000e-15 -4.148222e+21 1.720775e+43
4.645000e-15 -4.183701e+21 1.750335e+43
4.650000e-15 -4.216115e+21 1.777562e+43
4.655000e-15 -4.245447e+21 1.802382e+43
4.660000e-15 -4.271682e+21 1.824727e+43
4.665000e-15 -4.294810e+21 1.844539e+43
4.670000e-15 -4.314819e+21 1.861766e+43
4.675000e-15 -4.331702e+21 1.876364e+43
4.680000e-15 -4.345453e+21 1.888296e+43
4.685000e-15 -4.356070e+21 1.897535e+43
4.690000e-15 -4.363551e+21 1.904058e+43
4.695000e-15 -4.367897e+21 1.907852e+43
4.700000e-15 -4.369112e+21 1.908914e+43
4.705000e-15 -4.367201e+21 1.907245e+43
4.710000e-15 -4.362173e+21 1.902855e+43
4.715000e-15 -4.354037e+21 1.895764e+43
4.720000e-15 -4.342806e+21 1.885996e+43
4.725000e-15 -4.328493e+21 1.873585e+43
4.730000e-15 -4.311116e+21 1.858572e+43
4.735000e-15 -4.290694e+21 1.841005e+43
4.740000e-15 -4.267246e+21 1.820939e+43
4.745000e-15 -4.240797e+21 1.798436e+43
4.750000e-15 -4.211370e+21 1.773564e+43
4.755000e-15 -4.178994e+21 1.746399e+43
4.760000e-15 -4.143696e+21 1.717022e+43
4.765000e-15 -4.105510e+21 1.685521e+43
4.770000e-15 -4.064466e+21 1.651989e+43
4.775000e-15 -4.020602e+21 1.616524e+43
4.780000e-15 -3.973953e+21 1.579230e+43
4.785000e-15 -3.924559e+21 1.540216e+43
4.790000e-15 -3.872460e+21 1.499595e+43
4.795000e-15 -3.817700e+21 1.457483e+43
4.800000e-15 -3.760322e+21 1.414002e+43
4.805000e-15 -3.700373e+21 1.369276e+43
4.810000e-15 -3.637900e+21 1.323432e+43
4.815000e-15 -3.572955e+21 1.276601e+43
4.820000e-15 -3.505587e+21 1.228914e+43
4.825000e-15 -3.435850e+21 1.180506e+43
4.830000e-15 -3.363798e+21 1.131514e+43
4.835000e-15 -3.289488e+21 1.082073e+43
4.840000e-15 -3.212976e+21 1.032322e+43
4.845000e-15 -3.134323e+21 9.823981e+42
4.850000e-15 -3.053588e+21 9.324402e+42
4.855000e-15 -2.970834e+21 8.825853e+42
4.860000e-15 -2.886123e+21 8.329704e+42
4.865000e-15 -2.799519e+21 7.837308e+42
4.870000e-15 -2.711089e+21 7.350005e+42
4.875000e-15 -2.620899e+21 6.869114e+42
4.880000e-15 -2.529018e+21 6.395930e+42
4.885000e-15 -2.435513e+21 5.931723e+42
4.890000e-15 -2.340455e+21 5.477730e+42
4.895000e-15 -2.243915e+21 5.035156e+42
4.900000e-15 -2.145966e+21 4.605168e+42
4.905000e-15 -2.046678e+21 4.188892e+42
4.910000e-15 -1.946127e+21 3.787411e+42
4.915000e-15 -1.844386e+21 3.401761e+42
4.920000e-15 -1.741531e+21 3.032931e+42
4.925000e-15 -1.637637e+21 2.681856e+42
4.930000e-15 -1.532781e+21 2.349417e+42
4.935000e-15 -1.427039e+21 2.036439e+42
4.940000e-15 -1.320488e+21 1.743688e+42
4.945000e-15 -1.213206e+21 1.471869e+42
4.950000e-15 -1.105272e+21 1.221626e+42
4.955000e-15 -9.967635e+20 9.935374e+41
4.960000e-15 -8.877594e+20 7.881167e+41
4.965000e-15 -7.783385e+20 6.058108e+41
4.970000e-15 -6.685799e+20 4.469990e+41
4.975000e-15 -5.585626e+20 3.119922e+41
4.980000e-15 -4.483658e+20 2.010319e+41
4.985000e-15 -3.380687e+20 1.142904e+41
4.990000e-15 -2.277502e+20 5.187015e+40
4.995000e-15 -1.174892e+20 1.380372e+40
5.000000e-15 -7.364569e+18 5.423688e+37
