0.000000e+00 nan nan
5.000000e-18 -1.129422e+11 1.275595e+22
1.000000e-17 -7.225463e+12 5.220731e+25
1.500000e-17 -8.224862e+13 6.764836e+27
2.000000e-17 -4.617029e+14 2.131696e+29
2.500000e-17 -1.759180e+15 3.094715e+30
3.000000e-17 -5.245314e+15 2.751332e+31
3.500000e-17 -1.320420e+16 1.743508e+32
4.000000e-17 -2.936360e+16 8.622207e+32
4.500000e-17 -5.939581e+16 3.527862e+33
5.000000e-17 -1.114854e+17 1.242899e+34
5.500000e-17 -1.969595e+17 3.879304e+34
6.000000e-17 -3.309761e+17 1.095452e+35
6.500000e-17 -5.332650e+17 2.843716e+35
7.000000e-17 -8.289156e+17 6.871010e+35
7.500000e-17 -1.249205e+18 1.560514e+36
8.000000e-17 -1.832464e+18 3.357923e+36
8.500000e-17 -2.624962e+18 6.890425e+36
9.000000e-17 -3.681825e+18 1.355584e+37
9.500000e-17 -5.067956e+18 2.568418e+37
1.000000e-16 -6.858964e+18 4.704539e+37
1.050000e-16 -9.142094e+18 8.357788e+37
1.100000e-16 -1.201714e+19 1.444117e+38
1.150000e-16 -1.559735e+19 2.432773e+38
1.200000e-16 -2.001028e+19 4.004115e+38
1.250000e-16 -2.539867e+19 6.450924e+38
1.300000e-16 -3.192118e+19 1.018961e+39
1.350000e-16 -3.975317e+19 1.580314e+39
1.400000e-16 -4.908739e+19 2.409572e+39
1.450000e-16 -6.013457e+19 3.616166e+39
1.500000e-16 -7.312397e+19 5.347115e+39
1.550000e-16 -8.830385e+19 7.797570e+39
1.600000e-16 -1.059418e+20 1.122367e+40
1.650000e-16 -1.263252e+20 1.595805e+40
1.700000e-16 -1.497609e+20 2.242833e+40
1.750000e-16 -1.765760e+20 3.117909e+40
1.800000e-16 -2.071172e+20 4.289755e+40
1.850000e-16 -2.417510e+20 5.844356e+40
1.900000e-16 -2.808631e+20 7.888410e+40
1.950000e-16 -3.248583e+20 1.055329e+41
2.000000e-16 -3.741597e+20 1.399955e+41
2.050000e-16 -4.292083e+20 1.842197e+41
2.100000e-16 -4.904616e+20 2.405526e+41
2.150000e-16 -5.583936e+20 3.118035e+41
2.200000e-16 -6.334929e+20 4.013132e+41
2.250000e-16 -7.162616e+20 5.130306e+41
2.300000e-16 -8.072143e+20 6.515949e+41
2.350000e-16 -9.068764e+20 8.224249e+41
2.400000e-16 -1.015782e+21 1.031814e+42
2.450000e-16 -1.134474e+21 1.287032e+42
2.500000e-16 -1.263499e+21 1.596431e+42
2.550000e-16 -1.403409e+21 1.969556e+42
2.600000e-16 -1.554755e+21 2.417262e+42
2.650000e-16 -1.718089e+21 2.951829e+42
2.700000e-16 -1.893959e+21 3.587082e+42
2.750000e-16 -2.082910e+21 4.338512e+42
2.800000e-16 -2.285474e+21 5.223390e+42
2.850000e-16 -2.502176e+21 6.260885e+42
2.900000e-16 -2.733527e+21 7.472170e+42
2.950000e-16 -2.980021e+21 8.880526e+42
3.000000e-16 -3.242134e+21 1.051143e+43
3.050000e-16 -3.520320e+21 1.239265e+43
3.100000e-16 -3.815007e+21 1.455428e+43
3.150000e-16 -4.126599e+21 1.702882e+43
3.200000e-16 -4.455465e+21 1.985117e+43
3.250000e-16 -4.801945e+21 2.305868e+43
3.300000e-16 -5.166341e+21 2.669108e+43
3.350000e-16 -5.548916e+21 3.079047e+43
3.400000e-16 -5.949892e+21 3.540121e+43
3.450000e-16 -6.369445e+21 4.056983e+43
3.500000e-16 -6.807707e+21 4.634487e+43
3.550000e-16 -7.264758e+21 5.277670e+43
3.600000e-16 -7.740625e+21 5.991728e+43
3.650000e-16 -8.235285e+21 6.781992e+43
3.700000e-16 -8.748653e+21 7.653893e+43
3.750000e-16 -9.280588e+21 8.612932e+43
3.800000e-16 -9.830889e+21 9.664639e+43
3.850000e-16 -1.039929e+22 1.081453e+44
3.900000e-16 -1.098546e+22 1.206804e+44
3.950000e-16 -1.158902e+22 1.343053e+44
4.000000e-16 -1.220948e+22 1.490715e+44
4.050000e-16 -1.284634e+22 1.650284e+44
4.100000e-16 -1.349899e+22 1.822226e+44
4.150000e-16 -1.416675e+22 2.006969e+44
4.200000e-16 -1.484891e+22 2.204901e+44
4.250000e-16 -1.554464e+22 2.416360e+44
4.300000e-16 -1.625308e+22 2.641627e+44
4.350000e-16 -1.697328e+22 2.880923e+44
4.400000e-16 -1.770423e+22 3.134396e+44
4.450000e-16 -1.844483e+22 3.402119e+44
4.500000e-16 -1.919396e+22 3.684079e+44
4.550000e-16 -1.995038e+22 3.980177e+44
4.600000e-16 -2.071283e+22 4.290213e+44
4.650000e-16 -2.147997e+22 4.613889e+44
4.700000e-16 -2.225039e+22 4.950799e+44
4.750000e-16 -2.302265e+22 5.300424e+44
4.800000e-16 -2.379523e+22 5.662131e+44
4.850000e-16 -2.456658e+22 6.035170e+44
4.900000e-16 -2.533509e+22 6.418667e+44
4.950000e-16 -2.609910e+22 6.811631e+44
5.000000e-16 -2.685693e+22 7.212945e+44
5.050000e-16 -2.760684e+22 7.621374e+44
5.100000e-16 -2.834707e+22 8.035563e+44
5.150000e-16 -2.907583e+22 8.454040e+44
5.200000e-16 -2.979132e+22 8.875225e+44
5.250000e-16 -3.049169e+22 9.297430e+44
5.300000e-16 -3.117510e+22 9.718870e+44
5.350000e-16 -3.183971e+22 1.013767e+45
5.400000e-16 -3.248364e+22 1.055187e+45
5.450000e-16 -3.310505e+22 1.095945e+45
5.500000e-16 -3.370210e+22 1.135831e+45
5.550000e-16 -3.427294e+22 1.174634e+45
5.600000e-16 -3.481576e+22 1.212137e+45
5.650000e-16 -3.532878e+22 1.248123e+45
5.700000e-16 -3.581023e+22 1.282373e+45
5.750000e-16 -3.625839e+22 1.314671e+45
5.800000e-16 -3.667159e+22 1.344805e+45
5.850000e-16 -3.704818e+22 1.372568e+45
5.900000e-16 -3.738660e+22 1.397758e+45
5.950000e-16 -3.768533e+22 1.420184e+45
6.000000e-16 -3.794290e+22 1.439664e+45
6.050000e-16 -3.815795e+22 1.456029e+45
6.100000e-16 -3.832916e+22 1.469124e+45
6.150000e-16 -3.845531e+22 1.478811e+45
6.200000e-16 -3.853527e+22 1.484967e+45
6.250000e-16 -3.856798e+22 1.487489e+45
6.300000e-16 -3.855251e+22 1.486296e+45
6.350000e-16 -3.848799e+22 1.481326e+45
6.400000e-16 -3.837370e+22 1.472541e+45
6.450000e-16 -3.820900e+22 1.459928e+45
6.500000e-16 -3.799337e+22 1.443496e+45
6.550000e-16 -3.772640e+22 1.423281e+45
6.600000e-16 -3.740781e+22 1.399344e+45
6.650000e-16 -3.703745e+22 1.371773e+45
6.700000e-16 -3.661528e+22 1.340678e+45
6.750000e-16 -3.614138e+22 1.306200e+45
6.800000e-16 -3.561599e+22 1.268499e+45
6.850000e-16 -3.503945e+22 1.227763e+45
6.900000e-16 -3.441225e+22 1.184203e+45
6.950000e-16 -3.373501e+22 1.138051e+45
7.000000e-16 -3.300847e+22 1.089559e+45
7.050000e-16 -3.223352e+22 1.039000e+45
7.100000e-16 -3.141117e+22 9.866618e+44
7.150000e-16 -3.054257e+22 9.328485e+44
7.200000e-16 -2.962899e+22 8.778768e+44
7.250000e-16 -2.867183e+22 8.220736e+44
7.300000e-16 -2.767262e+22 7.657737e+44
7.350000e-16 -2.663301e+22 7.093173e+44
7.400000e-16 -2.555478e+22 6.530468e+44
7.450000e-16 -2.443981e+22 5.973044e+44
7.500000e-16 -2.329011e+22 5.424291e+44
7.550000e-16 -2.210777e+22 4.887537e+44
7.600000e-16 -2.089503e+22 4.366022e+44
7.650000e-16 -1.965418e+22 3.862868e+44
7.700000e-16 -1.838764e+22 3.381051e+44
7.750000e-16 -1.709789e+22 2.923378e+44
7.800000e-16 -1.578751e+22 2.492456e+44
7.850000e-16 -1.445917e+22 2.090675e+44
7.900000e-16 -1.311556e+22 1.720179e+44
7.950000e-16 -1.175948e+22 1.382854e+44
8.000000e-16 -1.039376e+22 1.080303e+44
8.050000e-16 -9.021294e+21 8.138375e+43
8.100000e-16 -7.644995e+21 5.844596e+43
8.150000e-16 -6.267823e+21 3.928560e+43
8.200000e-16 -4.892756e+21 2.393906e+43
8.250000e-16 -3.522790e+21 1.241005e+43
8.300000e-16 -2.160928e+21 4.669611e+42
8.350000e-16 -8.101714e+20 6.563778e+41
8.400000e-16 5.264879e+20 2.771895e+41
8.450000e-16 1.846076e+21 3.407995e+42
8.500000e-16 3.145644e+21 9.895075e+42
8.550000e-16 4.422280e+21 1.955656e+43
8.600000e-16 5.673115e+21 3.218423e+43
8.650000e-16 6.895331e+21 4.754559e+43
8.700000e-16 8.086172e+21 6.538617e+43
8.750000e-16 9.242948e+21 8.543209e+43
8.800000e-16 1.036305e+22 1.073928e+44
8.850000e-16 1.144394e+22 1.309639e+44
8.900000e-16 1.248320e+22 1.558303e+44
8.950000e-16 1.347848e+22 1.816695e+44
9.000000e-16 1.442756e+22 2.081546e+44
9.050000e-16 1.532832e+22 2.349575e+44
9.100000e-16 1.617877e+22 2.617525e+44
9.150000e-16 1.697703e+22 2.882196e+44
9.200000e-16 1.772138e+22 3.140473e+44
9.250000e-16 1.841021e+22 3.389360e+44
9.300000e-16 1.904208e+22 3.626009e+44
9.350000e-16 1.961568e+22 3.847749e+44
9.400000e-16 2.012985e+22 4.052111e+44
9.450000e-16 2.058361e+22 4.236851e+44
9.500000e-16 2.097612e+22 4.399975e+44
9.550000e-16 2.130670e+22 4.539755e+44
9.600000e-16 2.157485e+22 4.654744e+44
9.650000e-16 2.178024e+22 4.743790e+44
9.700000e-16 2.192270e+22 4.806047e+44
9.750000e-16 2.200222e+22 4.840978e+44
9.800000e-16 2.201899e+22 4.848358e+44
9.850000e-16 2.197334e+22 4.828278e+44
9.900000e-16 2.186580e+22 4.781132e+44
9.950000e-16 2.169705e+22 4.707618e+44
1.000000e-15 2.146793e+22 4.608722e+44
1.005000e-15 2.117948e+22 4.485704e+44
1.010000e-15 2.083287e+22 4.340084e+44
1.015000e-15 2.042944e+22 4.173620e+44
1.020000e-15 1.997069e+22 3.988286e+44
1.025000e-15 1.945828e+22 3.786246e+44
1.030000e-15 1.889400e+22 3.569831e+44
1.035000e-15 1.827979e+22 3.341506e+44
1.040000e-15 1.761773e+22 3.103843e+44
1.045000e-15 1.691003e+22 2.859491e+44
1.050000e-15 1.615902e+22 2.611140e+44
1.055000e-15 1.536716e+22 2.361497e+44
1.060000e-15 1.453701e+22 2.113248e+44
1.065000e-15 1.367124e+22 1.869028e+44
1.070000e-15 1.277260e+22 1.631393e+44
1.075000e-15 1.184394e+22 1.402790e+44
1.080000e-15 1.088820e+22 1.185529e+44
1.085000e-15 9.908366e+21 9.817571e+43
1.090000e-15 8.907496e+21 7.934349e+43
1.095000e-15 7.888701e+21 6.223161e+43
1.100000e-15 6.855133e+21 4.699285e+43
1.105000e-15 5.809975e+21 3.375581e+43
1.110000e-15 4.756436e+21 2.262368e+43
1.115000e-15 3.697736e+21 1.367325e+43
1.120000e-15 2.637099e+21 6.954291e+42
1.125000e-15 1.577744e+21 2.489276e+42
1.130000e-15 5.228725e+20 2.733956e+41
1.135000e-15 -5.243386e+20 2.749309e+41
1.140000e-15 -1.560748e+21 2.435935e+42
1.145000e-15 -2.583261e+21 6.673236e+42
1.150000e-15 -3.588834e+21 1.287973e+43
1.155000e-15 -4.574491e+21 2.092597e+43
1.160000e-15 -5.537326e+21 3.066198e+43
1.165000e-15 -6.474517e+21 4.191937e+43
1.170000e-15 -7.383330e+21 5.451356e+43
1.175000e-15 -8.261131e+21 6.824629e+43
1.180000e-15 -9.105392e+21 8.290817e+43
1.185000e-15 -9.913701e+21 9.828146e+43
1.190000e-15 -1.068376e+22 1.141428e+44
1.195000e-15 -1.141342e+22 1.302662e+44
1.200000e-15 -1.210064e+22 1.464255e+44
1.205000e-15 -1.274354e+22 1.623978e+44
1.210000e-15 -1.334037e+22 1.779655e+44
1.215000e-15 -1.388956e+22 1.929197e+44
1.220000e-15 -1.438966e+22 2.070622e+44
1.225000e-15 -1.483940e+22 2.202078e+44
1.230000e-15 -1.523769e+22 2.321871e+44
1.235000e-15 -1.558357e+22 2.428477e+44
1.240000e-15 -1.587629e+22 2.520566e+44
1.245000e-15 -1.611524e+22 2.597010e+44
1.250000e-15 -1.630000e+22 2.656901e+44
1.255000e-15 -1.643033e+22 2.699556e+44
1.260000e-15 -1.650614e+22 2.724526e+44
1.265000e-15 -1.652754e+22 2.731595e+44
1.270000e-15 -1.649480e+22 2.720784e+44
1.275000e-15 -1.640837e+22 2.692346e+44
1.280000e-15 -1.626886e+22 2.646760e+44
1.285000e-15 -1.607707e+22 2.584722e+44
1.290000e-15 -1.583394e+22 2.507135e+44
1.295000e-15 -1.554057e+22 2.415094e+44
1.300000e-15 -1.519825e+22 2.309867e+44
1.305000e-15 -1.480838e+22 2.192882e+44
1.310000e-15 -1.437255e+22 2.065702e+44
1.315000e-15 -1.389245e+22 1.930003e+44
1.320000e-15 -1.336995e+22 1.787555e+44
1.325000e-15 -1.280700e+22 1.640194e+44
1.330000e-15 -1.220572e+22 1.489797e+44
1.335000e-15 -1.156832e+22 1.338261e+44
1.340000e-15 -1.089712e+22 1.187473e+44
1.345000e-15 -1.019454e+22 1.039287e+44
1.350000e-15 -9.463105e+21 8.955036e+43
1.355000e-15 -8.705400e+21 7.578400e+43
1.360000e-15 -7.924102e+21 6.279140e+43
1.365000e-15 -7.121947e+21 5.072213e+43
1.370000e-15 -6.301728e+21 3.971177e+43
1.375000e-15 -5.466283e+21 2.988025e+43
1.380000e-15 -4.618488e+21 2.133044e+43
1.385000e-15 -3.761248e+21 1.414699e+43
1.390000e-15 -2.897482e+21 8.395399e+42
1.395000e-15 -2.030118e+21 4.121379e+42
1.400000e-15 -1.162084e+21 1.350439e+42
1.405000e-15 -2.962932e+20 8.778963e+40
1.410000e-15 5.643604e+20 3.185027e+41
1.415000e-15 1.417015e+21 2.007931e+42
1.420000e-15 2.258848e+21 5.102396e+42
1.425000e-15 3.087089e+21 9.530120e+42
1.430000e-15 3.899025e+21 1.520239e+43
1.435000e-15 4.692009e+21 2.201495e+43
1.440000e-15 5.463474e+21 2.984954e+43
1.445000e-15 6.210935e+21 3.857571e+43
1.450000e-15 6.932001e+21 4.805264e+43
1.455000e-15 7.624382e+21 5.813120e+43
1.460000e-15 8.285895e+21 6.865605e+43
1.465000e-15 8.914472e+21 7.946780e+43
1.470000e-15 9.508166e+21 9.040523e+43
1.475000e-15 1.006516e+22 1.013074e+44
1.480000e-15 1.058377e+22 1.120161e+44
1.485000e-15 1.106244e+22 1.223776e+44
1.490000e-15 1.149977e+22 1.322448e+44
1.495000e-15 1.189452e+22 1.414795e+44
1.500000e-15 1.224556e+22 1.499537e+44
1.505000e-15 1.255195e+22 1.575514e+44
1.510000e-15 1.281290e+22 1.641703e+44
1.515000e-15 1.302776e+22 1.697226e+44
1.520000e-15 1.319608e+22 1.741364e+44
1.525000e-15 1.331752e+22 1.773564e+44
1.530000e-15 1.339195e+22 1.793444e+44
1.535000e-15 1.341938e+22 1.800797e+44
1.540000e-15 1.339997e+22 1.795592e+44
1.545000e-15 1.333406e+22 1.777973e+44
1.550000e-15 1.322215e+22 1.748252e+44
1.555000e-15 1.306487e+22 1.706909e+44
1.560000e-15 1.286303e+22 1.654576e+44
1.565000e-15 1.261759e+22 1.592035e+44
1.570000e-15 1.232962e+22 1.520196e+44
1.575000e-15 1.200038e+22 1.440092e+44
1.580000e-15 1.163124e+22 1.352859e+44
1.585000e-15 1.122371e+22 1.259717e+44
1.590000e-15 1.077941e+22 1.161957e+44
1.595000e-15 1.030010e+22 1.060921e+44
1.600000e-15 9.787645e+21 9.579799e+43
1.605000e-15 9.244013e+21 8.545177e+43
1.610000e-15 8.671275e+21 7.519101e+43
1.615000e-15 8.071593e+21 6.515061e+43
1.620000e-15 7.447212e+21 5.546096e+43
1.625000e-15 6.800451e+21 4.624614e+43
1.630000e-15 6.133699e+21 3.762227e+43
1.635000e-15 5.449401e+21 2.969597e+43
1.640000e-15 4.750052e+21 2.256299e+43
1.645000e-15 4.038188e+21 1.630696e+43
1.650000e-15 3.316378e+21 1.099836e+43
1.655000e-15 2.587211e+21 6.693662e+42
1.660000e-15 1.853293e+21 3.434693e+42
1.665000e-15 1.117230e+21 1.248204e+42
1.670000e-15 3.816284e+20 1.456402e+41
1.675000e-15 -3.509237e+20 1.231474e+41
1.680000e-15 -1.077859e+21 1.161779e+42
1.685000e-15 -1.796642e+21 3.227921e+42
1.690000e-15 -2.504778e+21 6.273912e+42
1.695000e-15 -3.199822e+21 1.023886e+43
1.700000e-15 -3.879386e+21 1.504963e+43
1.705000e-15 -4.541147e+21 2.062202e+43
1.710000e-15 -5.182858e+21 2.686202e+43
1.715000e-15 -5.802350e+21 3.366727e+43
1.720000e-15 -6.397546e+21 4.092859e+43
1.725000e-15 -6.966461e+21 4.853158e+43
1.730000e-15 -7.507214e+21 5.635827e+43
1.735000e-15 -8.018034e+21 6.428887e+43
1.740000e-15 -8.497260e+21 7.220343e+43
1.745000e-15 -8.943354e+21 7.998359e+43
1.750000e-15 -9.354902e+21 8.751419e+43
1.755000e-15 -9.730617e+21 9.468491e+43
1.760000e-15 -1.006935e+22 1.013918e+44
1.765000e-15 -1.037008e+22 1.075385e+44
1.770000e-15 -1.063193e+22 1.130380e+44
1.775000e-15 -1.085418e+22 1.178131e+44
1.780000e-15 -1.103622e+22 1.217981e+44
1.785000e-15 -1.117762e+22 1.249391e+44
1.790000e-15 -1.127807e+22 1.271949e+44
1.795000e-15 -1.133744e+22 1.285375e+44
1.800000e-15 -1.135571e+22 1.289521e+44
1.805000e-15 -1.133303e+22 1.284375e+44
1.810000e-15 -1.126968e+22 1.270058e+44
1.815000e-15 -1.116611e+22 1.246820e+44
1.820000e-15 -1.102288e+22 1.215040e+44
1.825000e-15 -1.084072e+22 1.175211e+44
1.830000e-15 -1.062046e+22 1.127941e+44
1.835000e-15 -1.036309e+22 1.073936e+44
1.840000e-15 -1.006972e+22 1.013993e+44
1.845000e-15 -9.741588e+21 9.489854e+43
1.850000e-15 -9.380046e+21 8.798526e+43
1.855000e-15 -8.986559e+21 8.075824e+43
1.860000e-15 -8.562703e+21 7.331989e+43
1.865000e-15 -8.110155e+21 6.577462e+43
1.870000e-15 -7.630687e+21 5.822738e+43
1.875000e-15 -7.126160e+21 5.078215e+43
1.880000e-15 -6.598516e+21 4.354042e+43
1.885000e-15 -6.049773e+21 3.659976e+43
1.890000e-15 -5.482015e+21 3.005249e+43
1.895000e-15 -4.897385e+21 2.398438e+43
1.900000e-15 -4.298077e+21 1.847346e+43
1.905000e-15 -3.686328e+21 1.358901e+43
1.910000e-15 -3.064411e+21 9.390613e+42
1.915000e-15 -2.434624e+21 5.927394e+42
1.920000e-15 -1.799285e+21 3.237425e+42
1.925000e-15 -1.160720e+21 1.347270e+42
1.930000e-15 -5.212569e+20 2.717087e+41
1.935000e-15 1.167824e+20 1.363814e+40
1.940000e-15 7.510926e+20 5.641401e+41
1.945000e-15 1.379392e+21 1.902721e+42
1.950000e-15 1.999429e+21 3.997717e+42
1.955000e-15 2.608995e+21 6.806852e+42
1.960000e-15 3.205925e+21 1.027795e+43
1.965000e-15 3.788113e+21 1.434980e+43
1.970000e-15 4.353512e+21 1.895307e+43
1.975000e-15 4.900149e+21 2.401146e+43
1.980000e-15 5.426124e+21 2.944282e+43
1.985000e-15 5.929621e+21 3.516040e+43
1.990000e-15 6.408914e+21 4.107418e+43
1.995000e-15 6.862373e+21 4.709216e+43
2.000000e-15 7.288467e+21 5.312175e+43
2.005000e-15 7.685772e+21 5.907110e+43
2.010000e-15 8.052976e+21 6.485043e+43
2.015000e-15 8.388880e+21 7.037331e+43
2.020000e-15 8.692405e+21 7.555790e+43
2.025000e-15 8.962594e+21 8.032809e+43
2.030000e-15 9.198615e+21 8.461452e+43
2.035000e-15 9.399766e+21 8.835560e+43
2.040000e-15 9.565472e+21 9.149826e+43
2.045000e-15 9.695292e+21 9.399869e+43
2.050000e-15 9.788916e+21 9.582288e+43
2.055000e-15 9.846168e+21 9.694703e+43
2.060000e-15 9.867006e+21 9.735781e+43
2.065000e-15 9.851520e+21 9.705244e+43
2.070000e-15 9.799931e+21 9.603865e+43
2.075000e-15 9.712594e+21 9.433449e+43
2.080000e-15 9.589991e+21 9.196792e+43
2.085000e-15 9.432730e+21 8.897639e+43
2.090000e-15 9.241544e+21 8.540613e+43
2.095000e-15 9.017288e+21 8.131148e+43
2.100000e-15 8.760932e+21 7.675393e+43
2.105000e-15 8.473562e+21 7.180125e+43
2.110000e-15 8.156370e+21 6.652637e+43
2.115000e-15 7.810654e+21 6.100632e+43
2.120000e-15 7.437811e+21 5.532103e+43
2.125000e-15 7.039330e+21 4.955217e+43
2.130000e-15 6.616790e+21 4.378190e+43
2.135000e-15 6.171848e+21 3.809171e+43
2.140000e-15 5.706241e+21 3.256119e+43
2.145000e-15 5.221770e+21 2.726689e+43
2.150000e-15 4.720301e+21 2.228124e+43
2.155000e-15 4.203753e+21 1.767154e+43
2.160000e-15 3.674091e+21 1.349895e+43
2.165000e-15 3.133324e+21 9.817721e+42
2.170000e-15 2.583490e+21 6.674423e+42
2.175000e-15 2.026654e+21 4.107326e+42
2.180000e-15 1.464896e+21 2.145920e+42
2.185000e-15 9.003076e+20 8.105538e+41
2.190000e-15 3.349814e+20 1.122125e+41
2.195000e-15 -2.289958e+20 5.243908e+40
2.200000e-15 -7.895506e+20 6.233902e+41
2.205000e-15 -1.344631e+21 1.808032e+42
2.210000e-15 -1.892212e+21 3.580468e+42
2.215000e-15 -2.430308e+21 5.906395e+42
2.220000e-15 -2.956971e+21 8.743679e+42
2.225000e-15 -3.470308e+21 1.204304e+43
2.230000e-15 -3.968481e+21 1.574884e+43
2.235000e-15 -4.449713e+21 1.979995e+43
2.240000e-15 -4.912301e+21 2.413070e+43
2.245000e-15 -5.354613e+21 2.867188e+43
2.250000e-15 -5.775102e+21 3.335180e+43
2.255000e-15 -6.172306e+21 3.809736e+43
2.260000e-15 -6.544854e+21 4.283512e+43
2.265000e-15 -6.891474e+21 4.749241e+43
2.270000e-15 -7.210992e+21 5.199840e+43
2.275000e-15 -7.502340e+21 5.628510e+43
2.280000e-15 -7.764558e+21 6.028836e+43
2.285000e-15 -7.996798e+21 6.394877e+43
2.290000e-15 -8.198325e+21 6.721253e+43
2.295000e-15 -8.368522e+21 7.003216e+43
2.300000e-15 -8.506889e+21 7.236715e+43
2.305000e-15 -8.613045e+21 7.418454e+43
2.310000e-15 -8.686731e+21 7.545929e+43
2.315000e-15 -8.727809e+21 7.617464e+43
2.320000e-15 -8.736261e+21 7.632225e+43
2.325000e-15 -8.712190e+21 7.590226e+43
2.330000e-15 -8.655821e+21 7.492324e+43
2.335000e-15 -8.567495e+21 7.340197e+43
2.340000e-15 -8.447671e+21 7.136315e+43
2.345000e-15 -8.296923e+21 6.883894e+43
2.350000e-15 -8.115938e+21 6.586844e+43
2.355000e-15 -7.905509e+21 6.249708e+43
2.360000e-15 -7.666540e+21 5.877584e+43
2.365000e-15 -7.400034e+21 5.476050e+43
2.370000e-15 -7.107092e+21 5.051076e+43
2.375000e-15 -6.788910e+21 4.608931e+43
2.380000e-15 -6.446774e+21 4.156089e+43
2.385000e-15 -6.082050e+21 3.699133e+43
2.390000e-15 -5.696186e+21 3.244654e+43
2.395000e-15 -5.290703e+21 2.799154e+43
2.400000e-15 -4.867186e+21 2.368950e+43
2.405000e-15 -4.427284e+21 1.960084e+43
2.410000e-15 -3.972698e+21 1.578233e+43
2.415000e-15 -3.505179e+21 1.228628e+43
2.420000e-15 -3.026518e+21 9.159809e+42
2.425000e-15 -2.538541e+21 6.444189e+42
2.430000e-15 -2.043102e+21 4.174264e+42
2.435000e-15 -1.542075e+21 2.377995e+42
2.440000e-15 -1.037348e+21 1.076091e+42
2.445000e-15 -5.308164e+20 2.817660e+41
2.450000e-15 -2.437361e+19 5.940729e+38
2.455000e-15 4.800935e+20 2.304898e+41
2.460000e-15 9.807127e+20 9.617974e+41
2.465000e-15 1.475633e+21 2.177493e+42
2.470000e-15 1.963032e+21 3.853496e+42
2.475000e-15 2.441122e+21 5.959077e+42
2.480000e-15 2.908156e+21 8.457372e+42
2.485000e-15 3.362436e+21 1.130597e+43
2.490000e-15 3.802315e+21 1.445760e+43
2.495000e-15 4.226210e+21 1.786085e+43
2.500000e-15 4.632601e+21 2.146099e+43
2.505000e-15 5.020037e+21 2.520077e+43
2.510000e-15 5.387147e+21 2.902136e+43
2.515000e-15 5.732639e+21 3.286315e+43
2.520000e-15 6.055304e+21 3.666671e+43
2.525000e-15 6.354027e+21 4.037366e+43
2.530000e-15 6.627783e+21 4.392750e+43
2.535000e-15 6.875644e+21 4.727449e+43
2.540000e-15 7.096785e+21 5.036436e+43
2.545000e-15 7.290480e+21 5.315110e+43
2.550000e-15 7.456110e+21 5.559358e+43
2.555000e-15 7.593162e+21 5.765611e+43
2.560000e-15 7.701233e+21 5.930899e+43
2.565000e-15 7.780027e+21 6.052883e+43
2.570000e-15 7.829362e+21 6.129891e+43
2.575000e-15 7.849163e+21 6.160935e+43
2.580000e-15 7.839467e+21 6.145724e+43
2.585000e-15 7.800421e+21 6.084657e+43
2.590000e-15 7.732282e+21 5.978818e+43
2.595000e-15 7.635413e+21 5.829953e+43
2.600000e-15 7.510283e+21 5.640436e+43
2.605000e-15 7.357468e+21 5.413233e+43
2.610000e-15 7.177640e+21 5.151852e+43
2.615000e-15 6.971574e+21 4.860285e+43
2.620000e-15 6.740139e+21 4.542947e+43
2.625000e-15 6.484295e+21 4.204608e+43
2.630000e-15 6.205089e+21 3.850313e+43
2.635000e-15 5.903655e+21 3.485314e+43
2.640000e-15 5.581201e+21 3.114981e+43
2.645000e-15 5.239015e+21 2.744728e+43
2.650000e-15 4.878450e+21 2.379927e+43
2.655000e-15 4.500923e+21 2.025831e+43
2.660000e-15 4.107913e+21 1.687495e+43
2.665000e-15 3.700947e+21 1.369701e+43
2.670000e-15 3.281603e+21 1.076892e+43
2.675000e-15 2.851497e+21 8.131034e+42
2.680000e-15 2.412280e+21 5.819095e+42
2.685000e-15 1.965633e+21 3.863711e+42
2.690000e-15 1.513256e+21 2.289943e+42
2.695000e-15 1.056867e+21 1.116968e+42
2.700000e-15 5.981919e+20 3.578336e+41
2.705000e-15 1.389596e+20 1.930976e+40
2.710000e-15 -3.191056e+20 1.018284e+41
2.715000e-15 -7.742893e+20 5.995239e+41
2.720000e-15 -1.224894e+21 1.500365e+42
2.725000e-15 -1.669245e+21 2.786380e+42
2.730000e-15 -2.105698e+21 4.433964e+42
2.735000e-15 -2.532642e+21 6.414277e+42
2.740000e-15 -2.948509e+21 8.693707e+42
2.745000e-15 -3.351777e+21 1.123441e+43
2.750000e-15 -3.740977e+21 1.399491e+43
2.755000e-15 -4.114698e+21 1.693074e+43
2.760000e-15 -4.471589e+21 1.999511e+43
2.765000e-15 -4.810372e+21 2.313968e+43
2.770000e-15 -5.129837e+21 2.631523e+43
2.775000e-15 -5.428852e+21 2.947243e+43
2.780000e-15 -5.706366e+21 3.256261e+43
2.785000e-15 -5.961411e+21 3.553842e+43
2.790000e-15 -6.193108e+21 3.835459e+43
2.795000e-15 -6.400668e+21 4.096855e+43
2.800000e-15 -6.583395e+21 4.334109e+43
2.805000e-15 -6.740688e+21 4.543688e+43
2.810000e-15 -6.872045e+21 4.722501e+43
2.815000e-15 -6.977062e+21 4.867940e+43
2.820000e-15 -7.055436e+21 4.977917e+43
2.825000e-15 -7.106962e+21 5.050892e+43
2.830000e-15 -7.131542e+21 5.085889e+43
2.835000e-15 -7.129174e+21 5.082512e+43
2.840000e-15 -7.099961e+21 5.040944e+43
2.845000e-15 -7.044104e+21 4.961939e+43
2.850000e-15 -6.961904e+21 4.846811e+43
2.855000e-15 -6.853761e+21 4.697404e+43
2.860000e-15 -6.720171e+21 4.516069e+43
2.865000e-15 -6.561721e+21 4.305619e+43
2.870000e-15 -6.379094e+21 4.069284e+43
2.875000e-15 -6.173058e+21 3.810664e+43
2.880000e-15 -5.944467e+21 3.533669e+43
2.885000e-15 -5.694259e+21 3.242459e+43
2.890000e-15 -5.423448e+21 2.941378e+43
2.895000e-15 -5.133122e+21 2.634894e+43
2.900000e-15 -4.824439e+21 2.327521e+43
2.905000e-15 -4.498624e+21 2.023762e+43
2.910000e-15 -4.156960e+21 1.728032e+43
2.915000e-15 -3.800787e+21 1.444598e+43
2.920000e-15 -3.431493e+21 1.177515e+43
2.925000e-15 -3.050514e+21 9.305634e+42
2.930000e-15 -2.659321e+21 7.071991e+42
2.935000e-15 -2.259424e+21 5.104995e+42
2.940000e-15 -1.852355e+21 3.431219e+42
2.945000e-15 -1.439672e+21 2.072656e+42
2.950000e-15 -1.022948e+21 1.046422e+42
2.955000e-15 -6.037653e+20 3.645326e+41
2.960000e-15 -1.837113e+20 3.374983e+40
2.965000e-15 2.356291e+20 5.552109e+40
2.970000e-15 6.526785e+20 4.259893e+41
2.975000e-15 1.065873e+21 1.136086e+42
2.980000e-15 1.473670e+21 2.171702e+42
2.985000e-15 1.874548e+21 3.513932e+42
2.990000e-15 2.267022e+21 5.139389e+42
2.995000e-15 2.649639e+21 7.020587e+42
3.000000e-15 3.020990e+21 9.126378e+42
3.005000e-15 3.379711e+21 1.142245e+43
3.010000e-15 3.724492e+21 1.387184e+43
3.015000e-15 4.054079e+21 1.643556e+43
3.020000e-15 4.367279e+21 1.907313e+43
3.025000e-15 4.662964e+21 2.174323e+43
3.030000e-15 4.940076e+21 2.440435e+43
3.035000e-15 5.197630e+21 2.701536e+43
3.040000e-15 5.434719e+21 2.953617e+43
3.045000e-15 5.650514e+21 3.192830e+43
3.050000e-15 5.844269e+21 3.415548e+43
3.055000e-15 6.015326e+21 3.618415e+43
3.060000e-15 6.163112e+21 3.798395e+43
3.065000e-15 6.287143e+21 3.952817e+43
3.070000e-15 6.387028e+21 4.079413e+43
3.075000e-15 6.462467e+21 4.176348e+43
3.080000e-15 6.513253e+21 4.242247e+43
3.085000e-15 6.539274e+21 4.276210e+43
3.090000e-15 6.540509e+21 4.277826e+43
3.095000e-15 6.517032e+21 4.247171e+43
3.100000e-15 6.469011e+21 4.184810e+43
3.105000e-15 6.396703e+21 4.091781e+43
3.110000e-15 6.300458e+21 3.969577e+43
3.115000e-15 6.180715e+21 3.820124e+43
3.120000e-15 6.037999e+21 3.645743e+43
3.125000e-15 5.872921e+21 3.449121e+43
3.130000e-15 5.686175e+21 3.233258e+43
3.135000e-15 5.478531e+21 3.001431e+43
3.140000e-15 5.250841e+21 2.757133e+43
3.145000e-15 5.004024e+21 2.504026e+43
3.150000e-15 4.739073e+21 2.245882e+43
3.155000e-15 4.457044e+21 1.986524e+43
3.160000e-15 4.159055e+21 1.729774e+43
3.165000e-15 3.846279e+21 1.479387e+43
3.170000e-15 3.519944e+21 1.239001e+43
3.175000e-15 3.181324e+21 1.012082e+43
3.180000e-15 2.831734e+21 8.018716e+42
3.185000e-15 2.472528e+21 6.113395e+42
3.190000e-15 2.105093e+21 4.431415e+42
3.195000e-15 1.730840e+21 2.995807e+42
3.200000e-15 1.351204e+21 1.825753e+42
3.205000e-15 9.676353e+20 9.363180e+41
3.210000e-15 5.815939e+20 3.382514e+41
3.215000e-15 1.945453e+20 3.784789e+40
3.220000e-15 -1.920456e+20 3.688150e+40
3.225000e-15 -5.767202e+20 3.326062e+41
3.230000e-15 -9.580315e+20 9.178244e+41
3.235000e-15 -1.334550e+21 1.781022e+42
3.240000e-15 -1.704867e+21 2.906570e+42
3.245000e-15 -2.067603e+21 4.274981e+42
3.250000e-15 -2.421411e+21 5.863229e+42
3.255000e-15 -2.764981e+21 7.645118e+42
3.260000e-15 -3.097046e+21 9.591694e+42
3.265000e-15 -3.416387e+21 1.167170e+43
3.270000e-15 -3.721834e+21 1.385205e+43
3.275000e-15 -4.012277e+21 1.609837e+43
3.280000e-15 -4.286662e+21 1.837547e+43
3.285000e-15 -4.544001e+21 2.064794e+43
3.290000e-15 -4.783372e+21 2.288065e+43
3.295000e-15 -5.003925e+21 2.503926e+43
3.300000e-15 -5.204882e+21 2.709080e+43
3.305000e-15 -5.385542e+21 2.900407e+43
3.310000e-15 -5.545283e+21 3.075017e+43
3.315000e-15 -5.683564e+21 3.230290e+43
3.320000e-15 -5.799925e+21 3.363913e+43
3.325000e-15 -5.893991e+21 3.473913e+43
3.330000e-15 -5.965474e+21 3.558688e+43
3.335000e-15 -6.014169e+21 3.617022e+43
3.340000e-15 -6.039959e+21 3.648111e+43
3.345000e-15 -6.042815e+21 3.651561e+43
3.350000e-15 -6.022793e+21 3.627404e+43
3.355000e-15 -5.980037e+21 3.576084e+43
3.360000e-15 -5.914774e+21 3.498455e+43
3.365000e-15 -5.827317e+21 3.395763e+43
3.370000e-15 -5.718063e+21 3.269624e+43
3.375000e-15 -5.587486e+21 3.122000e+43
3.380000e-15 -5.436145e+21 2.955167e+43
3.385000e-15 -5.264670e+21 2.771675e+43
3.390000e-15 -5.073770e+21 2.574314e+43
3.395000e-15 -4.864222e+21 2.366066e+43
3.400000e-15 -4.636874e+21 2.150060e+43
3.405000e-15 -4.392636e+21 1.929525e+43
3.410000e-15 -4.132480e+21 1.707739e+43
3.415000e-15 -3.857438e+21 1.487983e+43
3.420000e-15 -3.568592e+21 1.273485e+43
3.425000e-15 -3.267073e+21 1.067377e+43
3.430000e-15 -2.954060e+21 8.726473e+42
3.435000e-15 -2.630770e+21 6.920949e+42
3.440000e-15 -2.298453e+21 5.282887e+42
3.445000e-15 -1.958394e+21 3.835307e+42
3.450000e-15 -1.611901e+21 2.598224e+42
3.455000e-15 -1.260302e+21 1.588362e+42
3.460000e-15 -9.049438e+20 8.189232e+41
3.465000e-15 -5.471798e+20 2.994057e+41
3.470000e-15 -1.883708e+20 3.548354e+40
3.475000e-15 1.701228e+20 2.894176e+40
3.480000e-15 5.269454e+20 2.776715e+41
3.485000e-15 8.807519e+20 7.757239e+41
3.490000e-15 1.230212e+21 1.513422e+42
3.495000e-15 1.574016e+21 2.477526e+42
3.500000e-15 1.910879e+21 3.651457e+42
3.505000e-15 2.239545e+21 5.015562e+42
3.510000e-15 2.558794e+21 6.547429e+42
3.515000e-15 2.867445e+21 8.222243e+42
3.520000e-15 3.164360e+21 1.001317e+43
3.525000e-15 3.448447e+21 1.189178e+43
3.530000e-15 3.718667e+21 1.382848e+43
3.535000e-15 3.974037e+21 1.579297e+43
3.540000e-15 4.213631e+21 1.775469e+43
3.545000e-15 4.436587e+21 1.968330e+43
3.550000e-15 4.642107e+21 2.154916e+43
3.555000e-15 4.829463e+21 2.332371e+43
3.560000e-15 4.997994e+21 2.497995e+43
3.565000e-15 5.147117e+21 2.649281e+43
3.570000e-15 5.276319e+21 2.783954e+43
3.575000e-15 5.385167e+21 2.900003e+43
3.580000e-15 5.473306e+21 2.995708e+43
3.585000e-15 5.540459e+21 3.069668e+43
3.590000e-15 5.586429e+21 3.120819e+43
3.595000e-15 5.611102e+21 3.148446e+43
3.600000e-15 5.614441e+21 3.152195e+43
3.605000e-15 5.596494e+21 3.132074e+43
3.610000e-15 5.557386e+21 3.088454e+43
3.615000e-15 5.497324e+21 3.022058e+43
3.620000e-15 5.416593e+21 2.933948e+43
3.625000e-15 5.315555e+21 2.825512e+43
3.630000e-15 5.194647e+21 2.698436e+43
3.635000e-15 5.054382e+21 2.554678e+43
3.640000e-15 4.895344e+21 2.396439e+43
3.645000e-15 4.718186e+21 2.226128e+43
3.650000e-15 4.523629e+21 2.046322e+43
3.655000e-15 4.312456e+21 1.859728e+43
3.660000e-15 4.085512e+21 1.669141e+43
3.665000e-15 3.843700e+21 1.477403e+43
3.670000e-15 3.587975e+21 1.287357e+43
3.675000e-15 3.319345e+21 1.101805e+43
3.680000e-15 3.038860e+21 9.234668e+42
3.685000e-15 2.747615e+21 7.549389e+42
3.690000e-15 2.446743e+21 5.986552e+42
3.695000e-15 2.137409e+21 4.568518e+42
3.700000e-15 1.820808e+21 3.315342e+42
3.705000e-15 1.498158e+21 2.244478e+42
3.710000e-15 1.170699e+21 1.370535e+42
3.715000e-15 8.396823e+20 7.050664e+41
3.720000e-15 5.063730e+20 2.564136e+41
3.725000e-15 1.720396e+20 2.959761e+40
3.730000e-15 -1.620486e+20 2.625974e+40
3.735000e-15 -4.946262e+20 2.446551e+41
3.740000e-15 -8.244373e+20 6.796968e+41
3.745000e-15 -1.150239e+21 1.323051e+42
3.750000e-15 -1.470809e+21 2.163278e+42
3.755000e-15 -1.784944e+21 3.186027e+42
3.760000e-15 -2.091473e+21 4.374260e+42
3.765000e-15 -2.389253e+21 5.708531e+42
3.770000e-15 -2.677179e+21 7.167289e+42
3.775000e-15 -2.954186e+21 8.727217e+42
3.780000e-15 -3.219253e+21 1.036359e+43
3.785000e-15 -3.471407e+21 1.205067e+43
3.790000e-15 -3.709725e+21 1.376206e+43
3.795000e-15 -3.933341e+21 1.547117e+43
3.800000e-15 -4.141446e+21 1.715158e+43
3.805000e-15 -4.333292e+21 1.877742e+43
3.810000e-15 -4.508194e+21 2.032381e+43
3.815000e-15 -4.665532e+21 2.176719e+43
3.820000e-15 -4.804757e+21 2.308569e+43
3.825000e-15 -4.925388e+21 2.425945e+43
3.830000e-15 -5.027016e+21 2.527089e+43
3.835000e-15 -5.109305e+21 2.610499e+43
3.840000e-15 -5.171992e+21 2.674950e+43
3.845000e-15 -5.214892e+21 2.719510e+43
3.850000e-15 -5.237892e+21 2.743552e+43
3.855000e-15 -5.240958e+21 2.746764e+43
3.860000e-15 -5.224128e+21 2.729151e+43
3.865000e-15 -5.187517e+21 2.691033e+43
3.870000e-15 -5.131316e+21 2.633040e+43
3.875000e-15 -5.055788e+21 2.556099e+43
3.880000e-15 -4.961268e+21 2.461418e+43
3.885000e-15 -4.848165e+21 2.350470e+43
3.890000e-15 -4.716954e+21 2.224965e+43
3.895000e-15 -4.568179e+21 2.086825e+43
3.900000e-15 -4.402449e+21 1.938155e+43
3.905000e-15 -4.220436e+21 1.781208e+43
3.910000e-15 -4.022872e+21 1.618350e+43
3.915000e-15 -3.810545e+21 1.452025e+43
3.920000e-15 -3.584299e+21 1.284720e+43
3.925000e-15 -3.345026e+21 1.118920e+43
3.930000e-15 -3.093668e+21 9.570780e+42
3.935000e-15 -2.831208e+21 8.015736e+42
3.940000e-15 -2.558669e+21 6.546788e+42
3.945000e-15 -2.277112e+21 5.185238e+42
3.950000e-15 -1.987626e+21 3.950657e+42
3.955000e-15 -1.691330e+21 2.860598e+42
3.960000e-15 -1.389365e+21 1.930336e+42
3.965000e-15 -1.082891e+21 1.172653e+42
3.970000e-15 -7.730812e+20 5.976545e+41
3.975000e-15 -4.611197e+20 2.126314e+41
3.980000e-15 -1.481954e+20 2.196188e+40
3.985000e-15 1.645021e+20 2.706094e+40
3.990000e-15 4.757871e+20 2.263733e+41
3.995000e-15 7.844820e+20 6.154120e+41
4.000000e-15 1.089422e+21 1.186840e+42
4.005000e-15 1.389460e+21 1.930598e+42
4.010000e-15 1.683468e+21 2.834065e+42
4.015000e-15 1.970348e+21 3.882270e+42
4.020000e-15 2.249027e+21 5.058121e+42
4.025000e-15 2.518468e+21 6.342682e+42
4.030000e-15 2.777672e+21 7.715465e+42
4.035000e-15 3.025681e+21 9.154748e+42
4.040000e-15 3.261581e+21 1.063791e+43
4.045000e-15 3.484507e+21 1.214179e+43
4.050000e-15 3.693644e+21 1.364301e+43
4.055000e-15 3.888233e+21 1.511835e+43
4.060000e-15 4.067570e+21 1.654513e+43
4.065000e-15 4.231013e+21 1.790147e+43
4.070000e-15 4.377981e+21 1.916672e+43
4.075000e-15 4.507955e+21 2.032166e+43
4.080000e-15 4.620484e+21 2.134887e+43
4.085000e-15 4.715183e+21 2.223295e+43
4.090000e-15 4.791737e+21 2.296074e+43
4.095000e-15 4.849898e+21 2.352152e+43
4.100000e-15 4.889492e+21 2.390713e+43
4.105000e-15 4.910412e+21 2.411215e+43
4.110000e-15 4.912625e+21 2.413388e+43
4.115000e-15 4.896167e+21 2.397245e+43
4.120000e-15 4.861146e+21 2.363074e+43
4.125000e-15 4.807741e+21 2.311437e+43
4.130000e-15 4.736197e+21 2.243157e+43
4.135000e-15 4.646832e+21 2.159304e+43
4.140000e-15 4.540026e+21 2.061183e+43
4.145000e-15 4.416227e+21 1.950306e+43
4.150000e-15 4.275947e+21 1.828372e+43
4.155000e-15 4.119757e+21 1.697240e+43
4.160000e-15 3.948289e+21 1.558899e+43
4.165000e-15 3.762230e+21 1.415438e+43
4.170000e-15 3.562323e+21 1.269014e+43
4.175000e-15 3.349358e+21 1.121820e+43
4.180000e-15 3.124177e+21 9.760482e+42
4.185000e-15 2.887663e+21 8.338598e+42
4.190000e-15 2.640742e+21 6.973518e+42
4.195000e-15 2.384376e+21 5.685249e+42
4.200000e-15 2.119562e+21 4.492541e+42
4.205000e-15 1.847324e+21 3.412607e+42
4.210000e-15 1.568716e+21 2.460870e+42
4.215000e-15 1.284810e+21 1.650736e+42
4.220000e-15 9.966967e+20 9.934042e+41
4.225000e-15 7.054811e+20 4.977036e+41
4.230000e-15 4.122767e+20 1.699721e+41
4.235000e-15 1.182018e+20 1.397167e+40
4.240000e-15 -1.756243e+20 3.084388e+40
4.245000e-15 -4.680859e+20 2.191044e+41
4.250000e-15 -7.580752e+20 5.746780e+41
4.255000e-15 -1.044496e+21 1.090972e+42
4.260000e-15 -1.326269e+21 1.758990e+42
4.265000e-15 -1.602334e+21 2.567475e+42
4.270000e-15 -1.871656e+21 3.503096e+42
4.275000e-15 -2.133227e+21 4.550656e+42
4.280000e-15 -2.386071e+21 5.693332e+42
4.285000e-15 -2.629247e+21 6.912941e+42
4.290000e-15 -2.861855e+21 8.190214e+42
4.295000e-15 -3.083035e+21 9.505103e+42
4.300000e-15 -3.291972e+21 1.083708e+43
4.305000e-15 -3.487902e+21 1.216546e+43
4.310000e-15 -3.670109e+21 1.346970e+43
4.315000e-15 -3.837934e+21 1.472973e+43
4.320000e-15 -3.990770e+21 1.592625e+43
4.325000e-15 -4.128073e+21 1.704099e+43
4.330000e-15 -4.249355e+21 1.805702e+43
4.335000e-15 -4.354194e+21 1.895900e+43
4.340000e-15 -4.442227e+21 1.973338e+43
4.345000e-15 -4.513160e+21 2.036861e+43
4.350000e-15 -4.566761e+21 2.085531e+43
4.355000e-15 -4.602867e+21 2.118638e+43
4.360000e-15 -4.621380e+21 2.135715e+43
4.365000e-15 -4.622270e+21 2.136538e+43
4.370000e-15 -4.605574e+21 2.121131e+43
4.375000e-15 -4.571395e+21 2.089766e+43
4.380000e-15 -4.519904e+21 2.042953e+43
4.385000e-15 -4.451335e+21 1.981438e+43
4.390000e-15 -4.365988e+21 1.906185e+43
4.395000e-15 -4.264225e+21 1.818361e+43
4.400000e-15 -4.146470e+21 1.719322e+43
4.405000e-15 -4.013208e+21 1.610584e+43
4.410000e-15 -3.864980e+21 1.493807e+43
4.415000e-15 -3.702383e+21 1.370764e+43
4.420000e-15 -3.526068e+21 1.243315e+43
4.425000e-15 -3.336736e+21 1.113381e+43
4.430000e-15 -3.135137e+21 9.829087e+42
4.435000e-15 -2.922065e+21 8.538466e+42
4.440000e-15 -2.698356e+21 7.281126e+42
4.445000e-15 -2.464884e+21 6.075655e+42
4.450000e-15 -2.222560e+21 4.939772e+42
4.455000e-15 -1.972324e+21 3.890061e+42
4.460000e-15 -1.715145e+21 2.941724e+42
4.465000e-15 -1.452019e+21 2.108359e+42
4.470000e-15 -1.183958e+21 1.401756e+42
4.475000e-15 -9.119927e+20 8.317307e+41
4.480000e-15 -6.371669e+20 4.059817e+41
4.485000e-15 -3.605321e+20 1.299834e+41
4.490000e-15 -8.314446e+19 6.913002e+39
4.495000e-15 1.939391e+20 3.761239e+40
4.500000e-15 4.696654e+20 2.205856e+41
4.505000e-15 7.429884e+20 5.520317e+41
4.510000e-15 1.012874e+21 1.025913e+42
4.515000e-15 1.278302e+21 1.634056e+42
4.520000e-15 1.538274e+21 2.366286e+42
4.525000e-15 1.791811e+21 3.210588e+42
4.530000e-15 2.037965e+21 4.153301e+42
4.535000e-15 2.275814e+21 5.179328e+42
4.540000e-15 2.504471e+21 6.272376e+42
4.545000e-15 2.723087e+21 7.415205e+42
4.550000e-15 2.930852e+21 8.589896e+42
4.555000e-15 3.127000e+21 9.778126e+42
4.560000e-15 3.310808e+21 1.096145e+43
4.565000e-15 3.481604e+21 1.212157e+43
4.570000e-15 3.638768e+21 1.324063e+43
4.575000e-15 3.781730e+21 1.430148e+43
4.580000e-15 3.909977e+21 1.528792e+43
4.585000e-15 4.023054e+21 1.618496e+43
4.590000e-15 4.120562e+21 1.697903e+43
4.595000e-15 4.202164e+21 1.765819e+43
4.600000e-15 4.267585e+21 1.821228e+43
4.605000e-15 4.316610e+21 1.863312e+43
4.610000e-15 4.349087e+21 1.891456e+43
4.615000e-15 4.364930e+21 1.905261e+43
4.620000e-15 4.364113e+21 1.904548e+43
4.625000e-15 4.346675e+21 1.889359e+43
4.630000e-15 4.312719e+21 1.859955e+43
4.635000e-15 4.262409e+21 1.816813e+43
4.640000e-15 4.195972e+21 1.760618e+43
4.645000e-15 4.113695e+21 1.692248e+43
4.650000e-15 4.015925e+21 1.612765e+43
4.655000e-15 3.903067e+21 1.523393e+43
4.660000e-15 3.775584e+21 1.425504e+43
4.665000e-15 3.633992e+21 1.320590e+43
4.670000e-15 3.478859e+21 1.210246e+43
4.675000e-15 3.310807e+21 1.096144e+43
4.680000e-15 3.130500e+21 9.800032e+42
4.685000e-15 2.938653e+21 8.635683e+42
4.690000e-15 2.736020e+21 7.485807e+42
4.695000e-15 2.523396e+21 6.367526e+42
4.700000e-15 2.301610e+21 5.297411e+42
4.705000e-15 2.071528e+21 4.291229e+42
4.710000e-15 1.834043e+21 3.363713e+42
4.715000e-15 1.590074e+21 2.528336e+42
4.720000e-15 1.340565e+21 1.797114e+42
4.725000e-15 1.086477e+21 1.180432e+42
4.730000e-15 8.287875e+20 6.868888e+41
4.735000e-15 5.684856e+20 3.231759e+41
4.740000e-15 3.065680e+20 9.398393e+40
4.745000e-15 4.403564e+19 1.939138e+39
4.750000e-15 -2.181102e+20 4.757208e+40
4.755000e-15 -4.788720e+20 2.293184e+41
4.760000e-15 -7.372594e+20 5.435514e+41
4.765000e-15 -9.922930e+20 9.846454e+41
4.770000e-15 -1.243009e+21 1.545070e+42
4.775000e-15 -1.488460e+21 2.215513e+42
4.780000e-15 -1.727723e+21 2.985026e+42
4.785000e-15 -1.959899e+21 3.841204e+42
4.790000e-15 -2.184119e+21 4.770374e+42
4.795000e-15 -2.399544e+21 5.757810e+42
4.800000e-15 -2.605372e+21 6.787963e+42
4.805000e-15 -2.800839e+21 7.844699e+42
4.810000e-15 -2.985222e+21 8.911548e+42
4.815000e-15 -3.157840e+21 9.971953e+42
4.820000e-15 -3.318061e+21 1.100953e+43
4.825000e-15 -3.465299e+21 1.200830e+43
4.830000e-15 -3.599020e+21 1.295295e+43
4.835000e-15 -3.718743e+21 1.382905e+43
4.840000e-15 -3.824039e+21 1.462327e+43
4.845000e-15 -3.914537e+21 1.532360e+43
4.850000e-15 -3.989923e+21 1.591948e+43
4.855000e-15 -4.049940e+21 1.640201e+43
4.860000e-15 -4.094390e+21 1.676403e+43
4.865000e-15 -4.123137e+21 1.700026e+43
4.870000e-15 -4.136102e+21 1.710734e+43
4.875000e-15 -4.133268e+21 1.708391e+43
4.880000e-15 -4.114678e+21 1.693058e+43
4.885000e-15 -4.080435e+21 1.664995e+43
4.890000e-15 -4.030702e+21 1.624656e+43
4.895000e-15 -3.965698e+21 1.572676e+43
4.900000e-15 -3.885703e+21 1.509869e+43
4.905000e-15 -3.791051e+21 1.437207e+43
4.910000e-15 -3.682134e+21 1.355811e+43
4.915000e-15 -3.559396e+21 1.266930e+43
4.920000e-15 -3.423331e+21 1.171919e+43
4.925000e-15 -3.274485e+21 1.072225e+43
4.930000e-15 -3.113451e+21 9.693580e+42
4.935000e-15 -2.940869e+21 8.648710e+42
4.940000e-15 -2.757418e+21 7.603355e+42
4.945000e-15 -2.563820e+21 6.573175e+42
4.950000e-15 -2.360834e+21 5.573537e+42
4.955000e-15 -2.149252e+21 4.619283e+42
4.960000e-15 -1.929897e+21 3.724503e+42
4.965000e-15 -1.703622e+21 2.902329e+42
4.970000e-15 -1.471304e+21 2.164734e+42
4.975000e-15 -1.233839e+21 1.522358e+42
4.980000e-15 -9.921440e+20 9.843497e+41
4.985000e-15 -7.471487e+20 5.582312e+41
4.990000e-15 -4.997939e+20 2.497940e+41
4.995000e-15 -2.510275e+20 6.301479e+40
5.000000e-15 -1.800782e+18 3.242815e+36
