0.000000e+00 nan nan
5.000000e-18 4.075730e+08 1.661158e+17
1.000000e-17 2.608262e+10 6.803030e+20
1.500000e-17 2.970583e+11 8.824366e+22
2.000000e-17 1.668762e+12 2.784766e+24
2.500000e-17 6.364317e+12 4.050453e+25
3.000000e-17 1.899826e+13 3.609339e+26
3.500000e-17 4.789016e+13 2.293468e+27
4.000000e-17 1.066662e+14 1.137768e+28
4.500000e-17 2.161465e+14 4.671931e+28
5.000000e-17 4.065149e+14 1.652543e+29
5.500000e-17 7.197688e+14 5.180672e+29
6.000000e-17 1.212445e+15 1.470023e+30
6.500000e-17 1.958617e+15 3.836180e+30
7.000000e-17 3.053160e+15 9.321785e+30
7.500000e-17 4.615279e+15 2.130080e+31
8.000000e-17 6.792296e+15 4.613528e+31
8.500000e-17 9.763682e+15 9.532949e+31
9.000000e-17 1.374535e+16 1.889345e+32
9.500000e-17 1.899415e+16 3.607778e+32
1.000000e-16 2.581268e+16 6.662942e+32
1.050000e-16 3.455419e+16 1.193992e+33
1.100000e-16 4.562785e+16 2.081901e+33
1.150000e-16 5.950411e+16 3.540740e+33
1.200000e-16 7.672035e+16 5.886012e+33
1.250000e-16 9.788663e+16 9.581793e+33
1.300000e-16 1.236917e+17 1.529965e+34
1.350000e-16 1.549093e+17 2.399689e+34
1.400000e-16 1.924042e+17 3.701936e+34
1.450000e-16 2.371388e+17 5.623481e+34
1.500000e-16 2.901800e+17 8.420446e+34
1.550000e-16 3.527058e+17 1.244014e+35
1.600000e-16 4.260118e+17 1.814861e+35
1.650000e-16 5.115189e+17 2.616516e+35
1.700000e-16 6.107801e+17 3.730523e+35
1.750000e-16 7.254874e+17 5.263319e+35
1.800000e-16 8.574795e+17 7.352710e+35
1.850000e-16 1.008749e+18 1.017575e+36
1.900000e-16 1.181450e+18 1.395824e+36
1.950000e-16 1.377905e+18 1.898621e+36
2.000000e-16 1.600612e+18 2.561960e+36
2.050000e-16 1.852255e+18 3.430850e+36
2.100000e-16 2.135708e+18 4.561247e+36
2.150000e-16 2.454041e+18 6.022320e+36
2.200000e-16 2.810536e+18 7.899112e+36
2.250000e-16 3.208683e+18 1.029565e+37
2.300000e-16 3.652197e+18 1.333854e+37
2.350000e-16 4.145019e+18 1.718118e+37
2.400000e-16 4.691326e+18 2.200854e+37
2.450000e-16 5.295539e+18 2.804273e+37
2.500000e-16 5.962329e+18 3.554936e+37
2.550000e-16 6.696622e+18 4.484474e+37
2.600000e-16 7.503609e+18 5.630415e+37
2.650000e-16 8.388752e+18 7.037117e+37
2.700000e-16 9.357790e+18 8.756824e+37
2.750000e-16 1.041674e+19 1.085086e+38
2.800000e-16 1.157193e+19 1.339095e+38
2.850000e-16 1.282994e+19 1.646075e+38
2.900000e-16 1.419771e+19 2.015749e+38
2.950000e-16 1.568243e+19 2.459386e+38
3.000000e-16 1.729164e+19 2.990009e+38
3.050000e-16 1.903319e+19 3.622623e+38
3.100000e-16 2.091524e+19 4.374473e+38
3.150000e-16 2.294629e+19 5.265324e+38
3.200000e-16 2.513518e+19 6.317770e+38
3.250000e-16 2.749105e+19 7.557577e+38
3.300000e-16 3.002341e+19 9.014054e+38
3.350000e-16 3.274212e+19 1.072047e+39
3.400000e-16 3.565736e+19 1.271447e+39
3.450000e-16 3.877967e+19 1.503863e+39
3.500000e-16 4.211994e+19 1.774089e+39
3.550000e-16 4.568942e+19 2.087523e+39
3.600000e-16 4.949971e+19 2.450221e+39
3.650000e-16 5.356276e+19 2.868969e+39
3.700000e-16 5.789088e+19 3.351354e+39
3.750000e-16 6.249675e+19 3.905844e+39
3.800000e-16 6.739340e+19 4.541870e+39
3.850000e-16 7.259421e+19 5.269919e+39
3.900000e-16 7.811293e+19 6.101629e+39
3.950000e-16 8.396364e+19 7.049894e+39
4.000000e-16 9.016082e+19 8.128974e+39
4.050000e-16 9.671927e+19 9.354617e+39
4.100000e-16 1.036541e+20 1.074418e+40
4.150000e-16 1.109809e+20 1.231677e+40
4.200000e-16 1.187155e+20 1.409337e+40
4.250000e-16 1.268740e+20 1.609701e+40
4.300000e-16 1.354730e+20 1.835294e+40
4.350000e-16 1.445293e+20 2.088873e+40
4.400000e-16 1.540602e+20 2.373454e+40
4.450000e-16 1.640830e+20 2.692325e+40
4.500000e-16 1.746157e+20 3.049065e+40
4.550000e-16 1.856764e+20 3.447571e+40
4.600000e-16 1.972834e+20 3.892072e+40
4.650000e-16 2.094554e+20 4.387157e+40
4.700000e-16 2.222115e+20 4.937797e+40
4.750000e-16 2.355710e+20 5.549371e+40
4.800000e-16 2.495534e+20 6.227688e+40
4.850000e-16 2.641784e+20 6.979022e+40
4.900000e-16 2.794661e+20 7.810131e+40
4.950000e-16 2.954368e+20 8.728291e+40
5.000000e-16 3.121110e+20 9.741328e+40
5.050000e-16 3.295094e+20 1.085764e+41
5.100000e-16 3.476529e+20 1.208625e+41
5.150000e-16 3.665625e+20 1.343681e+41
5.200000e-16 3.862597e+20 1.491966e+41
5.250000e-16 4.067658e+20 1.654584e+41
5.300000e-16 4.281024e+20 1.832717e+41
5.350000e-16 4.502912e+20 2.027622e+41
5.400000e-16 4.733541e+20 2.240641e+41
5.450000e-16 4.973130e+20 2.473202e+41
5.500000e-16 5.221898e+20 2.726822e+41
5.550000e-16 5.480069e+20 3.003115e+41
5.600000e-16 5.747861e+20 3.303791e+41
5.650000e-16 6.025499e+20 3.630664e+41
5.700000e-16 6.313203e+20 3.985653e+41
5.750000e-16 6.611196e+20 4.370791e+41
5.800000e-16 6.919699e+20 4.788224e+41
5.850000e-16 7.238935e+20 5.240218e+41
5.900000e-16 7.569124e+20 5.729164e+41
5.950000e-16 7.910487e+20 6.257581e+41
6.000000e-16 8.263243e+20 6.828118e+41
6.050000e-16 8.627610e+20 7.443565e+41
6.100000e-16 9.003805e+20 8.106851e+41
6.150000e-16 9.392044e+20 8.821049e+41
6.200000e-16 9.792540e+20 9.589384e+41
6.250000e-16 1.020550e+21 1.041523e+42
6.300000e-16 1.063115e+21 1.130213e+42
6.350000e-16 1.106968e+21 1.225377e+42
6.400000e-16 1.152129e+21 1.327402e+42
6.450000e-16 1.198620e+21 1.436691e+42
6.500000e-16 1.246461e+21 1.553664e+42
6.550000e-16 1.295669e+21 1.678758e+42
6.600000e-16 1.346265e+21 1.812430e+42
6.650000e-16 1.398268e+21 1.955154e+42
6.700000e-16 1.451696e+21 2.107421e+42
6.750000e-16 1.506567e+21 2.269743e+42
6.800000e-16 1.562898e+21 2.442650e+42
6.850000e-16 1.620707e+21 2.626691e+42
6.900000e-16 1.680010e+21 2.822433e+42
6.950000e-16 1.740823e+21 3.030465e+42
7.000000e-16 1.803162e+21 3.251395e+42
7.050000e-16 1.867042e+21 3.485847e+42
7.100000e-16 1.932478e+21 3.734469e+42
7.150000e-16 1.999482e+21 3.997927e+42
7.200000e-16 2.068068e+21 4.276906e+42
7.250000e-16 2.138250e+21 4.572111e+42
7.300000e-16 2.210037e+21 4.884265e+42
7.350000e-16 2.283443e+21 5.214112e+42
7.400000e-16 2.358477e+21 5.562414e+42
7.450000e-16 2.435149e+21 5.929950e+42
7.500000e-16 2.513468e+21 6.317519e+42
7.550000e-16 2.593441e+21 6.725938e+42
7.600000e-16 2.675077e+21 7.156040e+42
7.650000e-16 2.758383e+21 7.608675e+42
7.700000e-16 2.843362e+21 8.084709e+42
7.750000e-16 2.930021e+21 8.585026e+42
7.800000e-16 3.018364e+21 9.110521e+42
7.850000e-16 3.108393e+21 9.662105e+42
7.900000e-16 3.200110e+21 1.024070e+43
7.950000e-16 3.293517e+21 1.084725e+43
8.000000e-16 3.388613e+21 1.148270e+43
8.050000e-16 3.485398e+21 1.214800e+43
8.100000e-16 3.583871e+21 1.284413e+43
8.150000e-16 3.684027e+21 1.357206e+43
8.200000e-16 3.785864e+21 1.433277e+43
8.250000e-16 3.889377e+21 1.512725e+43
8.300000e-16 3.994558e+21 1.595649e+43
8.350000e-16 4.101402e+21 1.682150e+43
8.400000e-16 4.209900e+21 1.772326e+43
8.450000e-16 4.320042e+21 1.866277e+43
8.500000e-16 4.431819e+21 1.964102e+43
8.550000e-16 4.545219e+21 2.065901e+43
8.600000e-16 4.660228e+21 2.171772e+43
8.650000e-16 4.776833e+21 2.281813e+43
8.700000e-16 4.895019e+21 2.396121e+43
8.750000e-16 5.014770e+21 2.514792e+43
8.800000e-16 5.136068e+21 2.637919e+43
8.850000e-16 5.258894e+21 2.765596e+43
8.900000e-16 5.383228e+21 2.897915e+43
8.950000e-16 5.509050e+21 3.034963e+43
9.000000e-16 5.636337e+21 3.176829e+43
9.050000e-16 5.765065e+21 3.323597e+43
9.100000e-16 5.895210e+21 3.475350e+43
9.150000e-16 6.026744e+21 3.632165e+43
9.200000e-16 6.159643e+21 3.794120e+43
9.250000e-16 6.293875e+21 3.961286e+43
9.300000e-16 6.429412e+21 4.133734e+43
9.350000e-16 6.566223e+21 4.311528e+43
9.400000e-16 6.704275e+21 4.494730e+43
9.450000e-16 6.843534e+21 4.683396e+43
9.500000e-16 6.983966e+21 4.877578e+43
9.550000e-16 7.125535e+21 5.077324e+43
9.600000e-16 7.268202e+21 5.282677e+43
9.650000e-16 7.411931e+21 5.493672e+43
9.700000e-16 7.556680e+21 5.710342e+43
9.750000e-16 7.702409e+21 5.932711e+43
9.800000e-16 7.849076e+21 6.160800e+43
9.850000e-16 7.996637e+21 6.394620e+43
9.900000e-16 8.145047e+21 6.634179e+43
9.950000e-16 8.294261e+21 6.879476e+43
1.000000e-15 8.444230e+21 7.130503e+43
1.005000e-15 8.594909e+21 7.387246e+43
1.010000e-15 8.746246e+21 7.649681e+43
1.015000e-15 8.898191e+21 7.917780e+43
1.020000e-15 9.050693e+21 8.191504e+43
1.025000e-15 9.203699e+21 8.470807e+43
1.030000e-15 9.357155e+21 8.755635e+43
1.035000e-15 9.511006e+21 9.045923e+43
1.040000e-15 9.665196e+21 9.341602e+43
1.045000e-15 9.819668e+21 9.642589e+43
1.050000e-15 9.974365e+21 9.948795e+43
1.055000e-15 1.012923e+22 1.026012e+44
1.060000e-15 1.028419e+22 1.057646e+44
1.065000e-15 1.043920e+22 1.089770e+44
1.070000e-15 1.059420e+22 1.122370e+44
1.075000e-15 1.074911e+22 1.155434e+44
1.080000e-15 1.090388e+22 1.188946e+44
1.085000e-15 1.105844e+22 1.222890e+44
1.090000e-15 1.121272e+22 1.257252e+44
1.095000e-15 1.136667e+22 1.292012e+44
1.100000e-15 1.152021e+22 1.327152e+44
1.105000e-15 1.167327e+22 1.362653e+44
1.110000e-15 1.182580e+22 1.398495e+44
1.115000e-15 1.197771e+22 1.434655e+44
1.120000e-15 1.212894e+22 1.471111e+44
1.125000e-15 1.227942e+22 1.507841e+44
1.130000e-15 1.242907e+22 1.544819e+44
1.135000e-15 1.257784e+22 1.582020e+44
1.140000e-15 1.272564e+22 1.619418e+44
1.145000e-15 1.287240e+22 1.656986e+44
1.150000e-15 1.301805e+22 1.694697e+44
1.155000e-15 1.316252e+22 1.732520e+44
1.160000e-15 1.330574e+22 1.770426e+44
1.165000e-15 1.344762e+22 1.808385e+44
1.170000e-15 1.358810e+22 1.846366e+44
1.175000e-15 1.372711e+22 1.884335e+44
1.180000e-15 1.386456e+22 1.922261e+44
1.185000e-15 1.400039e+22 1.960110e+44
1.190000e-15 1.413452e+22 1.997847e+44
1.195000e-15 1.426687e+22 2.035437e+44
1.200000e-15 1.439738e+22 2.072845e+44
1.205000e-15 1.452596e+22 2.110035e+44
1.210000e-15 1.465254e+22 2.146970e+44
1.215000e-15 1.477705e+22 2.183613e+44
1.220000e-15 1.489942e+22 2.219927e+44
1.225000e-15 1.501956e+22 2.255873e+44
1.230000e-15 1.513742e+22 2.291414e+44
1.235000e-15 1.525290e+22 2.326510e+44
1.240000e-15 1.536595e+22 2.361123e+44
1.245000e-15 1.547648e+22 2.395214e+44
1.250000e-15 1.558443e+22 2.428744e+44
1.255000e-15 1.568972e+22 2.461674e+44
1.260000e-15 1.579229e+22 2.493964e+44
1.265000e-15 1.589206e+22 2.525575e+44
1.270000e-15 1.598896e+22 2.556468e+44
1.275000e-15 1.608293e+22 2.586605e+44
1.280000e-15 1.617389e+22 2.615947e+44
1.285000e-15 1.626178e+22 2.644454e+44
1.290000e-15 1.634653e+22 2.672090e+44
1.295000e-15 1.642808e+22 2.698817e+44
1.300000e-15 1.650635e+22 2.724597e+44
1.305000e-15 1.658130e+22 2.749394e+44
1.310000e-15 1.665284e+22 2.773172e+44
1.315000e-15 1.672093e+22 2.795896e+44
1.320000e-15 1.678550e+22 2.817531e+44
1.325000e-15 1.684649e+22 2.838043e+44
1.330000e-15 1.690384e+22 2.857400e+44
1.335000e-15 1.695750e+22 2.875569e+44
1.340000e-15 1.700741e+22 2.892520e+44
1.345000e-15 1.705351e+22 2.908223e+44
1.350000e-15 1.709575e+22 2.922648e+44
1.355000e-15 1.713409e+22 2.935770e+44
1.360000e-15 1.716846e+22 2.947560e+44
1.365000e-15 1.719882e+22 2.957994e+44
1.370000e-15 1.722513e+22 2.967050e+44
1.375000e-15 1.724733e+22 2.974703e+44
1.380000e-15 1.726538e+22 2.980934e+44
1.385000e-15 1.727925e+22 2.985723e+44
1.390000e-15 1.728888e+22 2.989054e+44
1.395000e-15 1.729424e+22 2.990909e+44
1.400000e-15 1.729530e+22 2.991274e+44
1.405000e-15 1.729201e+22 2.990138e+44
1.410000e-15 1.728435e+22 2.987488e+44
1.415000e-15 1.727228e+22 2.983317e+44
1.420000e-15 1.725577e+22 2.977617e+44
1.425000e-15 1.723480e+22 2.970383e+44
1.430000e-15 1.720933e+22 2.961611e+44
1.435000e-15 1.717935e+22 2.951300e+44
1.440000e-15 1.714483e+22 2.939451e+44
1.445000e-15 1.710575e+22 2.926067e+44
1.450000e-15 1.706209e+22 2.911151e+44
1.455000e-15 1.701385e+22 2.894710e+44
1.460000e-15 1.696100e+22 2.876754e+44
1.465000e-15 1.690353e+22 2.857293e+44
1.470000e-15 1.684143e+22 2.836339e+44
1.475000e-15 1.677471e+22 2.813908e+44
1.480000e-15 1.670334e+22 2.790017e+44
1.485000e-15 1.662734e+22 2.764684e+44
1.490000e-15 1.654669e+22 2.737931e+44
1.495000e-15 1.646141e+22 2.709780e+44
1.500000e-15 1.637149e+22 2.680257e+44
1.505000e-15 1.627695e+22 2.649390e+44
1.510000e-15 1.617778e+22 2.617206e+44
1.515000e-15 1.607401e+22 2.583737e+44
1.520000e-15 1.596564e+22 2.549017e+44
1.525000e-15 1.585270e+22 2.513080e+44
1.530000e-15 1.573519e+22 2.475963e+44
1.535000e-15 1.561315e+22 2.437705e+44
1.540000e-15 1.548659e+22 2.398345e+44
1.545000e-15 1.535554e+22 2.357927e+44
1.550000e-15 1.522003e+22 2.316493e+44
1.555000e-15 1.508008e+22 2.274089e+44
1.560000e-15 1.493574e+22 2.230762e+44
1.565000e-15 1.478703e+22 2.186561e+44
1.570000e-15 1.463399e+22 2.141536e+44
1.575000e-15 1.447666e+22 2.095736e+44
1.580000e-15 1.431508e+22 2.049216e+44
1.585000e-15 1.414931e+22 2.002029e+44
1.590000e-15 1.397937e+22 1.954229e+44
1.595000e-15 1.380534e+22 1.905873e+44
1.600000e-15 1.362724e+22 1.857017e+44
1.605000e-15 1.344514e+22 1.807719e+44
1.610000e-15 1.325910e+22 1.758038e+44
1.615000e-15 1.306917e+22 1.708032e+44
1.620000e-15 1.287541e+22 1.657762e+44
1.625000e-15 1.267789e+22 1.607288e+44
1.630000e-15 1.247666e+22 1.556671e+44
1.635000e-15 1.227181e+22 1.505972e+44
1.640000e-15 1.206338e+22 1.455252e+44
1.645000e-15 1.185147e+22 1.404573e+44
1.650000e-15 1.163613e+22 1.353996e+44
1.655000e-15 1.141745e+22 1.303582e+44
1.660000e-15 1.119550e+22 1.253393e+44
1.665000e-15 1.097037e+22 1.203490e+44
1.670000e-15 1.074213e+22 1.153933e+44
1.675000e-15 1.051086e+22 1.104782e+44
1.680000e-15 1.027665e+22 1.056096e+44
1.685000e-15 1.003960e+22 1.007935e+44
1.690000e-15 9.799780e+21 9.603569e+43
1.695000e-15 9.557290e+21 9.134178e+43
1.700000e-15 9.312219e+21 8.671743e+43
1.705000e-15 9.064663e+21 8.216812e+43
1.710000e-15 8.814718e+21 7.769925e+43
1.715000e-15 8.562479e+21 7.331605e+43
1.720000e-15 8.308046e+21 6.902363e+43
1.725000e-15 8.051520e+21 6.482698e+43
1.730000e-15 7.793002e+21 6.073088e+43
1.735000e-15 7.532596e+21 5.674000e+43
1.740000e-15 7.270405e+21 5.285879e+43
1.745000e-15 7.006536e+21 4.909155e+43
1.750000e-15 6.741096e+21 4.544238e+43
1.755000e-15 6.474193e+21 4.191518e+43
1.760000e-15 6.205937e+21 3.851365e+43
1.765000e-15 5.936438e+21 3.524129e+43
1.770000e-15 5.665808e+21 3.210137e+43
1.775000e-15 5.394158e+21 2.909694e+43
1.780000e-15 5.121604e+21 2.623083e+43
1.785000e-15 4.848258e+21 2.350561e+43
1.790000e-15 4.574237e+21 2.092364e+43
1.795000e-15 4.299655e+21 1.848704e+43
1.800000e-15 4.024630e+21 1.619765e+43
1.805000e-15 3.749278e+21 1.405709e+43
1.810000e-15 3.473718e+21 1.206671e+43
1.815000e-15 3.198066e+21 1.022763e+43
1.820000e-15 2.922442e+21 8.540669e+42
1.825000e-15 2.646965e+21 7.006424e+42
1.830000e-15 2.371754e+21 5.625215e+42
1.835000e-15 2.096927e+21 4.397103e+42
1.840000e-15 1.822605e+21 3.321890e+42
1.845000e-15 1.548908e+21 2.399115e+42
1.850000e-15 1.275954e+21 1.628059e+42
1.855000e-15 1.003864e+21 1.007743e+42
1.860000e-15 7.327566e+20 5.369322e+41
1.865000e-15 4.627516e+20 2.141390e+41
1.870000e-15 1.939678e+20 3.762350e+40
1.875000e-15 -7.347600e+19 5.398723e+39
1.880000e-15 -3.394615e+20 1.152341e+41
1.885000e-15 -6.038708e+20 3.646599e+41
1.890000e-15 -8.665865e+20 7.509722e+41
1.895000e-15 -1.127492e+21 1.271238e+42
1.900000e-15 -1.386471e+21 1.922302e+42
1.905000e-15 -1.643408e+21 2.700790e+42
1.910000e-15 -1.898189e+21 3.603121e+42
1.915000e-15 -2.150699e+21 4.625508e+42
1.920000e-15 -2.400827e+21 5.763971e+42
1.925000e-15 -2.648460e+21 7.014340e+42
1.930000e-15 -2.893487e+21 8.372269e+42
1.935000e-15 -3.135799e+21 9.833238e+42
1.940000e-15 -3.375288e+21 1.139257e+43
1.945000e-15 -3.611846e+21 1.304543e+43
1.950000e-15 -3.845367e+21 1.478684e+43
1.955000e-15 -4.075746e+21 1.661171e+43
1.960000e-15 -4.302882e+21 1.851479e+43
1.965000e-15 -4.526671e+21 2.049075e+43
1.970000e-15 -4.747015e+21 2.253415e+43
1.975000e-15 -4.963814e+21 2.463945e+43
1.980000e-15 -5.176973e+21 2.680105e+43
1.985000e-15 -5.386396e+21 2.901326e+43
1.990000e-15 -5.591990e+21 3.127035e+43
1.995000e-15 -5.793663e+21 3.356653e+43
2.000000e-15 -5.991327e+21 3.589600e+43
2.005000e-15 -6.184894e+21 3.825291e+43
2.010000e-15 -6.374279e+21 4.063143e+43
2.015000e-15 -6.559398e+21 4.302570e+43
2.020000e-15 -6.740170e+21 4.542989e+43
2.025000e-15 -6.916516e+21 4.783819e+43
2.030000e-15 -7.088360e+21 5.024484e+43
2.035000e-15 -7.255627e+21 5.264412e+43
2.040000e-15 -7.418244e+21 5.503035e+43
2.045000e-15 -7.576143e+21 5.739794e+43
2.050000e-15 -7.729255e+21 5.974139e+43
2.055000e-15 -7.877516e+21 6.205526e+43
2.060000e-15 -8.020864e+21 6.433426e+43
2.065000e-15 -8.159238e+21 6.657316e+43
2.070000e-15 -8.292581e+21 6.876690e+43
2.075000e-15 -8.420839e+21 7.091053e+43
2.080000e-15 -8.543959e+21 7.299924e+43
2.085000e-15 -8.661892e+21 7.502838e+43
2.090000e-15 -8.774592e+21 7.699347e+43
2.095000e-15 -8.882015e+21 7.889019e+43
2.100000e-15 -8.984119e+21 8.071439e+43
2.105000e-15 -9.080866e+21 8.246213e+43
2.110000e-15 -9.172221e+21 8.412964e+43
2.115000e-15 -9.258151e+21 8.571337e+43
2.120000e-15 -9.338627e+21 8.720995e+43
2.125000e-15 -9.413621e+21 8.861626e+43
2.130000e-15 -9.483110e+21 8.992937e+43
2.135000e-15 -9.547072e+21 9.114658e+43
2.140000e-15 -9.605490e+21 9.226544e+43
2.145000e-15 -9.658348e+21 9.328369e+43
2.150000e-15 -9.705635e+21 9.419936e+43
2.155000e-15 -9.747342e+21 9.501067e+43
2.160000e-15 -9.783461e+21 9.571611e+43
2.165000e-15 -9.813990e+21 9.631441e+43
2.170000e-15 -9.838930e+21 9.680454e+43
2.175000e-15 -9.858282e+21 9.718573e+43
2.180000e-15 -9.872054e+21 9.745744e+43
2.185000e-15 -9.880253e+21 9.761939e+43
2.190000e-15 -9.882891e+21 9.767154e+43
2.195000e-15 -9.879984e+21 9.761409e+43
2.200000e-15 -9.871550e+21 9.744750e+43
2.205000e-15 -9.857609e+21 9.717246e+43
2.210000e-15 -9.838186e+21 9.678991e+43
2.215000e-15 -9.813307e+21 9.630099e+43
2.220000e-15 -9.783002e+21 9.570713e+43
2.225000e-15 -9.747304e+21 9.500993e+43
2.230000e-15 -9.706248e+21 9.421126e+43
2.235000e-15 -9.659874e+21 9.331317e+43
2.240000e-15 -9.608222e+21 9.231793e+43
2.245000e-15 -9.551337e+21 9.122805e+43
2.250000e-15 -9.489267e+21 9.004618e+43
2.255000e-15 -9.422060e+21 8.877522e+43
2.260000e-15 -9.349771e+21 8.741821e+43
2.265000e-15 -9.272453e+21 8.597839e+43
2.270000e-15 -9.190167e+21 8.445917e+43
2.275000e-15 -9.102972e+21 8.286410e+43
2.280000e-15 -9.010932e+21 8.119689e+43
2.285000e-15 -8.914113e+21 7.946142e+43
2.290000e-15 -8.812585e+21 7.766165e+43
2.295000e-15 -8.706418e+21 7.580171e+43
2.300000e-15 -8.595686e+21 7.388582e+43
2.305000e-15 -8.480466e+21 7.191830e+43
2.310000e-15 -8.360835e+21 6.990357e+43
2.315000e-15 -8.236876e+21 6.784613e+43
2.320000e-15 -8.108672e+21 6.575056e+43
2.325000e-15 -7.976307e+21 6.362148e+43
2.330000e-15 -7.839871e+21 6.146357e+43
2.335000e-15 -7.699452e+21 5.928157e+43
2.340000e-15 -7.555144e+21 5.708020e+43
2.345000e-15 -7.407039e+21 5.486423e+43
2.350000e-15 -7.255236e+21 5.263844e+43
2.355000e-15 -7.099830e+21 5.040759e+43
2.360000e-15 -6.940923e+21 4.817642e+43
2.365000e-15 -6.778617e+21 4.594965e+43
2.370000e-15 -6.613014e+21 4.373196e+43
2.375000e-15 -6.444221e+21 4.152798e+43
2.380000e-15 -6.272344e+21 3.934229e+43
2.385000e-15 -6.097491e+21 3.717940e+43
2.390000e-15 -5.919773e+21 3.504371e+43
2.395000e-15 -5.739301e+21 3.293958e+43
2.400000e-15 -5.556189e+21 3.087124e+43
2.405000e-15 -5.370550e+21 2.884280e+43
2.410000e-15 -5.182499e+21 2.685829e+43
2.415000e-15 -4.992153e+21 2.492160e+43
2.420000e-15 -4.799631e+21 2.303646e+43
2.425000e-15 -4.605050e+21 2.120649e+43
2.430000e-15 -4.408531e+21 1.943515e+43
2.435000e-15 -4.210194e+21 1.772573e+43
2.440000e-15 -4.010160e+21 1.608138e+43
2.445000e-15 -3.808552e+21 1.450506e+43
2.450000e-15 -3.605492e+21 1.299957e+43
2.455000e-15 -3.401104e+21 1.156751e+43
2.460000e-15 -3.195512e+21 1.021130e+43
2.465000e-15 -2.988840e+21 8.933164e+42
2.470000e-15 -2.781213e+21 7.735147e+42
2.475000e-15 -2.572757e+21 6.619077e+42
2.480000e-15 -2.363596e+21 5.586585e+42
2.485000e-15 -2.153856e+21 4.639095e+42
2.490000e-15 -1.943662e+21 3.777823e+42
2.495000e-15 -1.733141e+21 3.003778e+42
2.500000e-15 -1.522417e+21 2.317754e+42
2.505000e-15 -1.311616e+21 1.720338e+42
2.510000e-15 -1.100864e+21 1.211901e+42
2.515000e-15 -8.902839e+20 7.926053e+41
2.520000e-15 -6.800013e+20 4.624018e+41
2.525000e-15 -4.701401e+20 2.210317e+41
2.530000e-15 -2.608236e+20 6.802895e+40
2.535000e-15 -5.217480e+19 2.722209e+39
2.540000e-15 1.556841e+20 2.423755e+40
2.545000e-15 3.626318e+20 1.315018e+41
2.550000e-15 5.685474e+20 3.232461e+41
2.555000e-15 7.733113e+20 5.980103e+41
2.560000e-15 9.768046e+20 9.541472e+41
2.565000e-15 1.178910e+21 1.389828e+42
2.570000e-15 1.379510e+21 1.903047e+42
2.575000e-15 1.578489e+21 2.491627e+42
2.580000e-15 1.775734e+21 3.153230e+42
2.585000e-15 1.971130e+21 3.885355e+42
2.590000e-15 2.164568e+21 4.685353e+42
2.595000e-15 2.355936e+21 5.550432e+42
2.600000e-15 2.545125e+21 6.477662e+42
2.605000e-15 2.732029e+21 7.463984e+42
2.610000e-15 2.916543e+21 8.506221e+42
2.615000e-15 3.098561e+21 9.601082e+42
2.620000e-15 3.277983e+21 1.074517e+43
2.625000e-15 3.454708e+21 1.193501e+43
2.630000e-15 3.628638e+21 1.316701e+43
2.635000e-15 3.799676e+21 1.443754e+43
2.640000e-15 3.967727e+21 1.574286e+43
2.645000e-15 4.132700e+21 1.707921e+43
2.650000e-15 4.294504e+21 1.844277e+43
2.655000e-15 4.453051e+21 1.982966e+43
2.660000e-15 4.608254e+21 2.123600e+43
2.665000e-15 4.760030e+21 2.265789e+43
2.670000e-15 4.908298e+21 2.409138e+43
2.675000e-15 5.052977e+21 2.553258e+43
2.680000e-15 5.193992e+21 2.697756e+43
2.685000e-15 5.331268e+21 2.842242e+43
2.690000e-15 5.464733e+21 2.986331e+43
2.695000e-15 5.594318e+21 3.129640e+43
2.700000e-15 5.719956e+21 3.271789e+43
2.705000e-15 5.841581e+21 3.412407e+43
2.710000e-15 5.959134e+21 3.551128e+43
2.715000e-15 6.072554e+21 3.687591e+43
2.720000e-15 6.181785e+21 3.821447e+43
2.725000e-15 6.286774e+21 3.952353e+43
2.730000e-15 6.387469e+21 4.079976e+43
2.735000e-15 6.483822e+21 4.203995e+43
2.740000e-15 6.575788e+21 4.324099e+43
2.745000e-15 6.663325e+21 4.439990e+43
2.750000e-15 6.746391e+21 4.551379e+43
2.755000e-15 6.824951e+21 4.657996e+43
2.760000e-15 6.898970e+21 4.759579e+43
2.765000e-15 6.968417e+21 4.855884e+43
2.770000e-15 7.033263e+21 4.946680e+43
2.775000e-15 7.093484e+21 5.031752e+43
2.780000e-15 7.149056e+21 5.110900e+43
2.785000e-15 7.199960e+21 5.183942e+43
2.790000e-15 7.246179e+21 5.250711e+43
2.795000e-15 7.287699e+21 5.311056e+43
2.800000e-15 7.324510e+21 5.364844e+43
2.805000e-15 7.356603e+21 5.411961e+43
2.810000e-15 7.383973e+21 5.452306e+43
2.815000e-15 7.406619e+21 5.485801e+43
2.820000e-15 7.424541e+21 5.512382e+43
2.825000e-15 7.437743e+21 5.532003e+43
2.830000e-15 7.446232e+21 5.544637e+43
2.835000e-15 7.450016e+21 5.550274e+43
2.840000e-15 7.449109e+21 5.548923e+43
2.845000e-15 7.443526e+21 5.540608e+43
2.850000e-15 7.433284e+21 5.525371e+43
2.855000e-15 7.418405e+21 5.503274e+43
2.860000e-15 7.398913e+21 5.474391e+43
2.865000e-15 7.374834e+21 5.438817e+43
2.870000e-15 7.346197e+21 5.396661e+43
2.875000e-15 7.313035e+21 5.348048e+43
2.880000e-15 7.275382e+21 5.293118e+43
2.885000e-15 7.233275e+21 5.232027e+43
2.890000e-15 7.186756e+21 5.164946e+43
2.895000e-15 7.135866e+21 5.092058e+43
2.900000e-15 7.080651e+21 5.013561e+43
2.905000e-15 7.021159e+21 4.929667e+43
2.910000e-15 6.957440e+21 4.840597e+43
2.915000e-15 6.889547e+21 4.746586e+43
2.920000e-15 6.817536e+21 4.647880e+43
2.925000e-15 6.741465e+21 4.544735e+43
2.930000e-15 6.661393e+21 4.437416e+43
2.935000e-15 6.577383e+21 4.326197e+43
2.940000e-15 6.489500e+21 4.211361e+43
2.945000e-15 6.397811e+21 4.093199e+43
2.950000e-15 6.302385e+21 3.972006e+43
2.955000e-15 6.203293e+21 3.848085e+43
2.960000e-15 6.100609e+21 3.721743e+43
2.965000e-15 5.994408e+21 3.593293e+43
2.970000e-15 5.884768e+21 3.463050e+43
2.975000e-15 5.771768e+21 3.331331e+43
2.980000e-15 5.655489e+21 3.198456e+43
2.985000e-15 5.536014e+21 3.064745e+43
2.990000e-15 5.413429e+21 2.930521e+43
2.995000e-15 5.287819e+21 2.796103e+43
3.000000e-15 5.159273e+21 2.661809e+43
3.005000e-15 5.027880e+21 2.527958e+43
3.010000e-15 4.893733e+21 2.394862e+43
3.015000e-15 4.756923e+21 2.262831e+43
3.020000e-15 4.617545e+21 2.132172e+43
3.025000e-15 4.475694e+21 2.003184e+43
3.030000e-15 4.331468e+21 1.876161e+43
3.035000e-15 4.184964e+21 1.751392e+43
3.040000e-15 4.036281e+21 1.629157e+43
3.045000e-15 3.885520e+21 1.509727e+43
3.050000e-15 3.732782e+21 1.393366e+43
3.055000e-15 3.578170e+21 1.280330e+43
3.060000e-15 3.421786e+21 1.170862e+43
3.065000e-15 3.263734e+21 1.065196e+43
3.070000e-15 3.104119e+21 9.635557e+42
3.075000e-15 2.943047e+21 8.661528e+42
3.080000e-15 2.780624e+21 7.731869e+42
3.085000e-15 2.616956e+21 6.848457e+42
3.090000e-15 2.452150e+21 6.013038e+42
3.095000e-15 2.286314e+21 5.227230e+42
3.100000e-15 2.119555e+21 4.492513e+42
3.105000e-15 1.951982e+21 3.810234e+42
3.110000e-15 1.783703e+21 3.181597e+42
3.115000e-15 1.614827e+21 2.607666e+42
3.120000e-15 1.445462e+21 2.089360e+42
3.125000e-15 1.275717e+21 1.627453e+42
3.130000e-15 1.105699e+21 1.222571e+42
3.135000e-15 9.355185e+20 8.751948e+41
3.140000e-15 7.652824e+20 5.856572e+41
3.145000e-15 5.950990e+20 3.541428e+41
3.150000e-15 4.250757e+20 1.806894e+41
3.155000e-15 2.553198e+20 6.518822e+40
3.160000e-15 8.593803e+19 7.385345e+39
3.165000e-15 -8.296353e+19 6.882947e+39
3.170000e-15 -2.512792e+20 6.314126e+40
3.175000e-15 -4.189042e+20 1.754807e+41
3.180000e-15 -5.857342e+20 3.430845e+41
3.185000e-15 -7.516658e+20 5.650015e+41
3.190000e-15 -9.165965e+20 8.401491e+41
3.195000e-15 -1.080425e+21 1.167317e+42
3.200000e-15 -1.243049e+21 1.545172e+42
3.205000e-15 -1.404371e+21 1.972259e+42
3.210000e-15 -1.564292e+21 2.447009e+42
3.215000e-15 -1.722714e+21 2.967742e+42
3.220000e-15 -1.879540e+21 3.532672e+42
3.225000e-15 -2.034677e+21 4.139911e+42
3.230000e-15 -2.188030e+21 4.787477e+42
3.235000e-15 -2.339508e+21 5.473298e+42
3.240000e-15 -2.489019e+21 6.195218e+42
3.245000e-15 -2.636475e+21 6.951000e+42
3.250000e-15 -2.781787e+21 7.738340e+42
3.255000e-15 -2.924870e+21 8.554863e+42
3.260000e-15 -3.065638e+21 9.398139e+42
3.265000e-15 -3.204010e+21 1.026568e+43
3.270000e-15 -3.339904e+21 1.115496e+43
3.275000e-15 -3.473241e+21 1.206340e+43
3.280000e-15 -3.603943e+21 1.298841e+43
3.285000e-15 -3.731935e+21 1.392734e+43
3.290000e-15 -3.857143e+21 1.487756e+43
3.295000e-15 -3.979496e+21 1.583639e+43
3.300000e-15 -4.098924e+21 1.680118e+43
3.305000e-15 -4.215359e+21 1.776925e+43
3.310000e-15 -4.328735e+21 1.873795e+43
3.315000e-15 -4.438990e+21 1.970463e+43
3.320000e-15 -4.546062e+21 2.066668e+43
3.325000e-15 -4.649891e+21 2.162148e+43
3.330000e-15 -4.750421e+21 2.256650e+43
3.335000e-15 -4.847597e+21 2.349920e+43
3.340000e-15 -4.941367e+21 2.441711e+43
3.345000e-15 -5.031681e+21 2.531782e+43
3.350000e-15 -5.118491e+21 2.619895e+43
3.355000e-15 -5.201751e+21 2.705821e+43
3.360000e-15 -5.281418e+21 2.789338e+43
3.365000e-15 -5.357452e+21 2.870230e+43
3.370000e-15 -5.429815e+21 2.948289e+43
3.375000e-15 -5.498470e+21 3.023318e+43
3.380000e-15 -5.563385e+21 3.095125e+43
3.385000e-15 -5.624528e+21 3.163531e+43
3.390000e-15 -5.681870e+21 3.228365e+43
3.395000e-15 -5.735387e+21 3.289466e+43
3.400000e-15 -5.785054e+21 3.346685e+43
3.405000e-15 -5.830850e+21 3.399882e+43
3.410000e-15 -5.872758e+21 3.448929e+43
3.415000e-15 -5.910761e+21 3.493709e+43
3.420000e-15 -5.944845e+21 3.534118e+43
3.425000e-15 -5.975000e+21 3.570063e+43
3.430000e-15 -6.001218e+21 3.601462e+43
3.435000e-15 -6.023492e+21 3.628246e+43
3.440000e-15 -6.041820e+21 3.650358e+43
3.445000e-15 -6.056200e+21 3.667755e+43
3.450000e-15 -6.066634e+21 3.680405e+43
3.455000e-15 -6.073126e+21 3.688286e+43
3.460000e-15 -6.075684e+21 3.691394e+43
3.465000e-15 -6.074316e+21 3.689732e+43
3.470000e-15 -6.069034e+21 3.683318e+43
3.475000e-15 -6.059852e+21 3.672181e+43
3.480000e-15 -6.046787e+21 3.656363e+43
3.485000e-15 -6.029857e+21 3.635918e+43
3.490000e-15 -6.009085e+21 3.610910e+43
3.495000e-15 -5.984493e+21 3.581416e+43
3.500000e-15 -5.956108e+21 3.547522e+43
3.505000e-15 -5.923959e+21 3.509329e+43
3.510000e-15 -5.888076e+21 3.466944e+43
3.515000e-15 -5.848493e+21 3.420486e+43
3.520000e-15 -5.805244e+21 3.370086e+43
3.525000e-15 -5.758368e+21 3.315880e+43
3.530000e-15 -5.707904e+21 3.258017e+43
3.535000e-15 -5.653895e+21 3.196653e+43
3.540000e-15 -5.596385e+21 3.131952e+43
3.545000e-15 -5.535419e+21 3.064087e+43
3.550000e-15 -5.471047e+21 2.993236e+43
3.555000e-15 -5.403319e+21 2.919585e+43
3.560000e-15 -5.332287e+21 2.843328e+43
3.565000e-15 -5.258006e+21 2.764662e+43
3.570000e-15 -5.180532e+21 2.683791e+43
3.575000e-15 -5.099923e+21 2.600922e+43
3.580000e-15 -5.016240e+21 2.516267e+43
3.585000e-15 -4.929545e+21 2.430041e+43
3.590000e-15 -4.839900e+21 2.342464e+43
3.595000e-15 -4.747373e+21 2.253755e+43
3.600000e-15 -4.652029e+21 2.164137e+43
3.605000e-15 -4.553938e+21 2.073835e+43
3.610000e-15 -4.453169e+21 1.983072e+43
3.615000e-15 -4.349796e+21 1.892072e+43
3.620000e-15 -4.243890e+21 1.801060e+43
3.625000e-15 -4.135527e+21 1.710259e+43
3.630000e-15 -4.024784e+21 1.619889e+43
3.635000e-15 -3.911737e+21 1.530169e+43
3.640000e-15 -3.796465e+21 1.441315e+43
3.645000e-15 -3.679049e+21 1.353540e+43
3.650000e-15 -3.559570e+21 1.267054e+43
3.655000e-15 -3.438109e+21 1.182059e+43
3.660000e-15 -3.314751e+21 1.098757e+43
3.665000e-15 -3.189580e+21 1.017342e+43
3.670000e-15 -3.062680e+21 9.380011e+42
3.675000e-15 -2.934139e+21 8.609174e+42
3.680000e-15 -2.804044e+21 7.862663e+42
3.685000e-15 -2.672482e+21 7.142160e+42
3.690000e-15 -2.539542e+21 6.449274e+42
3.695000e-15 -2.405313e+21 5.785532e+42
3.700000e-15 -2.269886e+21 5.152382e+42
3.705000e-15 -2.133350e+21 4.551182e+42
3.710000e-15 -1.995797e+21 3.983205e+42
3.715000e-15 -1.857317e+21 3.449628e+42
3.720000e-15 -1.718004e+21 2.951537e+42
3.725000e-15 -1.577948e+21 2.489920e+42
3.730000e-15 -1.437243e+21 2.065666e+42
3.735000e-15 -1.295980e+21 1.679563e+42
3.740000e-15 -1.154252e+21 1.332297e+42
3.745000e-15 -1.012152e+21 1.024452e+42
3.750000e-15 -8.697735e+20 7.565059e+41
3.755000e-15 -7.272083e+20 5.288319e+41
3.760000e-15 -5.845492e+20 3.416978e+41
3.765000e-15 -4.418888e+20 1.952657e+41
3.770000e-15 -2.993193e+20 8.959204e+40
3.775000e-15 -1.569326e+20 2.462785e+40
3.780000e-15 -1.482049e+19 2.196470e+38
3.785000e-15 1.269259e+20 1.611018e+40
3.790000e-15 2.682157e+20 7.193966e+40
3.795000e-15 4.089586e+20 1.672472e+41
3.800000e-15 5.490650e+20 3.014723e+41
3.805000e-15 6.884456e+20 4.739573e+41
3.810000e-15 8.270120e+20 6.839489e+41
3.815000e-15 9.646765e+20 9.306008e+41
3.820000e-15 1.101352e+21 1.212977e+42
3.825000e-15 1.236953e+21 1.530053e+42
3.830000e-15 1.371394e+21 1.880721e+42
3.835000e-15 1.504590e+21 2.263791e+42
3.840000e-15 1.636459e+21 2.677997e+42
3.845000e-15 1.766917e+21 3.121997e+42
3.850000e-15 1.895885e+21 3.594380e+42
3.855000e-15 2.023282e+21 4.093669e+42
3.860000e-15 2.149029e+21 4.618324e+42
3.865000e-15 2.273048e+21 5.166748e+42
3.870000e-15 2.395264e+21 5.737290e+42
3.875000e-15 2.515602e+21 6.328252e+42
3.880000e-15 2.633987e+21 6.937888e+42
3.885000e-15 2.750349e+21 7.564417e+42
3.890000e-15 2.864615e+21 8.206020e+42
3.895000e-15 2.976718e+21 8.860849e+42
3.900000e-15 3.086589e+21 9.527031e+42
3.905000e-15 3.194163e+21 1.020268e+43
3.910000e-15 3.299375e+21 1.088587e+43
3.915000e-15 3.402162e+21 1.157471e+43
3.920000e-15 3.502464e+21 1.226725e+43
3.925000e-15 3.600221e+21 1.296159e+43
3.930000e-15 3.695376e+21 1.365581e+43
3.935000e-15 3.787874e+21 1.434799e+43
3.940000e-15 3.877659e+21 1.503624e+43
3.945000e-15 3.964682e+21 1.571870e+43
3.950000e-15 4.048890e+21 1.639351e+43
3.955000e-15 4.130237e+21 1.705886e+43
3.960000e-15 4.208676e+21 1.771296e+43
3.965000e-15 4.284164e+21 1.835406e+43
3.970000e-15 4.356657e+21 1.898046e+43
3.975000e-15 4.426116e+21 1.959050e+43
3.980000e-15 4.492502e+21 2.018258e+43
3.985000e-15 4.555781e+21 2.075514e+43
3.990000e-15 4.615917e+21 2.130669e+43
3.995000e-15 4.672879e+21 2.183580e+43
4.000000e-15 4.726638e+21 2.234110e+43
4.005000e-15 4.777165e+21 2.282131e+43
4.010000e-15 4.824436e+21 2.327518e+43
4.015000e-15 4.868427e+21 2.370159e+43
4.020000e-15 4.909118e+21 2.409944e+43
4.025000e-15 4.946489e+21 2.446775e+43
4.030000e-15 4.980524e+21 2.480562e+43
4.035000e-15 5.011208e+21 2.511220e+43
4.040000e-15 5.038529e+21 2.538678e+43
4.045000e-15 5.062477e+21 2.562868e+43
4.050000e-15 5.083045e+21 2.583735e+43
4.055000e-15 5.100226e+21 2.601231e+43
4.060000e-15 5.114018e+21 2.615318e+43
4.065000e-15 5.124419e+21 2.625967e+43
4.070000e-15 5.131429e+21 2.633157e+43
4.075000e-15 5.135053e+21 2.636877e+43
4.080000e-15 5.135296e+21 2.637127e+43
4.085000e-15 5.132166e+21 2.633912e+43
4.090000e-15 5.125671e+21 2.627250e+43
4.095000e-15 5.115824e+21 2.617166e+43
4.100000e-15 5.102640e+21 2.603693e+43
4.105000e-15 5.086134e+21 2.586876e+43
4.110000e-15 5.066325e+21 2.566765e+43
4.115000e-15 5.043233e+21 2.543420e+43
4.120000e-15 5.016881e+21 2.516910e+43
4.125000e-15 4.987294e+21 2.487310e+43
4.130000e-15 4.954497e+21 2.454704e+43
4.135000e-15 4.918521e+21 2.419185e+43
4.140000e-15 4.879396e+21 2.380850e+43
4.145000e-15 4.837153e+21 2.339805e+43
4.150000e-15 4.791829e+21 2.296163e+43
4.155000e-15 4.743460e+21 2.250041e+43
4.160000e-15 4.692084e+21 2.201565e+43
4.165000e-15 4.637742e+21 2.150865e+43
4.170000e-15 4.580476e+21 2.098076e+43
4.175000e-15 4.520330e+21 2.043338e+43
4.180000e-15 4.457349e+21 1.986796e+43
4.185000e-15 4.391583e+21 1.928600e+43
4.190000e-15 4.323079e+21 1.868901e+43
4.195000e-15 4.251890e+21 1.807857e+43
4.200000e-15 4.178067e+21 1.745624e+43
4.205000e-15 4.101665e+21 1.682366e+43
4.210000e-15 4.022740e+21 1.618244e+43
4.215000e-15 3.941349e+21 1.553423e+43
4.220000e-15 3.857552e+21 1.488070e+43
4.225000e-15 3.771407e+21 1.422351e+43
4.230000e-15 3.682979e+21 1.356433e+43
4.235000e-15 3.592328e+21 1.290482e+43
4.240000e-15 3.499520e+21 1.224664e+43
4.245000e-15 3.404621e+21 1.159145e+43
4.250000e-15 3.307698e+21 1.094086e+43
4.255000e-15 3.208818e+21 1.029651e+43
4.260000e-15 3.108051e+21 9.659979e+42
4.265000e-15 3.005467e+21 9.032832e+42
4.270000e-15 2.901138e+21 8.416602e+42
4.275000e-15 2.795136e+21 7.812787e+42
4.280000e-15 2.687535e+21 7.222845e+42
4.285000e-15 2.578409e+21 6.648191e+42
4.290000e-15 2.467832e+21 6.090196e+42
4.295000e-15 2.355882e+21 5.550179e+42
4.300000e-15 2.242634e+21 5.029406e+42
4.305000e-15 2.128166e+21 4.529089e+42
4.310000e-15 2.012556e+21 4.050380e+42
4.315000e-15 1.895882e+21 3.594368e+42
4.320000e-15 1.778224e+21 3.162080e+42
4.325000e-15 1.659661e+21 2.754476e+42
4.330000e-15 1.540274e+21 2.372444e+42
4.335000e-15 1.420142e+21 2.016805e+42
4.340000e-15 1.299348e+21 1.688304e+42
4.345000e-15 1.177970e+21 1.387614e+42
4.350000e-15 1.056092e+21 1.115330e+42
4.355000e-15 9.337937e+20 8.719707e+41
4.360000e-15 8.111575e+20 6.579765e+41
4.365000e-15 6.882648e+20 4.737084e+41
4.370000e-15 5.651971e+20 3.194478e+41
4.375000e-15 4.420361e+20 1.953959e+41
4.380000e-15 3.188633e+20 1.016738e+41
4.385000e-15 1.957599e+20 3.832193e+40
4.390000e-15 7.280703e+19 5.300864e+39
4.395000e-15 -4.991440e+19 2.491448e+39
4.400000e-15 -1.723239e+20 2.969552e+40
4.405000e-15 -2.943413e+20 8.663678e+40
4.410000e-15 -4.158867e+20 1.729618e+41
4.415000e-15 -5.368810e+20 2.882413e+41
4.420000e-15 -6.572454e+20 4.319715e+41
4.425000e-15 -7.769016e+20 6.035761e+41
4.430000e-15 -8.957720e+20 8.024075e+41
4.435000e-15 -1.013780e+21 1.027749e+42
4.440000e-15 -1.130849e+21 1.278819e+42
4.445000e-15 -1.246903e+21 1.554768e+42
4.450000e-15 -1.361869e+21 1.854687e+42
4.455000e-15 -1.475672e+21 2.177608e+42
4.460000e-15 -1.588240e+21 2.522505e+42
4.465000e-15 -1.699500e+21 2.888299e+42
4.470000e-15 -1.809381e+21 3.273861e+42
4.475000e-15 -1.917815e+21 3.678014e+42
4.480000e-15 -2.024732e+21 4.099539e+42
4.485000e-15 -2.130064e+21 4.537173e+42
4.490000e-15 -2.233745e+21 4.989618e+42
4.495000e-15 -2.335710e+21 5.455543e+42
4.500000e-15 -2.435895e+21 5.933586e+42
4.505000e-15 -2.534237e+21 6.422359e+42
4.510000e-15 -2.630675e+21 6.920453e+42
4.515000e-15 -2.725149e+21 7.426438e+42
4.520000e-15 -2.817600e+21 7.938872e+42
4.525000e-15 -2.907972e+21 8.456300e+42
4.530000e-15 -2.996208e+21 8.977261e+42
4.535000e-15 -3.082254e+21 9.500292e+42
4.540000e-15 -3.166059e+21 1.002393e+43
4.545000e-15 -3.247571e+21 1.054671e+43
4.550000e-15 -3.326740e+21 1.106720e+43
4.555000e-15 -3.403519e+21 1.158394e+43
4.560000e-15 -3.477862e+21 1.209552e+43
4.565000e-15 -3.549725e+21 1.260055e+43
4.570000e-15 -3.619064e+21 1.309763e+43
4.575000e-15 -3.685840e+21 1.358542e+43
4.580000e-15 -3.750013e+21 1.406259e+43
4.585000e-15 -3.811545e+21 1.452788e+43
4.590000e-15 -3.870402e+21 1.498001e+43
4.595000e-15 -3.926549e+21 1.541779e+43
4.600000e-15 -3.979955e+21 1.584004e+43
4.605000e-15 -4.030590e+21 1.624565e+43
4.610000e-15 -4.078426e+21 1.663356e+43
4.615000e-15 -4.123436e+21 1.700273e+43
4.620000e-15 -4.165597e+21 1.735220e+43
4.625000e-15 -4.204887e+21 1.768107e+43
4.630000e-15 -4.241284e+21 1.798849e+43
4.635000e-15 -4.274771e+21 1.827367e+43
4.640000e-15 -4.305332e+21 1.853588e+43
4.645000e-15 -4.332951e+21 1.877447e+43
4.650000e-15 -4.357617e+21 1.898882e+43
4.655000e-15 -4.379318e+21 1.917843e+43
4.660000e-15 -4.398048e+21 1.934282e+43
4.665000e-15 -4.413798e+21 1.948161e+43
4.670000e-15 -4.426564e+21 1.959447e+43
4.675000e-15 -4.436345e+21 1.968115e+43
4.680000e-15 -4.443139e+21 1.974148e+43
4.685000e-15 -4.446947e+21 1.977534e+43
4.690000e-15 -4.447775e+21 1.978270e+43
4.695000e-15 -4.445625e+21 1.976359e+43
4.700000e-15 -4.440507e+21 1.971811e+43
4.705000e-15 -4.432430e+21 1.964644e+43
4.710000e-15 -4.421404e+21 1.954881e+43
4.715000e-15 -4.407443e+21 1.942556e+43
4.720000e-15 -4.390562e+21 1.927704e+43
4.725000e-15 -4.370779e+21 1.910371e+43
4.730000e-15 -4.348111e+21 1.890607e+43
4.735000e-15 -4.322581e+21 1.868470e+43
4.740000e-15 -4.294210e+21 1.844024e+43
4.745000e-15 -4.263023e+21 1.817336e+43
4.750000e-15 -4.229046e+21 1.788483e+43
4.755000e-15 -4.192309e+21 1.757545e+43
4.760000e-15 -4.152840e+21 1.724608e+43
4.765000e-15 -4.110672e+21 1.689762e+43
4.770000e-15 -4.065837e+21 1.653103e+43
4.775000e-15 -4.018372e+21 1.614731e+43
4.780000e-15 -3.968312e+21 1.574750e+43
4.785000e-15 -3.915697e+21 1.533268e+43
4.790000e-15 -3.860567e+21 1.490398e+43
4.795000e-15 -3.802963e+21 1.446253e+43
4.800000e-15 -3.742929e+21 1.400951e+43
4.805000e-15 -3.680509e+21 1.354615e+43
4.810000e-15 -3.615750e+21 1.307365e+43
4.815000e-15 -3.548700e+21 1.259327e+43
4.820000e-15 -3.479408e+21 1.210628e+43
4.825000e-15 -3.407925e+21 1.161395e+43
4.830000e-15 -3.334303e+21 1.111758e+43
4.835000e-15 -3.258595e+21 1.061844e+43
4.840000e-15 -3.180856e+21 1.011784e+43
4.845000e-15 -3.101142e+21 9.617079e+42
4.850000e-15 -3.019509e+21 9.117437e+42
4.855000e-15 -2.936018e+21 8.620199e+42
4.860000e-15 -2.850726e+21 8.126637e+42
4.865000e-15 -2.763694e+21 7.638005e+42
4.870000e-15 -2.674985e+21 7.155542e+42
4.875000e-15 -2.584660e+21 6.680466e+42
4.880000e-15 -2.492783e+21 6.213967e+42
4.885000e-15 -2.399419e+21 5.757212e+42
4.890000e-15 -2.304633e+21 5.311335e+42
4.895000e-15 -2.208492e+21 4.877437e+42
4.900000e-15 -2.111062e+21 4.456583e+42
4.905000e-15 -2.012411e+21 4.049798e+42
4.910000e-15 -1.912608e+21 3.658069e+42
4.915000e-15 -1.811721e+21 3.282334e+42
4.920000e-15 -1.709821e+21 2.923488e+42
4.925000e-15 -1.606977e+21 2.582376e+42
4.930000e-15 -1.503261e+21 2.259794e+42
4.935000e-15 -1.398743e+21 1.956483e+42
4.940000e-15 -1.293496e+21 1.673131e+42
4.945000e-15 -1.187590e+21 1.410371e+42
4.950000e-15 -1.081100e+21 1.168776e+42
4.955000e-15 -9.740959e+20 9.488628e+41
4.960000e-15 -8.666519e+20 7.510856e+41
4.965000e-15 -7.588408e+20 5.758393e+41
4.970000e-15 -6.507354e+20 4.234566e+41
4.975000e-15 -5.424090e+20 2.942075e+41
4.980000e-15 -4.339347e+20 1.882993e+41
4.985000e-15 -3.253856e+20 1.058758e+41
4.990000e-15 -2.168348e+20 4.701732e+40
4.995000e-15 -1.083551e+20 1.174083e+40
5.000000e-15 -1.936457e+16 3.749867e+32
