0.000000e+00 nan nan
5.000000e-18 8.382086e+08 7.025936e+17
1.000000e-17 1.072477e+11 1.150208e+22
1.500000e-17 1.831206e+12 3.353314e+24
2.000000e-17 1.370574e+13 1.878473e+26
2.500000e-17 6.527558e+13 4.260901e+27
3.000000e-17 2.335509e+14 5.454603e+28
3.500000e-17 6.858911e+14 4.704465e+29
4.000000e-17 1.743125e+15 3.038486e+30
4.500000e-17 3.966522e+15 1.573330e+31
5.000000e-17 8.271982e+15 6.842569e+31
5.500000e-17 1.607457e+16 2.583917e+32
6.000000e-17 2.946616e+16 8.682546e+32
6.500000e-17 5.142875e+16 2.644917e+33
7.000000e-17 8.608544e+16 7.410704e+33
7.500000e-17 1.389909e+17 1.931847e+34
8.000000e-17 2.174625e+17 4.728995e+34
8.500000e-17 3.309534e+17 1.095301e+35
9.000000e-17 4.914670e+17 2.415398e+35
9.500000e-17 7.140144e+17 5.098166e+35
1.000000e-16 1.017112e+18 1.034518e+36
1.050000e-16 1.423323e+18 2.025847e+36
1.100000e-16 1.959829e+18 3.840931e+36
1.150000e-16 2.659054e+18 7.070568e+36
1.200000e-16 3.559306e+18 1.266866e+37
1.250000e-16 4.705460e+18 2.214136e+37
1.300000e-16 6.149671e+18 3.781845e+37
1.350000e-16 7.952100e+18 6.323590e+37
1.400000e-16 1.018167e+19 1.036665e+38
1.450000e-16 1.291685e+19 1.668450e+38
1.500000e-16 1.624638e+19 2.639450e+38
1.550000e-16 2.027014e+19 4.108785e+38
1.600000e-16 2.509983e+19 6.300014e+38
1.650000e-16 3.085982e+19 9.523286e+38
1.700000e-16 3.768788e+19 1.420376e+39
1.750000e-16 4.573589e+19 2.091772e+39
1.800000e-16 5.517059e+19 3.043794e+39
1.850000e-16 6.617423e+19 4.379029e+39
1.900000e-16 7.894520e+19 6.232344e+39
1.950000e-16 9.369858e+19 8.779424e+39
2.000000e-16 1.106667e+20 1.224713e+40
2.050000e-16 1.300997e+20 1.692593e+40
2.100000e-16 1.522655e+20 2.318479e+40
2.150000e-16 1.774507e+20 3.148876e+40
2.200000e-16 2.059604e+20 4.241968e+40
2.250000e-16 2.381182e+20 5.670029e+40
2.300000e-16 2.742668e+20 7.522229e+40
2.350000e-16 3.147673e+20 9.907843e+40
2.400000e-16 3.599992e+20 1.295994e+41
2.450000e-16 4.103603e+20 1.683955e+41
2.500000e-16 4.662659e+20 2.174039e+41
2.550000e-16 5.281487e+20 2.789411e+41
2.600000e-16 5.964576e+20 3.557616e+41
2.650000e-16 6.716570e+20 4.511232e+41
2.700000e-16 7.542262e+20 5.688572e+41
2.750000e-16 8.446578e+20 7.134468e+41
2.800000e-16 9.434567e+20 8.901105e+41
2.850000e-16 1.051139e+21 1.104892e+42
2.900000e-16 1.168229e+21 1.364758e+42
2.950000e-16 1.295260e+21 1.677698e+42
3.000000e-16 1.432770e+21 2.052830e+42
3.050000e-16 1.581302e+21 2.500517e+42
3.100000e-16 1.741401e+21 3.032477e+42
3.150000e-16 1.913610e+21 3.661902e+42
3.200000e-16 2.098469e+21 4.403574e+42
3.250000e-16 2.296516e+21 5.273988e+42
3.300000e-16 2.508279e+21 6.291463e+42
3.350000e-16 2.734275e+21 7.476257e+42
3.400000e-16 2.975008e+21 8.850673e+42
3.450000e-16 3.230968e+21 1.043916e+43
3.500000e-16 3.502625e+21 1.226838e+43
3.550000e-16 3.790426e+21 1.436733e+43
3.600000e-16 4.094794e+21 1.676734e+43
3.650000e-16 4.416125e+21 1.950216e+43
3.700000e-16 4.754783e+21 2.260796e+43
3.750000e-16 5.111096e+21 2.612331e+43
3.800000e-16 5.485359e+21 3.008916e+43
3.850000e-16 5.877823e+21 3.454880e+43
3.900000e-16 6.288697e+21 3.954771e+43
3.950000e-16 6.718143e+21 4.513345e+43
4.000000e-16 7.166275e+21 5.135550e+43
4.050000e-16 7.633153e+21 5.826502e+43
4.100000e-16 8.118783e+21 6.591463e+43
4.150000e-16 8.623112e+21 7.435806e+43
4.200000e-16 9.146029e+21 8.364985e+43
4.250000e-16 9.687358e+21 9.384491e+43
4.300000e-16 1.024686e+22 1.049981e+44
4.350000e-16 1.082423e+22 1.171639e+44
4.400000e-16 1.141908e+22 1.303954e+44
4.450000e-16 1.203098e+22 1.447445e+44
4.500000e-16 1.265940e+22 1.602605e+44
4.550000e-16 1.330376e+22 1.769899e+44
4.600000e-16 1.396337e+22 1.949758e+44
4.650000e-16 1.463751e+22 2.142568e+44
4.700000e-16 1.532536e+22 2.348666e+44
4.750000e-16 1.602602e+22 2.568332e+44
4.800000e-16 1.673851e+22 2.801778e+44
4.850000e-16 1.746181e+22 3.049147e+44
4.900000e-16 1.819478e+22 3.310500e+44
4.950000e-16 1.893623e+22 3.585809e+44
5.000000e-16 1.968490e+22 3.874954e+44
5.050000e-16 2.043945e+22 4.177711e+44
5.100000e-16 2.119847e+22 4.493752e+44
5.150000e-16 2.196049e+22 4.822631e+44
5.200000e-16 2.272397e+22 5.163787e+44
5.250000e-16 2.348731e+22 5.516536e+44
5.300000e-16 2.424885e+22 5.880068e+44
5.350000e-16 2.500688e+22 6.253443e+44
5.400000e-16 2.575965e+22 6.635593e+44
5.450000e-16 2.650532e+22 7.025322e+44
5.500000e-16 2.724207e+22 7.421303e+44
5.550000e-16 2.796799e+22 7.822084e+44
5.600000e-16 2.868116e+22 8.226090e+44
5.650000e-16 2.937964e+22 8.631630e+44
5.700000e-16 3.006144e+22 9.036903e+44
5.750000e-16 3.072459e+22 9.440006e+44
5.800000e-16 3.136709e+22 9.838942e+44
5.850000e-16 3.198693e+22 1.023163e+45
5.900000e-16 3.258211e+22 1.061594e+45
5.950000e-16 3.315064e+22 1.098965e+45
6.000000e-16 3.369055e+22 1.135053e+45
6.050000e-16 3.419989e+22 1.169632e+45
6.100000e-16 3.467672e+22 1.202475e+45
6.150000e-16 3.511917e+22 1.233356e+45
6.200000e-16 3.552538e+22 1.262052e+45
6.250000e-16 3.589356e+22 1.288348e+45
6.300000e-16 3.622197e+22 1.312031e+45
6.350000e-16 3.650894e+22 1.332903e+45
6.400000e-16 3.675286e+22 1.350773e+45
6.450000e-16 3.695221e+22 1.365466e+45
6.500000e-16 3.710554e+22 1.376821e+45
6.550000e-16 3.721150e+22 1.384696e+45
6.600000e-16 3.726884e+22 1.388967e+45
6.650000e-16 3.727640e+22 1.389530e+45
6.700000e-16 3.723315e+22 1.386307e+45
6.750000e-16 3.713814e+22 1.379242e+45
6.800000e-16 3.699059e+22 1.368303e+45
6.850000e-16 3.678979e+22 1.353489e+45
6.900000e-16 3.653520e+22 1.334821e+45
6.950000e-16 3.622641e+22 1.312352e+45
7.000000e-16 3.586312e+22 1.286163e+45
7.050000e-16 3.544521e+22 1.256363e+45
7.100000e-16 3.497268e+22 1.223088e+45
7.150000e-16 3.444569e+22 1.186505e+45
7.200000e-16 3.386453e+22 1.146807e+45
7.250000e-16 3.322968e+22 1.104212e+45
7.300000e-16 3.254175e+22 1.058965e+45
7.350000e-16 3.180149e+22 1.011335e+45
7.400000e-16 3.100983e+22 9.616094e+44
7.450000e-16 3.016784e+22 9.100988e+44
7.500000e-16 2.927677e+22 8.571291e+44
7.550000e-16 2.833798e+22 8.030410e+44
7.600000e-16 2.735301e+22 7.481871e+44
7.650000e-16 2.632355e+22 6.929290e+44
7.700000e-16 2.525141e+22 6.376338e+44
7.750000e-16 2.413858e+22 5.826711e+44
7.800000e-16 2.298716e+22 5.284095e+44
7.850000e-16 2.179939e+22 4.752133e+44
7.900000e-16 2.057764e+22 4.234393e+44
7.950000e-16 1.932441e+22 3.734329e+44
8.000000e-16 1.804231e+22 3.255249e+44
8.050000e-16 1.673406e+22 2.800288e+44
8.100000e-16 1.540249e+22 2.372367e+44
8.150000e-16 1.405052e+22 1.974171e+44
8.200000e-16 1.268116e+22 1.608119e+44
8.250000e-16 1.129751e+22 1.276337e+44
8.300000e-16 9.902724e+21 9.806394e+43
8.350000e-16 8.500033e+21 7.225057e+43
8.400000e-16 7.092717e+21 5.030664e+43
8.450000e-16 5.684099e+21 3.230898e+43
8.500000e-16 4.277535e+21 1.829731e+43
8.550000e-16 2.876409e+21 8.273726e+42
8.600000e-16 1.484113e+21 2.202592e+42
8.650000e-16 1.040469e+20 1.082576e+40
8.700000e-16 -1.260400e+21 1.588608e+42
8.750000e-16 -2.605855e+21 6.790481e+42
8.800000e-16 -3.928976e+21 1.543685e+43
8.850000e-16 -5.226460e+21 2.731588e+43
8.900000e-16 -6.495053e+21 4.218572e+43
8.950000e-16 -7.731566e+21 5.977711e+43
9.000000e-16 -8.932877e+21 7.979629e+43
9.050000e-16 -1.009595e+22 1.019282e+44
9.100000e-16 -1.121784e+22 1.258400e+44
9.150000e-16 -1.229571e+22 1.511845e+44
9.200000e-16 -1.332683e+22 1.776043e+44
9.250000e-16 -1.430858e+22 2.047354e+44
9.300000e-16 -1.523850e+22 2.322118e+44
9.350000e-16 -1.611424e+22 2.596687e+44
9.400000e-16 -1.693362e+22 2.867476e+44
9.450000e-16 -1.769462e+22 3.130994e+44
9.500000e-16 -1.839535e+22 3.383888e+44
9.550000e-16 -1.903413e+22 3.622979e+44
9.600000e-16 -1.960943e+22 3.845297e+44
9.650000e-16 -2.011992e+22 4.048112e+44
9.700000e-16 -2.056446e+22 4.228969e+44
9.750000e-16 -2.094209e+22 4.385709e+44
9.800000e-16 -2.125205e+22 4.516495e+44
9.850000e-16 -2.149379e+22 4.619830e+44
9.900000e-16 -2.166696e+22 4.694573e+44
9.950000e-16 -2.177142e+22 4.739949e+44
1.000000e-15 -2.180723e+22 4.755554e+44
1.005000e-15 -2.177466e+22 4.741359e+44
1.010000e-15 -2.167419e+22 4.697706e+44
1.015000e-15 -2.150651e+22 4.625300e+44
1.020000e-15 -2.127251e+22 4.525197e+44
1.025000e-15 -2.097329e+22 4.398789e+44
1.030000e-15 -2.061015e+22 4.247782e+44
1.035000e-15 -2.018458e+22 4.074173e+44
1.040000e-15 -1.969828e+22 3.880221e+44
1.045000e-15 -1.915312e+22 3.668420e+44
1.050000e-15 -1.855116e+22 3.441457e+44
1.055000e-15 -1.789465e+22 3.202186e+44
1.060000e-15 -1.718599e+22 2.953583e+44
1.065000e-15 -1.642775e+22 2.698710e+44
1.070000e-15 -1.562265e+22 2.440673e+44
1.075000e-15 -1.477357e+22 2.182583e+44
1.080000e-15 -1.388350e+22 1.927516e+44
1.085000e-15 -1.295559e+22 1.678472e+44
1.090000e-15 -1.199306e+22 1.438336e+44
1.095000e-15 -1.099929e+22 1.209844e+44
1.100000e-15 -9.977716e+21 9.955482e+43
1.105000e-15 -8.931865e+21 7.977822e+43
1.110000e-15 -7.865341e+21 6.186359e+43
1.115000e-15 -6.781802e+21 4.599283e+43
1.120000e-15 -5.684954e+21 3.231871e+43
1.125000e-15 -4.578539e+21 2.096302e+43
1.130000e-15 -3.466317e+21 1.201535e+43
1.135000e-15 -2.352059e+21 5.532182e+42
1.140000e-15 -1.239531e+21 1.536437e+42
1.145000e-15 -1.324816e+20 1.755137e+40
1.150000e-15 9.653701e+20 9.319394e+41
1.155000e-15 2.050348e+21 4.203925e+42
1.160000e-15 3.118830e+21 9.727101e+42
1.165000e-15 4.167264e+21 1.736609e+43
1.170000e-15 5.192177e+21 2.695870e+43
1.175000e-15 6.190187e+21 3.831841e+43
1.180000e-15 7.158016e+21 5.123720e+43
1.185000e-15 8.092503e+21 6.548861e+43
1.190000e-15 8.990611e+21 8.083108e+43
1.195000e-15 9.849439e+21 9.701144e+43
1.200000e-15 1.066623e+22 1.137685e+44
1.205000e-15 1.143840e+22 1.308369e+44
1.210000e-15 1.216350e+22 1.479507e+44
1.215000e-15 1.283927e+22 1.648470e+44
1.220000e-15 1.346365e+22 1.812699e+44
1.225000e-15 1.403473e+22 1.969737e+44
1.230000e-15 1.455083e+22 2.117266e+44
1.235000e-15 1.501044e+22 2.253133e+44
1.240000e-15 1.541228e+22 2.375383e+44
1.245000e-15 1.575526e+22 2.482283e+44
1.250000e-15 1.603853e+22 2.572343e+44
1.255000e-15 1.626142e+22 2.644336e+44
1.260000e-15 1.642350e+22 2.697313e+44
1.265000e-15 1.652456e+22 2.730611e+44
1.270000e-15 1.656461e+22 2.743862e+44
1.275000e-15 1.654386e+22 2.736992e+44
1.280000e-15 1.646276e+22 2.710224e+44
1.285000e-15 1.632196e+22 2.664064e+44
1.290000e-15 1.612234e+22 2.599298e+44
1.295000e-15 1.586497e+22 2.516973e+44
1.300000e-15 1.555114e+22 2.418379e+44
1.305000e-15 1.518232e+22 2.305029e+44
1.310000e-15 1.476021e+22 2.178637e+44
1.315000e-15 1.428665e+22 2.041083e+44
1.320000e-15 1.376370e+22 1.894393e+44
1.325000e-15 1.319357e+22 1.740702e+44
1.330000e-15 1.257863e+22 1.582220e+44
1.335000e-15 1.192144e+22 1.421207e+44
1.340000e-15 1.122465e+22 1.259928e+44
1.345000e-15 1.049110e+22 1.100631e+44
1.350000e-15 9.723700e+21 9.455033e+43
1.355000e-15 8.925515e+21 7.966482e+43
1.360000e-15 8.099692e+21 6.560501e+43
1.365000e-15 7.249469e+21 5.255480e+43
1.370000e-15 6.378160e+21 4.068093e+43
1.375000e-15 5.489146e+21 3.013072e+43
1.380000e-15 4.585856e+21 2.103008e+43
1.385000e-15 3.671759e+21 1.348182e+43
1.390000e-15 2.750350e+21 7.564426e+42
1.395000e-15 1.825134e+21 3.331115e+42
1.400000e-15 8.996162e+20 8.093094e+41
1.405000e-15 -2.271296e+19 5.158787e+38
1.410000e-15 -9.383902e+20 8.805761e+41
1.415000e-15 -1.843992e+21 3.400308e+42
1.420000e-15 -2.736150e+21 7.486517e+42
1.425000e-15 -3.611559e+21 1.304336e+43
1.430000e-15 -4.466992e+21 1.995402e+43
1.435000e-15 -5.299314e+21 2.808273e+43
1.440000e-15 -6.105490e+21 3.727701e+43
1.445000e-15 -6.882597e+21 4.737015e+43
1.450000e-15 -7.627838e+21 5.818391e+43
1.455000e-15 -8.338546e+21 6.953136e+43
1.460000e-15 -9.012202e+21 8.121978e+43
1.465000e-15 -9.646434e+21 9.305370e+43
1.470000e-15 -1.023904e+22 1.048379e+44
1.475000e-15 -1.078797e+22 1.163803e+44
1.480000e-15 -1.129137e+22 1.274951e+44
1.485000e-15 -1.174757e+22 1.380053e+44
1.490000e-15 -1.215506e+22 1.477454e+44
1.495000e-15 -1.251255e+22 1.565639e+44
1.500000e-15 -1.281894e+22 1.643253e+44
1.505000e-15 -1.307334e+22 1.709123e+44
1.510000e-15 -1.327506e+22 1.762272e+44
1.515000e-15 -1.342360e+22 1.801929e+44
1.520000e-15 -1.351868e+22 1.827548e+44
1.525000e-15 -1.356025e+22 1.838803e+44
1.530000e-15 -1.354842e+22 1.835598e+44
1.535000e-15 -1.348356e+22 1.818064e+44
1.540000e-15 -1.336620e+22 1.786553e+44
1.545000e-15 -1.319709e+22 1.741632e+44
1.550000e-15 -1.297719e+22 1.684073e+44
1.555000e-15 -1.270762e+22 1.614836e+44
1.560000e-15 -1.238972e+22 1.535052e+44
1.565000e-15 -1.202501e+22 1.446008e+44
1.570000e-15 -1.161516e+22 1.349119e+44
1.575000e-15 -1.116204e+22 1.245910e+44
1.580000e-15 -1.066765e+22 1.137988e+44
1.585000e-15 -1.013418e+22 1.027015e+44
1.590000e-15 -9.563925e+21 9.146867e+43
1.595000e-15 -8.959342e+21 8.026982e+43
1.600000e-15 -8.322999e+21 6.927231e+43
1.605000e-15 -7.657578e+21 5.863851e+43
1.610000e-15 -6.965866e+21 4.852330e+43
1.615000e-15 -6.250740e+21 3.907175e+43
1.620000e-15 -5.515156e+21 3.041694e+43
1.625000e-15 -4.762137e+21 2.267795e+43
1.630000e-15 -3.994762e+21 1.595812e+43
1.635000e-15 -3.216152e+21 1.034364e+43
1.640000e-15 -2.429461e+21 5.902279e+42
1.645000e-15 -1.637856e+21 2.682573e+42
1.650000e-15 -8.445141e+20 7.132040e+41
1.655000e-15 -5.260195e+19 2.766965e+39
1.660000e-15 7.347326e+20 5.398320e+41
1.665000e-15 1.514374e+21 2.293330e+42
1.670000e-15 2.283252e+21 5.213242e+42
1.675000e-15 3.038353e+21 9.231588e+42
1.680000e-15 3.776730e+21 1.426369e+43
1.685000e-15 4.495517e+21 2.020968e+43
1.690000e-15 5.191941e+21 2.695625e+43
1.695000e-15 5.863327e+21 3.437860e+43
1.700000e-15 6.507114e+21 4.234254e+43
1.705000e-15 7.120864e+21 5.070670e+43
1.710000e-15 7.702267e+21 5.932491e+43
1.715000e-15 8.249155e+21 6.804856e+43
1.720000e-15 8.759508e+21 7.672898e+43
1.725000e-15 9.231460e+21 8.521985e+43
1.730000e-15 9.663309e+21 9.337954e+43
1.735000e-15 1.005352e+22 1.010733e+44
1.740000e-15 1.040074e+22 1.081753e+44
1.745000e-15 1.070377e+22 1.145707e+44
1.750000e-15 1.096163e+22 1.201574e+44
1.755000e-15 1.117350e+22 1.248472e+44
1.760000e-15 1.133877e+22 1.285676e+44
1.765000e-15 1.145699e+22 1.312625e+44
1.770000e-15 1.152792e+22 1.328930e+44
1.775000e-15 1.155153e+22 1.334378e+44
1.780000e-15 1.152795e+22 1.328935e+44
1.785000e-15 1.145751e+22 1.312745e+44
1.790000e-15 1.134074e+22 1.286124e+44
1.795000e-15 1.117834e+22 1.249553e+44
1.800000e-15 1.097121e+22 1.203674e+44
1.805000e-15 1.072040e+22 1.149270e+44
1.810000e-15 1.042716e+22 1.087256e+44
1.815000e-15 1.009289e+22 1.018664e+44
1.820000e-15 9.719152e+21 9.446192e+43
1.825000e-15 9.307673e+21 8.663277e+43
1.830000e-15 8.860314e+21 7.850516e+43
1.835000e-15 8.379078e+21 7.020895e+43
1.840000e-15 7.866097e+21 6.187549e+43
1.845000e-15 7.323624e+21 5.363547e+43
1.850000e-15 6.754020e+21 4.561678e+43
1.855000e-15 6.159748e+21 3.794249e+43
1.860000e-15 5.543361e+21 3.072885e+43
1.865000e-15 4.907491e+21 2.408347e+43
1.870000e-15 4.254838e+21 1.810364e+43
1.875000e-15 3.588159e+21 1.287488e+43
1.880000e-15 2.910256e+21 8.469591e+42
1.885000e-15 2.223966e+21 4.946027e+42
1.890000e-15 1.532148e+21 2.347478e+42
1.895000e-15 8.376697e+20 7.016905e+41
1.900000e-15 1.433987e+20 2.056318e+40
1.905000e-15 -5.478108e+20 3.000967e+41
1.910000e-15 -1.233129e+21 1.520608e+42
1.915000e-15 -1.909764e+21 3.647198e+42
1.920000e-15 -2.574969e+21 6.630464e+42
1.925000e-15 -3.226057e+21 1.040745e+43
1.930000e-15 -3.860412e+21 1.490278e+43
1.935000e-15 -4.475496e+21 2.003007e+43
1.940000e-15 -5.068862e+21 2.569336e+43
1.945000e-15 -5.638162e+21 3.178887e+43
1.950000e-15 -6.181158e+21 3.820672e+43
1.955000e-15 -6.695730e+21 4.483280e+43
1.960000e-15 -7.179882e+21 5.155071e+43
1.965000e-15 -7.631756e+21 5.824370e+43
1.970000e-15 -8.049631e+21 6.479656e+43
1.975000e-15 -8.431936e+21 7.109754e+43
1.980000e-15 -8.777252e+21 7.704015e+43
1.985000e-15 -9.084320e+21 8.252487e+43
1.990000e-15 -9.352044e+21 8.746073e+43
1.995000e-15 -9.579496e+21 9.176675e+43
2.000000e-15 -9.765918e+21 9.537314e+43
2.005000e-15 -9.910723e+21 9.822243e+43
2.010000e-15 -1.001350e+22 1.002702e+44
2.015000e-15 -1.007402e+22 1.014859e+44
2.020000e-15 -1.009222e+22 1.018529e+44
2.025000e-15 -1.006822e+22 1.013691e+44
2.030000e-15 -1.000231e+22 1.000462e+44
2.035000e-15 -9.894957e+21 9.791017e+43
2.040000e-15 -9.746793e+21 9.499997e+43
2.045000e-15 -9.558621e+21 9.136724e+43
2.050000e-15 -9.331407e+21 8.707515e+43
2.055000e-15 -9.066272e+21 8.219730e+43
2.060000e-15 -8.764495e+21 7.681636e+43
2.065000e-15 -8.427497e+21 7.102270e+43
2.070000e-15 -8.056843e+21 6.491271e+43
2.075000e-15 -7.654230e+21 5.858724e+43
2.080000e-15 -7.221484e+21 5.214984e+43
2.085000e-15 -6.760546e+21 4.570499e+43
2.090000e-15 -6.273468e+21 3.935640e+43
2.095000e-15 -5.762403e+21 3.320528e+43
2.100000e-15 -5.229593e+21 2.734864e+43
2.105000e-15 -4.677365e+21 2.187774e+43
2.110000e-15 -4.108115e+21 1.687661e+43
2.115000e-15 -3.524302e+21 1.242070e+43
2.120000e-15 -2.928435e+21 8.575731e+42
2.125000e-15 -2.323064e+21 5.396624e+42
2.130000e-15 -1.710767e+21 2.926723e+42
2.135000e-15 -1.094142e+21 1.197147e+42
2.140000e-15 -4.757943e+20 2.263803e+41
2.145000e-15 1.416741e+20 2.007155e+40
2.150000e-15 7.556756e+20 5.710456e+41
2.155000e-15 1.363647e+21 1.859534e+42
2.160000e-15 1.963062e+21 3.853611e+42
2.165000e-15 2.551437e+21 6.509832e+42
2.170000e-15 3.126349e+21 9.774058e+42
2.175000e-15 3.685438e+21 1.358245e+43
2.180000e-15 4.226420e+21 1.786263e+43
2.185000e-15 4.747098e+21 2.253494e+43
2.190000e-15 5.245366e+21 2.751387e+43
2.195000e-15 5.719224e+21 3.270952e+43
2.200000e-15 6.166779e+21 3.802917e+43
2.205000e-15 6.586259e+21 4.337881e+43
2.210000e-15 6.976015e+21 4.866478e+43
2.215000e-15 7.334529e+21 5.379532e+43
2.220000e-15 7.660423e+21 5.868208e+43
2.225000e-15 7.952459e+21 6.324161e+43
2.230000e-15 8.209548e+21 6.739669e+43
2.235000e-15 8.430752e+21 7.107759e+43
2.240000e-15 8.615288e+21 7.422319e+43
2.245000e-15 8.762529e+21 7.678192e+43
2.250000e-15 8.872010e+21 7.871255e+43
2.255000e-15 8.943424e+21 7.998483e+43
2.260000e-15 8.976629e+21 8.057987e+43
2.265000e-15 8.971643e+21 8.049038e+43
2.270000e-15 8.928645e+21 7.972070e+43
2.275000e-15 8.847974e+21 7.828664e+43
2.280000e-15 8.730126e+21 7.621510e+43
2.285000e-15 8.575753e+21 7.354354e+43
2.290000e-15 8.385659e+21 7.031928e+43
2.295000e-15 8.160795e+21 6.659857e+43
2.300000e-15 7.902255e+21 6.244564e+43
2.305000e-15 7.611273e+21 5.793148e+43
2.310000e-15 7.289213e+21 5.313263e+43
2.315000e-15 6.937567e+21 4.812983e+43
2.320000e-15 6.557945e+21 4.300665e+43
2.325000e-15 6.152072e+21 3.784799e+43
2.330000e-15 5.721774e+21 3.273869e+43
2.335000e-15 5.268975e+21 2.776210e+43
2.340000e-15 4.795689e+21 2.299863e+43
2.345000e-15 4.304006e+21 1.852446e+43
2.350000e-15 3.796087e+21 1.441027e+43
2.355000e-15 3.274155e+21 1.072009e+43
2.360000e-15 2.740482e+21 7.510243e+42
2.365000e-15 2.197384e+21 4.828495e+42
2.370000e-15 1.647205e+21 2.713284e+42
2.375000e-15 1.092312e+21 1.193146e+42
2.380000e-15 5.350840e+20 2.863149e+41
2.385000e-15 -2.210091e+19 4.884504e+38
2.390000e-15 -5.768726e+20 3.327820e+41
2.395000e-15 -1.126880e+21 1.269859e+42
2.400000e-15 -1.669802e+21 2.788238e+42
2.405000e-15 -2.203354e+21 4.854771e+42
2.410000e-15 -2.725303e+21 7.427277e+42
2.415000e-15 -3.233471e+21 1.045533e+43
2.420000e-15 -3.725746e+21 1.388119e+43
2.425000e-15 -4.200095e+21 1.764080e+43
2.430000e-15 -4.654565e+21 2.166498e+43
2.435000e-15 -5.087297e+21 2.588060e+43
2.440000e-15 -5.496531e+21 3.021185e+43
2.445000e-15 -5.880612e+21 3.458159e+43
2.450000e-15 -6.237999e+21 3.891263e+43
2.455000e-15 -6.567272e+21 4.312906e+43
2.460000e-15 -6.867133e+21 4.715751e+43
2.465000e-15 -7.136416e+21 5.092843e+43
2.470000e-15 -7.374089e+21 5.437719e+43
2.475000e-15 -7.579258e+21 5.744516e+43
2.480000e-15 -7.751172e+21 6.008067e+43
2.485000e-15 -7.889223e+21 6.223984e+43
2.490000e-15 -7.992951e+21 6.388726e+43
2.495000e-15 -8.062042e+21 6.499652e+43
2.500000e-15 -8.096333e+21 6.555061e+43
2.505000e-15 -8.095810e+21 6.554214e+43
2.510000e-15 -8.060606e+21 6.497336e+43
2.515000e-15 -7.991002e+21 6.385611e+43
2.520000e-15 -7.887426e+21 6.221149e+43
2.525000e-15 -7.750449e+21 6.006945e+43
2.530000e-15 -7.580781e+21 5.746824e+43
2.535000e-15 -7.379272e+21 5.445366e+43
2.540000e-15 -7.146904e+21 5.107823e+43
2.545000e-15 -6.884785e+21 4.740026e+43
2.550000e-15 -6.594149e+21 4.348280e+43
2.555000e-15 -6.276346e+21 3.939252e+43
2.560000e-15 -5.932839e+21 3.519858e+43
2.565000e-15 -5.565194e+21 3.097139e+43
2.570000e-15 -5.175076e+21 2.678141e+43
2.575000e-15 -4.764239e+21 2.269797e+43
2.580000e-15 -4.334520e+21 1.878806e+43
2.585000e-15 -3.887831e+21 1.511523e+43
2.590000e-15 -3.426149e+21 1.173850e+43
2.595000e-15 -2.951508e+21 8.711402e+42
2.600000e-15 -2.465993e+21 6.081121e+42
2.605000e-15 -1.971724e+21 3.887696e+42
2.610000e-15 -1.470855e+21 2.163414e+42
2.615000e-15 -9.655576e+20 9.323014e+41
2.620000e-15 -4.580172e+20 2.097798e+41
2.625000e-15 4.957982e+19 2.458158e+39
2.630000e-15 5.550544e+20 3.080854e+41
2.635000e-15 1.056244e+21 1.115651e+42
2.640000e-15 1.551012e+21 2.405638e+42
2.645000e-15 2.037257e+21 4.150415e+42
2.650000e-15 2.512920e+21 6.314768e+42
2.655000e-15 2.975997e+21 8.856558e+42
2.660000e-15 3.424542e+21 1.172749e+43
2.665000e-15 3.856681e+21 1.487399e+43
2.670000e-15 4.270614e+21 1.823815e+43
2.675000e-15 4.664628e+21 2.175875e+43
2.680000e-15 5.037098e+21 2.537236e+43
2.685000e-15 5.386501e+21 2.901440e+43
2.690000e-15 5.711416e+21 3.262027e+43
2.695000e-15 6.010530e+21 3.612648e+43
2.700000e-15 6.282651e+21 3.947170e+43
2.705000e-15 6.526701e+21 4.259782e+43
2.710000e-15 6.741729e+21 4.545091e+43
2.715000e-15 6.926913e+21 4.798213e+43
2.720000e-15 7.081560e+21 5.014849e+43
2.725000e-15 7.205111e+21 5.191363e+43
2.730000e-15 7.297144e+21 5.324831e+43
2.735000e-15 7.357372e+21 5.413092e+43
2.740000e-15 7.385646e+21 5.454777e+43
2.745000e-15 7.381957e+21 5.449329e+43
2.750000e-15 7.346431e+21 5.397004e+43
2.755000e-15 7.279331e+21 5.298866e+43
2.760000e-15 7.181056e+21 5.156757e+43
2.765000e-15 7.052138e+21 4.973265e+43
2.770000e-15 6.893237e+21 4.751672e+43
2.775000e-15 6.705142e+21 4.495893e+43
2.780000e-15 6.488765e+21 4.210407e+43
2.785000e-15 6.245134e+21 3.900170e+43
2.790000e-15 5.975394e+21 3.570534e+43
2.795000e-15 5.680798e+21 3.227147e+43
2.800000e-15 5.362701e+21 2.875856e+43
2.805000e-15 5.022555e+21 2.522606e+43
2.810000e-15 4.661903e+21 2.173334e+43
2.815000e-15 4.282370e+21 1.833869e+43
2.820000e-15 3.885657e+21 1.509833e+43
2.825000e-15 3.473536e+21 1.206545e+43
2.830000e-15 3.047836e+21 9.289307e+42
2.835000e-15 2.610442e+21 6.814407e+42
2.840000e-15 2.163280e+21 4.679780e+42
2.845000e-15 1.708314e+21 2.918336e+42
2.850000e-15 1.247534e+21 1.556342e+42
2.855000e-15 7.829503e+20 6.130112e+41
2.860000e-15 3.165811e+20 1.002236e+41
2.865000e-15 -1.495531e+20 2.236613e+40
2.870000e-15 -6.134397e+20 3.763083e+41
2.875000e-15 -1.073082e+21 1.151505e+42
2.880000e-15 -1.526509e+21 2.330230e+42
2.885000e-15 -1.971781e+21 3.887922e+42
2.890000e-15 -2.407003e+21 5.793662e+42
2.895000e-15 -2.830325e+21 8.010739e+42
2.900000e-15 -3.239958e+21 1.049733e+43
2.905000e-15 -3.634177e+21 1.320724e+43
2.910000e-15 -4.011327e+21 1.609075e+43
2.915000e-15 -4.369835e+21 1.909546e+43
2.920000e-15 -4.708212e+21 2.216726e+43
2.925000e-15 -5.025061e+21 2.525124e+43
2.930000e-15 -5.319082e+21 2.829263e+43
2.935000e-15 -5.589078e+21 3.123779e+43
2.940000e-15 -5.833960e+21 3.403509e+43
2.945000e-15 -6.052750e+21 3.663578e+43
2.950000e-15 -6.244587e+21 3.899487e+43
2.955000e-15 -6.408729e+21 4.107180e+43
2.960000e-15 -6.544555e+21 4.283119e+43
2.965000e-15 -6.651569e+21 4.424337e+43
2.970000e-15 -6.729401e+21 4.528484e+43
2.975000e-15 -6.777810e+21 4.593871e+43
2.980000e-15 -6.796680e+21 4.619486e+43
2.985000e-15 -6.786026e+21 4.605014e+43
2.990000e-15 -6.745987e+21 4.550834e+43
2.995000e-15 -6.676833e+21 4.458009e+43
3.000000e-15 -6.578955e+21 4.328265e+43
3.005000e-15 -6.452871e+21 4.163954e+43
3.010000e-15 -6.299215e+21 3.968011e+43
3.015000e-15 -6.118743e+21 3.743902e+43
3.020000e-15 -5.912321e+21 3.495554e+43
3.025000e-15 -5.680926e+21 3.227292e+43
3.030000e-15 -5.425640e+21 2.943757e+43
3.035000e-15 -5.147646e+21 2.649826e+43
3.040000e-15 -4.848219e+21 2.350523e+43
3.045000e-15 -4.528726e+21 2.050936e+43
3.050000e-15 -4.190614e+21 1.756124e+43
3.055000e-15 -3.835407e+21 1.471035e+43
3.060000e-15 -3.464700e+21 1.200415e+43
3.065000e-15 -3.080148e+21 9.487311e+42
3.070000e-15 -2.683461e+21 7.200965e+42
3.075000e-15 -2.276399e+21 5.181990e+42
3.080000e-15 -1.860757e+21 3.462416e+42
3.085000e-15 -1.438365e+21 2.068895e+42
3.090000e-15 -1.011077e+21 1.022277e+42
3.095000e-15 -5.807606e+20 3.372828e+41
3.100000e-15 -1.492912e+20 2.228788e+40
3.105000e-15 2.814556e+20 7.921727e+40
3.110000e-15 7.096138e+20 5.035517e+41
3.115000e-15 1.133334e+21 1.284446e+42
3.120000e-15 1.550791e+21 2.404954e+42
3.125000e-15 1.960194e+21 3.842362e+42
3.130000e-15 2.359791e+21 5.568616e+42
3.135000e-15 2.747879e+21 7.550838e+42
3.140000e-15 3.122808e+21 9.751928e+42
3.145000e-15 3.482992e+21 1.213123e+43
3.150000e-15 3.826913e+21 1.464526e+43
3.155000e-15 4.153128e+21 1.724847e+43
3.160000e-15 4.460275e+21 1.989405e+43
3.165000e-15 4.747080e+21 2.253477e+43
3.170000e-15 5.012359e+21 2.512374e+43
3.175000e-15 5.255027e+21 2.761531e+43
3.180000e-15 5.474098e+21 2.996575e+43
3.185000e-15 5.668694e+21 3.213409e+43
3.190000e-15 5.838044e+21 3.408276e+43
3.195000e-15 5.981489e+21 3.577821e+43
3.200000e-15 6.098484e+21 3.719150e+43
3.205000e-15 6.188602e+21 3.829879e+43
3.210000e-15 6.251532e+21 3.908165e+43
3.215000e-15 6.287084e+21 3.952742e+43
3.220000e-15 6.295185e+21 3.962935e+43
3.225000e-15 6.275883e+21 3.938671e+43
3.230000e-15 6.229345e+21 3.880473e+43
3.235000e-15 6.155854e+21 3.789454e+43
3.240000e-15 6.055811e+21 3.667284e+43
3.245000e-15 5.929730e+21 3.516169e+43
3.250000e-15 5.778236e+21 3.338802e+43
3.255000e-15 5.602066e+21 3.138314e+43
3.260000e-15 5.402057e+21 2.918222e+43
3.265000e-15 5.179151e+21 2.682360e+43
3.270000e-15 4.934384e+21 2.434815e+43
3.275000e-15 4.668886e+21 2.179849e+43
3.280000e-15 4.383872e+21 1.921833e+43
3.285000e-15 4.080640e+21 1.665162e+43
3.290000e-15 3.760561e+21 1.414182e+43
3.295000e-15 3.425078e+21 1.173116e+43
3.300000e-15 3.075695e+21 9.459900e+42
3.305000e-15 2.713972e+21 7.365645e+42
3.310000e-15 2.341519e+21 5.482712e+42
3.315000e-15 1.959987e+21 3.841550e+42
3.320000e-15 1.571063e+21 2.468238e+42
3.325000e-15 1.176459e+21 1.384055e+42
3.330000e-15 7.779085e+20 6.051416e+41
3.335000e-15 3.771573e+20 1.422477e+41
3.340000e-15 -2.404490e+19 5.781573e+38
3.345000e-15 -4.239515e+20 1.797349e+41
3.350000e-15 -8.208264e+20 6.737560e+41
3.355000e-15 -1.212952e+21 1.471252e+42
3.360000e-15 -1.598635e+21 2.555633e+42
3.365000e-15 -1.976216e+21 3.905431e+42
3.370000e-15 -2.344077e+21 5.494697e+42
3.375000e-15 -2.700644e+21 7.293476e+42
3.380000e-15 -3.044397e+21 9.268356e+42
3.385000e-15 -3.373879e+21 1.138306e+43
3.390000e-15 -3.687697e+21 1.359911e+43
3.395000e-15 -3.984529e+21 1.587647e+43
3.400000e-15 -4.263132e+21 1.817429e+43
3.405000e-15 -4.522346e+21 2.045162e+43
3.410000e-15 -4.761100e+21 2.266807e+43
3.415000e-15 -4.978411e+21 2.478457e+43
3.420000e-15 -5.173395e+21 2.676402e+43
3.425000e-15 -5.345268e+21 2.857189e+43
3.430000e-15 -5.493347e+21 3.017686e+43
3.435000e-15 -5.617056e+21 3.155131e+43
3.440000e-15 -5.715925e+21 3.267179e+43
3.445000e-15 -5.789594e+21 3.351940e+43
3.450000e-15 -5.837816e+21 3.408009e+43
3.455000e-15 -5.860452e+21 3.434489e+43
3.460000e-15 -5.857476e+21 3.431002e+43
3.465000e-15 -5.828974e+21 3.397693e+43
3.470000e-15 -5.775142e+21 3.335227e+43
3.475000e-15 -5.696288e+21 3.244770e+43
3.480000e-15 -5.592825e+21 3.127969e+43
3.485000e-15 -5.465274e+21 2.986921e+43
3.490000e-15 -5.314257e+21 2.824133e+43
3.495000e-15 -5.140500e+21 2.642474e+43
3.500000e-15 -4.944824e+21 2.445128e+43
3.505000e-15 -4.728142e+21 2.235533e+43
3.510000e-15 -4.491459e+21 2.017320e+43
3.515000e-15 -4.235860e+21 1.794251e+43
3.520000e-15 -3.962515e+21 1.570152e+43
3.525000e-15 -3.672662e+21 1.348845e+43
3.530000e-15 -3.367613e+21 1.134081e+43
3.535000e-15 -3.048738e+21 9.294801e+42
3.540000e-15 -2.717466e+21 7.384620e+42
3.545000e-15 -2.375275e+21 5.641934e+42
3.550000e-15 -2.023689e+21 4.095316e+42
3.555000e-15 -1.664264e+21 2.769776e+42
3.560000e-15 -1.298591e+21 1.686338e+42
3.565000e-15 -9.282795e+20 8.617028e+41
3.570000e-15 -5.549579e+20 3.079782e+41
3.575000e-15 -1.802618e+20 3.249431e+40
3.580000e-15 1.941713e+20 3.770251e+40
3.585000e-15 5.667096e+20 3.211598e+41
3.590000e-15 9.357339e+20 8.755979e+41
3.595000e-15 1.299645e+21 1.689076e+42
3.600000e-15 1.656869e+21 2.745216e+42
3.605000e-15 2.005868e+21 4.023508e+42
3.610000e-15 2.345142e+21 5.499692e+42
3.615000e-15 2.673238e+21 7.146203e+42
3.620000e-15 2.988756e+21 8.932662e+42
3.625000e-15 3.290354e+21 1.082643e+43
3.630000e-15 3.576754e+21 1.279317e+43
3.635000e-15 3.846750e+21 1.479748e+43
3.640000e-15 4.099207e+21 1.680350e+43
3.645000e-15 4.333073e+21 1.877552e+43
3.650000e-15 4.547378e+21 2.067864e+43
3.655000e-15 4.741240e+21 2.247935e+43
3.660000e-15 4.913869e+21 2.414611e+43
3.665000e-15 5.064569e+21 2.564986e+43
3.670000e-15 5.192743e+21 2.696458e+43
3.675000e-15 5.297892e+21 2.806766e+43
3.680000e-15 5.379620e+21 2.894031e+43
3.685000e-15 5.437633e+21 2.956785e+43
3.690000e-15 5.471742e+21 2.993996e+43
3.695000e-15 5.481863e+21 3.005082e+43
3.700000e-15 5.468016e+21 2.989920e+43
3.705000e-15 5.430327e+21 2.948845e+43
3.710000e-15 5.369022e+21 2.882640e+43
3.715000e-15 5.284435e+21 2.792525e+43
3.720000e-15 5.176995e+21 2.680128e+43
3.725000e-15 5.047234e+21 2.547457e+43
3.730000e-15 4.895777e+21 2.396863e+43
3.735000e-15 4.723344e+21 2.230998e+43
3.740000e-15 4.530743e+21 2.052763e+43
3.745000e-15 4.318868e+21 1.865262e+43
3.750000e-15 4.088697e+21 1.671744e+43
3.755000e-15 3.841282e+21 1.475545e+43
3.760000e-15 3.577749e+21 1.280029e+43
3.765000e-15 3.299293e+21 1.088533e+43
3.770000e-15 3.007168e+21 9.043056e+42
3.775000e-15 2.702685e+21 7.304507e+42
3.780000e-15 2.387208e+21 5.698761e+42
3.785000e-15 2.062142e+21 4.252431e+42
3.790000e-15 1.728933e+21 2.989210e+42
3.795000e-15 1.389057e+21 1.929480e+42
3.800000e-15 1.044016e+21 1.089970e+42
3.805000e-15 6.953304e+20 4.834844e+41
3.810000e-15 3.445324e+20 1.187026e+41
3.815000e-15 -6.840301e+18 4.678972e+37
3.820000e-15 -3.572514e+20 1.276286e+41
3.825000e-15 -7.051731e+20 4.972691e+41
3.830000e-15 -1.049092e+21 1.100594e+42
3.835000e-15 -1.387516e+21 1.925202e+42
3.840000e-15 -1.718982e+21 2.954901e+42
3.845000e-15 -2.042060e+21 4.170010e+42
3.850000e-15 -2.355360e+21 5.547721e+42
3.855000e-15 -2.657539e+21 7.062514e+42
3.860000e-15 -2.947306e+21 8.686611e+42
3.865000e-15 -3.223426e+21 1.039048e+43
3.870000e-15 -3.484730e+21 1.214334e+43
3.875000e-15 -3.730114e+21 1.391375e+43
3.880000e-15 -3.958546e+21 1.567009e+43
3.885000e-15 -4.169073e+21 1.738117e+43
3.890000e-15 -4.360820e+21 1.901675e+43
3.895000e-15 -4.532999e+21 2.054808e+43
3.900000e-15 -4.684907e+21 2.194835e+43
3.905000e-15 -4.815933e+21 2.319321e+43
3.910000e-15 -4.925557e+21 2.426111e+43
3.915000e-15 -5.013356e+21 2.513374e+43
3.920000e-15 -5.079002e+21 2.579626e+43
3.925000e-15 -5.122265e+21 2.623760e+43
3.930000e-15 -5.143012e+21 2.645058e+43
3.935000e-15 -5.141212e+21 2.643206e+43
3.940000e-15 -5.116928e+21 2.618296e+43
3.945000e-15 -5.070326e+21 2.570820e+43
3.950000e-15 -5.001665e+21 2.501665e+43
3.955000e-15 -4.911301e+21 2.412088e+43
3.960000e-15 -4.799685e+21 2.303698e+43
3.965000e-15 -4.667359e+21 2.178424e+43
3.970000e-15 -4.514953e+21 2.038480e+43
3.975000e-15 -4.343186e+21 1.886326e+43
3.980000e-15 -4.152856e+21 1.724621e+43
3.985000e-15 -3.944843e+21 1.556179e+43
3.990000e-15 -3.720102e+21 1.383916e+43
3.995000e-15 -3.479656e+21 1.210801e+43
4.000000e-15 -3.224598e+21 1.039803e+43
4.005000e-15 -2.956078e+21 8.738399e+42
4.010000e-15 -2.675306e+21 7.157261e+42
4.015000e-15 -2.383539e+21 5.681257e+42
4.020000e-15 -2.082081e+21 4.335061e+42
4.025000e-15 -1.772275e+21 3.140958e+42
4.030000e-15 -1.455496e+21 2.118469e+42
4.035000e-15 -1.133148e+21 1.284024e+42
4.040000e-15 -8.066536e+20 6.506900e+41
4.045000e-15 -4.774517e+20 2.279601e+41
4.050000e-15 -1.469889e+20 2.160573e+40
4.055000e-15 1.832864e+20 3.359389e+40
4.060000e-15 5.119298e+20 2.620721e+41
4.065000e-15 8.375080e+20 7.014197e+41
4.070000e-15 1.158604e+21 1.342364e+42
4.075000e-15 1.473825e+21 2.172161e+42
4.080000e-15 1.781806e+21 3.174834e+42
4.085000e-15 2.081218e+21 4.331469e+42
4.090000e-15 2.370772e+21 5.620560e+42
4.095000e-15 2.649226e+21 7.018396e+42
4.100000e-15 2.915388e+21 8.499485e+42
4.105000e-15 3.168124e+21 1.003701e+43
4.110000e-15 3.406362e+21 1.160330e+43
4.115000e-15 3.629095e+21 1.317033e+43
4.120000e-15 3.835386e+21 1.471019e+43
4.125000e-15 4.024373e+21 1.619558e+43
4.130000e-15 4.195271e+21 1.760030e+43
4.135000e-15 4.347377e+21 1.889968e+43
4.140000e-15 4.480070e+21 2.007103e+43
4.145000e-15 4.592818e+21 2.109398e+43
4.150000e-15 4.685176e+21 2.195087e+43
4.155000e-15 4.756788e+21 2.262703e+43
4.160000e-15 4.807393e+21 2.311103e+43
4.165000e-15 4.836819e+21 2.339482e+43
4.170000e-15 4.844989e+21 2.347392e+43
4.175000e-15 4.831919e+21 2.334744e+43
4.180000e-15 4.797718e+21 2.301810e+43
4.185000e-15 4.742585e+21 2.249212e+43
4.190000e-15 4.666814e+21 2.177915e+43
4.195000e-15 4.570785e+21 2.089208e+43
4.200000e-15 4.454968e+21 1.984674e+43
4.205000e-15 4.319917e+21 1.866168e+43
4.210000e-15 4.166270e+21 1.735780e+43
4.215000e-15 3.994743e+21 1.595797e+43
4.220000e-15 3.806132e+21 1.448664e+43
4.225000e-15 3.601301e+21 1.296937e+43
4.230000e-15 3.381188e+21 1.143243e+43
4.235000e-15 3.146792e+21 9.902297e+42
4.240000e-15 2.899173e+21 8.405204e+42
4.245000e-15 2.639448e+21 6.966684e+42
4.250000e-15 2.368782e+21 5.611127e+42
4.255000e-15 2.088386e+21 4.361357e+42
4.260000e-15 1.799512e+21 3.238245e+42
4.265000e-15 1.503445e+21 2.260348e+42
4.270000e-15 1.201498e+21 1.443598e+42
4.275000e-15 8.950077e+20 8.010387e+41
4.280000e-15 5.853265e+20 3.426071e+41
4.285000e-15 2.738185e+20 7.497659e+40
4.290000e-15 -3.814762e+19 1.455241e+39
4.295000e-15 -3.492045e+20 1.219438e+41
4.300000e-15 -6.579920e+20 4.329535e+41
4.305000e-15 -9.631628e+20 9.276826e+41
4.310000e-15 -1.263389e+21 1.596151e+42
4.315000e-15 -1.557367e+21 2.425390e+42
4.320000e-15 -1.843823e+21 3.399683e+42
4.325000e-15 -2.121521e+21 4.500850e+42
4.330000e-15 -2.389264e+21 5.708581e+42
4.335000e-15 -2.645902e+21 7.000800e+42
4.340000e-15 -2.890339e+21 8.354057e+42
4.345000e-15 -3.121530e+21 9.743947e+42
4.350000e-15 -3.338493e+21 1.114554e+43
4.355000e-15 -3.540312e+21 1.253381e+43
4.360000e-15 -3.726138e+21 1.388410e+43
4.365000e-15 -3.895192e+21 1.517252e+43
4.370000e-15 -4.046773e+21 1.637637e+43
4.375000e-15 -4.180258e+21 1.747456e+43
4.380000e-15 -4.295103e+21 1.844791e+43
4.385000e-15 -4.390848e+21 1.927954e+43
4.390000e-15 -4.467117e+21 1.995513e+43
4.395000e-15 -4.523621e+21 2.046315e+43
4.400000e-15 -4.560158e+21 2.079504e+43
4.405000e-15 -4.576614e+21 2.094539e+43
4.410000e-15 -4.572962e+21 2.091198e+43
4.415000e-15 -4.549264e+21 2.069580e+43
4.420000e-15 -4.505670e+21 2.030107e+43
4.425000e-15 -4.442417e+21 1.973507e+43
4.430000e-15 -4.359827e+21 1.900809e+43
4.435000e-15 -4.258305e+21 1.813316e+43
4.440000e-15 -4.138340e+21 1.712586e+43
4.445000e-15 -4.000499e+21 1.600399e+43
4.450000e-15 -3.845427e+21 1.478731e+43
4.455000e-15 -3.673844e+21 1.349713e+43
4.460000e-15 -3.486538e+21 1.215595e+43
4.465000e-15 -3.284366e+21 1.078706e+43
4.470000e-15 -3.068248e+21 9.414148e+42
4.475000e-15 -2.839163e+21 8.060849e+42
4.480000e-15 -2.598145e+21 6.750357e+42
4.485000e-15 -2.346276e+21 5.505012e+42
4.490000e-15 -2.084686e+21 4.345917e+42
4.495000e-15 -1.814543e+21 3.292568e+42
4.500000e-15 -1.537051e+21 2.362527e+42
4.505000e-15 -1.253443e+21 1.571121e+42
4.510000e-15 -9.649767e+20 9.311800e+41
4.515000e-15 -6.729268e+20 4.528305e+41
4.520000e-15 -3.785825e+20 1.433247e+41
4.525000e-15 -8.323939e+19 6.928797e+39
4.530000e-15 2.118050e+20 4.486137e+40
4.535000e-15 5.052576e+20 2.552853e+41
4.540000e-15 7.958351e+20 6.333535e+41
4.545000e-15 1.082269e+21 1.171307e+42
4.550000e-15 1.363314e+21 1.858624e+42
4.555000e-15 1.637747e+21 2.682216e+42
4.560000e-15 1.904381e+21 3.626666e+42
4.565000e-15 2.162063e+21 4.674515e+42
4.570000e-15 2.409682e+21 5.806567e+42
4.575000e-15 2.646175e+21 7.002242e+42
4.580000e-15 2.870529e+21 8.239935e+42
4.585000e-15 3.081786e+21 9.497403e+42
4.590000e-15 3.279048e+21 1.075216e+43
4.595000e-15 3.461481e+21 1.198185e+43
4.600000e-15 3.628317e+21 1.316469e+43
4.605000e-15 3.778858e+21 1.427977e+43
4.610000e-15 3.912480e+21 1.530750e+43
4.615000e-15 4.028632e+21 1.622988e+43
4.620000e-15 4.126844e+21 1.703084e+43
4.625000e-15 4.206723e+21 1.769651e+43
4.630000e-15 4.267958e+21 1.821547e+43
4.635000e-15 4.310323e+21 1.857888e+43
4.640000e-15 4.333670e+21 1.878070e+43
4.645000e-15 4.337940e+21 1.881773e+43
4.650000e-15 4.323155e+21 1.868967e+43
4.655000e-15 4.289421e+21 1.839913e+43
4.660000e-15 4.236925e+21 1.795154e+43
4.665000e-15 4.165941e+21 1.735506e+43
4.670000e-15 4.076817e+21 1.662044e+43
4.675000e-15 3.969985e+21 1.576078e+43
4.680000e-15 3.845952e+21 1.479135e+43
4.685000e-15 3.705298e+21 1.372923e+43
4.690000e-15 3.548676e+21 1.259310e+43
4.695000e-15 3.376808e+21 1.140283e+43
4.700000e-15 3.190481e+21 1.017917e+43
4.705000e-15 2.990543e+21 8.943346e+42
4.710000e-15 2.777900e+21 7.716731e+42
4.715000e-15 2.553514e+21 6.520434e+42
4.720000e-15 2.318394e+21 5.374950e+42
4.725000e-15 2.073594e+21 4.299793e+42
4.730000e-15 1.820210e+21 3.313166e+42
4.735000e-15 1.559373e+21 2.431643e+42
4.740000e-15 1.292242e+21 1.669890e+42
4.745000e-15 1.020004e+21 1.040409e+42
4.750000e-15 7.438656e+20 5.533361e+41
4.755000e-15 4.650462e+20 2.162680e+41
4.760000e-15 1.847758e+20 3.414210e+40
4.765000e-15 -9.571196e+19 9.160779e+39
4.770000e-15 -3.751852e+20 1.407639e+41
4.775000e-15 -6.524189e+20 4.256504e+41
4.780000e-15 -9.262005e+20 8.578474e+41
4.785000e-15 -1.195335e+21 1.428826e+42
4.790000e-15 -1.458651e+21 2.127662e+42
4.795000e-15 -1.715003e+21 2.941236e+42
4.800000e-15 -1.963281e+21 3.854472e+42
4.805000e-15 -2.202411e+21 4.850615e+42
4.810000e-15 -2.431362e+21 5.911522e+42
4.815000e-15 -2.649150e+21 7.017994e+42
4.820000e-15 -2.854841e+21 8.150115e+42
4.825000e-15 -3.047556e+21 9.287600e+42
4.830000e-15 -3.226477e+21 1.041016e+43
4.835000e-15 -3.390846e+21 1.149784e+43
4.840000e-15 -3.539971e+21 1.253140e+43
4.845000e-15 -3.673229e+21 1.349261e+43
4.850000e-15 -3.790065e+21 1.436460e+43
4.855000e-15 -3.890002e+21 1.513212e+43
4.860000e-15 -3.972635e+21 1.578183e+43
4.865000e-15 -4.037635e+21 1.630250e+43
4.870000e-15 -4.084754e+21 1.668522e+43
4.875000e-15 -4.113822e+21 1.692353e+43
4.880000e-15 -4.124746e+21 1.701353e+43
4.885000e-15 -4.117517e+21 1.695394e+43
4.890000e-15 -4.092202e+21 1.674612e+43
4.895000e-15 -4.048950e+21 1.639400e+43
4.900000e-15 -3.987987e+21 1.590404e+43
4.905000e-15 -3.909617e+21 1.528510e+43
4.910000e-15 -3.814219e+21 1.454827e+43
4.915000e-15 -3.702247e+21 1.370663e+43
4.920000e-15 -3.574226e+21 1.277510e+43
4.925000e-15 -3.430752e+21 1.177006e+43
4.930000e-15 -3.272485e+21 1.070916e+43
4.935000e-15 -3.100152e+21 9.610941e+42
4.940000e-15 -2.914537e+21 8.494523e+42
4.945000e-15 -2.716482e+21 7.379275e+42
4.950000e-15 -2.506884e+21 6.284467e+42
4.955000e-15 -2.286686e+21 5.228932e+42
4.960000e-15 -2.056877e+21 4.230743e+42
4.965000e-15 -1.818487e+21 3.306894e+42
4.970000e-15 -1.572580e+21 2.473007e+42
4.975000e-15 -1.320252e+21 1.743064e+42
4.980000e-15 -1.062625e+21 1.129171e+42
4.985000e-15 -8.008412e+20 6.413466e+41
4.990000e-15 -5.360606e+20 2.873610e+41
4.995000e-15 -2.694527e+20 7.260473e+40
5.000000e-15 -2.192870e+18 4.808677e+36
