0.000000e+00 nan nan
5.000000e-18 1.577654e+05 2.488992e+10
1.000000e-17 2.019304e+07 4.077588e+14
1.500000e-17 3.449904e+08 1.190184e+17
2.000000e-17 2.584231e+09 6.678250e+18
2.500000e-17 1.232086e+10 1.518037e+20
3.000000e-17 4.414040e+10 1.948375e+21
3.500000e-17 1.298305e+11 1.685597e+22
4.000000e-17 3.305370e+11 1.092547e+23
4.500000e-17 7.536573e+11 5.679994e+23
5.000000e-17 1.575249e+12 2.481409e+24
5.500000e-17 3.068721e+12 9.417048e+24
6.000000e-17 5.640574e+12 3.181608e+25
6.500000e-17 9.873945e+12 9.749478e+25
7.000000e-17 1.658069e+13 2.749194e+26
7.500000e-17 2.686278e+13 7.216092e+26
8.000000e-17 4.218368e+13 1.779463e+27
8.500000e-17 6.445045e+13 4.153861e+27
9.000000e-17 9.610735e+13 9.236622e+27
9.500000e-17 1.402414e+14 1.966766e+28
1.000000e-16 2.007011e+14 4.028094e+28
1.050000e-16 2.822280e+14 7.965264e+28
1.100000e-16 3.906030e+14 1.525707e+29
1.150000e-16 5.328070e+14 2.838833e+29
1.200000e-16 7.171973e+14 5.143719e+29
1.250000e-16 9.536991e+14 9.095420e+29
1.300000e-16 1.254015e+15 1.572553e+30
1.350000e-16 1.631849e+15 2.662932e+30
1.400000e-16 2.103153e+15 4.423251e+30
1.450000e-16 2.686383e+15 7.216656e+30
1.500000e-16 3.402787e+15 1.157896e+31
1.550000e-16 4.276695e+15 1.829012e+31
1.600000e-16 5.335844e+15 2.847123e+31
1.650000e-16 6.611716e+15 4.371479e+31
1.700000e-16 8.139897e+15 6.625792e+31
1.750000e-16 9.960452e+15 9.921061e+31
1.800000e-16 1.211834e+16 1.468541e+32
1.850000e-16 1.466381e+16 2.150272e+32
1.900000e-16 1.765287e+16 3.116239e+32
1.950000e-16 2.114776e+16 4.472279e+32
2.000000e-16 2.521741e+16 6.359179e+32
2.050000e-16 2.993797e+16 8.962822e+32
2.100000e-16 3.539334e+16 1.252689e+33
2.150000e-16 4.167574e+16 1.736867e+33
2.200000e-16 4.888625e+16 2.389866e+33
2.250000e-16 5.713548e+16 3.264463e+33
2.300000e-16 6.654412e+16 4.428120e+33
2.350000e-16 7.724365e+16 5.966582e+33
2.400000e-16 8.937699e+16 7.988246e+33
2.450000e-16 1.030992e+17 1.062944e+34
2.500000e-16 1.185781e+17 1.406076e+34
2.550000e-16 1.359953e+17 1.849471e+34
2.600000e-16 1.555465e+17 2.419473e+34
2.650000e-16 1.774429e+17 3.148599e+34
2.700000e-16 2.019114e+17 4.076821e+34
2.750000e-16 2.291957e+17 5.253067e+34
2.800000e-16 2.595573e+17 6.736997e+34
2.850000e-16 2.932760e+17 8.601082e+34
2.900000e-16 3.306513e+17 1.093303e+35
2.950000e-16 3.720029e+17 1.383862e+35
3.000000e-16 4.176718e+17 1.744497e+35
3.050000e-16 4.680211e+17 2.190438e+35
3.100000e-16 5.234375e+17 2.739868e+35
3.150000e-16 5.843317e+17 3.414435e+35
3.200000e-16 6.511395e+17 4.239827e+35
3.250000e-16 7.243234e+17 5.246443e+35
3.300000e-16 8.043729e+17 6.470157e+35
3.350000e-16 8.918060e+17 7.953180e+35
3.400000e-16 9.871705e+17 9.745056e+35
3.450000e-16 1.091045e+18 1.190378e+36
3.500000e-16 1.204038e+18 1.449708e+36
3.550000e-16 1.326794e+18 1.760382e+36
3.600000e-16 1.459989e+18 2.131568e+36
3.650000e-16 1.604336e+18 2.573894e+36
3.700000e-16 1.760583e+18 3.099651e+36
3.750000e-16 1.929516e+18 3.723030e+36
3.800000e-16 2.111960e+18 4.460373e+36
3.850000e-16 2.308780e+18 5.330463e+36
3.900000e-16 2.520882e+18 6.354846e+36
3.950000e-16 2.749215e+18 7.558184e+36
4.000000e-16 2.994771e+18 8.968656e+36
4.050000e-16 3.258588e+18 1.061840e+37
4.100000e-16 3.541749e+18 1.254399e+37
4.150000e-16 3.845384e+18 1.478698e+37
4.200000e-16 4.170674e+18 1.739452e+37
4.250000e-16 4.518847e+18 2.041998e+37
4.300000e-16 4.891186e+18 2.392370e+37
4.350000e-16 5.289021e+18 2.797375e+37
4.400000e-16 5.713742e+18 3.264685e+37
4.450000e-16 6.166789e+18 3.802929e+37
4.500000e-16 6.649661e+18 4.421799e+37
4.550000e-16 7.163912e+18 5.132164e+37
4.600000e-16 7.711159e+18 5.946197e+37
4.650000e-16 8.293074e+18 6.877508e+37
4.700000e-16 8.911394e+18 7.941294e+37
4.750000e-16 9.567915e+18 9.154500e+37
4.800000e-16 1.026450e+19 1.053600e+38
4.850000e-16 1.100307e+19 1.210676e+38
4.900000e-16 1.178563e+19 1.389011e+38
4.950000e-16 1.261423e+19 1.591187e+38
5.000000e-16 1.349099e+19 1.820068e+38
5.050000e-16 1.441812e+19 2.078822e+38
5.100000e-16 1.539788e+19 2.370947e+38
5.150000e-16 1.643261e+19 2.700308e+38
5.200000e-16 1.752473e+19 3.071161e+38
5.250000e-16 1.867671e+19 3.488195e+38
5.300000e-16 1.989112e+19 3.956567e+38
5.350000e-16 2.117059e+19 4.481940e+38
5.400000e-16 2.251784e+19 5.070531e+38
5.450000e-16 2.393565e+19 5.729154e+38
5.500000e-16 2.542690e+19 6.465270e+38
5.550000e-16 2.699452e+19 7.287041e+38
5.600000e-16 2.864155e+19 8.203384e+38
5.650000e-16 3.037110e+19 9.224036e+38
5.700000e-16 3.218635e+19 1.035961e+39
5.750000e-16 3.409059e+19 1.162168e+39
5.800000e-16 3.608715e+19 1.302283e+39
5.850000e-16 3.817950e+19 1.457674e+39
5.900000e-16 4.037114e+19 1.629829e+39
5.950000e-16 4.266569e+19 1.820361e+39
6.000000e-16 4.506684e+19 2.031020e+39
6.050000e-16 4.757837e+19 2.263702e+39
6.100000e-16 5.020416e+19 2.520457e+39
6.150000e-16 5.294815e+19 2.803506e+39
6.200000e-16 5.581438e+19 3.115245e+39
6.250000e-16 5.880698e+19 3.458261e+39
6.300000e-16 6.193018e+19 3.835347e+39
6.350000e-16 6.518826e+19 4.249509e+39
6.400000e-16 6.858563e+19 4.703989e+39
6.450000e-16 7.212676e+19 5.202270e+39
6.500000e-16 7.581622e+19 5.748100e+39
6.550000e-16 7.965867e+19 6.345504e+39
6.600000e-16 8.365885e+19 6.998803e+39
6.650000e-16 8.782159e+19 7.712631e+39
6.700000e-16 9.215180e+19 8.491955e+39
6.750000e-16 9.665450e+19 9.342093e+39
6.800000e-16 1.013348e+20 1.026874e+40
6.850000e-16 1.061978e+20 1.127797e+40
6.900000e-16 1.112489e+20 1.237631e+40
6.950000e-16 1.164933e+20 1.357068e+40
7.000000e-16 1.219365e+20 1.486851e+40
7.050000e-16 1.275840e+20 1.627769e+40
7.100000e-16 1.334415e+20 1.780664e+40
7.150000e-16 1.395146e+20 1.946432e+40
7.200000e-16 1.458090e+20 2.126027e+40
7.250000e-16 1.523307e+20 2.320464e+40
7.300000e-16 1.590855e+20 2.530820e+40
7.350000e-16 1.660795e+20 2.758239e+40
7.400000e-16 1.733187e+20 3.003936e+40
7.450000e-16 1.808093e+20 3.269199e+40
7.500000e-16 1.885575e+20 3.555391e+40
7.550000e-16 1.965696e+20 3.863960e+40
7.600000e-16 2.048520e+20 4.196435e+40
7.650000e-16 2.134112e+20 4.554434e+40
7.700000e-16 2.222536e+20 4.939668e+40
7.750000e-16 2.313859e+20 5.353945e+40
7.800000e-16 2.408147e+20 5.799173e+40
7.850000e-16 2.505467e+20 6.277365e+40
7.900000e-16 2.605887e+20 6.790646e+40
7.950000e-16 2.709475e+20 7.341252e+40
8.000000e-16 2.816299e+20 7.931542e+40
8.050000e-16 2.926430e+20 8.563995e+40
8.100000e-16 3.039938e+20 9.241222e+40
8.150000e-16 3.156892e+20 9.965967e+40
8.200000e-16 3.277364e+20 1.074111e+41
8.250000e-16 3.401425e+20 1.156969e+41
8.300000e-16 3.529147e+20 1.245488e+41
8.350000e-16 3.660602e+20 1.340001e+41
8.400000e-16 3.795863e+20 1.440858e+41
8.450000e-16 3.935003e+20 1.548425e+41
8.500000e-16 4.078094e+20 1.663085e+41
8.550000e-16 4.225211e+20 1.785241e+41
8.600000e-16 4.376428e+20 1.915312e+41
8.650000e-16 4.531817e+20 2.053737e+41
8.700000e-16 4.691454e+20 2.200974e+41
8.750000e-16 4.855414e+20 2.357504e+41
8.800000e-16 5.023769e+20 2.523826e+41
8.850000e-16 5.196596e+20 2.700461e+41
8.900000e-16 5.373968e+20 2.887954e+41
8.950000e-16 5.555961e+20 3.086871e+41
9.000000e-16 5.742649e+20 3.297802e+41
9.050000e-16 5.934107e+20 3.521363e+41
9.100000e-16 6.130409e+20 3.758192e+41
9.150000e-16 6.331631e+20 4.008955e+41
9.200000e-16 6.537845e+20 4.274341e+41
9.250000e-16 6.749126e+20 4.555070e+41
9.300000e-16 6.965548e+20 4.851886e+41
9.350000e-16 7.187185e+20 5.165563e+41
9.400000e-16 7.414110e+20 5.496902e+41
9.450000e-16 7.646395e+20 5.846736e+41
9.500000e-16 7.884114e+20 6.215925e+41
9.550000e-16 8.127337e+20 6.605361e+41
9.600000e-16 8.376138e+20 7.015968e+41
9.650000e-16 8.630586e+20 7.448701e+41
9.700000e-16 8.890752e+20 7.904547e+41
9.750000e-16 9.156706e+20 8.384527e+41
9.800000e-16 9.428518e+20 8.889694e+41
9.850000e-16 9.706254e+20 9.421137e+41
9.900000e-16 9.989984e+20 9.979978e+41
9.950000e-16 1.027977e+21 1.056738e+42
1.000000e-15 1.057569e+21 1.118452e+42
1.005000e-15 1.087780e+21 1.183265e+42
1.010000e-15 1.118616e+21 1.251301e+42
1.015000e-15 1.150084e+21 1.322693e+42
1.020000e-15 1.182190e+21 1.397573e+42
1.025000e-15 1.214940e+21 1.476080e+42
1.030000e-15 1.248341e+21 1.558354e+42
1.035000e-15 1.282397e+21 1.644542e+42
1.040000e-15 1.317115e+21 1.734792e+42
1.045000e-15 1.352500e+21 1.829257e+42
1.050000e-15 1.388559e+21 1.928095e+42
1.055000e-15 1.425295e+21 2.031466e+42
1.060000e-15 1.462715e+21 2.139535e+42
1.065000e-15 1.500823e+21 2.252471e+42
1.070000e-15 1.539625e+21 2.370445e+42
1.075000e-15 1.579125e+21 2.493635e+42
1.080000e-15 1.619327e+21 2.622220e+42
1.085000e-15 1.660236e+21 2.756385e+42
1.090000e-15 1.701857e+21 2.896317e+42
1.095000e-15 1.744193e+21 3.042209e+42
1.100000e-15 1.787248e+21 3.194256e+42
1.105000e-15 1.831026e+21 3.352657e+42
1.110000e-15 1.875531e+21 3.517615e+42
1.115000e-15 1.920765e+21 3.689337e+42
1.120000e-15 1.966731e+21 3.868033e+42
1.125000e-15 2.013434e+21 4.053916e+42
1.130000e-15 2.060875e+21 4.247204e+42
1.135000e-15 2.109056e+21 4.448118e+42
1.140000e-15 2.157981e+21 4.656880e+42
1.145000e-15 2.207650e+21 4.873718e+42
1.150000e-15 2.258066e+21 5.098862e+42
1.155000e-15 2.309230e+21 5.332545e+42
1.160000e-15 2.361144e+21 5.575003e+42
1.165000e-15 2.413809e+21 5.826474e+42
1.170000e-15 2.467225e+21 6.087199e+42
1.175000e-15 2.521393e+21 6.357422e+42
1.180000e-15 2.576313e+21 6.637388e+42
1.185000e-15 2.631985e+21 6.927347e+42
1.190000e-15 2.688410e+21 7.227546e+42
1.195000e-15 2.745585e+21 7.538239e+42
1.200000e-15 2.803512e+21 7.859679e+42
1.205000e-15 2.862188e+21 8.192120e+42
1.210000e-15 2.921612e+21 8.535818e+42
1.215000e-15 2.981783e+21 8.891030e+42
1.220000e-15 3.042699e+21 9.258015e+42
1.225000e-15 3.104357e+21 9.637030e+42
1.230000e-15 3.166754e+21 1.002833e+43
1.235000e-15 3.229889e+21 1.043218e+43
1.240000e-15 3.293758e+21 1.084884e+43
1.245000e-15 3.358357e+21 1.127856e+43
1.250000e-15 3.423683e+21 1.172161e+43
1.255000e-15 3.489732e+21 1.217823e+43
1.260000e-15 3.556499e+21 1.264868e+43
1.265000e-15 3.623979e+21 1.313322e+43
1.270000e-15 3.692168e+21 1.363210e+43
1.275000e-15 3.761060e+21 1.414557e+43
1.280000e-15 3.830649e+21 1.467387e+43
1.285000e-15 3.900930e+21 1.521725e+43
1.290000e-15 3.971896e+21 1.577595e+43
1.295000e-15 4.043540e+21 1.635021e+43
1.300000e-15 4.115855e+21 1.694026e+43
1.305000e-15 4.188834e+21 1.754633e+43
1.310000e-15 4.262469e+21 1.816865e+43
1.315000e-15 4.336753e+21 1.880743e+43
1.320000e-15 4.411676e+21 1.946289e+43
1.325000e-15 4.487230e+21 2.013524e+43
1.330000e-15 4.563406e+21 2.082468e+43
1.335000e-15 4.640195e+21 2.153141e+43
1.340000e-15 4.717585e+21 2.225561e+43
1.345000e-15 4.795569e+21 2.299748e+43
1.350000e-15 4.874134e+21 2.375718e+43
1.355000e-15 4.953270e+21 2.453488e+43
1.360000e-15 5.032966e+21 2.533075e+43
1.365000e-15 5.113210e+21 2.614492e+43
1.370000e-15 5.193991e+21 2.697754e+43
1.375000e-15 5.275295e+21 2.782874e+43
1.380000e-15 5.357111e+21 2.869864e+43
1.385000e-15 5.439425e+21 2.958734e+43
1.390000e-15 5.522224e+21 3.049496e+43
1.395000e-15 5.605495e+21 3.142157e+43
1.400000e-15 5.689223e+21 3.236725e+43
1.405000e-15 5.773393e+21 3.333207e+43
1.410000e-15 5.857992e+21 3.431607e+43
1.415000e-15 5.943004e+21 3.531930e+43
1.420000e-15 6.028414e+21 3.634177e+43
1.425000e-15 6.114205e+21 3.738351e+43
1.430000e-15 6.200362e+21 3.844449e+43
1.435000e-15 6.286869e+21 3.952472e+43
1.440000e-15 6.373707e+21 4.062414e+43
1.445000e-15 6.460861e+21 4.174273e+43
1.450000e-15 6.548313e+21 4.288040e+43
1.455000e-15 6.636045e+21 4.403709e+43
1.460000e-15 6.724039e+21 4.521269e+43
1.465000e-15 6.812276e+21 4.640710e+43
1.470000e-15 6.900737e+21 4.762017e+43
1.475000e-15 6.989404e+21 4.885177e+43
1.480000e-15 7.078258e+21 5.010173e+43
1.485000e-15 7.167277e+21 5.136986e+43
1.490000e-15 7.256443e+21 5.265597e+43
1.495000e-15 7.345735e+21 5.395982e+43
1.500000e-15 7.435132e+21 5.528119e+43
1.505000e-15 7.524614e+21 5.661982e+43
1.510000e-15 7.614159e+21 5.797542e+43
1.515000e-15 7.703746e+21 5.934770e+43
1.520000e-15 7.793352e+21 6.073634e+43
1.525000e-15 7.882957e+21 6.214100e+43
1.530000e-15 7.972536e+21 6.356134e+43
1.535000e-15 8.062069e+21 6.499696e+43
1.540000e-15 8.151532e+21 6.644748e+43
1.545000e-15 8.240902e+21 6.791247e+43
1.550000e-15 8.330156e+21 6.939149e+43
1.555000e-15 8.419269e+21 7.088410e+43
1.560000e-15 8.508219e+21 7.238979e+43
1.565000e-15 8.596981e+21 7.390809e+43
1.570000e-15 8.685531e+21 7.543845e+43
1.575000e-15 8.773845e+21 7.698035e+43
1.580000e-15 8.861897e+21 7.853322e+43
1.585000e-15 8.949663e+21 8.009647e+43
1.590000e-15 9.037118e+21 8.166950e+43
1.595000e-15 9.124236e+21 8.325169e+43
1.600000e-15 9.210993e+21 8.484238e+43
1.605000e-15 9.297362e+21 8.644093e+43
1.610000e-15 9.383317e+21 8.804664e+43
1.615000e-15 9.468834e+21 8.965881e+43
1.620000e-15 9.553885e+21 9.127672e+43
1.625000e-15 9.638445e+21 9.289962e+43
1.630000e-15 9.722487e+21 9.452675e+43
1.635000e-15 9.805984e+21 9.615733e+43
1.640000e-15 9.888911e+21 9.779056e+43
1.645000e-15 9.971240e+21 9.942564e+43
1.650000e-15 1.005295e+22 1.010617e+44
1.655000e-15 1.013400e+22 1.026980e+44
1.660000e-15 1.021438e+22 1.043335e+44
1.665000e-15 1.029405e+22 1.059674e+44
1.670000e-15 1.037299e+22 1.075988e+44
1.675000e-15 1.045117e+22 1.092269e+44
1.680000e-15 1.052856e+22 1.108506e+44
1.685000e-15 1.060514e+22 1.124690e+44
1.690000e-15 1.068088e+22 1.140812e+44
1.695000e-15 1.075575e+22 1.156862e+44
1.700000e-15 1.082973e+22 1.172831e+44
1.705000e-15 1.090279e+22 1.188708e+44
1.710000e-15 1.097489e+22 1.204483e+44
1.715000e-15 1.104602e+22 1.220147e+44
1.720000e-15 1.111615e+22 1.235688e+44
1.725000e-15 1.118525e+22 1.251098e+44
1.730000e-15 1.125329e+22 1.266365e+44
1.735000e-15 1.132024e+22 1.281479e+44
1.740000e-15 1.138609e+22 1.296431e+44
1.745000e-15 1.145080e+22 1.311208e+44
1.750000e-15 1.151434e+22 1.325801e+44
1.755000e-15 1.157670e+22 1.340199e+44
1.760000e-15 1.163783e+22 1.354392e+44
1.765000e-15 1.169773e+22 1.368368e+44
1.770000e-15 1.175635e+22 1.382118e+44
1.775000e-15 1.181368e+22 1.395631e+44
1.780000e-15 1.186969e+22 1.408896e+44
1.785000e-15 1.192436e+22 1.421903e+44
1.790000e-15 1.197765e+22 1.434642e+44
1.795000e-15 1.202955e+22 1.447101e+44
1.800000e-15 1.208003e+22 1.459270e+44
1.805000e-15 1.212906e+22 1.471140e+44
1.810000e-15 1.217662e+22 1.482700e+44
1.815000e-15 1.222268e+22 1.493940e+44
1.820000e-15 1.226723e+22 1.504849e+44
1.825000e-15 1.231024e+22 1.515419e+44
1.830000e-15 1.235168e+22 1.525639e+44
1.835000e-15 1.239153e+22 1.535500e+44
1.840000e-15 1.242977e+22 1.544993e+44
1.845000e-15 1.246638e+22 1.554107e+44
1.850000e-15 1.250134e+22 1.562834e+44
1.855000e-15 1.253461e+22 1.571165e+44
1.860000e-15 1.256619e+22 1.579091e+44
1.865000e-15 1.259605e+22 1.586604e+44
1.870000e-15 1.262417e+22 1.593696e+44
1.875000e-15 1.265052e+22 1.600357e+44
1.880000e-15 1.267510e+22 1.606582e+44
1.885000e-15 1.269788e+22 1.612361e+44
1.890000e-15 1.271883e+22 1.617688e+44
1.895000e-15 1.273796e+22 1.622555e+44
1.900000e-15 1.275522e+22 1.626956e+44
1.905000e-15 1.277061e+22 1.630885e+44
1.910000e-15 1.278411e+22 1.634335e+44
1.915000e-15 1.279570e+22 1.637300e+44
1.920000e-15 1.280537e+22 1.639774e+44
1.925000e-15 1.281309e+22 1.641754e+44
1.930000e-15 1.281886e+22 1.643233e+44
1.935000e-15 1.282266e+22 1.644207e+44
1.940000e-15 1.282448e+22 1.644673e+44
1.945000e-15 1.282429e+22 1.644625e+44
1.950000e-15 1.282210e+22 1.644062e+44
1.955000e-15 1.281787e+22 1.642979e+44
1.960000e-15 1.281161e+22 1.641374e+44
1.965000e-15 1.280330e+22 1.639245e+44
1.970000e-15 1.279293e+22 1.636591e+44
1.975000e-15 1.278049e+22 1.633409e+44
1.980000e-15 1.276596e+22 1.629698e+44
1.985000e-15 1.274935e+22 1.625458e+44
1.990000e-15 1.273063e+22 1.620689e+44
1.995000e-15 1.270981e+22 1.615391e+44
2.000000e-15 1.268686e+22 1.609565e+44
2.005000e-15 1.266180e+22 1.603212e+44
2.010000e-15 1.263460e+22 1.596332e+44
2.015000e-15 1.260527e+22 1.588929e+44
2.020000e-15 1.257380e+22 1.581005e+44
2.025000e-15 1.254018e+22 1.572562e+44
2.030000e-15 1.250442e+22 1.563605e+44
2.035000e-15 1.246650e+22 1.554135e+44
2.040000e-15 1.242642e+22 1.544159e+44
2.045000e-15 1.238419e+22 1.533681e+44
2.050000e-15 1.233979e+22 1.522705e+44
2.055000e-15 1.229324e+22 1.511237e+44
2.060000e-15 1.224452e+22 1.499284e+44
2.065000e-15 1.219365e+22 1.486851e+44
2.070000e-15 1.214062e+22 1.473946e+44
2.075000e-15 1.208543e+22 1.460576e+44
2.080000e-15 1.202809e+22 1.446749e+44
2.085000e-15 1.196859e+22 1.432473e+44
2.090000e-15 1.190696e+22 1.417756e+44
2.095000e-15 1.184317e+22 1.402608e+44
2.100000e-15 1.177726e+22 1.387038e+44
2.105000e-15 1.170921e+22 1.371056e+44
2.110000e-15 1.163904e+22 1.354672e+44
2.115000e-15 1.156675e+22 1.337898e+44
2.120000e-15 1.149236e+22 1.320743e+44
2.125000e-15 1.141586e+22 1.303220e+44
2.130000e-15 1.133728e+22 1.285339e+44
2.135000e-15 1.125662e+22 1.267115e+44
2.140000e-15 1.117389e+22 1.248558e+44
2.145000e-15 1.108910e+22 1.229682e+44
2.150000e-15 1.100227e+22 1.210500e+44
2.155000e-15 1.091341e+22 1.191025e+44
2.160000e-15 1.082253e+22 1.171272e+44
2.165000e-15 1.072965e+22 1.151254e+44
2.170000e-15 1.063478e+22 1.130985e+44
2.175000e-15 1.053794e+22 1.110481e+44
2.180000e-15 1.043914e+22 1.089757e+44
2.185000e-15 1.033841e+22 1.068827e+44
2.190000e-15 1.023575e+22 1.047706e+44
2.195000e-15 1.013120e+22 1.026412e+44
2.200000e-15 1.002476e+22 1.004958e+44
2.205000e-15 9.916459e+21 9.833616e+43
2.210000e-15 9.806318e+21 9.616387e+43
2.215000e-15 9.694356e+21 9.398054e+43
2.220000e-15 9.580596e+21 9.178782e+43
2.225000e-15 9.465060e+21 8.958736e+43
2.230000e-15 9.347772e+21 8.738084e+43
2.235000e-15 9.228756e+21 8.516993e+43
2.240000e-15 9.108035e+21 8.295631e+43
2.245000e-15 8.985636e+21 8.074166e+43
2.250000e-15 8.861584e+21 7.852768e+43
2.255000e-15 8.735906e+21 7.631606e+43
2.260000e-15 8.608629e+21 7.410849e+43
2.265000e-15 8.479779e+21 7.190666e+43
2.270000e-15 8.349387e+21 6.971226e+43
2.275000e-15 8.217480e+21 6.752698e+43
2.280000e-15 8.084088e+21 6.535248e+43
2.285000e-15 7.949241e+21 6.319043e+43
2.290000e-15 7.812970e+21 6.104249e+43
2.295000e-15 7.675305e+21 5.891031e+43
2.300000e-15 7.536279e+21 5.679551e+43
2.305000e-15 7.395924e+21 5.469970e+43
2.310000e-15 7.254273e+21 5.262448e+43
2.315000e-15 7.111359e+21 5.057142e+43
2.320000e-15 6.967215e+21 4.854208e+43
2.325000e-15 6.821877e+21 4.653800e+43
2.330000e-15 6.675378e+21 4.456068e+43
2.335000e-15 6.527755e+21 4.261159e+43
2.340000e-15 6.379044e+21 4.069220e+43
2.345000e-15 6.229279e+21 3.880392e+43
2.350000e-15 6.078499e+21 3.694815e+43
2.355000e-15 5.926740e+21 3.512625e+43
2.360000e-15 5.774040e+21 3.333954e+43
2.365000e-15 5.620437e+21 3.158932e+43
2.370000e-15 5.465969e+21 2.987682e+43
2.375000e-15 5.310676e+21 2.820328e+43
2.380000e-15 5.154595e+21 2.656985e+43
2.385000e-15 4.997768e+21 2.497768e+43
2.390000e-15 4.840233e+21 2.342785e+43
2.395000e-15 4.682031e+21 2.192141e+43
2.400000e-15 4.523202e+21 2.045936e+43
2.405000e-15 4.363788e+21 1.904265e+43
2.410000e-15 4.203829e+21 1.767218e+43
2.415000e-15 4.043367e+21 1.634882e+43
2.420000e-15 3.882444e+21 1.507337e+43
2.425000e-15 3.721102e+21 1.384660e+43
2.430000e-15 3.559382e+21 1.266920e+43
2.435000e-15 3.397328e+21 1.154184e+43
2.440000e-15 3.234982e+21 1.046511e+43
2.445000e-15 3.072386e+21 9.439557e+42
2.450000e-15 2.909585e+21 8.465683e+42
2.455000e-15 2.746620e+21 7.543923e+42
2.460000e-15 2.583536e+21 6.674661e+42
2.465000e-15 2.420377e+21 5.858223e+42
2.470000e-15 2.257184e+21 5.094882e+42
2.475000e-15 2.094004e+21 4.384852e+42
2.480000e-15 1.930878e+21 3.728291e+42
2.485000e-15 1.767852e+21 3.125300e+42
2.490000e-15 1.604969e+21 2.575925e+42
2.495000e-15 1.442273e+21 2.080151e+42
2.500000e-15 1.279808e+21 1.637909e+42
2.505000e-15 1.117619e+21 1.249072e+42
2.510000e-15 9.557492e+20 9.134565e+41
2.515000e-15 7.942429e+20 6.308217e+41
2.520000e-15 6.331441e+20 4.008715e+41
2.525000e-15 4.724970e+20 2.232534e+41
2.530000e-15 3.123453e+20 9.755959e+40
2.535000e-15 1.527330e+20 2.332737e+40
2.540000e-15 -6.296213e+18 3.964230e+37
2.545000e-15 -1.646987e+20 2.712565e+40
2.550000e-15 -3.224308e+20 1.039616e+41
2.555000e-15 -4.794493e+20 2.298716e+41
2.560000e-15 -6.357108e+20 4.041283e+41
2.565000e-15 -7.911724e+20 6.259538e+41
2.570000e-15 -9.457912e+20 8.945210e+41
2.575000e-15 -1.099524e+21 1.208954e+42
2.580000e-15 -1.252330e+21 1.568330e+42
2.585000e-15 -1.404165e+21 1.971679e+42
2.590000e-15 -1.554988e+21 2.417988e+42
2.595000e-15 -1.704757e+21 2.906197e+42
2.600000e-15 -1.853431e+21 3.435207e+42
2.605000e-15 -2.000969e+21 4.003876e+42
2.610000e-15 -2.147329e+21 4.611023e+42
2.615000e-15 -2.292472e+21 5.255428e+42
2.620000e-15 -2.436357e+21 5.935836e+42
2.625000e-15 -2.578944e+21 6.650955e+42
2.630000e-15 -2.720195e+21 7.399461e+42
2.635000e-15 -2.860069e+21 8.179997e+42
2.640000e-15 -2.998529e+21 8.991177e+42
2.645000e-15 -3.135536e+21 9.831587e+42
2.650000e-15 -3.271052e+21 1.069978e+43
2.655000e-15 -3.405041e+21 1.159430e+43
2.660000e-15 -3.537464e+21 1.251365e+43
2.665000e-15 -3.668286e+21 1.345632e+43
2.670000e-15 -3.797471e+21 1.442078e+43
2.675000e-15 -3.924983e+21 1.540549e+43
2.680000e-15 -4.050787e+21 1.640888e+43
2.685000e-15 -4.174850e+21 1.742937e+43
2.690000e-15 -4.297136e+21 1.846538e+43
2.695000e-15 -4.417614e+21 1.951531e+43
2.700000e-15 -4.536249e+21 2.057756e+43
2.705000e-15 -4.653010e+21 2.165050e+43
2.710000e-15 -4.767865e+21 2.273254e+43
2.715000e-15 -4.880784e+21 2.382205e+43
2.720000e-15 -4.991735e+21 2.491742e+43
2.725000e-15 -5.100690e+21 2.601703e+43
2.730000e-15 -5.207618e+21 2.711928e+43
2.735000e-15 -5.312491e+21 2.822256e+43
2.740000e-15 -5.415282e+21 2.932528e+43
2.745000e-15 -5.515963e+21 3.042585e+43
2.750000e-15 -5.614508e+21 3.152270e+43
2.755000e-15 -5.710891e+21 3.261428e+43
2.760000e-15 -5.805086e+21 3.369903e+43
2.765000e-15 -5.897070e+21 3.477544e+43
2.770000e-15 -5.986819e+21 3.584200e+43
2.775000e-15 -6.074309e+21 3.689722e+43
2.780000e-15 -6.159518e+21 3.793966e+43
2.785000e-15 -6.242424e+21 3.896786e+43
2.790000e-15 -6.323008e+21 3.998043e+43
2.795000e-15 -6.401249e+21 4.097598e+43
2.800000e-15 -6.477126e+21 4.195317e+43
2.805000e-15 -6.550623e+21 4.291066e+43
2.810000e-15 -6.621721e+21 4.384719e+43
2.815000e-15 -6.690403e+21 4.476150e+43
2.820000e-15 -6.756653e+21 4.565237e+43
2.825000e-15 -6.820456e+21 4.651862e+43
2.830000e-15 -6.881797e+21 4.735913e+43
2.835000e-15 -6.940662e+21 4.817278e+43
2.840000e-15 -6.997038e+21 4.895853e+43
2.845000e-15 -7.050912e+21 4.971537e+43
2.850000e-15 -7.102275e+21 5.044231e+43
2.855000e-15 -7.151114e+21 5.113844e+43
2.860000e-15 -7.197421e+21 5.180287e+43
2.865000e-15 -7.241186e+21 5.243478e+43
2.870000e-15 -7.282402e+21 5.303337e+43
2.875000e-15 -7.321060e+21 5.359792e+43
2.880000e-15 -7.357155e+21 5.412774e+43
2.885000e-15 -7.390682e+21 5.462218e+43
2.890000e-15 -7.421635e+21 5.508066e+43
2.895000e-15 -7.450010e+21 5.550265e+43
2.900000e-15 -7.475805e+21 5.588766e+43
2.905000e-15 -7.499017e+21 5.623526e+43
2.910000e-15 -7.519645e+21 5.654506e+43
2.915000e-15 -7.537689e+21 5.681675e+43
2.920000e-15 -7.553148e+21 5.705005e+43
2.925000e-15 -7.566025e+21 5.724473e+43
2.930000e-15 -7.576320e+21 5.740063e+43
2.935000e-15 -7.584038e+21 5.751763e+43
2.940000e-15 -7.589181e+21 5.759567e+43
2.945000e-15 -7.591755e+21 5.763474e+43
2.950000e-15 -7.591764e+21 5.763488e+43
2.955000e-15 -7.589215e+21 5.759618e+43
2.960000e-15 -7.584115e+21 5.751880e+43
2.965000e-15 -7.576472e+21 5.740293e+43
2.970000e-15 -7.566295e+21 5.724881e+43
2.975000e-15 -7.553593e+21 5.705676e+43
2.980000e-15 -7.538376e+21 5.682711e+43
2.985000e-15 -7.520656e+21 5.656027e+43
2.990000e-15 -7.500445e+21 5.625668e+43
2.995000e-15 -7.477756e+21 5.591684e+43
3.000000e-15 -7.452602e+21 5.554128e+43
3.005000e-15 -7.424998e+21 5.513060e+43
3.010000e-15 -7.394959e+21 5.468542e+43
3.015000e-15 -7.362501e+21 5.420642e+43
3.020000e-15 -7.327640e+21 5.369431e+43
3.025000e-15 -7.290395e+21 5.314986e+43
3.030000e-15 -7.250783e+21 5.257386e+43
3.035000e-15 -7.208825e+21 5.196715e+43
3.040000e-15 -7.164538e+21 5.133061e+43
3.045000e-15 -7.117945e+21 5.066515e+43
3.050000e-15 -7.069067e+21 4.997171e+43
3.055000e-15 -7.017925e+21 4.925127e+43
3.060000e-15 -6.964542e+21 4.850485e+43
3.065000e-15 -6.908943e+21 4.773349e+43
3.070000e-15 -6.851150e+21 4.693826e+43
3.075000e-15 -6.791190e+21 4.612026e+43
3.080000e-15 -6.729087e+21 4.528061e+43
3.085000e-15 -6.664868e+21 4.442047e+43
3.090000e-15 -6.598560e+21 4.354099e+43
3.095000e-15 -6.530190e+21 4.264339e+43
3.100000e-15 -6.459787e+21 4.172885e+43
3.105000e-15 -6.387380e+21 4.079862e+43
3.110000e-15 -6.312997e+21 3.985394e+43
3.115000e-15 -6.236670e+21 3.889606e+43
3.120000e-15 -6.158429e+21 3.792625e+43
3.125000e-15 -6.078305e+21 3.694579e+43
3.130000e-15 -5.996330e+21 3.595598e+43
3.135000e-15 -5.912537e+21 3.495810e+43
3.140000e-15 -5.826959e+21 3.395345e+43
3.145000e-15 -5.739629e+21 3.294334e+43
3.150000e-15 -5.650581e+21 3.192907e+43
3.155000e-15 -5.559850e+21 3.091194e+43
3.160000e-15 -5.467472e+21 2.989325e+43
3.165000e-15 -5.373482e+21 2.887430e+43
3.170000e-15 -5.277915e+21 2.785639e+43
3.175000e-15 -5.180809e+21 2.684078e+43
3.180000e-15 -5.082201e+21 2.582877e+43
3.185000e-15 -4.982128e+21 2.482160e+43
3.190000e-15 -4.880629e+21 2.382054e+43
3.195000e-15 -4.777741e+21 2.282681e+43
3.200000e-15 -4.673503e+21 2.184163e+43
3.205000e-15 -4.567954e+21 2.086621e+43
3.210000e-15 -4.461135e+21 1.990173e+43
3.215000e-15 -4.353085e+21 1.894935e+43
3.220000e-15 -4.243844e+21 1.801021e+43
3.225000e-15 -4.133452e+21 1.708543e+43
3.230000e-15 -4.021951e+21 1.617609e+43
3.235000e-15 -3.909382e+21 1.528327e+43
3.240000e-15 -3.795787e+21 1.440800e+43
3.245000e-15 -3.681206e+21 1.355128e+43
3.250000e-15 -3.565683e+21 1.271410e+43
3.255000e-15 -3.449259e+21 1.189739e+43
3.260000e-15 -3.331977e+21 1.110207e+43
3.265000e-15 -3.213880e+21 1.032903e+43
3.270000e-15 -3.095011e+21 9.579091e+42
3.275000e-15 -2.975412e+21 8.853076e+42
3.280000e-15 -2.855127e+21 8.151750e+42
3.285000e-15 -2.734200e+21 7.475848e+42
3.290000e-15 -2.612673e+21 6.826062e+42
3.295000e-15 -2.490592e+21 6.203048e+42
3.300000e-15 -2.367999e+21 5.607419e+42
3.305000e-15 -2.244938e+21 5.039748e+42
3.310000e-15 -2.121454e+21 4.500568e+42
3.315000e-15 -1.997591e+21 3.990369e+42
3.320000e-15 -1.873392e+21 3.509597e+42
3.325000e-15 -1.748902e+21 3.058658e+42
3.330000e-15 -1.624165e+21 2.637911e+42
3.335000e-15 -1.499225e+21 2.247675e+42
3.340000e-15 -1.374126e+21 1.888222e+42
3.345000e-15 -1.248912e+21 1.559782e+42
3.350000e-15 -1.123628e+21 1.262541e+42
3.355000e-15 -9.983177e+20 9.966382e+41
3.360000e-15 -8.730245e+20 7.621718e+41
3.365000e-15 -7.477926e+20 5.591937e+41
3.370000e-15 -6.226656e+20 3.877125e+41
3.375000e-15 -4.976873e+20 2.476927e+41
3.380000e-15 -3.729012e+20 1.390553e+41
3.385000e-15 -2.483505e+20 6.167796e+40
3.390000e-15 -1.240785e+20 1.539547e+40
3.395000e-15 -1.281795e+17 1.642998e+34
3.400000e-15 1.234576e+20 1.524178e+40
3.405000e-15 2.466363e+20 6.082946e+40
3.410000e-15 3.693655e+20 1.364308e+41
3.415000e-15 4.916030e+20 2.416735e+41
3.420000e-15 6.133069e+20 3.761453e+41
3.425000e-15 7.344356e+20 5.393957e+41
3.430000e-15 8.549478e+20 7.309358e+41
3.435000e-15 9.748024e+20 9.502396e+41
3.440000e-15 1.093959e+21 1.196745e+42
3.445000e-15 1.212376e+21 1.469855e+42
3.450000e-15 1.330014e+21 1.768938e+42
3.455000e-15 1.446834e+21 2.093329e+42
3.460000e-15 1.562796e+21 2.442330e+42
3.465000e-15 1.677860e+21 2.815215e+42
3.470000e-15 1.791989e+21 3.211225e+42
3.475000e-15 1.905144e+21 3.629573e+42
3.480000e-15 2.017287e+21 4.069447e+42
3.485000e-15 2.128381e+21 4.530005e+42
3.490000e-15 2.238389e+21 5.010383e+42
3.495000e-15 2.347274e+21 5.509694e+42
3.500000e-15 2.455000e+21 6.027025e+42
3.505000e-15 2.561532e+21 6.561447e+42
3.510000e-15 2.666835e+21 7.112009e+42
3.515000e-15 2.770874e+21 7.677743e+42
3.520000e-15 2.873615e+21 8.257662e+42
3.525000e-15 2.975024e+21 8.850769e+42
3.530000e-15 3.075069e+21 9.456049e+42
3.535000e-15 3.173717e+21 1.007248e+43
3.540000e-15 3.270935e+21 1.069902e+43
3.545000e-15 3.366694e+21 1.133463e+43
3.550000e-15 3.460961e+21 1.197825e+43
3.555000e-15 3.553707e+21 1.262883e+43
3.560000e-15 3.644902e+21 1.328531e+43
3.565000e-15 3.734517e+21 1.394662e+43
3.570000e-15 3.822524e+21 1.461169e+43
3.575000e-15 3.908894e+21 1.527945e+43
3.580000e-15 3.993602e+21 1.594885e+43
3.585000e-15 4.076619e+21 1.661882e+43
3.590000e-15 4.157921e+21 1.728831e+43
3.595000e-15 4.237482e+21 1.795625e+43
3.600000e-15 4.315278e+21 1.862162e+43
3.605000e-15 4.391284e+21 1.928338e+43
3.610000e-15 4.465478e+21 1.994049e+43
3.615000e-15 4.537837e+21 2.059197e+43
3.620000e-15 4.608340e+21 2.123679e+43
3.625000e-15 4.676964e+21 2.187399e+43
3.630000e-15 4.743691e+21 2.250260e+43
3.635000e-15 4.808499e+21 2.312166e+43
3.640000e-15 4.871371e+21 2.373025e+43
3.645000e-15 4.932287e+21 2.432746e+43
3.650000e-15 4.991231e+21 2.491239e+43
3.655000e-15 5.048185e+21 2.548418e+43
3.660000e-15 5.103135e+21 2.604198e+43
3.665000e-15 5.156063e+21 2.658498e+43
3.670000e-15 5.206956e+21 2.711239e+43
3.675000e-15 5.255800e+21 2.762344e+43
3.680000e-15 5.302582e+21 2.811738e+43
3.685000e-15 5.347290e+21 2.859351e+43
3.690000e-15 5.389912e+21 2.905115e+43
3.695000e-15 5.430437e+21 2.948965e+43
3.700000e-15 5.468856e+21 2.990839e+43
3.705000e-15 5.505159e+21 3.030678e+43
3.710000e-15 5.539339e+21 3.068427e+43
3.715000e-15 5.571386e+21 3.104034e+43
3.720000e-15 5.601295e+21 3.137450e+43
3.725000e-15 5.629059e+21 3.168631e+43
3.730000e-15 5.654673e+21 3.197533e+43
3.735000e-15 5.678133e+21 3.224120e+43
3.740000e-15 5.699435e+21 3.248356e+43
3.745000e-15 5.718575e+21 3.270210e+43
3.750000e-15 5.735553e+21 3.289656e+43
3.755000e-15 5.750365e+21 3.306670e+43
3.760000e-15 5.763013e+21 3.321232e+43
3.765000e-15 5.773495e+21 3.333325e+43
3.770000e-15 5.781814e+21 3.342937e+43
3.775000e-15 5.787970e+21 3.350060e+43
3.780000e-15 5.791966e+21 3.354688e+43
3.785000e-15 5.793807e+21 3.356819e+43
3.790000e-15 5.793494e+21 3.356458e+43
3.795000e-15 5.791034e+21 3.353608e+43
3.800000e-15 5.786433e+21 3.348280e+43
3.805000e-15 5.779696e+21 3.340488e+43
3.810000e-15 5.770830e+21 3.330248e+43
3.815000e-15 5.759845e+21 3.317581e+43
3.820000e-15 5.746747e+21 3.302510e+43
3.825000e-15 5.731548e+21 3.285064e+43
3.830000e-15 5.714256e+21 3.265272e+43
3.835000e-15 5.694883e+21 3.243169e+43
3.840000e-15 5.673441e+21 3.218793e+43
3.845000e-15 5.649941e+21 3.192184e+43
3.850000e-15 5.624398e+21 3.163385e+43
3.855000e-15 5.596824e+21 3.132444e+43
3.860000e-15 5.567235e+21 3.099410e+43
3.865000e-15 5.535645e+21 3.064337e+43
3.870000e-15 5.502071e+21 3.027279e+43
3.875000e-15 5.466530e+21 2.988295e+43
3.880000e-15 5.429038e+21 2.947445e+43
3.885000e-15 5.389614e+21 2.904793e+43
3.890000e-15 5.348276e+21 2.860405e+43
3.895000e-15 5.305044e+21 2.814349e+43
3.900000e-15 5.259938e+21 2.766695e+43
3.905000e-15 5.212978e+21 2.717514e+43
3.910000e-15 5.164187e+21 2.666882e+43
3.915000e-15 5.113585e+21 2.614875e+43
3.920000e-15 5.061196e+21 2.561570e+43
3.925000e-15 5.007042e+21 2.507047e+43
3.930000e-15 4.951149e+21 2.451387e+43
3.935000e-15 4.893539e+21 2.394672e+43
3.940000e-15 4.834238e+21 2.336986e+43
3.945000e-15 4.773272e+21 2.278412e+43
3.950000e-15 4.710666e+21 2.219038e+43
3.955000e-15 4.646448e+21 2.158948e+43
3.960000e-15 4.580645e+21 2.098231e+43
3.965000e-15 4.513285e+21 2.036974e+43
3.970000e-15 4.444395e+21 1.975265e+43
3.975000e-15 4.374006e+21 1.913193e+43
3.980000e-15 4.302145e+21 1.850845e+43
3.985000e-15 4.228844e+21 1.788312e+43
3.990000e-15 4.154132e+21 1.725681e+43
3.995000e-15 4.078040e+21 1.663041e+43
4.000000e-15 4.000600e+21 1.600480e+43
4.005000e-15 3.921843e+21 1.538086e+43
4.010000e-15 3.841802e+21 1.475944e+43
4.015000e-15 3.760509e+21 1.414142e+43
4.020000e-15 3.677996e+21 1.352766e+43
4.025000e-15 3.594298e+21 1.291898e+43
4.030000e-15 3.509448e+21 1.231623e+43
4.035000e-15 3.423481e+21 1.172022e+43
4.040000e-15 3.336430e+21 1.113176e+43
4.045000e-15 3.248331e+21 1.055165e+43
4.050000e-15 3.159218e+21 9.980661e+42
4.055000e-15 3.069129e+21 9.419550e+42
4.060000e-15 2.978097e+21 8.869061e+42
4.065000e-15 2.886159e+21 8.329917e+42
4.070000e-15 2.793353e+21 7.802819e+42
4.075000e-15 2.699713e+21 7.288452e+42
4.080000e-15 2.605278e+21 6.787474e+42
4.085000e-15 2.510084e+21 6.300522e+42
4.090000e-15 2.414169e+21 5.828211e+42
4.095000e-15 2.317570e+21 5.371130e+42
4.100000e-15 2.220325e+21 4.929843e+42
4.105000e-15 2.122472e+21 4.504887e+42
4.110000e-15 2.024049e+21 4.096774e+42
4.115000e-15 1.925094e+21 3.705988e+42
4.120000e-15 1.825647e+21 3.332985e+42
4.125000e-15 1.725744e+21 2.978192e+42
4.130000e-15 1.625425e+21 2.642007e+42
4.135000e-15 1.524729e+21 2.324798e+42
4.140000e-15 1.423694e+21 2.026905e+42
4.145000e-15 1.322360e+21 1.748635e+42
4.150000e-15 1.220764e+21 1.490265e+42
4.155000e-15 1.118947e+21 1.252042e+42
4.160000e-15 1.016947e+21 1.034180e+42
4.165000e-15 9.148025e+20 8.368636e+41
4.170000e-15 8.125534e+20 6.602431e+41
4.175000e-15 7.102383e+20 5.044385e+41
4.180000e-15 6.078961e+20 3.695377e+41
4.185000e-15 5.055657e+20 2.555966e+41
4.190000e-15 4.032858e+20 1.626394e+41
4.195000e-15 3.010951e+20 9.065828e+40
4.200000e-15 1.990324e+20 3.961389e+40
4.205000e-15 9.713602e+19 9.435406e+39
4.210000e-15 -4.555573e+18 2.075325e+37
4.215000e-15 -1.060041e+20 1.123688e+40
4.220000e-15 -2.071716e+20 4.292007e+40
4.225000e-15 -3.080200e+20 9.487632e+40
4.230000e-15 -4.085116e+20 1.668817e+41
4.235000e-15 -5.086089e+20 2.586830e+41
4.240000e-15 -6.082744e+20 3.699978e+41
4.245000e-15 -7.074712e+20 5.005155e+41
4.250000e-15 -8.061622e+20 6.498976e+41
4.255000e-15 -9.043109e+20 8.177783e+41
4.260000e-15 -1.001881e+21 1.003765e+42
4.265000e-15 -1.098836e+21 1.207441e+42
4.270000e-15 -1.195141e+21 1.428361e+42
4.275000e-15 -1.290759e+21 1.666059e+42
4.280000e-15 -1.385656e+21 1.920042e+42
4.285000e-15 -1.479797e+21 2.189799e+42
4.290000e-15 -1.573147e+21 2.474791e+42
4.295000e-15 -1.665672e+21 2.774464e+42
4.300000e-15 -1.757339e+21 3.088239e+42
4.305000e-15 -1.848113e+21 3.415522e+42
4.310000e-15 -1.937962e+21 3.755698e+42
4.315000e-15 -2.026854e+21 4.108136e+42
4.320000e-15 -2.114755e+21 4.472190e+42
4.325000e-15 -2.201635e+21 4.847197e+42
4.330000e-15 -2.287462e+21 5.232481e+42
4.335000e-15 -2.372204e+21 5.627353e+42
4.340000e-15 -2.455832e+21 6.031113e+42
4.345000e-15 -2.538316e+21 6.443049e+42
4.350000e-15 -2.619626e+21 6.862440e+42
4.355000e-15 -2.699733e+21 7.288557e+42
4.360000e-15 -2.778608e+21 7.720665e+42
4.365000e-15 -2.856225e+21 8.158019e+42
4.370000e-15 -2.932554e+21 8.599873e+42
4.375000e-15 -3.007570e+21 9.045476e+42
4.380000e-15 -3.081246e+21 9.494074e+42
4.385000e-15 -3.153555e+21 9.944911e+42
4.390000e-15 -3.224474e+21 1.039723e+43
4.395000e-15 -3.293977e+21 1.085028e+43
4.400000e-15 -3.362040e+21 1.130331e+43
4.405000e-15 -3.428640e+21 1.175557e+43
4.410000e-15 -3.493753e+21 1.220631e+43
4.415000e-15 -3.557357e+21 1.265479e+43
4.420000e-15 -3.619432e+21 1.310029e+43
4.425000e-15 -3.679955e+21 1.354207e+43
4.430000e-15 -3.738906e+21 1.397942e+43
4.435000e-15 -3.796265e+21 1.441163e+43
4.440000e-15 -3.852014e+21 1.483801e+43
4.445000e-15 -3.906133e+21 1.525788e+43
4.450000e-15 -3.958606e+21 1.567056e+43
4.455000e-15 -4.009413e+21 1.607540e+43
4.460000e-15 -4.058540e+21 1.647175e+43
4.465000e-15 -4.105970e+21 1.685899e+43
4.470000e-15 -4.151688e+21 1.723652e+43
4.475000e-15 -4.195680e+21 1.760373e+43
4.480000e-15 -4.237931e+21 1.796006e+43
4.485000e-15 -4.278429e+21 1.830496e+43
4.490000e-15 -4.317162e+21 1.863788e+43
4.495000e-15 -4.354116e+21 1.895833e+43
4.500000e-15 -4.389282e+21 1.926580e+43
4.505000e-15 -4.422649e+21 1.955983e+43
4.510000e-15 -4.454208e+21 1.983997e+43
4.515000e-15 -4.483950e+21 2.010580e+43
4.520000e-15 -4.511866e+21 2.035693e+43
4.525000e-15 -4.537948e+21 2.059298e+43
4.530000e-15 -4.562192e+21 2.081359e+43
4.535000e-15 -4.584589e+21 2.101846e+43
4.540000e-15 -4.605136e+21 2.120728e+43
4.545000e-15 -4.623827e+21 2.137978e+43
4.550000e-15 -4.640659e+21 2.153571e+43
4.555000e-15 -4.655628e+21 2.167487e+43
4.560000e-15 -4.668732e+21 2.179706e+43
4.565000e-15 -4.679970e+21 2.190212e+43
4.570000e-15 -4.689341e+21 2.198992e+43
4.575000e-15 -4.696844e+21 2.206034e+43
4.580000e-15 -4.702480e+21 2.211332e+43
4.585000e-15 -4.706250e+21 2.214879e+43
4.590000e-15 -4.708157e+21 2.216674e+43
4.595000e-15 -4.708202e+21 2.216717e+43
4.600000e-15 -4.706390e+21 2.215010e+43
4.605000e-15 -4.702724e+21 2.211561e+43
4.610000e-15 -4.697209e+21 2.206378e+43
4.615000e-15 -4.689852e+21 2.199471e+43
4.620000e-15 -4.680657e+21 2.190855e+43
4.625000e-15 -4.669633e+21 2.180548e+43
4.630000e-15 -4.656787e+21 2.168567e+43
4.635000e-15 -4.642127e+21 2.154934e+43
4.640000e-15 -4.625663e+21 2.139675e+43
4.645000e-15 -4.607403e+21 2.122816e+43
4.650000e-15 -4.587360e+21 2.104387e+43
4.655000e-15 -4.565543e+21 2.084418e+43
4.660000e-15 -4.541964e+21 2.062944e+43
4.665000e-15 -4.516637e+21 2.040001e+43
4.670000e-15 -4.489574e+21 2.015628e+43
4.675000e-15 -4.460789e+21 1.989864e+43
4.680000e-15 -4.430297e+21 1.962753e+43
4.685000e-15 -4.398113e+21 1.934339e+43
4.690000e-15 -4.364252e+21 1.904669e+43
4.695000e-15 -4.328730e+21 1.873791e+43
4.700000e-15 -4.291566e+21 1.841754e+43
4.705000e-15 -4.252776e+21 1.808611e+43
4.710000e-15 -4.212379e+21 1.774414e+43
4.715000e-15 -4.170394e+21 1.739219e+43
4.720000e-15 -4.126840e+21 1.703081e+43
4.725000e-15 -4.081737e+21 1.666057e+43
4.730000e-15 -4.035105e+21 1.628207e+43
4.735000e-15 -3.986967e+21 1.589590e+43
4.740000e-15 -3.937343e+21 1.550267e+43
4.745000e-15 -3.886256e+21 1.510299e+43
4.750000e-15 -3.833730e+21 1.469748e+43
4.755000e-15 -3.779786e+21 1.428678e+43
4.760000e-15 -3.724449e+21 1.387152e+43
4.765000e-15 -3.667744e+21 1.345235e+43
4.770000e-15 -3.609696e+21 1.302990e+43
4.775000e-15 -3.550329e+21 1.260484e+43
4.780000e-15 -3.489670e+21 1.217780e+43
4.785000e-15 -3.427745e+21 1.174944e+43
4.790000e-15 -3.364581e+21 1.132041e+43
4.795000e-15 -3.300205e+21 1.089136e+43
4.800000e-15 -3.234645e+21 1.046293e+43
4.805000e-15 -3.167929e+21 1.003578e+43
4.810000e-15 -3.100086e+21 9.610534e+42
4.815000e-15 -3.031144e+21 9.187836e+42
4.820000e-15 -2.961133e+21 8.768310e+42
4.825000e-15 -2.890083e+21 8.352579e+42
4.830000e-15 -2.818023e+21 7.941255e+42
4.835000e-15 -2.744985e+21 7.534940e+42
4.840000e-15 -2.670998e+21 7.134229e+42
4.845000e-15 -2.596094e+21 6.739704e+42
4.850000e-15 -2.520305e+21 6.351936e+42
4.855000e-15 -2.443662e+21 5.971482e+42
4.860000e-15 -2.366197e+21 5.598886e+42
4.865000e-15 -2.287942e+21 5.234679e+42
4.870000e-15 -2.208931e+21 4.879375e+42
4.875000e-15 -2.129195e+21 4.533473e+42
4.880000e-15 -2.048769e+21 4.197453e+42
4.885000e-15 -1.967684e+21 3.871782e+42
4.890000e-15 -1.885976e+21 3.556905e+42
4.895000e-15 -1.803677e+21 3.253250e+42
4.900000e-15 -1.720821e+21 2.961225e+42
4.905000e-15 -1.637443e+21 2.681218e+42
4.910000e-15 -1.553576e+21 2.413598e+42
4.915000e-15 -1.469255e+21 2.158710e+42
4.920000e-15 -1.384515e+21 1.916880e+42
4.925000e-15 -1.299389e+21 1.688412e+42
4.930000e-15 -1.213913e+21 1.473586e+42
4.935000e-15 -1.128122e+21 1.272660e+42
4.940000e-15 -1.042051e+21 1.085870e+42
4.945000e-15 -9.557334e+20 9.134263e+41
4.950000e-15 -8.692053e+20 7.555179e+41
4.955000e-15 -7.825017e+20 6.123089e+41
4.960000e-15 -6.956574e+20 4.839392e+41
4.965000e-15 -6.087075e+20 3.705248e+41
4.970000e-15 -5.216870e+20 2.721573e+41
4.975000e-15 -4.346310e+20 1.889041e+41
4.980000e-15 -3.475743e+20 1.208079e+41
4.985000e-15 -2.605521e+20 6.788737e+40
4.990000e-15 -1.735990e+20 3.013660e+40
4.995000e-15 -8.674982e+19 7.525532e+39
5.000000e-15 -3.934748e+16 1.548224e+33
