0.000000e+00 nan nan
5.000000e-18 -4.459760e+05 1.988946e+11
1.000000e-17 -5.708144e+07 3.258291e+15
1.500000e-17 -9.751905e+08 9.509966e+17
2.000000e-17 -7.304638e+09 5.335773e+19
2.500000e-17 -3.482484e+10 1.212769e+21
3.000000e-17 -1.247557e+11 1.556399e+22
3.500000e-17 -3.669213e+11 1.346312e+23
4.000000e-17 -9.340794e+11 8.725042e+23
4.500000e-17 -2.129614e+12 4.535257e+24
5.000000e-17 -4.450770e+12 1.980936e+25
5.500000e-17 -8.669580e+12 7.516163e+25
6.000000e-17 -1.593362e+13 2.538802e+26
6.500000e-17 -2.788867e+13 7.777779e+26
7.000000e-17 -4.682541e+13 2.192619e+27
7.500000e-17 -7.585206e+13 5.753534e+27
8.000000e-17 -1.190951e+14 1.418365e+28
8.500000e-17 -1.819300e+14 3.309853e+28
9.000000e-17 -2.712436e+14 7.357309e+28
9.500000e-17 -3.957305e+14 1.566026e+29
1.000000e-16 -5.662248e+14 3.206105e+29
1.050000e-16 -7.960693e+14 6.337263e+29
1.100000e-16 -1.101523e+15 1.213354e+30
1.150000e-16 -1.502212e+15 2.256641e+30
1.200000e-16 -2.021616e+15 4.086933e+30
1.250000e-16 -2.687609e+15 7.223240e+30
1.300000e-16 -3.533032e+15 1.248232e+31
1.350000e-16 -4.596327e+15 2.112622e+31
1.400000e-16 -5.922205e+15 3.507251e+31
1.450000e-16 -7.562373e+15 5.718949e+31
1.500000e-16 -9.576307e+15 9.170565e+31
1.550000e-16 -1.203207e+16 1.447708e+32
1.600000e-16 -1.500721e+16 2.252164e+32
1.650000e-16 -1.858967e+16 3.455757e+32
1.700000e-16 -2.287876e+16 5.234375e+32
1.750000e-16 -2.798624e+16 7.832295e+32
1.800000e-16 -3.403738e+16 1.158543e+33
1.850000e-16 -4.117213e+16 1.695144e+33
1.900000e-16 -4.954630e+16 2.454836e+33
1.950000e-16 -5.933286e+16 3.520388e+33
2.000000e-16 -7.072324e+16 5.001776e+33
2.050000e-16 -8.392870e+16 7.044027e+33
2.100000e-16 -9.918181e+16 9.837032e+33
2.150000e-16 -1.167379e+17 1.362773e+34
2.200000e-16 -1.368766e+17 1.873520e+34
2.250000e-16 -1.599035e+17 2.556913e+34
2.300000e-16 -1.861518e+17 3.465249e+34
2.350000e-16 -2.159840e+17 4.664910e+34
2.400000e-16 -2.497938e+17 6.239692e+34
2.450000e-16 -2.880075e+17 8.294835e+34
2.500000e-16 -3.310868e+17 1.096185e+35
2.550000e-16 -3.795296e+17 1.440427e+35
2.600000e-16 -4.338728e+17 1.882456e+35
2.650000e-16 -4.946943e+17 2.447224e+35
2.700000e-16 -5.626145e+17 3.165351e+35
2.750000e-16 -6.382992e+17 4.074258e+35
2.800000e-16 -7.224612e+17 5.219502e+35
2.850000e-16 -8.158630e+17 6.656324e+35
2.900000e-16 -9.193188e+17 8.451470e+35
2.950000e-16 -1.033697e+18 1.068529e+36
3.000000e-16 -1.159922e+18 1.345419e+36
3.050000e-16 -1.298978e+18 1.687344e+36
3.100000e-16 -1.451910e+18 2.108042e+36
3.150000e-16 -1.619827e+18 2.623838e+36
3.200000e-16 -1.803903e+18 3.254067e+36
3.250000e-16 -2.005385e+18 4.021567e+36
3.300000e-16 -2.225586e+18 4.953232e+36
3.350000e-16 -2.465897e+18 6.080649e+36
3.400000e-16 -2.727785e+18 7.440812e+36
3.450000e-16 -3.012796e+18 9.076939e+36
3.500000e-16 -3.322558e+18 1.103939e+37
3.550000e-16 -3.658784e+18 1.338670e+37
3.600000e-16 -4.023274e+18 1.618673e+37
3.650000e-16 -4.417920e+18 1.951802e+37
3.700000e-16 -4.844705e+18 2.347117e+37
3.750000e-16 -5.305709e+18 2.815055e+37
3.800000e-16 -5.803109e+18 3.367608e+37
3.850000e-16 -6.339186e+18 4.018527e+37
3.900000e-16 -6.916321e+18 4.783550e+37
3.950000e-16 -7.537005e+18 5.680645e+37
4.000000e-16 -8.203837e+18 6.730294e+37
4.050000e-16 -8.919528e+18 7.955798e+37
4.100000e-16 -9.686905e+18 9.383612e+37
4.150000e-16 -1.050891e+19 1.104372e+38
4.200000e-16 -1.138861e+19 1.297004e+38
4.250000e-16 -1.232918e+19 1.520087e+38
4.300000e-16 -1.333395e+19 1.777941e+38
4.350000e-16 -1.440634e+19 2.075426e+38
4.400000e-16 -1.554993e+19 2.418004e+38
4.450000e-16 -1.676842e+19 2.811801e+38
4.500000e-16 -1.806565e+19 3.263679e+38
4.550000e-16 -1.944560e+19 3.781313e+38
4.600000e-16 -2.091237e+19 4.373272e+38
4.650000e-16 -2.247022e+19 5.049110e+38
4.700000e-16 -2.412357e+19 5.819464e+38
4.750000e-16 -2.587694e+19 6.696160e+38
4.800000e-16 -2.773504e+19 7.692325e+38
4.850000e-16 -2.970272e+19 8.822515e+38
4.900000e-16 -3.178497e+19 1.010284e+39
4.950000e-16 -3.398694e+19 1.155112e+39
5.000000e-16 -3.631395e+19 1.318703e+39
5.050000e-16 -3.877146e+19 1.503226e+39
5.100000e-16 -4.136509e+19 1.711071e+39
5.150000e-16 -4.410063e+19 1.944866e+39
5.200000e-16 -4.698403e+19 2.207499e+39
5.250000e-16 -5.002139e+19 2.502140e+39
5.300000e-16 -5.321899e+19 2.832261e+39
5.350000e-16 -5.658327e+19 3.201666e+39
5.400000e-16 -6.012082e+19 3.614513e+39
5.450000e-16 -6.383843e+19 4.075346e+39
5.500000e-16 -6.774303e+19 4.589119e+39
5.550000e-16 -7.184173e+19 5.161235e+39
5.600000e-16 -7.614180e+19 5.797574e+39
5.650000e-16 -8.065069e+19 6.504533e+39
5.700000e-16 -8.537599e+19 7.289060e+39
5.750000e-16 -9.032551e+19 8.158698e+39
5.800000e-16 -9.550718e+19 9.121621e+39
5.850000e-16 -1.009291e+20 1.018669e+40
5.900000e-16 -1.065996e+20 1.136348e+40
5.950000e-16 -1.125271e+20 1.266235e+40
6.000000e-16 -1.187202e+20 1.409449e+40
6.050000e-16 -1.251877e+20 1.567197e+40
6.100000e-16 -1.319386e+20 1.740780e+40
6.150000e-16 -1.389819e+20 1.931597e+40
6.200000e-16 -1.463270e+20 2.141158e+40
6.250000e-16 -1.539832e+20 2.371081e+40
6.300000e-16 -1.619601e+20 2.623107e+40
6.350000e-16 -1.702675e+20 2.899103e+40
6.400000e-16 -1.789153e+20 3.201069e+40
6.450000e-16 -1.879135e+20 3.531149e+40
6.500000e-16 -1.972724e+20 3.891638e+40
6.550000e-16 -2.070022e+20 4.284989e+40
6.600000e-16 -2.171134e+20 4.713823e+40
6.650000e-16 -2.276167e+20 5.180937e+40
6.700000e-16 -2.385229e+20 5.689315e+40
6.750000e-16 -2.498427e+20 6.242138e+40
6.800000e-16 -2.615873e+20 6.842794e+40
6.850000e-16 -2.737679e+20 7.494884e+40
6.900000e-16 -2.863956e+20 8.202241e+40
6.950000e-16 -2.994818e+20 8.968935e+40
7.000000e-16 -3.130381e+20 9.799287e+40
7.050000e-16 -3.270761e+20 1.069788e+41
7.100000e-16 -3.416075e+20 1.166957e+41
7.150000e-16 -3.566441e+20 1.271950e+41
7.200000e-16 -3.721978e+20 1.385312e+41
7.250000e-16 -3.882806e+20 1.507618e+41
7.300000e-16 -4.049046e+20 1.639477e+41
7.350000e-16 -4.220819e+20 1.781531e+41
7.400000e-16 -4.398248e+20 1.934458e+41
7.450000e-16 -4.581455e+20 2.098973e+41
7.500000e-16 -4.770565e+20 2.275829e+41
7.550000e-16 -4.965700e+20 2.465818e+41
7.600000e-16 -5.166986e+20 2.669775e+41
7.650000e-16 -5.374547e+20 2.888576e+41
7.700000e-16 -5.588509e+20 3.123144e+41
7.750000e-16 -5.808997e+20 3.374445e+41
7.800000e-16 -6.036136e+20 3.643494e+41
7.850000e-16 -6.270052e+20 3.931355e+41
7.900000e-16 -6.510871e+20 4.239144e+41
7.950000e-16 -6.758718e+20 4.568027e+41
8.000000e-16 -7.013719e+20 4.919226e+41
8.050000e-16 -7.275999e+20 5.294016e+41
8.100000e-16 -7.545683e+20 5.693733e+41
8.150000e-16 -7.822895e+20 6.119769e+41
8.200000e-16 -8.107760e+20 6.573577e+41
8.250000e-16 -8.400400e+20 7.056673e+41
8.300000e-16 -8.700939e+20 7.570635e+41
8.350000e-16 -9.009499e+20 8.117107e+41
8.400000e-16 -9.326200e+20 8.697801e+41
8.450000e-16 -9.651164e+20 9.314496e+41
8.500000e-16 -9.984508e+20 9.969040e+41
8.550000e-16 -1.032635e+21 1.066335e+42
8.600000e-16 -1.067681e+21 1.139943e+42
8.650000e-16 -1.103600e+21 1.217933e+42
8.700000e-16 -1.140404e+21 1.300521e+42
8.750000e-16 -1.178103e+21 1.387927e+42
8.800000e-16 -1.216710e+21 1.480382e+42
8.850000e-16 -1.256234e+21 1.578123e+42
8.900000e-16 -1.296686e+21 1.681395e+42
8.950000e-16 -1.338078e+21 1.790452e+42
9.000000e-16 -1.380419e+21 1.905556e+42
9.050000e-16 -1.423719e+21 2.026976e+42
9.100000e-16 -1.467989e+21 2.154992e+42
9.150000e-16 -1.513238e+21 2.289889e+42
9.200000e-16 -1.559475e+21 2.431962e+42
9.250000e-16 -1.606710e+21 2.581516e+42
9.300000e-16 -1.654951e+21 2.738862e+42
9.350000e-16 -1.704207e+21 2.904321e+42
9.400000e-16 -1.754486e+21 3.078222e+42
9.450000e-16 -1.805797e+21 3.260903e+42
9.500000e-16 -1.858147e+21 3.452709e+42
9.550000e-16 -1.911543e+21 3.653995e+42
9.600000e-16 -1.965992e+21 3.865124e+42
9.650000e-16 -2.021501e+21 4.086466e+42
9.700000e-16 -2.078077e+21 4.318402e+42
9.750000e-16 -2.135724e+21 4.561319e+42
9.800000e-16 -2.194450e+21 4.815611e+42
9.850000e-16 -2.254259e+21 5.081682e+42
9.900000e-16 -2.315155e+21 5.359944e+42
9.950000e-16 -2.377144e+21 5.650813e+42
1.000000e-15 -2.440229e+21 5.954716e+42
1.005000e-15 -2.504413e+21 6.272086e+42
1.010000e-15 -2.569700e+21 6.603360e+42
1.015000e-15 -2.636093e+21 6.948987e+42
1.020000e-15 -2.703593e+21 7.309416e+42
1.025000e-15 -2.772203e+21 7.685107e+42
1.030000e-15 -2.841922e+21 8.076523e+42
1.035000e-15 -2.912754e+21 8.484133e+42
1.040000e-15 -2.984696e+21 8.908410e+42
1.045000e-15 -3.057750e+21 9.349833e+42
1.050000e-15 -3.131914e+21 9.808882e+42
1.055000e-15 -3.207187e+21 1.028605e+43
1.060000e-15 -3.283567e+21 1.078181e+43
1.065000e-15 -3.361051e+21 1.129667e+43
1.070000e-15 -3.439638e+21 1.183111e+43
1.075000e-15 -3.519323e+21 1.238563e+43
1.080000e-15 -3.600102e+21 1.296073e+43
1.085000e-15 -3.681970e+21 1.355691e+43
1.090000e-15 -3.764923e+21 1.417465e+43
1.095000e-15 -3.848954e+21 1.481445e+43
1.100000e-15 -3.934057e+21 1.547681e+43
1.105000e-15 -4.020225e+21 1.616221e+43
1.110000e-15 -4.107450e+21 1.687115e+43
1.115000e-15 -4.195724e+21 1.760410e+43
1.120000e-15 -4.285038e+21 1.836155e+43
1.125000e-15 -4.375382e+21 1.914397e+43
1.130000e-15 -4.466747e+21 1.995182e+43
1.135000e-15 -4.559120e+21 2.078558e+43
1.140000e-15 -4.652492e+21 2.164568e+43
1.145000e-15 -4.746850e+21 2.253258e+43
1.150000e-15 -4.842180e+21 2.344671e+43
1.155000e-15 -4.938471e+21 2.438849e+43
1.160000e-15 -5.035706e+21 2.535834e+43
1.165000e-15 -5.133873e+21 2.635665e+43
1.170000e-15 -5.232954e+21 2.738381e+43
1.175000e-15 -5.332935e+21 2.844019e+43
1.180000e-15 -5.433797e+21 2.952615e+43
1.185000e-15 -5.535525e+21 3.064204e+43
1.190000e-15 -5.638099e+21 3.178816e+43
1.195000e-15 -5.741502e+21 3.296484e+43
1.200000e-15 -5.845712e+21 3.417235e+43
1.205000e-15 -5.950711e+21 3.541096e+43
1.210000e-15 -6.056476e+21 3.668091e+43
1.215000e-15 -6.162988e+21 3.798242e+43
1.220000e-15 -6.270223e+21 3.931570e+43
1.225000e-15 -6.378158e+21 4.068090e+43
1.230000e-15 -6.486771e+21 4.207820e+43
1.235000e-15 -6.596036e+21 4.350769e+43
1.240000e-15 -6.705929e+21 4.496948e+43
1.245000e-15 -6.816424e+21 4.646364e+43
1.250000e-15 -6.927495e+21 4.799019e+43
1.255000e-15 -7.039115e+21 4.954914e+43
1.260000e-15 -7.151256e+21 5.114046e+43
1.265000e-15 -7.263890e+21 5.276410e+43
1.270000e-15 -7.376989e+21 5.441996e+43
1.275000e-15 -7.490522e+21 5.610792e+43
1.280000e-15 -7.604460e+21 5.782781e+43
1.285000e-15 -7.718771e+21 5.957943e+43
1.290000e-15 -7.833425e+21 6.136254e+43
1.295000e-15 -7.948389e+21 6.317688e+43
1.300000e-15 -8.063630e+21 6.502213e+43
1.305000e-15 -8.179116e+21 6.689793e+43
1.310000e-15 -8.294812e+21 6.880390e+43
1.315000e-15 -8.410684e+21 7.073961e+43
1.320000e-15 -8.526697e+21 7.270457e+43
1.325000e-15 -8.642816e+21 7.469827e+43
1.330000e-15 -8.759004e+21 7.672015e+43
1.335000e-15 -8.875224e+21 7.876961e+43
1.340000e-15 -8.991440e+21 8.084600e+43
1.345000e-15 -9.107614e+21 8.294864e+43
1.350000e-15 -9.223707e+21 8.507678e+43
1.355000e-15 -9.339681e+21 8.722965e+43
1.360000e-15 -9.455497e+21 8.940642e+43
1.365000e-15 -9.571114e+21 9.160623e+43
1.370000e-15 -9.686494e+21 9.382816e+43
1.375000e-15 -9.801594e+21 9.607124e+43
1.380000e-15 -9.916374e+21 9.833448e+43
1.385000e-15 -1.003079e+22 1.006168e+44
1.390000e-15 -1.014481e+22 1.029172e+44
1.395000e-15 -1.025838e+22 1.052344e+44
1.400000e-15 -1.037146e+22 1.075672e+44
1.405000e-15 -1.048401e+22 1.099146e+44
1.410000e-15 -1.059599e+22 1.122751e+44
1.415000e-15 -1.070735e+22 1.146474e+44
1.420000e-15 -1.081805e+22 1.170303e+44
1.425000e-15 -1.092805e+22 1.194222e+44
1.430000e-15 -1.103729e+22 1.218217e+44
1.435000e-15 -1.114574e+22 1.242275e+44
1.440000e-15 -1.125335e+22 1.266378e+44
1.445000e-15 -1.136007e+22 1.290512e+44
1.450000e-15 -1.146587e+22 1.314661e+44
1.455000e-15 -1.157068e+22 1.338807e+44
1.460000e-15 -1.167448e+22 1.362936e+44
1.465000e-15 -1.177721e+22 1.387028e+44
1.470000e-15 -1.187883e+22 1.411067e+44
1.475000e-15 -1.197930e+22 1.435035e+44
1.480000e-15 -1.207855e+22 1.458914e+44
1.485000e-15 -1.217656e+22 1.482686e+44
1.490000e-15 -1.227327e+22 1.506331e+44
1.495000e-15 -1.236864e+22 1.529832e+44
1.500000e-15 -1.246262e+22 1.553169e+44
1.505000e-15 -1.255516e+22 1.576322e+44
1.510000e-15 -1.264623e+22 1.599272e+44
1.515000e-15 -1.273577e+22 1.621999e+44
1.520000e-15 -1.282374e+22 1.644483e+44
1.525000e-15 -1.291009e+22 1.666705e+44
1.530000e-15 -1.299478e+22 1.688644e+44
1.535000e-15 -1.307777e+22 1.710280e+44
1.540000e-15 -1.315900e+22 1.731592e+44
1.545000e-15 -1.323843e+22 1.752561e+44
1.550000e-15 -1.331602e+22 1.773165e+44
1.555000e-15 -1.339173e+22 1.793385e+44
1.560000e-15 -1.346551e+22 1.813199e+44
1.565000e-15 -1.353731e+22 1.832589e+44
1.570000e-15 -1.360710e+22 1.851532e+44
1.575000e-15 -1.367483e+22 1.870010e+44
1.580000e-15 -1.374046e+22 1.888003e+44
1.585000e-15 -1.380395e+22 1.905490e+44
1.590000e-15 -1.386525e+22 1.922451e+44
1.595000e-15 -1.392432e+22 1.938868e+44
1.600000e-15 -1.398113e+22 1.954721e+44
1.605000e-15 -1.403564e+22 1.969991e+44
1.610000e-15 -1.408779e+22 1.984660e+44
1.615000e-15 -1.413757e+22 1.998708e+44
1.620000e-15 -1.418492e+22 2.012119e+44
1.625000e-15 -1.422981e+22 2.024874e+44
1.630000e-15 -1.427220e+22 2.036957e+44
1.635000e-15 -1.431206e+22 2.048351e+44
1.640000e-15 -1.434935e+22 2.059038e+44
1.645000e-15 -1.438404e+22 2.069005e+44
1.650000e-15 -1.441608e+22 2.078234e+44
1.655000e-15 -1.444546e+22 2.086712e+44
1.660000e-15 -1.447213e+22 2.094425e+44
1.665000e-15 -1.449606e+22 2.101358e+44
1.670000e-15 -1.451723e+22 2.107499e+44
1.675000e-15 -1.453560e+22 2.112836e+44
1.680000e-15 -1.455114e+22 2.117357e+44
1.685000e-15 -1.456383e+22 2.121050e+44
1.690000e-15 -1.457363e+22 2.123907e+44
1.695000e-15 -1.458052e+22 2.125917e+44
1.700000e-15 -1.458448e+22 2.127072e+44
1.705000e-15 -1.458548e+22 2.127364e+44
1.710000e-15 -1.458350e+22 2.126785e+44
1.715000e-15 -1.457851e+22 2.125330e+44
1.720000e-15 -1.457050e+22 2.122994e+44
1.725000e-15 -1.455943e+22 2.119770e+44
1.730000e-15 -1.454530e+22 2.115657e+44
1.735000e-15 -1.452808e+22 2.110652e+44
1.740000e-15 -1.450776e+22 2.104751e+44
1.745000e-15 -1.448432e+22 2.097956e+44
1.750000e-15 -1.445775e+22 2.090265e+44
1.755000e-15 -1.442803e+22 2.081679e+44
1.760000e-15 -1.439514e+22 2.072201e+44
1.765000e-15 -1.435909e+22 2.061834e+44
1.770000e-15 -1.431985e+22 2.050581e+44
1.775000e-15 -1.427742e+22 2.038447e+44
1.780000e-15 -1.423179e+22 2.025439e+44
1.785000e-15 -1.418296e+22 2.011563e+44
1.790000e-15 -1.413091e+22 1.996827e+44
1.795000e-15 -1.407565e+22 1.981239e+44
1.800000e-15 -1.401717e+22 1.964811e+44
1.805000e-15 -1.395547e+22 1.947552e+44
1.810000e-15 -1.389055e+22 1.929474e+44
1.815000e-15 -1.382241e+22 1.910591e+44
1.820000e-15 -1.375106e+22 1.890916e+44
1.825000e-15 -1.367649e+22 1.870463e+44
1.830000e-15 -1.359871e+22 1.849250e+44
1.835000e-15 -1.351774e+22 1.827292e+44
1.840000e-15 -1.343356e+22 1.804607e+44
1.845000e-15 -1.334621e+22 1.781213e+44
1.850000e-15 -1.325568e+22 1.757130e+44
1.855000e-15 -1.316199e+22 1.732379e+44
1.860000e-15 -1.306514e+22 1.706980e+44
1.865000e-15 -1.296517e+22 1.680956e+44
1.870000e-15 -1.286207e+22 1.654329e+44
1.875000e-15 -1.275588e+22 1.627124e+44
1.880000e-15 -1.264660e+22 1.599364e+44
1.885000e-15 -1.253426e+22 1.571076e+44
1.890000e-15 -1.241887e+22 1.542284e+44
1.895000e-15 -1.230047e+22 1.513015e+44
1.900000e-15 -1.217907e+22 1.483298e+44
1.905000e-15 -1.205471e+22 1.453159e+44
1.910000e-15 -1.192740e+22 1.422628e+44
1.915000e-15 -1.179718e+22 1.391733e+44
1.920000e-15 -1.166407e+22 1.360505e+44
1.925000e-15 -1.152811e+22 1.328973e+44
1.930000e-15 -1.138933e+22 1.297168e+44
1.935000e-15 -1.124776e+22 1.265120e+44
1.940000e-15 -1.110343e+22 1.232863e+44
1.945000e-15 -1.095640e+22 1.200426e+44
1.950000e-15 -1.080668e+22 1.167843e+44
1.955000e-15 -1.065432e+22 1.135145e+44
1.960000e-15 -1.049936e+22 1.102366e+44
1.965000e-15 -1.034185e+22 1.069538e+44
1.970000e-15 -1.018181e+22 1.036693e+44
1.975000e-15 -1.001931e+22 1.003865e+44
1.980000e-15 -9.854377e+21 9.710874e+43
1.985000e-15 -9.687065e+21 9.383923e+43
1.990000e-15 -9.517420e+21 9.058129e+43
1.995000e-15 -9.345492e+21 8.733822e+43
2.000000e-15 -9.171329e+21 8.411328e+43
2.005000e-15 -8.994983e+21 8.090973e+43
2.010000e-15 -8.816507e+21 7.773080e+43
2.015000e-15 -8.635954e+21 7.457970e+43
2.020000e-15 -8.453378e+21 7.145959e+43
2.025000e-15 -8.268834e+21 6.837362e+43
2.030000e-15 -8.082381e+21 6.532488e+43
2.035000e-15 -7.894075e+21 6.231641e+43
2.040000e-15 -7.703974e+21 5.935122e+43
2.045000e-15 -7.512140e+21 5.643225e+43
2.050000e-15 -7.318632e+21 5.356237e+43
2.055000e-15 -7.123512e+21 5.074442e+43
2.060000e-15 -6.926843e+21 4.798115e+43
2.065000e-15 -6.728688e+21 4.527524e+43
2.070000e-15 -6.529112e+21 4.262930e+43
2.075000e-15 -6.328180e+21 4.004586e+43
2.080000e-15 -6.125958e+21 3.752736e+43
2.085000e-15 -5.922512e+21 3.507615e+43
2.090000e-15 -5.717911e+21 3.269451e+43
2.095000e-15 -5.512223e+21 3.038460e+43
2.100000e-15 -5.305517e+21 2.814851e+43
2.105000e-15 -5.097863e+21 2.598820e+43
2.110000e-15 -4.889330e+21 2.390555e+43
2.115000e-15 -4.679992e+21 2.190232e+43
2.120000e-15 -4.469918e+21 1.998016e+43
2.125000e-15 -4.259181e+21 1.814062e+43
2.130000e-15 -4.047854e+21 1.638512e+43
2.135000e-15 -3.836010e+21 1.471497e+43
2.140000e-15 -3.623724e+21 1.313137e+43
2.145000e-15 -3.411068e+21 1.163538e+43
2.150000e-15 -3.198118e+21 1.022796e+43
2.155000e-15 -2.984949e+21 8.909919e+42
2.160000e-15 -2.771636e+21 7.681963e+42
2.165000e-15 -2.558254e+21 6.544662e+42
2.170000e-15 -2.344879e+21 5.498460e+42
2.175000e-15 -2.131589e+21 4.543670e+42
2.180000e-15 -1.918458e+21 3.680479e+42
2.185000e-15 -1.705563e+21 2.908944e+42
2.190000e-15 -1.492981e+21 2.228992e+42
2.195000e-15 -1.280788e+21 1.640419e+42
2.200000e-15 -1.069062e+21 1.142894e+42
2.205000e-15 -8.578790e+20 7.359564e+41
2.210000e-15 -6.473157e+20 4.190176e+41
2.215000e-15 -4.374488e+20 1.913614e+41
2.220000e-15 -2.283550e+20 5.214600e+40
2.225000e-15 -2.011078e+19 4.044433e+38
2.230000e-15 1.872075e+20 3.504666e+40
2.235000e-15 3.935238e+20 1.548610e+41
2.240000e-15 5.987621e+20 3.585160e+41
2.245000e-15 8.028468e+20 6.445630e+41
2.250000e-15 1.005703e+21 1.011438e+42
2.255000e-15 1.207254e+21 1.457463e+42
2.260000e-15 1.407428e+21 1.980853e+42
2.265000e-15 1.606148e+21 2.579713e+42
2.270000e-15 1.803343e+21 3.252044e+42
2.275000e-15 1.998937e+21 3.995749e+42
2.280000e-15 2.192859e+21 4.808630e+42
2.285000e-15 2.385036e+21 5.688398e+42
2.290000e-15 2.575397e+21 6.632671e+42
2.295000e-15 2.763871e+21 7.638983e+42
2.300000e-15 2.950387e+21 8.704786e+42
2.305000e-15 3.134877e+21 9.827451e+42
2.310000e-15 3.317270e+21 1.100428e+43
2.315000e-15 3.497499e+21 1.223250e+43
2.320000e-15 3.675497e+21 1.350928e+43
2.325000e-15 3.851197e+21 1.483172e+43
2.330000e-15 4.024534e+21 1.619687e+43
2.335000e-15 4.195442e+21 1.760174e+43
2.340000e-15 4.363859e+21 1.904327e+43
2.345000e-15 4.529721e+21 2.051838e+43
2.350000e-15 4.692967e+21 2.202394e+43
2.355000e-15 4.853536e+21 2.355681e+43
2.360000e-15 5.011368e+21 2.511381e+43
2.365000e-15 5.166405e+21 2.669174e+43
2.370000e-15 5.318589e+21 2.828739e+43
2.375000e-15 5.467864e+21 2.989753e+43
2.380000e-15 5.614174e+21 3.151895e+43
2.385000e-15 5.757467e+21 3.314842e+43
2.390000e-15 5.897688e+21 3.478273e+43
2.395000e-15 6.034788e+21 3.641866e+43
2.400000e-15 6.168715e+21 3.805304e+43
2.405000e-15 6.299421e+21 3.968270e+43
2.410000e-15 6.426858e+21 4.130451e+43
2.415000e-15 6.550981e+21 4.291536e+43
2.420000e-15 6.671745e+21 4.451218e+43
2.425000e-15 6.789106e+21 4.609196e+43
2.430000e-15 6.903023e+21 4.765173e+43
2.435000e-15 7.013456e+21 4.918856e+43
2.440000e-15 7.120364e+21 5.069959e+43
2.445000e-15 7.223712e+21 5.218202e+43
2.450000e-15 7.323464e+21 5.363312e+43
2.455000e-15 7.419584e+21 5.505023e+43
2.460000e-15 7.512041e+21 5.643076e+43
2.465000e-15 7.600803e+21 5.777221e+43
2.470000e-15 7.685841e+21 5.907216e+43
2.475000e-15 7.767127e+21 6.032827e+43
2.480000e-15 7.844635e+21 6.153830e+43
2.485000e-15 7.918340e+21 6.270010e+43
2.490000e-15 7.988218e+21 6.381163e+43
2.495000e-15 8.054250e+21 6.487094e+43
2.500000e-15 8.116415e+21 6.587619e+43
2.505000e-15 8.174695e+21 6.682564e+43
2.510000e-15 8.229075e+21 6.771767e+43
2.515000e-15 8.279539e+21 6.855077e+43
2.520000e-15 8.326076e+21 6.932354e+43
2.525000e-15 8.368674e+21 7.003470e+43
2.530000e-15 8.407323e+21 7.068308e+43
2.535000e-15 8.442017e+21 7.126765e+43
2.540000e-15 8.472750e+21 7.178749e+43
2.545000e-15 8.499517e+21 7.224180e+43
2.550000e-15 8.522317e+21 7.262989e+43
2.555000e-15 8.541150e+21 7.295124e+43
2.560000e-15 8.556015e+21 7.320540e+43
2.565000e-15 8.566918e+21 7.339208e+43
2.570000e-15 8.573861e+21 7.351110e+43
2.575000e-15 8.576853e+21 7.356241e+43
2.580000e-15 8.575902e+21 7.354609e+43
2.585000e-15 8.571017e+21 7.346233e+43
2.590000e-15 8.562210e+21 7.331145e+43
2.595000e-15 8.549497e+21 7.309389e+43
2.600000e-15 8.532891e+21 7.281022e+43
2.605000e-15 8.512410e+21 7.246112e+43
2.610000e-15 8.488073e+21 7.204738e+43
2.615000e-15 8.459900e+21 7.156991e+43
2.620000e-15 8.427915e+21 7.102975e+43
2.625000e-15 8.392141e+21 7.042802e+43
2.630000e-15 8.352603e+21 6.976598e+43
2.635000e-15 8.309330e+21 6.904496e+43
2.640000e-15 8.262350e+21 6.826643e+43
2.645000e-15 8.211695e+21 6.743194e+43
2.650000e-15 8.157396e+21 6.654312e+43
2.655000e-15 8.099489e+21 6.560172e+43
2.660000e-15 8.038008e+21 6.460957e+43
2.665000e-15 7.972990e+21 6.356857e+43
2.670000e-15 7.904476e+21 6.248073e+43
2.675000e-15 7.832504e+21 6.134812e+43
2.680000e-15 7.757118e+21 6.017288e+43
2.685000e-15 7.678360e+21 5.895721e+43
2.690000e-15 7.596276e+21 5.770341e+43
2.695000e-15 7.510912e+21 5.641380e+43
2.700000e-15 7.422316e+21 5.509078e+43
2.705000e-15 7.330538e+21 5.373679e+43
2.710000e-15 7.235628e+21 5.235431e+43
2.715000e-15 7.137638e+21 5.094588e+43
2.720000e-15 7.036623e+21 4.951406e+43
2.725000e-15 6.932636e+21 4.806144e+43
2.730000e-15 6.825734e+21 4.659065e+43
2.735000e-15 6.715975e+21 4.510432e+43
2.740000e-15 6.603416e+21 4.360511e+43
2.745000e-15 6.488119e+21 4.209569e+43
2.750000e-15 6.370144e+21 4.057873e+43
2.755000e-15 6.249553e+21 3.905692e+43
2.760000e-15 6.126411e+21 3.753291e+43
2.765000e-15 6.000780e+21 3.600936e+43
2.770000e-15 5.872728e+21 3.448893e+43
2.775000e-15 5.742320e+21 3.297424e+43
2.780000e-15 5.609624e+21 3.146788e+43
2.785000e-15 5.474709e+21 2.997244e+43
2.790000e-15 5.337645e+21 2.849045e+43
2.795000e-15 5.198501e+21 2.702441e+43
2.800000e-15 5.057349e+21 2.557678e+43
2.805000e-15 4.914261e+21 2.414996e+43
2.810000e-15 4.769310e+21 2.274632e+43
2.815000e-15 4.622570e+21 2.136815e+43
2.820000e-15 4.474115e+21 2.001771e+43
2.825000e-15 4.324020e+21 1.869715e+43
2.830000e-15 4.172362e+21 1.740860e+43
2.835000e-15 4.019215e+21 1.615409e+43
2.840000e-15 3.864658e+21 1.493558e+43
2.845000e-15 3.708768e+21 1.375496e+43
2.850000e-15 3.551622e+21 1.261402e+43
2.855000e-15 3.393300e+21 1.151448e+43
2.860000e-15 3.233879e+21 1.045797e+43
2.865000e-15 3.073439e+21 9.446030e+42
2.870000e-15 2.912061e+21 8.480098e+42
2.875000e-15 2.749823e+21 7.561525e+42
2.880000e-15 2.586805e+21 6.691562e+42
2.885000e-15 2.423089e+21 5.871361e+42
2.890000e-15 2.258755e+21 5.101973e+42
2.895000e-15 2.093883e+21 4.384344e+42
2.900000e-15 1.928554e+21 3.719319e+42
2.905000e-15 1.762849e+21 3.107636e+42
2.910000e-15 1.596849e+21 2.549926e+42
2.915000e-15 1.430635e+21 2.046716e+42
2.920000e-15 1.264287e+21 1.598423e+42
2.925000e-15 1.097887e+21 1.205357e+42
2.930000e-15 9.315156e+20 8.677212e+41
2.935000e-15 7.652521e+20 5.856108e+41
2.940000e-15 5.991774e+20 3.590135e+41
2.945000e-15 4.333713e+20 1.878107e+41
2.950000e-15 2.679136e+20 7.177770e+40
2.955000e-15 1.028837e+20 1.058505e+40
2.960000e-15 -6.163951e+19 3.799430e+39
2.965000e-15 -2.255774e+20 5.088514e+40
2.970000e-15 -3.888517e+20 1.512056e+41
2.975000e-15 -5.513848e+20 3.040252e+41
2.980000e-15 -7.130997e+20 5.085111e+41
2.985000e-15 -8.739195e+20 7.637353e+41
2.990000e-15 -1.033768e+21 1.068677e+42
2.995000e-15 -1.192571e+21 1.422225e+42
3.000000e-15 -1.350252e+21 1.823182e+42
3.005000e-15 -1.506739e+21 2.270262e+42
3.010000e-15 -1.661957e+21 2.762100e+42
3.015000e-15 -1.815834e+21 3.297252e+42
3.020000e-15 -1.968298e+21 3.874198e+42
3.025000e-15 -2.119279e+21 4.491344e+42
3.030000e-15 -2.268707e+21 5.147030e+42
3.035000e-15 -2.416512e+21 5.839528e+42
3.040000e-15 -2.562626e+21 6.567050e+42
3.045000e-15 -2.706982e+21 7.327751e+42
3.050000e-15 -2.849514e+21 8.119729e+42
3.055000e-15 -2.990157e+21 8.941037e+42
3.060000e-15 -3.128846e+21 9.789678e+42
3.065000e-15 -3.265519e+21 1.066362e+43
3.070000e-15 -3.400114e+21 1.156078e+43
3.075000e-15 -3.532570e+21 1.247905e+43
3.080000e-15 -3.662828e+21 1.341631e+43
3.085000e-15 -3.790828e+21 1.437038e+43
3.090000e-15 -3.916515e+21 1.533909e+43
3.095000e-15 -4.039832e+21 1.632025e+43
3.100000e-15 -4.160725e+21 1.731164e+43
3.105000e-15 -4.279141e+21 1.831105e+43
3.110000e-15 -4.395027e+21 1.931626e+43
3.115000e-15 -4.508333e+21 2.032507e+43
3.120000e-15 -4.619010e+21 2.133526e+43
3.125000e-15 -4.727011e+21 2.234463e+43
3.130000e-15 -4.832288e+21 2.335101e+43
3.135000e-15 -4.934797e+21 2.435222e+43
3.140000e-15 -5.034495e+21 2.534614e+43
3.145000e-15 -5.131339e+21 2.633064e+43
3.150000e-15 -5.225290e+21 2.730366e+43
3.155000e-15 -5.316308e+21 2.826313e+43
3.160000e-15 -5.404356e+21 2.920706e+43
3.165000e-15 -5.489398e+21 3.013349e+43
3.170000e-15 -5.571400e+21 3.104050e+43
3.175000e-15 -5.650329e+21 3.192622e+43
3.180000e-15 -5.726155e+21 3.278885e+43
3.185000e-15 -5.798847e+21 3.362663e+43
3.190000e-15 -5.868378e+21 3.443786e+43
3.195000e-15 -5.934722e+21 3.522092e+43
3.200000e-15 -5.997854e+21 3.597425e+43
3.205000e-15 -6.057751e+21 3.669634e+43
3.210000e-15 -6.114392e+21 3.738579e+43
3.215000e-15 -6.167757e+21 3.804123e+43
3.220000e-15 -6.217829e+21 3.866140e+43
3.225000e-15 -6.264591e+21 3.924510e+43
3.230000e-15 -6.308028e+21 3.979122e+43
3.235000e-15 -6.348129e+21 4.029874e+43
3.240000e-15 -6.384881e+21 4.076670e+43
3.245000e-15 -6.418275e+21 4.119426e+43
3.250000e-15 -6.448304e+21 4.158062e+43
3.255000e-15 -6.474960e+21 4.192511e+43
3.260000e-15 -6.498241e+21 4.222714e+43
3.265000e-15 -6.518143e+21 4.248619e+43
3.270000e-15 -6.534665e+21 4.270185e+43
3.275000e-15 -6.547808e+21 4.287379e+43
3.280000e-15 -6.557575e+21 4.300179e+43
3.285000e-15 -6.563968e+21 4.308568e+43
3.290000e-15 -6.566995e+21 4.312542e+43
3.295000e-15 -6.566662e+21 4.312106e+43
3.300000e-15 -6.562979e+21 4.307270e+43
3.305000e-15 -6.555957e+21 4.298057e+43
3.310000e-15 -6.545607e+21 4.284497e+43
3.315000e-15 -6.531943e+21 4.266628e+43
3.320000e-15 -6.514983e+21 4.244500e+43
3.325000e-15 -6.494742e+21 4.218167e+43
3.330000e-15 -6.471239e+21 4.187694e+43
3.335000e-15 -6.444496e+21 4.153153e+43
3.340000e-15 -6.414534e+21 4.114624e+43
3.345000e-15 -6.381376e+21 4.072196e+43
3.350000e-15 -6.345049e+21 4.025965e+43
3.355000e-15 -6.305578e+21 3.976032e+43
3.360000e-15 -6.262993e+21 3.922508e+43
3.365000e-15 -6.217322e+21 3.865509e+43
3.370000e-15 -6.168597e+21 3.805159e+43
3.375000e-15 -6.116851e+21 3.741587e+43
3.380000e-15 -6.062118e+21 3.674928e+43
3.385000e-15 -6.004433e+21 3.605322e+43
3.390000e-15 -5.943834e+21 3.532916e+43
3.395000e-15 -5.880359e+21 3.457862e+43
3.400000e-15 -5.814047e+21 3.380314e+43
3.405000e-15 -5.744940e+21 3.300434e+43
3.410000e-15 -5.673080e+21 3.218384e+43
3.415000e-15 -5.598512e+21 3.134333e+43
3.420000e-15 -5.521279e+21 3.048452e+43
3.425000e-15 -5.441428e+21 2.960914e+43
3.430000e-15 -5.359006e+21 2.871895e+43
3.435000e-15 -5.274063e+21 2.781574e+43
3.440000e-15 -5.186648e+21 2.690132e+43
3.445000e-15 -5.096812e+21 2.597750e+43
3.450000e-15 -5.004608e+21 2.504610e+43
3.455000e-15 -4.910087e+21 2.410896e+43
3.460000e-15 -4.813305e+21 2.316791e+43
3.465000e-15 -4.714317e+21 2.222479e+43
3.470000e-15 -4.613179e+21 2.128142e+43
3.475000e-15 -4.509948e+21 2.033963e+43
3.480000e-15 -4.404683e+21 1.940123e+43
3.485000e-15 -4.297442e+21 1.846801e+43
3.490000e-15 -4.188285e+21 1.754173e+43
3.495000e-15 -4.077274e+21 1.662416e+43
3.500000e-15 -3.964470e+21 1.571702e+43
3.505000e-15 -3.849934e+21 1.482199e+43
3.510000e-15 -3.733731e+21 1.394075e+43
3.515000e-15 -3.615925e+21 1.307491e+43
3.520000e-15 -3.496578e+21 1.222606e+43
3.525000e-15 -3.375758e+21 1.139574e+43
3.530000e-15 -3.253529e+21 1.058545e+43
3.535000e-15 -3.129958e+21 9.796639e+42
3.540000e-15 -3.005112e+21 9.030700e+42
3.545000e-15 -2.879058e+21 8.288977e+42
3.550000e-15 -2.751864e+21 7.572757e+42
3.555000e-15 -2.623599e+21 6.883270e+42
3.560000e-15 -2.494330e+21 6.221683e+42
3.565000e-15 -2.364128e+21 5.589099e+42
3.570000e-15 -2.233061e+21 4.986559e+42
3.575000e-15 -2.101199e+21 4.415036e+42
3.580000e-15 -1.968612e+21 3.875433e+42
3.585000e-15 -1.835370e+21 3.368584e+42
3.590000e-15 -1.701544e+21 2.895253e+42
3.595000e-15 -1.567205e+21 2.456130e+42
3.600000e-15 -1.432421e+21 2.051831e+42
3.605000e-15 -1.297266e+21 1.682898e+42
3.610000e-15 -1.161808e+21 1.349798e+42
3.615000e-15 -1.026119e+21 1.052921e+42
3.620000e-15 -8.902703e+20 7.925812e+41
3.625000e-15 -7.543314e+20 5.690158e+41
3.630000e-15 -6.183732e+20 3.823855e+41
3.635000e-15 -4.824663e+20 2.327737e+41
3.640000e-15 -3.466807e+20 1.201875e+41
3.645000e-15 -2.110865e+20 4.455750e+40
3.650000e-15 -7.575344e+19 5.738584e+39
3.655000e-15 5.924893e+19 3.510435e+39
3.660000e-15 1.938515e+20 3.757839e+40
3.665000e-15 3.279853e+20 1.075744e+41
3.670000e-15 4.615821e+20 2.130580e+41
3.675000e-15 5.945737e+20 3.535179e+41
3.680000e-15 7.268927e+20 5.283730e+41
3.685000e-15 8.584718e+20 7.369739e+41
3.690000e-15 9.892446e+20 9.786050e+41
3.695000e-15 1.119145e+21 1.252486e+42
3.700000e-15 1.248108e+21 1.557773e+42
3.705000e-15 1.376068e+21 1.893563e+42
3.710000e-15 1.502961e+21 2.258892e+42
3.715000e-15 1.628724e+21 2.652743e+42
3.720000e-15 1.753294e+21 3.074041e+42
3.725000e-15 1.876610e+21 3.521663e+42
3.730000e-15 1.998608e+21 3.994436e+42
3.735000e-15 2.119231e+21 4.491138e+42
3.740000e-15 2.238417e+21 5.010509e+42
3.745000e-15 2.356107e+21 5.551243e+42
3.750000e-15 2.472246e+21 6.111998e+42
3.755000e-15 2.586774e+21 6.691399e+42
3.760000e-15 2.699636e+21 7.288037e+42
3.765000e-15 2.810778e+21 7.900474e+42
3.770000e-15 2.920145e+21 8.527249e+42
3.775000e-15 3.027685e+21 9.166875e+42
3.780000e-15 3.133344e+21 9.817847e+42
3.785000e-15 3.237074e+21 1.047865e+43
3.790000e-15 3.338823e+21 1.114774e+43
3.795000e-15 3.438543e+21 1.182358e+43
3.800000e-15 3.536187e+21 1.250462e+43
3.805000e-15 3.631709e+21 1.318931e+43
3.810000e-15 3.725063e+21 1.387610e+43
3.815000e-15 3.816206e+21 1.456343e+43
3.820000e-15 3.905094e+21 1.524976e+43
3.825000e-15 3.991688e+21 1.593357e+43
3.830000e-15 4.075945e+21 1.661333e+43
3.835000e-15 4.157829e+21 1.728754e+43
3.840000e-15 4.237300e+21 1.795471e+43
3.845000e-15 4.314324e+21 1.861339e+43
3.850000e-15 4.388865e+21 1.926213e+43
3.855000e-15 4.460889e+21 1.989953e+43
3.860000e-15 4.530366e+21 2.052421e+43
3.865000e-15 4.597263e+21 2.113483e+43
3.870000e-15 4.661552e+21 2.173007e+43
3.875000e-15 4.723206e+21 2.230867e+43
3.880000e-15 4.782196e+21 2.286940e+43
3.885000e-15 4.838500e+21 2.341108e+43
3.890000e-15 4.892092e+21 2.393256e+43
3.895000e-15 4.942951e+21 2.443277e+43
3.900000e-15 4.991057e+21 2.491065e+43
3.905000e-15 5.036390e+21 2.536523e+43
3.910000e-15 5.078933e+21 2.579556e+43
3.915000e-15 5.118669e+21 2.620078e+43
3.920000e-15 5.155585e+21 2.658005e+43
3.925000e-15 5.189666e+21 2.693263e+43
3.930000e-15 5.220901e+21 2.725781e+43
3.935000e-15 5.249281e+21 2.755495e+43
3.940000e-15 5.274796e+21 2.782347e+43
3.945000e-15 5.297440e+21 2.806287e+43
3.950000e-15 5.317206e+21 2.827268e+43
3.955000e-15 5.334092e+21 2.845253e+43
3.960000e-15 5.348094e+21 2.860211e+43
3.965000e-15 5.359211e+21 2.872115e+43
3.970000e-15 5.367445e+21 2.880947e+43
3.975000e-15 5.372797e+21 2.886695e+43
3.980000e-15 5.375270e+21 2.889353e+43
3.985000e-15 5.374871e+21 2.888924e+43
3.990000e-15 5.371604e+21 2.885413e+43
3.995000e-15 5.365479e+21 2.878837e+43
4.000000e-15 5.356506e+21 2.869215e+43
4.005000e-15 5.344694e+21 2.856575e+43
4.010000e-15 5.330056e+21 2.840950e+43
4.015000e-15 5.312608e+21 2.822380e+43
4.020000e-15 5.292363e+21 2.800911e+43
4.025000e-15 5.269339e+21 2.776594e+43
4.030000e-15 5.243555e+21 2.749487e+43
4.035000e-15 5.215029e+21 2.719653e+43
4.040000e-15 5.183784e+21 2.687161e+43
4.045000e-15 5.149841e+21 2.652086e+43
4.050000e-15 5.113225e+21 2.614507e+43
4.055000e-15 5.073961e+21 2.574508e+43
4.060000e-15 5.032075e+21 2.532178e+43
4.065000e-15 4.987596e+21 2.487611e+43
4.070000e-15 4.940553e+21 2.440906e+43
4.075000e-15 4.890976e+21 2.392165e+43
4.080000e-15 4.838898e+21 2.341494e+43
4.085000e-15 4.784352e+21 2.289002e+43
4.090000e-15 4.727371e+21 2.234804e+43
4.095000e-15 4.667992e+21 2.179015e+43
4.100000e-15 4.606251e+21 2.121755e+43
4.105000e-15 4.542187e+21 2.063147e+43
4.110000e-15 4.475839e+21 2.003313e+43
4.115000e-15 4.407247e+21 1.942382e+43
4.120000e-15 4.336452e+21 1.880481e+43
4.125000e-15 4.263497e+21 1.817740e+43
4.130000e-15 4.188425e+21 1.754291e+43
4.135000e-15 4.111282e+21 1.690264e+43
4.140000e-15 4.032113e+21 1.625793e+43
4.145000e-15 3.950964e+21 1.561012e+43
4.150000e-15 3.867883e+21 1.496052e+43
4.155000e-15 3.782920e+21 1.431048e+43
4.160000e-15 3.696122e+21 1.366132e+43
4.165000e-15 3.607541e+21 1.301435e+43
4.170000e-15 3.517228e+21 1.237089e+43
4.175000e-15 3.425234e+21 1.173223e+43
4.180000e-15 3.331614e+21 1.109965e+43
4.185000e-15 3.236419e+21 1.047441e+43
4.190000e-15 3.139705e+21 9.857750e+42
4.195000e-15 3.041528e+21 9.250890e+42
4.200000e-15 2.941941e+21 8.655017e+42
4.205000e-15 2.841003e+21 8.071296e+42
4.210000e-15 2.738769e+21 7.500856e+42
4.215000e-15 2.635298e+21 6.944795e+42
4.220000e-15 2.530648e+21 6.404178e+42
4.225000e-15 2.424877e+21 5.880027e+42
4.230000e-15 2.318044e+21 5.373330e+42
4.235000e-15 2.210210e+21 4.885030e+42
4.240000e-15 2.101435e+21 4.416028e+42
4.245000e-15 1.991778e+21 3.967179e+42
4.250000e-15 1.881301e+21 3.539292e+42
4.255000e-15 1.770064e+21 3.133127e+42
4.260000e-15 1.658130e+21 2.749394e+42
4.265000e-15 1.545559e+21 2.388754e+42
4.270000e-15 1.432415e+21 2.051813e+42
4.275000e-15 1.318759e+21 1.739125e+42
4.280000e-15 1.204653e+21 1.451189e+42
4.285000e-15 1.090160e+21 1.188449e+42
4.290000e-15 9.753422e+20 9.512924e+41
4.295000e-15 8.602625e+20 7.400515e+41
4.300000e-15 7.449834e+20 5.550002e+41
4.305000e-15 6.295675e+20 3.963552e+41
4.310000e-15 5.140774e+20 2.642756e+41
4.315000e-15 3.985757e+20 1.588626e+41
4.320000e-15 2.831248e+20 8.015964e+40
4.325000e-15 1.677868e+20 2.815243e+40
4.330000e-15 5.262404e+19 2.769290e+39
4.335000e-15 -6.230173e+19 3.881505e+39
4.340000e-15 -1.769288e+20 3.130380e+40
4.345000e-15 -2.911958e+20 8.479499e+40
4.350000e-15 -4.050416e+20 1.640587e+41
4.355000e-15 -5.184055e+20 2.687443e+41
4.360000e-15 -6.312271e+20 3.984476e+41
4.365000e-15 -7.434463e+20 5.527124e+41
4.370000e-15 -8.550037e+20 7.310313e+41
4.375000e-15 -9.658401e+20 9.328470e+41
4.380000e-15 -1.075897e+21 1.157554e+42
4.385000e-15 -1.185116e+21 1.404500e+42
4.390000e-15 -1.293440e+21 1.672987e+42
4.395000e-15 -1.400812e+21 1.962274e+42
4.400000e-15 -1.507175e+21 2.271577e+42
4.405000e-15 -1.612474e+21 2.600074e+42
4.410000e-15 -1.716654e+21 2.946902e+42
4.415000e-15 -1.819661e+21 3.311166e+42
4.420000e-15 -1.921440e+21 3.691933e+42
4.425000e-15 -2.021940e+21 4.088241e+42
4.430000e-15 -2.121107e+21 4.499097e+42
4.435000e-15 -2.218892e+21 4.923481e+42
4.440000e-15 -2.315243e+21 5.360348e+42
4.445000e-15 -2.410110e+21 5.808631e+42
4.450000e-15 -2.503446e+21 6.267243e+42
4.455000e-15 -2.595203e+21 6.735076e+42
4.460000e-15 -2.685333e+21 7.211012e+42
4.465000e-15 -2.773791e+21 7.693915e+42
4.470000e-15 -2.860532e+21 8.182642e+42
4.475000e-15 -2.945512e+21 8.676041e+42
4.480000e-15 -3.028689e+21 9.172956e+42
4.485000e-15 -3.110020e+21 9.672225e+42
4.490000e-15 -3.189465e+21 1.017269e+43
4.495000e-15 -3.266985e+21 1.067319e+43
4.500000e-15 -3.342541e+21 1.117258e+43
4.505000e-15 -3.416095e+21 1.166970e+43
4.510000e-15 -3.487612e+21 1.216343e+43
4.515000e-15 -3.557056e+21 1.265264e+43
4.520000e-15 -3.624393e+21 1.313623e+43
4.525000e-15 -3.689592e+21 1.361309e+43
4.530000e-15 -3.752620e+21 1.408215e+43
4.535000e-15 -3.813447e+21 1.454238e+43
4.540000e-15 -3.872045e+21 1.499273e+43
4.545000e-15 -3.928385e+21 1.543221e+43
4.550000e-15 -3.982442e+21 1.585985e+43
4.555000e-15 -4.034191e+21 1.627469e+43
4.560000e-15 -4.083606e+21 1.667584e+43
4.565000e-15 -4.130667e+21 1.706241e+43
4.570000e-15 -4.175352e+21 1.743356e+43
4.575000e-15 -4.217641e+21 1.778849e+43
4.580000e-15 -4.257515e+21 1.812643e+43
4.585000e-15 -4.294958e+21 1.844666e+43
4.590000e-15 -4.329953e+21 1.874849e+43
4.595000e-15 -4.362486e+21 1.903129e+43
4.600000e-15 -4.392545e+21 1.929445e+43
4.605000e-15 -4.420117e+21 1.953744e+43
4.610000e-15 -4.445193e+21 1.975974e+43
4.615000e-15 -4.467762e+21 1.996090e+43
4.620000e-15 -4.487819e+21 2.014052e+43
4.625000e-15 -4.505356e+21 2.029823e+43
4.630000e-15 -4.520369e+21 2.043373e+43
4.635000e-15 -4.532854e+21 2.054677e+43
4.640000e-15 -4.542810e+21 2.063712e+43
4.645000e-15 -4.550236e+21 2.070464e+43
4.650000e-15 -4.555132e+21 2.074923e+43
4.655000e-15 -4.557501e+21 2.077082e+43
4.660000e-15 -4.557347e+21 2.076941e+43
4.665000e-15 -4.554674e+21 2.074506e+43
4.670000e-15 -4.549489e+21 2.069785e+43
4.675000e-15 -4.541799e+21 2.062794e+43
4.680000e-15 -4.531613e+21 2.053552e+43
4.685000e-15 -4.518942e+21 2.042084e+43
4.690000e-15 -4.503798e+21 2.028419e+43
4.695000e-15 -4.486193e+21 2.012593e+43
4.700000e-15 -4.466142e+21 1.994642e+43
4.705000e-15 -4.443661e+21 1.974612e+43
4.710000e-15 -4.418766e+21 1.952549e+43
4.715000e-15 -4.391476e+21 1.928506e+43
4.720000e-15 -4.361811e+21 1.902540e+43
4.725000e-15 -4.329792e+21 1.874710e+43
4.730000e-15 -4.295440e+21 1.845080e+43
4.735000e-15 -4.258778e+21 1.813719e+43
4.740000e-15 -4.219833e+21 1.780699e+43
4.745000e-15 -4.178629e+21 1.746094e+43
4.750000e-15 -4.135193e+21 1.709982e+43
4.755000e-15 -4.089554e+21 1.672445e+43
4.760000e-15 -4.041741e+21 1.633567e+43
4.765000e-15 -3.991784e+21 1.593434e+43
4.770000e-15 -3.939716e+21 1.552136e+43
4.775000e-15 -3.885568e+21 1.509764e+43
4.780000e-15 -3.829376e+21 1.466412e+43
4.785000e-15 -3.771173e+21 1.422174e+43
4.790000e-15 -3.710995e+21 1.377149e+43
4.795000e-15 -3.648880e+21 1.331433e+43
4.800000e-15 -3.584866e+21 1.285127e+43
4.805000e-15 -3.518992e+21 1.238330e+43
4.810000e-15 -3.451297e+21 1.191145e+43
4.815000e-15 -3.381822e+21 1.143672e+43
4.820000e-15 -3.310610e+21 1.096014e+43
4.825000e-15 -3.237703e+21 1.048272e+43
4.830000e-15 -3.163144e+21 1.000548e+43
4.835000e-15 -3.086978e+21 9.529436e+42
4.840000e-15 -3.009251e+21 9.055591e+42
4.845000e-15 -2.930007e+21 8.584943e+42
4.850000e-15 -2.849295e+21 8.118480e+42
4.855000e-15 -2.767160e+21 7.657177e+42
4.860000e-15 -2.683653e+21 7.201992e+42
4.865000e-15 -2.598821e+21 6.753869e+42
4.870000e-15 -2.512714e+21 6.313729e+42
4.875000e-15 -2.425382e+21 5.882476e+42
4.880000e-15 -2.336876e+21 5.460987e+42
4.885000e-15 -2.247247e+21 5.050118e+42
4.890000e-15 -2.156547e+21 4.650696e+42
4.895000e-15 -2.064829e+21 4.263519e+42
4.900000e-15 -1.972145e+21 3.889357e+42
4.905000e-15 -1.878549e+21 3.528947e+42
4.910000e-15 -1.784094e+21 3.182993e+42
4.915000e-15 -1.688835e+21 2.852164e+42
4.920000e-15 -1.592826e+21 2.537094e+42
4.925000e-15 -1.496121e+21 2.238379e+42
4.930000e-15 -1.398776e+21 1.956576e+42
4.935000e-15 -1.300847e+21 1.692203e+42
4.940000e-15 -1.202388e+21 1.445737e+42
4.945000e-15 -1.103456e+21 1.217615e+42
4.950000e-15 -1.004106e+21 1.008229e+42
4.955000e-15 -9.043949e+20 8.179301e+41
4.960000e-15 -8.043786e+20 6.470250e+41
4.965000e-15 -7.041135e+20 4.957759e+41
4.970000e-15 -6.036559e+20 3.644005e+41
4.975000e-15 -5.030622e+20 2.530716e+41
4.980000e-15 -4.023887e+20 1.619166e+41
4.985000e-15 -3.016916e+20 9.101784e+40
4.990000e-15 -2.010274e+20 4.041200e+40
4.995000e-15 -1.004519e+20 1.009059e+40
5.000000e-15 -2.136894e+16 4.566317e+32
