0.000000e+00 nan nan
5.000000e-18 -1.225231e+05 1.501191e+10
1.000000e-17 -3.136052e+07 9.834821e+14
1.500000e-17 -8.035054e+08 6.456210e+17
2.000000e-17 -8.022771e+09 6.436486e+19
2.500000e-17 -4.779477e+10 2.284340e+21
3.000000e-17 -2.053792e+11 4.218062e+22
3.500000e-17 -7.043800e+11 4.961512e+23
4.000000e-17 -2.048184e+12 4.195059e+24
4.500000e-17 -5.250078e+12 2.756332e+25
5.000000e-17 -1.218295e+13 1.484242e+26
5.500000e-17 -2.608379e+13 6.803643e+26
6.000000e-17 -5.225239e+13 2.730312e+27
6.500000e-17 -9.898743e+13 9.798512e+27
7.000000e-17 -1.788070e+14 3.197196e+28
7.500000e-17 -3.100042e+14 9.610259e+28
8.000000e-17 -5.185904e+14 2.689360e+29
8.500000e-17 -8.406848e+14 7.067509e+29
9.000000e-17 -1.325406e+15 1.756701e+30
9.500000e-17 -2.038331e+15 4.154795e+30
1.000000e-16 -3.065582e+15 9.397793e+30
1.050000e-16 -4.518603e+15 2.041777e+31
1.100000e-16 -6.539702e+15 4.276770e+31
1.150000e-16 -9.308415e+15 8.664658e+31
1.200000e-16 -1.304876e+16 1.702701e+32
1.250000e-16 -1.803746e+16 3.253500e+32
1.300000e-16 -2.461318e+16 6.058088e+32
1.350000e-16 -3.318688e+16 1.101369e+33
1.400000e-16 -4.425329e+16 1.958354e+33
1.450000e-16 -5.840362e+16 3.410983e+33
1.500000e-16 -7.633960e+16 5.827734e+33
1.550000e-16 -9.888874e+16 9.778984e+33
1.600000e-16 -1.270211e+17 1.613437e+34
1.650000e-16 -1.618676e+17 2.620112e+34
1.700000e-16 -2.047394e+17 4.191820e+34
1.750000e-16 -2.571492e+17 6.612570e+34
1.800000e-16 -3.208343e+17 1.029346e+35
1.850000e-16 -3.977807e+17 1.582295e+35
1.900000e-16 -4.902491e+17 2.403442e+35
1.950000e-16 -6.008030e+17 3.609642e+35
2.000000e-16 -7.323375e+17 5.363182e+35
2.050000e-16 -8.881108e+17 7.887409e+35
2.100000e-16 -1.071777e+18 1.148706e+36
2.150000e-16 -1.287420e+18 1.657450e+36
2.200000e-16 -1.539590e+18 2.370338e+36
2.250000e-16 -1.833342e+18 3.361144e+36
2.300000e-16 -2.174274e+18 4.727469e+36
2.350000e-16 -2.568569e+18 6.597546e+36
2.400000e-16 -3.023035e+18 9.138743e+36
2.450000e-16 -3.545155e+18 1.256812e+37
2.500000e-16 -4.143125e+18 1.716548e+37
2.550000e-16 -4.825906e+18 2.328937e+37
2.600000e-16 -5.603272e+18 3.139666e+37
2.650000e-16 -6.485856e+18 4.206633e+37
2.700000e-16 -7.485203e+18 5.602827e+37
2.750000e-16 -8.613823e+18 7.419795e+37
2.800000e-16 -9.885239e+18 9.771795e+37
2.850000e-16 -1.131404e+19 1.280076e+38
2.900000e-16 -1.291595e+19 1.668218e+38
2.950000e-16 -1.470785e+19 2.163209e+38
3.000000e-16 -1.670787e+19 2.791529e+38
3.050000e-16 -1.893541e+19 3.585499e+38
3.100000e-16 -2.141123e+19 4.584408e+38
3.150000e-16 -2.415747e+19 5.835832e+38
3.200000e-16 -2.719771e+19 7.397156e+38
3.250000e-16 -3.055707e+19 9.337344e+38
3.300000e-16 -3.426218e+19 1.173897e+39
3.350000e-16 -3.834133e+19 1.470057e+39
3.400000e-16 -4.282441e+19 1.833930e+39
3.450000e-16 -4.774307e+19 2.279400e+39
3.500000e-16 -5.313069e+19 2.822870e+39
3.550000e-16 -5.902245e+19 3.483650e+39
3.600000e-16 -6.545541e+19 4.284410e+39
3.650000e-16 -7.246848e+19 5.251680e+39
3.700000e-16 -8.010251e+19 6.416412e+39
3.750000e-16 -8.840034e+19 7.814619e+39
3.800000e-16 -9.740677e+19 9.488078e+39
3.850000e-16 -1.071687e+20 1.148512e+40
3.900000e-16 -1.177349e+20 1.386151e+40
3.950000e-16 -1.291565e+20 1.668140e+40
4.000000e-16 -1.414865e+20 2.001844e+40
4.050000e-16 -1.547802e+20 2.395691e+40
4.100000e-16 -1.690948e+20 2.859307e+40
4.150000e-16 -1.844899e+20 3.403652e+40
4.200000e-16 -2.010270e+20 4.041184e+40
4.250000e-16 -2.187698e+20 4.786021e+40
4.300000e-16 -2.377842e+20 5.654130e+40
4.350000e-16 -2.581381e+20 6.663526e+40
4.400000e-16 -2.799016e+20 7.834488e+40
4.450000e-16 -3.031467e+20 9.189793e+40
4.500000e-16 -3.279477e+20 1.075497e+41
4.550000e-16 -3.543805e+20 1.255855e+41
4.600000e-16 -3.825233e+20 1.463241e+41
4.650000e-16 -4.124561e+20 1.701200e+41
4.700000e-16 -4.442606e+20 1.973675e+41
4.750000e-16 -4.780203e+20 2.285034e+41
4.800000e-16 -5.138206e+20 2.640116e+41
4.850000e-16 -5.517483e+20 3.044262e+41
4.900000e-16 -5.918919e+20 3.503360e+41
4.950000e-16 -6.343411e+20 4.023886e+41
5.000000e-16 -6.791872e+20 4.612952e+41
5.050000e-16 -7.265226e+20 5.278351e+41
5.100000e-16 -7.764408e+20 6.028603e+41
5.150000e-16 -8.290364e+20 6.873014e+41
5.200000e-16 -8.844048e+20 7.821718e+41
5.250000e-16 -9.426420e+20 8.885739e+41
5.300000e-16 -1.003845e+21 1.007704e+42
5.350000e-16 -1.068110e+21 1.140859e+42
5.400000e-16 -1.135536e+21 1.289441e+42
5.450000e-16 -1.206219e+21 1.454964e+42
5.500000e-16 -1.280257e+21 1.639058e+42
5.550000e-16 -1.357747e+21 1.843477e+42
5.600000e-16 -1.438786e+21 2.070105e+42
5.650000e-16 -1.523470e+21 2.320961e+42
5.700000e-16 -1.611894e+21 2.598202e+42
5.750000e-16 -1.704153e+21 2.904136e+42
5.800000e-16 -1.800338e+21 3.241218e+42
5.850000e-16 -1.900543e+21 3.612064e+42
5.900000e-16 -2.004856e+21 4.019449e+42
5.950000e-16 -2.113366e+21 4.466316e+42
6.000000e-16 -2.226158e+21 4.955780e+42
6.050000e-16 -2.343316e+21 5.491129e+42
6.100000e-16 -2.464920e+21 6.075830e+42
6.150000e-16 -2.591048e+21 6.713530e+42
6.200000e-16 -2.721775e+21 7.408060e+42
6.250000e-16 -2.857173e+21 8.163436e+42
6.300000e-16 -2.997308e+21 8.983857e+42
6.350000e-16 -3.142246e+21 9.873709e+42
6.400000e-16 -3.292045e+21 1.083756e+43
6.450000e-16 -3.446762e+21 1.188017e+43
6.500000e-16 -3.606446e+21 1.300646e+43
6.550000e-16 -3.771145e+21 1.422153e+43
6.600000e-16 -3.940898e+21 1.553068e+43
6.650000e-16 -4.115741e+21 1.693933e+43
6.700000e-16 -4.295704e+21 1.845307e+43
6.750000e-16 -4.480810e+21 2.007766e+43
6.800000e-16 -4.671078e+21 2.181897e+43
6.850000e-16 -4.866518e+21 2.368300e+43
6.900000e-16 -5.067136e+21 2.567586e+43
6.950000e-16 -5.272928e+21 2.780377e+43
7.000000e-16 -5.483887e+21 3.007302e+43
7.050000e-16 -5.699995e+21 3.248994e+43
7.100000e-16 -5.921228e+21 3.506094e+43
7.150000e-16 -6.147555e+21 3.779243e+43
7.200000e-16 -6.378936e+21 4.069082e+43
7.250000e-16 -6.615323e+21 4.376249e+43
7.300000e-16 -6.856660e+21 4.701378e+43
7.350000e-16 -7.102882e+21 5.045093e+43
7.400000e-16 -7.353917e+21 5.408010e+43
7.450000e-16 -7.609682e+21 5.790726e+43
7.500000e-16 -7.870087e+21 6.193827e+43
7.550000e-16 -8.135031e+21 6.617874e+43
7.600000e-16 -8.404406e+21 7.063405e+43
7.650000e-16 -8.678093e+21 7.530930e+43
7.700000e-16 -8.955965e+21 8.020931e+43
7.750000e-16 -9.237884e+21 8.533849e+43
7.800000e-16 -9.523703e+21 9.070092e+43
7.850000e-16 -9.813266e+21 9.630020e+43
7.900000e-16 -1.010641e+22 1.021395e+44
7.950000e-16 -1.040295e+22 1.082215e+44
8.000000e-16 -1.070272e+22 1.145482e+44
8.050000e-16 -1.100551e+22 1.211212e+44
8.100000e-16 -1.131111e+22 1.279413e+44
8.150000e-16 -1.161933e+22 1.350087e+44
8.200000e-16 -1.192992e+22 1.423231e+44
8.250000e-16 -1.224267e+22 1.498830e+44
8.300000e-16 -1.255733e+22 1.576865e+44
8.350000e-16 -1.287364e+22 1.657307e+44
8.400000e-16 -1.319136e+22 1.740119e+44
8.450000e-16 -1.351020e+22 1.825256e+44
8.500000e-16 -1.382990e+22 1.912662e+44
8.550000e-16 -1.415017e+22 2.002274e+44
8.600000e-16 -1.447072e+22 2.094016e+44
8.650000e-16 -1.479123e+22 2.187805e+44
8.700000e-16 -1.511141e+22 2.283548e+44
8.750000e-16 -1.543094e+22 2.381139e+44
8.800000e-16 -1.574949e+22 2.480465e+44
8.850000e-16 -1.606674e+22 2.581401e+44
8.900000e-16 -1.638234e+22 2.683810e+44
8.950000e-16 -1.669595e+22 2.787548e+44
9.000000e-16 -1.700723e+22 2.892458e+44
9.050000e-16 -1.731581e+22 2.998374e+44
9.100000e-16 -1.762135e+22 3.105120e+44
9.150000e-16 -1.792347e+22 3.212508e+44
9.200000e-16 -1.822181e+22 3.320343e+44
9.250000e-16 -1.851599e+22 3.428419e+44
9.300000e-16 -1.880565e+22 3.536523e+44
9.350000e-16 -1.909039e+22 3.644430e+44
9.400000e-16 -1.936985e+22 3.751911e+44
9.450000e-16 -1.964364e+22 3.858725e+44
9.500000e-16 -1.991137e+22 3.964628e+44
9.550000e-16 -2.017267e+22 4.069367e+44
9.600000e-16 -2.042715e+22 4.172685e+44
9.650000e-16 -2.067443e+22 4.274319e+44
9.700000e-16 -2.091411e+22 4.374001e+44
9.750000e-16 -2.114583e+22 4.471463e+44
9.800000e-16 -2.136921e+22 4.566430e+44
9.850000e-16 -2.158386e+22 4.658629e+44
9.900000e-16 -2.178941e+22 4.747784e+44
9.950000e-16 -2.198550e+22 4.833623e+44
1.000000e-15 -2.217176e+22 4.915871e+44
1.005000e-15 -2.234784e+22 4.994258e+44
1.010000e-15 -2.251337e+22 5.068517e+44
1.015000e-15 -2.266801e+22 5.138387e+44
1.020000e-15 -2.281142e+22 5.203611e+44
1.025000e-15 -2.294328e+22 5.263940e+44
1.030000e-15 -2.306325e+22 5.319133e+44
1.035000e-15 -2.317101e+22 5.368958e+44
1.040000e-15 -2.326627e+22 5.413195e+44
1.045000e-15 -2.334873e+22 5.451633e+44
1.050000e-15 -2.341810e+22 5.484076e+44
1.055000e-15 -2.347411e+22 5.510340e+44
1.060000e-15 -2.351650e+22 5.530258e+44
1.065000e-15 -2.354501e+22 5.543677e+44
1.070000e-15 -2.355942e+22 5.550462e+44
1.075000e-15 -2.355949e+22 5.550497e+44
1.080000e-15 -2.354502e+22 5.543681e+44
1.085000e-15 -2.351582e+22 5.529937e+44
1.090000e-15 -2.347170e+22 5.509206e+44
1.095000e-15 -2.341250e+22 5.481452e+44
1.100000e-15 -2.333808e+22 5.446658e+44
1.105000e-15 -2.324830e+22 5.404833e+44
1.110000e-15 -2.314304e+22 5.356005e+44
1.115000e-15 -2.302222e+22 5.300228e+44
1.120000e-15 -2.288576e+22 5.237579e+44
1.125000e-15 -2.273359e+22 5.168159e+44
1.130000e-15 -2.256566e+22 5.092092e+44
1.135000e-15 -2.238197e+22 5.009527e+44
1.140000e-15 -2.218250e+22 4.920634e+44
1.145000e-15 -2.196727e+22 4.825611e+44
1.150000e-15 -2.173632e+22 4.724676e+44
1.155000e-15 -2.148969e+22 4.618070e+44
1.160000e-15 -2.122747e+22 4.506057e+44
1.165000e-15 -2.094976e+22 4.388923e+44
1.170000e-15 -2.065666e+22 4.266974e+44
1.175000e-15 -2.034831e+22 4.140536e+44
1.180000e-15 -2.002487e+22 4.009954e+44
1.185000e-15 -1.968652e+22 3.875591e+44
1.190000e-15 -1.933346e+22 3.737826e+44
1.195000e-15 -1.896590e+22 3.597054e+44
1.200000e-15 -1.858409e+22 3.453683e+44
1.205000e-15 -1.818828e+22 3.308136e+44
1.210000e-15 -1.777876e+22 3.160844e+44
1.215000e-15 -1.735583e+22 3.012248e+44
1.220000e-15 -1.691980e+22 2.862798e+44
1.225000e-15 -1.647103e+22 2.712948e+44
1.230000e-15 -1.600986e+22 2.563156e+44
1.235000e-15 -1.553668e+22 2.413884e+44
1.240000e-15 -1.505189e+22 2.265593e+44
1.245000e-15 -1.455590e+22 2.118741e+44
1.250000e-15 -1.404914e+22 1.973784e+44
1.255000e-15 -1.353208e+22 1.831173e+44
1.260000e-15 -1.300518e+22 1.691348e+44
1.265000e-15 -1.246893e+22 1.554743e+44
1.270000e-15 -1.192384e+22 1.421779e+44
1.275000e-15 -1.137041e+22 1.292863e+44
1.280000e-15 -1.080919e+22 1.168386e+44
1.285000e-15 -1.024073e+22 1.048725e+44
1.290000e-15 -9.665582e+21 9.342347e+43
1.295000e-15 -9.084329e+21 8.252504e+43
1.300000e-15 -8.497560e+21 7.220852e+43
1.305000e-15 -7.905874e+21 6.250285e+43
1.310000e-15 -7.309883e+21 5.343440e+43
1.315000e-15 -6.710210e+21 4.502692e+43
1.320000e-15 -6.107485e+21 3.730137e+43
1.325000e-15 -5.502349e+21 3.027584e+43
1.330000e-15 -4.895450e+21 2.396543e+43
1.335000e-15 -4.287443e+21 1.838216e+43
1.340000e-15 -3.678989e+21 1.353496e+43
1.345000e-15 -3.070754e+21 9.429529e+42
1.350000e-15 -2.463409e+21 6.068385e+42
1.355000e-15 -1.857629e+21 3.450785e+42
1.360000e-15 -1.254089e+21 1.572738e+42
1.365000e-15 -6.534667e+20 4.270187e+41
1.370000e-15 -5.644136e+19 3.185627e+39
1.375000e-15 5.363096e+20 2.876280e+41
1.380000e-15 1.124110e+21 1.263623e+42
1.385000e-15 1.706286e+21 2.911411e+42
1.390000e-15 2.282167e+21 5.208286e+42
1.395000e-15 2.851087e+21 8.128699e+42
1.400000e-15 3.412387e+21 1.164438e+43
1.405000e-15 3.965411e+21 1.572449e+43
1.410000e-15 4.509514e+21 2.033572e+43
1.415000e-15 5.044058e+21 2.544252e+43
1.420000e-15 5.568414e+21 3.100724e+43
1.425000e-15 6.081965e+21 3.699029e+43
1.430000e-15 6.584103e+21 4.335041e+43
1.435000e-15 7.074234e+21 5.004479e+43
1.440000e-15 7.551779e+21 5.702936e+43
1.445000e-15 8.016169e+21 6.425897e+43
1.450000e-15 8.466854e+21 7.168762e+43
1.455000e-15 8.903299e+21 7.926873e+43
1.460000e-15 9.324985e+21 8.695534e+43
1.465000e-15 9.731411e+21 9.470037e+43
1.470000e-15 1.012210e+22 1.024568e+44
1.475000e-15 1.049658e+22 1.101782e+44
1.480000e-15 1.085442e+22 1.178184e+44
1.485000e-15 1.119519e+22 1.253322e+44
1.490000e-15 1.151849e+22 1.326757e+44
1.495000e-15 1.182396e+22 1.398060e+44
1.500000e-15 1.211123e+22 1.466819e+44
1.505000e-15 1.237997e+22 1.532638e+44
1.510000e-15 1.262989e+22 1.595141e+44
1.515000e-15 1.286070e+22 1.653975e+44
1.520000e-15 1.307214e+22 1.708808e+44
1.525000e-15 1.326399e+22 1.759334e+44
1.530000e-15 1.343604e+22 1.805273e+44
1.535000e-15 1.358813e+22 1.846373e+44
1.540000e-15 1.372010e+22 1.882411e+44
1.545000e-15 1.383183e+22 1.913196e+44
1.550000e-15 1.392323e+22 1.938565e+44
1.555000e-15 1.399424e+22 1.958389e+44
1.560000e-15 1.404483e+22 1.972572e+44
1.565000e-15 1.407497e+22 1.981049e+44
1.570000e-15 1.408471e+22 1.983790e+44
1.575000e-15 1.407408e+22 1.980798e+44
1.580000e-15 1.404317e+22 1.972107e+44
1.585000e-15 1.399209e+22 1.957785e+44
1.590000e-15 1.392097e+22 1.937933e+44
1.595000e-15 1.382998e+22 1.912682e+44
1.600000e-15 1.371931e+22 1.882194e+44
1.605000e-15 1.358919e+22 1.846660e+44
1.610000e-15 1.343986e+22 1.806298e+44
1.615000e-15 1.327161e+22 1.761356e+44
1.620000e-15 1.308474e+22 1.712104e+44
1.625000e-15 1.287958e+22 1.658837e+44
1.630000e-15 1.265650e+22 1.601870e+44
1.635000e-15 1.241588e+22 1.541540e+44
1.640000e-15 1.215812e+22 1.478200e+44
1.645000e-15 1.188368e+22 1.412218e+44
1.650000e-15 1.159300e+22 1.343976e+44
1.655000e-15 1.128657e+22 1.273866e+44
1.660000e-15 1.096490e+22 1.202290e+44
1.665000e-15 1.062852e+22 1.129654e+44
1.670000e-15 1.027798e+22 1.056369e+44
1.675000e-15 9.913855e+21 9.828452e+43
1.680000e-15 9.536734e+21 9.094929e+43
1.685000e-15 9.147230e+21 8.367181e+43
1.690000e-15 8.745972e+21 7.649203e+43
1.695000e-15 8.333607e+21 6.944901e+43
1.700000e-15 7.910798e+21 6.258073e+43
1.705000e-15 7.478224e+21 5.592383e+43
1.710000e-15 7.036576e+21 4.951340e+43
1.715000e-15 6.586561e+21 4.338278e+43
1.720000e-15 6.128895e+21 3.756336e+43
1.725000e-15 5.664308e+21 3.208439e+43
1.730000e-15 5.193538e+21 2.697284e+43
1.735000e-15 4.717332e+21 2.225322e+43
1.740000e-15 4.236444e+21 1.794746e+43
1.745000e-15 3.751635e+21 1.407477e+43
1.750000e-15 3.263672e+21 1.065155e+43
1.755000e-15 2.773324e+21 7.691325e+42
1.760000e-15 2.281363e+21 5.204619e+42
1.765000e-15 1.788565e+21 3.198964e+42
1.770000e-15 1.295702e+21 1.678844e+42
1.775000e-15 8.035486e+20 6.456904e+41
1.780000e-15 3.128755e+20 9.789108e+40
1.785000e-15 -1.755498e+20 3.081773e+40
1.790000e-15 -6.609644e+20 4.368739e+41
1.795000e-15 -1.142611e+21 1.305561e+42
1.800000e-15 -1.619741e+21 2.623561e+42
1.805000e-15 -2.091612e+21 4.374839e+42
1.810000e-15 -2.557492e+21 6.540764e+42
1.815000e-15 -3.016660e+21 9.100237e+42
1.820000e-15 -3.468407e+21 1.202985e+43
1.825000e-15 -3.912037e+21 1.530403e+43
1.830000e-15 -4.346868e+21 1.889526e+43
1.835000e-15 -4.772233e+21 2.277421e+43
1.840000e-15 -5.187482e+21 2.690997e+43
1.845000e-15 -5.591983e+21 3.127027e+43
1.850000e-15 -5.985120e+21 3.582166e+43
1.855000e-15 -6.366299e+21 4.052977e+43
1.860000e-15 -6.734946e+21 4.535950e+43
1.865000e-15 -7.090508e+21 5.027530e+43
1.870000e-15 -7.432454e+21 5.524137e+43
1.875000e-15 -7.760277e+21 6.022189e+43
1.880000e-15 -8.073492e+21 6.518128e+43
1.885000e-15 -8.371643e+21 7.008441e+43
1.890000e-15 -8.654295e+21 7.489682e+43
1.895000e-15 -8.921042e+21 7.958498e+43
1.900000e-15 -9.171503e+21 8.411647e+43
1.905000e-15 -9.405327e+21 8.846018e+43
1.910000e-15 -9.622189e+21 9.258652e+43
1.915000e-15 -9.821794e+21 9.646763e+43
1.920000e-15 -1.000387e+22 1.000775e+44
1.925000e-15 -1.016819e+22 1.033922e+44
1.930000e-15 -1.031455e+22 1.063899e+44
1.935000e-15 -1.044276e+22 1.090511e+44
1.940000e-15 -1.055267e+22 1.113589e+44
1.945000e-15 -1.064418e+22 1.132987e+44
1.950000e-15 -1.071720e+22 1.148585e+44
1.955000e-15 -1.077168e+22 1.160291e+44
1.960000e-15 -1.080759e+22 1.168041e+44
1.965000e-15 -1.082495e+22 1.171795e+44
1.970000e-15 -1.082378e+22 1.171543e+44
1.975000e-15 -1.080417e+22 1.167302e+44
1.980000e-15 -1.076622e+22 1.159115e+44
1.985000e-15 -1.071005e+22 1.147052e+44
1.990000e-15 -1.063584e+22 1.131210e+44
1.995000e-15 -1.054376e+22 1.111710e+44
2.000000e-15 -1.043406e+22 1.088696e+44
2.005000e-15 -1.030697e+22 1.062337e+44
2.010000e-15 -1.016279e+22 1.032822e+44
2.015000e-15 -1.000181e+22 1.000362e+44
2.020000e-15 -9.824379e+21 9.651842e+43
2.025000e-15 -9.630859e+21 9.275344e+43
2.030000e-15 -9.421640e+21 8.876730e+43
2.035000e-15 -9.197140e+21 8.458738e+43
2.040000e-15 -8.957800e+21 8.024217e+43
2.045000e-15 -8.704086e+21 7.576111e+43
2.050000e-15 -8.436488e+21 7.117434e+43
2.055000e-15 -8.155519e+21 6.651250e+43
2.060000e-15 -7.861713e+21 6.180653e+43
2.065000e-15 -7.555623e+21 5.708744e+43
2.070000e-15 -7.237826e+21 5.238612e+43
2.075000e-15 -6.908913e+21 4.773308e+43
2.080000e-15 -6.569496e+21 4.315828e+43
2.085000e-15 -6.220203e+21 3.869093e+43
2.090000e-15 -5.861677e+21 3.435925e+43
2.095000e-15 -5.494574e+21 3.019034e+43
2.100000e-15 -5.119566e+21 2.620996e+43
2.105000e-15 -4.737336e+21 2.244235e+43
2.110000e-15 -4.348576e+21 1.891011e+43
2.115000e-15 -3.953990e+21 1.563404e+43
2.120000e-15 -3.554289e+21 1.263297e+43
2.125000e-15 -3.150192e+21 9.923708e+42
2.130000e-15 -2.742422e+21 7.520880e+42
2.135000e-15 -2.331709e+21 5.436868e+42
2.140000e-15 -1.918785e+21 3.681735e+42
2.145000e-15 -1.504383e+21 2.263168e+42
2.150000e-15 -1.089238e+21 1.186440e+42
2.155000e-15 -6.740843e+20 4.543897e+41
2.160000e-15 -2.596538e+20 6.742008e+40
2.165000e-15 1.533248e+20 2.350849e+40
2.170000e-15 5.641270e+20 3.182392e+41
2.175000e-15 9.720343e+20 9.448506e+41
2.180000e-15 1.376335e+21 1.894298e+42
2.185000e-15 1.776326e+21 3.155334e+42
2.190000e-15 2.171314e+21 4.714603e+42
2.195000e-15 2.560615e+21 6.556747e+42
2.200000e-15 2.943558e+21 8.664532e+42
2.205000e-15 3.319485e+21 1.101898e+43
2.210000e-15 3.687753e+21 1.359952e+43
2.215000e-15 4.047733e+21 1.638414e+43
2.220000e-15 4.398813e+21 1.934955e+43
2.225000e-15 4.740398e+21 2.247137e+43
2.230000e-15 5.071913e+21 2.572430e+43
2.235000e-15 5.392800e+21 2.908230e+43
2.240000e-15 5.702525e+21 3.251879e+43
2.245000e-15 6.000572e+21 3.600687e+43
2.250000e-15 6.286450e+21 3.951945e+43
2.255000e-15 6.559689e+21 4.302952e+43
2.260000e-15 6.819844e+21 4.651027e+43
2.265000e-15 7.066494e+21 4.993533e+43
2.270000e-15 7.299244e+21 5.327897e+43
2.275000e-15 7.517726e+21 5.651620e+43
2.280000e-15 7.721597e+21 5.962306e+43
2.285000e-15 7.910541e+21 6.257666e+43
2.290000e-15 8.084272e+21 6.535545e+43
2.295000e-15 8.242530e+21 6.793929e+43
2.300000e-15 8.385084e+21 7.030963e+43
2.305000e-15 8.511733e+21 7.244960e+43
2.310000e-15 8.622305e+21 7.434414e+43
2.315000e-15 8.716657e+21 7.598010e+43
2.320000e-15 8.794675e+21 7.734631e+43
2.325000e-15 8.856277e+21 7.843364e+43
2.330000e-15 8.901410e+21 7.923509e+43
2.335000e-15 8.930049e+21 7.974578e+43
2.340000e-15 8.942203e+21 7.996300e+43
2.345000e-15 8.937908e+21 7.988620e+43
2.350000e-15 8.917230e+21 7.951699e+43
2.355000e-15 8.880266e+21 7.885912e+43
2.360000e-15 8.827140e+21 7.791840e+43
2.365000e-15 8.758008e+21 7.670271e+43
2.370000e-15 8.673053e+21 7.522185e+43
2.375000e-15 8.572486e+21 7.348752e+43
2.380000e-15 8.456548e+21 7.151320e+43
2.385000e-15 8.325504e+21 6.931402e+43
2.390000e-15 8.179649e+21 6.690666e+43
2.395000e-15 8.019303e+21 6.430921e+43
2.400000e-15 7.844811e+21 6.154105e+43
2.405000e-15 7.656543e+21 5.862266e+43
2.410000e-15 7.454896e+21 5.557547e+43
2.415000e-15 7.240286e+21 5.242174e+43
2.420000e-15 7.013154e+21 4.918433e+43
2.425000e-15 6.773963e+21 4.588658e+43
2.430000e-15 6.523197e+21 4.255209e+43
2.435000e-15 6.261357e+21 3.920459e+43
2.440000e-15 5.988967e+21 3.586773e+43
2.445000e-15 5.706566e+21 3.256490e+43
2.450000e-15 5.414712e+21 2.931911e+43
2.455000e-15 5.113977e+21 2.615276e+43
2.460000e-15 4.804948e+21 2.308752e+43
2.465000e-15 4.488227e+21 2.014418e+43
2.470000e-15 4.164426e+21 1.734245e+43
2.475000e-15 3.834172e+21 1.470088e+43
2.480000e-15 3.498099e+21 1.223669e+43
2.485000e-15 3.156850e+21 9.965701e+42
2.490000e-15 2.811078e+21 7.902157e+42
2.495000e-15 2.461440e+21 6.058686e+42
2.500000e-15 2.108600e+21 4.446193e+42
2.505000e-15 1.753225e+21 3.073798e+42
2.510000e-15 1.395986e+21 1.948776e+42
2.515000e-15 1.037553e+21 1.076517e+42
2.520000e-15 6.786000e+20 4.604980e+41
2.525000e-15 3.197966e+20 1.022698e+41
2.530000e-15 -3.818830e+19 1.458347e+39
2.535000e-15 -3.946893e+20 1.557797e+41
2.540000e-15 -7.490460e+20 5.610699e+41
2.545000e-15 -1.100604e+21 1.211328e+42
2.550000e-15 -1.448715e+21 2.098774e+42
2.555000e-15 -1.792740e+21 3.213917e+42
2.560000e-15 -2.132050e+21 4.545638e+42
2.565000e-15 -2.466026e+21 6.081283e+42
2.570000e-15 -2.794060e+21 7.806769e+42
2.575000e-15 -3.115557e+21 9.706696e+42
2.580000e-15 -3.429938e+21 1.176448e+43
2.585000e-15 -3.736637e+21 1.396246e+43
2.590000e-15 -4.035104e+21 1.628207e+43
2.595000e-15 -4.324808e+21 1.870396e+43
2.600000e-15 -4.605233e+21 2.120817e+43
2.605000e-15 -4.875884e+21 2.377424e+43
2.610000e-15 -5.136285e+21 2.638142e+43
2.615000e-15 -5.385981e+21 2.900879e+43
2.620000e-15 -5.624539e+21 3.163544e+43
2.625000e-15 -5.851547e+21 3.424060e+43
2.630000e-15 -6.066616e+21 3.680382e+43
2.635000e-15 -6.269381e+21 3.930513e+43
2.640000e-15 -6.459501e+21 4.172515e+43
2.645000e-15 -6.636660e+21 4.404526e+43
2.650000e-15 -6.800569e+21 4.624773e+43
2.655000e-15 -6.950960e+21 4.831585e+43
2.660000e-15 -7.087596e+21 5.023402e+43
2.665000e-15 -7.210265e+21 5.198793e+43
2.670000e-15 -7.318782e+21 5.356457e+43
2.675000e-15 -7.412988e+21 5.495240e+43
2.680000e-15 -7.492754e+21 5.614136e+43
2.685000e-15 -7.557976e+21 5.712300e+43
2.690000e-15 -7.608579e+21 5.789048e+43
2.695000e-15 -7.644517e+21 5.843864e+43
2.700000e-15 -7.665770e+21 5.876403e+43
2.705000e-15 -7.672346e+21 5.886490e+43
2.710000e-15 -7.664282e+21 5.874122e+43
2.715000e-15 -7.641642e+21 5.839469e+43
2.720000e-15 -7.604516e+21 5.782867e+43
2.725000e-15 -7.553024e+21 5.704818e+43
2.730000e-15 -7.487311e+21 5.605982e+43
2.735000e-15 -7.407548e+21 5.487176e+43
2.740000e-15 -7.313933e+21 5.349362e+43
2.745000e-15 -7.206691e+21 5.193640e+43
2.750000e-15 -7.086070e+21 5.021239e+43
2.755000e-15 -6.952343e+21 4.833508e+43
2.760000e-15 -6.805809e+21 4.631904e+43
2.765000e-15 -6.646788e+21 4.417979e+43
2.770000e-15 -6.475625e+21 4.193372e+43
2.775000e-15 -6.292685e+21 3.959788e+43
2.780000e-15 -6.098355e+21 3.718994e+43
2.785000e-15 -5.893045e+21 3.472798e+43
2.790000e-15 -5.677180e+21 3.223037e+43
2.795000e-15 -5.451208e+21 2.971567e+43
2.800000e-15 -5.215593e+21 2.720241e+43
2.805000e-15 -4.970817e+21 2.470902e+43
2.810000e-15 -4.717376e+21 2.225364e+43
2.815000e-15 -4.455784e+21 1.985401e+43
2.820000e-15 -4.186566e+21 1.752734e+43
2.825000e-15 -3.910263e+21 1.529016e+43
2.830000e-15 -3.627427e+21 1.315822e+43
2.835000e-15 -3.338618e+21 1.114637e+43
2.840000e-15 -3.044411e+21 9.268437e+42
2.845000e-15 -2.745385e+21 7.537137e+42
2.850000e-15 -2.442129e+21 5.963992e+42
2.855000e-15 -2.135237e+21 4.559238e+42
2.860000e-15 -1.825310e+21 3.331758e+42
2.865000e-15 -1.512952e+21 2.289024e+42
2.870000e-15 -1.198769e+21 1.437048e+42
2.875000e-15 -8.833706e+20 7.803437e+41
2.880000e-15 -5.673654e+20 3.219035e+41
2.885000e-15 -2.513621e+20 6.318291e+40
2.890000e-15 6.403236e+19 4.100144e+39
2.895000e-15 3.782141e+20 1.430459e+41
2.900000e-15 6.905833e+20 4.769053e+41
2.905000e-15 1.000545e+21 1.001091e+42
2.910000e-15 1.307512e+21 1.709587e+42
2.915000e-15 1.610902e+21 2.595006e+42
2.920000e-15 1.910144e+21 3.648649e+42
2.925000e-15 2.204674e+21 4.860588e+42
2.930000e-15 2.493941e+21 6.219742e+42
2.935000e-15 2.777405e+21 7.713976e+42
2.940000e-15 3.054537e+21 9.330195e+42
2.945000e-15 3.324824e+21 1.105445e+43
2.950000e-15 3.587767e+21 1.287207e+43
2.955000e-15 3.842881e+21 1.476774e+43
2.960000e-15 4.089701e+21 1.672565e+43
2.965000e-15 4.327775e+21 1.872963e+43
2.970000e-15 4.556671e+21 2.076325e+43
2.975000e-15 4.775978e+21 2.280997e+43
2.980000e-15 4.985301e+21 2.485323e+43
2.985000e-15 5.184268e+21 2.687664e+43
2.990000e-15 5.372527e+21 2.886405e+43
2.995000e-15 5.549747e+21 3.079970e+43
3.000000e-15 5.715621e+21 3.266832e+43
3.005000e-15 5.869863e+21 3.445529e+43
3.010000e-15 6.012211e+21 3.614668e+43
3.015000e-15 6.142427e+21 3.772940e+43
3.020000e-15 6.260296e+21 3.919130e+43
3.025000e-15 6.365628e+21 4.052123e+43
3.030000e-15 6.458260e+21 4.170912e+43
3.035000e-15 6.538049e+21 4.274609e+43
3.040000e-15 6.604882e+21 4.362447e+43
3.045000e-15 6.658669e+21 4.433788e+43
3.050000e-15 6.699346e+21 4.488124e+43
3.055000e-15 6.726874e+21 4.525083e+43
3.060000e-15 6.741240e+21 4.544432e+43
3.065000e-15 6.742457e+21 4.546072e+43
3.070000e-15 6.730561e+21 4.530046e+43
3.075000e-15 6.705618e+21 4.496531e+43
3.080000e-15 6.667713e+21 4.445840e+43
3.085000e-15 6.616961e+21 4.378418e+43
3.090000e-15 6.553499e+21 4.294835e+43
3.095000e-15 6.477489e+21 4.195786e+43
3.100000e-15 6.389116e+21 4.082080e+43
3.105000e-15 6.288588e+21 3.954634e+43
3.110000e-15 6.176139e+21 3.814469e+43
3.115000e-15 6.052022e+21 3.662697e+43
3.120000e-15 5.916514e+21 3.500514e+43
3.125000e-15 5.769912e+21 3.329188e+43
3.130000e-15 5.612534e+21 3.150054e+43
3.135000e-15 5.444719e+21 2.964496e+43
3.140000e-15 5.266823e+21 2.773943e+43
3.145000e-15 5.079224e+21 2.579852e+43
3.150000e-15 4.882315e+21 2.383700e+43
3.155000e-15 4.676507e+21 2.186972e+43
3.160000e-15 4.462227e+21 1.991147e+43
3.165000e-15 4.239916e+21 1.797689e+43
3.170000e-15 4.010032e+21 1.608036e+43
3.175000e-15 3.773044e+21 1.423586e+43
3.180000e-15 3.529436e+21 1.245691e+43
3.185000e-15 3.279700e+21 1.075643e+43
3.190000e-15 3.024341e+21 9.146639e+42
3.195000e-15 2.763874e+21 7.639000e+42
3.200000e-15 2.498821e+21 6.244107e+42
3.205000e-15 2.229712e+21 4.971616e+42
3.210000e-15 1.957084e+21 3.830177e+42
3.215000e-15 1.681478e+21 2.827367e+42
3.220000e-15 1.403440e+21 1.969644e+42
3.225000e-15 1.123520e+21 1.262298e+42
3.230000e-15 8.422695e+20 7.094179e+41
3.235000e-15 5.602407e+20 3.138696e+41
3.240000e-15 2.779862e+20 7.727631e+40
3.245000e-15 -3.942509e+18 1.554337e+37
3.250000e-15 -2.849960e+20 8.122274e+40
3.255000e-15 -5.646283e+20 3.188051e+41
3.260000e-15 -8.422975e+20 7.094650e+41
3.265000e-15 -1.117467e+21 1.248733e+42
3.270000e-15 -1.389607e+21 1.931007e+42
3.275000e-15 -1.658194e+21 2.749606e+42
3.280000e-15 -1.922713e+21 3.696827e+42
3.285000e-15 -2.182661e+21 4.764008e+42
3.290000e-15 -2.437541e+21 5.941606e+42
3.295000e-15 -2.686870e+21 7.219272e+42
3.300000e-15 -2.930177e+21 8.585939e+42
3.305000e-15 -3.167003e+21 1.002991e+43
3.310000e-15 -3.396904e+21 1.153896e+43
3.315000e-15 -3.619449e+21 1.310041e+43
3.320000e-15 -3.834225e+21 1.470128e+43
3.325000e-15 -4.040833e+21 1.632833e+43
3.330000e-15 -4.238892e+21 1.796820e+43
3.335000e-15 -4.428039e+21 1.960753e+43
3.340000e-15 -4.607929e+21 2.123301e+43
3.345000e-15 -4.778236e+21 2.283154e+43
3.350000e-15 -4.938654e+21 2.439031e+43
3.355000e-15 -5.088897e+21 2.589687e+43
3.360000e-15 -5.228699e+21 2.733929e+43
3.365000e-15 -5.357815e+21 2.870619e+43
3.370000e-15 -5.476024e+21 2.998684e+43
3.375000e-15 -5.583123e+21 3.117127e+43
3.380000e-15 -5.678935e+21 3.225031e+43
3.385000e-15 -5.763303e+21 3.321566e+43
3.390000e-15 -5.836094e+21 3.406000e+43
3.395000e-15 -5.897198e+21 3.477694e+43
3.400000e-15 -5.946527e+21 3.536119e+43
3.405000e-15 -5.984018e+21 3.580848e+43
3.410000e-15 -6.009631e+21 3.611566e+43
3.415000e-15 -6.023347e+21 3.628071e+43
3.420000e-15 -6.025174e+21 3.630272e+43
3.425000e-15 -6.015141e+21 3.618192e+43
3.430000e-15 -5.993300e+21 3.591965e+43
3.435000e-15 -5.959728e+21 3.551835e+43
3.440000e-15 -5.914522e+21 3.498157e+43
3.445000e-15 -5.857803e+21 3.431386e+43
3.450000e-15 -5.789715e+21 3.352081e+43
3.455000e-15 -5.710424e+21 3.260894e+43
3.460000e-15 -5.620115e+21 3.158569e+43
3.465000e-15 -5.518996e+21 3.045932e+43
3.470000e-15 -5.407296e+21 2.923885e+43
3.475000e-15 -5.285264e+21 2.793401e+43
3.480000e-15 -5.153167e+21 2.655513e+43
3.485000e-15 -5.011294e+21 2.511306e+43
3.490000e-15 -4.859949e+21 2.361910e+43
3.495000e-15 -4.699456e+21 2.208489e+43
3.500000e-15 -4.530157e+21 2.052232e+43
3.505000e-15 -4.352407e+21 1.894345e+43
3.510000e-15 -4.166580e+21 1.736039e+43
3.515000e-15 -3.973063e+21 1.578523e+43
3.520000e-15 -3.772259e+21 1.422994e+43
3.525000e-15 -3.564581e+21 1.270624e+43
3.530000e-15 -3.350459e+21 1.122557e+43
3.535000e-15 -3.130329e+21 9.798962e+42
3.540000e-15 -2.904644e+21 8.436954e+42
3.545000e-15 -2.673860e+21 7.149530e+42
3.550000e-15 -2.438449e+21 5.946031e+42
3.555000e-15 -2.198884e+21 4.835091e+42
3.560000e-15 -1.955650e+21 3.824567e+42
3.565000e-15 -1.709236e+21 2.921487e+42
3.570000e-15 -1.460136e+21 2.131996e+42
3.575000e-15 -1.208848e+21 1.461312e+42
3.580000e-15 -9.558729e+20 9.136930e+41
3.585000e-15 -7.017150e+20 4.924039e+41
3.590000e-15 -4.468781e+20 1.997001e+41
3.595000e-15 -1.918669e+20 3.681289e+40
3.600000e-15 6.281540e+19 3.945774e+39
3.605000e-15 3.166670e+20 1.002780e+41
3.610000e-15 5.691893e+20 3.239765e+41
3.615000e-15 8.198875e+20 6.722156e+41
3.620000e-15 1.068272e+21 1.141204e+42
3.625000e-15 1.313857e+21 1.726221e+42
3.630000e-15 1.556167e+21 2.421657e+42
3.635000e-15 1.794732e+21 3.221062e+42
3.640000e-15 2.029089e+21 4.117203e+42
3.645000e-15 2.258788e+21 5.102123e+42
3.650000e-15 2.483387e+21 6.167209e+42
3.655000e-15 2.702455e+21 7.303260e+42
3.660000e-15 2.915573e+21 8.500569e+42
3.665000e-15 3.122338e+21 9.748994e+42
3.670000e-15 3.322356e+21 1.103805e+43
3.675000e-15 3.515249e+21 1.235697e+43
3.680000e-15 3.700655e+21 1.369484e+43
3.685000e-15 3.878226e+21 1.504064e+43
3.690000e-15 4.047632e+21 1.638333e+43
3.695000e-15 4.208559e+21 1.771197e+43
3.700000e-15 4.360711e+21 1.901580e+43
3.705000e-15 4.503808e+21 2.028429e+43
3.710000e-15 4.637592e+21 2.150726e+43
3.715000e-15 4.761821e+21 2.267494e+43
3.720000e-15 4.876275e+21 2.377806e+43
3.725000e-15 4.980752e+21 2.480789e+43
3.730000e-15 5.075070e+21 2.575633e+43
3.735000e-15 5.159069e+21 2.661599e+43
3.740000e-15 5.232609e+21 2.738019e+43
3.745000e-15 5.295571e+21 2.804307e+43
3.750000e-15 5.347857e+21 2.859958e+43
3.755000e-15 5.389391e+21 2.904554e+43
3.760000e-15 5.420119e+21 2.937768e+43
3.765000e-15 5.440005e+21 2.959366e+43
3.770000e-15 5.449040e+21 2.969203e+43
3.775000e-15 5.447231e+21 2.967233e+43
3.780000e-15 5.434611e+21 2.953500e+43
3.785000e-15 5.411231e+21 2.928142e+43
3.790000e-15 5.377165e+21 2.891391e+43
3.795000e-15 5.332508e+21 2.843564e+43
3.800000e-15 5.277375e+21 2.785068e+43
3.805000e-15 5.211900e+21 2.716390e+43
3.810000e-15 5.136241e+21 2.638097e+43
3.815000e-15 5.050573e+21 2.550828e+43
3.820000e-15 4.955090e+21 2.455291e+43
3.825000e-15 4.850007e+21 2.352256e+43
3.830000e-15 4.735556e+21 2.242549e+43
3.835000e-15 4.611987e+21 2.127043e+43
3.840000e-15 4.479570e+21 2.006655e+43
3.845000e-15 4.338588e+21 1.882334e+43
3.850000e-15 4.189342e+21 1.755059e+43
3.855000e-15 4.032150e+21 1.625823e+43
3.860000e-15 3.867343e+21 1.495635e+43
3.865000e-15 3.695268e+21 1.365501e+43
3.870000e-15 3.516284e+21 1.236426e+43
3.875000e-15 3.330764e+21 1.109399e+43
3.880000e-15 3.139093e+21 9.853902e+42
3.885000e-15 2.941665e+21 8.653395e+42
3.890000e-15 2.738889e+21 7.501515e+42
3.895000e-15 2.531180e+21 6.406874e+42
3.900000e-15 2.318964e+21 5.377592e+42
3.905000e-15 2.102672e+21 4.421228e+42
3.910000e-15 1.882745e+21 3.544729e+42
3.915000e-15 1.659629e+21 2.754370e+42
3.920000e-15 1.433777e+21 2.055715e+42
3.925000e-15 1.205642e+21 1.453574e+42
3.930000e-15 9.756861e+20 9.519634e+41
3.935000e-15 7.443697e+20 5.540862e+41
3.940000e-15 5.121566e+20 2.623043e+41
3.945000e-15 2.795111e+20 7.812645e+40
3.950000e-15 4.689728e+19 2.199355e+39
3.955000e-15 -1.852220e+20 3.430719e+40
3.960000e-15 -4.163858e+20 1.733772e+41
3.965000e-15 -6.461364e+20 4.174923e+41
3.970000e-15 -8.740196e+20 7.639103e+41
3.975000e-15 -1.099586e+21 1.209090e+42
3.980000e-15 -1.322393e+21 1.748722e+42
3.985000e-15 -1.542001e+21 2.377769e+42
3.990000e-15 -1.757983e+21 3.090505e+42
3.995000e-15 -1.969916e+21 3.880570e+42
4.000000e-15 -2.177388e+21 4.741017e+42
4.005000e-15 -2.379995e+21 5.664377e+42
4.010000e-15 -2.577346e+21 6.642715e+42
4.015000e-15 -2.769061e+21 7.667696e+42
4.020000e-15 -2.954769e+21 8.730659e+42
4.025000e-15 -3.134115e+21 9.822679e+42
4.030000e-15 -3.306758e+21 1.093465e+43
4.035000e-15 -3.472367e+21 1.205733e+43
4.040000e-15 -3.630631e+21 1.318148e+43
4.045000e-15 -3.781250e+21 1.429785e+43
4.050000e-15 -3.923942e+21 1.539732e+43
4.055000e-15 -4.058441e+21 1.647094e+43
4.060000e-15 -4.184499e+21 1.751003e+43
4.065000e-15 -4.301883e+21 1.850619e+43
4.070000e-15 -4.410379e+21 1.945145e+43
4.075000e-15 -4.509793e+21 2.033823e+43
4.080000e-15 -4.599947e+21 2.115951e+43
4.085000e-15 -4.680682e+21 2.190878e+43
4.090000e-15 -4.751860e+21 2.258017e+43
4.095000e-15 -4.813360e+21 2.316843e+43
4.100000e-15 -4.865083e+21 2.366903e+43
4.105000e-15 -4.906948e+21 2.407814e+43
4.110000e-15 -4.938894e+21 2.439267e+43
4.115000e-15 -4.960881e+21 2.461034e+43
4.120000e-15 -4.972888e+21 2.472961e+43
4.125000e-15 -4.974913e+21 2.474976e+43
4.130000e-15 -4.966977e+21 2.467086e+43
4.135000e-15 -4.949118e+21 2.449377e+43
4.140000e-15 -4.921395e+21 2.422013e+43
4.145000e-15 -4.883886e+21 2.385234e+43
4.150000e-15 -4.836688e+21 2.339355e+43
4.155000e-15 -4.779918e+21 2.284762e+43
4.160000e-15 -4.713712e+21 2.221908e+43
4.165000e-15 -4.638224e+21 2.151312e+43
4.170000e-15 -4.553626e+21 2.073551e+43
4.175000e-15 -4.460108e+21 1.989257e+43
4.180000e-15 -4.357879e+21 1.899111e+43
4.185000e-15 -4.247161e+21 1.803838e+43
4.190000e-15 -4.128197e+21 1.704201e+43
4.195000e-15 -4.001243e+21 1.600994e+43
4.200000e-15 -3.866571e+21 1.495037e+43
4.205000e-15 -3.724469e+21 1.387167e+43
4.210000e-15 -3.575238e+21 1.278232e+43
4.215000e-15 -3.419192e+21 1.169088e+43
4.220000e-15 -3.256661e+21 1.060584e+43
4.225000e-15 -3.087983e+21 9.535640e+42
4.230000e-15 -2.913511e+21 8.488547e+42
4.235000e-15 -2.733607e+21 7.472610e+42
4.240000e-15 -2.548645e+21 6.495589e+42
4.245000e-15 -2.359004e+21 5.564902e+42
4.250000e-15 -2.165077e+21 4.687560e+42
4.255000e-15 -1.967262e+21 3.870120e+42
4.260000e-15 -1.765963e+21 3.118625e+42
4.265000e-15 -1.561592e+21 2.438569e+42
4.270000e-15 -1.354565e+21 1.834847e+42
4.275000e-15 -1.145304e+21 1.311720e+42
4.280000e-15 -9.342318e+20 8.727890e+41
4.285000e-15 -7.217769e+20 5.209619e+41
4.290000e-15 -5.083681e+20 2.584381e+41
4.295000e-15 -2.944353e+20 8.669216e+40
4.300000e-15 -8.040884e+19 6.465582e+39
4.305000e-15 1.332819e+20 1.776407e+40
4.310000e-15 3.462090e+20 1.198607e+41
4.315000e-15 5.579471e+20 3.113049e+41
4.320000e-15 7.680739e+20 5.899375e+41
4.325000e-15 9.761715e+20 9.529108e+41
4.330000e-15 1.181827e+21 1.396714e+42
4.335000e-15 1.384632e+21 1.917207e+42
4.340000e-15 1.584188e+21 2.509650e+42
4.345000e-15 1.780099e+21 3.168753e+42
4.350000e-15 1.971982e+21 3.888711e+42
4.355000e-15 2.159459e+21 4.663262e+42
4.360000e-15 2.342164e+21 5.485731e+42
4.365000e-15 2.519740e+21 6.349092e+42
4.370000e-15 2.691843e+21 7.246020e+42
4.375000e-15 2.858139e+21 8.168956e+42
4.380000e-15 3.018305e+21 9.110167e+42
4.385000e-15 3.172035e+21 1.006181e+43
4.390000e-15 3.319033e+21 1.101598e+43
4.395000e-15 3.459018e+21 1.196481e+43
4.400000e-15 3.591725e+21 1.290049e+43
4.405000e-15 3.716903e+21 1.381536e+43
4.410000e-15 3.834316e+21 1.470198e+43
4.415000e-15 3.943745e+21 1.555313e+43
4.420000e-15 4.044989e+21 1.636194e+43
4.425000e-15 4.137861e+21 1.712189e+43
4.430000e-15 4.222192e+21 1.782690e+43
4.435000e-15 4.297831e+21 1.847135e+43
4.440000e-15 4.364646e+21 1.905013e+43
4.445000e-15 4.422520e+21 1.955869e+43
4.450000e-15 4.471357e+21 1.999304e+43
4.455000e-15 4.511079e+21 2.034983e+43
4.460000e-15 4.541624e+21 2.062634e+43
4.465000e-15 4.562950e+21 2.082052e+43
4.470000e-15 4.575036e+21 2.093096e+43
4.475000e-15 4.577877e+21 2.095696e+43
4.480000e-15 4.571486e+21 2.089848e+43
4.485000e-15 4.555896e+21 2.075619e+43
4.490000e-15 4.531158e+21 2.053139e+43
4.495000e-15 4.497342e+21 2.022609e+43
4.500000e-15 4.454535e+21 1.984289e+43
4.505000e-15 4.402843e+21 1.938503e+43
4.510000e-15 4.342388e+21 1.885634e+43
4.515000e-15 4.273312e+21 1.826119e+43
4.520000e-15 4.195770e+21 1.760449e+43
4.525000e-15 4.109938e+21 1.689159e+43
4.530000e-15 4.016006e+21 1.612831e+43
4.535000e-15 3.914181e+21 1.532081e+43
4.540000e-15 3.804684e+21 1.447562e+43
4.545000e-15 3.687752e+21 1.359951e+43
4.550000e-15 3.563636e+21 1.269950e+43
4.555000e-15 3.432602e+21 1.178276e+43
4.560000e-15 3.294929e+21 1.085656e+43
4.565000e-15 3.150908e+21 9.928219e+42
4.570000e-15 3.000842e+21 9.005051e+42
4.575000e-15 2.845047e+21 8.094291e+42
4.580000e-15 2.683849e+21 7.203044e+42
4.585000e-15 2.517584e+21 6.338230e+42
4.590000e-15 2.346599e+21 5.506525e+42
4.595000e-15 2.171247e+21 4.714314e+42
4.600000e-15 1.991892e+21 3.967634e+42
4.605000e-15 1.808904e+21 3.272134e+42
4.610000e-15 1.622659e+21 2.633024e+42
4.615000e-15 1.433541e+21 2.055039e+42
4.620000e-15 1.241936e+21 1.542405e+42
4.625000e-15 1.048236e+21 1.098799e+42
4.630000e-15 8.528370e+20 7.273309e+41
4.635000e-15 6.561362e+20 4.305147e+41
4.640000e-15 4.585335e+20 2.102530e+41
4.645000e-15 2.604296e+20 6.782357e+40
4.650000e-15 6.222537e+19 3.871996e+39
4.655000e-15 -1.356788e+20 1.840874e+40
4.660000e-15 -3.328841e+20 1.108118e+41
4.665000e-15 -5.289936e+20 2.798342e+41
4.670000e-15 -7.236137e+20 5.236168e+41
4.675000e-15 -9.163545e+20 8.397055e+41
4.680000e-15 -1.106830e+21 1.225074e+42
4.685000e-15 -1.294662e+21 1.676149e+42
4.690000e-15 -1.479474e+21 2.188843e+42
4.695000e-15 -1.660900e+21 2.758590e+42
4.700000e-15 -1.838581e+21 3.380381e+42
4.705000e-15 -2.012165e+21 4.048809e+42
4.710000e-15 -2.181310e+21 4.758113e+42
4.715000e-15 -2.345683e+21 5.502228e+42
4.720000e-15 -2.504961e+21 6.274830e+42
4.725000e-15 -2.658834e+21 7.069396e+42
4.730000e-15 -2.807000e+21 7.879249e+42
4.735000e-15 -2.949173e+21 8.697619e+42
4.740000e-15 -3.085076e+21 9.517695e+42
4.745000e-15 -3.214449e+21 1.033268e+43
4.750000e-15 -3.337041e+21 1.113585e+43
4.755000e-15 -3.452621e+21 1.192059e+43
4.760000e-15 -3.560967e+21 1.268048e+43
4.765000e-15 -3.661875e+21 1.340933e+43
4.770000e-15 -3.755157e+21 1.410120e+43
4.775000e-15 -3.840639e+21 1.475051e+43
4.780000e-15 -3.918163e+21 1.535200e+43
4.785000e-15 -3.987590e+21 1.590087e+43
4.790000e-15 -4.048794e+21 1.639273e+43
4.795000e-15 -4.101668e+21 1.682368e+43
4.800000e-15 -4.146123e+21 1.719034e+43
4.805000e-15 -4.182085e+21 1.748984e+43
4.810000e-15 -4.209499e+21 1.771988e+43
4.815000e-15 -4.228325e+21 1.787873e+43
4.820000e-15 -4.238543e+21 1.796525e+43
4.825000e-15 -4.240150e+21 1.797888e+43
4.830000e-15 -4.233160e+21 1.791964e+43
4.835000e-15 -4.217603e+21 1.778818e+43
4.840000e-15 -4.193529e+21 1.758568e+43
4.845000e-15 -4.161003e+21 1.731394e+43
4.850000e-15 -4.120107e+21 1.697528e+43
4.855000e-15 -4.070942e+21 1.657257e+43
4.860000e-15 -4.013623e+21 1.610917e+43
4.865000e-15 -3.948282e+21 1.558893e+43
4.870000e-15 -3.875068e+21 1.501615e+43
4.875000e-15 -3.794145e+21 1.439553e+43
4.880000e-15 -3.705691e+21 1.373215e+43
4.885000e-15 -3.609902e+21 1.303139e+43
4.890000e-15 -3.506984e+21 1.229894e+43
4.895000e-15 -3.397162e+21 1.154071e+43
4.900000e-15 -3.280672e+21 1.076281e+43
4.905000e-15 -3.157762e+21 9.971459e+42
4.910000e-15 -3.028694e+21 9.172986e+42
4.915000e-15 -2.893742e+21 8.373743e+42
4.920000e-15 -2.753191e+21 7.580063e+42
4.925000e-15 -2.607338e+21 6.798211e+42
4.930000e-15 -2.456488e+21 6.034331e+42
4.935000e-15 -2.300956e+21 5.294399e+42
4.940000e-15 -2.141068e+21 4.584173e+42
4.945000e-15 -1.977156e+21 3.909148e+42
4.950000e-15 -1.809561e+21 3.274512e+42
4.955000e-15 -1.638630e+21 2.685108e+42
4.960000e-15 -1.464715e+21 2.145391e+42
4.965000e-15 -1.288176e+21 1.659398e+42
4.970000e-15 -1.109376e+21 1.230716e+42
4.975000e-15 -9.286823e+20 8.624507e+41
4.980000e-15 -7.464646e+20 5.572093e+41
4.985000e-15 -5.630960e+20 3.170771e+41
4.990000e-15 -3.789509e+20 1.436038e+41
4.995000e-15 -1.944046e+20 3.779314e+40
5.000000e-15 -9.832361e+18 9.667533e+37
