0.000000e+00 nan nan
5.000000e-18 2.212321e+05 4.894364e+10
1.000000e-17 5.662431e+07 3.206312e+15
1.500000e-17 1.450745e+09 2.104660e+18
2.000000e-17 1.448445e+10 2.097993e+20
2.500000e-17 8.628326e+10 7.444801e+21
3.000000e-17 3.707354e+11 1.374447e+23
3.500000e-17 1.271362e+12 1.616360e+24
4.000000e-17 3.696396e+12 1.366335e+25
4.500000e-17 9.473614e+12 8.974936e+25
5.000000e-17 2.198041e+13 4.831383e+26
5.500000e-17 4.705225e+13 2.213914e+27
6.000000e-17 9.423998e+13 8.881173e+27
6.500000e-17 1.784931e+14 3.185977e+28
7.000000e-17 3.223526e+14 1.039112e+29
7.500000e-17 5.587432e+14 3.121940e+29
8.000000e-17 9.344592e+14 8.732141e+29
8.500000e-17 1.514444e+15 2.293539e+30
9.000000e-17 2.386964e+15 5.697598e+30
9.500000e-17 3.669794e+15 1.346739e+31
1.000000e-16 5.517503e+15 3.044284e+31
1.050000e-16 8.129982e+15 6.609660e+31
1.100000e-16 1.176229e+16 1.383515e+32
1.150000e-16 1.673598e+16 2.800931e+32
1.200000e-16 2.345195e+16 5.499942e+32
1.250000e-16 3.240503e+16 1.050086e+33
1.300000e-16 4.420026e+16 1.953663e+33
1.350000e-16 5.957121e+16 3.548729e+33
1.400000e-16 7.940012e+16 6.304380e+33
1.450000e-16 1.047403e+17 1.097054e+34
1.500000e-16 1.368407e+17 1.872538e+34
1.550000e-16 1.771725e+17 3.139009e+34
1.600000e-16 2.274586e+17 5.173740e+34
1.650000e-16 2.897049e+17 8.392890e+34
1.700000e-16 3.662346e+17 1.341278e+35
1.750000e-16 4.597251e+17 2.113472e+35
1.800000e-16 5.732466e+17 3.286117e+35
1.850000e-16 7.103048e+17 5.045329e+35
1.900000e-16 8.748849e+17 7.654235e+35
1.950000e-16 1.071499e+18 1.148110e+36
2.000000e-16 1.305236e+18 1.703642e+36
2.050000e-16 1.581816e+18 2.502141e+36
2.100000e-16 1.907641e+18 3.639093e+36
2.150000e-16 2.289857e+18 5.243444e+36
2.200000e-16 2.736413e+18 7.487958e+36
2.250000e-16 3.256125e+18 1.060235e+37
2.300000e-16 3.858738e+18 1.488986e+37
2.350000e-16 4.554997e+18 2.074799e+37
2.400000e-16 5.356713e+18 2.869438e+37
2.450000e-16 6.276841e+18 3.939873e+37
2.500000e-16 7.329545e+18 5.372223e+37
2.550000e-16 8.530281e+18 7.276569e+37
2.600000e-16 9.895868e+18 9.792821e+37
2.650000e-16 1.144457e+19 1.309782e+38
2.700000e-16 1.319618e+19 1.741391e+38
2.750000e-16 1.517208e+19 2.301919e+38
2.800000e-16 1.739534e+19 3.025979e+38
2.850000e-16 1.989081e+19 3.956444e+38
2.900000e-16 2.268517e+19 5.146171e+38
2.950000e-16 2.580704e+19 6.660031e+38
3.000000e-16 2.928702e+19 8.577295e+38
3.050000e-16 3.315783e+19 1.099442e+39
3.100000e-16 3.745434e+19 1.402828e+39
3.150000e-16 4.221367e+19 1.781994e+39
3.200000e-16 4.747524e+19 2.253898e+39
3.250000e-16 5.328089e+19 2.838853e+39
3.300000e-16 5.967489e+19 3.561093e+39
3.350000e-16 6.670407e+19 4.449433e+39
3.400000e-16 7.441782e+19 5.538012e+39
3.450000e-16 8.286821e+19 6.867141e+39
3.500000e-16 9.211001e+19 8.484255e+39
3.550000e-16 1.022007e+20 1.044499e+40
3.600000e-16 1.132008e+20 1.281441e+40
3.650000e-16 1.251732e+20 1.566834e+40
3.700000e-16 1.381842e+20 1.909488e+40
3.750000e-16 1.523027e+20 2.319612e+40
3.800000e-16 1.676007e+20 2.808998e+40
3.850000e-16 1.841529e+20 3.391229e+40
3.900000e-16 2.020373e+20 4.081905e+40
3.950000e-16 2.213346e+20 4.898898e+40
4.000000e-16 2.421285e+20 5.862622e+40
4.050000e-16 2.645058e+20 6.996333e+40
4.100000e-16 2.885561e+20 8.326462e+40
4.150000e-16 3.143718e+20 9.882962e+40
4.200000e-16 3.420482e+20 1.169970e+41
4.250000e-16 3.716835e+20 1.381486e+41
4.300000e-16 4.033784e+20 1.627141e+41
4.350000e-16 4.372364e+20 1.911757e+41
4.400000e-16 4.733635e+20 2.240730e+41
4.450000e-16 5.118682e+20 2.620091e+41
4.500000e-16 5.528614e+20 3.056557e+41
4.550000e-16 5.964561e+20 3.557599e+41
4.600000e-16 6.427676e+20 4.131502e+41
4.650000e-16 6.919130e+20 4.787435e+41
4.700000e-16 7.440112e+20 5.535527e+41
4.750000e-16 7.991831e+20 6.386936e+41
4.800000e-16 8.575506e+20 7.353931e+41
4.850000e-16 9.192373e+20 8.449972e+41
4.900000e-16 9.843676e+20 9.689797e+41
4.950000e-16 1.053067e+21 1.108950e+42
5.000000e-16 1.125462e+21 1.266664e+42
5.050000e-16 1.201678e+21 1.444030e+42
5.100000e-16 1.281843e+21 1.643120e+42
5.150000e-16 1.366082e+21 1.866181e+42
5.200000e-16 1.454523e+21 2.115638e+42
5.250000e-16 1.547291e+21 2.394110e+42
5.300000e-16 1.644511e+21 2.704416e+42
5.350000e-16 1.746306e+21 3.049584e+42
5.400000e-16 1.852799e+21 3.432862e+42
5.450000e-16 1.964109e+21 3.857724e+42
5.500000e-16 2.080355e+21 4.327877e+42
5.550000e-16 2.201653e+21 4.847275e+42
5.600000e-16 2.328115e+21 5.420120e+42
5.650000e-16 2.459851e+21 6.050869e+42
5.700000e-16 2.596968e+21 6.744242e+42
5.750000e-16 2.739567e+21 7.505228e+42
5.800000e-16 2.887747e+21 8.339082e+42
5.850000e-16 3.041601e+21 9.251336e+42
5.900000e-16 3.201218e+21 1.024779e+43
5.950000e-16 3.366680e+21 1.133453e+43
6.000000e-16 3.538066e+21 1.251791e+43
6.050000e-16 3.715446e+21 1.380454e+43
6.100000e-16 3.898886e+21 1.520131e+43
6.150000e-16 4.088443e+21 1.671537e+43
6.200000e-16 4.284168e+21 1.835410e+43
6.250000e-16 4.486105e+21 2.012514e+43
6.300000e-16 4.694288e+21 2.203634e+43
6.350000e-16 4.908745e+21 2.409578e+43
6.400000e-16 5.129493e+21 2.631170e+43
6.450000e-16 5.356541e+21 2.869254e+43
6.500000e-16 5.589890e+21 3.124687e+43
6.550000e-16 5.829529e+21 3.398341e+43
6.600000e-16 6.075438e+21 3.691094e+43
6.650000e-16 6.327586e+21 4.003834e+43
6.700000e-16 6.585932e+21 4.337450e+43
6.750000e-16 6.850424e+21 4.692830e+43
6.800000e-16 7.120998e+21 5.070861e+43
6.850000e-16 7.397579e+21 5.472417e+43
6.900000e-16 7.680080e+21 5.898363e+43
6.950000e-16 7.968403e+21 6.349545e+43
7.000000e-16 8.262436e+21 6.826784e+43
7.050000e-16 8.562055e+21 7.330878e+43
7.100000e-16 8.867124e+21 7.862588e+43
7.150000e-16 9.177493e+21 8.422638e+43
7.200000e-16 9.493002e+21 9.011708e+43
7.250000e-16 9.813474e+21 9.630427e+43
7.300000e-16 1.013872e+22 1.027937e+44
7.350000e-16 1.046854e+22 1.095904e+44
7.400000e-16 1.080272e+22 1.166988e+44
7.450000e-16 1.114103e+22 1.241226e+44
7.500000e-16 1.148323e+22 1.318646e+44
7.550000e-16 1.182906e+22 1.399268e+44
7.600000e-16 1.217826e+22 1.483101e+44
7.650000e-16 1.253055e+22 1.570147e+44
7.700000e-16 1.288563e+22 1.660393e+44
7.750000e-16 1.324319e+22 1.753820e+44
7.800000e-16 1.360291e+22 1.850391e+44
7.850000e-16 1.396447e+22 1.950063e+44
7.900000e-16 1.432751e+22 2.052775e+44
7.950000e-16 1.469168e+22 2.158455e+44
8.000000e-16 1.505662e+22 2.267018e+44
8.050000e-16 1.542194e+22 2.378361e+44
8.100000e-16 1.578725e+22 2.492372e+44
8.150000e-16 1.615215e+22 2.608918e+44
8.200000e-16 1.651622e+22 2.727856e+44
8.250000e-16 1.687906e+22 2.849026e+44
8.300000e-16 1.724021e+22 2.972250e+44
8.350000e-16 1.759926e+22 3.097338e+44
8.400000e-16 1.795573e+22 3.224084e+44
8.450000e-16 1.830919e+22 3.352265e+44
8.500000e-16 1.865916e+22 3.481644e+44
8.550000e-16 1.900518e+22 3.611969e+44
8.600000e-16 1.934677e+22 3.742974e+44
8.650000e-16 1.968344e+22 3.874378e+44
8.700000e-16 2.001471e+22 4.005888e+44
8.750000e-16 2.034010e+22 4.137196e+44
8.800000e-16 2.065910e+22 4.267983e+44
8.850000e-16 2.097122e+22 4.397920e+44
8.900000e-16 2.127596e+22 4.526665e+44
8.950000e-16 2.157283e+22 4.653868e+44
9.000000e-16 2.186131e+22 4.779170e+44
9.050000e-16 2.214093e+22 4.902207e+44
9.100000e-16 2.241117e+22 5.022606e+44
9.150000e-16 2.267155e+22 5.139991e+44
9.200000e-16 2.292157e+22 5.253983e+44
9.250000e-16 2.316074e+22 5.364201e+44
9.300000e-16 2.338859e+22 5.470263e+44
9.350000e-16 2.360464e+22 5.571791e+44
9.400000e-16 2.380842e+22 5.668408e+44
9.450000e-16 2.399946e+22 5.759741e+44
9.500000e-16 2.417732e+22 5.845427e+44
9.550000e-16 2.434155e+22 5.925109e+44
9.600000e-16 2.449171e+22 5.998440e+44
9.650000e-16 2.462740e+22 6.065086e+44
9.700000e-16 2.474819e+22 6.124728e+44
9.750000e-16 2.485369e+22 6.177059e+44
9.800000e-16 2.494352e+22 6.221794e+44
9.850000e-16 2.501732e+22 6.258663e+44
9.900000e-16 2.507473e+22 6.287421e+44
9.950000e-16 2.511542e+22 6.307843e+44
1.000000e-15 2.513907e+22 6.319730e+44
1.005000e-15 2.514539e+22 6.322906e+44
1.010000e-15 2.513409e+22 6.317226e+44
1.015000e-15 2.510492e+22 6.302571e+44
1.020000e-15 2.505764e+22 6.278854e+44
1.025000e-15 2.499204e+22 6.246018e+44
1.030000e-15 2.490791e+22 6.204039e+44
1.035000e-15 2.480509e+22 6.152924e+44
1.040000e-15 2.468343e+22 6.092716e+44
1.045000e-15 2.454280e+22 6.023493e+44
1.050000e-15 2.438312e+22 5.945366e+44
1.055000e-15 2.420430e+22 5.858482e+44
1.060000e-15 2.400630e+22 5.763024e+44
1.065000e-15 2.378910e+22 5.659211e+44
1.070000e-15 2.355269e+22 5.547294e+44
1.075000e-15 2.329713e+22 5.427562e+44
1.080000e-15 2.302246e+22 5.300336e+44
1.085000e-15 2.272877e+22 5.165971e+44
1.090000e-15 2.241619e+22 5.024855e+44
1.095000e-15 2.208485e+22 4.877406e+44
1.100000e-15 2.173493e+22 4.724072e+44
1.105000e-15 2.136663e+22 4.565329e+44
1.110000e-15 2.098018e+22 4.401681e+44
1.115000e-15 2.057585e+22 4.233654e+44
1.120000e-15 2.015391e+22 4.061800e+44
1.125000e-15 1.971468e+22 3.886687e+44
1.130000e-15 1.925852e+22 3.708905e+44
1.135000e-15 1.878579e+22 3.529058e+44
1.140000e-15 1.829689e+22 3.347761e+44
1.145000e-15 1.779225e+22 3.165642e+44
1.150000e-15 1.727234e+22 2.983336e+44
1.155000e-15 1.673762e+22 2.801479e+44
1.160000e-15 1.618862e+22 2.620713e+44
1.165000e-15 1.562586e+22 2.441675e+44
1.170000e-15 1.504991e+22 2.264998e+44
1.175000e-15 1.446135e+22 2.091307e+44
1.180000e-15 1.386080e+22 1.921218e+44
1.185000e-15 1.324888e+22 1.755329e+44
1.190000e-15 1.262626e+22 1.594224e+44
1.195000e-15 1.199361e+22 1.438466e+44
1.200000e-15 1.135162e+22 1.288593e+44
1.205000e-15 1.070102e+22 1.145119e+44
1.210000e-15 1.004255e+22 1.008528e+44
1.215000e-15 9.376960e+21 8.792738e+43
1.220000e-15 8.705023e+21 7.577742e+43
1.225000e-15 8.027528e+21 6.444121e+43
1.230000e-15 7.345280e+21 5.395314e+43
1.235000e-15 6.659095e+21 4.434354e+43
1.240000e-15 5.969803e+21 3.563854e+43
1.245000e-15 5.278244e+21 2.785986e+43
1.250000e-15 4.585270e+21 2.102470e+43
1.255000e-15 3.891739e+21 1.514564e+43
1.260000e-15 3.198519e+21 1.023052e+43
1.265000e-15 2.506480e+21 6.282442e+42
1.270000e-15 1.816501e+21 3.299675e+42
1.275000e-15 1.129460e+21 1.275681e+42
1.280000e-15 4.462405e+20 1.991306e+41
1.285000e-15 -2.322768e+20 5.395251e+40
1.290000e-15 -9.052111e+20 8.194071e+41
1.295000e-15 -1.571684e+21 2.470192e+42
1.300000e-15 -2.230823e+21 4.976572e+42
1.305000e-15 -2.881759e+21 8.304535e+42
1.310000e-15 -3.523631e+21 1.241598e+43
1.315000e-15 -4.155588e+21 1.726891e+43
1.320000e-15 -4.776786e+21 2.281769e+43
1.325000e-15 -5.386396e+21 2.901326e+43
1.330000e-15 -5.983599e+21 3.580346e+43
1.335000e-15 -6.567594e+21 4.313329e+43
1.340000e-15 -7.137592e+21 5.094521e+43
1.345000e-15 -7.692824e+21 5.917954e+43
1.350000e-15 -8.232539e+21 6.777470e+43
1.355000e-15 -8.756007e+21 7.666765e+43
1.360000e-15 -9.262518e+21 8.579423e+43
1.365000e-15 -9.751386e+21 9.508952e+43
1.370000e-15 -1.022195e+22 1.044882e+44
1.375000e-15 -1.067357e+22 1.139251e+44
1.380000e-15 -1.110564e+22 1.233352e+44
1.385000e-15 -1.151757e+22 1.326545e+44
1.390000e-15 -1.190882e+22 1.418201e+44
1.395000e-15 -1.227886e+22 1.507704e+44
1.400000e-15 -1.262720e+22 1.594461e+44
1.405000e-15 -1.295337e+22 1.677898e+44
1.410000e-15 -1.325696e+22 1.757469e+44
1.415000e-15 -1.353756e+22 1.832655e+44
1.420000e-15 -1.379482e+22 1.902971e+44
1.425000e-15 -1.402843e+22 1.967968e+44
1.430000e-15 -1.423808e+22 2.027230e+44
1.435000e-15 -1.442354e+22 2.080386e+44
1.440000e-15 -1.458460e+22 2.127105e+44
1.445000e-15 -1.472107e+22 2.167100e+44
1.450000e-15 -1.483283e+22 2.200130e+44
1.455000e-15 -1.491979e+22 2.226000e+44
1.460000e-15 -1.498187e+22 2.244566e+44
1.465000e-15 -1.501908e+22 2.255728e+44
1.470000e-15 -1.503143e+22 2.259440e+44
1.475000e-15 -1.501899e+22 2.255701e+44
1.480000e-15 -1.498186e+22 2.244562e+44
1.485000e-15 -1.492019e+22 2.226120e+44
1.490000e-15 -1.483415e+22 2.200521e+44
1.495000e-15 -1.472398e+22 2.167956e+44
1.500000e-15 -1.458993e+22 2.128662e+44
1.505000e-15 -1.443232e+22 2.082918e+44
1.510000e-15 -1.425147e+22 2.031043e+44
1.515000e-15 -1.404777e+22 1.973398e+44
1.520000e-15 -1.382164e+22 1.910376e+44
1.525000e-15 -1.357352e+22 1.842405e+44
1.530000e-15 -1.330392e+22 1.769944e+44
1.535000e-15 -1.301336e+22 1.693476e+44
1.540000e-15 -1.270240e+22 1.613510e+44
1.545000e-15 -1.237164e+22 1.530574e+44
1.550000e-15 -1.202170e+22 1.445212e+44
1.555000e-15 -1.165325e+22 1.357981e+44
1.560000e-15 -1.126697e+22 1.269447e+44
1.565000e-15 -1.086360e+22 1.180178e+44
1.570000e-15 -1.044388e+22 1.090746e+44
1.575000e-15 -1.000859e+22 1.001718e+44
1.580000e-15 -9.558527e+21 9.136544e+43
1.585000e-15 -9.094530e+21 8.271048e+43
1.590000e-15 -8.617447e+21 7.426040e+43
1.595000e-15 -8.128153e+21 6.606687e+43
1.600000e-15 -7.627541e+21 5.817938e+43
1.605000e-15 -7.116524e+21 5.064491e+43
1.610000e-15 -6.596032e+21 4.350764e+43
1.615000e-15 -6.067011e+21 3.680862e+43
1.620000e-15 -5.530421e+21 3.058555e+43
1.625000e-15 -4.987232e+21 2.487248e+43
1.630000e-15 -4.438427e+21 1.969963e+43
1.635000e-15 -3.884996e+21 1.509319e+43
1.640000e-15 -3.327937e+21 1.107516e+43
1.645000e-15 -2.768252e+21 7.663218e+42
1.650000e-15 -2.206946e+21 4.870612e+42
1.655000e-15 -1.645028e+21 2.706117e+42
1.660000e-15 -1.083503e+21 1.173979e+42
1.665000e-15 -5.233762e+20 2.739227e+41
1.670000e-15 3.435195e+19 1.180056e+39
1.675000e-15 5.886871e+20 3.465525e+41
1.680000e-15 1.138642e+21 1.296506e+42
1.685000e-15 1.683240e+21 2.833298e+42
1.690000e-15 2.221515e+21 4.935130e+42
1.695000e-15 2.752514e+21 7.576335e+42
1.700000e-15 3.275299e+21 1.072759e+43
1.705000e-15 3.788949e+21 1.435614e+43
1.710000e-15 4.292561e+21 1.842608e+43
1.715000e-15 4.785251e+21 2.289862e+43
1.720000e-15 5.266158e+21 2.773242e+43
1.725000e-15 5.734445e+21 3.288386e+43
1.730000e-15 6.189297e+21 3.830740e+43
1.735000e-15 6.629928e+21 4.395595e+43
1.740000e-15 7.055579e+21 4.978119e+43
1.745000e-15 7.465519e+21 5.573397e+43
1.750000e-15 7.859048e+21 6.176464e+43
1.755000e-15 8.235501e+21 6.782347e+43
1.760000e-15 8.594241e+21 7.386098e+43
1.765000e-15 8.934669e+21 7.982831e+43
1.770000e-15 9.256220e+21 8.567760e+43
1.775000e-15 9.558365e+21 9.136235e+43
1.780000e-15 9.840615e+21 9.683771e+43
1.785000e-15 1.010252e+22 1.020608e+44
1.790000e-15 1.034366e+22 1.069912e+44
1.795000e-15 1.056366e+22 1.115910e+44
1.800000e-15 1.076220e+22 1.158250e+44
1.805000e-15 1.093898e+22 1.196613e+44
1.810000e-15 1.109375e+22 1.230714e+44
1.815000e-15 1.122631e+22 1.260301e+44
1.820000e-15 1.133649e+22 1.285161e+44
1.825000e-15 1.142417e+22 1.305117e+44
1.830000e-15 1.148927e+22 1.320034e+44
1.835000e-15 1.153176e+22 1.329815e+44
1.840000e-15 1.155164e+22 1.334404e+44
1.845000e-15 1.154897e+22 1.333787e+44
1.850000e-15 1.152384e+22 1.327989e+44
1.855000e-15 1.147639e+22 1.317075e+44
1.860000e-15 1.140679e+22 1.301149e+44
1.865000e-15 1.131528e+22 1.280356e+44
1.870000e-15 1.120211e+22 1.254873e+44
1.875000e-15 1.106759e+22 1.224916e+44
1.880000e-15 1.091207e+22 1.190733e+44
1.885000e-15 1.073593e+22 1.152602e+44
1.890000e-15 1.053959e+22 1.110830e+44
1.895000e-15 1.032352e+22 1.065752e+44
1.900000e-15 1.008823e+22 1.017723e+44
1.905000e-15 9.834231e+21 9.671209e+43
1.910000e-15 9.562111e+21 9.143397e+43
1.915000e-15 9.272473e+21 8.597875e+43
1.920000e-15 8.965953e+21 8.038831e+43
1.925000e-15 8.643220e+21 7.470526e+43
1.930000e-15 8.304975e+21 6.897261e+43
1.935000e-15 7.951945e+21 6.323342e+43
1.940000e-15 7.584884e+21 5.753047e+43
1.945000e-15 7.204575e+21 5.190589e+43
1.950000e-15 6.811820e+21 4.640089e+43
1.955000e-15 6.407448e+21 4.105539e+43
1.960000e-15 5.992307e+21 3.590774e+43
1.965000e-15 5.567263e+21 3.099441e+43
1.970000e-15 5.133200e+21 2.634974e+43
1.975000e-15 4.691019e+21 2.200565e+43
1.980000e-15 4.241632e+21 1.799144e+43
1.985000e-15 3.785965e+21 1.433353e+43
1.990000e-15 3.324952e+21 1.105531e+43
1.995000e-15 2.859539e+21 8.176961e+42
2.000000e-15 2.390673e+21 5.715315e+42
2.005000e-15 1.919308e+21 3.683743e+42
2.010000e-15 1.446401e+21 2.092076e+42
2.015000e-15 9.729082e+20 9.465504e+41
2.020000e-15 4.997846e+20 2.497847e+41
2.025000e-15 2.798188e+19 7.829856e+38
2.030000e-15 -4.415537e+20 1.949697e+41
2.035000e-15 -9.078830e+20 8.242515e+41
2.040000e-15 -1.370076e+21 1.877108e+42
2.045000e-15 -1.827214e+21 3.338709e+42
2.050000e-15 -2.278390e+21 5.191059e+42
2.055000e-15 -2.722712e+21 7.413163e+42
2.060000e-15 -3.159307e+21 9.981219e+42
2.065000e-15 -3.587315e+21 1.286883e+43
2.070000e-15 -4.005901e+21 1.604724e+43
2.075000e-15 -4.414248e+21 1.948559e+43
2.080000e-15 -4.811564e+21 2.315115e+43
2.085000e-15 -5.197081e+21 2.700966e+43
2.090000e-15 -5.570057e+21 3.102554e+43
2.095000e-15 -5.929779e+21 3.516228e+43
2.100000e-15 -6.275560e+21 3.938266e+43
2.105000e-15 -6.606747e+21 4.364911e+43
2.110000e-15 -6.922718e+21 4.792402e+43
2.115000e-15 -7.222881e+21 5.217001e+43
2.120000e-15 -7.506681e+21 5.635027e+43
2.125000e-15 -7.773599e+21 6.042884e+43
2.130000e-15 -8.023148e+21 6.437091e+43
2.135000e-15 -8.254882e+21 6.814308e+43
2.140000e-15 -8.468392e+21 7.171366e+43
2.145000e-15 -8.663306e+21 7.505287e+43
2.150000e-15 -8.839293e+21 7.813310e+43
2.155000e-15 -8.996061e+21 8.092911e+43
2.160000e-15 -9.133360e+21 8.341826e+43
2.165000e-15 -9.250979e+21 8.558061e+43
2.170000e-15 -9.348749e+21 8.739911e+43
2.175000e-15 -9.426544e+21 8.885972e+43
2.180000e-15 -9.484277e+21 8.995151e+43
2.185000e-15 -9.521905e+21 9.066667e+43
2.190000e-15 -9.539425e+21 9.100064e+43
2.195000e-15 -9.536879e+21 9.095205e+43
2.200000e-15 -9.514346e+21 9.052277e+43
2.205000e-15 -9.471949e+21 8.971782e+43
2.210000e-15 -9.409852e+21 8.854532e+43
2.215000e-15 -9.328259e+21 8.701642e+43
2.220000e-15 -9.227414e+21 8.514517e+43
2.225000e-15 -9.107600e+21 8.294838e+43
2.230000e-15 -8.969140e+21 8.044547e+43
2.235000e-15 -8.812393e+21 7.765827e+43
2.240000e-15 -8.637757e+21 7.461085e+43
2.245000e-15 -8.445665e+21 7.132926e+43
2.250000e-15 -8.236586e+21 6.784135e+43
2.255000e-15 -8.011023e+21 6.417649e+43
2.260000e-15 -7.769511e+21 6.036531e+43
2.265000e-15 -7.512619e+21 5.643944e+43
2.270000e-15 -7.240944e+21 5.243127e+43
2.275000e-15 -6.955115e+21 4.837362e+43
2.280000e-15 -6.655786e+21 4.429949e+43
2.285000e-15 -6.343639e+21 4.024176e+43
2.290000e-15 -6.019382e+21 3.623296e+43
2.295000e-15 -5.683744e+21 3.230494e+43
2.300000e-15 -5.337477e+21 2.848866e+43
2.305000e-15 -4.981353e+21 2.481387e+43
2.310000e-15 -4.616162e+21 2.130896e+43
2.315000e-15 -4.242713e+21 1.800062e+43
2.320000e-15 -3.861827e+21 1.491371e+43
2.325000e-15 -3.474340e+21 1.207104e+43
2.330000e-15 -3.081099e+21 9.493168e+42
2.335000e-15 -2.682959e+21 7.198271e+42
2.340000e-15 -2.280787e+21 5.201988e+42
2.345000e-15 -1.875451e+21 3.517317e+42
2.350000e-15 -1.467827e+21 2.154515e+42
2.355000e-15 -1.058790e+21 1.121037e+42
2.360000e-15 -6.492184e+20 4.214845e+41
2.365000e-15 -2.399866e+20 5.759357e+40
2.370000e-15 1.680331e+20 2.823513e+40
2.375000e-15 5.739741e+20 3.294462e+41
2.380000e-15 9.769766e+20 9.544832e+41
2.385000e-15 1.376190e+21 1.893899e+42
2.390000e-15 1.770774e+21 3.135640e+42
2.395000e-15 2.159901e+21 4.665172e+42
2.400000e-15 2.542757e+21 6.465615e+42
2.405000e-15 2.918546e+21 8.517909e+42
2.410000e-15 3.286486e+21 1.080099e+43
2.415000e-15 3.645817e+21 1.329198e+43
2.420000e-15 3.995799e+21 1.596641e+43
2.425000e-15 4.335714e+21 1.879841e+43
2.430000e-15 4.664867e+21 2.176099e+43
2.435000e-15 4.982591e+21 2.482621e+43
2.440000e-15 5.288242e+21 2.796550e+43
2.445000e-15 5.581206e+21 3.114986e+43
2.450000e-15 5.860897e+21 3.435011e+43
2.455000e-15 6.126761e+21 3.753720e+43
2.460000e-15 6.378274e+21 4.068238e+43
2.465000e-15 6.614945e+21 4.375749e+43
2.470000e-15 6.836315e+21 4.673521e+43
2.475000e-15 7.041963e+21 4.958924e+43
2.480000e-15 7.231498e+21 5.229457e+43
2.485000e-15 7.404570e+21 5.482766e+43
2.490000e-15 7.560862e+21 5.716663e+43
2.495000e-15 7.700096e+21 5.929147e+43
2.500000e-15 7.822030e+21 6.118416e+43
2.505000e-15 7.926463e+21 6.282881e+43
2.510000e-15 8.013229e+21 6.421184e+43
2.515000e-15 8.082203e+21 6.532201e+43
2.520000e-15 8.133299e+21 6.615054e+43
2.525000e-15 8.166467e+21 6.669119e+43
2.530000e-15 8.181700e+21 6.694022e+43
2.535000e-15 8.179028e+21 6.689650e+43
2.540000e-15 8.158518e+21 6.656142e+43
2.545000e-15 8.120279e+21 6.593893e+43
2.550000e-15 8.064455e+21 6.503544e+43
2.555000e-15 7.991230e+21 6.385976e+43
2.560000e-15 7.900823e+21 6.242301e+43
2.565000e-15 7.793492e+21 6.073852e+43
2.570000e-15 7.669529e+21 5.882168e+43
2.575000e-15 7.529262e+21 5.668979e+43
2.580000e-15 7.373055e+21 5.436194e+43
2.585000e-15 7.201302e+21 5.185875e+43
2.590000e-15 7.014433e+21 4.920228e+43
2.595000e-15 6.812909e+21 4.641572e+43
2.600000e-15 6.597219e+21 4.352330e+43
2.605000e-15 6.367884e+21 4.054995e+43
2.610000e-15 6.125454e+21 3.752118e+43
2.615000e-15 5.870502e+21 3.446279e+43
2.620000e-15 5.603630e+21 3.140066e+43
2.625000e-15 5.325462e+21 2.836055e+43
2.630000e-15 5.036648e+21 2.536782e+43
2.635000e-15 4.737855e+21 2.244727e+43
2.640000e-15 4.429773e+21 1.962288e+43
2.645000e-15 4.113108e+21 1.691766e+43
2.650000e-15 3.788585e+21 1.435338e+43
2.655000e-15 3.456942e+21 1.195045e+43
2.660000e-15 3.118931e+21 9.727731e+42
2.665000e-15 2.775316e+21 7.702379e+42
2.670000e-15 2.426870e+21 5.889700e+42
2.675000e-15 2.074376e+21 4.303037e+42
2.680000e-15 1.718622e+21 2.953660e+42
2.685000e-15 1.360400e+21 1.850688e+42
2.690000e-15 1.000507e+21 1.001015e+42
2.695000e-15 6.397407e+20 4.092682e+41
2.700000e-15 2.788975e+20 7.778380e+40
2.705000e-15 -8.122793e+19 6.597976e+39
2.710000e-15 -4.398449e+20 1.934635e+41
2.715000e-15 -7.961684e+20 6.338841e+41
2.720000e-15 -1.149421e+21 1.321169e+42
2.725000e-15 -1.498834e+21 2.246505e+42
2.730000e-15 -1.843651e+21 3.399048e+42
2.735000e-15 -2.183125e+21 4.766035e+42
2.740000e-15 -2.516526e+21 6.332904e+42
2.745000e-15 -2.843138e+21 8.083434e+42
2.750000e-15 -3.162263e+21 9.999906e+42
2.755000e-15 -3.473220e+21 1.206326e+43
2.760000e-15 -3.775350e+21 1.425327e+43
2.765000e-15 -4.068015e+21 1.654875e+43
2.770000e-15 -4.350599e+21 1.892771e+43
2.775000e-15 -4.622510e+21 2.136760e+43
2.780000e-15 -4.883182e+21 2.384547e+43
2.785000e-15 -5.132076e+21 2.633821e+43
2.790000e-15 -5.368680e+21 2.882273e+43
2.795000e-15 -5.592511e+21 3.127618e+43
2.800000e-15 -5.803114e+21 3.367614e+43
2.805000e-15 -6.000068e+21 3.600081e+43
2.810000e-15 -6.182979e+21 3.822923e+43
2.815000e-15 -6.351490e+21 4.034142e+43
2.820000e-15 -6.505273e+21 4.231858e+43
2.825000e-15 -6.644037e+21 4.414322e+43
2.830000e-15 -6.767521e+21 4.579934e+43
2.835000e-15 -6.875503e+21 4.727254e+43
2.840000e-15 -6.967793e+21 4.855013e+43
2.845000e-15 -7.044237e+21 4.962127e+43
2.850000e-15 -7.104717e+21 5.047700e+43
2.855000e-15 -7.149151e+21 5.111036e+43
2.860000e-15 -7.177492e+21 5.151640e+43
2.865000e-15 -7.189730e+21 5.169222e+43
2.870000e-15 -7.185890e+21 5.163701e+43
2.875000e-15 -7.166031e+21 5.135200e+43
2.880000e-15 -7.130251e+21 5.084047e+43
2.885000e-15 -7.078679e+21 5.010770e+43
2.890000e-15 -7.011483e+21 4.916089e+43
2.895000e-15 -6.928861e+21 4.800912e+43
2.900000e-15 -6.831048e+21 4.666322e+43
2.905000e-15 -6.718310e+21 4.513569e+43
2.910000e-15 -6.590946e+21 4.344057e+43
2.915000e-15 -6.449287e+21 4.159331e+43
2.920000e-15 -6.293695e+21 3.961060e+43
2.925000e-15 -6.124561e+21 3.751024e+43
2.930000e-15 -5.942305e+21 3.531099e+43
2.935000e-15 -5.747376e+21 3.303233e+43
2.940000e-15 -5.540249e+21 3.069436e+43
2.945000e-15 -5.321425e+21 2.831756e+43
2.950000e-15 -5.091430e+21 2.592266e+43
2.955000e-15 -4.850812e+21 2.353038e+43
2.960000e-15 -4.600144e+21 2.116132e+43
2.965000e-15 -4.340016e+21 1.883574e+43
2.970000e-15 -4.071039e+21 1.657336e+43
2.975000e-15 -3.793843e+21 1.439325e+43
2.980000e-15 -3.509073e+21 1.231359e+43
2.985000e-15 -3.217390e+21 1.035160e+43
2.990000e-15 -2.919467e+21 8.523289e+42
2.995000e-15 -2.615991e+21 6.843410e+42
3.000000e-15 -2.307658e+21 5.325285e+42
3.005000e-15 -1.995173e+21 3.980714e+42
3.010000e-15 -1.679248e+21 2.819873e+42
3.015000e-15 -1.360601e+21 1.851236e+42
3.020000e-15 -1.039955e+21 1.081507e+42
3.025000e-15 -7.180334e+20 5.155719e+41
3.030000e-15 -3.955613e+20 1.564687e+41
3.035000e-15 -7.326291e+19 5.367454e+39
3.040000e-15 2.481400e+20 6.157347e+40
3.045000e-15 5.679300e+20 3.225444e+41
3.050000e-15 8.853950e+20 7.839244e+41
3.055000e-15 1.199831e+21 1.439594e+42
3.060000e-15 1.510541e+21 2.281734e+42
3.065000e-15 1.816841e+21 3.300910e+42
3.070000e-15 2.118056e+21 4.486162e+42
3.075000e-15 2.413527e+21 5.825114e+42
3.080000e-15 2.702608e+21 7.304092e+42
3.085000e-15 2.984670e+21 8.908256e+42
3.090000e-15 3.259101e+21 1.062174e+43
3.095000e-15 3.525308e+21 1.242780e+43
3.100000e-15 3.782718e+21 1.430896e+43
3.105000e-15 4.030781e+21 1.624719e+43
3.110000e-15 4.268967e+21 1.822408e+43
3.115000e-15 4.496770e+21 2.022094e+43
3.120000e-15 4.713712e+21 2.221908e+43
3.125000e-15 4.919336e+21 2.419987e+43
3.130000e-15 5.113215e+21 2.614497e+43
3.135000e-15 5.294949e+21 2.803648e+43
3.140000e-15 5.464165e+21 2.985710e+43
3.145000e-15 5.620521e+21 3.159026e+43
3.150000e-15 5.763704e+21 3.322028e+43
3.155000e-15 5.893430e+21 3.473252e+43
3.160000e-15 6.009450e+21 3.611349e+43
3.165000e-15 6.111542e+21 3.735095e+43
3.170000e-15 6.199519e+21 3.843404e+43
3.175000e-15 6.273225e+21 3.935335e+43
3.180000e-15 6.332536e+21 4.010102e+43
3.185000e-15 6.377363e+21 4.067076e+43
3.190000e-15 6.407647e+21 4.105793e+43
3.195000e-15 6.423363e+21 4.125959e+43
3.200000e-15 6.424519e+21 4.127445e+43
3.205000e-15 6.411157e+21 4.110293e+43
3.210000e-15 6.383349e+21 4.074714e+43
3.215000e-15 6.341200e+21 4.021082e+43
3.220000e-15 6.284849e+21 3.949933e+43
3.225000e-15 6.214465e+21 3.861957e+43
3.230000e-15 6.130247e+21 3.757993e+43
3.235000e-15 6.032426e+21 3.639017e+43
3.240000e-15 5.921264e+21 3.506137e+43
3.245000e-15 5.797051e+21 3.360580e+43
3.250000e-15 5.660104e+21 3.203678e+43
3.255000e-15 5.510771e+21 3.036860e+43
3.260000e-15 5.349425e+21 2.861635e+43
3.265000e-15 5.176466e+21 2.679580e+43
3.270000e-15 4.992318e+21 2.492324e+43
3.275000e-15 4.797430e+21 2.301533e+43
3.280000e-15 4.592273e+21 2.108897e+43
3.285000e-15 4.377341e+21 1.916112e+43
3.290000e-15 4.153148e+21 1.724864e+43
3.295000e-15 3.920228e+21 1.536819e+43
3.300000e-15 3.679132e+21 1.353601e+43
3.305000e-15 3.430429e+21 1.176784e+43
3.310000e-15 3.174703e+21 1.007874e+43
3.315000e-15 2.912554e+21 8.482971e+42
3.320000e-15 2.644592e+21 6.993868e+42
3.325000e-15 2.371441e+21 5.623732e+42
3.330000e-15 2.093733e+21 4.383718e+42
3.335000e-15 1.812110e+21 3.283742e+42
3.340000e-15 1.527220e+21 2.332401e+42
3.345000e-15 1.239718e+21 1.536900e+42
3.350000e-15 9.502615e+20 9.029968e+41
3.355000e-15 6.595119e+20 4.349560e+41
3.360000e-15 3.681312e+20 1.355206e+41
3.365000e-15 7.678096e+19 5.895317e+39
3.370000e-15 -2.138790e+20 4.574421e+40
3.375000e-15 -5.031921e+20 2.532023e+41
3.380000e-15 -7.905068e+20 6.249010e+41
3.385000e-15 -1.075178e+21 1.156007e+42
3.390000e-15 -1.356567e+21 1.840275e+42
3.395000e-15 -1.634047e+21 2.670110e+42
3.400000e-15 -1.906999e+21 3.636644e+42
3.405000e-15 -2.174817e+21 4.729828e+42
3.410000e-15 -2.436908e+21 5.938520e+42
3.415000e-15 -2.692694e+21 7.250602e+42
3.420000e-15 -2.941613e+21 8.653087e+42
3.425000e-15 -3.183119e+21 1.013225e+43
3.430000e-15 -3.416685e+21 1.167374e+43
3.435000e-15 -3.641804e+21 1.326273e+43
3.440000e-15 -3.857987e+21 1.488407e+43
3.445000e-15 -4.064770e+21 1.652236e+43
3.450000e-15 -4.261710e+21 1.816217e+43
3.455000e-15 -4.448385e+21 1.978813e+43
3.460000e-15 -4.624402e+21 2.138509e+43
3.465000e-15 -4.789390e+21 2.293826e+43
3.470000e-15 -4.943005e+21 2.443330e+43
3.475000e-15 -5.084929e+21 2.585650e+43
3.480000e-15 -5.214872e+21 2.719489e+43
3.485000e-15 -5.332573e+21 2.843633e+43
3.490000e-15 -5.437797e+21 2.956964e+43
3.495000e-15 -5.530340e+21 3.058466e+43
3.500000e-15 -5.610025e+21 3.147238e+43
3.505000e-15 -5.676708e+21 3.222501e+43
3.510000e-15 -5.730272e+21 3.283602e+43
3.515000e-15 -5.770631e+21 3.330019e+43
3.520000e-15 -5.797730e+21 3.361368e+43
3.525000e-15 -5.811543e+21 3.377404e+43
3.530000e-15 -5.812075e+21 3.378022e+43
3.535000e-15 -5.799361e+21 3.363258e+43
3.540000e-15 -5.773465e+21 3.333289e+43
3.545000e-15 -5.734482e+21 3.288428e+43
3.550000e-15 -5.682537e+21 3.229122e+43
3.555000e-15 -5.617782e+21 3.155947e+43
3.560000e-15 -5.540400e+21 3.069603e+43
3.565000e-15 -5.450600e+21 2.970904e+43
3.570000e-15 -5.348622e+21 2.860775e+43
3.575000e-15 -5.234728e+21 2.740238e+43
3.580000e-15 -5.109212e+21 2.610405e+43
3.585000e-15 -4.972389e+21 2.472465e+43
3.590000e-15 -4.824602e+21 2.327679e+43
3.595000e-15 -4.666217e+21 2.177358e+43
3.600000e-15 -4.497622e+21 2.022861e+43
3.605000e-15 -4.319230e+21 1.865574e+43
3.610000e-15 -4.131472e+21 1.706906e+43
3.615000e-15 -3.934801e+21 1.548266e+43
3.620000e-15 -3.729690e+21 1.391059e+43
3.625000e-15 -3.516628e+21 1.236667e+43
3.630000e-15 -3.296122e+21 1.086442e+43
3.635000e-15 -3.068695e+21 9.416888e+42
3.640000e-15 -2.834883e+21 8.036559e+42
3.645000e-15 -2.595236e+21 6.735248e+42
3.650000e-15 -2.350316e+21 5.523984e+42
3.655000e-15 -2.100696e+21 4.412922e+42
3.660000e-15 -1.846957e+21 3.411250e+42
3.665000e-15 -1.589690e+21 2.527113e+42
3.670000e-15 -1.329490e+21 1.767542e+42
3.675000e-15 -1.066958e+21 1.138400e+42
3.680000e-15 -8.027014e+20 6.443296e+41
3.685000e-15 -5.373262e+20 2.887194e+41
3.690000e-15 -2.714414e+20 7.368044e+40
3.695000e-15 -5.655458e+18 3.198421e+37
3.700000e-15 2.594251e+20 6.730138e+40
3.705000e-15 5.231968e+20 2.737348e+41
3.710000e-15 7.850605e+20 6.163201e+41
3.715000e-15 1.044423e+21 1.090820e+42
3.720000e-15 1.300699e+21 1.691818e+42
3.725000e-15 1.553310e+21 2.412773e+42
3.730000e-15 1.801689e+21 3.246084e+42
3.735000e-15 2.045279e+21 4.183167e+42
3.740000e-15 2.283536e+21 5.214538e+42
3.745000e-15 2.515929e+21 6.329899e+42
3.750000e-15 2.741942e+21 7.518243e+42
3.755000e-15 2.961074e+21 8.767957e+42
3.760000e-15 3.172842e+21 1.006692e+43
3.765000e-15 3.376780e+21 1.140265e+43
3.770000e-15 3.572443e+21 1.276235e+43
3.775000e-15 3.759404e+21 1.413312e+43
3.780000e-15 3.937257e+21 1.550199e+43
3.785000e-15 4.105619e+21 1.685611e+43
3.790000e-15 4.264129e+21 1.818279e+43
3.795000e-15 4.412448e+21 1.946970e+43
3.800000e-15 4.550264e+21 2.070490e+43
3.805000e-15 4.677287e+21 2.187701e+43
3.810000e-15 4.793254e+21 2.297528e+43
3.815000e-15 4.897927e+21 2.398969e+43
3.820000e-15 4.991096e+21 2.491104e+43
3.825000e-15 5.072576e+21 2.573102e+43
3.830000e-15 5.142209e+21 2.644231e+43
3.835000e-15 5.199866e+21 2.703861e+43
3.840000e-15 5.245445e+21 2.751470e+43
3.845000e-15 5.278872e+21 2.786649e+43
3.850000e-15 5.300100e+21 2.809106e+43
3.855000e-15 5.309112e+21 2.818667e+43
3.860000e-15 5.305916e+21 2.815275e+43
3.865000e-15 5.290552e+21 2.798994e+43
3.870000e-15 5.263084e+21 2.770005e+43
3.875000e-15 5.223605e+21 2.728605e+43
3.880000e-15 5.172235e+21 2.675202e+43
3.885000e-15 5.109123e+21 2.610313e+43
3.890000e-15 5.034440e+21 2.534559e+43
3.895000e-15 4.948389e+21 2.448655e+43
3.900000e-15 4.851193e+21 2.353407e+43
3.905000e-15 4.743103e+21 2.249702e+43
3.910000e-15 4.624393e+21 2.138501e+43
3.915000e-15 4.495363e+21 2.020829e+43
3.920000e-15 4.356334e+21 1.897765e+43
3.925000e-15 4.207649e+21 1.770431e+43
3.930000e-15 4.049672e+21 1.639984e+43
3.935000e-15 3.882790e+21 1.507606e+43
3.940000e-15 3.707406e+21 1.374486e+43
3.945000e-15 3.523945e+21 1.241819e+43
3.950000e-15 3.332846e+21 1.110786e+43
3.955000e-15 3.134568e+21 9.825517e+42
3.960000e-15 2.929583e+21 8.582456e+42
3.965000e-15 2.718378e+21 7.389576e+42
3.970000e-15 2.501452e+21 6.257263e+42
3.975000e-15 2.279319e+21 5.195295e+42
3.980000e-15 2.052501e+21 4.212759e+42
3.985000e-15 1.821530e+21 3.317970e+42
3.990000e-15 1.586946e+21 2.518399e+42
3.995000e-15 1.349299e+21 1.820607e+42
4.000000e-15 1.109140e+21 1.230192e+42
4.005000e-15 8.670284e+20 7.517383e+41
4.010000e-15 6.235248e+20 3.887832e+41
4.015000e-15 3.791923e+20 1.437868e+41
4.020000e-15 1.345946e+20 1.811570e+40
4.025000e-15 -1.097054e+20 1.203528e+40
4.030000e-15 -3.531467e+20 1.247126e+41
4.035000e-15 -5.951716e+20 3.542292e+41
4.040000e-15 -8.352268e+20 6.976039e+41
4.045000e-15 -1.072765e+21 1.150825e+42
4.050000e-15 -1.307246e+21 1.708892e+42
4.055000e-15 -1.538137e+21 2.365865e+42
4.060000e-15 -1.764916e+21 3.114928e+42
4.065000e-15 -1.987071e+21 3.948450e+42
4.070000e-15 -2.204101e+21 4.858060e+42
4.075000e-15 -2.415519e+21 5.834733e+42
4.080000e-15 -2.620852e+21 6.868867e+42
4.085000e-15 -2.819642e+21 7.950382e+42
4.090000e-15 -3.011446e+21 9.068809e+42
4.095000e-15 -3.195840e+21 1.021339e+43
4.100000e-15 -3.372415e+21 1.137319e+43
4.105000e-15 -3.540785e+21 1.253716e+43
4.110000e-15 -3.700580e+21 1.369429e+43
4.115000e-15 -3.851452e+21 1.483368e+43
4.120000e-15 -3.993075e+21 1.594465e+43
4.125000e-15 -4.125144e+21 1.701681e+43
4.130000e-15 -4.247378e+21 1.804022e+43
4.135000e-15 -4.359517e+21 1.900538e+43
4.140000e-15 -4.461326e+21 1.990343e+43
4.145000e-15 -4.552596e+21 2.072613e+43
4.150000e-15 -4.633140e+21 2.146598e+43
4.155000e-15 -4.702797e+21 2.211630e+43
4.160000e-15 -4.761432e+21 2.267124e+43
4.165000e-15 -4.808936e+21 2.312586e+43
4.170000e-15 -4.845224e+21 2.347620e+43
4.175000e-15 -4.870239e+21 2.371923e+43
4.180000e-15 -4.883949e+21 2.385296e+43
4.185000e-15 -4.886349e+21 2.387641e+43
4.190000e-15 -4.877459e+21 2.378960e+43
4.195000e-15 -4.857325e+21 2.359361e+43
4.200000e-15 -4.826020e+21 2.329047e+43
4.205000e-15 -4.783641e+21 2.288323e+43
4.210000e-15 -4.730313e+21 2.237586e+43
4.215000e-15 -4.666181e+21 2.177325e+43
4.220000e-15 -4.591421e+21 2.108114e+43
4.225000e-15 -4.506227e+21 2.030608e+43
4.230000e-15 -4.410821e+21 1.945534e+43
4.235000e-15 -4.305446e+21 1.853687e+43
4.240000e-15 -4.190368e+21 1.755919e+43
4.245000e-15 -4.065875e+21 1.653134e+43
4.250000e-15 -3.932275e+21 1.546279e+43
4.255000e-15 -3.789898e+21 1.436333e+43
4.260000e-15 -3.639092e+21 1.324299e+43
4.265000e-15 -3.480225e+21 1.211197e+43
4.270000e-15 -3.313682e+21 1.098049e+43
4.275000e-15 -3.139864e+21 9.858744e+42
4.280000e-15 -2.959190e+21 8.756803e+42
4.285000e-15 -2.772092e+21 7.684494e+42
4.290000e-15 -2.579017e+21 6.651331e+42
4.295000e-15 -2.380426e+21 5.666427e+42
4.300000e-15 -2.176788e+21 4.738407e+42
4.305000e-15 -1.968587e+21 3.875333e+42
4.310000e-15 -1.756313e+21 3.084634e+42
4.315000e-15 -1.540466e+21 2.373034e+42
4.320000e-15 -1.321553e+21 1.746502e+42
4.325000e-15 -1.100087e+21 1.210192e+42
4.330000e-15 -8.765865e+20 7.684038e+41
4.335000e-15 -6.515719e+20 4.245459e+41
4.340000e-15 -4.255672e+20 1.811074e+41
4.345000e-15 -1.990972e+20 3.963971e+40
4.350000e-15 2.731306e+19 7.460035e+38
4.355000e-15 2.531402e+20 6.407996e+40
4.360000e-15 4.778630e+20 2.283531e+41
4.365000e-15 7.009641e+20 4.913507e+41
4.370000e-15 9.219308e+20 8.499564e+41
4.375000e-15 1.140257e+21 1.300185e+42
4.380000e-15 1.355442e+21 1.837223e+42
4.385000e-15 1.566996e+21 2.455477e+42
4.390000e-15 1.774437e+21 3.148626e+42
4.395000e-15 1.977294e+21 3.909690e+42
4.400000e-15 2.175107e+21 4.731089e+42
4.405000e-15 2.367429e+21 5.604720e+42
4.410000e-15 2.553828e+21 6.522035e+42
4.415000e-15 2.733884e+21 7.474119e+42
4.420000e-15 2.907194e+21 8.451777e+42
4.425000e-15 3.073372e+21 9.445616e+42
4.430000e-15 3.232049e+21 1.044614e+43
4.435000e-15 3.382873e+21 1.144383e+43
4.440000e-15 3.525512e+21 1.242923e+43
4.445000e-15 3.659653e+21 1.339306e+43
4.450000e-15 3.785004e+21 1.432625e+43
4.455000e-15 3.901294e+21 1.522009e+43
4.460000e-15 4.008272e+21 1.606625e+43
4.465000e-15 4.105712e+21 1.685687e+43
4.470000e-15 4.193407e+21 1.758466e+43
4.475000e-15 4.271176e+21 1.824295e+43
4.480000e-15 4.338860e+21 1.882571e+43
4.485000e-15 4.396323e+21 1.932766e+43
4.490000e-15 4.443455e+21 1.974429e+43
4.495000e-15 4.480168e+21 2.007190e+43
4.500000e-15 4.506400e+21 2.030764e+43
4.505000e-15 4.522111e+21 2.044949e+43
4.510000e-15 4.527289e+21 2.049635e+43
4.515000e-15 4.521944e+21 2.044798e+43
4.520000e-15 4.506111e+21 2.030504e+43
4.525000e-15 4.479849e+21 2.006905e+43
4.530000e-15 4.443241e+21 1.974239e+43
4.535000e-15 4.396393e+21 1.932827e+43
4.540000e-15 4.339438e+21 1.883072e+43
4.545000e-15 4.272527e+21 1.825449e+43
4.550000e-15 4.195839e+21 1.760506e+43
4.555000e-15 4.109570e+21 1.688857e+43
4.560000e-15 4.013943e+21 1.611174e+43
4.565000e-15 3.909198e+21 1.528183e+43
4.570000e-15 3.795598e+21 1.440656e+43
4.575000e-15 3.673426e+21 1.349406e+43
4.580000e-15 3.542983e+21 1.255273e+43
4.585000e-15 3.404590e+21 1.159123e+43
4.590000e-15 3.258584e+21 1.061837e+43
4.595000e-15 3.105321e+21 9.643018e+42
4.600000e-15 2.945172e+21 8.674037e+42
4.605000e-15 2.778523e+21 7.720191e+42
4.610000e-15 2.605775e+21 6.790065e+42
4.615000e-15 2.427343e+21 5.891993e+42
4.620000e-15 2.243652e+21 5.033972e+42
4.625000e-15 2.055140e+21 4.223599e+42
4.630000e-15 1.862255e+21 3.467993e+42
4.635000e-15 1.665455e+21 2.773739e+42
4.640000e-15 1.465204e+21 2.146824e+42
4.645000e-15 1.261977e+21 1.592586e+42
4.650000e-15 1.056250e+21 1.115665e+42
4.655000e-15 8.485083e+20 7.199663e+41
4.660000e-15 6.392376e+20 4.086247e+41
4.665000e-15 4.289281e+20 1.839793e+41
4.670000e-15 2.180707e+20 4.755482e+40
4.675000e-15 7.156814e+18 5.121998e+37
4.680000e-15 -2.033230e+20 4.134026e+40
4.685000e-15 -4.128804e+20 1.704702e+41
4.690000e-15 -6.210297e+20 3.856779e+41
4.695000e-15 -8.272900e+20 6.844088e+41
4.700000e-15 -1.031185e+21 1.063343e+42
4.705000e-15 -1.232246e+21 1.518431e+42
4.710000e-15 -1.430011e+21 2.044933e+42
4.715000e-15 -1.624027e+21 2.637463e+42
4.720000e-15 -1.813849e+21 3.290049e+42
4.725000e-15 -1.999046e+21 3.996183e+42
4.730000e-15 -2.179194e+21 4.748888e+42
4.735000e-15 -2.353887e+21 5.540782e+42
4.740000e-15 -2.522727e+21 6.364152e+42
4.745000e-15 -2.685335e+21 7.211022e+42
4.750000e-15 -2.841344e+21 8.073234e+42
4.755000e-15 -2.990405e+21 8.942520e+42
4.760000e-15 -3.132184e+21 9.810579e+42
4.765000e-15 -3.266368e+21 1.066916e+43
4.770000e-15 -3.392658e+21 1.151013e+43
4.775000e-15 -3.510777e+21 1.232555e+43
4.780000e-15 -3.620466e+21 1.310777e+43
4.785000e-15 -3.721487e+21 1.384946e+43
4.790000e-15 -3.813622e+21 1.454371e+43
4.795000e-15 -3.896675e+21 1.518407e+43
4.800000e-15 -3.970470e+21 1.576463e+43
4.805000e-15 -4.034854e+21 1.628005e+43
4.810000e-15 -4.089696e+21 1.672562e+43
4.815000e-15 -4.134888e+21 1.709730e+43
4.820000e-15 -4.170344e+21 1.739177e+43
4.825000e-15 -4.196001e+21 1.760642e+43
4.830000e-15 -4.211818e+21 1.773941e+43
4.835000e-15 -4.217778e+21 1.778965e+43
4.840000e-15 -4.213888e+21 1.775685e+43
4.845000e-15 -4.200176e+21 1.764148e+43
4.850000e-15 -4.176693e+21 1.744477e+43
4.855000e-15 -4.143515e+21 1.716871e+43
4.860000e-15 -4.100737e+21 1.681604e+43
4.865000e-15 -4.048478e+21 1.639017e+43
4.870000e-15 -3.986879e+21 1.589520e+43
4.875000e-15 -3.916103e+21 1.533586e+43
4.880000e-15 -3.836332e+21 1.471744e+43
4.885000e-15 -3.747770e+21 1.404578e+43
4.890000e-15 -3.650642e+21 1.332719e+43
4.895000e-15 -3.545190e+21 1.256837e+43
4.900000e-15 -3.431678e+21 1.177641e+43
4.905000e-15 -3.310386e+21 1.095865e+43
4.910000e-15 -3.181611e+21 1.012265e+43
4.915000e-15 -3.045670e+21 9.276107e+42
4.920000e-15 -2.902894e+21 8.426792e+42
4.925000e-15 -2.753628e+21 7.582469e+42
4.930000e-15 -2.598235e+21 6.750825e+42
4.935000e-15 -2.437088e+21 5.939400e+42
4.940000e-15 -2.270576e+21 5.155515e+42
4.945000e-15 -2.099097e+21 4.406206e+42
4.950000e-15 -1.923060e+21 3.698161e+42
4.955000e-15 -1.742887e+21 3.037655e+42
4.960000e-15 -1.559005e+21 2.430496e+42
4.965000e-15 -1.371851e+21 1.881975e+42
4.970000e-15 -1.181868e+21 1.396812e+42
4.975000e-15 -9.895054e+20 9.791210e+41
4.980000e-15 -7.952168e+20 6.323698e+41
4.985000e-15 -5.994596e+20 3.593518e+41
4.990000e-15 -4.026937e+20 1.621622e+41
4.995000e-15 -2.053805e+20 4.218114e+40
5.000000e-15 -7.981868e+18 6.371022e+37
