0.000000e+00 nan nan
5.000000e-18 -3.847588e+05 1.480393e+11
1.000000e-17 -9.847640e+07 9.697601e+15
1.500000e-17 -2.522910e+09 6.365073e+18
2.000000e-17 -2.518760e+10 6.344154e+20
2.500000e-17 -1.500300e+11 2.250899e+22
3.000000e-17 -6.445769e+11 4.154793e+23
3.500000e-17 -2.210200e+12 4.884983e+24
4.000000e-17 -6.425181e+12 4.128295e+25
4.500000e-17 -1.646491e+13 2.710934e+26
5.000000e-17 -3.819522e+13 1.458875e+27
5.500000e-17 -8.174775e+13 6.682694e+27
6.000000e-17 -1.636987e+14 2.679726e+28
6.500000e-17 -3.099835e+14 9.608975e+28
7.000000e-17 -5.596907e+14 3.132536e+29
7.500000e-17 -9.698877e+14 9.406821e+29
8.000000e-17 -1.621639e+15 2.629714e+30
8.500000e-17 -2.627389e+15 6.903171e+30
9.000000e-17 -4.139872e+15 1.713854e+31
9.500000e-17 -6.362750e+15 4.048459e+31
1.000000e-16 -9.563142e+15 9.145368e+31
1.050000e-16 -1.408623e+16 1.984219e+32
1.100000e-16 -2.037215e+16 4.150245e+32
1.150000e-16 -2.897532e+16 8.395690e+32
1.200000e-16 -4.058641e+16 1.647256e+33
1.250000e-16 -5.605713e+16 3.142402e+33
1.300000e-16 -7.642804e+16 5.841245e+33
1.350000e-16 -1.029594e+17 1.060064e+34
1.400000e-16 -1.371655e+17 1.881437e+34
1.450000e-16 -1.808523e+17 3.270755e+34
1.500000e-16 -2.361588e+17 5.577099e+34
1.550000e-16 -3.056021e+17 9.339263e+34
1.600000e-16 -3.921260e+17 1.537628e+35
1.650000e-16 -4.991543e+17 2.491550e+35
1.700000e-16 -6.306470e+17 3.977156e+35
1.750000e-16 -7.911617e+17 6.259368e+35
1.800000e-16 -9.859182e+17 9.720346e+35
1.850000e-16 -1.220868e+18 1.490518e+36
1.900000e-16 -1.502766e+18 2.258306e+36
1.950000e-16 -1.839251e+18 3.382846e+36
2.000000e-16 -2.238924e+18 5.012783e+36
2.050000e-16 -2.711435e+18 7.351878e+36
2.100000e-16 -3.267570e+18 1.067701e+37
2.150000e-16 -3.919347e+18 1.536128e+37
2.200000e-16 -4.680111e+18 2.190344e+37
2.250000e-16 -5.564634e+18 3.096515e+37
2.300000e-16 -6.589217e+18 4.341778e+37
2.350000e-16 -7.771797e+18 6.040082e+37
2.400000e-16 -9.132056e+18 8.339444e+37
2.450000e-16 -1.069153e+19 1.143088e+38
2.500000e-16 -1.247373e+19 1.555938e+38
2.550000e-16 -1.450423e+19 2.103727e+38
2.600000e-16 -1.681083e+19 2.826041e+38
2.650000e-16 -1.942363e+19 3.772776e+38
2.700000e-16 -2.237517e+19 5.006484e+38
2.750000e-16 -2.570054e+19 6.605177e+38
2.800000e-16 -2.943748e+19 8.665655e+38
2.850000e-16 -3.362655e+19 1.130745e+39
2.900000e-16 -3.831117e+19 1.467746e+39
2.950000e-16 -4.353780e+19 1.895540e+39
3.000000e-16 -4.935601e+19 2.436015e+39
3.050000e-16 -5.581858e+19 3.115714e+39
3.100000e-16 -6.298164e+19 3.966687e+39
3.150000e-16 -7.090475e+19 5.027484e+39
3.200000e-16 -7.965098e+19 6.344279e+39
3.250000e-16 -8.928701e+19 7.972170e+39
3.300000e-16 -9.988320e+19 9.976654e+39
3.350000e-16 -1.115137e+20 1.243530e+40
3.400000e-16 -1.242565e+20 1.543967e+40
3.450000e-16 -1.381933e+20 1.909740e+40
3.500000e-16 -1.534101e+20 2.353466e+40
3.550000e-16 -1.699965e+20 2.889882e+40
3.600000e-16 -1.880464e+20 3.536145e+40
3.650000e-16 -2.076575e+20 4.312162e+40
3.700000e-16 -2.289316e+20 5.240966e+40
3.750000e-16 -2.519745e+20 6.349117e+40
3.800000e-16 -2.768962e+20 7.667151e+40
3.850000e-16 -3.038104e+20 9.230077e+40
3.900000e-16 -3.328349e+20 1.107790e+41
3.950000e-16 -3.640912e+20 1.325624e+41
4.000000e-16 -3.977047e+20 1.581691e+41
4.050000e-16 -4.338046e+20 1.881865e+41
4.100000e-16 -4.725235e+20 2.232785e+41
4.150000e-16 -5.139976e+20 2.641935e+41
4.200000e-16 -5.583663e+20 3.117729e+41
4.250000e-16 -6.057722e+20 3.669600e+41
4.300000e-16 -6.563611e+20 4.308098e+41
4.350000e-16 -7.102812e+20 5.044994e+41
4.400000e-16 -7.676837e+20 5.893383e+41
4.450000e-16 -8.287219e+20 6.867800e+41
4.500000e-16 -8.935514e+20 7.984340e+41
4.550000e-16 -9.623294e+20 9.260779e+41
4.600000e-16 -1.035215e+21 1.071670e+42
4.650000e-16 -1.112368e+21 1.237363e+42
4.700000e-16 -1.193950e+21 1.425517e+42
4.750000e-16 -1.280123e+21 1.638715e+42
4.800000e-16 -1.371048e+21 1.879774e+42
4.850000e-16 -1.466888e+21 2.151762e+42
4.900000e-16 -1.567804e+21 2.458011e+42
4.950000e-16 -1.673957e+21 2.802133e+42
5.000000e-16 -1.785506e+21 3.188030e+42
5.050000e-16 -1.902607e+21 3.619915e+42
5.100000e-16 -2.025418e+21 4.102317e+42
5.150000e-16 -2.154090e+21 4.640102e+42
5.200000e-16 -2.288772e+21 5.238478e+42
5.250000e-16 -2.429611e+21 5.903012e+42
5.300000e-16 -2.576749e+21 6.639637e+42
5.350000e-16 -2.730323e+21 7.454663e+42
5.400000e-16 -2.890464e+21 8.354783e+42
5.450000e-16 -3.057300e+21 9.347082e+42
5.500000e-16 -3.230950e+21 1.043904e+43
5.550000e-16 -3.411528e+21 1.163852e+43
5.600000e-16 -3.599140e+21 1.295381e+43
5.650000e-16 -3.793884e+21 1.439356e+43
5.700000e-16 -3.995851e+21 1.596683e+43
5.750000e-16 -4.205122e+21 1.768305e+43
5.800000e-16 -4.421769e+21 1.955204e+43
5.850000e-16 -4.645852e+21 2.158394e+43
5.900000e-16 -4.877424e+21 2.378927e+43
5.950000e-16 -5.116524e+21 2.617882e+43
6.000000e-16 -5.363182e+21 2.876372e+43
6.050000e-16 -5.617412e+21 3.155532e+43
6.100000e-16 -5.879220e+21 3.456523e+43
6.150000e-16 -6.148595e+21 3.780522e+43
6.200000e-16 -6.425515e+21 4.128725e+43
6.250000e-16 -6.709943e+21 4.502334e+43
6.300000e-16 -7.001827e+21 4.902559e+43
6.350000e-16 -7.301102e+21 5.330608e+43
6.400000e-16 -7.607684e+21 5.787685e+43
6.450000e-16 -7.921476e+21 6.274979e+43
6.500000e-16 -8.242366e+21 6.793659e+43
6.550000e-16 -8.570222e+21 7.344870e+43
6.600000e-16 -8.904898e+21 7.929721e+43
6.650000e-16 -9.246230e+21 8.549277e+43
6.700000e-16 -9.594037e+21 9.204555e+43
6.750000e-16 -9.948120e+21 9.896509e+43
6.800000e-16 -1.030826e+22 1.062603e+44
6.850000e-16 -1.067423e+22 1.139392e+44
6.900000e-16 -1.104577e+22 1.220091e+44
6.950000e-16 -1.142262e+22 1.304762e+44
7.000000e-16 -1.180448e+22 1.393456e+44
7.050000e-16 -1.219104e+22 1.486215e+44
7.100000e-16 -1.258199e+22 1.583066e+44
7.150000e-16 -1.297698e+22 1.684021e+44
7.200000e-16 -1.337566e+22 1.789082e+44
7.250000e-16 -1.377763e+22 1.898231e+44
7.300000e-16 -1.418251e+22 2.011436e+44
7.350000e-16 -1.458989e+22 2.128648e+44
7.400000e-16 -1.499932e+22 2.249797e+44
7.450000e-16 -1.541038e+22 2.374798e+44
7.500000e-16 -1.582259e+22 2.503544e+44
7.550000e-16 -1.623548e+22 2.635907e+44
7.600000e-16 -1.664855e+22 2.771741e+44
7.650000e-16 -1.706129e+22 2.910876e+44
7.700000e-16 -1.747318e+22 3.053121e+44
7.750000e-16 -1.788369e+22 3.198264e+44
7.800000e-16 -1.829226e+22 3.346069e+44
7.850000e-16 -1.869834e+22 3.496279e+44
7.900000e-16 -1.910135e+22 3.648614e+44
7.950000e-16 -1.950070e+22 3.802772e+44
8.000000e-16 -1.989580e+22 3.958430e+44
8.050000e-16 -2.028606e+22 4.115241e+44
8.100000e-16 -2.067085e+22 4.272841e+44
8.150000e-16 -2.104957e+22 4.430843e+44
8.200000e-16 -2.142158e+22 4.588841e+44
8.250000e-16 -2.178626e+22 4.746412e+44
8.300000e-16 -2.214298e+22 4.903114e+44
8.350000e-16 -2.249109e+22 5.058493e+44
8.400000e-16 -2.282997e+22 5.212076e+44
8.450000e-16 -2.315897e+22 5.363380e+44
8.500000e-16 -2.347746e+22 5.511910e+44
8.550000e-16 -2.378479e+22 5.657164e+44
8.600000e-16 -2.408035e+22 5.798631e+44
8.650000e-16 -2.436349e+22 5.935795e+44
8.700000e-16 -2.463359e+22 6.068138e+44
8.750000e-16 -2.489005e+22 6.195143e+44
8.800000e-16 -2.513224e+22 6.316294e+44
8.850000e-16 -2.535957e+22 6.431080e+44
8.900000e-16 -2.557146e+22 6.538998e+44
8.950000e-16 -2.576733e+22 6.639553e+44
9.000000e-16 -2.594661e+22 6.732267e+44
9.050000e-16 -2.610876e+22 6.816675e+44
9.100000e-16 -2.625325e+22 6.892331e+44
9.150000e-16 -2.637956e+22 6.958811e+44
9.200000e-16 -2.648719e+22 7.015714e+44
9.250000e-16 -2.657568e+22 7.062667e+44
9.300000e-16 -2.664456e+22 7.099326e+44
9.350000e-16 -2.669341e+22 7.125381e+44
9.400000e-16 -2.672181e+22 7.140553e+44
9.450000e-16 -2.672939e+22 7.144604e+44
9.500000e-16 -2.671579e+22 7.137333e+44
9.550000e-16 -2.668067e+22 7.118581e+44
9.600000e-16 -2.662374e+22 7.088234e+44
9.650000e-16 -2.654472e+22 7.046221e+44
9.700000e-16 -2.644337e+22 6.992520e+44
9.750000e-16 -2.631949e+22 6.927156e+44
9.800000e-16 -2.617289e+22 6.850203e+44
9.850000e-16 -2.600344e+22 6.761786e+44
9.900000e-16 -2.581101e+22 6.662081e+44
9.950000e-16 -2.559553e+22 6.551314e+44
1.000000e-15 -2.535698e+22 6.429762e+44
1.005000e-15 -2.509533e+22 6.297755e+44
1.010000e-15 -2.481062e+22 6.155671e+44
1.015000e-15 -2.450293e+22 6.003938e+44
1.020000e-15 -2.417237e+22 5.843034e+44
1.025000e-15 -2.381907e+22 5.673482e+44
1.030000e-15 -2.344323e+22 5.495850e+44
1.035000e-15 -2.304506e+22 5.310750e+44
1.040000e-15 -2.262484e+22 5.118834e+44
1.045000e-15 -2.218286e+22 4.920792e+44
1.050000e-15 -2.171946e+22 4.717349e+44
1.055000e-15 -2.123502e+22 4.509262e+44
1.060000e-15 -2.072997e+22 4.297315e+44
1.065000e-15 -2.020475e+22 4.082319e+44
1.070000e-15 -1.965986e+22 3.865102e+44
1.075000e-15 -1.909584e+22 3.646513e+44
1.080000e-15 -1.851326e+22 3.427409e+44
1.085000e-15 -1.791272e+22 3.208657e+44
1.090000e-15 -1.729487e+22 2.991127e+44
1.095000e-15 -1.666039e+22 2.775686e+44
1.100000e-15 -1.600999e+22 2.563196e+44
1.105000e-15 -1.534441e+22 2.354509e+44
1.110000e-15 -1.466444e+22 2.150458e+44
1.115000e-15 -1.397089e+22 1.951858e+44
1.120000e-15 -1.326461e+22 1.759498e+44
1.125000e-15 -1.254646e+22 1.574135e+44
1.130000e-15 -1.181734e+22 1.396495e+44
1.135000e-15 -1.107819e+22 1.227263e+44
1.140000e-15 -1.032995e+22 1.067079e+44
1.145000e-15 -9.573607e+21 9.165395e+43
1.150000e-15 -8.810154e+21 7.761881e+43
1.155000e-15 -8.040612e+21 6.465145e+43
1.160000e-15 -7.266021e+21 5.279507e+43
1.165000e-15 -6.487437e+21 4.208684e+43
1.170000e-15 -5.705932e+21 3.255766e+43
1.175000e-15 -4.922592e+21 2.423191e+43
1.180000e-15 -4.138515e+21 1.712731e+43
1.185000e-15 -3.354809e+21 1.125474e+43
1.190000e-15 -2.572589e+21 6.618214e+42
1.195000e-15 -1.792977e+21 3.214768e+42
1.200000e-15 -1.017100e+21 1.034492e+42
1.205000e-15 -2.460842e+20 6.055743e+40
1.210000e-15 5.189422e+20 2.693010e+41
1.215000e-15 1.276854e+21 1.630356e+42
1.220000e-15 2.026531e+21 4.106827e+42
1.225000e-15 2.766858e+21 7.655502e+42
1.230000e-15 3.496730e+21 1.222712e+43
1.235000e-15 4.215053e+21 1.776667e+43
1.240000e-15 4.920744e+21 2.421372e+43
1.245000e-15 5.612738e+21 3.150283e+43
1.250000e-15 6.289985e+21 3.956391e+43
1.255000e-15 6.951456e+21 4.832274e+43
1.260000e-15 7.596141e+21 5.770136e+43
1.265000e-15 8.223057e+21 6.761867e+43
1.270000e-15 8.831245e+21 7.799088e+43
1.275000e-15 9.419772e+21 8.873210e+43
1.280000e-15 9.987736e+21 9.975488e+43
1.285000e-15 1.053427e+22 1.109708e+44
1.290000e-15 1.105853e+22 1.222911e+44
1.295000e-15 1.155972e+22 1.336271e+44
1.300000e-15 1.203707e+22 1.448911e+44
1.305000e-15 1.248986e+22 1.559966e+44
1.310000e-15 1.291740e+22 1.668592e+44
1.315000e-15 1.331904e+22 1.773969e+44
1.320000e-15 1.369419e+22 1.875308e+44
1.325000e-15 1.404229e+22 1.971858e+44
1.330000e-15 1.436282e+22 2.062905e+44
1.335000e-15 1.465532e+22 2.147785e+44
1.340000e-15 1.491939e+22 2.225882e+44
1.345000e-15 1.515465e+22 2.296633e+44
1.350000e-15 1.536078e+22 2.359537e+44
1.355000e-15 1.553753e+22 2.414150e+44
1.360000e-15 1.568469e+22 2.460095e+44
1.365000e-15 1.580209e+22 2.497059e+44
1.370000e-15 1.588962e+22 2.524801e+44
1.375000e-15 1.594725e+22 2.543147e+44
1.380000e-15 1.597496e+22 2.551993e+44
1.385000e-15 1.597282e+22 2.551308e+44
1.390000e-15 1.594093e+22 2.541132e+44
1.395000e-15 1.587946e+22 2.521574e+44
1.400000e-15 1.578864e+22 2.492812e+44
1.405000e-15 1.566873e+22 2.455092e+44
1.410000e-15 1.552007e+22 2.408725e+44
1.415000e-15 1.534303e+22 2.354086e+44
1.420000e-15 1.513805e+22 2.291606e+44
1.425000e-15 1.490561e+22 2.221773e+44
1.430000e-15 1.464626e+22 2.145130e+44
1.435000e-15 1.436058e+22 2.062263e+44
1.440000e-15 1.404921e+22 1.973803e+44
1.445000e-15 1.371283e+22 1.880417e+44
1.450000e-15 1.335218e+22 1.782807e+44
1.455000e-15 1.296804e+22 1.681700e+44
1.460000e-15 1.256123e+22 1.577845e+44
1.465000e-15 1.213262e+22 1.472004e+44
1.470000e-15 1.168311e+22 1.364950e+44
1.475000e-15 1.121365e+22 1.257460e+44
1.480000e-15 1.072524e+22 1.150308e+44
1.485000e-15 1.021888e+22 1.044256e+44
1.490000e-15 9.695645e+21 9.400554e+43
1.495000e-15 9.156609e+21 8.384348e+43
1.500000e-15 8.602892e+21 7.400975e+43
1.505000e-15 8.035640e+21 6.457151e+43
1.510000e-15 7.456023e+21 5.559228e+43
1.515000e-15 6.865234e+21 4.713143e+43
1.520000e-15 6.264486e+21 3.924378e+43
1.525000e-15 5.655011e+21 3.197915e+43
1.530000e-15 5.038058e+21 2.538203e+43
1.535000e-15 4.414887e+21 1.949123e+43
1.540000e-15 3.786770e+21 1.433963e+43
1.545000e-15 3.154987e+21 9.953940e+42
1.550000e-15 2.520822e+21 6.354542e+42
1.555000e-15 1.885563e+21 3.555349e+42
1.560000e-15 1.250500e+21 1.563750e+42
1.565000e-15 6.169175e+20 3.805872e+41
1.570000e-15 -1.390371e+19 1.933132e+38
1.575000e-15 -6.406906e+20 4.104844e+41
1.580000e-15 -1.262181e+21 1.593100e+42
1.585000e-15 -1.877124e+21 3.523596e+42
1.590000e-15 -2.484288e+21 6.171685e+42
1.595000e-15 -3.082455e+21 9.501530e+42
1.600000e-15 -3.670432e+21 1.347207e+43
1.605000e-15 -4.247046e+21 1.803740e+43
1.610000e-15 -4.811151e+21 2.314717e+43
1.615000e-15 -5.361630e+21 2.874707e+43
1.620000e-15 -5.897395e+21 3.477926e+43
1.625000e-15 -6.417391e+21 4.118290e+43
1.630000e-15 -6.920599e+21 4.789468e+43
1.635000e-15 -7.406035e+21 5.484936e+43
1.640000e-15 -7.872758e+21 6.198032e+43
1.645000e-15 -8.319864e+21 6.922014e+43
1.650000e-15 -8.746495e+21 7.650117e+43
1.655000e-15 -9.151836e+21 8.375610e+43
1.660000e-15 -9.535120e+21 9.091852e+43
1.665000e-15 -9.895628e+21 9.792346e+43
1.670000e-15 -1.023269e+22 1.047080e+44
1.675000e-15 -1.054569e+22 1.112116e+44
1.680000e-15 -1.083406e+22 1.173768e+44
1.685000e-15 -1.109729e+22 1.231498e+44
1.690000e-15 -1.133492e+22 1.284804e+44
1.695000e-15 -1.154655e+22 1.333228e+44
1.700000e-15 -1.173184e+22 1.376360e+44
1.705000e-15 -1.189049e+22 1.413838e+44
1.710000e-15 -1.202228e+22 1.445353e+44
1.715000e-15 -1.212704e+22 1.470652e+44
1.720000e-15 -1.220466e+22 1.489537e+44
1.725000e-15 -1.225508e+22 1.501869e+44
1.730000e-15 -1.227830e+22 1.507566e+44
1.735000e-15 -1.227439e+22 1.506606e+44
1.740000e-15 -1.224347e+22 1.499027e+44
1.745000e-15 -1.218573e+22 1.484921e+44
1.750000e-15 -1.210141e+22 1.464440e+44
1.755000e-15 -1.199079e+22 1.437790e+44
1.760000e-15 -1.185423e+22 1.405228e+44
1.765000e-15 -1.169215e+22 1.367063e+44
1.770000e-15 -1.150500e+22 1.323649e+44
1.775000e-15 -1.129330e+22 1.275386e+44
1.780000e-15 -1.105762e+22 1.222710e+44
1.785000e-15 -1.079859e+22 1.166095e+44
1.790000e-15 -1.051687e+22 1.106045e+44
1.795000e-15 -1.021318e+22 1.043090e+44
1.800000e-15 -9.888292e+21 9.777831e+43
1.805000e-15 -9.543012e+21 9.106909e+43
1.810000e-15 -9.178196e+21 8.423928e+43
1.815000e-15 -8.794737e+21 7.734740e+43
1.820000e-15 -8.393568e+21 7.045199e+43
1.825000e-15 -7.975661e+21 6.361117e+43
1.830000e-15 -7.542019e+21 5.688205e+43
1.835000e-15 -7.093681e+21 5.032031e+43
1.840000e-15 -6.631712e+21 4.397961e+43
1.845000e-15 -6.157208e+21 3.791121e+43
1.850000e-15 -5.671289e+21 3.216352e+43
1.855000e-15 -5.175095e+21 2.678161e+43
1.860000e-15 -4.669790e+21 2.180694e+43
1.865000e-15 -4.156552e+21 1.727692e+43
1.870000e-15 -3.636574e+21 1.322467e+43
1.875000e-15 -3.111061e+21 9.678700e+42
1.880000e-15 -2.581228e+21 6.662738e+42
1.885000e-15 -2.048295e+21 4.195513e+42
1.890000e-15 -1.513486e+21 2.290641e+42
1.895000e-15 -9.780259e+20 9.565346e+41
1.900000e-15 -4.431362e+20 1.963697e+41
1.905000e-15 8.996504e+19 8.093708e+39
1.910000e-15 6.200681e+20 3.844845e+41
1.915000e-15 1.145974e+21 1.313256e+42
1.920000e-15 1.666495e+21 2.777207e+42
1.925000e-15 2.180463e+21 4.754417e+42
1.930000e-15 2.686724e+21 7.218483e+42
1.935000e-15 3.184147e+21 1.013879e+43
1.940000e-15 3.671626e+21 1.348084e+43
1.945000e-15 4.148080e+21 1.720657e+43
1.950000e-15 4.612455e+21 2.127475e+43
1.955000e-15 5.063731e+21 2.564137e+43
1.960000e-15 5.500918e+21 3.026010e+43
1.965000e-15 5.923065e+21 3.508269e+43
1.970000e-15 6.329254e+21 4.005946e+43
1.975000e-15 6.718612e+21 4.513974e+43
1.980000e-15 7.090303e+21 5.027239e+43
1.985000e-15 7.443537e+21 5.540624e+43
1.990000e-15 7.777568e+21 6.049056e+43
1.995000e-15 8.091697e+21 6.547557e+43
2.000000e-15 8.385275e+21 7.031284e+43
2.005000e-15 8.657700e+21 7.495576e+43
2.010000e-15 8.908422e+21 7.935998e+43
2.015000e-15 9.136944e+21 8.348375e+43
2.020000e-15 9.342822e+21 8.728833e+43
2.025000e-15 9.525666e+21 9.073831e+43
2.030000e-15 9.685140e+21 9.380194e+43
2.035000e-15 9.820966e+21 9.645137e+43
2.040000e-15 9.932919e+21 9.866288e+43
2.045000e-15 1.002083e+22 1.004171e+44
2.050000e-15 1.008460e+22 1.016991e+44
2.055000e-15 1.012416e+22 1.024987e+44
2.060000e-15 1.013953e+22 1.028101e+44
2.065000e-15 1.013076e+22 1.026323e+44
2.070000e-15 1.009797e+22 1.019690e+44
2.075000e-15 1.004133e+22 1.008284e+44
2.080000e-15 9.961083e+21 9.922318e+43
2.085000e-15 9.857500e+21 9.717030e+43
2.090000e-15 9.730922e+21 9.469084e+43
2.095000e-15 9.581742e+21 9.180979e+43
2.100000e-15 9.410404e+21 8.855571e+43
2.105000e-15 9.217403e+21 8.496051e+43
2.110000e-15 9.003282e+21 8.105909e+43
2.115000e-15 8.768635e+21 7.688896e+43
2.120000e-15 8.514102e+21 7.248993e+43
2.125000e-15 8.240367e+21 6.790365e+43
2.130000e-15 7.948159e+21 6.317323e+43
2.135000e-15 7.638247e+21 5.834282e+43
2.140000e-15 7.311442e+21 5.345718e+43
2.145000e-15 6.968590e+21 4.856124e+43
2.150000e-15 6.610574e+21 4.369969e+43
2.155000e-15 6.238311e+21 3.891652e+43
2.160000e-15 5.852747e+21 3.425465e+43
2.165000e-15 5.454859e+21 2.975549e+43
2.170000e-15 5.045649e+21 2.545858e+43
2.175000e-15 4.626144e+21 2.140121e+43
2.180000e-15 4.197390e+21 1.761809e+43
2.185000e-15 3.760455e+21 1.414102e+43
2.190000e-15 3.316421e+21 1.099865e+43
2.195000e-15 2.866384e+21 8.216159e+42
2.200000e-15 2.411452e+21 5.815101e+42
2.205000e-15 1.952740e+21 3.813192e+42
2.210000e-15 1.491368e+21 2.224179e+42
2.215000e-15 1.028461e+21 1.057732e+42
2.220000e-15 5.651425e+20 3.193860e+41
2.225000e-15 1.025334e+20 1.051311e+40
2.230000e-15 -3.582500e+20 1.283431e+41
2.235000e-15 -8.160998e+20 6.660190e+41
2.240000e-15 -1.269919e+21 1.612694e+42
2.245000e-15 -1.718623e+21 2.953664e+42
2.250000e-15 -2.161143e+21 4.670540e+42
2.255000e-15 -2.596431e+21 6.741453e+42
2.260000e-15 -3.023456e+21 9.141286e+42
2.265000e-15 -3.441213e+21 1.184195e+43
2.270000e-15 -3.848722e+21 1.481266e+43
2.275000e-15 -4.245032e+21 1.802029e+43
2.280000e-15 -4.629219e+21 2.142967e+43
2.285000e-15 -5.000395e+21 2.500395e+43
2.290000e-15 -5.357705e+21 2.870500e+43
2.295000e-15 -5.700330e+21 3.249376e+43
2.300000e-15 -6.027490e+21 3.633064e+43
2.305000e-15 -6.338445e+21 4.017589e+43
2.310000e-15 -6.632497e+21 4.399002e+43
2.315000e-15 -6.908991e+21 4.773416e+43
2.320000e-15 -7.167317e+21 5.137044e+43
2.325000e-15 -7.406912e+21 5.486235e+43
2.330000e-15 -7.627260e+21 5.817509e+43
2.335000e-15 -7.827892e+21 6.127590e+43
2.340000e-15 -8.008393e+21 6.413435e+43
2.345000e-15 -8.168393e+21 6.672265e+43
2.350000e-15 -8.307578e+21 6.901586e+43
2.355000e-15 -8.425685e+21 7.099216e+43
2.360000e-15 -8.522500e+21 7.263301e+43
2.365000e-15 -8.597867e+21 7.392332e+43
2.370000e-15 -8.651679e+21 7.485155e+43
2.375000e-15 -8.683885e+21 7.540986e+43
2.380000e-15 -8.694486e+21 7.559408e+43
2.385000e-15 -8.683535e+21 7.540377e+43
2.390000e-15 -8.651139e+21 7.484221e+43
2.395000e-15 -8.597459e+21 7.391630e+43
2.400000e-15 -8.522704e+21 7.263649e+43
2.405000e-15 -8.427138e+21 7.101666e+43
2.410000e-15 -8.311073e+21 6.907394e+43
2.415000e-15 -8.174872e+21 6.682853e+43
2.420000e-15 -8.018944e+21 6.430346e+43
2.425000e-15 -7.843748e+21 6.152438e+43
2.430000e-15 -7.649789e+21 5.851926e+43
2.435000e-15 -7.437614e+21 5.531810e+43
2.440000e-15 -7.207816e+21 5.195262e+43
2.445000e-15 -6.961030e+21 4.845593e+43
2.450000e-15 -6.697927e+21 4.486223e+43
2.455000e-15 -6.419221e+21 4.120640e+43
2.460000e-15 -6.125659e+21 3.752370e+43
2.465000e-15 -5.818025e+21 3.384941e+43
2.470000e-15 -5.497132e+21 3.021846e+43
2.475000e-15 -5.163827e+21 2.666511e+43
2.480000e-15 -4.818983e+21 2.322259e+43
2.485000e-15 -4.463498e+21 1.992281e+43
2.490000e-15 -4.098295e+21 1.679602e+43
2.495000e-15 -3.724319e+21 1.387055e+43
2.500000e-15 -3.342531e+21 1.117251e+43
2.505000e-15 -2.953911e+21 8.725591e+42
2.510000e-15 -2.559452e+21 6.550794e+42
2.515000e-15 -2.160157e+21 4.666279e+42
2.520000e-15 -1.757040e+21 3.087191e+42
2.525000e-15 -1.351121e+21 1.825527e+42
2.530000e-15 -9.434213e+20 8.900437e+41
2.535000e-15 -5.349661e+20 2.861887e+41
2.540000e-15 -1.267782e+20 1.607270e+40
2.545000e-15 2.801235e+20 7.846920e+40
2.550000e-15 6.847265e+20 4.688504e+41
2.555000e-15 1.086027e+21 1.179455e+42
2.560000e-15 1.483033e+21 2.199388e+42
2.565000e-15 1.874767e+21 3.514751e+42
2.570000e-15 2.260266e+21 5.108801e+42
2.575000e-15 2.638586e+21 6.962138e+42
2.580000e-15 3.008806e+21 9.052915e+42
2.585000e-15 3.370026e+21 1.135708e+43
2.590000e-15 3.721372e+21 1.384861e+43
2.595000e-15 4.061998e+21 1.649983e+43
2.600000e-15 4.391087e+21 1.928164e+43
2.605000e-15 4.707852e+21 2.216387e+43
2.610000e-15 5.011543e+21 2.511556e+43
2.615000e-15 5.301441e+21 2.810528e+43
2.620000e-15 5.576867e+21 3.110145e+43
2.625000e-15 5.837179e+21 3.407266e+43
2.630000e-15 6.081776e+21 3.698800e+43
2.635000e-15 6.310096e+21 3.981731e+43
2.640000e-15 6.521622e+21 4.253155e+43
2.645000e-15 6.715879e+21 4.510304e+43
2.650000e-15 6.892440e+21 4.750572e+43
2.655000e-15 7.050919e+21 4.971546e+43
2.660000e-15 7.190980e+21 5.171020e+43
2.665000e-15 7.312335e+21 5.347024e+43
2.670000e-15 7.414741e+21 5.497839e+43
2.675000e-15 7.498006e+21 5.622010e+43
2.680000e-15 7.561986e+21 5.718363e+43
2.685000e-15 7.606584e+21 5.786012e+43
2.690000e-15 7.631756e+21 5.824370e+43
2.695000e-15 7.637504e+21 5.833146e+43
2.700000e-15 7.623880e+21 5.812354e+43
2.705000e-15 7.590984e+21 5.762304e+43
2.710000e-15 7.538967e+21 5.683602e+43
2.715000e-15 7.468024e+21 5.577138e+43
2.720000e-15 7.378398e+21 5.444076e+43
2.725000e-15 7.270381e+21 5.285845e+43
2.730000e-15 7.144309e+21 5.104115e+43
2.735000e-15 7.000560e+21 4.900785e+43
2.740000e-15 6.839560e+21 4.677958e+43
2.745000e-15 6.661774e+21 4.437923e+43
2.750000e-15 6.467709e+21 4.183126e+43
2.755000e-15 6.257912e+21 3.916146e+43
2.760000e-15 6.032968e+21 3.639670e+43
2.765000e-15 5.793497e+21 3.356461e+43
2.770000e-15 5.540156e+21 3.069333e+43
2.775000e-15 5.273634e+21 2.781122e+43
2.780000e-15 4.994651e+21 2.494654e+43
2.785000e-15 4.703958e+21 2.212722e+43
2.790000e-15 4.402330e+21 1.938051e+43
2.795000e-15 4.090571e+21 1.673277e+43
2.800000e-15 3.769506e+21 1.420918e+43
2.805000e-15 3.439982e+21 1.183348e+43
2.810000e-15 3.102864e+21 9.627766e+42
2.815000e-15 2.759034e+21 7.612270e+42
2.820000e-15 2.409389e+21 5.805156e+42
2.825000e-15 2.054837e+21 4.222355e+42
2.830000e-15 1.696296e+21 2.877421e+42
2.835000e-15 1.334692e+21 1.781402e+42
2.840000e-15 9.709543e+20 9.427523e+41
2.845000e-15 6.060167e+20 3.672562e+41
2.850000e-15 2.408119e+20 5.799039e+40
2.855000e-15 -1.237289e+20 1.530885e+40
2.860000e-15 -4.866796e+20 2.368570e+41
2.865000e-15 -8.471204e+20 7.176129e+41
2.870000e-15 -1.204141e+21 1.449956e+42
2.875000e-15 -1.556843e+21 2.423759e+42
2.880000e-15 -1.904340e+21 3.626511e+42
2.885000e-15 -2.245764e+21 5.043456e+42
2.890000e-15 -2.580264e+21 6.657760e+42
2.895000e-15 -2.907008e+21 8.450693e+42
2.900000e-15 -3.225188e+21 1.040183e+43
2.905000e-15 -3.534019e+21 1.248929e+43
2.910000e-15 -3.832744e+21 1.468993e+43
2.915000e-15 -4.120632e+21 1.697961e+43
2.920000e-15 -4.396984e+21 1.933347e+43
2.925000e-15 -4.661129e+21 2.172613e+43
2.930000e-15 -4.912433e+21 2.413200e+43
2.935000e-15 -5.150295e+21 2.652554e+43
2.940000e-15 -5.374150e+21 2.888149e+43
2.945000e-15 -5.583470e+21 3.117514e+43
2.950000e-15 -5.777767e+21 3.338259e+43
2.955000e-15 -5.956592e+21 3.548099e+43
2.960000e-15 -6.119537e+21 3.744873e+43
2.965000e-15 -6.266235e+21 3.926570e+43
2.970000e-15 -6.396364e+21 4.091347e+43
2.975000e-15 -6.509641e+21 4.237543e+43
2.980000e-15 -6.605832e+21 4.363702e+43
2.985000e-15 -6.684745e+21 4.468581e+43
2.990000e-15 -6.746230e+21 4.551162e+43
2.995000e-15 -6.790187e+21 4.610665e+43
3.000000e-15 -6.816559e+21 4.646547e+43
3.005000e-15 -6.825332e+21 4.658516e+43
3.010000e-15 -6.816541e+21 4.646523e+43
3.015000e-15 -6.790263e+21 4.610767e+43
3.020000e-15 -6.746620e+21 4.551687e+43
3.025000e-15 -6.685778e+21 4.469963e+43
3.030000e-15 -6.607949e+21 4.366499e+43
3.035000e-15 -6.513384e+21 4.242417e+43
3.040000e-15 -6.402379e+21 4.099046e+43
3.045000e-15 -6.275270e+21 3.937902e+43
3.050000e-15 -6.132434e+21 3.760674e+43
3.055000e-15 -5.974285e+21 3.569208e+43
3.060000e-15 -5.801279e+21 3.365483e+43
3.065000e-15 -5.613904e+21 3.151592e+43
3.070000e-15 -5.412688e+21 2.929719e+43
3.075000e-15 -5.198190e+21 2.702118e+43
3.080000e-15 -4.971002e+21 2.471086e+43
3.085000e-15 -4.731747e+21 2.238943e+43
3.090000e-15 -4.481078e+21 2.008006e+43
3.095000e-15 -4.219674e+21 1.780564e+43
3.100000e-15 -3.948239e+21 1.558859e+43
3.105000e-15 -3.667504e+21 1.345059e+43
3.110000e-15 -3.378218e+21 1.141236e+43
3.115000e-15 -3.081152e+21 9.493500e+42
3.120000e-15 -2.777094e+21 7.712254e+42
3.125000e-15 -2.466848e+21 6.085339e+42
3.130000e-15 -2.151231e+21 4.627793e+42
3.135000e-15 -1.831071e+21 3.352821e+42
3.140000e-15 -1.507207e+21 2.271673e+42
3.145000e-15 -1.180484e+21 1.393542e+42
3.150000e-15 -8.517513e+20 7.254802e+41
3.155000e-15 -5.218624e+20 2.723403e+41
3.160000e-15 -1.916702e+20 3.673747e+40
3.165000e-15 1.379737e+20 1.903673e+40
3.170000e-15 4.662215e+20 2.173625e+41
3.175000e-15 7.922317e+20 6.276311e+41
3.180000e-15 1.115171e+21 1.243606e+42
3.185000e-15 1.434216e+21 2.056974e+42
3.190000e-15 1.748555e+21 3.057445e+42
3.195000e-15 2.057393e+21 4.232867e+42
3.200000e-15 2.359950e+21 5.569364e+42
3.205000e-15 2.655464e+21 7.051487e+42
3.210000e-15 2.943193e+21 8.662385e+42
3.215000e-15 3.222419e+21 1.038398e+43
3.220000e-15 3.492447e+21 1.219718e+43
3.225000e-15 3.752607e+21 1.408206e+43
3.230000e-15 4.002256e+21 1.601806e+43
3.235000e-15 4.240783e+21 1.798424e+43
3.240000e-15 4.467604e+21 1.995948e+43
3.245000e-15 4.682167e+21 2.192269e+43
3.250000e-15 4.883956e+21 2.385303e+43
3.255000e-15 5.072486e+21 2.573012e+43
3.260000e-15 5.247311e+21 2.753427e+43
3.265000e-15 5.408017e+21 2.924665e+43
3.270000e-15 5.554233e+21 3.084950e+43
3.275000e-15 5.685622e+21 3.232630e+43
3.280000e-15 5.801889e+21 3.366191e+43
3.285000e-15 5.902776e+21 3.484277e+43
3.290000e-15 5.988070e+21 3.585698e+43
3.295000e-15 6.057593e+21 3.669444e+43
3.300000e-15 6.111214e+21 3.734693e+43
3.305000e-15 6.148838e+21 3.780821e+43
3.310000e-15 6.170416e+21 3.807404e+43
3.315000e-15 6.175939e+21 3.814222e+43
3.320000e-15 6.165438e+21 3.801262e+43
3.325000e-15 6.138987e+21 3.768716e+43
3.330000e-15 6.096700e+21 3.716975e+43
3.335000e-15 6.038734e+21 3.646631e+43
3.340000e-15 5.965282e+21 3.558460e+43
3.345000e-15 5.876581e+21 3.453420e+43
3.350000e-15 5.772903e+21 3.332641e+43
3.355000e-15 5.654559e+21 3.197404e+43
3.360000e-15 5.521899e+21 3.049137e+43
3.365000e-15 5.375307e+21 2.889392e+43
3.370000e-15 5.215202e+21 2.719833e+43
3.375000e-15 5.042038e+21 2.542215e+43
3.380000e-15 4.856300e+21 2.358365e+43
3.385000e-15 4.658506e+21 2.170168e+43
3.390000e-15 4.449203e+21 1.979540e+43
3.395000e-15 4.228965e+21 1.788414e+43
3.400000e-15 3.998394e+21 1.598716e+43
3.405000e-15 3.758118e+21 1.412345e+43
3.410000e-15 3.508787e+21 1.231158e+43
3.415000e-15 3.251072e+21 1.056947e+43
3.420000e-15 2.985666e+21 8.914201e+42
3.425000e-15 2.713279e+21 7.361881e+42
3.430000e-15 2.434636e+21 5.927453e+42
3.435000e-15 2.150479e+21 4.624559e+42
3.440000e-15 1.861559e+21 3.465403e+42
3.445000e-15 1.568640e+21 2.460632e+42
3.450000e-15 1.272493e+21 1.619240e+42
3.455000e-15 9.738961e+20 9.484735e+41
3.460000e-15 6.736300e+20 4.537774e+41
3.465000e-15 3.724794e+20 1.387409e+41
3.470000e-15 7.122830e+19 5.073471e+39
3.475000e-15 -2.293408e+20 5.259718e+40
3.480000e-15 -5.284493e+20 2.792586e+41
3.485000e-15 -8.253246e+20 6.811607e+41
3.490000e-15 -1.119202e+21 1.252613e+42
3.495000e-15 -1.409326e+21 1.986200e+42
3.500000e-15 -1.694954e+21 2.872869e+42
3.505000e-15 -1.975356e+21 3.902031e+42
3.510000e-15 -2.249818e+21 5.061679e+42
3.515000e-15 -2.517642e+21 6.338523e+42
3.520000e-15 -2.778152e+21 7.718131e+42
3.525000e-15 -3.030691e+21 9.185086e+42
3.530000e-15 -3.274622e+21 1.072315e+43
3.535000e-15 -3.509337e+21 1.231545e+43
3.540000e-15 -3.734250e+21 1.394462e+43
3.545000e-15 -3.948803e+21 1.559304e+43
3.550000e-15 -4.152465e+21 1.724297e+43
3.555000e-15 -4.344738e+21 1.887675e+43
3.560000e-15 -4.525152e+21 2.047700e+43
3.565000e-15 -4.693270e+21 2.202678e+43
3.570000e-15 -4.848687e+21 2.350976e+43
3.575000e-15 -4.991034e+21 2.491042e+43
3.580000e-15 -5.119975e+21 2.621415e+43
3.585000e-15 -5.235212e+21 2.740745e+43
3.590000e-15 -5.336481e+21 2.847803e+43
3.595000e-15 -5.423556e+21 2.941496e+43
3.600000e-15 -5.496249e+21 3.020876e+43
3.605000e-15 -5.554409e+21 3.085146e+43
3.610000e-15 -5.597923e+21 3.133674e+43
3.615000e-15 -5.626717e+21 3.165995e+43
3.620000e-15 -5.640757e+21 3.181813e+43
3.625000e-15 -5.640043e+21 3.181009e+43
3.630000e-15 -5.624618e+21 3.163633e+43
3.635000e-15 -5.594561e+21 3.129911e+43
3.640000e-15 -5.549989e+21 3.080238e+43
3.645000e-15 -5.491056e+21 3.015170e+43
3.650000e-15 -5.417955e+21 2.935424e+43
3.655000e-15 -5.330913e+21 2.841863e+43
3.660000e-15 -5.230194e+21 2.735493e+43
3.665000e-15 -5.116096e+21 2.617444e+43
3.670000e-15 -4.988953e+21 2.488965e+43
3.675000e-15 -4.849130e+21 2.351406e+43
3.680000e-15 -4.697024e+21 2.206203e+43
3.685000e-15 -4.533065e+21 2.054868e+43
3.690000e-15 -4.357711e+21 1.898965e+43
3.695000e-15 -4.171450e+21 1.740100e+43
3.700000e-15 -3.974796e+21 1.579900e+43
3.705000e-15 -3.768288e+21 1.420000e+43
3.710000e-15 -3.552492e+21 1.262020e+43
3.715000e-15 -3.327994e+21 1.107554e+43
3.720000e-15 -3.095403e+21 9.581520e+42
3.725000e-15 -2.855347e+21 8.153006e+42
3.730000e-15 -2.608471e+21 6.804123e+42
3.735000e-15 -2.355439e+21 5.548091e+42
3.740000e-15 -2.096925e+21 4.397095e+42
3.745000e-15 -1.833620e+21 3.362161e+42
3.750000e-15 -1.566222e+21 2.453051e+42
3.755000e-15 -1.295441e+21 1.678167e+42
3.760000e-15 -1.021993e+21 1.044469e+42
3.765000e-15 -7.465975e+20 5.574078e+41
3.770000e-15 -4.699801e+20 2.208813e+41
3.775000e-15 -1.928662e+20 3.719736e+40
3.780000e-15 8.401926e+19 7.059236e+39
3.785000e-15 3.599533e+20 1.295664e+41
3.790000e-15 6.342175e+20 4.022318e+41
3.795000e-15 9.060994e+20 8.210161e+41
3.800000e-15 1.174894e+21 1.380377e+42
3.805000e-15 1.439908e+21 2.073335e+42
3.810000e-15 1.700457e+21 2.891555e+42
3.815000e-15 1.955872e+21 3.825436e+42
3.820000e-15 2.205498e+21 4.864221e+42
3.825000e-15 2.448697e+21 5.996116e+42
3.830000e-15 2.684849e+21 7.208413e+42
3.835000e-15 2.913354e+21 8.487633e+42
3.840000e-15 3.133635e+21 9.819667e+42
3.845000e-15 3.345135e+21 1.118993e+43
3.850000e-15 3.547324e+21 1.258351e+43
3.855000e-15 3.739695e+21 1.398532e+43
3.860000e-15 3.921771e+21 1.538029e+43
3.865000e-15 4.093100e+21 1.675347e+43
3.870000e-15 4.253262e+21 1.809024e+43
3.875000e-15 4.401864e+21 1.937641e+43
3.880000e-15 4.538547e+21 2.059841e+43
3.885000e-15 4.662982e+21 2.174340e+43
3.890000e-15 4.774874e+21 2.279943e+43
3.895000e-15 4.873963e+21 2.375551e+43
3.900000e-15 4.960018e+21 2.460178e+43
3.905000e-15 5.032849e+21 2.532957e+43
3.910000e-15 5.092296e+21 2.593148e+43
3.915000e-15 5.138237e+21 2.640148e+43
3.920000e-15 5.170585e+21 2.673495e+43
3.925000e-15 5.189289e+21 2.692873e+43
3.930000e-15 5.194334e+21 2.698110e+43
3.935000e-15 5.185739e+21 2.689189e+43
3.940000e-15 5.163561e+21 2.666236e+43
3.945000e-15 5.127891e+21 2.629526e+43
3.950000e-15 5.078855e+21 2.579477e+43
3.955000e-15 5.016615e+21 2.516643e+43
3.960000e-15 4.941366e+21 2.441710e+43
3.965000e-15 4.853338e+21 2.355489e+43
3.970000e-15 4.752791e+21 2.258903e+43
3.975000e-15 4.640021e+21 2.152979e+43
3.980000e-15 4.515352e+21 2.038840e+43
3.985000e-15 4.379140e+21 1.917687e+43
3.990000e-15 4.231770e+21 1.790788e+43
3.995000e-15 4.073657e+21 1.659468e+43
4.000000e-15 3.905240e+21 1.525090e+43
4.005000e-15 3.726986e+21 1.389043e+43
4.010000e-15 3.539387e+21 1.252726e+43
4.015000e-15 3.342957e+21 1.117536e+43
4.020000e-15 3.138233e+21 9.848508e+42
4.025000e-15 2.925772e+21 8.560144e+42
4.030000e-15 2.706151e+21 7.323252e+42
4.035000e-15 2.479962e+21 6.150211e+42
4.040000e-15 2.247815e+21 5.052673e+42
4.045000e-15 2.010334e+21 4.041444e+42
4.050000e-15 1.768156e+21 3.126374e+42
4.055000e-15 1.521926e+21 2.316258e+42
4.060000e-15 1.272301e+21 1.618750e+42
4.065000e-15 1.019945e+21 1.040288e+42
4.070000e-15 7.655272e+20 5.860319e+41
4.075000e-15 5.097203e+20 2.598148e+41
4.080000e-15 2.531997e+20 6.411010e+40
4.085000e-15 -3.359110e+18 1.128362e+37
4.090000e-15 -2.592821e+20 6.722720e+40
4.095000e-15 -5.138983e+20 2.640915e+41
4.100000e-15 -7.665419e+20 5.875865e+41
4.105000e-15 -1.016554e+21 1.033381e+42
4.110000e-15 -1.263283e+21 1.595883e+42
4.115000e-15 -1.506088e+21 2.268302e+42
4.120000e-15 -1.744341e+21 3.042727e+42
4.125000e-15 -1.977427e+21 3.910216e+42
4.130000e-15 -2.204743e+21 4.860892e+42
4.135000e-15 -2.425707e+21 5.884054e+42
4.140000e-15 -2.639752e+21 6.968289e+42
4.145000e-15 -2.846331e+21 8.101600e+42
4.150000e-15 -3.044919e+21 9.271531e+42
4.155000e-15 -3.235012e+21 1.046530e+43
4.160000e-15 -3.416129e+21 1.166994e+43
4.165000e-15 -3.587816e+21 1.287242e+43
4.170000e-15 -3.749642e+21 1.405982e+43
4.175000e-15 -3.901205e+21 1.521940e+43
4.180000e-15 -4.042129e+21 1.633881e+43
4.185000e-15 -4.172068e+21 1.740616e+43
4.190000e-15 -4.290707e+21 1.841016e+43
4.195000e-15 -4.397758e+21 1.934027e+43
4.200000e-15 -4.492966e+21 2.018675e+43
4.205000e-15 -4.576109e+21 2.094077e+43
4.210000e-15 -4.646995e+21 2.159456e+43
4.215000e-15 -4.705465e+21 2.214141e+43
4.220000e-15 -4.751395e+21 2.257576e+43
4.225000e-15 -4.784692e+21 2.289328e+43
4.230000e-15 -4.805297e+21 2.309088e+43
4.235000e-15 -4.813185e+21 2.316675e+43
4.240000e-15 -4.808365e+21 2.312037e+43
4.245000e-15 -4.790877e+21 2.295250e+43
4.250000e-15 -4.760798e+21 2.266519e+43
4.255000e-15 -4.718234e+21 2.226173e+43
4.260000e-15 -4.663326e+21 2.174661e+43
4.265000e-15 -4.596247e+21 2.112549e+43
4.270000e-15 -4.517202e+21 2.040512e+43
4.275000e-15 -4.426426e+21 1.959324e+43
4.280000e-15 -4.324184e+21 1.869856e+43
4.285000e-15 -4.210772e+21 1.773060e+43
4.290000e-15 -4.086514e+21 1.669959e+43
4.295000e-15 -3.951762e+21 1.561642e+43
4.300000e-15 -3.806894e+21 1.449245e+43
4.305000e-15 -3.652317e+21 1.333942e+43
4.310000e-15 -3.488458e+21 1.216934e+43
4.315000e-15 -3.315771e+21 1.099434e+43
4.320000e-15 -3.134732e+21 9.826542e+42
4.325000e-15 -2.945835e+21 8.677943e+42
4.330000e-15 -2.749597e+21 7.560284e+42
4.335000e-15 -2.546552e+21 6.484928e+42
4.340000e-15 -2.337251e+21 5.462742e+42
4.345000e-15 -2.122259e+21 4.503985e+42
4.350000e-15 -1.902157e+21 3.618203e+42
4.355000e-15 -1.677537e+21 2.814130e+42
4.360000e-15 -1.449001e+21 2.099604e+42
4.365000e-15 -1.217161e+21 1.481481e+42
4.370000e-15 -9.826365e+20 9.655745e+41
4.375000e-15 -7.460519e+20 5.565935e+41
4.380000e-15 -5.080365e+20 2.581011e+41
4.385000e-15 -2.692215e+20 7.248022e+40
4.390000e-15 -3.023920e+19 9.144093e+38
4.395000e-15 2.082792e+20 4.338023e+40
4.400000e-15 4.457050e+20 1.986530e+41
4.405000e-15 6.814138e+20 4.643247e+41
4.410000e-15 9.147868e+20 8.368350e+41
4.415000e-15 1.145213e+21 1.311513e+42
4.420000e-15 1.372091e+21 1.882633e+42
4.425000e-15 1.594828e+21 2.543476e+42
4.430000e-15 1.812845e+21 3.286409e+42
4.435000e-15 2.025578e+21 4.102966e+42
4.440000e-15 2.232475e+21 4.983946e+42
4.445000e-15 2.433003e+21 5.919504e+42
4.450000e-15 2.626646e+21 6.899268e+42
4.455000e-15 2.812907e+21 7.912443e+42
4.460000e-15 2.991309e+21 8.947932e+42
4.465000e-15 3.161400e+21 9.994449e+42
4.470000e-15 3.322747e+21 1.104064e+43
4.475000e-15 3.474942e+21 1.207522e+43
4.480000e-15 3.617604e+21 1.308706e+43
4.485000e-15 3.750375e+21 1.406532e+43
4.490000e-15 3.872927e+21 1.499957e+43
4.495000e-15 3.984958e+21 1.587989e+43
4.500000e-15 4.086193e+21 1.669697e+43
4.505000e-15 4.176388e+21 1.744222e+43
4.510000e-15 4.255329e+21 1.810783e+43
4.515000e-15 4.322832e+21 1.868687e+43
4.520000e-15 4.378741e+21 1.917337e+43
4.525000e-15 4.422935e+21 1.956235e+43
4.530000e-15 4.455321e+21 1.984989e+43
4.535000e-15 4.475839e+21 2.003314e+43
4.540000e-15 4.484461e+21 2.011039e+43
4.545000e-15 4.481188e+21 2.008105e+43
4.550000e-15 4.466055e+21 1.994565e+43
4.555000e-15 4.439127e+21 1.970585e+43
4.560000e-15 4.400501e+21 1.936441e+43
4.565000e-15 4.350304e+21 1.892514e+43
4.570000e-15 4.288693e+21 1.839288e+43
4.575000e-15 4.215855e+21 1.777343e+43
4.580000e-15 4.132007e+21 1.707348e+43
4.585000e-15 4.037394e+21 1.630055e+43
4.590000e-15 3.932290e+21 1.546291e+43
4.595000e-15 3.816995e+21 1.456945e+43
4.600000e-15 3.691836e+21 1.362965e+43
4.605000e-15 3.557165e+21 1.265342e+43
4.610000e-15 3.413358e+21 1.165101e+43
4.615000e-15 3.260816e+21 1.063292e+43
4.620000e-15 3.099961e+21 9.609757e+42
4.625000e-15 2.931236e+21 8.592146e+42
4.630000e-15 2.755105e+21 7.590606e+42
4.635000e-15 2.572050e+21 6.615444e+42
4.640000e-15 2.382571e+21 5.676644e+42
4.645000e-15 2.187182e+21 4.783765e+42
4.650000e-15 1.986414e+21 3.945839e+42
4.655000e-15 1.780809e+21 3.171281e+42
4.660000e-15 1.570923e+21 2.467800e+42
4.665000e-15 1.357321e+21 1.842321e+42
4.670000e-15 1.140577e+21 1.300915e+42
4.675000e-15 9.212703e+20 8.487390e+41
4.680000e-15 6.999891e+20 4.899847e+41
4.685000e-15 4.773234e+20 2.278376e+41
4.690000e-15 2.538663e+20 6.444809e+40
4.695000e-15 3.021173e+19 9.127487e+38
4.700000e-15 -1.930469e+20 3.726712e+40
4.705000e-15 -4.153187e+20 1.724896e+41
4.710000e-15 -6.360163e+20 4.045167e+41
4.715000e-15 -8.545578e+20 7.302690e+41
4.720000e-15 -1.070368e+21 1.145688e+42
4.725000e-15 -1.282881e+21 1.645783e+42
4.730000e-15 -1.491539e+21 2.224688e+42
4.735000e-15 -1.695797e+21 2.875726e+42
4.740000e-15 -1.895122e+21 3.591487e+42
4.745000e-15 -2.088996e+21 4.363904e+42
4.750000e-15 -2.276915e+21 5.184344e+42
4.755000e-15 -2.458394e+21 6.043702e+42
4.760000e-15 -2.632964e+21 6.932500e+42
4.765000e-15 -2.800176e+21 7.840985e+42
4.770000e-15 -2.959601e+21 8.759237e+42
4.775000e-15 -3.110832e+21 9.677277e+42
4.780000e-15 -3.253485e+21 1.058516e+43
4.785000e-15 -3.387198e+21 1.147311e+43
4.790000e-15 -3.511635e+21 1.233158e+43
4.795000e-15 -3.626484e+21 1.315139e+43
4.800000e-15 -3.731461e+21 1.392380e+43
4.805000e-15 -3.826305e+21 1.464061e+43
4.810000e-15 -3.910786e+21 1.529425e+43
4.815000e-15 -3.984702e+21 1.587785e+43
4.820000e-15 -4.047875e+21 1.638530e+43
4.825000e-15 -4.100162e+21 1.681133e+43
4.830000e-15 -4.141444e+21 1.715156e+43
4.835000e-15 -4.171635e+21 1.740254e+43
4.840000e-15 -4.190676e+21 1.756177e+43
4.845000e-15 -4.198540e+21 1.762774e+43
4.850000e-15 -4.195227e+21 1.759993e+43
4.855000e-15 -4.180770e+21 1.747884e+43
4.860000e-15 -4.155228e+21 1.726592e+43
4.865000e-15 -4.118692e+21 1.696362e+43
4.870000e-15 -4.071281e+21 1.657533e+43
4.875000e-15 -4.013142e+21 1.610531e+43
4.880000e-15 -3.944452e+21 1.555870e+43
4.885000e-15 -3.865414e+21 1.494142e+43
4.890000e-15 -3.776258e+21 1.426012e+43
4.895000e-15 -3.677242e+21 1.352211e+43
4.900000e-15 -3.568647e+21 1.273524e+43
4.905000e-15 -3.450783e+21 1.190790e+43
4.910000e-15 -3.323980e+21 1.104885e+43
4.915000e-15 -3.188594e+21 1.016713e+43
4.920000e-15 -3.045000e+21 9.272025e+42
4.925000e-15 -2.893597e+21 8.372905e+42
4.930000e-15 -2.734803e+21 7.479149e+42
4.935000e-15 -2.569055e+21 6.600043e+42
4.940000e-15 -2.396806e+21 5.744681e+42
4.945000e-15 -2.218528e+21 4.921869e+42
4.950000e-15 -2.034707e+21 4.140033e+42
4.955000e-15 -1.845842e+21 3.407133e+42
4.960000e-15 -1.652445e+21 2.730575e+42
4.965000e-15 -1.455040e+21 2.117142e+42
4.970000e-15 -1.254159e+21 1.572915e+42
4.975000e-15 -1.050344e+21 1.103222e+42
4.980000e-15 -8.441418e+20 7.125754e+41
4.985000e-15 -6.361062e+20 4.046312e+41
4.990000e-15 -4.267941e+20 1.821532e+41
4.995000e-15 -2.167647e+20 4.698695e+40
5.000000e-15 -6.578260e+18 4.327351e+37
