0.000000e+00 nan nan
5.000000e-18 -1.061633e+06 1.127064e+12
1.000000e-17 -2.717024e+08 7.382218e+16
1.500000e-17 -6.960208e+09 4.844449e+19
2.000000e-17 -6.947847e+10 4.827258e+21
2.500000e-17 -4.137785e+11 1.712127e+23
3.000000e-17 -1.777358e+12 3.159002e+24
3.500000e-17 -6.092924e+12 3.712372e+25
4.000000e-17 -1.770750e+13 3.135554e+26
4.500000e-17 -4.536203e+13 2.057714e+27
5.000000e-17 -1.051930e+14 1.106557e+28
5.500000e-17 -2.250516e+14 5.064824e+28
6.000000e-17 -4.504677e+14 2.029211e+29
6.500000e-17 -8.526144e+14 7.269513e+29
7.000000e-17 -1.538656e+15 2.367461e+30
7.500000e-17 -2.664879e+15 7.101582e+30
8.000000e-17 -4.453041e+15 1.982957e+31
8.500000e-17 -7.210352e+15 5.198918e+31
9.000000e-17 -1.135357e+16 1.289035e+32
9.500000e-17 -1.743761e+16 3.040703e+32
1.000000e-16 -2.618924e+16 6.858761e+32
1.050000e-16 -3.854611e+16 1.485802e+33
1.100000e-16 -5.570182e+16 3.102693e+33
1.150000e-16 -7.915729e+16 6.265877e+33
1.200000e-16 -1.107788e+17 1.227195e+34
1.250000e-16 -1.528635e+17 2.336724e+34
1.300000e-16 -2.082119e+17 4.335217e+34
1.350000e-16 -2.802088e+17 7.851697e+34
1.400000e-16 -3.729124e+17 1.390637e+35
1.450000e-16 -4.911512e+17 2.412295e+35
1.500000e-16 -6.406305e+17 4.104075e+35
1.550000e-16 -8.280471e+17 6.856619e+35
1.600000e-16 -1.061213e+18 1.126173e+36
1.650000e-16 -1.349189e+18 1.820311e+36
1.700000e-16 -1.702426e+18 2.898253e+36
1.750000e-16 -2.132916e+18 4.549331e+36
1.800000e-16 -2.654353e+18 7.045592e+36
1.850000e-16 -3.282302e+18 1.077351e+37
1.900000e-16 -4.034372e+18 1.627616e+37
1.950000e-16 -4.930407e+18 2.430891e+37
2.000000e-16 -5.992675e+18 3.591215e+37
2.050000e-16 -7.246068e+18 5.250551e+37
2.100000e-16 -8.718312e+18 7.600897e+37
2.150000e-16 -1.044018e+19 1.089973e+38
2.200000e-16 -1.244569e+19 1.548952e+38
2.250000e-16 -1.477238e+19 2.182231e+38
2.300000e-16 -1.746145e+19 3.049024e+38
2.350000e-16 -2.055809e+19 4.226352e+38
2.400000e-16 -2.411163e+19 5.813708e+38
2.450000e-16 -2.817581e+19 7.938761e+38
2.500000e-16 -3.280898e+19 1.076429e+39
2.550000e-16 -3.807439e+19 1.449659e+39
2.600000e-16 -4.404034e+19 1.939552e+39
2.650000e-16 -5.078045e+19 2.578654e+39
2.700000e-16 -5.837386e+19 3.407507e+39
2.750000e-16 -6.690542e+19 4.476335e+39
2.800000e-16 -7.646592e+19 5.847037e+39
2.850000e-16 -8.715227e+19 7.595519e+39
2.900000e-16 -9.906766e+19 9.814401e+39
2.950000e-16 -1.123217e+20 1.261617e+40
3.000000e-16 -1.270307e+20 1.613680e+40
3.050000e-16 -1.433176e+20 2.053993e+40
3.100000e-16 -1.613121e+20 2.602160e+40
3.150000e-16 -1.811511e+20 3.281573e+40
3.200000e-16 -2.029783e+20 4.120020e+40
3.250000e-16 -2.269445e+20 5.150379e+40
3.300000e-16 -2.532075e+20 6.411402e+40
3.350000e-16 -2.819322e+20 7.948577e+40
3.400000e-16 -3.132907e+20 9.815105e+40
3.450000e-16 -3.474618e+20 1.207297e+41
3.500000e-16 -3.846314e+20 1.479413e+41
3.550000e-16 -4.249920e+20 1.806182e+41
3.600000e-16 -4.687428e+20 2.197198e+41
3.650000e-16 -5.160894e+20 2.663482e+41
3.700000e-16 -5.672434e+20 3.217650e+41
3.750000e-16 -6.224225e+20 3.874097e+41
3.800000e-16 -6.818499e+20 4.649193e+41
3.850000e-16 -7.457542e+20 5.561494e+41
3.900000e-16 -8.143688e+20 6.631965e+41
3.950000e-16 -8.879314e+20 7.884222e+41
4.000000e-16 -9.666841e+20 9.344782e+41
4.050000e-16 -1.050872e+21 1.104332e+42
4.100000e-16 -1.140744e+21 1.301297e+42
4.150000e-16 -1.236550e+21 1.529057e+42
4.200000e-16 -1.338544e+21 1.791699e+42
4.250000e-16 -1.446978e+21 2.093745e+42
4.300000e-16 -1.562107e+21 2.440178e+42
4.350000e-16 -1.684185e+21 2.836478e+42
4.400000e-16 -1.813464e+21 3.288652e+42
4.450000e-16 -1.950196e+21 3.803264e+42
4.500000e-16 -2.094628e+21 4.387468e+42
4.550000e-16 -2.247006e+21 5.049037e+42
4.600000e-16 -2.407570e+21 5.796392e+42
4.650000e-16 -2.576554e+21 6.638629e+42
4.700000e-16 -2.754187e+21 7.585544e+42
4.750000e-16 -2.940690e+21 8.647656e+42
4.800000e-16 -3.136276e+21 9.836227e+42
4.850000e-16 -3.341149e+21 1.116327e+43
4.900000e-16 -3.555501e+21 1.264159e+43
4.950000e-16 -3.779515e+21 1.428474e+43
5.000000e-16 -4.013361e+21 1.610706e+43
5.050000e-16 -4.257192e+21 1.812368e+43
5.100000e-16 -4.511151e+21 2.035049e+43
5.150000e-16 -4.775364e+21 2.280410e+43
5.200000e-16 -5.049938e+21 2.550188e+43
5.250000e-16 -5.334965e+21 2.846185e+43
5.300000e-16 -5.630516e+21 3.170272e+43
5.350000e-16 -5.936644e+21 3.524375e+43
5.400000e-16 -6.253380e+21 3.910476e+43
5.450000e-16 -6.580732e+21 4.330603e+43
5.500000e-16 -6.918687e+21 4.786823e+43
5.550000e-16 -7.267207e+21 5.281230e+43
5.600000e-16 -7.626229e+21 5.815937e+43
5.650000e-16 -7.995666e+21 6.393068e+43
5.700000e-16 -8.375403e+21 7.014737e+43
5.750000e-16 -8.765297e+21 7.683042e+43
5.800000e-16 -9.165178e+21 8.400049e+43
5.850000e-16 -9.574849e+21 9.167773e+43
5.900000e-16 -9.994080e+21 9.988163e+43
5.950000e-16 -1.042261e+22 1.086309e+44
6.000000e-16 -1.086016e+22 1.179431e+44
6.050000e-16 -1.130641e+22 1.278348e+44
6.100000e-16 -1.176100e+22 1.383210e+44
6.150000e-16 -1.222355e+22 1.494151e+44
6.200000e-16 -1.269365e+22 1.611287e+44
6.250000e-16 -1.317086e+22 1.734715e+44
6.300000e-16 -1.365469e+22 1.864506e+44
6.350000e-16 -1.414464e+22 2.000710e+44
6.400000e-16 -1.464018e+22 2.143348e+44
6.450000e-16 -1.514072e+22 2.292413e+44
6.500000e-16 -1.564566e+22 2.447867e+44
6.550000e-16 -1.615438e+22 2.609640e+44
6.600000e-16 -1.666620e+22 2.777624e+44
6.650000e-16 -1.718045e+22 2.951677e+44
6.700000e-16 -1.769638e+22 3.131619e+44
6.750000e-16 -1.821326e+22 3.317230e+44
6.800000e-16 -1.873032e+22 3.508248e+44
6.850000e-16 -1.924674e+22 3.704369e+44
6.900000e-16 -1.976170e+22 3.905248e+44
6.950000e-16 -2.027436e+22 4.110495e+44
7.000000e-16 -2.078383e+22 4.319677e+44
7.050000e-16 -2.128924e+22 4.532316e+44
7.100000e-16 -2.178966e+22 4.747891e+44
7.150000e-16 -2.228416e+22 4.965838e+44
7.200000e-16 -2.277181e+22 5.185552e+44
7.250000e-16 -2.325164e+22 5.406386e+44
7.300000e-16 -2.372268e+22 5.627653e+44
7.350000e-16 -2.418394e+22 5.848631e+44
7.400000e-16 -2.463445e+22 6.068562e+44
7.450000e-16 -2.507320e+22 6.286655e+44
7.500000e-16 -2.549920e+22 6.502092e+44
7.550000e-16 -2.591144e+22 6.714026e+44
7.600000e-16 -2.630892e+22 6.921593e+44
7.650000e-16 -2.669065e+22 7.123908e+44
7.700000e-16 -2.705564e+22 7.320074e+44
7.750000e-16 -2.740289e+22 7.509185e+44
7.800000e-16 -2.773145e+22 7.690333e+44
7.850000e-16 -2.804035e+22 7.862610e+44
7.900000e-16 -2.832864e+22 8.025118e+44
7.950000e-16 -2.859540e+22 8.176971e+44
8.000000e-16 -2.883973e+22 8.317303e+44
8.050000e-16 -2.906075e+22 8.445273e+44
8.100000e-16 -2.925760e+22 8.560071e+44
8.150000e-16 -2.942945e+22 8.660927e+44
8.200000e-16 -2.957552e+22 8.747112e+44
8.250000e-16 -2.969503e+22 8.817948e+44
8.300000e-16 -2.978727e+22 8.872813e+44
8.350000e-16 -2.985154e+22 8.911147e+44
8.400000e-16 -2.988722e+22 8.932456e+44
8.450000e-16 -2.989368e+22 8.936321e+44
8.500000e-16 -2.987038e+22 8.922399e+44
8.550000e-16 -2.981682e+22 8.890428e+44
8.600000e-16 -2.973253e+22 8.840235e+44
8.650000e-16 -2.961712e+22 8.771736e+44
8.700000e-16 -2.947022e+22 8.684940e+44
8.750000e-16 -2.929156e+22 8.579953e+44
8.800000e-16 -2.908088e+22 8.456978e+44
8.850000e-16 -2.883803e+22 8.316320e+44
8.900000e-16 -2.856288e+22 8.158380e+44
8.950000e-16 -2.825538e+22 7.983664e+44
9.000000e-16 -2.791554e+22 7.792774e+44
9.050000e-16 -2.754344e+22 7.586412e+44
9.100000e-16 -2.713923e+22 7.365377e+44
9.150000e-16 -2.670310e+22 7.130558e+44
9.200000e-16 -2.623535e+22 6.882936e+44
9.250000e-16 -2.573631e+22 6.623576e+44
9.300000e-16 -2.520640e+22 6.353624e+44
9.350000e-16 -2.464609e+22 6.074298e+44
9.400000e-16 -2.405594e+22 5.786885e+44
9.450000e-16 -2.343658e+22 5.492731e+44
9.500000e-16 -2.278867e+22 5.193234e+44
9.550000e-16 -2.211298e+22 4.889839e+44
9.600000e-16 -2.141033e+22 4.584022e+44
9.650000e-16 -2.068160e+22 4.277286e+44
9.700000e-16 -1.992775e+22 3.971151e+44
9.750000e-16 -1.914978e+22 3.667142e+44
9.800000e-16 -1.834878e+22 3.366779e+44
9.850000e-16 -1.752589e+22 3.071567e+44
9.900000e-16 -1.668229e+22 2.782987e+44
9.950000e-16 -1.581924e+22 2.502484e+44
1.000000e-15 -1.493805e+22 2.231453e+44
1.005000e-15 -1.404007e+22 1.971237e+44
1.010000e-15 -1.312672e+22 1.723109e+44
1.015000e-15 -1.219946e+22 1.488267e+44
1.020000e-15 -1.125977e+22 1.267824e+44
1.025000e-15 -1.030921e+22 1.062798e+44
1.030000e-15 -9.349352e+21 8.741038e+43
1.035000e-15 -8.381814e+21 7.025481e+43
1.040000e-15 -7.408244e+21 5.488208e+43
1.045000e-15 -6.430317e+21 4.134898e+43
1.050000e-15 -5.449734e+21 2.969960e+43
1.055000e-15 -4.468216e+21 1.996495e+43
1.060000e-15 -3.487502e+21 1.216267e+43
1.065000e-15 -2.509345e+21 6.296811e+42
1.070000e-15 -1.535506e+21 2.357780e+42
1.075000e-15 -5.677538e+20 3.223444e+41
1.080000e-15 3.921441e+20 1.537770e+41
1.085000e-15 1.342421e+21 1.802095e+42
1.090000e-15 2.281319e+21 5.204417e+42
1.095000e-15 3.207089e+21 1.028542e+43
1.100000e-15 4.118000e+21 1.695792e+43
1.105000e-15 5.012337e+21 2.512352e+43
1.110000e-15 5.888412e+21 3.467339e+43
1.115000e-15 6.744563e+21 4.548914e+43
1.120000e-15 7.579163e+21 5.744371e+43
1.125000e-15 8.390617e+21 7.040245e+43
1.130000e-15 9.177373e+21 8.422418e+43
1.135000e-15 9.937924e+21 9.876234e+43
1.140000e-15 1.067081e+22 1.138662e+44
1.145000e-15 1.137462e+22 1.293821e+44
1.150000e-15 1.204801e+22 1.451546e+44
1.155000e-15 1.268968e+22 1.610281e+44
1.160000e-15 1.329841e+22 1.768477e+44
1.165000e-15 1.387303e+22 1.924610e+44
1.170000e-15 1.441245e+22 2.077187e+44
1.175000e-15 1.491565e+22 2.224765e+44
1.180000e-15 1.538168e+22 2.365961e+44
1.185000e-15 1.580968e+22 2.499461e+44
1.190000e-15 1.619887e+22 2.624034e+44
1.195000e-15 1.654854e+22 2.738543e+44
1.200000e-15 1.685809e+22 2.841951e+44
1.205000e-15 1.712697e+22 2.933331e+44
1.210000e-15 1.735476e+22 3.011877e+44
1.215000e-15 1.754110e+22 3.076903e+44
1.220000e-15 1.768575e+22 3.127858e+44
1.225000e-15 1.778854e+22 3.164322e+44
1.230000e-15 1.784941e+22 3.186013e+44
1.235000e-15 1.786838e+22 3.192789e+44
1.240000e-15 1.784558e+22 3.184645e+44
1.245000e-15 1.778122e+22 3.161718e+44
1.250000e-15 1.767563e+22 3.124280e+44
1.255000e-15 1.752922e+22 3.072735e+44
1.260000e-15 1.734248e+22 3.007617e+44
1.265000e-15 1.711603e+22 2.929584e+44
1.270000e-15 1.685054e+22 2.839408e+44
1.275000e-15 1.654681e+22 2.737970e+44
1.280000e-15 1.620571e+22 2.626250e+44
1.285000e-15 1.582819e+22 2.505317e+44
1.290000e-15 1.541531e+22 2.376319e+44
1.295000e-15 1.496820e+22 2.240470e+44
1.300000e-15 1.448806e+22 2.099040e+44
1.305000e-15 1.397620e+22 1.953340e+44
1.310000e-15 1.343396e+22 1.804713e+44
1.315000e-15 1.286279e+22 1.654515e+44
1.320000e-15 1.226421e+22 1.504108e+44
1.325000e-15 1.163977e+22 1.354842e+44
1.330000e-15 1.099111e+22 1.208045e+44
1.335000e-15 1.031992e+22 1.065008e+44
1.340000e-15 9.627951e+21 9.269743e+43
1.345000e-15 8.916988e+21 7.951267e+43
1.350000e-15 8.188871e+21 6.705761e+43
1.355000e-15 7.445477e+21 5.543513e+43
1.360000e-15 6.688720e+21 4.473897e+43
1.365000e-15 5.920541e+21 3.505281e+43
1.370000e-15 5.142911e+21 2.644953e+43
1.375000e-15 4.357819e+21 1.899059e+43
1.380000e-15 3.567270e+21 1.272542e+43
1.385000e-15 2.773280e+21 7.691085e+42
1.390000e-15 1.977871e+21 3.911972e+42
1.395000e-15 1.183062e+21 1.399636e+42
1.400000e-15 3.908706e+20 1.527798e+41
1.405000e-15 -3.966980e+20 1.573693e+41
1.410000e-15 -1.177654e+21 1.386868e+42
1.415000e-15 -1.950027e+21 3.802604e+42
1.420000e-15 -2.711874e+21 7.354259e+42
1.425000e-15 -3.461282e+21 1.198047e+43
1.430000e-15 -4.196375e+21 1.760956e+43
1.435000e-15 -4.915316e+21 2.416033e+43
1.440000e-15 -5.616316e+21 3.154301e+43
1.445000e-15 -6.297635e+21 3.966020e+43
1.450000e-15 -6.957588e+21 4.840803e+43
1.455000e-15 -7.594549e+21 5.767718e+43
1.460000e-15 -8.206959e+21 6.735417e+43
1.465000e-15 -8.793322e+21 7.732251e+43
1.470000e-15 -9.352217e+21 8.746396e+43
1.475000e-15 -9.882298e+21 9.765982e+43
1.480000e-15 -1.038230e+22 1.077921e+44
1.485000e-15 -1.085103e+22 1.177450e+44
1.490000e-15 -1.128741e+22 1.274056e+44
1.495000e-15 -1.169041e+22 1.366656e+44
1.500000e-15 -1.205911e+22 1.454222e+44
1.505000e-15 -1.239271e+22 1.535791e+44
1.510000e-15 -1.269045e+22 1.610475e+44
1.515000e-15 -1.295172e+22 1.677470e+44
1.520000e-15 -1.317598e+22 1.736065e+44
1.525000e-15 -1.336280e+22 1.785645e+44
1.530000e-15 -1.351186e+22 1.825703e+44
1.535000e-15 -1.362292e+22 1.855839e+44
1.540000e-15 -1.369587e+22 1.875767e+44
1.545000e-15 -1.373068e+22 1.885315e+44
1.550000e-15 -1.372744e+22 1.884425e+44
1.555000e-15 -1.368633e+22 1.873157e+44
1.560000e-15 -1.360766e+22 1.851683e+44
1.565000e-15 -1.349180e+22 1.820286e+44
1.570000e-15 -1.333925e+22 1.779357e+44
1.575000e-15 -1.315061e+22 1.729385e+44
1.580000e-15 -1.292656e+22 1.670959e+44
1.585000e-15 -1.266788e+22 1.604752e+44
1.590000e-15 -1.237546e+22 1.531520e+44
1.595000e-15 -1.205025e+22 1.452086e+44
1.600000e-15 -1.169332e+22 1.367338e+44
1.605000e-15 -1.130581e+22 1.278213e+44
1.610000e-15 -1.088893e+22 1.185688e+44
1.615000e-15 -1.044398e+22 1.090768e+44
1.620000e-15 -9.972342e+21 9.944761e+43
1.625000e-15 -9.475452e+21 8.978419e+43
1.630000e-15 -8.954820e+21 8.018879e+43
1.635000e-15 -8.412016e+21 7.076201e+43
1.640000e-15 -7.848669e+21 6.160160e+43
1.645000e-15 -7.266458e+21 5.280141e+43
1.650000e-15 -6.667111e+21 4.445037e+43
1.655000e-15 -6.052398e+21 3.663153e+43
1.660000e-15 -5.424128e+21 2.942117e+43
1.665000e-15 -4.784141e+21 2.288801e+43
1.670000e-15 -4.134305e+21 1.709248e+43
1.675000e-15 -3.476508e+21 1.208611e+43
1.680000e-15 -2.812658e+21 7.911046e+42
1.685000e-15 -2.144671e+21 4.599614e+42
1.690000e-15 -1.474470e+21 2.174061e+42
1.695000e-15 -8.039766e+20 6.463784e+41
1.700000e-15 -1.351088e+20 1.825439e+40
1.705000e-15 5.302275e+20 2.811412e+41
1.710000e-15 1.190142e+21 1.416439e+42
1.715000e-15 1.842768e+21 3.395793e+42
1.720000e-15 2.486262e+21 6.181500e+42
1.725000e-15 3.118817e+21 9.727021e+42
1.730000e-15 3.738661e+21 1.397759e+43
1.735000e-15 4.344065e+21 1.887090e+43
1.740000e-15 4.933348e+21 2.433792e+43
1.745000e-15 5.504879e+21 3.030369e+43
1.750000e-15 6.057085e+21 3.668828e+43
1.755000e-15 6.588455e+21 4.340774e+43
1.760000e-15 7.097542e+21 5.037510e+43
1.765000e-15 7.582969e+21 5.750142e+43
1.770000e-15 8.043431e+21 6.469679e+43
1.775000e-15 8.477703e+21 7.187144e+43
1.780000e-15 8.884636e+21 7.893675e+43
1.785000e-15 9.263167e+21 8.580626e+43
1.790000e-15 9.612319e+21 9.239669e+43
1.795000e-15 9.931205e+21 9.862883e+43
1.800000e-15 1.021903e+22 1.044285e+44
1.805000e-15 1.047508e+22 1.097273e+44
1.810000e-15 1.069876e+22 1.144634e+44
1.815000e-15 1.088955e+22 1.185823e+44
1.820000e-15 1.104704e+22 1.220371e+44
1.825000e-15 1.117092e+22 1.247894e+44
1.830000e-15 1.126097e+22 1.268094e+44
1.835000e-15 1.131708e+22 1.280763e+44
1.840000e-15 1.133923e+22 1.285782e+44
1.845000e-15 1.132752e+22 1.283126e+44
1.850000e-15 1.128212e+22 1.272862e+44
1.855000e-15 1.120332e+22 1.255144e+44
1.860000e-15 1.109151e+22 1.230215e+44
1.865000e-15 1.094716e+22 1.198403e+44
1.870000e-15 1.077085e+22 1.160111e+44
1.875000e-15 1.056324e+22 1.115820e+44
1.880000e-15 1.032509e+22 1.066074e+44
1.885000e-15 1.005724e+22 1.011481e+44
1.890000e-15 9.760633e+21 9.526996e+43
1.895000e-15 9.436271e+21 8.904321e+43
1.900000e-15 9.085248e+21 8.254173e+43
1.905000e-15 8.708731e+21 7.584200e+43
1.910000e-15 8.307960e+21 6.902220e+43
1.915000e-15 7.884241e+21 6.216126e+43
1.920000e-15 7.438947e+21 5.533793e+43
1.925000e-15 6.973508e+21 4.862981e+43
1.930000e-15 6.489410e+21 4.211244e+43
1.935000e-15 5.988190e+21 3.585842e+43
1.940000e-15 5.471432e+21 2.993656e+43
1.945000e-15 4.940759e+21 2.441110e+43
1.950000e-15 4.397831e+21 1.934092e+43
1.955000e-15 3.844340e+21 1.477895e+43
1.960000e-15 3.282002e+21 1.077154e+43
1.965000e-15 2.712556e+21 7.357958e+42
1.970000e-15 2.137753e+21 4.569986e+42
1.975000e-15 1.559356e+21 2.431592e+42
1.980000e-15 9.791336e+20 9.587027e+41
1.985000e-15 3.988517e+20 1.590827e+41
1.990000e-15 -1.797290e+20 3.230251e+40
1.995000e-15 -7.548592e+20 5.698123e+41
2.000000e-15 -1.324806e+21 1.755111e+42
2.005000e-15 -1.887859e+21 3.564013e+42
2.010000e-15 -2.442335e+21 5.964999e+42
2.015000e-15 -2.986581e+21 8.919663e+42
2.020000e-15 -3.518982e+21 1.238323e+43
2.025000e-15 -4.037966e+21 1.630517e+43
2.030000e-15 -4.542005e+21 2.062981e+43
2.035000e-15 -5.029624e+21 2.529711e+43
2.040000e-15 -5.499401e+21 3.024342e+43
2.045000e-15 -5.949977e+21 3.540223e+43
2.050000e-15 -6.380053e+21 4.070507e+43
2.055000e-15 -6.788398e+21 4.608234e+43
2.060000e-15 -7.173852e+21 5.146415e+43
2.065000e-15 -7.535330e+21 5.678120e+43
2.070000e-15 -7.871824e+21 6.196561e+43
2.075000e-15 -8.182404e+21 6.695173e+43
2.080000e-15 -8.466225e+21 7.167697e+43
2.085000e-15 -8.722526e+21 7.608246e+43
2.090000e-15 -8.950634e+21 8.011385e+43
2.095000e-15 -9.149964e+21 8.372184e+43
2.100000e-15 -9.320021e+21 8.686279e+43
2.105000e-15 -9.460404e+21 8.949924e+43
2.110000e-15 -9.570802e+21 9.160025e+43
2.115000e-15 -9.650999e+21 9.314178e+43
2.120000e-15 -9.700872e+21 9.410693e+43
2.125000e-15 -9.720394e+21 9.448606e+43
2.130000e-15 -9.709628e+21 9.427688e+43
2.135000e-15 -9.668733e+21 9.348441e+43
2.140000e-15 -9.597961e+21 9.212085e+43
2.145000e-15 -9.497652e+21 9.020539e+43
2.150000e-15 -9.368239e+21 8.776391e+43
2.155000e-15 -9.210244e+21 8.482859e+43
2.160000e-15 -9.024273e+21 8.143750e+43
2.165000e-15 -8.811018e+21 7.763404e+43
2.170000e-15 -8.571254e+21 7.346639e+43
2.175000e-15 -8.305833e+21 6.898687e+43
2.180000e-15 -8.015687e+21 6.425123e+43
2.185000e-15 -7.701818e+21 5.931800e+43
2.190000e-15 -7.365300e+21 5.424764e+43
2.195000e-15 -7.007274e+21 4.910189e+43
2.200000e-15 -6.628942e+21 4.394288e+43
2.205000e-15 -6.231568e+21 3.883244e+43
2.210000e-15 -5.816467e+21 3.383129e+43
2.215000e-15 -5.385008e+21 2.899831e+43
2.220000e-15 -4.938604e+21 2.438981e+43
2.225000e-15 -4.478711e+21 2.005885e+43
2.230000e-15 -4.006821e+21 1.605461e+43
2.235000e-15 -3.524458e+21 1.242181e+43
2.240000e-15 -3.033175e+21 9.200152e+42
2.245000e-15 -2.534546e+21 6.423925e+42
2.250000e-15 -2.030163e+21 4.121563e+42
2.255000e-15 -1.521630e+21 2.315359e+42
2.260000e-15 -1.010559e+21 1.021230e+42
2.265000e-15 -4.985643e+20 2.485664e+41
2.270000e-15 1.274356e+19 1.623984e+38
2.275000e-15 5.217608e+20 2.722343e+41
2.280000e-15 1.026897e+21 1.054516e+42
2.285000e-15 1.526578e+21 2.330440e+42
2.290000e-15 2.019254e+21 4.077388e+42
2.295000e-15 2.503403e+21 6.267025e+42
2.300000e-15 2.977532e+21 8.865698e+42
2.305000e-15 3.440189e+21 1.183490e+43
2.310000e-15 3.889958e+21 1.513178e+43
2.315000e-15 4.325474e+21 1.870973e+43
2.320000e-15 4.745417e+21 2.251898e+43
2.325000e-15 5.148523e+21 2.650729e+43
2.330000e-15 5.533586e+21 3.062057e+43
2.335000e-15 5.899457e+21 3.480360e+43
2.340000e-15 6.245057e+21 3.900074e+43
2.345000e-15 6.569371e+21 4.315664e+43
2.350000e-15 6.871456e+21 4.721691e+43
2.355000e-15 7.150441e+21 5.112881e+43
2.360000e-15 7.405533e+21 5.484192e+43
2.365000e-15 7.636016e+21 5.830875e+43
2.370000e-15 7.841255e+21 6.148528e+43
2.375000e-15 8.020695e+21 6.433156e+43
2.380000e-15 8.173868e+21 6.681212e+43
2.385000e-15 8.300387e+21 6.889642e+43
2.390000e-15 8.399953e+21 7.055921e+43
2.395000e-15 8.472353e+21 7.178076e+43
2.400000e-15 8.517460e+21 7.254712e+43
2.405000e-15 8.535235e+21 7.285024e+43
2.410000e-15 8.525726e+21 7.268800e+43
2.415000e-15 8.489065e+21 7.206423e+43
2.420000e-15 8.425473e+21 7.098859e+43
2.425000e-15 8.335253e+21 6.947645e+43
2.430000e-15 8.218794e+21 6.754857e+43
2.435000e-15 8.076564e+21 6.523089e+43
2.440000e-15 7.909114e+21 6.255409e+43
2.445000e-15 7.717073e+21 5.955321e+43
2.450000e-15 7.501143e+21 5.626715e+43
2.455000e-15 7.262105e+21 5.273817e+43
2.460000e-15 7.000805e+21 4.901128e+43
2.465000e-15 6.718162e+21 4.513371e+43
2.470000e-15 6.415157e+21 4.115424e+43
2.475000e-15 6.092834e+21 3.712262e+43
2.480000e-15 5.752292e+21 3.308887e+43
2.485000e-15 5.394689e+21 2.910267e+43
2.490000e-15 5.021231e+21 2.521276e+43
2.495000e-15 4.633169e+21 2.146626e+43
2.500000e-15 4.231800e+21 1.790813e+43
2.505000e-15 3.818456e+21 1.458061e+43
2.510000e-15 3.394505e+21 1.152266e+43
2.515000e-15 2.961342e+21 8.769547e+42
2.520000e-15 2.520389e+21 6.352360e+42
2.525000e-15 2.073086e+21 4.297687e+42
2.530000e-15 1.620891e+21 2.627288e+42
2.535000e-15 1.165271e+21 1.357856e+42
2.540000e-15 7.076982e+20 5.008368e+41
2.545000e-15 2.496485e+20 6.232439e+40
2.550000e-15 -2.074071e+20 4.301769e+40
2.555000e-15 -6.620054e+20 4.382511e+41
2.560000e-15 -1.112696e+21 1.238092e+42
2.565000e-15 -1.558046e+21 2.427506e+42
2.570000e-15 -1.996643e+21 3.986584e+42
2.575000e-15 -2.427104e+21 5.890834e+42
2.580000e-15 -2.848074e+21 8.111523e+42
2.585000e-15 -3.258233e+21 1.061608e+43
2.590000e-15 -3.656302e+21 1.336854e+43
2.595000e-15 -4.041043e+21 1.633003e+43
2.600000e-15 -4.411267e+21 1.945928e+43
2.605000e-15 -4.765834e+21 2.271317e+43
2.610000e-15 -5.103658e+21 2.604732e+43
2.615000e-15 -5.423711e+21 2.941664e+43
2.620000e-15 -5.725025e+21 3.277592e+43
2.625000e-15 -6.006697e+21 3.608041e+43
2.630000e-15 -6.267889e+21 3.928643e+43
2.635000e-15 -6.507830e+21 4.235186e+43
2.640000e-15 -6.725824e+21 4.523670e+43
2.645000e-15 -6.921243e+21 4.790360e+43
2.650000e-15 -7.093538e+21 5.031828e+43
2.655000e-15 -7.242234e+21 5.244995e+43
2.660000e-15 -7.366934e+21 5.427172e+43
2.665000e-15 -7.467321e+21 5.576088e+43
2.670000e-15 -7.543155e+21 5.689918e+43
2.675000e-15 -7.594277e+21 5.767304e+43
2.680000e-15 -7.620609e+21 5.807369e+43
2.685000e-15 -7.622153e+21 5.809721e+43
2.690000e-15 -7.598990e+21 5.774464e+43
2.695000e-15 -7.551280e+21 5.702184e+43
2.700000e-15 -7.479265e+21 5.593941e+43
2.705000e-15 -7.383261e+21 5.451255e+43
2.710000e-15 -7.263663e+21 5.276080e+43
2.715000e-15 -7.120939e+21 5.070777e+43
2.720000e-15 -6.955631e+21 4.838080e+43
2.725000e-15 -6.768353e+21 4.581060e+43
2.730000e-15 -6.559787e+21 4.303081e+43
2.735000e-15 -6.330682e+21 4.007754e+43
2.740000e-15 -6.081852e+21 3.698892e+43
2.745000e-15 -5.814170e+21 3.380457e+43
2.750000e-15 -5.528569e+21 3.056508e+43
2.755000e-15 -5.226037e+21 2.731146e+43
2.760000e-15 -4.907611e+21 2.408465e+43
2.765000e-15 -4.574381e+21 2.092496e+43
2.770000e-15 -4.227477e+21 1.787156e+43
2.775000e-15 -3.868072e+21 1.496198e+43
2.780000e-15 -3.497375e+21 1.223163e+43
2.785000e-15 -3.116627e+21 9.713365e+42
2.790000e-15 -2.727100e+21 7.437074e+42
2.795000e-15 -2.330088e+21 5.429308e+42
2.800000e-15 -1.926906e+21 3.712965e+42
2.805000e-15 -1.518884e+21 2.307010e+42
2.810000e-15 -1.107367e+21 1.226261e+42
2.815000e-15 -6.937018e+20 4.812222e+41
2.820000e-15 -2.792417e+20 7.797593e+40
2.825000e-15 1.346631e+20 1.813414e+40
2.830000e-15 5.466682e+20 2.988461e+41
2.835000e-15 9.554398e+20 9.128652e+41
2.840000e-15 1.359659e+21 1.848672e+42
2.845000e-15 1.758024e+21 3.090650e+42
2.850000e-15 2.149260e+21 4.619319e+42
2.855000e-15 2.532116e+21 6.411610e+42
2.860000e-15 2.905372e+21 8.441189e+42
2.865000e-15 3.267847e+21 1.067882e+43
2.870000e-15 3.618393e+21 1.309277e+43
2.875000e-15 3.955910e+21 1.564922e+43
2.880000e-15 4.279339e+21 1.831274e+43
2.885000e-15 4.587674e+21 2.104676e+43
2.890000e-15 4.879960e+21 2.381401e+43
2.895000e-15 5.155295e+21 2.657707e+43
2.900000e-15 5.412838e+21 2.929882e+43
2.905000e-15 5.651808e+21 3.194294e+43
2.910000e-15 5.871486e+21 3.447435e+43
2.915000e-15 6.071218e+21 3.685968e+43
2.920000e-15 6.250417e+21 3.906771e+43
2.925000e-15 6.408566e+21 4.106972e+43
2.930000e-15 6.545217e+21 4.283987e+43
2.935000e-15 6.659994e+21 4.435552e+43
2.940000e-15 6.752593e+21 4.559752e+43
2.945000e-15 6.822784e+21 4.655039e+43
2.950000e-15 6.870410e+21 4.720254e+43
2.955000e-15 6.895389e+21 4.754638e+43
2.960000e-15 6.897711e+21 4.757841e+43
2.965000e-15 6.877442e+21 4.729921e+43
2.970000e-15 6.834722e+21 4.671343e+43
2.975000e-15 6.769762e+21 4.582968e+43
2.980000e-15 6.682846e+21 4.466043e+43
2.985000e-15 6.574329e+21 4.322180e+43
2.990000e-15 6.444634e+21 4.153330e+43
2.995000e-15 6.294253e+21 3.961762e+43
3.000000e-15 6.123745e+21 3.750026e+43
3.005000e-15 5.933732e+21 3.520917e+43
3.010000e-15 5.724896e+21 3.277444e+43
3.015000e-15 5.497983e+21 3.022781e+43
3.020000e-15 5.253790e+21 2.760231e+43
3.025000e-15 4.993174e+21 2.493179e+43
3.030000e-15 4.717039e+21 2.225046e+43
3.035000e-15 4.426338e+21 1.959247e+43
3.040000e-15 4.122070e+21 1.699146e+43
3.045000e-15 3.805273e+21 1.448010e+43
3.050000e-15 3.477025e+21 1.208971e+43
3.055000e-15 3.138438e+21 9.849794e+42
3.060000e-15 2.790653e+21 7.787746e+42
3.065000e-15 2.434839e+21 5.928443e+42
3.070000e-15 2.072188e+21 4.293963e+42
3.075000e-15 1.703909e+21 2.903305e+42
3.080000e-15 1.331227e+21 1.772166e+42
3.085000e-15 9.553791e+20 9.127492e+41
3.090000e-15 5.776065e+20 3.336293e+41
3.095000e-15 1.991547e+20 3.966258e+40
3.100000e-15 -1.787330e+20 3.194548e+40
3.105000e-15 -5.548184e+20 3.078235e+41
3.110000e-15 -9.278733e+20 8.609488e+41
3.115000e-15 -1.296683e+21 1.681386e+42
3.120000e-15 -1.660049e+21 2.755764e+42
3.125000e-15 -2.016797e+21 4.067472e+42
3.130000e-15 -2.365776e+21 5.596897e+42
3.135000e-15 -2.705864e+21 7.321698e+42
3.140000e-15 -3.035970e+21 9.217116e+42
3.145000e-15 -3.355043e+21 1.125631e+43
3.150000e-15 -3.662067e+21 1.341074e+43
3.155000e-15 -3.956072e+21 1.565050e+43
3.160000e-15 -4.236130e+21 1.794480e+43
3.165000e-15 -4.501365e+21 2.026229e+43
3.170000e-15 -4.750950e+21 2.257152e+43
3.175000e-15 -4.984112e+21 2.484137e+43
3.180000e-15 -5.200134e+21 2.704140e+43
3.185000e-15 -5.398360e+21 2.914229e+43
3.190000e-15 -5.578190e+21 3.111620e+43
3.195000e-15 -5.739090e+21 3.293715e+43
3.200000e-15 -5.880586e+21 3.458130e+43
3.205000e-15 -6.002274e+21 3.602729e+43
3.210000e-15 -6.103811e+21 3.725651e+43
3.215000e-15 -6.184925e+21 3.825330e+43
3.220000e-15 -6.245410e+21 3.900515e+43
3.225000e-15 -6.285129e+21 3.950285e+43
3.230000e-15 -6.304013e+21 3.974058e+43
3.235000e-15 -6.302063e+21 3.971600e+43
3.240000e-15 -6.279347e+21 3.943020e+43
3.245000e-15 -6.236001e+21 3.888771e+43
3.250000e-15 -6.172231e+21 3.809644e+43
3.255000e-15 -6.088306e+21 3.706747e+43
3.260000e-15 -5.984563e+21 3.581500e+43
3.265000e-15 -5.861402e+21 3.435604e+43
3.270000e-15 -5.719287e+21 3.271024e+43
3.275000e-15 -5.558741e+21 3.089960e+43
3.280000e-15 -5.380347e+21 2.894813e+43
3.285000e-15 -5.184746e+21 2.688159e+43
3.290000e-15 -4.972633e+21 2.472708e+43
3.295000e-15 -4.744756e+21 2.251271e+43
3.300000e-15 -4.501912e+21 2.026721e+43
3.305000e-15 -4.244944e+21 1.801955e+43
3.310000e-15 -3.974741e+21 1.579857e+43
3.315000e-15 -3.692233e+21 1.363258e+43
3.320000e-15 -3.398386e+21 1.154903e+43
3.325000e-15 -3.094203e+21 9.574093e+42
3.330000e-15 -2.780717e+21 7.732386e+42
3.335000e-15 -2.458988e+21 6.046620e+42
3.340000e-15 -2.130101e+21 4.537330e+42
3.345000e-15 -1.795162e+21 3.222606e+42
3.350000e-15 -1.455293e+21 2.117877e+42
3.355000e-15 -1.111629e+21 1.235720e+42
3.360000e-15 -7.653160e+20 5.857087e+41
3.365000e-15 -4.175031e+20 1.743089e+41
3.370000e-15 -6.934262e+19 4.808399e+39
3.375000e-15 2.780156e+20 7.729265e+40
3.380000e-15 6.234274e+20 3.886617e+41
3.385000e-15 9.657583e+20 9.326891e+41
3.390000e-15 1.303887e+21 1.700122e+42
3.395000e-15 1.636710e+21 2.678820e+42
3.400000e-15 1.963143e+21 3.853930e+42
3.405000e-15 2.282126e+21 5.208101e+42
3.410000e-15 2.592628e+21 6.721722e+42
3.415000e-15 2.893648e+21 8.373197e+42
3.420000e-15 3.184217e+21 1.013924e+43
3.425000e-15 3.463406e+21 1.199518e+43
3.430000e-15 3.730326e+21 1.391533e+43
3.435000e-15 3.984128e+21 1.587328e+43
3.440000e-15 4.224012e+21 1.784228e+43
3.445000e-15 4.449225e+21 1.979560e+43
3.450000e-15 4.659063e+21 2.170686e+43
3.455000e-15 4.852876e+21 2.355040e+43
3.460000e-15 5.030069e+21 2.530159e+43
3.465000e-15 5.190103e+21 2.693717e+43
3.470000e-15 5.332497e+21 2.843552e+43
3.475000e-15 5.456830e+21 2.977699e+43
3.480000e-15 5.562741e+21 3.094408e+43
3.485000e-15 5.649931e+21 3.192172e+43
3.490000e-15 5.718165e+21 3.269741e+43
3.495000e-15 5.767269e+21 3.326140e+43
3.500000e-15 5.797135e+21 3.360678e+43
3.505000e-15 5.807717e+21 3.372958e+43
3.510000e-15 5.799034e+21 3.362880e+43
3.515000e-15 5.771168e+21 3.330637e+43
3.520000e-15 5.724263e+21 3.276719e+43
3.525000e-15 5.658529e+21 3.201895e+43
3.530000e-15 5.574234e+21 3.107208e+43
3.535000e-15 5.471708e+21 2.993959e+43
3.540000e-15 5.351342e+21 2.863686e+43
3.545000e-15 5.213582e+21 2.718143e+43
3.550000e-15 5.058932e+21 2.559279e+43
3.555000e-15 4.887951e+21 2.389206e+43
3.560000e-15 4.701249e+21 2.210174e+43
3.565000e-15 4.499487e+21 2.024539e+43
3.570000e-15 4.283375e+21 1.834730e+43
3.575000e-15 4.053668e+21 1.643222e+43
3.580000e-15 3.811162e+21 1.452496e+43
3.585000e-15 3.556697e+21 1.265009e+43
3.590000e-15 3.291147e+21 1.083165e+43
3.595000e-15 3.015422e+21 9.092769e+42
3.600000e-15 2.730463e+21 7.455427e+42
3.605000e-15 2.437239e+21 5.940134e+42
3.610000e-15 2.136744e+21 4.565675e+42
3.615000e-15 1.829993e+21 3.348875e+42
3.620000e-15 1.518020e+21 2.304384e+42
3.625000e-15 1.201872e+21 1.444496e+42
3.630000e-15 8.826085e+20 7.789977e+41
3.635000e-15 5.612960e+20 3.150533e+41
3.640000e-15 2.390052e+20 5.712348e+40
3.645000e-15 -8.319313e+19 6.921097e+39
3.650000e-15 -4.042310e+20 1.634027e+41
3.655000e-15 -7.230470e+20 5.227970e+41
3.660000e-15 -1.038590e+21 1.078670e+42
3.665000e-15 -1.349823e+21 1.822021e+42
3.670000e-15 -1.655724e+21 2.741422e+42
3.675000e-15 -1.955294e+21 3.823174e+42
3.680000e-15 -2.247555e+21 5.051504e+42
3.685000e-15 -2.531558e+21 6.408787e+42
3.690000e-15 -2.806382e+21 7.875782e+42
3.695000e-15 -3.071140e+21 9.431904e+42
3.700000e-15 -3.324980e+21 1.105550e+43
3.705000e-15 -3.567089e+21 1.272412e+43
3.710000e-15 -3.796694e+21 1.441488e+43
3.715000e-15 -4.013065e+21 1.610469e+43
3.720000e-15 -4.215521e+21 1.777061e+43
3.725000e-15 -4.403424e+21 1.939014e+43
3.730000e-15 -4.576190e+21 2.094152e+43
3.735000e-15 -4.733285e+21 2.240398e+43
3.740000e-15 -4.874228e+21 2.375809e+43
3.745000e-15 -4.998593e+21 2.498593e+43
3.750000e-15 -5.106010e+21 2.607134e+43
3.755000e-15 -5.196168e+21 2.700016e+43
3.760000e-15 -5.268811e+21 2.776037e+43
3.765000e-15 -5.323743e+21 2.834224e+43
3.770000e-15 -5.360829e+21 2.873849e+43
3.775000e-15 -5.379991e+21 2.894430e+43
3.780000e-15 -5.381211e+21 2.895744e+43
3.785000e-15 -5.364533e+21 2.877821e+43
3.790000e-15 -5.330057e+21 2.840951e+43
3.795000e-15 -5.277944e+21 2.785669e+43
3.800000e-15 -5.208412e+21 2.712756e+43
3.805000e-15 -5.121738e+21 2.623220e+43
3.810000e-15 -5.018252e+21 2.518285e+43
3.815000e-15 -4.898343e+21 2.399376e+43
3.820000e-15 -4.762450e+21 2.268093e+43
3.825000e-15 -4.611067e+21 2.126194e+43
3.830000e-15 -4.444735e+21 1.975567e+43
3.835000e-15 -4.264046e+21 1.818209e+43
3.840000e-15 -4.069637e+21 1.656195e+43
3.845000e-15 -3.862190e+21 1.491651e+43
3.850000e-15 -3.642427e+21 1.326727e+43
3.855000e-15 -3.411110e+21 1.163567e+43
3.860000e-15 -3.169038e+21 1.004280e+43
3.865000e-15 -2.917042e+21 8.509135e+42
3.870000e-15 -2.655987e+21 7.054266e+42
3.875000e-15 -2.386763e+21 5.696636e+42
3.880000e-15 -2.110286e+21 4.453307e+42
3.885000e-15 -1.827494e+21 3.339736e+42
3.890000e-15 -1.539345e+21 2.369583e+42
3.895000e-15 -1.246810e+21 1.554535e+42
3.900000e-15 -9.508730e+20 9.041595e+41
3.905000e-15 -6.525281e+20 4.257929e+41
3.910000e-15 -3.527738e+20 1.244493e+41
3.915000e-15 -5.261121e+19 2.767940e+39
3.920000e-15 2.469595e+20 6.098901e+40
3.925000e-15 5.449428e+20 2.969627e+41
3.930000e-15 8.403507e+20 7.061892e+41
3.935000e-15 1.132206e+21 1.281891e+42
3.940000e-15 1.419546e+21 2.015111e+42
3.945000e-15 1.701426e+21 2.894849e+42
3.950000e-15 1.976919e+21 3.908209e+42
3.955000e-15 2.245125e+21 5.040586e+42
3.960000e-15 2.505168e+21 6.275868e+42
3.965000e-15 2.756203e+21 7.596655e+42
3.970000e-15 2.997415e+21 8.984499e+42
3.975000e-15 3.228026e+21 1.042015e+43
3.980000e-15 3.447292e+21 1.188382e+43
3.985000e-15 3.654512e+21 1.335546e+43
3.990000e-15 3.849024e+21 1.481499e+43
3.995000e-15 4.030212e+21 1.624261e+43
4.000000e-15 4.197504e+21 1.761904e+43
4.005000e-15 4.350377e+21 1.892578e+43
4.010000e-15 4.488356e+21 2.014534e+43
4.015000e-15 4.611018e+21 2.126149e+43
4.020000e-15 4.717992e+21 2.225944e+43
4.025000e-15 4.808957e+21 2.312607e+43
4.030000e-15 4.883651e+21 2.385005e+43
4.035000e-15 4.941864e+21 2.442202e+43
4.040000e-15 4.983441e+21 2.483469e+43
4.045000e-15 5.008284e+21 2.508291e+43
4.050000e-15 5.016351e+21 2.516377e+43
4.055000e-15 5.007654e+21 2.507660e+43
4.060000e-15 4.982263e+21 2.482295e+43
4.065000e-15 4.940303e+21 2.440660e+43
4.070000e-15 4.881954e+21 2.383348e+43
4.075000e-15 4.807450e+21 2.311157e+43
4.080000e-15 4.717077e+21 2.225081e+43
4.085000e-15 4.611175e+21 2.126293e+43
4.090000e-15 4.490134e+21 2.016130e+43
4.095000e-15 4.354394e+21 1.896075e+43
4.100000e-15 4.204444e+21 1.767735e+43
4.105000e-15 4.040817e+21 1.632820e+43
4.110000e-15 3.864091e+21 1.493120e+43
4.115000e-15 3.674888e+21 1.350480e+43
4.120000e-15 3.473869e+21 1.206776e+43
4.125000e-15 3.261731e+21 1.063889e+43
4.130000e-15 3.039211e+21 9.236802e+42
4.135000e-15 2.807074e+21 7.879664e+42
4.140000e-15 2.566119e+21 6.584965e+42
4.145000e-15 2.317170e+21 5.369277e+42
4.150000e-15 2.061078e+21 4.248042e+42
4.155000e-15 1.798714e+21 3.235373e+42
4.160000e-15 1.530970e+21 2.343868e+42
4.165000e-15 1.258751e+21 1.584454e+42
4.170000e-15 9.829777e+20 9.662451e+41
4.175000e-15 7.045790e+20 4.964315e+41
4.180000e-15 4.244909e+20 1.801925e+41
4.185000e-15 1.436529e+20 2.063617e+40
4.190000e-15 -1.369951e+20 1.876765e+40
4.195000e-15 -4.165161e+20 1.734857e+41
4.200000e-15 -6.939789e+20 4.816067e+41
4.205000e-15 -9.684612e+20 9.379171e+41
4.210000e-15 -1.239053e+21 1.535252e+42
4.215000e-15 -1.504859e+21 2.264600e+42
4.220000e-15 -1.765001e+21 3.115230e+42
4.225000e-15 -2.018625e+21 4.074847e+42
4.230000e-15 -2.264897e+21 5.129757e+42
4.235000e-15 -2.503010e+21 6.265060e+42
4.240000e-15 -2.732188e+21 7.464854e+42
4.245000e-15 -2.951686e+21 8.712450e+42
4.250000e-15 -3.160791e+21 9.990601e+42
4.255000e-15 -3.358829e+21 1.128173e+43
4.260000e-15 -3.545162e+21 1.256817e+43
4.265000e-15 -3.719194e+21 1.383241e+43
4.270000e-15 -3.880373e+21 1.505729e+43
4.275000e-15 -4.028186e+21 1.622629e+43
4.280000e-15 -4.162172e+21 1.732368e+43
4.285000e-15 -4.281913e+21 1.833478e+43
4.290000e-15 -4.387042e+21 1.924613e+43
4.295000e-15 -4.477239e+21 2.004566e+43
4.300000e-15 -4.552236e+21 2.072286e+43
4.305000e-15 -4.611818e+21 2.126887e+43
4.310000e-15 -4.655820e+21 2.167666e+43
4.315000e-15 -4.684130e+21 2.194108e+43
4.320000e-15 -4.696689e+21 2.205888e+43
4.325000e-15 -4.693489e+21 2.202884e+43
4.330000e-15 -4.674577e+21 2.185167e+43
4.335000e-15 -4.640052e+21 2.153009e+43
4.340000e-15 -4.590065e+21 2.106870e+43
4.345000e-15 -4.524817e+21 2.047397e+43
4.350000e-15 -4.444561e+21 1.975412e+43
4.355000e-15 -4.349598e+21 1.891901e+43
4.360000e-15 -4.240281e+21 1.797998e+43
4.365000e-15 -4.117007e+21 1.694974e+43
4.370000e-15 -3.980219e+21 1.584214e+43
4.375000e-15 -3.830406e+21 1.467201e+43
4.380000e-15 -3.668098e+21 1.345495e+43
4.385000e-15 -3.493867e+21 1.220711e+43
4.390000e-15 -3.308323e+21 1.094500e+43
4.395000e-15 -3.112111e+21 9.685237e+42
4.400000e-15 -2.905914e+21 8.444334e+42
4.405000e-15 -2.690442e+21 7.238479e+42
4.410000e-15 -2.466440e+21 6.083324e+42
4.415000e-15 -2.234675e+21 4.993771e+42
4.420000e-15 -1.995941e+21 3.983781e+42
4.425000e-15 -1.751054e+21 3.066190e+42
4.430000e-15 -1.500847e+21 2.252542e+42
4.435000e-15 -1.246171e+21 1.552942e+42
4.440000e-15 -9.878884e+20 9.759234e+41
4.445000e-15 -7.268727e+20 5.283439e+41
4.450000e-15 -4.640047e+20 2.153004e+41
4.455000e-15 -2.001694e+20 4.006780e+40
4.460000e-15 6.374683e+19 4.063658e+39
4.465000e-15 3.268593e+20 1.068370e+41
4.470000e-15 5.882878e+20 3.460826e+41
4.475000e-15 8.471597e+20 7.176795e+41
4.480000e-15 1.102613e+21 1.215755e+42
4.485000e-15 1.353798e+21 1.832768e+42
4.490000e-15 1.599882e+21 2.559623e+42
4.495000e-15 1.840052e+21 3.385790e+42
4.500000e-15 2.073514e+21 4.299460e+42
4.505000e-15 2.299500e+21 5.287702e+42
4.510000e-15 2.517270e+21 6.336647e+42
4.515000e-15 2.726109e+21 7.431670e+42
4.520000e-15 2.925337e+21 8.557597e+42
4.525000e-15 3.114307e+21 9.698905e+42
4.530000e-15 3.292406e+21 1.083993e+43
4.535000e-15 3.459060e+21 1.196510e+43
4.540000e-15 3.613736e+21 1.305909e+43
4.545000e-15 3.755939e+21 1.410708e+43
4.550000e-15 3.885220e+21 1.509493e+43
4.555000e-15 4.001171e+21 1.600937e+43
4.560000e-15 4.103434e+21 1.683817e+43
4.565000e-15 4.191693e+21 1.757029e+43
4.570000e-15 4.265683e+21 1.819605e+43
4.575000e-15 4.325185e+21 1.870723e+43
4.580000e-15 4.370031e+21 1.909717e+43
4.585000e-15 4.400101e+21 1.936089e+43
4.590000e-15 4.415326e+21 1.949510e+43
4.595000e-15 4.415685e+21 1.949828e+43
4.600000e-15 4.401210e+21 1.937065e+43
4.605000e-15 4.371981e+21 1.911422e+43
4.610000e-15 4.328126e+21 1.873267e+43
4.615000e-15 4.269824e+21 1.823140e+43
4.620000e-15 4.197301e+21 1.761733e+43
4.625000e-15 4.110830e+21 1.689892e+43
4.630000e-15 4.010731e+21 1.608597e+43
4.635000e-15 3.897370e+21 1.518949e+43
4.640000e-15 3.771154e+21 1.422160e+43
4.645000e-15 3.632534e+21 1.319531e+43
4.650000e-15 3.482003e+21 1.212434e+43
4.655000e-15 3.320090e+21 1.102300e+43
4.660000e-15 3.147363e+21 9.905897e+42
4.665000e-15 2.964426e+21 8.787821e+42
4.670000e-15 2.771913e+21 7.683504e+42
4.675000e-15 2.570493e+21 6.607432e+42
4.680000e-15 2.360859e+21 5.573654e+42
4.685000e-15 2.143733e+21 4.595593e+42
4.690000e-15 1.919862e+21 3.685869e+42
4.695000e-15 1.690010e+21 2.856133e+42
4.700000e-15 1.454963e+21 2.116916e+42
4.705000e-15 1.215521e+21 1.477491e+42
4.710000e-15 9.724985e+20 9.457533e+41
4.715000e-15 7.267194e+20 5.281212e+41
4.720000e-15 4.790157e+20 2.294560e+41
4.725000e-15 2.302237e+20 5.300295e+40
4.730000e-15 -1.881782e+19 3.541103e+38
4.735000e-15 -2.672712e+20 7.143390e+40
4.740000e-15 -5.143024e+20 2.645069e+41
4.745000e-15 -7.590837e+20 5.762081e+41
4.750000e-15 -1.000797e+21 1.001594e+42
4.755000e-15 -1.238635e+21 1.534218e+42
4.760000e-15 -1.471807e+21 2.166217e+42
4.765000e-15 -1.699538e+21 2.888431e+42
4.770000e-15 -1.921074e+21 3.690524e+42
4.775000e-15 -2.135681e+21 4.561133e+42
4.780000e-15 -2.342652e+21 5.488020e+42
4.785000e-15 -2.541307e+21 6.458243e+42
4.790000e-15 -2.730995e+21 7.458334e+42
4.795000e-15 -2.911095e+21 8.474475e+42
4.800000e-15 -3.081022e+21 9.492695e+42
4.805000e-15 -3.240224e+21 1.049905e+43
4.810000e-15 -3.388187e+21 1.147981e+43
4.815000e-15 -3.524436e+21 1.242165e+43
4.820000e-15 -3.648538e+21 1.331183e+43
4.825000e-15 -3.760098e+21 1.413834e+43
4.830000e-15 -3.858767e+21 1.489008e+43
4.835000e-15 -3.944239e+21 1.555702e+43
4.840000e-15 -4.016252e+21 1.613028e+43
4.845000e-15 -4.074592e+21 1.660230e+43
4.850000e-15 -4.119090e+21 1.696690e+43
4.855000e-15 -4.149623e+21 1.721937e+43
4.860000e-15 -4.166118e+21 1.735654e+43
4.865000e-15 -4.168546e+21 1.737677e+43
4.870000e-15 -4.156928e+21 1.728005e+43
4.875000e-15 -4.131331e+21 1.706789e+43
4.880000e-15 -4.091869e+21 1.674339e+43
4.885000e-15 -4.038703e+21 1.631112e+43
4.890000e-15 -3.972040e+21 1.577710e+43
4.895000e-15 -3.892130e+21 1.514867e+43
4.900000e-15 -3.799269e+21 1.443444e+43
4.905000e-15 -3.693795e+21 1.364413e+43
4.910000e-15 -3.576090e+21 1.278842e+43
4.915000e-15 -3.446574e+21 1.187887e+43
4.920000e-15 -3.305705e+21 1.092769e+43
4.925000e-15 -3.153982e+21 9.947606e+42
4.930000e-15 -2.991937e+21 8.951690e+42
4.935000e-15 -2.820137e+21 7.953171e+42
4.940000e-15 -2.639178e+21 6.965261e+42
4.945000e-15 -2.449689e+21 6.000978e+42
4.950000e-15 -2.252326e+21 5.072971e+42
4.955000e-15 -2.047768e+21 4.193352e+42
4.960000e-15 -1.836719e+21 3.373535e+42
4.965000e-15 -1.619902e+21 2.624083e+42
4.970000e-15 -1.398061e+21 1.954574e+42
4.975000e-15 -1.171951e+21 1.373470e+42
4.980000e-15 -9.423441e+20 8.880124e+41
4.985000e-15 -7.100201e+20 5.041285e+41
4.990000e-15 -4.757674e+20 2.263546e+41
4.995000e-15 -2.403793e+20 5.778219e+40
5.000000e-15 -4.651243e+18 2.163406e+37
