0.000000e+00 nan nan
5.000000e-18 1.691545e+06 2.861323e+12
1.000000e-17 4.329019e+08 1.874041e+17
1.500000e-17 1.108910e+10 1.229682e+20
2.000000e-17 1.106863e+11 1.225145e+22
2.500000e-17 6.591315e+11 4.344543e+23
3.000000e-17 2.830941e+12 8.014229e+24
3.500000e-17 9.703416e+12 9.415628e+25
4.000000e-17 2.819618e+13 7.950246e+26
4.500000e-17 7.221894e+13 5.215575e+27
5.000000e-17 1.674411e+14 2.803653e+28
5.500000e-17 3.581502e+14 1.282716e+29
6.000000e-17 7.167137e+14 5.136786e+29
6.500000e-17 1.356204e+15 1.839288e+30
7.000000e-17 2.446781e+15 5.986735e+30
7.500000e-17 4.236465e+15 1.794764e+31
8.000000e-17 7.076954e+15 5.008328e+31
8.500000e-17 1.145515e+16 1.312205e+32
9.000000e-17 1.803111e+16 3.251211e+32
9.500000e-17 2.768307e+16 7.663521e+32
1.000000e-16 4.156023e+16 1.727253e+33
1.050000e-16 6.114411e+16 3.738602e+33
1.100000e-16 8.831888e+16 7.800224e+33
1.150000e-16 1.254516e+17 1.573809e+34
1.200000e-16 1.754825e+17 3.079412e+34
1.250000e-16 2.420270e+17 5.857706e+34
1.300000e-16 3.294878e+17 1.085622e+35
1.350000e-16 4.431803e+17 1.964088e+35
1.400000e-16 5.894692e+17 3.474739e+35
1.450000e-16 7.759183e+17 6.020491e+35
1.500000e-16 1.011453e+18 1.023037e+36
1.550000e-16 1.306535e+18 1.707034e+36
1.600000e-16 1.673352e+18 2.800108e+36
1.650000e-16 2.126019e+18 4.519956e+36
1.700000e-16 2.680789e+18 7.186632e+36
1.750000e-16 3.356287e+18 1.126466e+37
1.800000e-16 4.173741e+18 1.742012e+37
1.850000e-16 5.157239e+18 2.659712e+37
1.900000e-16 6.333988e+18 4.011940e+37
1.950000e-16 7.734585e+18 5.982381e+37
2.000000e-16 9.393304e+18 8.823416e+37
2.050000e-16 1.134838e+19 1.287858e+38
2.100000e-16 1.364232e+19 1.861128e+38
2.150000e-16 1.632217e+19 2.664133e+38
2.200000e-16 1.943989e+19 3.779094e+38
2.250000e-16 2.305261e+19 5.314227e+38
2.300000e-16 2.722295e+19 7.410889e+38
2.350000e-16 3.201937e+19 1.025240e+39
2.400000e-16 3.751645e+19 1.407484e+39
2.450000e-16 4.379521e+19 1.918020e+39
2.500000e-16 5.094342e+19 2.595232e+39
2.550000e-16 5.905590e+19 3.487599e+39
2.600000e-16 6.823477e+19 4.655984e+39
2.650000e-16 7.858978e+19 6.176353e+39
2.700000e-16 9.023853e+19 8.142993e+39
2.750000e-16 1.033067e+20 1.067228e+40
2.800000e-16 1.179284e+20 1.390712e+40
2.850000e-16 1.342462e+20 1.802205e+40
2.900000e-16 1.524114e+20 2.322923e+40
2.950000e-16 1.725841e+20 2.978526e+40
3.000000e-16 1.949334e+20 3.799903e+40
3.050000e-16 2.196377e+20 4.824070e+40
3.100000e-16 2.468842e+20 6.095179e+40
3.150000e-16 2.768695e+20 7.665672e+40
3.200000e-16 3.097993e+20 9.597560e+40
3.250000e-16 3.458883e+20 1.196387e+41
3.300000e-16 3.853604e+20 1.485026e+41
3.350000e-16 4.284480e+20 1.835677e+41
3.400000e-16 4.753924e+20 2.259980e+41
3.450000e-16 5.264434e+20 2.771426e+41
3.500000e-16 5.818586e+20 3.385594e+41
3.550000e-16 6.419036e+20 4.120402e+41
3.600000e-16 7.068513e+20 4.996387e+41
3.650000e-16 7.769815e+20 6.037003e+41
3.700000e-16 8.525807e+20 7.268938e+41
3.750000e-16 9.339407e+20 8.722453e+41
3.800000e-16 1.021359e+21 1.043175e+42
3.850000e-16 1.115138e+21 1.243532e+42
3.900000e-16 1.215583e+21 1.477641e+42
3.950000e-16 1.323002e+21 1.750335e+42
4.000000e-16 1.437707e+21 2.067003e+42
4.050000e-16 1.560011e+21 2.433634e+42
4.100000e-16 1.690225e+21 2.856861e+42
4.150000e-16 1.828662e+21 3.344005e+42
4.200000e-16 1.975632e+21 3.903122e+42
4.250000e-16 2.131442e+21 4.543045e+42
4.300000e-16 2.296396e+21 5.273434e+42
4.350000e-16 2.470792e+21 6.104811e+42
4.400000e-16 2.654921e+21 7.048604e+42
4.450000e-16 2.849067e+21 8.117185e+42
4.500000e-16 3.053507e+21 9.323903e+42
4.550000e-16 3.268503e+21 1.068311e+43
4.600000e-16 3.494308e+21 1.221019e+43
4.650000e-16 3.731163e+21 1.392158e+43
4.700000e-16 3.979292e+21 1.583477e+43
4.750000e-16 4.238903e+21 1.796830e+43
4.800000e-16 4.510189e+21 2.034180e+43
4.850000e-16 4.793320e+21 2.297592e+43
4.900000e-16 5.088449e+21 2.589231e+43
4.950000e-16 5.395705e+21 2.911363e+43
5.000000e-16 5.715195e+21 3.266345e+43
5.050000e-16 6.047000e+21 3.656621e+43
5.100000e-16 6.391176e+21 4.084713e+43
5.150000e-16 6.747750e+21 4.553213e+43
5.200000e-16 7.116720e+21 5.064771e+43
5.250000e-16 7.498056e+21 5.622084e+43
5.300000e-16 7.891693e+21 6.227882e+43
5.350000e-16 8.297536e+21 6.884910e+43
5.400000e-16 8.715454e+21 7.595915e+43
5.450000e-16 9.145284e+21 8.363621e+43
5.500000e-16 9.586822e+21 9.190716e+43
5.550000e-16 1.003983e+22 1.007982e+44
5.600000e-16 1.050404e+22 1.103348e+44
5.650000e-16 1.097912e+22 1.205411e+44
5.700000e-16 1.146473e+22 1.314401e+44
5.750000e-16 1.196048e+22 1.430530e+44
5.800000e-16 1.246592e+22 1.553991e+44
5.850000e-16 1.298058e+22 1.684955e+44
5.900000e-16 1.350395e+22 1.823567e+44
5.950000e-16 1.403547e+22 1.969944e+44
6.000000e-16 1.457454e+22 2.124171e+44
6.050000e-16 1.512052e+22 2.286300e+44
6.100000e-16 1.567272e+22 2.456343e+44
6.150000e-16 1.623044e+22 2.634273e+44
6.200000e-16 1.679291e+22 2.820018e+44
6.250000e-16 1.735932e+22 3.013461e+44
6.300000e-16 1.792885e+22 3.214435e+44
6.350000e-16 1.850060e+22 3.422724e+44
6.400000e-16 1.907368e+22 3.638054e+44
6.450000e-16 1.964714e+22 3.860100e+44
6.500000e-16 2.021998e+22 4.088477e+44
6.550000e-16 2.079121e+22 4.322743e+44
6.600000e-16 2.135977e+22 4.562396e+44
6.650000e-16 2.192459e+22 4.806876e+44
6.700000e-16 2.248457e+22 5.055560e+44
6.750000e-16 2.303860e+22 5.307769e+44
6.800000e-16 2.358551e+22 5.562763e+44
6.850000e-16 2.412415e+22 5.819746e+44
6.900000e-16 2.465333e+22 6.077867e+44
6.950000e-16 2.517185e+22 6.336221e+44
7.000000e-16 2.567850e+22 6.593854e+44
7.050000e-16 2.617206e+22 6.849767e+44
7.100000e-16 2.665130e+22 7.102917e+44
7.150000e-16 2.711499e+22 7.352226e+44
7.200000e-16 2.756189e+22 7.596580e+44
7.250000e-16 2.799079e+22 7.834844e+44
7.300000e-16 2.840045e+22 8.065858e+44
7.350000e-16 2.878967e+22 8.288453e+44
7.400000e-16 2.915725e+22 8.501451e+44
7.450000e-16 2.950199e+22 8.703676e+44
7.500000e-16 2.982275e+22 8.893963e+44
7.550000e-16 3.011837e+22 9.071164e+44
7.600000e-16 3.038775e+22 9.234155e+44
7.650000e-16 3.062981e+22 9.381851e+44
7.700000e-16 3.084349e+22 9.513208e+44
7.750000e-16 3.102779e+22 9.627236e+44
7.800000e-16 3.118173e+22 9.723004e+44
7.850000e-16 3.130440e+22 9.799654e+44
7.900000e-16 3.139491e+22 9.856406e+44
7.950000e-16 3.145245e+22 9.892566e+44
8.000000e-16 3.147624e+22 9.907535e+44
8.050000e-16 3.146556e+22 9.900818e+44
8.100000e-16 3.141978e+22 9.872026e+44
8.150000e-16 3.133830e+22 9.820890e+44
8.200000e-16 3.122060e+22 9.747257e+44
8.250000e-16 3.106623e+22 9.651105e+44
8.300000e-16 3.087481e+22 9.532540e+44
8.350000e-16 3.064604e+22 9.391800e+44
8.400000e-16 3.037970e+22 9.229261e+44
8.450000e-16 3.007563e+22 9.045435e+44
8.500000e-16 2.973377e+22 8.840970e+44
8.550000e-16 2.935413e+22 8.616651e+44
8.600000e-16 2.893682e+22 8.373398e+44
8.650000e-16 2.848203e+22 8.112258e+44
8.700000e-16 2.799001e+22 7.834408e+44
8.750000e-16 2.746115e+22 7.541145e+44
8.800000e-16 2.689587e+22 7.233879e+44
8.850000e-16 2.629473e+22 6.914127e+44
8.900000e-16 2.565834e+22 6.583505e+44
8.950000e-16 2.498743e+22 6.243715e+44
9.000000e-16 2.428279e+22 5.896538e+44
9.050000e-16 2.354531e+22 5.543817e+44
9.100000e-16 2.277598e+22 5.187453e+44
9.150000e-16 2.197585e+22 4.829381e+44
9.200000e-16 2.114608e+22 4.471567e+44
9.250000e-16 2.028789e+22 4.115986e+44
9.300000e-16 1.940260e+22 3.764608e+44
9.350000e-16 1.849159e+22 3.419389e+44
9.400000e-16 1.755633e+22 3.082248e+44
9.450000e-16 1.659837e+22 2.755058e+44
9.500000e-16 1.561930e+22 2.439627e+44
9.550000e-16 1.462082e+22 2.137684e+44
9.600000e-16 1.360466e+22 1.850867e+44
9.650000e-16 1.257262e+22 1.580708e+44
9.700000e-16 1.152657e+22 1.328618e+44
9.750000e-16 1.046842e+22 1.095877e+44
9.800000e-16 9.400120e+21 8.836225e+43
9.850000e-16 8.323685e+21 6.928373e+43
9.900000e-16 7.241157e+21 5.243435e+43
9.950000e-16 6.154613e+21 3.787927e+43
1.000000e-15 5.066163e+21 2.566600e+43
1.005000e-15 3.977937e+21 1.582398e+43
1.010000e-15 2.892089e+21 8.364177e+42
1.015000e-15 1.810782e+21 3.278933e+42
1.020000e-15 7.361924e+20 5.419793e+41
1.025000e-15 -3.295047e+20 1.085734e+41
1.030000e-15 -1.384135e+21 1.915830e+42
1.035000e-15 -2.425534e+21 5.883214e+42
1.040000e-15 -3.451549e+21 1.191319e+43
1.045000e-15 -4.460051e+21 1.989205e+43
1.050000e-15 -5.448933e+21 2.969088e+43
1.055000e-15 -6.416123e+21 4.116664e+43
1.060000e-15 -7.359584e+21 5.416347e+43
1.065000e-15 -8.277321e+21 6.851405e+43
1.070000e-15 -9.167392e+21 8.404107e+43
1.075000e-15 -1.002790e+22 1.005589e+44
1.080000e-15 -1.085703e+22 1.178750e+44
1.085000e-15 -1.165299e+22 1.357923e+44
1.090000e-15 -1.241411e+22 1.541101e+44
1.095000e-15 -1.313875e+22 1.726268e+44
1.100000e-15 -1.382538e+22 1.911411e+44
1.105000e-15 -1.447254e+22 2.094543e+44
1.110000e-15 -1.507886e+22 2.273719e+44
1.115000e-15 -1.564306e+22 2.447055e+44
1.120000e-15 -1.616399e+22 2.612744e+44
1.125000e-15 -1.664055e+22 2.769078e+44
1.130000e-15 -1.707177e+22 2.914455e+44
1.135000e-15 -1.745681e+22 3.047402e+44
1.140000e-15 -1.779490e+22 3.166585e+44
1.145000e-15 -1.808541e+22 3.270821e+44
1.150000e-15 -1.832782e+22 3.359091e+44
1.155000e-15 -1.852173e+22 3.430547e+44
1.160000e-15 -1.866686e+22 3.484518e+44
1.165000e-15 -1.876305e+22 3.520520e+44
1.170000e-15 -1.881026e+22 3.538258e+44
1.175000e-15 -1.880857e+22 3.537624e+44
1.180000e-15 -1.875821e+22 3.518703e+44
1.185000e-15 -1.865949e+22 3.481766e+44
1.190000e-15 -1.851289e+22 3.427271e+44
1.195000e-15 -1.831898e+22 3.355850e+44
1.200000e-15 -1.807846e+22 3.268309e+44
1.205000e-15 -1.779217e+22 3.165613e+44
1.210000e-15 -1.746103e+22 3.048877e+44
1.215000e-15 -1.708612e+22 2.919356e+44
1.220000e-15 -1.666861e+22 2.778424e+44
1.225000e-15 -1.620977e+22 2.627566e+44
1.230000e-15 -1.571101e+22 2.468357e+44
1.235000e-15 -1.517382e+22 2.302447e+44
1.240000e-15 -1.459980e+22 2.131542e+44
1.245000e-15 -1.399065e+22 1.957384e+44
1.250000e-15 -1.334816e+22 1.781735e+44
1.255000e-15 -1.267421e+22 1.606356e+44
1.260000e-15 -1.197076e+22 1.432990e+44
1.265000e-15 -1.123983e+22 1.263339e+44
1.270000e-15 -1.048356e+22 1.099050e+44
1.275000e-15 -9.704104e+21 9.416964e+43
1.280000e-15 -8.903710e+21 7.927605e+43
1.285000e-15 -8.084666e+21 6.536183e+43
1.290000e-15 -7.249314e+21 5.255255e+43
1.295000e-15 -6.400034e+21 4.096043e+43
1.300000e-15 -5.539242e+21 3.068320e+43
1.305000e-15 -4.669384e+21 2.180314e+43
1.310000e-15 -3.792924e+21 1.438627e+43
1.315000e-15 -2.912342e+21 8.481738e+42
1.320000e-15 -2.030126e+21 4.121411e+42
1.325000e-15 -1.148762e+21 1.319654e+42
1.330000e-15 -2.707297e+20 7.329456e+40
1.335000e-15 6.015046e+20 3.618078e+41
1.340000e-15 1.465497e+21 2.147680e+42
1.345000e-15 2.318830e+21 5.376973e+42
1.350000e-15 3.159125e+21 9.980069e+42
1.355000e-15 3.984041e+21 1.587259e+43
1.360000e-15 4.791291e+21 2.295647e+43
1.365000e-15 5.578640e+21 3.112123e+43
1.370000e-15 6.343917e+21 4.024528e+43
1.375000e-15 7.085018e+21 5.019749e+43
1.380000e-15 7.799917e+21 6.083870e+43
1.385000e-15 8.486665e+21 7.202348e+43
1.390000e-15 9.143402e+21 8.360179e+43
1.395000e-15 9.768358e+21 9.542082e+43
1.400000e-15 1.035986e+22 1.073268e+44
1.405000e-15 1.091635e+22 1.191666e+44
1.410000e-15 1.143634e+22 1.307900e+44
1.415000e-15 1.191850e+22 1.420508e+44
1.420000e-15 1.236159e+22 1.528090e+44
1.425000e-15 1.276449e+22 1.629322e+44
1.430000e-15 1.312619e+22 1.722970e+44
1.435000e-15 1.344584e+22 1.807906e+44
1.440000e-15 1.372268e+22 1.883120e+44
1.445000e-15 1.395610e+22 1.947728e+44
1.450000e-15 1.414562e+22 2.000986e+44
1.455000e-15 1.429089e+22 2.042294e+44
1.460000e-15 1.439168e+22 2.071204e+44
1.465000e-15 1.444791e+22 2.087422e+44
1.470000e-15 1.445965e+22 2.090814e+44
1.475000e-15 1.442706e+22 2.081400e+44
1.480000e-15 1.435047e+22 2.059360e+44
1.485000e-15 1.423033e+22 2.025023e+44
1.490000e-15 1.406722e+22 1.978867e+44
1.495000e-15 1.386185e+22 1.921509e+44
1.500000e-15 1.361506e+22 1.853698e+44
1.505000e-15 1.332780e+22 1.776302e+44
1.510000e-15 1.300115e+22 1.690300e+44
1.515000e-15 1.263632e+22 1.596766e+44
1.520000e-15 1.223461e+22 1.496857e+44
1.525000e-15 1.179744e+22 1.391797e+44
1.530000e-15 1.132635e+22 1.282861e+44
1.535000e-15 1.082294e+22 1.171359e+44
1.540000e-15 1.028894e+22 1.058622e+44
1.545000e-15 9.726151e+21 9.459802e+43
1.550000e-15 9.136473e+21 8.347514e+43
1.555000e-15 8.521869e+21 7.262225e+43
1.560000e-15 7.884377e+21 6.216340e+43
1.565000e-15 7.226101e+21 5.221653e+43
1.570000e-15 6.549201e+21 4.289203e+43
1.575000e-15 5.855889e+21 3.429143e+43
1.580000e-15 5.148420e+21 2.650623e+43
1.585000e-15 4.429088e+21 1.961682e+43
1.590000e-15 3.700213e+21 1.369158e+43
1.595000e-15 2.964140e+21 8.786126e+42
1.600000e-15 2.223227e+21 4.942738e+42
1.605000e-15 1.479840e+21 2.189927e+42
1.610000e-15 7.363446e+20 5.422034e+41
1.615000e-15 -4.901815e+18 2.402779e+37
1.620000e-15 -7.415567e+20 5.499064e+41
1.625000e-15 -1.471300e+21 2.164725e+42
1.630000e-15 -2.191843e+21 4.804175e+42
1.635000e-15 -2.900932e+21 8.415404e+42
1.640000e-15 -3.596358e+21 1.293379e+43
1.645000e-15 -4.275966e+21 1.828388e+43
1.650000e-15 -4.937655e+21 2.438044e+43
1.655000e-15 -5.579392e+21 3.112961e+43
1.660000e-15 -6.199212e+21 3.843023e+43
1.665000e-15 -6.795230e+21 4.617515e+43
1.670000e-15 -7.365642e+21 5.425268e+43
1.675000e-15 -7.908733e+21 6.254806e+43
1.680000e-15 -8.422883e+21 7.094495e+43
1.685000e-15 -8.906569e+21 7.932696e+43
1.690000e-15 -9.358373e+21 8.757914e+43
1.695000e-15 -9.776984e+21 9.558943e+43
1.700000e-15 -1.016121e+22 1.032501e+44
1.705000e-15 -1.050995e+22 1.104591e+44
1.710000e-15 -1.082226e+22 1.171213e+44
1.715000e-15 -1.109729e+22 1.231498e+44
1.720000e-15 -1.133432e+22 1.284668e+44
1.725000e-15 -1.153275e+22 1.330044e+44
1.730000e-15 -1.169213e+22 1.367060e+44
1.735000e-15 -1.181212e+22 1.395262e+44
1.740000e-15 -1.189251e+22 1.414318e+44
1.745000e-15 -1.193322e+22 1.424017e+44
1.750000e-15 -1.193431e+22 1.424277e+44
1.755000e-15 -1.189596e+22 1.415139e+44
1.760000e-15 -1.181848e+22 1.396765e+44
1.765000e-15 -1.170231e+22 1.369442e+44
1.770000e-15 -1.154802e+22 1.333568e+44
1.775000e-15 -1.135629e+22 1.289653e+44
1.780000e-15 -1.112793e+22 1.238308e+44
1.785000e-15 -1.086386e+22 1.180234e+44
1.790000e-15 -1.056512e+22 1.116218e+44
1.795000e-15 -1.023287e+22 1.047116e+44
1.800000e-15 -9.868358e+21 9.738450e+43
1.805000e-15 -9.472944e+21 8.973667e+43
1.810000e-15 -9.048084e+21 8.186782e+43
1.815000e-15 -8.595324e+21 7.387960e+43
1.820000e-15 -8.116300e+21 6.587433e+43
1.825000e-15 -7.612728e+21 5.795363e+43
1.830000e-15 -7.086398e+21 5.021703e+43
1.835000e-15 -6.539169e+21 4.276073e+43
1.840000e-15 -5.972964e+21 3.567630e+43
1.845000e-15 -5.389761e+21 2.904953e+43
1.850000e-15 -4.791589e+21 2.295933e+43
1.855000e-15 -4.180518e+21 1.747673e+43
1.860000e-15 -3.558652e+21 1.266400e+43
1.865000e-15 -2.928126e+21 8.573923e+42
1.870000e-15 -2.291095e+21 5.249117e+42
1.875000e-15 -1.649728e+21 2.721602e+42
1.880000e-15 -1.006199e+21 1.012437e+42
1.885000e-15 -3.626837e+20 1.315395e+41
1.890000e-15 2.786523e+20 7.764711e+40
1.895000e-15 9.156579e+20 8.384295e+41
1.900000e-15 1.546205e+21 2.390749e+42
1.905000e-15 2.168194e+21 4.701066e+42
1.910000e-15 2.779564e+21 7.725974e+42
1.915000e-15 3.378295e+21 1.141288e+43
1.920000e-15 3.962419e+21 1.570076e+43
1.925000e-15 4.530024e+21 2.052112e+43
1.930000e-15 5.079260e+21 2.579889e+43
1.935000e-15 5.608349e+21 3.145357e+43
1.940000e-15 6.115583e+21 3.740035e+43
1.945000e-15 6.599338e+21 4.355126e+43
1.950000e-15 7.058075e+21 4.981642e+43
1.955000e-15 7.490344e+21 5.610525e+43
1.960000e-15 7.894792e+21 6.232774e+43
1.965000e-15 8.270164e+21 6.839561e+43
1.970000e-15 8.615309e+21 7.422355e+43
1.975000e-15 8.929184e+21 7.973032e+43
1.980000e-15 9.210855e+21 8.483984e+43
1.985000e-15 9.459501e+21 8.948215e+43
1.990000e-15 9.674417e+21 9.359435e+43
1.995000e-15 9.855017e+21 9.712137e+43
2.000000e-15 1.000083e+22 1.000167e+44
2.005000e-15 1.011152e+22 1.022427e+44
2.010000e-15 1.018684e+22 1.037717e+44
2.015000e-15 1.022670e+22 1.045854e+44
2.020000e-15 1.023112e+22 1.046758e+44
2.025000e-15 1.020023e+22 1.040447e+44
2.030000e-15 1.013429e+22 1.027038e+44
2.035000e-15 1.003368e+22 1.006748e+44
2.040000e-15 9.898902e+21 9.798825e+43
2.045000e-15 9.730558e+21 9.468376e+43
2.050000e-15 9.529376e+21 9.080900e+43
2.055000e-15 9.296190e+21 8.641915e+43
2.060000e-15 9.031942e+21 8.157597e+43
2.065000e-15 8.737676e+21 7.634699e+43
2.070000e-15 8.414538e+21 7.080445e+43
2.075000e-15 8.063766e+21 6.502432e+43
2.080000e-15 7.686691e+21 5.908523e+43
2.085000e-15 7.284730e+21 5.306729e+43
2.090000e-15 6.859379e+21 4.705108e+43
2.095000e-15 6.412210e+21 4.111643e+43
2.100000e-15 5.944865e+21 3.534142e+43
2.105000e-15 5.459050e+21 2.980122e+43
2.110000e-15 4.956528e+21 2.456717e+43
2.115000e-15 4.439113e+21 1.970572e+43
2.120000e-15 3.908665e+21 1.527766e+43
2.125000e-15 3.367082e+21 1.133724e+43
2.130000e-15 2.816293e+21 7.931504e+42
2.135000e-15 2.258252e+21 5.099703e+42
2.140000e-15 1.694933e+21 2.872798e+42
2.145000e-15 1.128318e+21 1.273102e+42
2.150000e-15 5.603957e+20 3.140433e+41
2.155000e-15 -6.849506e+18 4.691573e+37
2.160000e-15 -5.714419e+20 3.265458e+41
2.165000e-15 -1.131422e+21 1.280117e+42
2.170000e-15 -1.684855e+21 2.838738e+42
2.175000e-15 -2.229835e+21 4.972164e+42
2.180000e-15 -2.764491e+21 7.642412e+42
2.185000e-15 -3.286998e+21 1.080435e+43
2.190000e-15 -3.795576e+21 1.440640e+43
2.195000e-15 -4.288505e+21 1.839127e+43
2.200000e-15 -4.764121e+21 2.269685e+43
2.205000e-15 -5.220830e+21 2.725707e+43
2.210000e-15 -5.657109e+21 3.200288e+43
2.215000e-15 -6.071510e+21 3.686324e+43
2.220000e-15 -6.462670e+21 4.176611e+43
2.225000e-15 -6.829310e+21 4.663948e+43
2.230000e-15 -7.170242e+21 5.141237e+43
2.235000e-15 -7.484373e+21 5.601584e+43
2.240000e-15 -7.770708e+21 6.038390e+43
2.245000e-15 -8.028351e+21 6.445442e+43
2.250000e-15 -8.256513e+21 6.817001e+43
2.255000e-15 -8.454509e+21 7.147872e+43
2.260000e-15 -8.621764e+21 7.433481e+43
2.265000e-15 -8.757811e+21 7.669925e+43
2.270000e-15 -8.862297e+21 7.854031e+43
2.275000e-15 -8.934980e+21 7.983386e+43
2.280000e-15 -8.975730e+21 8.056372e+43
2.285000e-15 -8.984530e+21 8.072179e+43
2.290000e-15 -8.961478e+21 8.030810e+43
2.295000e-15 -8.906782e+21 7.933076e+43
2.300000e-15 -8.820759e+21 7.780579e+43
2.305000e-15 -8.703838e+21 7.575680e+43
2.310000e-15 -8.556556e+21 7.321465e+43
2.315000e-15 -8.379552e+21 7.021689e+43
2.320000e-15 -8.173571e+21 6.680726e+43
2.325000e-15 -7.939455e+21 6.303494e+43
2.330000e-15 -7.678144e+21 5.895390e+43
2.335000e-15 -7.390671e+21 5.462202e+43
2.340000e-15 -7.078157e+21 5.010031e+43
2.345000e-15 -6.741808e+21 4.545197e+43
2.350000e-15 -6.382909e+21 4.074153e+43
2.355000e-15 -6.002823e+21 3.603388e+43
2.360000e-15 -5.602980e+21 3.139339e+43
2.365000e-15 -5.184877e+21 2.688295e+43
2.370000e-15 -4.750070e+21 2.256317e+43
2.375000e-15 -4.300168e+21 1.849145e+43
2.380000e-15 -3.836830e+21 1.472126e+43
2.385000e-15 -3.361753e+21 1.130138e+43
2.390000e-15 -2.876674e+21 8.275252e+42
2.395000e-15 -2.383356e+21 5.680387e+42
2.400000e-15 -1.883588e+21 3.547904e+42
2.405000e-15 -1.379173e+21 1.902118e+42
2.410000e-15 -8.719260e+20 7.602550e+41
2.415000e-15 -3.636650e+20 1.322522e+41
2.420000e-15 1.437948e+20 2.067693e+40
2.425000e-15 6.486469e+20 4.207428e+41
2.430000e-15 1.149101e+21 1.320433e+42
2.435000e-15 1.643388e+21 2.700724e+42
2.440000e-15 2.129768e+21 4.535910e+42
2.445000e-15 2.606533e+21 6.794015e+42
2.450000e-15 3.072019e+21 9.437298e+42
2.455000e-15 3.524604e+21 1.242283e+43
2.460000e-15 3.962720e+21 1.570315e+43
2.465000e-15 4.384855e+21 1.922696e+43
2.470000e-15 4.789561e+21 2.293990e+43
2.475000e-15 5.175455e+21 2.678533e+43
2.480000e-15 5.541227e+21 3.070519e+43
2.485000e-15 5.885643e+21 3.464079e+43
2.490000e-15 6.207550e+21 3.853367e+43
2.495000e-15 6.505879e+21 4.232646e+43
2.500000e-15 6.779649e+21 4.596364e+43
2.505000e-15 7.027972e+21 4.939239e+43
2.510000e-15 7.250050e+21 5.256323e+43
2.515000e-15 7.445186e+21 5.543080e+43
2.520000e-15 7.612779e+21 5.795441e+43
2.525000e-15 7.752330e+21 6.009863e+43
2.530000e-15 7.863442e+21 6.183372e+43
2.535000e-15 7.945820e+21 6.313606e+43
2.540000e-15 7.999275e+21 6.398841e+43
2.545000e-15 8.023721e+21 6.438010e+43
2.550000e-15 8.019176e+21 6.430719e+43
2.555000e-15 7.985763e+21 6.377242e+43
2.560000e-15 7.923708e+21 6.278515e+43
2.565000e-15 7.833338e+21 6.136118e+43
2.570000e-15 7.715081e+21 5.952248e+43
2.575000e-15 7.569465e+21 5.729680e+43
2.580000e-15 7.397112e+21 5.471727e+43
2.585000e-15 7.198741e+21 5.182187e+43
2.590000e-15 6.975158e+21 4.865283e+43
2.595000e-15 6.727261e+21 4.525605e+43
2.600000e-15 6.456031e+21 4.168033e+43
2.605000e-15 6.162528e+21 3.797675e+43
2.610000e-15 5.847890e+21 3.419782e+43
2.615000e-15 5.513328e+21 3.039679e+43
2.620000e-15 5.160119e+21 2.662683e+43
2.625000e-15 4.789604e+21 2.294030e+43
2.630000e-15 4.403180e+21 1.938800e+43
2.635000e-15 4.002300e+21 1.601840e+43
2.640000e-15 3.588461e+21 1.287705e+43
2.645000e-15 3.163203e+21 1.000585e+43
2.650000e-15 2.728102e+21 7.442542e+42
2.655000e-15 2.284765e+21 5.220152e+42
2.660000e-15 1.834822e+21 3.366571e+42
2.665000e-15 1.379922e+21 1.904184e+42
2.670000e-15 9.217257e+20 8.495782e+41
2.675000e-15 4.619019e+20 2.133534e+41
2.680000e-15 2.118422e+18 4.487712e+36
2.685000e-15 -4.559623e+20 2.079016e+41
2.690000e-15 -9.106894e+20 8.293551e+41
2.695000e-15 -1.360429e+21 1.850768e+42
2.700000e-15 -1.803573e+21 3.252875e+42
2.705000e-15 -2.238539e+21 5.011055e+42
2.710000e-15 -2.663781e+21 7.095727e+42
2.715000e-15 -3.077793e+21 9.472811e+42
2.720000e-15 -3.479116e+21 1.210425e+43
2.725000e-15 -3.866340e+21 1.494858e+43
2.730000e-15 -4.238110e+21 1.796158e+43
2.735000e-15 -4.593134e+21 2.109688e+43
2.740000e-15 -4.930182e+21 2.430669e+43
2.745000e-15 -5.248094e+21 2.754249e+43
2.750000e-15 -5.545784e+21 3.075572e+43
2.755000e-15 -5.822242e+21 3.389851e+43
2.760000e-15 -6.076539e+21 3.692432e+43
2.765000e-15 -6.307826e+21 3.978867e+43
2.770000e-15 -6.515345e+21 4.244973e+43
2.775000e-15 -6.698424e+21 4.486888e+43
2.780000e-15 -6.856481e+21 4.701133e+43
2.785000e-15 -6.989028e+21 4.884651e+43
2.790000e-15 -7.095670e+21 5.034854e+43
2.795000e-15 -7.176109e+21 5.149654e+43
2.800000e-15 -7.230141e+21 5.227494e+43
2.805000e-15 -7.257660e+21 5.267363e+43
2.810000e-15 -7.258655e+21 5.268807e+43
2.815000e-15 -7.233212e+21 5.231936e+43
2.820000e-15 -7.181514e+21 5.157415e+43
2.825000e-15 -7.103837e+21 5.046450e+43
2.830000e-15 -7.000550e+21 4.900771e+43
2.835000e-15 -6.872117e+21 4.722599e+43
2.840000e-15 -6.719087e+21 4.514613e+43
2.845000e-15 -6.542101e+21 4.279909e+43
2.850000e-15 -6.341883e+21 4.021948e+43
2.855000e-15 -6.119240e+21 3.744509e+43
2.860000e-15 -5.875056e+21 3.451628e+43
2.865000e-15 -5.610292e+21 3.147538e+43
2.870000e-15 -5.325982e+21 2.836609e+43
2.875000e-15 -5.023226e+21 2.523280e+43
2.880000e-15 -4.703187e+21 2.211997e+43
2.885000e-15 -4.367090e+21 1.907147e+43
2.890000e-15 -4.016211e+21 1.612995e+43
2.895000e-15 -3.651879e+21 1.333622e+43
2.900000e-15 -3.275466e+21 1.072868e+43
2.905000e-15 -2.888383e+21 8.342758e+42
2.910000e-15 -2.492078e+21 6.210455e+42
2.915000e-15 -2.088026e+21 4.359855e+42
2.920000e-15 -1.677727e+21 2.814766e+42
2.925000e-15 -1.262696e+21 1.594400e+42
2.930000e-15 -8.444637e+20 7.131190e+41
2.935000e-15 -4.245671e+20 1.802572e+41
2.940000e-15 -4.543601e+18 2.064431e+37
2.945000e-15 4.140733e+20 1.714567e+41
2.950000e-15 8.297599e+20 6.885015e+41
2.955000e-15 1.241008e+21 1.540101e+42
2.960000e-15 1.646331e+21 2.710405e+42
2.965000e-15 2.044267e+21 4.179027e+42
2.970000e-15 2.433387e+21 5.921370e+42
2.975000e-15 2.812297e+21 7.909014e+42
2.980000e-15 3.179647e+21 1.011015e+43
2.985000e-15 3.534131e+21 1.249008e+43
2.990000e-15 3.874494e+21 1.501171e+43
2.995000e-15 4.199540e+21 1.763613e+43
3.000000e-15 4.508127e+21 2.032321e+43
3.005000e-15 4.799181e+21 2.303214e+43
3.010000e-15 5.071694e+21 2.572208e+43
3.015000e-15 5.324728e+21 2.835273e+43
3.020000e-15 5.557420e+21 3.088492e+43
3.025000e-15 5.768983e+21 3.328117e+43
3.030000e-15 5.958711e+21 3.550624e+43
3.035000e-15 6.125979e+21 3.752762e+43
3.040000e-15 6.270245e+21 3.931597e+43
3.045000e-15 6.391055e+21 4.084559e+43
3.050000e-15 6.488041e+21 4.209467e+43
3.055000e-15 6.560922e+21 4.304570e+43
3.060000e-15 6.609508e+21 4.368560e+43
3.065000e-15 6.633698e+21 4.400595e+43
3.070000e-15 6.633479e+21 4.400305e+43
3.075000e-15 6.608930e+21 4.367795e+43
3.080000e-15 6.560215e+21 4.303642e+43
3.085000e-15 6.487590e+21 4.208882e+43
3.090000e-15 6.391395e+21 4.084993e+43
3.095000e-15 6.272056e+21 3.933868e+43
3.100000e-15 6.130082e+21 3.757790e+43
3.105000e-15 5.966065e+21 3.559393e+43
3.110000e-15 5.780673e+21 3.341619e+43
3.115000e-15 5.574654e+21 3.107677e+43
3.120000e-15 5.348826e+21 2.860994e+43
3.125000e-15 5.104079e+21 2.605162e+43
3.130000e-15 4.841368e+21 2.343884e+43
3.135000e-15 4.561712e+21 2.080922e+43
3.140000e-15 4.266191e+21 1.820038e+43
3.145000e-15 3.955935e+21 1.564942e+43
3.150000e-15 3.632129e+21 1.319236e+43
3.155000e-15 3.296003e+21 1.086364e+43
3.160000e-15 2.948827e+21 8.695583e+42
3.165000e-15 2.591910e+21 6.717999e+42
3.170000e-15 2.226592e+21 4.957710e+42
3.175000e-15 1.854238e+21 3.438198e+42
3.180000e-15 1.476237e+21 2.179276e+42
3.185000e-15 1.093995e+21 1.196825e+42
3.190000e-15 7.089270e+20 5.025775e+41
3.195000e-15 3.224564e+20 1.039781e+41
3.200000e-15 -6.399351e+19 4.095170e+39
3.205000e-15 -4.490033e+20 2.016040e+41
3.210000e-15 -8.311633e+20 6.908323e+41
3.215000e-15 -1.209078e+21 1.461869e+42
3.220000e-15 -1.581372e+21 2.500737e+42
3.225000e-15 -1.946694e+21 3.789617e+42
3.230000e-15 -2.303722e+21 5.307137e+42
3.235000e-15 -2.651171e+21 7.028705e+42
3.240000e-15 -2.987790e+21 8.926888e+42
3.245000e-15 -3.312376e+21 1.097183e+43
3.250000e-15 -3.623770e+21 1.313171e+43
3.255000e-15 -3.920869e+21 1.537321e+43
3.260000e-15 -4.202621e+21 1.766202e+43
3.265000e-15 -4.468037e+21 1.996335e+43
3.270000e-15 -4.716189e+21 2.224244e+43
3.275000e-15 -4.946216e+21 2.446505e+43
3.280000e-15 -5.157325e+21 2.659800e+43
3.285000e-15 -5.348796e+21 2.860962e+43
3.290000e-15 -5.519983e+21 3.047021e+43
3.295000e-15 -5.670316e+21 3.215248e+43
3.300000e-15 -5.799302e+21 3.363191e+43
3.305000e-15 -5.906531e+21 3.488711e+43
3.310000e-15 -5.991672e+21 3.590013e+43
3.315000e-15 -6.054476e+21 3.665668e+43
3.320000e-15 -6.094778e+21 3.714631e+43
3.325000e-15 -6.112494e+21 3.736259e+43
3.330000e-15 -6.107627e+21 3.730311e+43
3.335000e-15 -6.080260e+21 3.696956e+43
3.340000e-15 -6.030559e+21 3.636764e+43
3.345000e-15 -5.958773e+21 3.550697e+43
3.350000e-15 -5.865230e+21 3.440092e+43
3.355000e-15 -5.750337e+21 3.306638e+43
3.360000e-15 -5.614581e+21 3.152352e+43
3.365000e-15 -5.458521e+21 2.979545e+43
3.370000e-15 -5.282792e+21 2.790789e+43
3.375000e-15 -5.088097e+21 2.588873e+43
3.380000e-15 -4.875208e+21 2.376766e+43
3.385000e-15 -4.644964e+21 2.157569e+43
3.390000e-15 -4.398261e+21 1.934470e+43
3.395000e-15 -4.136056e+21 1.710696e+43
3.400000e-15 -3.859361e+21 1.489467e+43
3.405000e-15 -3.569237e+21 1.273945e+43
3.410000e-15 -3.266792e+21 1.067193e+43
3.415000e-15 -2.953176e+21 8.721247e+42
3.420000e-15 -2.629577e+21 6.914674e+42
3.425000e-15 -2.297217e+21 5.277204e+42
3.430000e-15 -1.957346e+21 3.831202e+42
3.435000e-15 -1.611239e+21 2.596091e+42
3.440000e-15 -1.260191e+21 1.588080e+42
3.445000e-15 -9.055093e+20 8.199470e+41
3.450000e-15 -5.485136e+20 3.008672e+41
3.455000e-15 -1.905270e+20 3.630056e+40
3.460000e-15 1.671269e+20 2.793139e+40
3.465000e-15 5.231295e+20 2.736645e+41
3.470000e-15 8.761721e+20 7.676775e+41
3.475000e-15 1.224960e+21 1.500527e+42
3.480000e-15 1.568218e+21 2.459308e+42
3.485000e-15 1.904695e+21 3.627864e+42
3.490000e-15 2.233169e+21 4.987042e+42
3.495000e-15 2.552448e+21 6.514990e+42
3.500000e-15 2.861380e+21 8.187496e+42
3.505000e-15 3.158854e+21 9.978358e+42
3.510000e-15 3.443803e+21 1.185978e+43
3.515000e-15 3.715210e+21 1.380278e+43
3.520000e-15 3.972110e+21 1.577766e+43
3.525000e-15 4.213596e+21 1.775439e+43
3.530000e-15 4.438817e+21 1.970310e+43
3.535000e-15 4.646988e+21 2.159449e+43
3.540000e-15 4.837386e+21 2.340030e+43
3.545000e-15 5.009357e+21 2.509366e+43
3.550000e-15 5.162317e+21 2.664951e+43
3.555000e-15 5.295753e+21 2.804500e+43
3.560000e-15 5.409225e+21 2.925972e+43
3.565000e-15 5.502370e+21 3.027608e+43
3.570000e-15 5.574899e+21 3.107950e+43
3.575000e-15 5.626601e+21 3.165864e+43
3.580000e-15 5.657340e+21 3.200550e+43
3.585000e-15 5.667062e+21 3.211559e+43
3.590000e-15 5.655786e+21 3.198792e+43
3.595000e-15 5.623614e+21 3.162503e+43
3.600000e-15 5.570719e+21 3.103291e+43
3.605000e-15 5.497354e+21 3.022090e+43
3.610000e-15 5.403846e+21 2.920155e+43
3.615000e-15 5.290595e+21 2.799039e+43
3.620000e-15 5.158073e+21 2.660572e+43
3.625000e-15 5.006823e+21 2.506827e+43
3.630000e-15 4.837454e+21 2.340096e+43
3.635000e-15 4.650642e+21 2.162847e+43
3.640000e-15 4.447125e+21 1.977692e+43
3.645000e-15 4.227700e+21 1.787344e+43
3.650000e-15 3.993222e+21 1.594582e+43
3.655000e-15 3.744598e+21 1.402202e+43
3.660000e-15 3.482787e+21 1.212981e+43
3.665000e-15 3.208793e+21 1.029635e+43
3.670000e-15 2.923661e+21 8.547795e+42
3.675000e-15 2.628477e+21 6.908892e+42
3.680000e-15 2.324360e+21 5.402650e+42
3.685000e-15 2.012459e+21 4.049992e+42
3.690000e-15 1.693950e+21 2.869466e+42
3.695000e-15 1.370028e+21 1.876977e+42
3.700000e-15 1.041908e+21 1.085572e+42
3.705000e-15 7.108144e+20 5.052571e+41
3.710000e-15 3.779819e+20 1.428703e+41
3.715000e-15 4.464707e+19 1.993361e+39
3.720000e-15 -2.879545e+20 8.291779e+40
3.725000e-15 -6.185931e+20 3.826574e+41
3.730000e-15 -9.460494e+20 8.950095e+41
3.735000e-15 -1.269119e+21 1.610663e+42
3.740000e-15 -1.586617e+21 2.517354e+42
3.745000e-15 -1.897382e+21 3.600059e+42
3.750000e-15 -2.200280e+21 4.841234e+42
3.755000e-15 -2.494210e+21 6.221086e+42
3.760000e-15 -2.778107e+21 7.717878e+42
3.765000e-15 -3.050944e+21 9.308258e+42
3.770000e-15 -3.311739e+21 1.096762e+43
3.775000e-15 -3.559558e+21 1.267045e+43
3.780000e-15 -3.793516e+21 1.439076e+43
3.785000e-15 -4.012781e+21 1.610241e+43
3.790000e-15 -4.216579e+21 1.777954e+43
3.795000e-15 -4.404194e+21 1.939693e+43
3.800000e-15 -4.574974e+21 2.093039e+43
3.805000e-15 -4.728328e+21 2.235708e+43
3.810000e-15 -4.863732e+21 2.365589e+43
3.815000e-15 -4.980732e+21 2.480769e+43
3.820000e-15 -5.078939e+21 2.579562e+43
3.825000e-15 -5.158039e+21 2.660536e+43
3.830000e-15 -5.217786e+21 2.722530e+43
3.835000e-15 -5.258010e+21 2.764667e+43
3.840000e-15 -5.278610e+21 2.786372e+43
3.845000e-15 -5.279560e+21 2.787375e+43
3.850000e-15 -5.260906e+21 2.767714e+43
3.855000e-15 -5.222769e+21 2.727731e+43
3.860000e-15 -5.165338e+21 2.668071e+43
3.865000e-15 -5.088875e+21 2.589665e+43
3.870000e-15 -4.993713e+21 2.493717e+43
3.875000e-15 -4.880252e+21 2.381686e+43
3.880000e-15 -4.748959e+21 2.255261e+43
3.885000e-15 -4.600367e+21 2.116337e+43
3.890000e-15 -4.435069e+21 1.966984e+43
3.895000e-15 -4.253723e+21 1.809416e+43
3.900000e-15 -4.057040e+21 1.645957e+43
3.905000e-15 -3.845790e+21 1.479010e+43
3.910000e-15 -3.620793e+21 1.311014e+43
3.915000e-15 -3.382919e+21 1.144414e+43
3.920000e-15 -3.133083e+21 9.816212e+42
3.925000e-15 -2.872243e+21 8.249780e+42
3.930000e-15 -2.601394e+21 6.767250e+42
3.935000e-15 -2.321567e+21 5.389671e+42
3.940000e-15 -2.033822e+21 4.136434e+42
3.945000e-15 -1.739250e+21 3.024990e+42
3.950000e-15 -1.438959e+21 2.070604e+42
3.955000e-15 -1.134081e+21 1.286139e+42
3.960000e-15 -8.257573e+20 6.818751e+41
3.965000e-15 -5.151430e+20 2.653723e+41
3.970000e-15 -2.033972e+20 4.137043e+40
3.975000e-15 1.083192e+20 1.173305e+40
3.980000e-15 4.188483e+20 1.754339e+41
3.985000e-15 7.270393e+20 5.285862e+41
3.990000e-15 1.031753e+21 1.064514e+42
3.995000e-15 1.331865e+21 1.773866e+42
4.000000e-15 1.626273e+21 2.644764e+42
4.005000e-15 1.913895e+21 3.662995e+42
4.010000e-15 2.193680e+21 4.812233e+42
4.015000e-15 2.464607e+21 6.074287e+42
4.020000e-15 2.725690e+21 7.429386e+42
4.025000e-15 2.975983e+21 8.856475e+42
4.030000e-15 3.214582e+21 1.033353e+43
4.035000e-15 3.440627e+21 1.183792e+43
4.040000e-15 3.653310e+21 1.334668e+43
4.045000e-15 3.851872e+21 1.483692e+43
4.050000e-15 4.035608e+21 1.628613e+43
4.055000e-15 4.203871e+21 1.767253e+43
4.060000e-15 4.356073e+21 1.897537e+43
4.065000e-15 4.491686e+21 2.017525e+43
4.070000e-15 4.610247e+21 2.125437e+43
4.075000e-15 4.711354e+21 2.219686e+43
4.080000e-15 4.794674e+21 2.298890e+43
4.085000e-15 4.859939e+21 2.361900e+43
4.090000e-15 4.906950e+21 2.407815e+43
4.095000e-15 4.935575e+21 2.435990e+43
4.100000e-15 4.945752e+21 2.446046e+43
4.105000e-15 4.937487e+21 2.437878e+43
4.110000e-15 4.910855e+21 2.411649e+43
4.115000e-15 4.865998e+21 2.367793e+43
4.120000e-15 4.803126e+21 2.307002e+43
4.125000e-15 4.722516e+21 2.230216e+43
4.130000e-15 4.624511e+21 2.138610e+43
4.135000e-15 4.509516e+21 2.033573e+43
4.140000e-15 4.377998e+21 1.916687e+43
4.145000e-15 4.230488e+21 1.789703e+43
4.150000e-15 4.067571e+21 1.654513e+43
4.155000e-15 3.889890e+21 1.513125e+43
4.160000e-15 3.698142e+21 1.367626e+43
4.165000e-15 3.493073e+21 1.220156e+43
4.170000e-15 3.275479e+21 1.072876e+43
4.175000e-15 3.046198e+21 9.279321e+42
4.180000e-15 2.806112e+21 7.874263e+42
4.185000e-15 2.556140e+21 6.533852e+42
4.190000e-15 2.297237e+21 5.277296e+42
4.195000e-15 2.030386e+21 4.122469e+42
4.200000e-15 1.756602e+21 3.085651e+42
4.205000e-15 1.476919e+21 2.181291e+42
4.210000e-15 1.192394e+21 1.421804e+42
4.215000e-15 9.040974e+20 8.173921e+41
4.220000e-15 6.131120e+20 3.759064e+41
4.225000e-15 3.205284e+20 1.027384e+41
4.230000e-15 2.744034e+19 7.529721e+38
4.235000e-15 -2.650588e+20 7.025616e+40
4.240000e-15 -5.558804e+20 3.090030e+41
4.245000e-15 -8.439444e+20 7.122422e+41
4.250000e-15 -1.128184e+21 1.272799e+42
4.255000e-15 -1.407548e+21 1.981190e+42
4.260000e-15 -1.681006e+21 2.825781e+42
4.265000e-15 -1.947553e+21 3.792963e+42
4.270000e-15 -2.206211e+21 4.867366e+42
4.275000e-15 -2.456033e+21 6.032099e+42
4.280000e-15 -2.696109e+21 7.269003e+42
4.285000e-15 -2.925565e+21 8.558931e+42
4.290000e-15 -3.143570e+21 9.882033e+42
4.295000e-15 -3.349337e+21 1.121806e+43
4.300000e-15 -3.542127e+21 1.254666e+43
4.305000e-15 -3.721250e+21 1.384770e+43
4.310000e-15 -3.886068e+21 1.510153e+43
4.315000e-15 -4.036001e+21 1.628930e+43
4.320000e-15 -4.170521e+21 1.739324e+43
4.325000e-15 -4.289162e+21 1.839691e+43
4.330000e-15 -4.391517e+21 1.928542e+43
4.335000e-15 -4.477241e+21 2.004569e+43
4.340000e-15 -4.546051e+21 2.066658e+43
4.345000e-15 -4.597729e+21 2.113912e+43
4.350000e-15 -4.632121e+21 2.145655e+43
4.355000e-15 -4.649136e+21 2.161447e+43
4.360000e-15 -4.648751e+21 2.161088e+43
4.365000e-15 -4.631004e+21 2.144620e+43
4.370000e-15 -4.596002e+21 2.112324e+43
4.375000e-15 -4.543914e+21 2.064715e+43
4.380000e-15 -4.474972e+21 2.002537e+43
4.385000e-15 -4.389470e+21 1.926745e+43
4.390000e-15 -4.287765e+21 1.838493e+43
4.395000e-15 -4.170272e+21 1.739117e+43
4.400000e-15 -4.037466e+21 1.630113e+43
4.405000e-15 -3.889875e+21 1.513112e+43
4.410000e-15 -3.728083e+21 1.389860e+43
4.415000e-15 -3.552726e+21 1.262186e+43
4.420000e-15 -3.364489e+21 1.131979e+43
4.425000e-15 -3.164103e+21 1.001155e+43
4.430000e-15 -2.952343e+21 8.716329e+42
4.435000e-15 -2.730025e+21 7.453035e+42
4.440000e-15 -2.498002e+21 6.240013e+42
4.445000e-15 -2.257162e+21 5.094782e+42
4.450000e-15 -2.008425e+21 4.033771e+42
4.455000e-15 -1.752736e+21 3.072085e+42
4.460000e-15 -1.491067e+21 2.223280e+42
4.465000e-15 -1.224407e+21 1.499172e+42
4.470000e-15 -9.537637e+20 9.096652e+41
4.475000e-15 -6.801573e+20 4.626140e+41
4.480000e-15 -4.046164e+20 1.637144e+41
4.485000e-15 -1.281748e+20 1.642877e+40
4.490000e-15 1.481326e+20 2.194325e+40
4.495000e-15 4.232733e+20 1.791603e+41
4.500000e-15 6.962217e+20 4.847246e+41
4.505000e-15 9.659623e+20 9.330832e+41
4.510000e-15 1.231494e+21 1.516577e+42
4.515000e-15 1.491833e+21 2.225566e+42
4.520000e-15 1.746018e+21 3.048578e+42
4.525000e-15 1.993111e+21 3.972492e+42
4.530000e-15 2.232205e+21 4.982737e+42
4.535000e-15 2.462421e+21 6.063519e+42
4.540000e-15 2.682920e+21 7.198060e+42
4.545000e-15 2.892897e+21 8.368852e+42
4.550000e-15 3.091589e+21 9.557922e+42
4.555000e-15 3.278278e+21 1.074711e+43
4.560000e-15 3.452291e+21 1.191831e+43
4.565000e-15 3.613004e+21 1.305380e+43
4.570000e-15 3.759846e+21 1.413644e+43
4.575000e-15 3.892295e+21 1.514996e+43
4.580000e-15 4.009888e+21 1.607920e+43
4.585000e-15 4.112216e+21 1.691032e+43
4.590000e-15 4.198928e+21 1.763100e+43
4.595000e-15 4.269734e+21 1.823063e+43
4.600000e-15 4.324402e+21 1.870045e+43
4.605000e-15 4.362762e+21 1.903369e+43
4.610000e-15 4.384705e+21 1.922564e+43
4.615000e-15 4.390183e+21 1.927371e+43
4.620000e-15 4.379211e+21 1.917749e+43
4.625000e-15 4.351865e+21 1.893873e+43
4.630000e-15 4.308281e+21 1.856128e+43
4.635000e-15 4.248656e+21 1.805108e+43
4.640000e-15 4.173248e+21 1.741600e+43
4.645000e-15 4.082372e+21 1.666576e+43
4.650000e-15 3.976400e+21 1.581176e+43
4.655000e-15 3.855761e+21 1.486689e+43
4.660000e-15 3.720937e+21 1.384537e+43
4.665000e-15 3.572462e+21 1.276249e+43
4.670000e-15 3.410922e+21 1.163439e+43
4.675000e-15 3.236947e+21 1.047782e+43
4.680000e-15 3.051215e+21 9.309914e+42
4.685000e-15 2.854447e+21 8.147867e+42
4.690000e-15 2.647401e+21 7.008734e+42
4.695000e-15 2.430875e+21 5.909155e+42
4.700000e-15 2.205700e+21 4.865111e+42
4.705000e-15 1.972735e+21 3.891684e+42
4.710000e-15 1.732871e+21 3.002842e+42
4.715000e-15 1.487019e+21 2.211226e+42
4.720000e-15 1.236114e+21 1.527977e+42
4.725000e-15 9.811043e+20 9.625657e+41
4.730000e-15 7.229549e+20 5.226639e+41
4.735000e-15 4.626391e+20 2.140349e+41
4.740000e-15 2.011364e+20 4.045585e+40
4.745000e-15 -6.057090e+19 3.668834e+39
4.750000e-15 -3.215019e+20 1.033635e+41
4.755000e-15 -5.806805e+20 3.371898e+41
4.760000e-15 -8.371392e+20 7.008020e+41
4.765000e-15 -1.089922e+21 1.187931e+42
4.770000e-15 -1.338091e+21 1.790487e+42
4.775000e-15 -1.580723e+21 2.498686e+42
4.780000e-15 -1.816922e+21 3.301205e+42
4.785000e-15 -2.045815e+21 4.185359e+42
4.790000e-15 -2.266559e+21 5.137291e+42
4.795000e-15 -2.478344e+21 6.142188e+42
4.800000e-15 -2.680393e+21 7.184508e+42
4.805000e-15 -2.871970e+21 8.248211e+42
4.810000e-15 -3.052377e+21 9.317005e+42
4.815000e-15 -3.220961e+21 1.037459e+43
4.820000e-15 -3.377113e+21 1.140489e+43
4.825000e-15 -3.520273e+21 1.239232e+43
4.830000e-15 -3.649932e+21 1.332200e+43
4.835000e-15 -3.765629e+21 1.417996e+43
4.840000e-15 -3.866960e+21 1.495338e+43
4.845000e-15 -3.953574e+21 1.563074e+43
4.850000e-15 -4.025174e+21 1.620203e+43
4.855000e-15 -4.081524e+21 1.665884e+43
4.860000e-15 -4.122442e+21 1.699453e+43
4.865000e-15 -4.147806e+21 1.720430e+43
4.870000e-15 -4.157552e+21 1.728524e+43
4.875000e-15 -4.151675e+21 1.723641e+43
4.880000e-15 -4.130228e+21 1.705879e+43
4.885000e-15 -4.093324e+21 1.675530e+43
4.890000e-15 -4.041130e+21 1.633073e+43
4.895000e-15 -3.973874e+21 1.579168e+43
4.900000e-15 -3.891839e+21 1.514641e+43
4.905000e-15 -3.795360e+21 1.440476e+43
4.910000e-15 -3.684830e+21 1.357797e+43
4.915000e-15 -3.560691e+21 1.267852e+43
4.920000e-15 -3.423436e+21 1.171991e+43
4.925000e-15 -3.273605e+21 1.071649e+43
4.930000e-15 -3.111787e+21 9.683220e+42
4.935000e-15 -2.938613e+21 8.635444e+42
4.940000e-15 -2.754754e+21 7.588667e+42
4.945000e-15 -2.560922e+21 6.558320e+42
4.950000e-15 -2.357864e+21 5.559522e+42
4.955000e-15 -2.146361e+21 4.606865e+42
4.960000e-15 -1.927223e+21 3.714189e+42
4.965000e-15 -1.701288e+21 2.894382e+42
4.970000e-15 -1.469418e+21 2.159190e+42
4.975000e-15 -1.232495e+21 1.519043e+42
4.980000e-15 -9.914172e+20 9.829080e+41
4.985000e-15 -7.470991e+20 5.581570e+41
4.990000e-15 -5.004640e+20 2.504642e+41
4.995000e-15 -2.524426e+20 6.372726e+40
5.000000e-15 -3.968807e+18 1.575143e+37
