0.000000e+00 nan nan
5.000000e-18 8.420124e+06 7.089848e+13
1.000000e-17 2.154595e+09 4.642279e+18
1.500000e-17 5.517906e+10 3.044728e+21
2.000000e-17 5.505974e+11 3.031575e+23
2.500000e-17 3.277447e+12 1.074166e+25
3.000000e-17 1.406949e+13 1.979505e+26
3.500000e-17 4.819662e+13 2.322914e+27
4.000000e-17 1.399546e+14 1.958730e+28
4.500000e-17 3.581902e+14 1.283002e+29
5.000000e-17 8.297569e+14 6.884966e+29
5.500000e-17 1.773130e+15 3.143989e+30
6.000000e-17 3.544606e+15 1.256423e+31
6.500000e-17 6.699686e+15 4.488579e+31
7.000000e-17 1.207236e+16 1.457418e+32
7.500000e-17 2.087509e+16 4.357693e+32
8.000000e-17 3.482241e+16 1.212600e+33
8.500000e-17 5.628091e+16 3.167541e+33
9.000000e-17 8.844850e+16 7.823136e+33
9.500000e-17 1.355656e+17 1.837803e+34
1.000000e-16 2.031610e+17 4.127441e+34
1.050000e-16 2.983347e+17 8.900362e+34
1.100000e-16 4.300797e+17 1.849685e+35
1.150000e-16 6.096449e+17 3.716669e+35
1.200000e-16 8.509410e+17 7.241006e+35
1.250000e-16 1.170990e+18 1.371217e+36
1.300000e-16 1.590418e+18 2.529430e+36
1.350000e-16 2.133997e+18 4.553942e+36
1.400000e-16 2.831225e+18 8.015835e+36
1.450000e-16 3.716958e+18 1.381578e+37
1.500000e-16 4.832078e+18 2.334898e+37
1.550000e-16 6.224207e+18 3.874076e+37
1.600000e-16 7.948459e+18 6.317799e+37
1.650000e-16 1.006822e+19 1.013691e+38
1.700000e-16 1.265599e+19 1.601741e+38
1.750000e-16 1.579419e+19 2.494565e+38
1.800000e-16 1.957608e+19 3.832229e+38
1.850000e-16 2.410661e+19 5.811289e+38
1.900000e-16 2.950336e+19 8.704480e+38
1.950000e-16 3.589738e+19 1.288622e+39
2.000000e-16 4.343420e+19 1.886529e+39
2.050000e-16 5.227460e+19 2.732634e+39
2.100000e-16 6.259559e+19 3.918208e+39
2.150000e-16 7.459123e+19 5.563851e+39
2.200000e-16 8.847340e+19 7.827542e+39
2.250000e-16 1.044726e+20 1.091453e+40
2.300000e-16 1.228388e+20 1.508938e+40
2.350000e-16 1.438418e+20 2.069047e+40
2.400000e-16 1.677721e+20 2.814747e+40
2.450000e-16 1.949411e+20 3.800204e+40
2.500000e-16 2.256819e+20 5.093233e+40
2.550000e-16 2.603492e+20 6.778172e+40
2.600000e-16 2.993197e+20 8.959228e+40
2.650000e-16 3.429920e+20 1.176435e+41
2.700000e-16 3.917867e+20 1.534968e+41
2.750000e-16 4.461459e+20 1.990462e+41
2.800000e-16 5.065333e+20 2.565760e+41
2.850000e-16 5.734332e+20 3.288256e+41
2.900000e-16 6.473497e+20 4.190616e+41
2.950000e-16 7.288065e+20 5.311589e+41
3.000000e-16 8.183450e+20 6.696885e+41
3.050000e-16 9.165237e+20 8.400157e+41
3.100000e-16 1.023916e+21 1.048405e+42
3.150000e-16 1.141111e+21 1.302134e+42
3.200000e-16 1.268706e+21 1.609615e+42
3.250000e-16 1.407312e+21 1.980526e+42
3.300000e-16 1.557545e+21 2.425945e+42
3.350000e-16 1.720027e+21 2.958495e+42
3.400000e-16 1.895385e+21 3.592484e+42
3.450000e-16 2.084242e+21 4.344064e+42
3.500000e-16 2.287219e+21 5.231373e+42
3.550000e-16 2.504933e+21 6.274692e+42
3.600000e-16 2.737989e+21 7.496585e+42
3.650000e-16 2.986979e+21 8.922046e+42
3.700000e-16 3.252480e+21 1.057862e+43
3.750000e-16 3.535045e+21 1.249654e+43
3.800000e-16 3.835207e+21 1.470881e+43
3.850000e-16 4.153467e+21 1.725129e+43
3.900000e-16 4.490296e+21 2.016276e+43
3.950000e-16 4.846127e+21 2.348494e+43
4.000000e-16 5.221352e+21 2.726252e+43
4.050000e-16 5.616320e+21 3.154305e+43
4.100000e-16 6.031328e+21 3.637692e+43
4.150000e-16 6.466622e+21 4.181720e+43
4.200000e-16 6.922389e+21 4.791946e+43
4.250000e-16 7.398754e+21 5.474156e+43
4.300000e-16 7.895778e+21 6.234332e+43
4.350000e-16 8.413451e+21 7.078617e+43
4.400000e-16 8.951690e+21 8.013276e+43
4.450000e-16 9.510334e+21 9.044646e+43
4.500000e-16 1.008914e+22 1.017908e+44
4.550000e-16 1.068779e+22 1.142289e+44
4.600000e-16 1.130587e+22 1.278227e+44
4.650000e-16 1.194288e+22 1.426323e+44
4.700000e-16 1.259822e+22 1.587152e+44
4.750000e-16 1.327122e+22 1.761252e+44
4.800000e-16 1.396108e+22 1.949118e+44
4.850000e-16 1.466693e+22 2.151190e+44
4.900000e-16 1.538780e+22 2.367844e+44
4.950000e-16 1.612261e+22 2.599384e+44
5.000000e-16 1.687017e+22 2.846027e+44
5.050000e-16 1.762923e+22 3.107897e+44
5.100000e-16 1.839841e+22 3.385013e+44
5.150000e-16 1.917623e+22 3.677279e+44
5.200000e-16 1.996115e+22 3.984473e+44
5.250000e-16 2.075149e+22 4.306244e+44
5.300000e-16 2.154552e+22 4.642095e+44
5.350000e-16 2.234140e+22 4.991382e+44
5.400000e-16 2.313721e+22 5.353307e+44
5.450000e-16 2.393096e+22 5.726910e+44
5.500000e-16 2.472058e+22 6.111069e+44
5.550000e-16 2.550391e+22 6.504493e+44
5.600000e-16 2.627876e+22 6.905730e+44
5.650000e-16 2.704285e+22 7.313159e+44
5.700000e-16 2.779388e+22 7.725000e+44
5.750000e-16 2.852949e+22 8.139317e+44
5.800000e-16 2.924727e+22 8.554026e+44
5.850000e-16 2.994479e+22 8.966907e+44
5.900000e-16 3.061962e+22 9.375611e+44
5.950000e-16 3.126928e+22 9.777681e+44
6.000000e-16 3.189132e+22 1.017056e+45
6.050000e-16 3.248328e+22 1.055163e+45
6.100000e-16 3.304270e+22 1.091820e+45
6.150000e-16 3.356718e+22 1.126755e+45
6.200000e-16 3.405432e+22 1.159697e+45
6.250000e-16 3.450179e+22 1.190374e+45
6.300000e-16 3.490731e+22 1.218520e+45
6.350000e-16 3.526865e+22 1.243878e+45
6.400000e-16 3.558367e+22 1.266198e+45
6.450000e-16 3.585031e+22 1.285245e+45
6.500000e-16 3.606661e+22 1.300801e+45
6.550000e-16 3.623072e+22 1.312665e+45
6.600000e-16 3.634089e+22 1.320660e+45
6.650000e-16 3.639550e+22 1.324632e+45
6.700000e-16 3.639308e+22 1.324456e+45
6.750000e-16 3.633228e+22 1.320035e+45
6.800000e-16 3.621194e+22 1.311304e+45
6.850000e-16 3.603101e+22 1.298234e+45
6.900000e-16 3.578865e+22 1.280828e+45
6.950000e-16 3.548418e+22 1.259127e+45
7.000000e-16 3.511711e+22 1.233211e+45
7.050000e-16 3.468712e+22 1.203196e+45
7.100000e-16 3.419411e+22 1.169237e+45
7.150000e-16 3.363816e+22 1.131526e+45
7.200000e-16 3.301958e+22 1.090292e+45
7.250000e-16 3.233885e+22 1.045801e+45
7.300000e-16 3.159668e+22 9.983504e+44
7.350000e-16 3.079401e+22 9.482711e+44
7.400000e-16 2.993196e+22 8.959224e+44
7.450000e-16 2.901189e+22 8.416896e+44
7.500000e-16 2.803535e+22 7.859807e+44
7.550000e-16 2.700411e+22 7.292220e+44
7.600000e-16 2.592016e+22 6.718549e+44
7.650000e-16 2.478569e+22 6.143304e+44
7.700000e-16 2.360308e+22 5.571052e+44
7.750000e-16 2.237491e+22 5.006365e+44
7.800000e-16 2.110396e+22 4.453771e+44
7.850000e-16 1.979318e+22 3.917701e+44
7.900000e-16 1.844572e+22 3.402445e+44
7.950000e-16 1.706486e+22 2.912094e+44
8.000000e-16 1.565406e+22 2.450497e+44
8.050000e-16 1.421693e+22 2.021212e+44
8.100000e-16 1.275721e+22 1.627465e+44
8.150000e-16 1.127876e+22 1.272105e+44
8.200000e-16 9.785559e+21 9.575716e+43
8.250000e-16 8.281676e+21 6.858616e+43
8.300000e-16 6.771274e+21 4.585016e+43
8.350000e-16 5.258583e+21 2.765270e+43
8.400000e-16 3.747889e+21 1.404667e+43
8.450000e-16 2.243517e+21 5.033369e+42
8.500000e-16 7.498201e+20 5.622301e+41
8.550000e-16 -7.288421e+20 5.312108e+41
8.600000e-16 -2.188116e+21 4.787853e+42
8.650000e-16 -3.623674e+21 1.313101e+43
8.700000e-16 -5.031225e+21 2.531322e+43
8.750000e-16 -6.406538e+21 4.104373e+43
8.800000e-16 -7.745456e+21 5.999208e+43
8.850000e-16 -9.043909e+21 8.179228e+43
8.900000e-16 -1.029794e+22 1.060475e+44
8.950000e-16 -1.150370e+22 1.323351e+44
9.000000e-16 -1.265750e+22 1.602122e+44
9.050000e-16 -1.375578e+22 1.892215e+44
9.100000e-16 -1.479518e+22 2.188974e+44
9.150000e-16 -1.577250e+22 2.487717e+44
9.200000e-16 -1.668474e+22 2.783804e+44
9.250000e-16 -1.752911e+22 3.072698e+44
9.300000e-16 -1.830306e+22 3.350021e+44
9.350000e-16 -1.900426e+22 3.611620e+44
9.400000e-16 -1.963063e+22 3.853617e+44
9.450000e-16 -2.018034e+22 4.072462e+44
9.500000e-16 -2.065184e+22 4.264984e+44
9.550000e-16 -2.104383e+22 4.428429e+44
9.600000e-16 -2.135532e+22 4.560497e+44
9.650000e-16 -2.158558e+22 4.659372e+44
9.700000e-16 -2.173418e+22 4.723746e+44
9.750000e-16 -2.180099e+22 4.752833e+44
9.800000e-16 -2.178618e+22 4.746375e+44
9.850000e-16 -2.169020e+22 4.704646e+44
9.900000e-16 -2.151381e+22 4.628439e+44
9.950000e-16 -2.125807e+22 4.519054e+44
1.000000e-15 -2.092433e+22 4.378275e+44
1.005000e-15 -2.051423e+22 4.208337e+44
1.010000e-15 -2.002970e+22 4.011891e+44
1.015000e-15 -1.947296e+22 3.791960e+44
1.020000e-15 -1.884646e+22 3.551892e+44
1.025000e-15 -1.815297e+22 3.295305e+44
1.030000e-15 -1.739548e+22 3.026028e+44
1.035000e-15 -1.657723e+22 2.748046e+44
1.040000e-15 -1.570169e+22 2.465430e+44
1.045000e-15 -1.477255e+22 2.182281e+44
1.050000e-15 -1.379370e+22 1.902662e+44
1.055000e-15 -1.276923e+22 1.630532e+44
1.060000e-15 -1.170339e+22 1.369694e+44
1.065000e-15 -1.060060e+22 1.123727e+44
1.070000e-15 -9.465407e+21 8.959393e+43
1.075000e-15 -8.302483e+21 6.893123e+43
1.080000e-15 -7.116606e+21 5.064608e+43
1.085000e-15 -5.912633e+21 3.495922e+43
1.090000e-15 -4.695485e+21 2.204758e+43
1.095000e-15 -3.470130e+21 1.204180e+43
1.100000e-15 -2.241554e+21 5.024564e+42
1.105000e-15 -1.014749e+21 1.029716e+42
1.110000e-15 2.053117e+20 4.215288e+40
1.115000e-15 1.413694e+21 1.998530e+42
1.120000e-15 2.605522e+21 6.788743e+42
1.125000e-15 3.775999e+21 1.425817e+43
1.130000e-15 4.920430e+21 2.421063e+43
1.135000e-15 6.034236e+21 3.641201e+43
1.140000e-15 7.112979e+21 5.059447e+43
1.145000e-15 8.152376e+21 6.646123e+43
1.150000e-15 9.148320e+21 8.369177e+43
1.155000e-15 1.009690e+22 1.019474e+44
1.160000e-15 1.099441e+22 1.208769e+44
1.165000e-15 1.183736e+22 1.401231e+44
1.170000e-15 1.262252e+22 1.593281e+44
1.175000e-15 1.334691e+22 1.781400e+44
1.180000e-15 1.400779e+22 1.962183e+44
1.185000e-15 1.460274e+22 2.132399e+44
1.190000e-15 1.512958e+22 2.289042e+44
1.195000e-15 1.558647e+22 2.429381e+44
1.200000e-15 1.597186e+22 2.551002e+44
1.205000e-15 1.628449e+22 2.651847e+44
1.210000e-15 1.652346e+22 2.730246e+44
1.215000e-15 1.668814e+22 2.784942e+44
1.220000e-15 1.677828e+22 2.815106e+44
1.225000e-15 1.679390e+22 2.820350e+44
1.230000e-15 1.673537e+22 2.800726e+44
1.235000e-15 1.660338e+22 2.756724e+44
1.240000e-15 1.639895e+22 2.689254e+44
1.245000e-15 1.612337e+22 2.599631e+44
1.250000e-15 1.577829e+22 2.489544e+44
1.255000e-15 1.536562e+22 2.361023e+44
1.260000e-15 1.488759e+22 2.216402e+44
1.265000e-15 1.434668e+22 2.058271e+44
1.270000e-15 1.374566e+22 1.889431e+44
1.275000e-15 1.308755e+22 1.712839e+44
1.280000e-15 1.237561e+22 1.531557e+44
1.285000e-15 1.161334e+22 1.348696e+44
1.290000e-15 1.080442e+22 1.167355e+44
1.295000e-15 9.952763e+21 9.905750e+43
1.300000e-15 9.062431e+21 8.212766e+43
1.305000e-15 8.137654e+21 6.622141e+43
1.310000e-15 7.182798e+21 5.159259e+43
1.315000e-15 6.202348e+21 3.846912e+43
1.320000e-15 5.200887e+21 2.704923e+43
1.325000e-15 4.183075e+21 1.749812e+43
1.330000e-15 3.153627e+21 9.945363e+42
1.335000e-15 2.117292e+21 4.482927e+42
1.340000e-15 1.078833e+21 1.163881e+42
1.345000e-15 4.300207e+19 1.849178e+39
1.350000e-15 -9.854797e+20 9.711703e+41
1.355000e-15 -2.001943e+21 4.007776e+42
1.360000e-15 -3.001792e+21 9.010758e+42
1.365000e-15 -3.980527e+21 1.584460e+43
1.370000e-15 -4.933762e+21 2.434201e+43
1.375000e-15 -5.857246e+21 3.430733e+43
1.380000e-15 -6.746883e+21 4.552043e+43
1.385000e-15 -7.598749e+21 5.774098e+43
1.390000e-15 -8.409110e+21 7.071313e+43
1.395000e-15 -9.174441e+21 8.417038e+43
1.400000e-15 -9.891439e+21 9.784057e+43
1.405000e-15 -1.055704e+22 1.114511e+44
1.410000e-15 -1.116842e+22 1.247337e+44
1.415000e-15 -1.172305e+22 1.374298e+44
1.420000e-15 -1.221863e+22 1.492950e+44
1.425000e-15 -1.265319e+22 1.601031e+44
1.430000e-15 -1.302502e+22 1.696510e+44
1.435000e-15 -1.333272e+22 1.777615e+44
1.440000e-15 -1.357521e+22 1.842864e+44
1.445000e-15 -1.375171e+22 1.891096e+44
1.450000e-15 -1.386175e+22 1.921481e+44
1.455000e-15 -1.390517e+22 1.933538e+44
1.460000e-15 -1.388214e+22 1.927139e+44
1.465000e-15 -1.379314e+22 1.902506e+44
1.470000e-15 -1.363894e+22 1.860206e+44
1.475000e-15 -1.342063e+22 1.801133e+44
1.480000e-15 -1.313960e+22 1.726492e+44
1.485000e-15 -1.279754e+22 1.637770e+44
1.490000e-15 -1.239639e+22 1.536706e+44
1.495000e-15 -1.193840e+22 1.425255e+44
1.500000e-15 -1.142606e+22 1.305549e+44
1.505000e-15 -1.086211e+22 1.179855e+44
1.510000e-15 -1.024953e+22 1.050529e+44
1.515000e-15 -9.591515e+21 9.199715e+43
1.520000e-15 -8.891461e+21 7.905807e+43
1.525000e-15 -8.152957e+21 6.647071e+43
1.530000e-15 -7.379759e+21 5.446084e+43
1.535000e-15 -6.575771e+21 4.324076e+43
1.540000e-15 -5.745031e+21 3.300538e+43
1.545000e-15 -4.891686e+21 2.392859e+43
1.550000e-15 -4.019975e+21 1.616020e+43
1.555000e-15 -3.134208e+21 9.823261e+42
1.560000e-15 -2.238743e+21 5.011972e+42
1.565000e-15 -1.337968e+21 1.790158e+42
1.570000e-15 -4.362754e+20 1.903362e+41
1.575000e-15 4.619547e+20 2.134021e+41
1.580000e-15 1.352378e+21 1.828927e+42
1.585000e-15 2.230708e+21 4.976056e+42
1.590000e-15 3.092732e+21 9.564991e+42
1.595000e-15 3.934338e+21 1.547901e+43
1.600000e-15 4.751528e+21 2.257702e+43
1.605000e-15 5.540443e+21 3.069650e+43
1.610000e-15 6.297374e+21 3.965691e+43
1.615000e-15 7.018786e+21 4.926336e+43
1.620000e-15 7.701333e+21 5.931054e+43
1.625000e-15 8.341872e+21 6.958683e+43
1.630000e-15 8.937479e+21 7.987853e+43
1.635000e-15 9.485461e+21 8.997397e+43
1.640000e-15 9.983371e+21 9.966770e+43
1.645000e-15 1.042902e+22 1.087644e+44
1.650000e-15 1.082048e+22 1.170827e+44
1.655000e-15 1.115609e+22 1.244584e+44
1.660000e-15 1.143450e+22 1.307477e+44
1.665000e-15 1.165461e+22 1.358299e+44
1.670000e-15 1.181563e+22 1.396091e+44
1.675000e-15 1.191707e+22 1.420165e+44
1.680000e-15 1.195872e+22 1.430111e+44
1.685000e-15 1.194068e+22 1.425799e+44
1.690000e-15 1.186334e+22 1.407389e+44
1.695000e-15 1.172738e+22 1.375314e+44
1.700000e-15 1.153376e+22 1.330276e+44
1.705000e-15 1.128373e+22 1.273225e+44
1.710000e-15 1.097881e+22 1.205344e+44
1.715000e-15 1.062080e+22 1.128015e+44
1.720000e-15 1.021174e+22 1.042796e+44
1.725000e-15 9.753907e+21 9.513871e+43
1.730000e-15 9.249834e+21 8.555942e+43
1.735000e-15 8.702258e+21 7.572929e+43
1.740000e-15 8.114125e+21 6.583903e+43
1.745000e-15 7.488571e+21 5.607870e+43
1.750000e-15 6.828905e+21 4.663394e+43
1.755000e-15 6.138590e+21 3.768229e+43
1.760000e-15 5.421232e+21 2.938976e+43
1.765000e-15 4.680553e+21 2.190758e+43
1.770000e-15 3.920379e+21 1.536937e+43
1.775000e-15 3.144614e+21 9.888596e+42
1.780000e-15 2.357227e+21 5.556519e+42
1.785000e-15 1.562228e+21 2.440555e+42
1.790000e-15 7.636469e+20 5.831565e+41
1.795000e-15 -3.448302e+19 1.189079e+39
1.800000e-15 -8.281486e+20 6.858301e+41
1.805000e-15 -1.613375e+21 2.602980e+42
1.810000e-15 -2.386248e+21 5.694180e+42
1.815000e-15 -3.142929e+21 9.878004e+42
1.820000e-15 -3.879679e+21 1.505191e+43
1.825000e-15 -4.592872e+21 2.109447e+43
1.830000e-15 -5.279019e+21 2.786804e+43
1.835000e-15 -5.934778e+21 3.522159e+43
1.840000e-15 -6.556978e+21 4.299396e+43
1.845000e-15 -7.142626e+21 5.101711e+43
1.850000e-15 -7.688930e+21 5.911964e+43
1.855000e-15 -8.193304e+21 6.713023e+43
1.860000e-15 -8.653388e+21 7.488112e+43
1.865000e-15 -9.067053e+21 8.221145e+43
1.870000e-15 -9.432416e+21 8.897047e+43
1.875000e-15 -9.747844e+21 9.502046e+43
1.880000e-15 -1.001197e+22 1.002395e+44
1.885000e-15 -1.022367e+22 1.045235e+44
1.890000e-15 -1.038213e+22 1.077887e+44
1.895000e-15 -1.048678e+22 1.099725e+44
1.900000e-15 -1.053732e+22 1.110352e+44
1.905000e-15 -1.053376e+22 1.109601e+44
1.910000e-15 -1.047635e+22 1.097539e+44
1.915000e-15 -1.036563e+22 1.074462e+44
1.920000e-15 -1.020240e+22 1.040890e+44
1.925000e-15 -9.987743e+21 9.975502e+43
1.930000e-15 -9.722979e+21 9.453632e+43
1.935000e-15 -9.409687e+21 8.854221e+43
1.940000e-15 -9.049687e+21 8.189683e+43
1.945000e-15 -8.645028e+21 7.473651e+43
1.950000e-15 -8.197981e+21 6.720689e+43
1.955000e-15 -7.711024e+21 5.945988e+43
1.960000e-15 -7.186827e+21 5.165048e+43
1.965000e-15 -6.628243e+21 4.393361e+43
1.970000e-15 -6.038288e+21 3.646093e+43
1.975000e-15 -5.420127e+21 2.937778e+43
1.980000e-15 -4.777056e+21 2.282026e+43
1.985000e-15 -4.112487e+21 1.691255e+43
1.990000e-15 -3.429927e+21 1.176440e+43
1.995000e-15 -2.732965e+21 7.469095e+42
2.000000e-15 -2.025245e+21 4.101616e+42
2.005000e-15 -1.310456e+21 1.717294e+42
2.010000e-15 -5.923061e+20 3.508265e+41
2.015000e-15 1.254914e+20 1.574809e+40
2.020000e-15 8.392411e+20 7.043256e+41
2.025000e-15 1.545282e+21 2.387897e+42
2.030000e-15 2.240008e+21 5.017636e+42
2.035000e-15 2.919884e+21 8.525722e+42
2.040000e-15 3.581465e+21 1.282689e+43
2.045000e-15 4.221415e+21 1.782035e+43
2.050000e-15 4.836521e+21 2.339193e+43
2.055000e-15 5.423710e+21 2.941664e+43
2.060000e-15 5.980067e+21 3.576121e+43
2.065000e-15 6.502845e+21 4.228700e+43
2.070000e-15 6.989482e+21 4.885286e+43
2.075000e-15 7.437612e+21 5.531808e+43
2.080000e-15 7.845078e+21 6.154524e+43
2.085000e-15 8.209938e+21 6.740309e+43
2.090000e-15 8.530483e+21 7.276914e+43
2.095000e-15 8.805235e+21 7.753217e+43
2.100000e-15 9.032962e+21 8.159440e+43
2.105000e-15 9.212677e+21 8.487341e+43
2.110000e-15 9.343647e+21 8.730374e+43
2.115000e-15 9.425395e+21 8.883807e+43
2.120000e-15 9.457700e+21 8.944809e+43
2.125000e-15 9.440597e+21 8.912488e+43
2.130000e-15 9.374380e+21 8.787900e+43
2.135000e-15 9.259594e+21 8.574008e+43
2.140000e-15 9.097035e+21 8.275605e+43
2.145000e-15 8.887745e+21 7.899201e+43
2.150000e-15 8.633003e+21 7.452874e+43
2.155000e-15 8.334321e+21 6.946091e+43
2.160000e-15 7.993433e+21 6.389498e+43
2.165000e-15 7.612287e+21 5.794691e+43
2.170000e-15 7.193031e+21 5.173970e+43
2.175000e-15 6.738006e+21 4.540073e+43
2.180000e-15 6.249729e+21 3.905911e+43
2.185000e-15 5.730881e+21 3.284300e+43
2.190000e-15 5.184292e+21 2.687689e+43
2.195000e-15 4.612928e+21 2.127911e+43
2.200000e-15 4.019871e+21 1.615937e+43
2.205000e-15 3.408307e+21 1.161656e+43
2.210000e-15 2.781504e+21 7.736766e+42
2.215000e-15 2.142801e+21 4.591596e+42
2.220000e-15 1.495584e+21 2.236772e+42
2.225000e-15 8.432730e+20 7.111094e+41
2.230000e-15 1.893016e+20 3.583508e+40
2.235000e-15 -4.629006e+20 2.142770e+41
2.240000e-15 -1.109925e+21 1.231934e+42
2.245000e-15 -1.748404e+21 3.056915e+42
2.250000e-15 -2.375024e+21 5.640738e+42
2.255000e-15 -2.986548e+21 8.919466e+42
2.260000e-15 -3.579828e+21 1.281517e+43
2.265000e-15 -4.151824e+21 1.723764e+43
2.270000e-15 -4.699617e+21 2.208640e+43
2.275000e-15 -5.220427e+21 2.725286e+43
2.280000e-15 -5.711624e+21 3.262265e+43
2.285000e-15 -6.170742e+21 3.807806e+43
2.290000e-15 -6.595494e+21 4.350054e+43
2.295000e-15 -6.983779e+21 4.877317e+43
2.300000e-15 -7.333697e+21 5.378310e+43
2.305000e-15 -7.643553e+21 5.842390e+43
2.310000e-15 -7.911872e+21 6.259772e+43
2.315000e-15 -8.137399e+21 6.621727e+43
2.320000e-15 -8.319111e+21 6.920761e+43
2.325000e-15 -8.456217e+21 7.150760e+43
2.330000e-15 -8.548162e+21 7.307108e+43
2.335000e-15 -8.594634e+21 7.386774e+43
2.340000e-15 -8.595558e+21 7.388362e+43
2.345000e-15 -8.551100e+21 7.312130e+43
2.350000e-15 -8.461663e+21 7.159974e+43
2.355000e-15 -8.327888e+21 6.935371e+43
2.360000e-15 -8.150644e+21 6.643300e+43
2.365000e-15 -7.931028e+21 6.290120e+43
2.370000e-15 -7.670356e+21 5.883435e+43
2.375000e-15 -7.370154e+21 5.431917e+43
2.380000e-15 -7.032153e+21 4.945118e+43
2.385000e-15 -6.658278e+21 4.433267e+43
2.390000e-15 -6.250634e+21 3.907042e+43
2.395000e-15 -5.811497e+21 3.377350e+43
2.400000e-15 -5.343305e+21 2.855090e+43
2.405000e-15 -4.848636e+21 2.350927e+43
2.410000e-15 -4.330202e+21 1.875065e+43
2.415000e-15 -3.790831e+21 1.437040e+43
2.420000e-15 -3.233451e+21 1.045521e+43
2.425000e-15 -2.661076e+21 7.081325e+42
2.430000e-15 -2.076788e+21 4.313049e+42
2.435000e-15 -1.483723e+21 2.201434e+42
2.440000e-15 -8.850513e+20 7.833158e+41
2.445000e-15 -2.839632e+20 8.063510e+40
2.450000e-15 3.163494e+20 1.000769e+41
2.455000e-15 9.127092e+20 8.330380e+41
2.460000e-15 1.501971e+21 2.255915e+42
2.465000e-15 2.081036e+21 4.330710e+42
2.470000e-15 2.646872e+21 7.005931e+42
2.475000e-15 3.196525e+21 1.021777e+43
2.480000e-15 3.727139e+21 1.389156e+43
2.485000e-15 4.235965e+21 1.794340e+43
2.490000e-15 4.720381e+21 2.228199e+43
2.495000e-15 5.177901e+21 2.681066e+43
2.500000e-15 5.606193e+21 3.142940e+43
2.505000e-15 6.003084e+21 3.603701e+43
2.510000e-15 6.366576e+21 4.053329e+43
2.515000e-15 6.694856e+21 4.482110e+43
2.520000e-15 6.986303e+21 4.880842e+43
2.525000e-15 7.239494e+21 5.241028e+43
2.530000e-15 7.453219e+21 5.555047e+43
2.535000e-15 7.626476e+21 5.816314e+43
2.540000e-15 7.758485e+21 6.019408e+43
2.545000e-15 7.848685e+21 6.160185e+43
2.550000e-15 7.896741e+21 6.235851e+43
2.555000e-15 7.902541e+21 6.245015e+43
2.560000e-15 7.866199e+21 6.187709e+43
2.565000e-15 7.788053e+21 6.065377e+43
2.570000e-15 7.668661e+21 5.880837e+43
2.575000e-15 7.508800e+21 5.638207e+43
2.580000e-15 7.309457e+21 5.342816e+43
2.585000e-15 7.071829e+21 5.001076e+43
2.590000e-15 6.797310e+21 4.620343e+43
2.595000e-15 6.487489e+21 4.208751e+43
2.600000e-15 6.144134e+21 3.775039e+43
2.605000e-15 5.769190e+21 3.328355e+43
2.610000e-15 5.364761e+21 2.878066e+43
2.615000e-15 4.933101e+21 2.433549e+43
2.620000e-15 4.476605e+21 2.003999e+43
2.625000e-15 3.997790e+21 1.598232e+43
2.630000e-15 3.499285e+21 1.224499e+43
2.635000e-15 2.983815e+21 8.903152e+42
2.640000e-15 2.454188e+21 6.023038e+42
2.645000e-15 1.913277e+21 3.660630e+42
2.650000e-15 1.364009e+21 1.860520e+42
2.655000e-15 8.093424e+20 6.550352e+41
2.660000e-15 2.522586e+20 6.363443e+40
2.665000e-15 -3.042589e+20 9.257349e+40
2.670000e-15 -8.572389e+20 7.348585e+41
2.675000e-15 -1.403738e+21 1.970480e+42
2.680000e-15 -1.940856e+21 3.766924e+42
2.685000e-15 -2.465754e+21 6.079942e+42
2.690000e-15 -2.975664e+21 8.854575e+42
2.695000e-15 -3.467908e+21 1.202639e+43
2.700000e-15 -3.939912e+21 1.552291e+43
2.705000e-15 -4.389215e+21 1.926521e+43
2.710000e-15 -4.813488e+21 2.316967e+43
2.715000e-15 -5.210541e+21 2.714974e+43
2.720000e-15 -5.578336e+21 3.111784e+43
2.725000e-15 -5.915000e+21 3.498722e+43
2.730000e-15 -6.218828e+21 3.867382e+43
2.735000e-15 -6.488299e+21 4.209803e+43
2.740000e-15 -6.722081e+21 4.518637e+43
2.745000e-15 -6.919034e+21 4.787303e+43
2.750000e-15 -7.078220e+21 5.010119e+43
2.755000e-15 -7.198906e+21 5.182425e+43
2.760000e-15 -7.280568e+21 5.300667e+43
2.765000e-15 -7.322891e+21 5.362473e+43
2.770000e-15 -7.325771e+21 5.366693e+43
2.775000e-15 -7.289319e+21 5.313417e+43
2.780000e-15 -7.213852e+21 5.203966e+43
2.785000e-15 -7.099898e+21 5.040855e+43
2.790000e-15 -6.948188e+21 4.827731e+43
2.795000e-15 -6.759653e+21 4.569291e+43
2.800000e-15 -6.535420e+21 4.271172e+43
2.805000e-15 -6.276803e+21 3.939826e+43
2.810000e-15 -5.985297e+21 3.582378e+43
2.815000e-15 -5.662567e+21 3.206466e+43
2.820000e-15 -5.310442e+21 2.820080e+43
2.825000e-15 -4.930905e+21 2.431382e+43
2.830000e-15 -4.526076e+21 2.048536e+43
2.835000e-15 -4.098207e+21 1.679530e+43
2.840000e-15 -3.649668e+21 1.332007e+43
2.845000e-15 -3.182929e+21 1.013104e+43
2.850000e-15 -2.700556e+21 7.293002e+42
2.855000e-15 -2.205186e+21 4.862846e+42
2.860000e-15 -1.699522e+21 2.888374e+42
2.865000e-15 -1.186311e+21 1.407334e+42
2.870000e-15 -6.683360e+20 4.466730e+41
2.875000e-15 -1.483951e+20 2.202110e+40
2.880000e-15 3.707105e+20 1.374262e+41
2.885000e-15 8.861919e+20 7.853361e+41
2.890000e-15 1.395288e+21 1.946829e+42
2.895000e-15 1.895280e+21 3.592088e+42
2.900000e-15 2.383507e+21 5.681104e+42
2.905000e-15 2.857376e+21 8.164596e+42
2.910000e-15 3.314381e+21 1.098512e+43
2.915000e-15 3.752114e+21 1.407836e+43
2.920000e-15 4.168275e+21 1.737452e+43
2.925000e-15 4.560691e+21 2.079990e+43
2.930000e-15 4.927318e+21 2.427846e+43
2.935000e-15 5.266260e+21 2.773350e+43
2.940000e-15 5.575774e+21 3.108925e+43
2.945000e-15 5.854279e+21 3.427259e+43
2.950000e-15 6.100369e+21 3.721450e+43
2.955000e-15 6.312812e+21 3.985159e+43
2.960000e-15 6.490563e+21 4.212741e+43
2.965000e-15 6.632767e+21 4.399360e+43
2.970000e-15 6.738762e+21 4.541091e+43
2.975000e-15 6.808082e+21 4.634998e+43
2.980000e-15 6.840461e+21 4.679191e+43
2.985000e-15 6.835833e+21 4.672861e+43
2.990000e-15 6.794329e+21 4.616291e+43
2.995000e-15 6.716282e+21 4.510844e+43
3.000000e-15 6.602217e+21 4.358927e+43
3.005000e-15 6.452855e+21 4.163934e+43
3.010000e-15 6.269103e+21 3.930165e+43
3.015000e-15 6.052051e+21 3.662733e+43
3.020000e-15 5.802967e+21 3.367442e+43
3.025000e-15 5.523286e+21 3.050668e+43
3.030000e-15 5.214604e+21 2.719210e+43
3.035000e-15 4.878672e+21 2.380144e+43
3.040000e-15 4.517379e+21 2.040671e+43
3.045000e-15 4.132749e+21 1.707961e+43
3.050000e-15 3.726923e+21 1.388996e+43
3.055000e-15 3.302154e+21 1.090422e+43
3.060000e-15 2.860788e+21 8.184108e+42
3.065000e-15 2.405255e+21 5.785253e+42
3.070000e-15 1.938056e+21 3.756061e+42
3.075000e-15 1.461746e+21 2.136703e+42
3.080000e-15 9.789246e+20 9.582934e+41
3.085000e-15 4.922170e+20 2.422776e+41
3.090000e-15 4.263852e+18 1.818044e+37
3.095000e-15 -4.822952e+20 2.326087e+41
3.100000e-15 -9.648352e+20 9.309069e+41
3.105000e-15 -1.440760e+21 2.075789e+42
3.110000e-15 -1.907516e+21 3.638616e+42
3.115000e-15 -2.362605e+21 5.581905e+42
3.120000e-15 -2.803602e+21 7.860185e+42
3.125000e-15 -3.228161e+21 1.042102e+43
3.130000e-15 -3.634033e+21 1.320619e+43
3.135000e-15 -4.019075e+21 1.615296e+43
3.140000e-15 -4.381262e+21 1.919546e+43
3.145000e-15 -4.718701e+21 2.226613e+43
3.150000e-15 -5.029633e+21 2.529721e+43
3.155000e-15 -5.312451e+21 2.822213e+43
3.160000e-15 -5.565702e+21 3.097704e+43
3.165000e-15 -5.788097e+21 3.350207e+43
3.170000e-15 -5.978519e+21 3.574269e+43
3.175000e-15 -6.136025e+21 3.765080e+43
3.180000e-15 -6.259852e+21 3.918575e+43
3.185000e-15 -6.349423e+21 4.031517e+43
3.190000e-15 -6.404346e+21 4.101565e+43
3.195000e-15 -6.424420e+21 4.127317e+43
3.200000e-15 -6.409630e+21 4.108335e+43
3.205000e-15 -6.360151e+21 4.045152e+43
3.210000e-15 -6.276345e+21 3.939251e+43
3.215000e-15 -6.158760e+21 3.793033e+43
3.220000e-15 -6.008124e+21 3.609755e+43
3.225000e-15 -5.825341e+21 3.393460e+43
3.230000e-15 -5.611490e+21 3.148882e+43
3.235000e-15 -5.367812e+21 2.881340e+43
3.240000e-15 -5.095707e+21 2.596623e+43
3.245000e-15 -4.796726e+21 2.300858e+43
3.250000e-15 -4.472562e+21 2.000381e+43
3.255000e-15 -4.125038e+21 1.701594e+43
3.260000e-15 -3.756101e+21 1.410829e+43
3.265000e-15 -3.367806e+21 1.134212e+43
3.270000e-15 -2.962311e+21 8.775285e+42
3.275000e-15 -2.541859e+21 6.461045e+42
3.280000e-15 -2.108768e+21 4.446904e+42
3.285000e-15 -1.665422e+21 2.773630e+42
3.290000e-15 -1.214250e+21 1.474402e+42
3.295000e-15 -7.577193e+20 5.741385e+41
3.300000e-15 -2.983203e+20 8.899500e+40
3.305000e-15 1.614484e+20 2.606558e+40
3.310000e-15 6.190923e+20 3.832753e+41
3.315000e-15 1.072135e+21 1.149473e+42
3.320000e-15 1.518131e+21 2.304721e+42
3.325000e-15 1.954679e+21 3.820770e+42
3.330000e-15 2.379436e+21 5.661716e+42
3.335000e-15 2.790129e+21 7.784819e+42
3.340000e-15 3.184565e+21 1.014146e+43
3.345000e-15 3.560648e+21 1.267821e+43
3.350000e-15 3.916383e+21 1.533806e+43
3.355000e-15 4.249895e+21 1.806161e+43
3.360000e-15 4.559429e+21 2.078840e+43
3.365000e-15 4.843370e+21 2.345823e+43
3.370000e-15 5.100241e+21 2.601246e+43
3.375000e-15 5.328719e+21 2.839525e+43
3.380000e-15 5.527637e+21 3.055477e+43
3.385000e-15 5.695992e+21 3.244432e+43
3.390000e-15 5.832948e+21 3.402328e+43
3.395000e-15 5.937843e+21 3.525798e+43
3.400000e-15 6.010190e+21 3.612238e+43
3.405000e-15 6.049680e+21 3.659863e+43
3.410000e-15 6.056183e+21 3.667735e+43
3.415000e-15 6.029749e+21 3.635787e+43
3.420000e-15 5.970606e+21 3.564813e+43
3.425000e-15 5.879159e+21 3.456451e+43
3.430000e-15 5.755988e+21 3.313140e+43
3.435000e-15 5.601843e+21 3.138065e+43
3.440000e-15 5.417642e+21 2.935084e+43
3.445000e-15 5.204461e+21 2.708642e+43
3.450000e-15 4.963534e+21 2.463667e+43
3.455000e-15 4.696241e+21 2.205468e+43
3.460000e-15 4.404102e+21 1.939611e+43
3.465000e-15 4.088767e+21 1.671802e+43
3.470000e-15 3.752010e+21 1.407758e+43
3.475000e-15 3.395717e+21 1.153090e+43
3.480000e-15 3.021874e+21 9.131722e+42
3.485000e-15 2.632558e+21 6.930360e+42
3.490000e-15 2.229925e+21 4.972564e+42
3.495000e-15 1.816198e+21 3.298576e+42
3.500000e-15 1.393656e+21 1.942278e+42
3.505000e-15 9.646194e+20 9.304905e+41
3.510000e-15 5.314374e+20 2.824257e+41
3.515000e-15 9.647716e+19 9.307843e+39
3.520000e-15 -3.378906e+20 1.141701e+41
3.525000e-15 -7.693043e+20 5.918290e+41
3.530000e-15 -1.195424e+21 1.429038e+42
3.535000e-15 -1.613944e+21 2.604816e+42
3.540000e-15 -2.022607e+21 4.090939e+42
3.545000e-15 -2.419212e+21 5.852589e+42
3.550000e-15 -2.801633e+21 7.849145e+42
3.555000e-15 -3.167821e+21 1.003509e+43
3.560000e-15 -3.515826e+21 1.236103e+43
3.565000e-15 -3.843797e+21 1.477477e+43
3.570000e-15 -4.149998e+21 1.722249e+43
3.575000e-15 -4.432818e+21 1.964988e+43
3.580000e-15 -4.690774e+21 2.200336e+43
3.585000e-15 -4.922523e+21 2.423123e+43
3.590000e-15 -5.126867e+21 2.628477e+43
3.595000e-15 -5.302762e+21 2.811929e+43
3.600000e-15 -5.449320e+21 2.969509e+43
3.605000e-15 -5.565815e+21 3.097830e+43
3.610000e-15 -5.651687e+21 3.194157e+43
3.615000e-15 -5.706542e+21 3.256462e+43
3.620000e-15 -5.730159e+21 3.283472e+43
3.625000e-15 -5.722484e+21 3.274683e+43
3.630000e-15 -5.683637e+21 3.230373e+43
3.635000e-15 -5.613906e+21 3.151594e+43
3.640000e-15 -5.513745e+21 3.040138e+43
3.645000e-15 -5.383775e+21 2.898503e+43
3.650000e-15 -5.224777e+21 2.729829e+43
3.655000e-15 -5.037687e+21 2.537829e+43
3.660000e-15 -4.823594e+21 2.326706e+43
3.665000e-15 -4.583730e+21 2.101058e+43
3.670000e-15 -4.319466e+21 1.865778e+43
3.675000e-15 -4.032300e+21 1.625944e+43
3.680000e-15 -3.723854e+21 1.386709e+43
3.685000e-15 -3.395860e+21 1.153186e+43
3.690000e-15 -3.050154e+21 9.303437e+42
3.695000e-15 -2.688663e+21 7.228909e+42
3.700000e-15 -2.313397e+21 5.351806e+42
3.705000e-15 -1.926435e+21 3.711151e+42
3.710000e-15 -1.529915e+21 2.340639e+42
3.715000e-15 -1.126022e+21 1.267926e+42
3.720000e-15 -7.169776e+20 5.140569e+41
3.725000e-15 -3.050241e+20 9.303970e+40
3.730000e-15 1.075844e+20 1.157441e+40
3.735000e-15 5.185958e+20 2.689416e+41
3.740000e-15 9.257717e+20 8.570533e+41
3.745000e-15 1.326900e+21 1.760664e+42
3.750000e-15 1.719808e+21 2.957738e+42
3.755000e-15 2.102369e+21 4.419957e+42
3.760000e-15 2.472523e+21 6.113372e+42
3.765000e-15 2.828279e+21 7.999164e+42
3.770000e-15 3.167730e+21 1.003451e+43
3.775000e-15 3.489062e+21 1.217355e+43
3.780000e-15 3.790564e+21 1.436838e+43
3.785000e-15 4.070639e+21 1.657010e+43
3.790000e-15 4.327808e+21 1.872992e+43
3.795000e-15 4.560722e+21 2.080019e+43
3.800000e-15 4.768167e+21 2.273542e+43
3.805000e-15 4.949070e+21 2.449330e+43
3.810000e-15 5.102508e+21 2.603558e+43
3.815000e-15 5.227705e+21 2.732890e+43
3.820000e-15 5.324047e+21 2.834548e+43
3.825000e-15 5.391075e+21 2.906368e+43
3.830000e-15 5.428491e+21 2.946851e+43
3.835000e-15 5.436160e+21 2.955184e+43
3.840000e-15 5.414112e+21 2.931261e+43
3.845000e-15 5.362535e+21 2.875679e+43
3.850000e-15 5.281782e+21 2.789722e+43
3.855000e-15 5.172360e+21 2.675331e+43
3.860000e-15 5.034935e+21 2.535057e+43
3.865000e-15 4.870323e+21 2.372004e+43
3.870000e-15 4.679486e+21 2.189759e+43
3.875000e-15 4.463528e+21 1.992309e+43
3.880000e-15 4.223688e+21 1.783954e+43
3.885000e-15 3.961332e+21 1.569215e+43
3.890000e-15 3.677944e+21 1.352727e+43
3.895000e-15 3.375123e+21 1.139146e+43
3.900000e-15 3.054569e+21 9.330391e+42
3.905000e-15 2.718073e+21 7.387923e+42
3.910000e-15 2.367513e+21 5.605117e+42
3.915000e-15 2.004836e+21 4.019367e+42
3.920000e-15 1.632052e+21 2.663595e+42
3.925000e-15 1.251223e+21 1.565560e+42
3.930000e-15 8.644491e+20 7.472722e+41
3.935000e-15 4.738573e+20 2.245407e+41
3.940000e-15 8.159210e+19 6.657270e+39
3.945000e-15 -3.101983e+20 9.622297e+40
3.950000e-15 -6.993729e+20 4.891225e+41
3.955000e-15 -1.083810e+21 1.174644e+42
3.960000e-15 -1.461419e+21 2.135745e+42
3.965000e-15 -1.830150e+21 3.349449e+42
3.970000e-15 -2.188007e+21 4.787377e+42
3.975000e-15 -2.533059e+21 6.416390e+42
3.980000e-15 -2.863448e+21 8.199336e+42
3.985000e-15 -3.177400e+21 1.009587e+43
3.990000e-15 -3.473236e+21 1.206337e+43
3.995000e-15 -3.749379e+21 1.405785e+43
4.000000e-15 -4.004364e+21 1.603493e+43
4.005000e-15 -4.236843e+21 1.795084e+43
4.010000e-15 -4.445597e+21 1.976334e+43
4.015000e-15 -4.629538e+21 2.143262e+43
4.020000e-15 -4.787714e+21 2.292221e+43
4.025000e-15 -4.919320e+21 2.419971e+43
4.030000e-15 -5.023696e+21 2.523752e+43
4.035000e-15 -5.100333e+21 2.601339e+43
4.040000e-15 -5.148872e+21 2.651089e+43
4.045000e-15 -5.169114e+21 2.671974e+43
4.050000e-15 -5.161010e+21 2.663603e+43
4.055000e-15 -5.124670e+21 2.626224e+43
4.060000e-15 -5.060355e+21 2.560719e+43
4.065000e-15 -4.968481e+21 2.468581e+43
4.070000e-15 -4.849613e+21 2.351875e+43
4.075000e-15 -4.704462e+21 2.213196e+43
4.080000e-15 -4.533882e+21 2.055609e+43
4.085000e-15 -4.338863e+21 1.882574e+43
4.090000e-15 -4.120529e+21 1.697876e+43
4.095000e-15 -3.880126e+21 1.505538e+43
4.100000e-15 -3.619021e+21 1.309731e+43
4.105000e-15 -3.338689e+21 1.114684e+43
4.110000e-15 -3.040708e+21 9.245903e+42
4.115000e-15 -2.726749e+21 7.435160e+42
4.120000e-15 -2.398567e+21 5.753126e+42
4.125000e-15 -2.057992e+21 4.235331e+42
4.130000e-15 -1.706915e+21 2.913561e+42
4.135000e-15 -1.347284e+21 1.815174e+42
4.140000e-15 -9.810858e+20 9.625294e+41
4.145000e-15 -6.103417e+20 3.725170e+41
4.150000e-15 -2.370924e+20 5.621280e+40
4.155000e-15 1.366122e+20 1.866288e+40
4.160000e-15 5.087238e+20 2.587999e+41
4.165000e-15 8.772076e+20 7.694932e+41
4.170000e-15 1.240053e+21 1.537731e+42
4.175000e-15 1.595284e+21 2.544933e+42
4.180000e-15 1.940973e+21 3.767375e+42
4.185000e-15 2.275245e+21 5.176739e+42
4.190000e-15 2.596294e+21 6.740744e+42
4.195000e-15 2.902391e+21 8.423874e+42
4.200000e-15 3.191891e+21 1.018817e+43
4.205000e-15 3.463244e+21 1.199406e+43
4.210000e-15 3.715003e+21 1.380125e+43
4.215000e-15 3.945831e+21 1.556959e+43
4.220000e-15 4.154510e+21 1.725995e+43
4.225000e-15 4.339944e+21 1.883511e+43
4.230000e-15 4.501167e+21 2.026050e+43
4.235000e-15 4.637349e+21 2.150501e+43
4.240000e-15 4.747799e+21 2.254160e+43
4.245000e-15 4.831967e+21 2.334791e+43
4.250000e-15 4.889449e+21 2.390671e+43
4.255000e-15 4.919989e+21 2.420629e+43
4.260000e-15 4.923477e+21 2.424063e+43
4.265000e-15 4.899955e+21 2.400955e+43
4.270000e-15 4.849608e+21 2.351870e+43
4.275000e-15 4.772773e+21 2.277936e+43
4.280000e-15 4.669928e+21 2.180822e+43
4.285000e-15 4.541693e+21 2.062697e+43
4.290000e-15 4.388827e+21 1.926180e+43
4.295000e-15 4.212221e+21 1.774281e+43
4.300000e-15 4.012897e+21 1.610334e+43
4.305000e-15 3.791996e+21 1.437923e+43
4.310000e-15 3.550776e+21 1.260801e+43
4.315000e-15 3.290604e+21 1.082808e+43
4.320000e-15 3.012950e+21 9.077867e+42
4.325000e-15 2.719373e+21 7.394987e+42
4.330000e-15 2.411518e+21 5.815418e+42
4.335000e-15 2.091105e+21 4.372719e+42
4.340000e-15 1.759919e+21 3.097314e+42
4.345000e-15 1.419800e+21 2.015831e+42
4.350000e-15 1.072633e+21 1.150541e+42
4.355000e-15 7.203382e+20 5.188871e+41
4.360000e-15 3.648599e+20 1.331227e+41
4.365000e-15 8.155276e+18 6.650853e+37
4.370000e-15 -3.478157e+20 1.209757e+41
4.375000e-15 -7.011011e+20 4.915427e+41
4.380000e-15 -1.049768e+21 1.102013e+42
4.385000e-15 -1.391913e+21 1.937421e+42
4.390000e-15 -1.725672e+21 2.977943e+42
4.395000e-15 -2.049231e+21 4.199348e+42
4.400000e-15 -2.360836e+21 5.573548e+42
4.405000e-15 -2.658803e+21 7.069234e+42
4.410000e-15 -2.941525e+21 8.652567e+42
4.415000e-15 -3.207482e+21 1.028794e+43
4.420000e-15 -3.455250e+21 1.193875e+43
4.425000e-15 -3.683508e+21 1.356823e+43
4.430000e-15 -3.891044e+21 1.514022e+43
4.435000e-15 -4.076763e+21 1.661999e+43
4.440000e-15 -4.239691e+21 1.797498e+43
4.445000e-15 -4.378983e+21 1.917549e+43
4.450000e-15 -4.493923e+21 2.019534e+43
4.455000e-15 -4.583932e+21 2.101244e+43
4.460000e-15 -4.648570e+21 2.160920e+43
4.465000e-15 -4.687533e+21 2.197297e+43
4.470000e-15 -4.700663e+21 2.209624e+43
4.475000e-15 -4.687943e+21 2.197681e+43
4.480000e-15 -4.649496e+21 2.161781e+43
4.485000e-15 -4.585588e+21 2.102762e+43
4.490000e-15 -4.496624e+21 2.021963e+43
4.495000e-15 -4.383145e+21 1.921196e+43
4.500000e-15 -4.245826e+21 1.802704e+43
4.505000e-15 -4.085472e+21 1.669108e+43
4.510000e-15 -3.903011e+21 1.523350e+43
4.515000e-15 -3.699493e+21 1.368625e+43
4.520000e-15 -3.476080e+21 1.208313e+43
4.525000e-15 -3.234041e+21 1.045902e+43
4.530000e-15 -2.974744e+21 8.849102e+42
4.535000e-15 -2.699651e+21 7.288113e+42
4.540000e-15 -2.410305e+21 5.809570e+42
4.545000e-15 -2.108327e+21 4.445043e+42
4.550000e-15 -1.795402e+21 3.223468e+42
4.555000e-15 -1.473273e+21 2.170532e+42
4.560000e-15 -1.143728e+21 1.308113e+42
4.565000e-15 -8.085942e+20 6.538246e+41
4.570000e-15 -4.697252e+20 2.206417e+41
4.575000e-15 -1.289906e+20 1.663858e+40
4.580000e-15 2.117329e+20 4.483080e+40
4.585000e-15 5.505727e+20 3.031303e+41
4.590000e-15 8.856706e+20 7.844123e+41
4.595000e-15 1.215192e+21 1.476692e+42
4.600000e-15 1.537338e+21 2.363410e+42
4.605000e-15 1.850353e+21 3.423808e+42
4.610000e-15 2.152536e+21 4.633409e+42
4.615000e-15 2.442246e+21 5.964566e+42
4.620000e-15 2.717918e+21 7.387081e+42
4.625000e-15 2.978066e+21 8.868877e+42
4.630000e-15 3.221291e+21 1.037671e+43
4.635000e-15 3.446290e+21 1.187692e+43
4.640000e-15 3.651865e+21 1.333612e+43
4.645000e-15 3.836926e+21 1.472200e+43
4.650000e-15 4.000496e+21 1.600397e+43
4.655000e-15 4.141721e+21 1.715385e+43
4.660000e-15 4.259871e+21 1.814650e+43
4.665000e-15 4.354342e+21 1.896030e+43
4.670000e-15 4.424665e+21 1.957766e+43
4.675000e-15 4.470503e+21 1.998539e+43
4.680000e-15 4.491652e+21 2.017494e+43
4.685000e-15 4.488048e+21 2.014258e+43
4.690000e-15 4.459762e+21 1.988948e+43
4.695000e-15 4.406999e+21 1.942164e+43
4.700000e-15 4.330100e+21 1.874976e+43
4.705000e-15 4.229537e+21 1.788898e+43
4.710000e-15 4.105911e+21 1.685851e+43
4.715000e-15 3.959951e+21 1.568121e+43
4.720000e-15 3.792503e+21 1.438308e+43
4.725000e-15 3.604535e+21 1.299267e+43
4.730000e-15 3.397120e+21 1.154042e+43
4.735000e-15 3.171440e+21 1.005803e+43
4.740000e-15 2.928775e+21 8.577721e+42
4.745000e-15 2.670492e+21 7.131529e+42
4.750000e-15 2.398046e+21 5.750625e+42
4.755000e-15 2.112964e+21 4.464617e+42
4.760000e-15 1.816840e+21 3.300909e+42
4.765000e-15 1.511327e+21 2.284108e+42
4.770000e-15 1.198123e+21 1.435500e+42
4.775000e-15 8.789694e+20 7.725872e+41
4.780000e-15 5.556332e+20 3.087282e+41
4.785000e-15 2.299025e+20 5.285515e+40
4.790000e-15 -9.642525e+19 9.297828e+39
4.795000e-15 -4.215529e+20 1.777068e+41
4.800000e-15 -7.436935e+20 5.530800e+41
4.805000e-15 -1.061080e+21 1.125891e+42
4.810000e-15 -1.371976e+21 1.882317e+42
4.815000e-15 -1.674682e+21 2.804558e+42
4.820000e-15 -1.967549e+21 3.871247e+42
4.825000e-15 -2.248984e+21 5.057930e+42
4.830000e-15 -2.517463e+21 6.337618e+42
4.835000e-15 -2.771532e+21 7.681388e+42
4.840000e-15 -3.009822e+21 9.059028e+42
4.845000e-15 -3.231053e+21 1.043970e+43
4.850000e-15 -3.434042e+21 1.179264e+43
4.855000e-15 -3.617707e+21 1.308780e+43
4.860000e-15 -3.781075e+21 1.429653e+43
4.865000e-15 -3.923290e+21 1.539220e+43
4.870000e-15 -4.043609e+21 1.635077e+43
4.875000e-15 -4.141414e+21 1.715131e+43
4.880000e-15 -4.216211e+21 1.777643e+43
4.885000e-15 -4.267635e+21 1.821271e+43
4.890000e-15 -4.295449e+21 1.845089e+43
4.895000e-15 -4.299548e+21 1.848611e+43
4.900000e-15 -4.279956e+21 1.831802e+43
4.905000e-15 -4.236828e+21 1.795071e+43
4.910000e-15 -4.170448e+21 1.739264e+43
4.915000e-15 -4.081229e+21 1.665643e+43
4.920000e-15 -3.969708e+21 1.575858e+43
4.925000e-15 -3.836542e+21 1.471906e+43
4.930000e-15 -3.682510e+21 1.356088e+43
4.935000e-15 -3.508499e+21 1.230957e+43
4.940000e-15 -3.315510e+21 1.099260e+43
4.945000e-15 -3.104641e+21 9.638798e+42
4.950000e-15 -2.877092e+21 8.277656e+42
4.955000e-15 -2.634147e+21 6.938730e+42
4.960000e-15 -2.377176e+21 5.650965e+42
4.965000e-15 -2.107622e+21 4.442071e+42
4.970000e-15 -1.826996e+21 3.337913e+42
4.975000e-15 -1.536864e+21 2.361952e+42
4.980000e-15 -1.238845e+21 1.534738e+42
4.985000e-15 -9.345963e+20 8.734702e+41
4.990000e-15 -6.258057e+20 3.916328e+41
4.995000e-15 -3.141840e+20 9.871157e+40
5.000000e-15 -1.453755e+18 2.113404e+36
