0.000000e+00 nan nan
5.000000e-18 3.478112e+02 1.209727e+05
1.000000e-17 8.903565e+04 7.927347e+09
1.500000e-17 2.281714e+06 5.206221e+12
2.000000e-17 2.278901e+07 5.193388e+14
2.500000e-17 1.358146e+08 1.844562e+16
3.000000e-17 5.838813e+08 3.409174e+17
3.500000e-17 2.003613e+09 4.014465e+18
4.000000e-17 5.829767e+09 3.398619e+19
4.500000e-17 1.495409e+10 2.236250e+20
5.000000e-17 3.472927e+10 1.206122e+21
5.500000e-17 7.442171e+10 5.538592e+21
6.000000e-17 1.492305e+11 2.226974e+22
6.500000e-17 2.830028e+11 8.009057e+22
7.000000e-17 5.117894e+11 2.619284e+23
7.500000e-17 8.883971e+11 7.892494e+23
8.000000e-17 1.488106e+12 2.214459e+24
8.500000e-17 2.415734e+12 5.835769e+24
9.000000e-17 3.814243e+12 1.454845e+25
9.500000e-17 5.875090e+12 3.451668e+25
1.000000e-16 8.850544e+12 7.833212e+25
1.050000e-16 1.306819e+13 1.707776e+26
1.100000e-16 1.894787e+13 3.590218e+26
1.150000e-16 2.702131e+13 7.301512e+26
1.200000e-16 3.795466e+13 1.440557e+27
1.250000e-16 5.257431e+13 2.764058e+27
1.300000e-16 7.189611e+13 5.169050e+27
1.350000e-16 9.715844e+13 9.439763e+27
1.400000e-16 1.298594e+14 1.686345e+28
1.450000e-16 1.717981e+14 2.951458e+28
1.500000e-16 2.251212e+14 5.067957e+28
1.550000e-16 2.923740e+14 8.548256e+28
1.600000e-16 3.765568e+14 1.417950e+29
1.650000e-16 4.811876e+14 2.315415e+29
1.700000e-16 6.103699e+14 3.725514e+29
1.750000e-16 7.688677e+14 5.911576e+29
1.800000e-16 9.621870e+14 9.258038e+29
1.850000e-16 1.196664e+15 1.432004e+30
1.900000e-16 1.479560e+15 2.189097e+30
1.950000e-16 1.819167e+15 3.309370e+30
2.000000e-16 2.224920e+15 4.950269e+30
2.050000e-16 2.707513e+15 7.330627e+30
2.100000e-16 3.279033e+15 1.075206e+31
2.150000e-16 3.953097e+15 1.562698e+31
2.200000e-16 4.745000e+15 2.251502e+31
2.250000e-16 5.671870e+15 3.217011e+31
2.300000e-16 6.752845e+15 4.560091e+31
2.350000e-16 8.009241e+15 6.414795e+31
2.400000e-16 9.464753e+15 8.958155e+31
2.450000e-16 1.114565e+16 1.242255e+32
2.500000e-16 1.308099e+16 1.711122e+32
2.550000e-16 1.530284e+16 2.341770e+32
2.600000e-16 1.784654e+16 3.184990e+32
2.650000e-16 2.075092e+16 4.306005e+32
2.700000e-16 2.405857e+16 5.788146e+32
2.750000e-16 2.781614e+16 7.737378e+32
2.800000e-16 3.207463e+16 1.028782e+33
2.850000e-16 3.688966e+16 1.360847e+33
2.900000e-16 4.232183e+16 1.791138e+33
2.950000e-16 4.843704e+16 2.346147e+33
3.000000e-16 5.530683e+16 3.058845e+33
3.050000e-16 6.300876e+16 3.970103e+33
3.100000e-16 7.162679e+16 5.130397e+33
3.150000e-16 8.125167e+16 6.601834e+33
3.200000e-16 9.198136e+16 8.460571e+33
3.250000e-16 1.039215e+17 1.079967e+34
3.300000e-16 1.171856e+17 1.373247e+34
3.350000e-16 1.318961e+17 1.739658e+34
3.400000e-16 1.481841e+17 2.195852e+34
3.450000e-16 1.661904e+17 2.761924e+34
3.500000e-16 1.860657e+17 3.462046e+34
3.550000e-16 2.079716e+17 4.325217e+34
3.600000e-16 2.320803e+17 5.386126e+34
3.650000e-16 2.585761e+17 6.686158e+34
3.700000e-16 2.876553e+17 8.274557e+34
3.750000e-16 3.195273e+17 1.020977e+35
3.800000e-16 3.544147e+17 1.256098e+35
3.850000e-16 3.925545e+17 1.540990e+35
3.900000e-16 4.341982e+17 1.885281e+35
3.950000e-16 4.796131e+17 2.300287e+35
4.000000e-16 5.290822e+17 2.799280e+35
4.050000e-16 5.829057e+17 3.397790e+35
4.100000e-16 6.414012e+17 4.113954e+35
4.150000e-16 7.049045e+17 4.968904e+35
4.200000e-16 7.737708e+17 5.987213e+35
4.250000e-16 8.483749e+17 7.197400e+35
4.300000e-16 9.291122e+17 8.632495e+35
4.350000e-16 1.016400e+18 1.033069e+36
4.400000e-16 1.110677e+18 1.233603e+36
4.450000e-16 1.212405e+18 1.469927e+36
4.500000e-16 1.322072e+18 1.747875e+36
4.550000e-16 1.440188e+18 2.074143e+36
4.600000e-16 1.567291e+18 2.456400e+36
4.650000e-16 1.703943e+18 2.903421e+36
4.700000e-16 1.850736e+18 3.425223e+36
4.750000e-16 2.008289e+18 4.033226e+36
4.800000e-16 2.177253e+18 4.740430e+36
4.850000e-16 2.358305e+18 5.561604e+36
4.900000e-16 2.552158e+18 6.513511e+36
4.950000e-16 2.759554e+18 7.615140e+36
5.000000e-16 2.981271e+18 8.887975e+36
5.050000e-16 3.218118e+18 1.035629e+37
5.100000e-16 3.470944e+18 1.204745e+37
5.150000e-16 3.740630e+18 1.399231e+37
5.200000e-16 4.028098e+18 1.622557e+37
5.250000e-16 4.334305e+18 1.878620e+37
5.300000e-16 4.660252e+18 2.171795e+37
5.350000e-16 5.006976e+18 2.506981e+37
5.400000e-16 5.375559e+18 2.889664e+37
5.450000e-16 5.767125e+18 3.325974e+37
5.500000e-16 6.182842e+18 3.822754e+37
5.550000e-16 6.623922e+18 4.387634e+37
5.600000e-16 7.091624e+18 5.029112e+37
5.650000e-16 7.587253e+18 5.756641e+37
5.700000e-16 8.112165e+18 6.580722e+37
5.750000e-16 8.667763e+18 7.513011e+37
5.800000e-16 9.255500e+18 8.566429e+37
5.850000e-16 9.876883e+18 9.755283e+37
5.900000e-16 1.053347e+19 1.109540e+38
5.950000e-16 1.122687e+19 1.260427e+38
6.000000e-16 1.195876e+19 1.430119e+38
6.050000e-16 1.273085e+19 1.620746e+38
6.100000e-16 1.354493e+19 1.834651e+38
6.150000e-16 1.440283e+19 2.074416e+38
6.200000e-16 1.530646e+19 2.342876e+38
6.250000e-16 1.625776e+19 2.643147e+38
6.300000e-16 1.725876e+19 2.978647e+38
6.350000e-16 1.831153e+19 3.353123e+38
6.400000e-16 1.941823e+19 3.770678e+38
6.450000e-16 2.058106e+19 4.235802e+38
6.500000e-16 2.180230e+19 4.753404e+38
6.550000e-16 2.308428e+19 5.328842e+38
6.600000e-16 2.442942e+19 5.967965e+38
6.650000e-16 2.584018e+19 6.677151e+38
6.700000e-16 2.731912e+19 7.463345e+38
6.750000e-16 2.886885e+19 8.334105e+38
6.800000e-16 3.049205e+19 9.297653e+38
6.850000e-16 3.219149e+19 1.036292e+39
6.900000e-16 3.396998e+19 1.153960e+39
6.950000e-16 3.583045e+19 1.283821e+39
7.000000e-16 3.777586e+19 1.427015e+39
7.050000e-16 3.980926e+19 1.584778e+39
7.100000e-16 4.193380e+19 1.758443e+39
7.150000e-16 4.415266e+19 1.949457e+39
7.200000e-16 4.646914e+19 2.159381e+39
7.250000e-16 4.888659e+19 2.389898e+39
7.300000e-16 5.140845e+19 2.642828e+39
7.350000e-16 5.403823e+19 2.920131e+39
7.400000e-16 5.677954e+19 3.223917e+39
7.450000e-16 5.963605e+19 3.556459e+39
7.500000e-16 6.261152e+19 3.920202e+39
7.550000e-16 6.570978e+19 4.317775e+39
7.600000e-16 6.893474e+19 4.751999e+39
7.650000e-16 7.229042e+19 5.225905e+39
7.700000e-16 7.578089e+19 5.742743e+39
7.750000e-16 7.941031e+19 6.305997e+39
7.800000e-16 8.318292e+19 6.919398e+39
7.850000e-16 8.710306e+19 7.586943e+39
7.900000e-16 9.117513e+19 8.312904e+39
7.950000e-16 9.540362e+19 9.101850e+39
8.000000e-16 9.979311e+19 9.958664e+39
8.050000e-16 1.043482e+20 1.088856e+40
8.100000e-16 1.090738e+20 1.189709e+40
8.150000e-16 1.139745e+20 1.299019e+40
8.200000e-16 1.190553e+20 1.417417e+40
8.250000e-16 1.243213e+20 1.545578e+40
8.300000e-16 1.297773e+20 1.684216e+40
8.350000e-16 1.354287e+20 1.834093e+40
8.400000e-16 1.412806e+20 1.996020e+40
8.450000e-16 1.473383e+20 2.170857e+40
8.500000e-16 1.536072e+20 2.359516e+40
8.550000e-16 1.600927e+20 2.562968e+40
8.600000e-16 1.668005e+20 2.782239e+40
8.650000e-16 1.737360e+20 3.018419e+40
8.700000e-16 1.809050e+20 3.272663e+40
8.750000e-16 1.883133e+20 3.546190e+40
8.800000e-16 1.959667e+20 3.840294e+40
8.850000e-16 2.038710e+20 4.156340e+40
8.900000e-16 2.120324e+20 4.495773e+40
8.950000e-16 2.204567e+20 4.860117e+40
9.000000e-16 2.291502e+20 5.250983e+40
9.050000e-16 2.381191e+20 5.670069e+40
9.100000e-16 2.473695e+20 6.119166e+40
9.150000e-16 2.569078e+20 6.600161e+40
9.200000e-16 2.667404e+20 7.115042e+40
9.250000e-16 2.768737e+20 7.665902e+40
9.300000e-16 2.873142e+20 8.254943e+40
9.350000e-16 2.980684e+20 8.884480e+40
9.400000e-16 3.091431e+20 9.556946e+40
9.450000e-16 3.205448e+20 1.027490e+41
9.500000e-16 3.322803e+20 1.104102e+41
9.550000e-16 3.443563e+20 1.185812e+41
9.600000e-16 3.567796e+20 1.272917e+41
9.650000e-16 3.695572e+20 1.365725e+41
9.700000e-16 3.826958e+20 1.464561e+41
9.750000e-16 3.962025e+20 1.569764e+41
9.800000e-16 4.100843e+20 1.681691e+41
9.850000e-16 4.243480e+20 1.800713e+41
9.900000e-16 4.390009e+20 1.927218e+41
9.950000e-16 4.540499e+20 2.061613e+41
1.000000e-15 4.695022e+20 2.204323e+41
1.005000e-15 4.853649e+20 2.355791e+41
1.010000e-15 5.016451e+20 2.516478e+41
1.015000e-15 5.183501e+20 2.686868e+41
1.020000e-15 5.354869e+20 2.867462e+41
1.025000e-15 5.530628e+20 3.058785e+41
1.030000e-15 5.710850e+20 3.261380e+41
1.035000e-15 5.895606e+20 3.475817e+41
1.040000e-15 6.084970e+20 3.702686e+41
1.045000e-15 6.279012e+20 3.942599e+41
1.050000e-15 6.477805e+20 4.196196e+41
1.055000e-15 6.681421e+20 4.464139e+41
1.060000e-15 6.889932e+20 4.747116e+41
1.065000e-15 7.103409e+20 5.045841e+41
1.070000e-15 7.321923e+20 5.361055e+41
1.075000e-15 7.545545e+20 5.693525e+41
1.080000e-15 7.774348e+20 6.044048e+41
1.085000e-15 8.008400e+20 6.413447e+41
1.090000e-15 8.247772e+20 6.802574e+41
1.095000e-15 8.492534e+20 7.212314e+41
1.100000e-15 8.742756e+20 7.643578e+41
1.105000e-15 8.998505e+20 8.097309e+41
1.110000e-15 9.259851e+20 8.574483e+41
1.115000e-15 9.526860e+20 9.076106e+41
1.120000e-15 9.799601e+20 9.603217e+41
1.125000e-15 1.007814e+21 1.015689e+42
1.130000e-15 1.036254e+21 1.073822e+42
1.135000e-15 1.065287e+21 1.134836e+42
1.140000e-15 1.094919e+21 1.198847e+42
1.145000e-15 1.125157e+21 1.265977e+42
1.150000e-15 1.156006e+21 1.336350e+42
1.155000e-15 1.187473e+21 1.410092e+42
1.160000e-15 1.219564e+21 1.487337e+42
1.165000e-15 1.252285e+21 1.568219e+42
1.170000e-15 1.285642e+21 1.652876e+42
1.175000e-15 1.319640e+21 1.741451e+42
1.180000e-15 1.354286e+21 1.834090e+42
1.185000e-15 1.389583e+21 1.930942e+42
1.190000e-15 1.425539e+21 2.032161e+42
1.195000e-15 1.462157e+21 2.137904e+42
1.200000e-15 1.499444e+21 2.248332e+42
1.205000e-15 1.537403e+21 2.363609e+42
1.210000e-15 1.576041e+21 2.483904e+42
1.215000e-15 1.615360e+21 2.609389e+42
1.220000e-15 1.655367e+21 2.740240e+42
1.225000e-15 1.696065e+21 2.876635e+42
1.230000e-15 1.737458e+21 3.018759e+42
1.235000e-15 1.779550e+21 3.166797e+42
1.240000e-15 1.822345e+21 3.320940e+42
1.245000e-15 1.865846e+21 3.481383e+42
1.250000e-15 1.910058e+21 3.648321e+42
1.255000e-15 1.954983e+21 3.821957e+42
1.260000e-15 2.000624e+21 4.002494e+42
1.265000e-15 2.046983e+21 4.190140e+42
1.270000e-15 2.094065e+21 4.385106e+42
1.275000e-15 2.141870e+21 4.587606e+42
1.280000e-15 2.190401e+21 4.797856e+42
1.285000e-15 2.239660e+21 5.016076e+42
1.290000e-15 2.289649e+21 5.242491e+42
1.295000e-15 2.340368e+21 5.477324e+42
1.300000e-15 2.391821e+21 5.720805e+42
1.305000e-15 2.444006e+21 5.973165e+42
1.310000e-15 2.496925e+21 6.234636e+42
1.315000e-15 2.550579e+21 6.505454e+42
1.320000e-15 2.604968e+21 6.785856e+42
1.325000e-15 2.660091e+21 7.076083e+42
1.330000e-15 2.715948e+21 7.376374e+42
1.335000e-15 2.772539e+21 7.686974e+42
1.340000e-15 2.829863e+21 8.008126e+42
1.345000e-15 2.887919e+21 8.340076e+42
1.350000e-15 2.946705e+21 8.683069e+42
1.355000e-15 3.006219e+21 9.037354e+42
1.360000e-15 3.066460e+21 9.403178e+42
1.365000e-15 3.127425e+21 9.780790e+42
1.370000e-15 3.189112e+21 1.017044e+43
1.375000e-15 3.251518e+21 1.057237e+43
1.380000e-15 3.314638e+21 1.098683e+43
1.385000e-15 3.378471e+21 1.141407e+43
1.390000e-15 3.443012e+21 1.185433e+43
1.395000e-15 3.508256e+21 1.230786e+43
1.400000e-15 3.574200e+21 1.277491e+43
1.405000e-15 3.640839e+21 1.325571e+43
1.410000e-15 3.708166e+21 1.375050e+43
1.415000e-15 3.776178e+21 1.425952e+43
1.420000e-15 3.844867e+21 1.478301e+43
1.425000e-15 3.914229e+21 1.532119e+43
1.430000e-15 3.984256e+21 1.587429e+43
1.435000e-15 4.054941e+21 1.644255e+43
1.440000e-15 4.126278e+21 1.702617e+43
1.445000e-15 4.198258e+21 1.762537e+43
1.450000e-15 4.270874e+21 1.824037e+43
1.455000e-15 4.344118e+21 1.887136e+43
1.460000e-15 4.417981e+21 1.951856e+43
1.465000e-15 4.492454e+21 2.018214e+43
1.470000e-15 4.567528e+21 2.086231e+43
1.475000e-15 4.643193e+21 2.155924e+43
1.480000e-15 4.719438e+21 2.227310e+43
1.485000e-15 4.796255e+21 2.300406e+43
1.490000e-15 4.873631e+21 2.375228e+43
1.495000e-15 4.951556e+21 2.451791e+43
1.500000e-15 5.030018e+21 2.530108e+43
1.505000e-15 5.109006e+21 2.610194e+43
1.510000e-15 5.188507e+21 2.692060e+43
1.515000e-15 5.268508e+21 2.775718e+43
1.520000e-15 5.348997e+21 2.861177e+43
1.525000e-15 5.429960e+21 2.948447e+43
1.530000e-15 5.511384e+21 3.037535e+43
1.535000e-15 5.593255e+21 3.128450e+43
1.540000e-15 5.675557e+21 3.221195e+43
1.545000e-15 5.758277e+21 3.315776e+43
1.550000e-15 5.841400e+21 3.412195e+43
1.555000e-15 5.924909e+21 3.510454e+43
1.560000e-15 6.008789e+21 3.610554e+43
1.565000e-15 6.093023e+21 3.712493e+43
1.570000e-15 6.177596e+21 3.816269e+43
1.575000e-15 6.262490e+21 3.921878e+43
1.580000e-15 6.347688e+21 4.029314e+43
1.585000e-15 6.433172e+21 4.138570e+43
1.590000e-15 6.518924e+21 4.249637e+43
1.595000e-15 6.604927e+21 4.362506e+43
1.600000e-15 6.691160e+21 4.477163e+43
1.605000e-15 6.777607e+21 4.593595e+43
1.610000e-15 6.864246e+21 4.711787e+43
1.615000e-15 6.951058e+21 4.831721e+43
1.620000e-15 7.038024e+21 4.953378e+43
1.625000e-15 7.125122e+21 5.076737e+43
1.630000e-15 7.212334e+21 5.201776e+43
1.635000e-15 7.299636e+21 5.328469e+43
1.640000e-15 7.387009e+21 5.456790e+43
1.645000e-15 7.474430e+21 5.586710e+43
1.650000e-15 7.561878e+21 5.718200e+43
1.655000e-15 7.649330e+21 5.851226e+43
1.660000e-15 7.736765e+21 5.985753e+43
1.665000e-15 7.824159e+21 6.121746e+43
1.670000e-15 7.911489e+21 6.259166e+43
1.675000e-15 7.998732e+21 6.397971e+43
1.680000e-15 8.085864e+21 6.538120e+43
1.685000e-15 8.172863e+21 6.679568e+43
1.690000e-15 8.259702e+21 6.822268e+43
1.695000e-15 8.346359e+21 6.966170e+43
1.700000e-15 8.432808e+21 7.111225e+43
1.705000e-15 8.519025e+21 7.257378e+43
1.710000e-15 8.604984e+21 7.404575e+43
1.715000e-15 8.690661e+21 7.552759e+43
1.720000e-15 8.776030e+21 7.701870e+43
1.725000e-15 8.861065e+21 7.851847e+43
1.730000e-15 8.945740e+21 8.002626e+43
1.735000e-15 9.030029e+21 8.154143e+43
1.740000e-15 9.113907e+21 8.306330e+43
1.745000e-15 9.197346e+21 8.459117e+43
1.750000e-15 9.280320e+21 8.612433e+43
1.755000e-15 9.362802e+21 8.766205e+43
1.760000e-15 9.444765e+21 8.920358e+43
1.765000e-15 9.526182e+21 9.074815e+43
1.770000e-15 9.607027e+21 9.229496e+43
1.775000e-15 9.687271e+21 9.384321e+43
1.780000e-15 9.766887e+21 9.539208e+43
1.785000e-15 9.845848e+21 9.694073e+43
1.790000e-15 9.924126e+21 9.848829e+43
1.795000e-15 1.000169e+22 1.000339e+44
1.800000e-15 1.007852e+22 1.015766e+44
1.805000e-15 1.015459e+22 1.031156e+44
1.810000e-15 1.022986e+22 1.046500e+44
1.815000e-15 1.030430e+22 1.061787e+44
1.820000e-15 1.037790e+22 1.077008e+44
1.825000e-15 1.045062e+22 1.092155e+44
1.830000e-15 1.052244e+22 1.107217e+44
1.835000e-15 1.059332e+22 1.122184e+44
1.840000e-15 1.066324e+22 1.137046e+44
1.845000e-15 1.073216e+22 1.151793e+44
1.850000e-15 1.080008e+22 1.166416e+44
1.855000e-15 1.086694e+22 1.180904e+44
1.860000e-15 1.093274e+22 1.195247e+44
1.865000e-15 1.099743e+22 1.209434e+44
1.870000e-15 1.106099e+22 1.223455e+44
1.875000e-15 1.112340e+22 1.237300e+44
1.880000e-15 1.118462e+22 1.250958e+44
1.885000e-15 1.124464e+22 1.264418e+44
1.890000e-15 1.130341e+22 1.277671e+44
1.895000e-15 1.136092e+22 1.290705e+44
1.900000e-15 1.141714e+22 1.303511e+44
1.905000e-15 1.147204e+22 1.316077e+44
1.910000e-15 1.152559e+22 1.328393e+44
1.915000e-15 1.157777e+22 1.340449e+44
1.920000e-15 1.162856e+22 1.352234e+44
1.925000e-15 1.167792e+22 1.363738e+44
1.930000e-15 1.172583e+22 1.374951e+44
1.935000e-15 1.177227e+22 1.385862e+44
1.940000e-15 1.181720e+22 1.396462e+44
1.945000e-15 1.186061e+22 1.406741e+44
1.950000e-15 1.190247e+22 1.416688e+44
1.955000e-15 1.194276e+22 1.426294e+44
1.960000e-15 1.198144e+22 1.435549e+44
1.965000e-15 1.201851e+22 1.444445e+44
1.970000e-15 1.205392e+22 1.452971e+44
1.975000e-15 1.208767e+22 1.461118e+44
1.980000e-15 1.211973e+22 1.468878e+44
1.985000e-15 1.215007e+22 1.476241e+44
1.990000e-15 1.217867e+22 1.483201e+44
1.995000e-15 1.220552e+22 1.489747e+44
2.000000e-15 1.223058e+22 1.495872e+44
2.005000e-15 1.225385e+22 1.501568e+44
2.010000e-15 1.227529e+22 1.506828e+44
2.015000e-15 1.229489e+22 1.511644e+44
2.020000e-15 1.231263e+22 1.516010e+44
2.025000e-15 1.232850e+22 1.519918e+44
2.030000e-15 1.234246e+22 1.523362e+44
2.035000e-15 1.235450e+22 1.526337e+44
2.040000e-15 1.236461e+22 1.528835e+44
2.045000e-15 1.237276e+22 1.530852e+44
2.050000e-15 1.237895e+22 1.532384e+44
2.055000e-15 1.238315e+22 1.533423e+44
2.060000e-15 1.238535e+22 1.533968e+44
2.065000e-15 1.238553e+22 1.534013e+44
2.070000e-15 1.238368e+22 1.533554e+44
2.075000e-15 1.237978e+22 1.532589e+44
2.080000e-15 1.237382e+22 1.531115e+44
2.085000e-15 1.236579e+22 1.529129e+44
2.090000e-15 1.235568e+22 1.526628e+44
2.095000e-15 1.234347e+22 1.523612e+44
2.100000e-15 1.232915e+22 1.520080e+44
2.105000e-15 1.231271e+22 1.516029e+44
2.110000e-15 1.229415e+22 1.511461e+44
2.115000e-15 1.227344e+22 1.506374e+44
2.120000e-15 1.225059e+22 1.500770e+44
2.125000e-15 1.222558e+22 1.494649e+44
2.130000e-15 1.219841e+22 1.488013e+44
2.135000e-15 1.216908e+22 1.480864e+44
2.140000e-15 1.213756e+22 1.473204e+44
2.145000e-15 1.210387e+22 1.465036e+44
2.150000e-15 1.206798e+22 1.456362e+44
2.155000e-15 1.202991e+22 1.447188e+44
2.160000e-15 1.198965e+22 1.437516e+44
2.165000e-15 1.194718e+22 1.427352e+44
2.170000e-15 1.190252e+22 1.416701e+44
2.175000e-15 1.185566e+22 1.405568e+44
2.180000e-15 1.180660e+22 1.393959e+44
2.185000e-15 1.175534e+22 1.381881e+44
2.190000e-15 1.170188e+22 1.369341e+44
2.195000e-15 1.164623e+22 1.356346e+44
2.200000e-15 1.158837e+22 1.342904e+44
2.205000e-15 1.152833e+22 1.329023e+44
2.210000e-15 1.146609e+22 1.314713e+44
2.215000e-15 1.140167e+22 1.299981e+44
2.220000e-15 1.133507e+22 1.284839e+44
2.225000e-15 1.126630e+22 1.269296e+44
2.230000e-15 1.119537e+22 1.253362e+44
2.235000e-15 1.112227e+22 1.237049e+44
2.240000e-15 1.104702e+22 1.220367e+44
2.245000e-15 1.096963e+22 1.203329e+44
2.250000e-15 1.089011e+22 1.185946e+44
2.255000e-15 1.080847e+22 1.168231e+44
2.260000e-15 1.072472e+22 1.150196e+44
2.265000e-15 1.063887e+22 1.131856e+44
2.270000e-15 1.055094e+22 1.113222e+44
2.275000e-15 1.046093e+22 1.094310e+44
2.280000e-15 1.036887e+22 1.075134e+44
2.285000e-15 1.027476e+22 1.055707e+44
2.290000e-15 1.017863e+22 1.036045e+44
2.295000e-15 1.008049e+22 1.016162e+44
2.300000e-15 9.980352e+21 9.960742e+43
2.305000e-15 9.878243e+21 9.757968e+43
2.310000e-15 9.774179e+21 9.553457e+43
2.315000e-15 9.668178e+21 9.347367e+43
2.320000e-15 9.560263e+21 9.139862e+43
2.325000e-15 9.450452e+21 8.931105e+43
2.330000e-15 9.338769e+21 8.721261e+43
2.335000e-15 9.225236e+21 8.510497e+43
2.340000e-15 9.109875e+21 8.298983e+43
2.345000e-15 8.992712e+21 8.086886e+43
2.350000e-15 8.873770e+21 7.874379e+43
2.355000e-15 8.753075e+21 7.661632e+43
2.360000e-15 8.630653e+21 7.448817e+43
2.365000e-15 8.506531e+21 7.236107e+43
2.370000e-15 8.380736e+21 7.023674e+43
2.375000e-15 8.253297e+21 6.811691e+43
2.380000e-15 8.124242e+21 6.600331e+43
2.385000e-15 7.993601e+21 6.389765e+43
2.390000e-15 7.861403e+21 6.180166e+43
2.395000e-15 7.727680e+21 5.971704e+43
2.400000e-15 7.592464e+21 5.764550e+43
2.405000e-15 7.455785e+21 5.558873e+43
2.410000e-15 7.317677e+21 5.354840e+43
2.415000e-15 7.178173e+21 5.152617e+43
2.420000e-15 7.037308e+21 4.952370e+43
2.425000e-15 6.895114e+21 4.754260e+43
2.430000e-15 6.751629e+21 4.558449e+43
2.435000e-15 6.606886e+21 4.365094e+43
2.440000e-15 6.460923e+21 4.174352e+43
2.445000e-15 6.313776e+21 3.986377e+43
2.450000e-15 6.165482e+21 3.801317e+43
2.455000e-15 6.016080e+21 3.619322e+43
2.460000e-15 5.865607e+21 3.440535e+43
2.465000e-15 5.714103e+21 3.265097e+43
2.470000e-15 5.561606e+21 3.093147e+43
2.475000e-15 5.408157e+21 2.924817e+43
2.480000e-15 5.253796e+21 2.760237e+43
2.485000e-15 5.098564e+21 2.599535e+43
2.490000e-15 4.942500e+21 2.442831e+43
2.495000e-15 4.785649e+21 2.290243e+43
2.500000e-15 4.628050e+21 2.141885e+43
2.505000e-15 4.469747e+21 1.997864e+43
2.510000e-15 4.310782e+21 1.858284e+43
2.515000e-15 4.151198e+21 1.723245e+43
2.520000e-15 3.991040e+21 1.592840e+43
2.525000e-15 3.830350e+21 1.467158e+43
2.530000e-15 3.669173e+21 1.346283e+43
2.535000e-15 3.507552e+21 1.230292e+43
2.540000e-15 3.345534e+21 1.119260e+43
2.545000e-15 3.183163e+21 1.013252e+43
2.550000e-15 3.020483e+21 9.123319e+42
2.555000e-15 2.857541e+21 8.165543e+42
2.560000e-15 2.694383e+21 7.259698e+42
2.565000e-15 2.531053e+21 6.406229e+42
2.570000e-15 2.367598e+21 5.605522e+42
2.575000e-15 2.204065e+21 4.857903e+42
2.580000e-15 2.040500e+21 4.163639e+42
2.585000e-15 1.876949e+21 3.522937e+42
2.590000e-15 1.713459e+21 2.935940e+42
2.595000e-15 1.550076e+21 2.402736e+42
2.600000e-15 1.386849e+21 1.923349e+42
2.605000e-15 1.223822e+21 1.497741e+42
2.610000e-15 1.061044e+21 1.125815e+42
2.615000e-15 8.985622e+20 8.074140e+41
2.620000e-15 7.364224e+20 5.423180e+41
2.625000e-15 5.746721e+20 3.302481e+41
2.630000e-15 4.133584e+20 1.708651e+41
2.635000e-15 2.525281e+20 6.377043e+40
2.640000e-15 9.222813e+19 8.506029e+39
2.645000e-15 -6.749461e+19 4.555522e+39
2.650000e-15 -2.265934e+20 5.134457e+40
2.655000e-15 -3.850217e+20 1.482417e+41
2.660000e-15 -5.427328e+20 2.945589e+41
2.665000e-15 -6.996806e+20 4.895530e+41
2.670000e-15 -8.558188e+20 7.324258e+41
2.675000e-15 -1.011101e+21 1.022326e+42
2.680000e-15 -1.165482e+21 1.358349e+42
2.685000e-15 -1.318917e+21 1.739541e+42
2.690000e-15 -1.471358e+21 2.164895e+42
2.695000e-15 -1.622762e+21 2.633358e+42
2.700000e-15 -1.773084e+21 3.143828e+42
2.705000e-15 -1.922279e+21 3.695158e+42
2.710000e-15 -2.070303e+21 4.286155e+42
2.715000e-15 -2.217112e+21 4.915585e+42
2.720000e-15 -2.362662e+21 5.582172e+42
2.725000e-15 -2.506910e+21 6.284599e+42
2.730000e-15 -2.649814e+21 7.021513e+42
2.735000e-15 -2.791330e+21 7.791523e+42
2.740000e-15 -2.931417e+21 8.593206e+42
2.745000e-15 -3.070033e+21 9.425104e+42
2.750000e-15 -3.207137e+21 1.028573e+43
2.755000e-15 -3.342688e+21 1.117357e+43
2.760000e-15 -3.476646e+21 1.208707e+43
2.765000e-15 -3.608972e+21 1.302468e+43
2.770000e-15 -3.739625e+21 1.398479e+43
2.775000e-15 -3.868567e+21 1.496581e+43
2.780000e-15 -3.995760e+21 1.596610e+43
2.785000e-15 -4.121166e+21 1.698401e+43
2.790000e-15 -4.244748e+21 1.801789e+43
2.795000e-15 -4.366470e+21 1.906606e+43
2.800000e-15 -4.486296e+21 2.012685e+43
2.805000e-15 -4.604190e+21 2.119856e+43
2.810000e-15 -4.720117e+21 2.227951e+43
2.815000e-15 -4.834044e+21 2.336799e+43
2.820000e-15 -4.945938e+21 2.446230e+43
2.825000e-15 -5.055765e+21 2.556076e+43
2.830000e-15 -5.163493e+21 2.666166e+43
2.835000e-15 -5.269092e+21 2.776333e+43
2.840000e-15 -5.372530e+21 2.886408e+43
2.845000e-15 -5.473778e+21 2.996224e+43
2.850000e-15 -5.572805e+21 3.105616e+43
2.855000e-15 -5.669585e+21 3.214420e+43
2.860000e-15 -5.764089e+21 3.322472e+43
2.865000e-15 -5.856290e+21 3.429613e+43
2.870000e-15 -5.946162e+21 3.535685e+43
2.875000e-15 -6.033680e+21 3.640530e+43
2.880000e-15 -6.118819e+21 3.743995e+43
2.885000e-15 -6.201555e+21 3.845929e+43
2.890000e-15 -6.281866e+21 3.946183e+43
2.895000e-15 -6.359728e+21 4.044614e+43
2.900000e-15 -6.435122e+21 4.141079e+43
2.905000e-15 -6.508026e+21 4.235440e+43
2.910000e-15 -6.578421e+21 4.327562e+43
2.915000e-15 -6.646287e+21 4.417314e+43
2.920000e-15 -6.711609e+21 4.504569e+43
2.925000e-15 -6.774367e+21 4.589205e+43
2.930000e-15 -6.834546e+21 4.671102e+43
2.935000e-15 -6.892132e+21 4.750148e+43
2.940000e-15 -6.947108e+21 4.826232e+43
2.945000e-15 -6.999463e+21 4.899249e+43
2.950000e-15 -7.049184e+21 4.969099e+43
2.955000e-15 -7.096258e+21 5.035688e+43
2.960000e-15 -7.140676e+21 5.098926e+43
2.965000e-15 -7.182428e+21 5.158727e+43
2.970000e-15 -7.221504e+21 5.215012e+43
2.975000e-15 -7.257897e+21 5.267706e+43
2.980000e-15 -7.291599e+21 5.316742e+43
2.985000e-15 -7.322606e+21 5.362056e+43
2.990000e-15 -7.350911e+21 5.403590e+43
2.995000e-15 -7.376511e+21 5.441291e+43
3.000000e-15 -7.399402e+21 5.475115e+43
3.005000e-15 -7.419582e+21 5.505020e+43
3.010000e-15 -7.437050e+21 5.530972e+43
3.015000e-15 -7.451806e+21 5.552941e+43
3.020000e-15 -7.463849e+21 5.570904e+43
3.025000e-15 -7.473182e+21 5.584845e+43
3.030000e-15 -7.479807e+21 5.594751e+43
3.035000e-15 -7.483728e+21 5.600618e+43
3.040000e-15 -7.484948e+21 5.602445e+43
3.045000e-15 -7.483474e+21 5.600238e+43
3.050000e-15 -7.479311e+21 5.594009e+43
3.055000e-15 -7.472466e+21 5.583775e+43
3.060000e-15 -7.462949e+21 5.569560e+43
3.065000e-15 -7.450767e+21 5.551393e+43
3.070000e-15 -7.435932e+21 5.529308e+43
3.075000e-15 -7.418453e+21 5.503344e+43
3.080000e-15 -7.398343e+21 5.473548e+43
3.085000e-15 -7.375615e+21 5.439970e+43
3.090000e-15 -7.350282e+21 5.402665e+43
3.095000e-15 -7.322359e+21 5.361695e+43
3.100000e-15 -7.291862e+21 5.317125e+43
3.105000e-15 -7.258807e+21 5.269028e+43
3.110000e-15 -7.223211e+21 5.217477e+43
3.115000e-15 -7.185092e+21 5.162555e+43
3.120000e-15 -7.144471e+21 5.104346e+43
3.125000e-15 -7.101366e+21 5.042940e+43
3.130000e-15 -7.055798e+21 4.978429e+43
3.135000e-15 -7.007790e+21 4.910913e+43
3.140000e-15 -6.957364e+21 4.840491e+43
3.145000e-15 -6.904543e+21 4.767272e+43
3.150000e-15 -6.849352e+21 4.691362e+43
3.155000e-15 -6.791815e+21 4.612875e+43
3.160000e-15 -6.731958e+21 4.531926e+43
3.165000e-15 -6.669809e+21 4.448635e+43
3.170000e-15 -6.605395e+21 4.363124e+43
3.175000e-15 -6.538743e+21 4.275516e+43
3.180000e-15 -6.469884e+21 4.185939e+43
3.185000e-15 -6.398846e+21 4.094523e+43
3.190000e-15 -6.325661e+21 4.001398e+43
3.195000e-15 -6.250359e+21 3.906699e+43
3.200000e-15 -6.172974e+21 3.810560e+43
3.205000e-15 -6.093536e+21 3.713119e+43
3.210000e-15 -6.012081e+21 3.614512e+43
3.215000e-15 -5.928643e+21 3.514880e+43
3.220000e-15 -5.843255e+21 3.414363e+43
3.225000e-15 -5.755954e+21 3.313100e+43
3.230000e-15 -5.666775e+21 3.211234e+43
3.235000e-15 -5.575756e+21 3.108906e+43
3.240000e-15 -5.482934e+21 3.006257e+43
3.245000e-15 -5.388347e+21 2.903428e+43
3.250000e-15 -5.292034e+21 2.800562e+43
3.255000e-15 -5.194033e+21 2.697798e+43
3.260000e-15 -5.094385e+21 2.595276e+43
3.265000e-15 -4.993131e+21 2.493135e+43
3.270000e-15 -4.890310e+21 2.391513e+43
3.275000e-15 -4.785964e+21 2.290545e+43
3.280000e-15 -4.680135e+21 2.190367e+43
3.285000e-15 -4.572866e+21 2.091111e+43
3.290000e-15 -4.464200e+21 1.992908e+43
3.295000e-15 -4.354179e+21 1.895888e+43
3.300000e-15 -4.242848e+21 1.800176e+43
3.305000e-15 -4.130251e+21 1.705897e+43
3.310000e-15 -4.016432e+21 1.613172e+43
3.315000e-15 -3.901436e+21 1.522120e+43
3.320000e-15 -3.785309e+21 1.432857e+43
3.325000e-15 -3.668097e+21 1.345493e+43
3.330000e-15 -3.549845e+21 1.260140e+43
3.335000e-15 -3.430600e+21 1.176902e+43
3.340000e-15 -3.310409e+21 1.095881e+43
3.345000e-15 -3.189318e+21 1.017175e+43
3.350000e-15 -3.067375e+21 9.408790e+42
3.355000e-15 -2.944628e+21 8.670831e+42
3.360000e-15 -2.821123e+21 7.958736e+42
3.365000e-15 -2.696910e+21 7.273322e+42
3.370000e-15 -2.572036e+21 6.615368e+42
3.375000e-15 -2.446549e+21 5.985603e+42
3.380000e-15 -2.320499e+21 5.384714e+42
3.385000e-15 -2.193933e+21 4.813341e+42
3.390000e-15 -2.066901e+21 4.272078e+42
3.395000e-15 -1.939451e+21 3.761468e+42
3.400000e-15 -1.811632e+21 3.282010e+42
3.405000e-15 -1.683493e+21 2.834150e+42
3.410000e-15 -1.555084e+21 2.418288e+42
3.415000e-15 -1.426454e+21 2.034771e+42
3.420000e-15 -1.297651e+21 1.683898e+42
3.425000e-15 -1.168725e+21 1.365918e+42
3.430000e-15 -1.039725e+21 1.081027e+42
3.435000e-15 -9.106993e+20 8.293732e+41
3.440000e-15 -7.816978e+20 6.110515e+41
3.445000e-15 -6.527691e+20 4.261076e+41
3.450000e-15 -5.239621e+20 2.745363e+41
3.455000e-15 -3.953254e+20 1.562822e+41
3.460000e-15 -2.669077e+20 7.123970e+40
3.465000e-15 -1.387572e+20 1.925357e+40
3.470000e-15 -1.092236e+19 1.192978e+38
3.475000e-15 1.165489e+20 1.358364e+40
3.480000e-15 2.436086e+20 5.934516e+40
3.485000e-15 3.702092e+20 1.370549e+41
3.490000e-15 4.963033e+20 2.463170e+41
3.495000e-15 6.218438e+20 3.866897e+41
3.500000e-15 7.467838e+20 5.576860e+41
3.505000e-15 8.710768e+20 7.587747e+41
3.510000e-15 9.946764e+20 9.893812e+41
3.515000e-15 1.117537e+21 1.248889e+42
3.520000e-15 1.239613e+21 1.536639e+42
3.525000e-15 1.360858e+21 1.851936e+42
3.530000e-15 1.481229e+21 2.194041e+42
3.535000e-15 1.600681e+21 2.562181e+42
3.540000e-15 1.719170e+21 2.955545e+42
3.545000e-15 1.836652e+21 3.373290e+42
3.550000e-15 1.953084e+21 3.814536e+42
3.555000e-15 2.068423e+21 4.278375e+42
3.560000e-15 2.182628e+21 4.763865e+42
3.565000e-15 2.295656e+21 5.270038e+42
3.570000e-15 2.407467e+21 5.795897e+42
3.575000e-15 2.518019e+21 6.340422e+42
3.580000e-15 2.627274e+21 6.902567e+42
3.585000e-15 2.735190e+21 7.481264e+42
3.590000e-15 2.841729e+21 8.075425e+42
3.595000e-15 2.946853e+21 8.683945e+42
3.600000e-15 3.050525e+21 9.305700e+42
3.605000e-15 3.152705e+21 9.939551e+42
3.610000e-15 3.253360e+21 1.058435e+43
3.615000e-15 3.352451e+21 1.123893e+43
3.620000e-15 3.449944e+21 1.190212e+43
3.625000e-15 3.545805e+21 1.257274e+43
3.630000e-15 3.640000e+21 1.324960e+43
3.635000e-15 3.732495e+21 1.393152e+43
3.640000e-15 3.823258e+21 1.461730e+43
3.645000e-15 3.912257e+21 1.530575e+43
3.650000e-15 3.999461e+21 1.599568e+43
3.655000e-15 4.084839e+21 1.668591e+43
3.660000e-15 4.168363e+21 1.737525e+43
3.665000e-15 4.250003e+21 1.806253e+43
3.670000e-15 4.329732e+21 1.874658e+43
3.675000e-15 4.407521e+21 1.942624e+43
3.680000e-15 4.483345e+21 2.010038e+43
3.685000e-15 4.557178e+21 2.076787e+43
3.690000e-15 4.628996e+21 2.142760e+43
3.695000e-15 4.698773e+21 2.207847e+43
3.700000e-15 4.766488e+21 2.271940e+43
3.705000e-15 4.832117e+21 2.334935e+43
3.710000e-15 4.895639e+21 2.396728e+43
3.715000e-15 4.957033e+21 2.457218e+43
3.720000e-15 5.016280e+21 2.516307e+43
3.725000e-15 5.073362e+21 2.573900e+43
3.730000e-15 5.128258e+21 2.629903e+43
3.735000e-15 5.180954e+21 2.684228e+43
3.740000e-15 5.231432e+21 2.736788e+43
3.745000e-15 5.279676e+21 2.787498e+43
3.750000e-15 5.325673e+21 2.836280e+43
3.755000e-15 5.369409e+21 2.883056e+43
3.760000e-15 5.410872e+21 2.927753e+43
3.765000e-15 5.450049e+21 2.970303e+43
3.770000e-15 5.486929e+21 3.010639e+43
3.775000e-15 5.521504e+21 3.048700e+43
3.780000e-15 5.553763e+21 3.084428e+43
3.785000e-15 5.583698e+21 3.117769e+43
3.790000e-15 5.611304e+21 3.148673e+43
3.795000e-15 5.636573e+21 3.177095e+43
3.800000e-15 5.659499e+21 3.202993e+43
3.805000e-15 5.680080e+21 3.226331e+43
3.810000e-15 5.698311e+21 3.247075e+43
3.815000e-15 5.714190e+21 3.265197e+43
3.820000e-15 5.727715e+21 3.280672e+43
3.825000e-15 5.738886e+21 3.293482e+43
3.830000e-15 5.747704e+21 3.303610e+43
3.835000e-15 5.754168e+21 3.311045e+43
3.840000e-15 5.758283e+21 3.315782e+43
3.845000e-15 5.760049e+21 3.317817e+43
3.850000e-15 5.759473e+21 3.317153e+43
3.855000e-15 5.756559e+21 3.313797e+43
3.860000e-15 5.751312e+21 3.307759e+43
3.865000e-15 5.743740e+21 3.299055e+43
3.870000e-15 5.733850e+21 3.287704e+43
3.875000e-15 5.721651e+21 3.273729e+43
3.880000e-15 5.707153e+21 3.257159e+43
3.885000e-15 5.690366e+21 3.238026e+43
3.890000e-15 5.671301e+21 3.216365e+43
3.895000e-15 5.649971e+21 3.192217e+43
3.900000e-15 5.626389e+21 3.165625e+43
3.905000e-15 5.600568e+21 3.136637e+43
3.910000e-15 5.572525e+21 3.105303e+43
3.915000e-15 5.542274e+21 3.071680e+43
3.920000e-15 5.509833e+21 3.035826e+43
3.925000e-15 5.475218e+21 2.997802e+43
3.930000e-15 5.438449e+21 2.957673e+43
3.935000e-15 5.399544e+21 2.915508e+43
3.940000e-15 5.358524e+21 2.871378e+43
3.945000e-15 5.315409e+21 2.825357e+43
3.950000e-15 5.270221e+21 2.777523e+43
3.955000e-15 5.222982e+21 2.727954e+43
3.960000e-15 5.173716e+21 2.676734e+43
3.965000e-15 5.122447e+21 2.623947e+43
3.970000e-15 5.069200e+21 2.569679e+43
3.975000e-15 5.014000e+21 2.514020e+43
3.980000e-15 4.956874e+21 2.457060e+43
3.985000e-15 4.897848e+21 2.398892e+43
3.990000e-15 4.836951e+21 2.339610e+43
3.995000e-15 4.774211e+21 2.279309e+43
4.000000e-15 4.709658e+21 2.218088e+43
4.005000e-15 4.643320e+21 2.156042e+43
4.010000e-15 4.575230e+21 2.093273e+43
4.015000e-15 4.505418e+21 2.029879e+43
4.020000e-15 4.433916e+21 1.965961e+43
4.025000e-15 4.360757e+21 1.901620e+43
4.030000e-15 4.285974e+21 1.836957e+43
4.035000e-15 4.209601e+21 1.772074e+43
4.040000e-15 4.131672e+21 1.707071e+43
4.045000e-15 4.052222e+21 1.642050e+43
4.050000e-15 3.971287e+21 1.577112e+43
4.055000e-15 3.888904e+21 1.512357e+43
4.060000e-15 3.805108e+21 1.447884e+43
4.065000e-15 3.719937e+21 1.383793e+43
4.070000e-15 3.633428e+21 1.320180e+43
4.075000e-15 3.545621e+21 1.257143e+43
4.080000e-15 3.456553e+21 1.194776e+43
4.085000e-15 3.366264e+21 1.133173e+43
4.090000e-15 3.274793e+21 1.072427e+43
4.095000e-15 3.182181e+21 1.012628e+43
4.100000e-15 3.088467e+21 9.538631e+42
4.105000e-15 2.993694e+21 8.962201e+42
4.110000e-15 2.897901e+21 8.397828e+42
4.115000e-15 2.801130e+21 7.846330e+42
4.120000e-15 2.703424e+21 7.308502e+42
4.125000e-15 2.604825e+21 6.785111e+42
4.130000e-15 2.505374e+21 6.276900e+42
4.135000e-15 2.405116e+21 5.784583e+42
4.140000e-15 2.304093e+21 5.308844e+42
4.145000e-15 2.202348e+21 4.850339e+42
4.150000e-15 2.099926e+21 4.409689e+42
4.155000e-15 1.996870e+21 3.987488e+42
4.160000e-15 1.893223e+21 3.584294e+42
4.165000e-15 1.789031e+21 3.200631e+42
4.170000e-15 1.684337e+21 2.836992e+42
4.175000e-15 1.579187e+21 2.493830e+42
4.180000e-15 1.473624e+21 2.171567e+42
4.185000e-15 1.367694e+21 1.870586e+42
4.190000e-15 1.261441e+21 1.591232e+42
4.195000e-15 1.154910e+21 1.333817e+42
4.200000e-15 1.048147e+21 1.098611e+42
4.205000e-15 9.411955e+20 8.858489e+41
4.210000e-15 8.341016e+20 6.957255e+41
4.215000e-15 7.269101e+20 5.283982e+41
4.220000e-15 6.196658e+20 3.839857e+41
4.225000e-15 5.124137e+20 2.625678e+41
4.230000e-15 4.051988e+20 1.641861e+41
4.235000e-15 2.980659e+20 8.884326e+40
4.240000e-15 1.910596e+20 3.650376e+40
4.245000e-15 8.422453e+19 7.093772e+39
4.250000e-15 -2.239475e+19 5.015248e+38
4.255000e-15 -1.287540e+20 1.657758e+40
4.260000e-15 -2.348090e+20 5.513525e+40
4.265000e-15 -3.405158e+20 1.159510e+41
4.270000e-15 -4.458307e+20 1.987650e+41
4.275000e-15 -5.507101e+20 3.032817e+41
4.280000e-15 -6.551108e+20 4.291702e+41
4.285000e-15 -7.589897e+20 5.760654e+41
4.290000e-15 -8.623041e+20 7.435684e+41
4.295000e-15 -9.650115e+20 9.312473e+41
4.300000e-15 -1.067070e+21 1.138638e+42
4.305000e-15 -1.168437e+21 1.365245e+42
4.310000e-15 -1.269072e+21 1.610544e+42
4.315000e-15 -1.368934e+21 1.873979e+42
4.320000e-15 -1.467981e+21 2.154968e+42
4.325000e-15 -1.566174e+21 2.452900e+42
4.330000e-15 -1.663472e+21 2.767139e+42
4.335000e-15 -1.759836e+21 3.097024e+42
4.340000e-15 -1.855228e+21 3.441870e+42
4.345000e-15 -1.949608e+21 3.800970e+42
4.350000e-15 -2.042938e+21 4.173596e+42
4.355000e-15 -2.135181e+21 4.558999e+42
4.360000e-15 -2.226300e+21 4.956413e+42
4.365000e-15 -2.316258e+21 5.365053e+42
4.370000e-15 -2.405020e+21 5.784120e+42
4.375000e-15 -2.492549e+21 6.212800e+42
4.380000e-15 -2.578811e+21 6.650266e+42
4.385000e-15 -2.663771e+21 7.095678e+42
4.390000e-15 -2.747397e+21 7.548189e+42
4.395000e-15 -2.829654e+21 8.006941e+42
4.400000e-15 -2.910510e+21 8.471070e+42
4.405000e-15 -2.989934e+21 8.939706e+42
4.410000e-15 -3.067894e+21 9.411974e+42
4.415000e-15 -3.144360e+21 9.886999e+42
4.420000e-15 -3.219302e+21 1.036390e+43
4.425000e-15 -3.292690e+21 1.084181e+43
4.430000e-15 -3.364497e+21 1.131984e+43
4.435000e-15 -3.434694e+21 1.179712e+43
4.440000e-15 -3.503255e+21 1.227279e+43
4.445000e-15 -3.570153e+21 1.274599e+43
4.450000e-15 -3.635362e+21 1.321586e+43
4.455000e-15 -3.698859e+21 1.368156e+43
4.460000e-15 -3.760618e+21 1.414225e+43
4.465000e-15 -3.820617e+21 1.459711e+43
4.470000e-15 -3.878833e+21 1.504534e+43
4.475000e-15 -3.935244e+21 1.548615e+43
4.480000e-15 -3.989830e+21 1.591874e+43
4.485000e-15 -4.042570e+21 1.634237e+43
4.490000e-15 -4.093446e+21 1.675630e+43
4.495000e-15 -4.142438e+21 1.715979e+43
4.500000e-15 -4.189529e+21 1.755216e+43
4.505000e-15 -4.234703e+21 1.793271e+43
4.510000e-15 -4.277943e+21 1.830080e+43
4.515000e-15 -4.319234e+21 1.865579e+43
4.520000e-15 -4.358563e+21 1.899707e+43
4.525000e-15 -4.395915e+21 1.932407e+43
4.530000e-15 -4.431278e+21 1.963623e+43
4.535000e-15 -4.464641e+21 1.993302e+43
4.540000e-15 -4.495993e+21 2.021396e+43
4.545000e-15 -4.525324e+21 2.047856e+43
4.550000e-15 -4.552625e+21 2.072639e+43
4.555000e-15 -4.577887e+21 2.095705e+43
4.560000e-15 -4.601104e+21 2.117016e+43
4.565000e-15 -4.622269e+21 2.136537e+43
4.570000e-15 -4.641377e+21 2.154238e+43
4.575000e-15 -4.658423e+21 2.170091e+43
4.580000e-15 -4.673404e+21 2.184071e+43
4.585000e-15 -4.686317e+21 2.196156e+43
4.590000e-15 -4.697159e+21 2.206330e+43
4.595000e-15 -4.705930e+21 2.214578e+43
4.600000e-15 -4.712630e+21 2.220888e+43
4.605000e-15 -4.717260e+21 2.225254e+43
4.610000e-15 -4.719821e+21 2.227671e+43
4.615000e-15 -4.720315e+21 2.228138e+43
4.620000e-15 -4.718748e+21 2.226658e+43
4.625000e-15 -4.715121e+21 2.223237e+43
4.630000e-15 -4.709442e+21 2.217884e+43
4.635000e-15 -4.701716e+21 2.210613e+43
4.640000e-15 -4.691950e+21 2.201439e+43
4.645000e-15 -4.680151e+21 2.190382e+43
4.650000e-15 -4.666330e+21 2.177463e+43
4.655000e-15 -4.650494e+21 2.162710e+43
4.660000e-15 -4.632655e+21 2.146150e+43
4.665000e-15 -4.612825e+21 2.127815e+43
4.670000e-15 -4.591014e+21 2.107741e+43
4.675000e-15 -4.567237e+21 2.085965e+43
4.680000e-15 -4.541507e+21 2.062528e+43
4.685000e-15 -4.513838e+21 2.037473e+43
4.690000e-15 -4.484246e+21 2.010847e+43
4.695000e-15 -4.452748e+21 1.982697e+43
4.700000e-15 -4.419361e+21 1.953075e+43
4.705000e-15 -4.384102e+21 1.922035e+43
4.710000e-15 -4.346990e+21 1.889632e+43
4.715000e-15 -4.308045e+21 1.855925e+43
4.720000e-15 -4.267287e+21 1.820974e+43
4.725000e-15 -4.224736e+21 1.784840e+43
4.730000e-15 -4.180416e+21 1.747588e+43
4.735000e-15 -4.134347e+21 1.709283e+43
4.740000e-15 -4.086554e+21 1.669992e+43
4.745000e-15 -4.037060e+21 1.629785e+43
4.750000e-15 -3.985890e+21 1.588732e+43
4.755000e-15 -3.933069e+21 1.546904e+43
4.760000e-15 -3.878624e+21 1.504373e+43
4.765000e-15 -3.822581e+21 1.461213e+43
4.770000e-15 -3.764967e+21 1.417498e+43
4.775000e-15 -3.705811e+21 1.373304e+43
4.780000e-15 -3.645141e+21 1.328705e+43
4.785000e-15 -3.582986e+21 1.283779e+43
4.790000e-15 -3.519377e+21 1.238602e+43
4.795000e-15 -3.454344e+21 1.193249e+43
4.800000e-15 -3.387917e+21 1.147798e+43
4.805000e-15 -3.320129e+21 1.102325e+43
4.810000e-15 -3.251011e+21 1.056907e+43
4.815000e-15 -3.180597e+21 1.011620e+43
4.820000e-15 -3.108919e+21 9.665380e+42
4.825000e-15 -3.036012e+21 9.217371e+42
4.830000e-15 -2.961910e+21 8.772910e+42
4.835000e-15 -2.886647e+21 8.332730e+42
4.840000e-15 -2.810258e+21 7.897552e+42
4.845000e-15 -2.732780e+21 7.468087e+42
4.850000e-15 -2.654248e+21 7.045033e+42
4.855000e-15 -2.574699e+21 6.629074e+42
4.860000e-15 -2.494169e+21 6.220880e+42
4.865000e-15 -2.412696e+21 5.821104e+42
4.870000e-15 -2.330318e+21 5.430382e+42
4.875000e-15 -2.247072e+21 5.049334e+42
4.880000e-15 -2.162997e+21 4.678557e+42
4.885000e-15 -2.078131e+21 4.318630e+42
4.890000e-15 -1.992514e+21 3.970112e+42
4.895000e-15 -1.906184e+21 3.633538e+42
4.900000e-15 -1.819181e+21 3.309420e+42
4.905000e-15 -1.731545e+21 2.998247e+42
4.910000e-15 -1.643315e+21 2.700483e+42
4.915000e-15 -1.554531e+21 2.416567e+42
4.920000e-15 -1.465235e+21 2.146913e+42
4.925000e-15 -1.375466e+21 1.891906e+42
4.930000e-15 -1.285265e+21 1.651906e+42
4.935000e-15 -1.194673e+21 1.427243e+42
4.940000e-15 -1.103730e+21 1.218220e+42
4.945000e-15 -1.012478e+21 1.025113e+42
4.950000e-15 -9.209584e+20 8.481644e+41
4.955000e-15 -8.292113e+20 6.875914e+41
4.960000e-15 -7.372782e+20 5.435792e+41
4.965000e-15 -6.452005e+20 4.162836e+41
4.970000e-15 -5.530192e+20 3.058302e+41
4.975000e-15 -4.607756e+20 2.123141e+41
4.980000e-15 -3.685108e+20 1.358002e+41
4.985000e-15 -2.762660e+20 7.632291e+40
4.990000e-15 -1.840823e+20 3.388629e+40
4.995000e-15 -9.200061e+19 8.464112e+39
5.000000e-15 -6.182435e+16 3.822250e+33
