0.000000e+00 nan nan
5.000000e-18 2.467721e+03 6.089645e+06
1.000000e-17 1.263173e+06 1.595607e+12
1.500000e-17 4.854144e+07 2.356271e+15
2.000000e-17 6.461315e+08 4.174859e+17
2.500000e-17 4.810630e+09 2.314216e+19
3.000000e-17 2.480022e+10 6.150507e+20
3.500000e-17 9.920421e+10 9.841476e+21
4.000000e-17 3.295660e+11 1.086138e+23
4.500000e-17 9.500166e+11 9.025316e+23
5.000000e-17 2.448476e+12 5.995036e+24
5.500000e-17 5.763795e+12 3.322134e+25
6.000000e-17 1.258970e+13 1.585004e+26
6.500000e-17 2.582349e+13 6.668527e+26
7.000000e-17 5.020523e+13 2.520565e+27
7.500000e-17 9.320108e+13 8.686440e+27
8.000000e-17 1.661932e+14 2.762020e+28
8.500000e-17 2.860479e+14 8.182339e+28
9.000000e-17 4.771411e+14 2.276636e+29
9.500000e-17 7.739331e+14 5.989724e+29
1.000000e-16 1.224189e+15 1.498639e+30
1.050000e-16 1.892956e+15 3.583282e+30
1.100000e-16 2.867411e+15 8.222048e+30
1.150000e-16 4.262713e+15 1.817072e+31
1.200000e-16 6.228980e+15 3.880020e+31
1.250000e-16 8.959559e+15 8.027370e+31
1.300000e-16 1.270071e+16 1.613080e+32
1.350000e-16 1.776287e+16 3.155197e+32
1.400000e-16 2.453373e+16 6.019037e+32
1.450000e-16 3.349309e+16 1.121787e+33
1.500000e-16 4.523002e+16 2.045755e+33
1.550000e-16 6.046207e+16 3.655662e+33
1.600000e-16 8.005709e+16 6.409138e+33
1.650000e-16 1.050576e+17 1.103710e+34
1.700000e-16 1.367081e+17 1.868910e+34
1.750000e-16 1.764850e+17 3.114696e+34
1.800000e-16 2.261304e+17 5.113498e+34
1.850000e-16 2.876886e+17 8.276470e+34
1.900000e-16 3.635460e+17 1.321657e+35
1.950000e-16 4.564756e+17 2.083700e+35
2.000000e-16 5.696843e+17 3.245402e+35
2.050000e-16 7.068648e+17 4.996578e+35
2.100000e-16 8.722508e+17 7.608215e+35
2.150000e-16 1.070678e+18 1.146351e+36
2.200000e-16 1.307646e+18 1.709939e+36
2.250000e-16 1.589391e+18 2.526165e+36
2.300000e-16 1.922955e+18 3.697756e+36
2.350000e-16 2.316264e+18 5.365077e+36
2.400000e-16 2.778210e+18 7.718451e+36
2.450000e-16 3.318740e+18 1.101404e+37
2.500000e-16 3.948944e+18 1.559416e+37
2.550000e-16 4.681150e+18 2.191317e+37
2.600000e-16 5.529025e+18 3.057012e+37
2.650000e-16 6.507678e+18 4.234988e+37
2.700000e-16 7.633769e+18 5.827442e+37
2.750000e-16 8.925617e+18 7.966664e+37
2.800000e-16 1.040332e+19 1.082291e+38
2.850000e-16 1.208887e+19 1.461408e+38
2.900000e-16 1.400627e+19 1.961757e+38
2.950000e-16 1.618169e+19 2.618469e+38
3.000000e-16 1.864352e+19 3.475808e+38
3.050000e-16 2.142259e+19 4.589275e+38
3.100000e-16 2.455225e+19 6.028128e+38
3.150000e-16 2.806848e+19 7.878397e+38
3.200000e-16 3.201009e+19 1.024646e+39
3.250000e-16 3.641880e+19 1.326329e+39
3.300000e-16 4.133937e+19 1.708944e+39
3.350000e-16 4.681977e+19 2.192091e+39
3.400000e-16 5.291128e+19 2.799604e+39
3.450000e-16 5.966862e+19 3.560344e+39
3.500000e-16 6.715008e+19 4.509133e+39
3.550000e-16 7.541764e+19 5.687821e+39
3.600000e-16 8.453710e+19 7.146521e+39
3.650000e-16 9.457814e+19 8.945025e+39
3.700000e-16 1.056145e+20 1.115443e+40
3.750000e-16 1.177241e+20 1.385895e+40
3.800000e-16 1.309888e+20 1.715807e+40
3.850000e-16 1.454952e+20 2.116884e+40
3.900000e-16 1.613338e+20 2.602860e+40
3.950000e-16 1.785999e+20 3.189793e+40
4.000000e-16 1.973931e+20 3.896404e+40
4.050000e-16 2.178175e+20 4.744448e+40
4.100000e-16 2.399820e+20 5.759134e+40
4.150000e-16 2.639996e+20 6.969579e+40
4.200000e-16 2.899884e+20 8.409324e+40
4.250000e-16 3.180706e+20 1.011689e+41
4.300000e-16 3.483732e+20 1.213639e+41
4.350000e-16 3.810277e+20 1.451821e+41
4.400000e-16 4.161698e+20 1.731973e+41
4.450000e-16 4.539396e+20 2.060611e+41
4.500000e-16 4.944815e+20 2.445120e+41
4.550000e-16 5.379440e+20 2.893837e+41
4.600000e-16 5.844795e+20 3.416163e+41
4.650000e-16 6.342442e+20 4.022656e+41
4.700000e-16 6.873979e+20 4.725159e+41
4.750000e-16 7.441039e+20 5.536906e+41
4.800000e-16 8.045287e+20 6.472664e+41
4.850000e-16 8.688415e+20 7.548855e+41
4.900000e-16 9.372144e+20 8.783709e+41
4.950000e-16 1.009822e+21 1.019740e+42
5.000000e-16 1.086840e+21 1.181222e+42
5.050000e-16 1.168448e+21 1.365270e+42
5.100000e-16 1.254824e+21 1.574582e+42
5.150000e-16 1.346149e+21 1.812116e+42
5.200000e-16 1.442604e+21 2.081105e+42
5.250000e-16 1.544369e+21 2.385077e+42
5.300000e-16 1.651627e+21 2.727872e+42
5.350000e-16 1.764556e+21 3.113659e+42
5.400000e-16 1.883336e+21 3.546954e+42
5.450000e-16 2.008142e+21 4.032635e+42
5.500000e-16 2.139150e+21 4.575962e+42
5.550000e-16 2.276530e+21 5.182589e+42
5.600000e-16 2.420451e+21 5.858581e+42
5.650000e-16 2.571076e+21 6.610430e+42
5.700000e-16 2.728564e+21 7.445060e+42
5.750000e-16 2.893069e+21 8.369847e+42
5.800000e-16 3.064738e+21 9.392621e+42
5.850000e-16 3.243713e+21 1.052168e+43
5.900000e-16 3.430128e+21 1.176578e+43
5.950000e-16 3.624107e+21 1.313415e+43
6.000000e-16 3.825769e+21 1.463651e+43
6.050000e-16 4.035220e+21 1.628300e+43
6.100000e-16 4.252559e+21 1.808425e+43
6.150000e-16 4.477872e+21 2.005133e+43
6.200000e-16 4.711235e+21 2.219573e+43
6.250000e-16 4.952711e+21 2.452935e+43
6.300000e-16 5.202352e+21 2.706446e+43
6.350000e-16 5.460194e+21 2.981371e+43
6.400000e-16 5.726260e+21 3.279005e+43
6.450000e-16 6.000558e+21 3.600670e+43
6.500000e-16 6.283082e+21 3.947712e+43
6.550000e-16 6.573808e+21 4.321496e+43
6.600000e-16 6.872696e+21 4.723395e+43
6.650000e-16 7.179689e+21 5.154793e+43
6.700000e-16 7.494711e+21 5.617069e+43
6.750000e-16 7.817669e+21 6.111595e+43
6.800000e-16 8.148451e+21 6.639725e+43
6.850000e-16 8.486924e+21 7.202788e+43
6.900000e-16 8.832937e+21 7.802078e+43
6.950000e-16 9.186318e+21 8.438843e+43
7.000000e-16 9.546873e+21 9.114279e+43
7.050000e-16 9.914390e+21 9.829512e+43
7.100000e-16 1.028863e+22 1.058559e+44
7.150000e-16 1.066934e+22 1.138349e+44
7.200000e-16 1.105624e+22 1.222405e+44
7.250000e-16 1.144903e+22 1.310804e+44
7.300000e-16 1.184739e+22 1.403607e+44
7.350000e-16 1.225097e+22 1.500863e+44
7.400000e-16 1.265941e+22 1.602606e+44
7.450000e-16 1.307231e+22 1.708852e+44
7.500000e-16 1.348926e+22 1.819601e+44
7.550000e-16 1.390983e+22 1.934834e+44
7.600000e-16 1.433357e+22 2.054512e+44
7.650000e-16 1.476000e+22 2.178575e+44
7.700000e-16 1.518862e+22 2.306940e+44
7.750000e-16 1.561891e+22 2.439502e+44
7.800000e-16 1.605033e+22 2.576131e+44
7.850000e-16 1.648233e+22 2.716672e+44
7.900000e-16 1.691433e+22 2.860945e+44
7.950000e-16 1.734573e+22 3.008744e+44
8.000000e-16 1.777592e+22 3.159833e+44
8.050000e-16 1.820427e+22 3.313953e+44
8.100000e-16 1.863012e+22 3.470815e+44
8.150000e-16 1.905283e+22 3.630104e+44
8.200000e-16 1.947171e+22 3.791475e+44
8.250000e-16 1.988607e+22 3.954558e+44
8.300000e-16 2.029521e+22 4.118956e+44
8.350000e-16 2.069842e+22 4.284247e+44
8.400000e-16 2.109498e+22 4.449981e+44
8.450000e-16 2.148415e+22 4.615686e+44
8.500000e-16 2.186519e+22 4.780866e+44
8.550000e-16 2.223737e+22 4.945006e+44
8.600000e-16 2.259993e+22 5.107569e+44
8.650000e-16 2.295212e+22 5.268000e+44
8.700000e-16 2.329320e+22 5.425730e+44
8.750000e-16 2.362240e+22 5.580176e+44
8.800000e-16 2.393897e+22 5.730743e+44
8.850000e-16 2.424217e+22 5.876829e+44
8.900000e-16 2.453126e+22 6.017827e+44
8.950000e-16 2.480550e+22 6.153126e+44
9.000000e-16 2.506415e+22 6.282119e+44
9.050000e-16 2.530652e+22 6.404199e+44
9.100000e-16 2.553188e+22 6.518770e+44
9.150000e-16 2.573955e+22 6.625246e+44
9.200000e-16 2.592886e+22 6.723056e+44
9.250000e-16 2.609913e+22 6.811647e+44
9.300000e-16 2.624974e+22 6.890490e+44
9.350000e-16 2.638007e+22 6.959079e+44
9.400000e-16 2.648951e+22 7.016941e+44
9.450000e-16 2.657750e+22 7.063633e+44
9.500000e-16 2.664348e+22 7.098752e+44
9.550000e-16 2.668695e+22 7.121935e+44
9.600000e-16 2.670742e+22 7.132861e+44
9.650000e-16 2.670442e+22 7.131258e+44
9.700000e-16 2.667753e+22 7.116904e+44
9.750000e-16 2.662636e+22 7.089628e+44
9.800000e-16 2.655055e+22 7.049318e+44
9.850000e-16 2.644979e+22 6.995917e+44
9.900000e-16 2.632381e+22 6.929429e+44
9.950000e-16 2.617235e+22 6.849921e+44
1.000000e-15 2.599523e+22 6.757521e+44
1.005000e-15 2.579229e+22 6.652423e+44
1.010000e-15 2.556342e+22 6.534883e+44
1.015000e-15 2.530854e+22 6.405224e+44
1.020000e-15 2.502765e+22 6.263835e+44
1.025000e-15 2.472077e+22 6.111165e+44
1.030000e-15 2.438797e+22 5.947730e+44
1.035000e-15 2.402937e+22 5.774105e+44
1.040000e-15 2.364514e+22 5.590926e+44
1.045000e-15 2.323550e+22 5.398886e+44
1.050000e-15 2.280073e+22 5.198732e+44
1.055000e-15 2.234113e+22 4.991261e+44
1.060000e-15 2.185708e+22 4.777321e+44
1.065000e-15 2.134900e+22 4.557799e+44
1.070000e-15 2.081736e+22 4.333623e+44
1.075000e-15 2.026266e+22 4.105756e+44
1.080000e-15 1.968550e+22 3.875188e+44
1.085000e-15 1.908647e+22 3.642933e+44
1.090000e-15 1.846625e+22 3.410023e+44
1.095000e-15 1.782555e+22 3.177501e+44
1.100000e-15 1.716512e+22 2.946415e+44
1.105000e-15 1.648579e+22 2.717814e+44
1.110000e-15 1.578840e+22 2.492736e+44
1.115000e-15 1.507385e+22 2.272209e+44
1.120000e-15 1.434307e+22 2.057238e+44
1.125000e-15 1.359706e+22 1.848800e+44
1.130000e-15 1.283682e+22 1.647840e+44
1.135000e-15 1.206343e+22 1.455263e+44
1.140000e-15 1.127797e+22 1.271925e+44
1.145000e-15 1.048157e+22 1.098634e+44
1.150000e-15 9.675411e+21 9.361359e+43
1.155000e-15 8.860676e+21 7.851157e+43
1.160000e-15 8.038590e+21 6.461893e+43
1.165000e-15 7.210404e+21 5.198993e+43
1.170000e-15 6.377393e+21 4.067115e+43
1.175000e-15 5.540853e+21 3.070106e+43
1.180000e-15 4.702100e+21 2.210975e+43
1.185000e-15 3.862466e+21 1.491865e+43
1.190000e-15 3.023298e+21 9.140329e+42
1.195000e-15 2.185953e+21 4.778390e+42
1.200000e-15 1.351798e+21 1.827358e+42
1.205000e-15 5.222056e+20 2.726987e+41
1.210000e-15 -3.014487e+20 9.087133e+40
1.215000e-15 -1.117790e+21 1.249454e+42
1.220000e-15 -1.925445e+21 3.707337e+42
1.225000e-15 -2.723047e+21 7.414984e+42
1.230000e-15 -3.509238e+21 1.231475e+43
1.235000e-15 -4.282673e+21 1.834129e+43
1.240000e-15 -5.042020e+21 2.542197e+43
1.245000e-15 -5.785965e+21 3.347739e+43
1.250000e-15 -6.513216e+21 4.242199e+43
1.255000e-15 -7.222505e+21 5.216458e+43
1.260000e-15 -7.912588e+21 6.260905e+43
1.265000e-15 -8.582254e+21 7.365509e+43
1.270000e-15 -9.230324e+21 8.519887e+43
1.275000e-15 -9.855651e+21 9.713387e+43
1.280000e-15 -1.045713e+22 1.093516e+44
1.285000e-15 -1.103370e+22 1.217425e+44
1.290000e-15 -1.158433e+22 1.341968e+44
1.295000e-15 -1.210806e+22 1.466050e+44
1.300000e-15 -1.260394e+22 1.588594e+44
1.305000e-15 -1.307112e+22 1.708541e+44
1.310000e-15 -1.350875e+22 1.824864e+44
1.315000e-15 -1.391609e+22 1.936575e+44
1.320000e-15 -1.429241e+22 2.042731e+44
1.325000e-15 -1.463708e+22 2.142440e+44
1.330000e-15 -1.494949e+22 2.234872e+44
1.335000e-15 -1.522912e+22 2.319262e+44
1.340000e-15 -1.547553e+22 2.394919e+44
1.345000e-15 -1.568830e+22 2.461226e+44
1.350000e-15 -1.586711e+22 2.517651e+44
1.355000e-15 -1.601171e+22 2.563747e+44
1.360000e-15 -1.612190e+22 2.599156e+44
1.365000e-15 -1.619757e+22 2.623613e+44
1.370000e-15 -1.623867e+22 2.636944e+44
1.375000e-15 -1.624522e+22 2.639073e+44
1.380000e-15 -1.621733e+22 2.630018e+44
1.385000e-15 -1.615516e+22 2.609891e+44
1.390000e-15 -1.605894e+22 2.578896e+44
1.395000e-15 -1.592900e+22 2.537330e+44
1.400000e-15 -1.576571e+22 2.485578e+44
1.405000e-15 -1.556954e+22 2.424107e+44
1.410000e-15 -1.534101e+22 2.353466e+44
1.415000e-15 -1.508071e+22 2.274278e+44
1.420000e-15 -1.478931e+22 2.187237e+44
1.425000e-15 -1.446754e+22 2.093096e+44
1.430000e-15 -1.411619e+22 1.992669e+44
1.435000e-15 -1.373614e+22 1.886815e+44
1.440000e-15 -1.332830e+22 1.776435e+44
1.445000e-15 -1.289365e+22 1.662463e+44
1.450000e-15 -1.243326e+22 1.545859e+44
1.455000e-15 -1.194820e+22 1.427596e+44
1.460000e-15 -1.143965e+22 1.308656e+44
1.465000e-15 -1.090881e+22 1.190021e+44
1.470000e-15 -1.035693e+22 1.072660e+44
1.475000e-15 -9.785319e+21 9.575247e+43
1.480000e-15 -9.195324e+21 8.455399e+43
1.485000e-15 -8.588333e+21 7.375947e+43
1.490000e-15 -7.965771e+21 6.345351e+43
1.495000e-15 -7.329099e+21 5.371569e+43
1.500000e-15 -6.679806e+21 4.461981e+43
1.505000e-15 -6.019412e+21 3.623332e+43
1.510000e-15 -5.349461e+21 2.861673e+43
1.515000e-15 -4.671515e+21 2.182305e+43
1.520000e-15 -3.987156e+21 1.589741e+43
1.525000e-15 -3.297978e+21 1.087666e+43
1.530000e-15 -2.605586e+21 6.789077e+42
1.535000e-15 -1.911588e+21 3.654169e+42
1.540000e-15 -1.217597e+21 1.482543e+42
1.545000e-15 -5.252241e+20 2.758604e+41
1.550000e-15 1.639270e+20 2.687205e+40
1.555000e-15 8.482603e+20 7.195455e+41
1.560000e-15 1.526194e+21 2.329267e+42
1.565000e-15 2.196161e+21 4.823124e+42
1.570000e-15 2.856619e+21 8.160270e+42
1.575000e-15 3.506046e+21 1.229236e+43
1.580000e-15 4.142950e+21 1.716403e+43
1.585000e-15 4.765871e+21 2.271353e+43
1.590000e-15 5.373384e+21 2.887326e+43
1.595000e-15 5.964103e+21 3.557052e+43
1.600000e-15 6.536683e+21 4.272822e+43
1.605000e-15 7.089825e+21 5.026562e+43
1.610000e-15 7.622280e+21 5.809916e+43
1.615000e-15 8.132850e+21 6.614325e+43
1.620000e-15 8.620390e+21 7.431112e+43
1.625000e-15 9.083815e+21 8.251569e+43
1.630000e-15 9.522098e+21 9.067035e+43
1.635000e-15 9.934277e+21 9.868986e+43
1.640000e-15 1.031945e+22 1.064911e+44
1.645000e-15 1.067680e+22 1.139940e+44
1.650000e-15 1.100555e+22 1.211221e+44
1.655000e-15 1.130501e+22 1.278033e+44
1.660000e-15 1.157458e+22 1.339708e+44
1.665000e-15 1.181370e+22 1.395635e+44
1.670000e-15 1.202191e+22 1.445264e+44
1.675000e-15 1.219883e+22 1.488115e+44
1.680000e-15 1.234414e+22 1.523777e+44
1.685000e-15 1.245761e+22 1.551919e+44
1.690000e-15 1.253908e+22 1.572285e+44
1.695000e-15 1.258849e+22 1.584701e+44
1.700000e-15 1.260584e+22 1.589072e+44
1.705000e-15 1.259122e+22 1.585388e+44
1.710000e-15 1.254480e+22 1.573719e+44
1.715000e-15 1.246681e+22 1.554214e+44
1.720000e-15 1.235760e+22 1.527103e+44
1.725000e-15 1.221755e+22 1.492686e+44
1.730000e-15 1.204716e+22 1.451340e+44
1.735000e-15 1.184697e+22 1.403507e+44
1.740000e-15 1.161761e+22 1.349689e+44
1.745000e-15 1.135979e+22 1.290447e+44
1.750000e-15 1.107427e+22 1.226394e+44
1.755000e-15 1.076190e+22 1.158184e+44
1.760000e-15 1.042358e+22 1.086509e+44
1.765000e-15 1.006028e+22 1.012092e+44
1.770000e-15 9.673039e+21 9.356768e+43
1.775000e-15 9.262944e+21 8.580213e+43
1.780000e-15 8.831141e+21 7.798905e+43
1.785000e-15 8.378829e+21 7.020478e+43
1.790000e-15 7.907259e+21 6.252474e+43
1.795000e-15 7.417724e+21 5.502263e+43
1.800000e-15 6.911564e+21 4.776972e+43
1.805000e-15 6.390157e+21 4.083410e+43
1.810000e-15 5.854916e+21 3.428004e+43
1.815000e-15 5.307288e+21 2.816731e+43
1.820000e-15 4.748747e+21 2.255060e+43
1.825000e-15 4.180793e+21 1.747903e+43
1.830000e-15 3.604944e+21 1.299562e+43
1.835000e-15 3.022738e+21 9.136945e+42
1.840000e-15 2.435722e+21 5.932743e+42
1.845000e-15 1.845455e+21 3.405703e+42
1.850000e-15 1.253497e+21 1.571254e+42
1.855000e-15 6.614099e+20 4.374630e+41
1.860000e-15 7.075244e+19 5.005908e+39
1.865000e-15 -5.169257e+20 2.672122e+41
1.870000e-15 -1.100087e+21 1.210191e+42
1.875000e-15 -1.677208e+21 2.813028e+42
1.880000e-15 -2.246789e+21 5.048063e+42
1.885000e-15 -2.807352e+21 7.881224e+42
1.890000e-15 -3.357446e+21 1.127244e+43
1.895000e-15 -3.895653e+21 1.517611e+43
1.900000e-15 -4.420591e+21 1.954162e+43
1.905000e-15 -4.930916e+21 2.431393e+43
1.910000e-15 -5.425327e+21 2.943417e+43
1.915000e-15 -5.902570e+21 3.484033e+43
1.920000e-15 -6.361438e+21 4.046789e+43
1.925000e-15 -6.800778e+21 4.625058e+43
1.930000e-15 -7.219492e+21 5.212106e+43
1.935000e-15 -7.616541e+21 5.801170e+43
1.940000e-15 -7.990946e+21 6.385522e+43
1.945000e-15 -8.341792e+21 6.958550e+43
1.950000e-15 -8.668230e+21 7.513821e+43
1.955000e-15 -8.969478e+21 8.045154e+43
1.960000e-15 -9.244826e+21 8.546680e+43
1.965000e-15 -9.493633e+21 9.012906e+43
1.970000e-15 -9.715334e+21 9.438771e+43
1.975000e-15 -9.909437e+21 9.819694e+43
1.980000e-15 -1.007553e+22 1.015163e+44
1.985000e-15 -1.021327e+22 1.043108e+44
1.990000e-15 -1.032240e+22 1.065519e+44
1.995000e-15 -1.040273e+22 1.082168e+44
2.000000e-15 -1.045417e+22 1.092897e+44
2.005000e-15 -1.047669e+22 1.097610e+44
2.010000e-15 -1.047034e+22 1.096279e+44
2.015000e-15 -1.043525e+22 1.088945e+44
2.020000e-15 -1.037164e+22 1.075709e+44
2.025000e-15 -1.027980e+22 1.056742e+44
2.030000e-15 -1.016008e+22 1.032271e+44
2.035000e-15 -1.001292e+22 1.002586e+44
2.040000e-15 -9.838849e+21 9.680295e+43
2.045000e-15 -9.638440e+21 9.289952e+43
2.050000e-15 -9.412349e+21 8.859232e+43
2.055000e-15 -9.161303e+21 8.392947e+43
2.060000e-15 -8.886090e+21 7.896259e+43
2.065000e-15 -8.587565e+21 7.374628e+43
2.070000e-15 -8.266645e+21 6.833742e+43
2.075000e-15 -7.924304e+21 6.279460e+43
2.080000e-15 -7.561574e+21 5.717740e+43
2.085000e-15 -7.179538e+21 5.154577e+43
2.090000e-15 -6.779331e+21 4.595933e+43
2.095000e-15 -6.362134e+21 4.047675e+43
2.100000e-15 -5.929172e+21 3.515508e+43
2.105000e-15 -5.481708e+21 3.004912e+43
2.110000e-15 -5.021045e+21 2.521089e+43
2.115000e-15 -4.548514e+21 2.068898e+43
2.120000e-15 -4.065480e+21 1.652812e+43
2.125000e-15 -3.573328e+21 1.276867e+43
2.130000e-15 -3.073468e+21 9.446207e+42
2.135000e-15 -2.567326e+21 6.591161e+42
2.140000e-15 -2.056339e+21 4.228531e+42
2.145000e-15 -1.541957e+21 2.377630e+42
2.150000e-15 -1.025631e+21 1.051920e+42
2.155000e-15 -5.088167e+20 2.588945e+41
2.160000e-15 7.036137e+18 4.950722e+37
2.165000e-15 5.204837e+20 2.709033e+41
2.170000e-15 1.030093e+21 1.061092e+42
2.175000e-15 1.534448e+21 2.354531e+42
2.180000e-15 2.032150e+21 4.129632e+42
2.185000e-15 2.521823e+21 6.359590e+42
2.190000e-15 3.002119e+21 9.012720e+42
2.195000e-15 3.471721e+21 1.205285e+43
2.200000e-15 3.929345e+21 1.543975e+43
2.205000e-15 4.373745e+21 1.912964e+43
2.210000e-15 4.803715e+21 2.307568e+43
2.215000e-15 5.218097e+21 2.722854e+43
2.220000e-15 5.615776e+21 3.153694e+43
2.225000e-15 5.995691e+21 3.594832e+43
2.230000e-15 6.356834e+21 4.040934e+43
2.235000e-15 6.698251e+21 4.486656e+43
2.240000e-15 7.019049e+21 4.926705e+43
2.245000e-15 7.318395e+21 5.355891e+43
2.250000e-15 7.595522e+21 5.769195e+43
2.255000e-15 7.849724e+21 6.161816e+43
2.260000e-15 8.080365e+21 6.529230e+43
2.265000e-15 8.286879e+21 6.867236e+43
2.270000e-15 8.468768e+21 7.172002e+43
2.275000e-15 8.625605e+21 7.440107e+43
2.280000e-15 8.757040e+21 7.668574e+43
2.285000e-15 8.862791e+21 7.854906e+43
2.290000e-15 8.942653e+21 7.997104e+43
2.295000e-15 8.996496e+21 8.093694e+43
2.300000e-15 9.024263e+21 8.143732e+43
2.305000e-15 9.025972e+21 8.146817e+43
2.310000e-15 9.001716e+21 8.103090e+43
2.315000e-15 8.951662e+21 8.013226e+43
2.320000e-15 8.876050e+21 7.878426e+43
2.325000e-15 8.775192e+21 7.700399e+43
2.330000e-15 8.649471e+21 7.481334e+43
2.335000e-15 8.499341e+21 7.223879e+43
2.340000e-15 8.325324e+21 6.931102e+43
2.345000e-15 8.128010e+21 6.606455e+43
2.350000e-15 7.908054e+21 6.253731e+43
2.355000e-15 7.666171e+21 5.877017e+43
2.360000e-15 7.403140e+21 5.480648e+43
2.365000e-15 7.119797e+21 5.069151e+43
2.370000e-15 6.817035e+21 4.647197e+43
2.375000e-15 6.495799e+21 4.219540e+43
2.380000e-15 6.157084e+21 3.790969e+43
2.385000e-15 5.801934e+21 3.366244e+43
2.390000e-15 5.431435e+21 2.950049e+43
2.395000e-15 5.046716e+21 2.546934e+43
2.400000e-15 4.648941e+21 2.161265e+43
2.405000e-15 4.239311e+21 1.797176e+43
2.410000e-15 3.819055e+21 1.458518e+43
2.415000e-15 3.389430e+21 1.148823e+43
2.420000e-15 2.951716e+21 8.712628e+42
2.425000e-15 2.507213e+21 6.286118e+42
2.430000e-15 2.057237e+21 4.232222e+42
2.435000e-15 1.603113e+21 2.569970e+42
2.440000e-15 1.146176e+21 1.313720e+42
2.445000e-15 6.877664e+20 4.730227e+41
2.450000e-15 2.292218e+20 5.254262e+40
2.455000e-15 -2.281226e+20 5.203992e+40
2.460000e-15 -6.829392e+20 4.664060e+41
2.465000e-15 -1.133912e+21 1.285757e+42
2.470000e-15 -1.579741e+21 2.495581e+42
2.475000e-15 -2.019144e+21 4.076941e+42
2.480000e-15 -2.450862e+21 6.006723e+42
2.485000e-15 -2.873662e+21 8.257934e+42
2.490000e-15 -3.286342e+21 1.080005e+43
2.495000e-15 -3.687733e+21 1.359937e+43
2.500000e-15 -4.076701e+21 1.661949e+43
2.505000e-15 -4.452153e+21 1.982166e+43
2.510000e-15 -4.813038e+21 2.316534e+43
2.515000e-15 -5.158353e+21 2.660860e+43
2.520000e-15 -5.487141e+21 3.010872e+43
2.525000e-15 -5.798498e+21 3.362258e+43
2.530000e-15 -6.091573e+21 3.710726e+43
2.535000e-15 -6.365571e+21 4.052049e+43
2.540000e-15 -6.619755e+21 4.382116e+43
2.545000e-15 -6.853451e+21 4.696979e+43
2.550000e-15 -7.066043e+21 4.992897e+43
2.555000e-15 -7.256982e+21 5.266379e+43
2.560000e-15 -7.425783e+21 5.514225e+43
2.565000e-15 -7.572027e+21 5.733559e+43
2.570000e-15 -7.695363e+21 5.921861e+43
2.575000e-15 -7.795508e+21 6.076995e+43
2.580000e-15 -7.872249e+21 6.197231e+43
2.585000e-15 -7.925442e+21 6.281263e+43
2.590000e-15 -7.955011e+21 6.328221e+43
2.595000e-15 -7.960953e+21 6.337677e+43
2.600000e-15 -7.943331e+21 6.309651e+43
2.605000e-15 -7.902279e+21 6.244602e+43
2.610000e-15 -7.838001e+21 6.143426e+43
2.615000e-15 -7.750765e+21 6.007436e+43
2.620000e-15 -7.640909e+21 5.838349e+43
2.625000e-15 -7.508836e+21 5.638261e+43
2.630000e-15 -7.355012e+21 5.409620e+43
2.635000e-15 -7.179967e+21 5.155193e+43
2.640000e-15 -6.984292e+21 4.878033e+43
2.645000e-15 -6.768636e+21 4.581443e+43
2.650000e-15 -6.533706e+21 4.268932e+43
2.655000e-15 -6.280264e+21 3.944172e+43
2.660000e-15 -6.009124e+21 3.610957e+43
2.665000e-15 -5.721148e+21 3.273153e+43
2.670000e-15 -5.417249e+21 2.934658e+43
2.675000e-15 -5.098380e+21 2.599348e+43
2.680000e-15 -4.765540e+21 2.271037e+43
2.685000e-15 -4.419762e+21 1.953430e+43
2.690000e-15 -4.062117e+21 1.650079e+43
2.695000e-15 -3.693706e+21 1.364347e+43
2.700000e-15 -3.315661e+21 1.099361e+43
2.705000e-15 -2.929136e+21 8.579836e+42
2.710000e-15 -2.535309e+21 6.427790e+42
2.715000e-15 -2.135375e+21 4.559825e+42
2.720000e-15 -1.730544e+21 2.994781e+42
2.725000e-15 -1.322036e+21 1.747780e+42
2.730000e-15 -9.110800e+20 8.300667e+41
2.735000e-15 -4.989066e+20 2.489078e+41
2.740000e-15 -8.674711e+19 7.525061e+39
2.745000e-15 3.241709e+20 1.050868e+41
2.750000e-15 7.326274e+20 5.367429e+41
2.755000e-15 1.137413e+21 1.293709e+42
2.760000e-15 1.537334e+21 2.363397e+42
2.765000e-15 1.931214e+21 3.729587e+42
2.770000e-15 2.317897e+21 5.372649e+42
2.775000e-15 2.696255e+21 7.269791e+42
2.780000e-15 3.065185e+21 9.395357e+42
2.785000e-15 3.423617e+21 1.172115e+43
2.790000e-15 3.770515e+21 1.421678e+43
2.795000e-15 4.104881e+21 1.685005e+43
2.800000e-15 4.425758e+21 1.958733e+43
2.805000e-15 4.732230e+21 2.239400e+43
2.810000e-15 5.023429e+21 2.523484e+43
2.815000e-15 5.298534e+21 2.807446e+43
2.820000e-15 5.556774e+21 3.087774e+43
2.825000e-15 5.797433e+21 3.361023e+43
2.830000e-15 6.019847e+21 3.623856e+43
2.835000e-15 6.223410e+21 3.873083e+43
2.840000e-15 6.407574e+21 4.105701e+43
2.845000e-15 6.571851e+21 4.318922e+43
2.850000e-15 6.715812e+21 4.510213e+43
2.855000e-15 6.839092e+21 4.677318e+43
2.860000e-15 6.941390e+21 4.818289e+43
2.865000e-15 7.022465e+21 4.931501e+43
2.870000e-15 7.082144e+21 5.015676e+43
2.875000e-15 7.120316e+21 5.069890e+43
2.880000e-15 7.136937e+21 5.093587e+43
2.885000e-15 7.132026e+21 5.086579e+43
2.890000e-15 7.105667e+21 5.049050e+43
2.895000e-15 7.058008e+21 4.981547e+43
2.900000e-15 6.989261e+21 4.884976e+43
2.905000e-15 6.899699e+21 4.760585e+43
2.910000e-15 6.789660e+21 4.609948e+43
2.915000e-15 6.659538e+21 4.434945e+43
2.920000e-15 6.509790e+21 4.237737e+43
2.925000e-15 6.340928e+21 4.020737e+43
2.930000e-15 6.153522e+21 3.786584e+43
2.935000e-15 5.948194e+21 3.538102e+43
2.940000e-15 5.725620e+21 3.278272e+43
2.945000e-15 5.486523e+21 3.010194e+43
2.950000e-15 5.231677e+21 2.737045e+43
2.955000e-15 4.961900e+21 2.462045e+43
2.960000e-15 4.678050e+21 2.188415e+43
2.965000e-15 4.381027e+21 1.919340e+43
2.970000e-15 4.071770e+21 1.657931e+43
2.975000e-15 3.751248e+21 1.407186e+43
2.980000e-15 3.420463e+21 1.169957e+43
2.985000e-15 3.080446e+21 9.489145e+42
2.990000e-15 2.732250e+21 7.465191e+42
2.995000e-15 2.376953e+21 5.649907e+42
3.000000e-15 2.015649e+21 4.062843e+42
3.005000e-15 1.649448e+21 2.720679e+42
3.010000e-15 1.279470e+21 1.637044e+42
3.015000e-15 9.068448e+20 8.223675e+41
3.020000e-15 5.327061e+20 2.837757e+41
3.025000e-15 1.581890e+20 2.502375e+40
3.030000e-15 -2.155735e+20 4.647192e+40
3.035000e-15 -5.874538e+20 3.451020e+41
3.040000e-15 -9.563335e+20 9.145738e+41
3.045000e-15 -1.321106e+21 1.745322e+42
3.050000e-15 -1.680682e+21 2.824692e+42
3.055000e-15 -2.033988e+21 4.137109e+42
3.060000e-15 -2.379976e+21 5.664285e+42
3.065000e-15 -2.717620e+21 7.385457e+42
3.070000e-15 -3.045924e+21 9.277651e+42
3.075000e-15 -3.363922e+21 1.131597e+43
3.080000e-15 -3.670684e+21 1.347392e+43
3.085000e-15 -3.965315e+21 1.572372e+43
3.090000e-15 -4.246958e+21 1.803665e+43
3.095000e-15 -4.514801e+21 2.038343e+43
3.100000e-15 -4.768073e+21 2.273452e+43
3.105000e-15 -5.006051e+21 2.506055e+43
3.110000e-15 -5.228061e+21 2.733262e+43
3.115000e-15 -5.433477e+21 2.952267e+43
3.120000e-15 -5.621727e+21 3.160381e+43
3.125000e-15 -5.792291e+21 3.355063e+43
3.130000e-15 -5.944706e+21 3.533952e+43
3.135000e-15 -6.078563e+21 3.694893e+43
3.140000e-15 -6.193513e+21 3.835960e+43
3.145000e-15 -6.289263e+21 3.955483e+43
3.150000e-15 -6.365581e+21 4.052062e+43
3.155000e-15 -6.422292e+21 4.124584e+43
3.160000e-15 -6.459284e+21 4.172235e+43
3.165000e-15 -6.476503e+21 4.194509e+43
3.170000e-15 -6.473956e+21 4.191210e+43
3.175000e-15 -6.451709e+21 4.162455e+43
3.180000e-15 -6.409889e+21 4.108668e+43
3.185000e-15 -6.348682e+21 4.030576e+43
3.190000e-15 -6.268330e+21 3.929196e+43
3.195000e-15 -6.169136e+21 3.805824e+43
3.200000e-15 -6.051456e+21 3.662012e+43
3.205000e-15 -5.915704e+21 3.499555e+43
3.210000e-15 -5.762345e+21 3.320462e+43
3.215000e-15 -5.591899e+21 3.126934e+43
3.220000e-15 -5.404935e+21 2.921332e+43
3.225000e-15 -5.202070e+21 2.706154e+43
3.230000e-15 -4.983969e+21 2.483995e+43
3.235000e-15 -4.751340e+21 2.257524e+43
3.240000e-15 -4.504935e+21 2.029444e+43
3.245000e-15 -4.245545e+21 1.802465e+43
3.250000e-15 -3.973997e+21 1.579265e+43
3.255000e-15 -3.691154e+21 1.362462e+43
3.260000e-15 -3.397912e+21 1.154581e+43
3.265000e-15 -3.095195e+21 9.580230e+42
3.270000e-15 -2.783952e+21 7.750386e+42
3.275000e-15 -2.465157e+21 6.076998e+42
3.280000e-15 -2.139804e+21 4.578762e+42
3.285000e-15 -1.808905e+21 3.272138e+42
3.290000e-15 -1.473485e+21 2.171158e+42
3.295000e-15 -1.134580e+21 1.287271e+42
3.300000e-15 -7.932336e+20 6.292195e+41
3.305000e-15 -4.504952e+20 2.029459e+41
3.310000e-15 -1.074144e+20 1.153786e+40
3.315000e-15 2.349604e+20 5.520640e+40
3.320000e-15 5.755863e+20 3.312995e+41
3.325000e-15 9.134281e+20 8.343509e+41
3.330000e-15 1.247462e+21 1.556162e+42
3.335000e-15 1.576680e+21 2.485918e+42
3.340000e-15 1.900088e+21 3.610335e+42
3.345000e-15 2.216716e+21 4.913832e+42
3.350000e-15 2.525617e+21 6.378739e+42
3.355000e-15 2.825866e+21 7.985521e+42
3.360000e-15 3.116573e+21 9.713028e+42
3.365000e-15 3.396875e+21 1.153876e+43
3.370000e-15 3.665945e+21 1.343915e+43
3.375000e-15 3.922992e+21 1.538986e+43
3.380000e-15 4.167264e+21 1.736609e+43
3.385000e-15 4.398049e+21 1.934284e+43
3.390000e-15 4.614681e+21 2.129528e+43
3.395000e-15 4.816537e+21 2.319902e+43
3.400000e-15 5.003039e+21 2.503040e+43
3.405000e-15 5.173661e+21 2.676677e+43
3.410000e-15 5.327926e+21 2.838679e+43
3.415000e-15 5.465406e+21 2.987066e+43
3.420000e-15 5.585728e+21 3.120036e+43
3.425000e-15 5.688572e+21 3.235985e+43
3.430000e-15 5.773670e+21 3.333527e+43
3.435000e-15 5.840814e+21 3.411511e+43
3.440000e-15 5.889846e+21 3.469028e+43
3.445000e-15 5.920666e+21 3.505429e+43
3.450000e-15 5.933232e+21 3.520324e+43
3.455000e-15 5.927555e+21 3.513591e+43
3.460000e-15 5.903703e+21 3.485371e+43
3.465000e-15 5.861800e+21 3.436069e+43
3.470000e-15 5.802023e+21 3.366347e+43
3.475000e-15 5.724606e+21 3.277111e+43
3.480000e-15 5.629834e+21 3.169503e+43
3.485000e-15 5.518046e+21 3.044883e+43
3.490000e-15 5.389632e+21 2.904813e+43
3.495000e-15 5.245030e+21 2.751034e+43
3.500000e-15 5.084730e+21 2.585448e+43
3.505000e-15 4.909265e+21 2.410088e+43
3.510000e-15 4.719216e+21 2.227100e+43
3.515000e-15 4.515206e+21 2.038709e+43
3.520000e-15 4.297899e+21 1.847193e+43
3.525000e-15 4.067998e+21 1.654860e+43
3.530000e-15 3.826243e+21 1.464013e+43
3.535000e-15 3.573409e+21 1.276925e+43
3.540000e-15 3.310302e+21 1.095810e+43
3.545000e-15 3.037758e+21 9.227975e+42
3.550000e-15 2.756640e+21 7.599065e+42
3.555000e-15 2.467834e+21 6.090207e+42
3.560000e-15 2.172249e+21 4.718667e+42
3.565000e-15 1.870811e+21 3.499933e+42
3.570000e-15 1.564461e+21 2.447540e+42
3.575000e-15 1.254156e+21 1.572906e+42
3.580000e-15 9.408578e+20 8.852134e+41
3.585000e-15 6.255392e+20 3.912992e+41
3.590000e-15 3.091744e+20 9.558881e+40
3.595000e-15 -7.260905e+18 5.272074e+37
3.600000e-15 -3.227935e+20 1.041957e+41
3.605000e-15 -6.364555e+20 4.050756e+41
3.610000e-15 -9.472870e+20 8.973527e+41
3.615000e-15 -1.254340e+21 1.573368e+42
3.620000e-15 -1.556678e+21 2.423248e+42
3.625000e-15 -1.853386e+21 3.435039e+42
3.630000e-15 -2.143564e+21 4.594866e+42
3.635000e-15 -2.426337e+21 5.887110e+42
3.640000e-15 -2.700854e+21 7.294611e+42
3.645000e-15 -2.966292e+21 8.798885e+42
3.650000e-15 -3.221857e+21 1.038036e+43
3.655000e-15 -3.466789e+21 1.201863e+43
3.660000e-15 -3.700362e+21 1.369268e+43
3.665000e-15 -3.921886e+21 1.538119e+43
3.670000e-15 -4.130710e+21 1.706277e+43
3.675000e-15 -4.326225e+21 1.871622e+43
3.680000e-15 -4.507863e+21 2.032083e+43
3.685000e-15 -4.675100e+21 2.185656e+43
3.690000e-15 -4.827460e+21 2.330437e+43
3.695000e-15 -4.964510e+21 2.464636e+43
3.700000e-15 -5.085870e+21 2.586607e+43
3.705000e-15 -5.191205e+21 2.694861e+43
3.710000e-15 -5.280232e+21 2.788085e+43
3.715000e-15 -5.352720e+21 2.865161e+43
3.720000e-15 -5.408487e+21 2.925173e+43
3.725000e-15 -5.447405e+21 2.967423e+43
3.730000e-15 -5.469398e+21 2.991431e+43
3.735000e-15 -5.474441e+21 2.996950e+43
3.740000e-15 -5.462562e+21 2.983959e+43
3.745000e-15 -5.433842e+21 2.952664e+43
3.750000e-15 -5.388413e+21 2.903500e+43
3.755000e-15 -5.326457e+21 2.837115e+43
3.760000e-15 -5.248209e+21 2.754370e+43
3.765000e-15 -5.153951e+21 2.656321e+43
3.770000e-15 -5.044016e+21 2.544209e+43
3.775000e-15 -4.918782e+21 2.419442e+43
3.780000e-15 -4.778676e+21 2.283574e+43
3.785000e-15 -4.624168e+21 2.138293e+43
3.790000e-15 -4.455771e+21 1.985390e+43
3.795000e-15 -4.274042e+21 1.826744e+43
3.800000e-15 -4.079576e+21 1.664294e+43
3.805000e-15 -3.873004e+21 1.500016e+43
3.810000e-15 -3.654997e+21 1.335900e+43
3.815000e-15 -3.426256e+21 1.173923e+43
3.820000e-15 -3.187515e+21 1.016025e+43
3.825000e-15 -2.939538e+21 8.640886e+42
3.830000e-15 -2.683115e+21 7.199104e+42
3.835000e-15 -2.419058e+21 5.851841e+42
3.840000e-15 -2.148203e+21 4.614778e+42
3.845000e-15 -1.871406e+21 3.502159e+42
3.850000e-15 -1.589536e+21 2.526623e+42
3.855000e-15 -1.303477e+21 1.699053e+42
3.860000e-15 -1.014126e+21 1.028451e+42
3.865000e-15 -7.223840e+20 5.218386e+41
3.870000e-15 -4.291607e+20 1.841789e+41
3.875000e-15 -1.353665e+20 1.832409e+40
3.880000e-15 1.580883e+20 2.499192e+40
3.885000e-15 4.502967e+20 2.027671e+41
3.890000e-15 7.403575e+20 5.481292e+41
3.895000e-15 1.027378e+21 1.055506e+42
3.900000e-15 1.310479e+21 1.717354e+42
3.905000e-15 1.588792e+21 2.524258e+42
3.910000e-15 1.861467e+21 3.465061e+42
3.915000e-15 2.127676e+21 4.527006e+42
3.920000e-15 2.386610e+21 5.695905e+42
3.925000e-15 2.637483e+21 6.956318e+42
3.930000e-15 2.879541e+21 8.291754e+42
3.935000e-15 3.112053e+21 9.684876e+42
3.940000e-15 3.334325e+21 1.111772e+43
3.945000e-15 3.545691e+21 1.257193e+43
3.950000e-15 3.745525e+21 1.402896e+43
3.955000e-15 3.933234e+21 1.547033e+43
3.960000e-15 4.108268e+21 1.687787e+43
3.965000e-15 4.270114e+21 1.823387e+43
3.970000e-15 4.418303e+21 1.952140e+43
3.975000e-15 4.552408e+21 2.072442e+43
3.980000e-15 4.672049e+21 2.182804e+43
3.985000e-15 4.776889e+21 2.281867e+43
3.990000e-15 4.866639e+21 2.368418e+43
3.995000e-15 4.941057e+21 2.441405e+43
4.000000e-15 4.999950e+21 2.499950e+43
4.005000e-15 5.043172e+21 2.543359e+43
4.010000e-15 5.070627e+21 2.571126e+43
4.015000e-15 5.082268e+21 2.582945e+43
4.020000e-15 5.078096e+21 2.578706e+43
4.025000e-15 5.058163e+21 2.558501e+43
4.030000e-15 5.022568e+21 2.522619e+43
4.035000e-15 4.971459e+21 2.471540e+43
4.040000e-15 4.905031e+21 2.405933e+43
4.045000e-15 4.823528e+21 2.326642e+43
4.050000e-15 4.727238e+21 2.234678e+43
4.055000e-15 4.616495e+21 2.131203e+43
4.060000e-15 4.491678e+21 2.017517e+43
4.065000e-15 4.353207e+21 1.895041e+43
4.070000e-15 4.201546e+21 1.765299e+43
4.075000e-15 4.037195e+21 1.629894e+43
4.080000e-15 3.860696e+21 1.490497e+43
4.085000e-15 3.672625e+21 1.348818e+43
4.090000e-15 3.473594e+21 1.206586e+43
4.095000e-15 3.264248e+21 1.065531e+43
4.100000e-15 3.045260e+21 9.273606e+42
4.105000e-15 2.817334e+21 7.937368e+42
4.110000e-15 2.581198e+21 6.662586e+42
4.115000e-15 2.337608e+21 5.464409e+42
4.120000e-15 2.087335e+21 4.356969e+42
4.125000e-15 1.831176e+21 3.353204e+42
4.130000e-15 1.569938e+21 2.464705e+42
4.135000e-15 1.304447e+21 1.701581e+42
4.140000e-15 1.035537e+21 1.072337e+42
4.145000e-15 7.640533e+20 5.837775e+41
4.150000e-15 4.908455e+20 2.409293e+41
4.155000e-15 2.167672e+20 4.698804e+40
4.160000e-15 -5.732688e+19 3.286371e+39
4.165000e-15 -3.305843e+20 1.092860e+41
4.170000e-15 -6.021569e+20 3.625929e+41
4.175000e-15 -8.712036e+20 7.589958e+41
4.180000e-15 -1.136893e+21 1.292526e+42
4.185000e-15 -1.398407e+21 1.955542e+42
4.190000e-15 -1.654940e+21 2.738828e+42
4.195000e-15 -1.905707e+21 3.631718e+42
4.200000e-15 -2.149938e+21 4.622235e+42
4.205000e-15 -2.386891e+21 5.697247e+42
4.210000e-15 -2.615842e+21 6.842631e+42
4.215000e-15 -2.836099e+21 8.043457e+42
4.220000e-15 -3.046994e+21 9.284175e+42
4.225000e-15 -3.247894e+21 1.054881e+43
4.230000e-15 -3.438194e+21 1.182118e+43
4.235000e-15 -3.617327e+21 1.308505e+43
4.240000e-15 -3.784759e+21 1.432440e+43
4.245000e-15 -3.939997e+21 1.552358e+43
4.250000e-15 -4.082584e+21 1.666749e+43
4.255000e-15 -4.212104e+21 1.774182e+43
4.260000e-15 -4.328184e+21 1.873317e+43
4.265000e-15 -4.430492e+21 1.962926e+43
4.270000e-15 -4.518740e+21 2.041901e+43
4.275000e-15 -4.592686e+21 2.109277e+43
4.280000e-15 -4.652131e+21 2.164232e+43
4.285000e-15 -4.696922e+21 2.206108e+43
4.290000e-15 -4.726954e+21 2.234409e+43
4.295000e-15 -4.742164e+21 2.248812e+43
4.300000e-15 -4.742540e+21 2.249168e+43
4.305000e-15 -4.728113e+21 2.235505e+43
4.310000e-15 -4.698961e+21 2.208023e+43
4.315000e-15 -4.655208e+21 2.167096e+43
4.320000e-15 -4.597024e+21 2.113263e+43
4.325000e-15 -4.524621e+21 2.047220e+43
4.330000e-15 -4.438258e+21 1.969814e+43
4.335000e-15 -4.338235e+21 1.882029e+43
4.340000e-15 -4.224895e+21 1.784974e+43
4.345000e-15 -4.098620e+21 1.679868e+43
4.350000e-15 -3.959833e+21 1.568028e+43
4.355000e-15 -3.808996e+21 1.450845e+43
4.360000e-15 -3.646605e+21 1.329773e+43
4.365000e-15 -3.473194e+21 1.206307e+43
4.370000e-15 -3.289327e+21 1.081967e+43
4.375000e-15 -3.095602e+21 9.582750e+42
4.380000e-15 -2.892645e+21 8.367394e+42
4.385000e-15 -2.681110e+21 7.188353e+42
4.390000e-15 -2.461677e+21 6.059856e+42
4.395000e-15 -2.235049e+21 4.995443e+42
4.400000e-15 -2.001948e+21 4.007795e+42
4.405000e-15 -1.763117e+21 3.108582e+42
4.410000e-15 -1.519315e+21 2.308318e+42
4.415000e-15 -1.271314e+21 1.616238e+42
4.420000e-15 -1.019897e+21 1.040191e+42
4.425000e-15 -7.658590e+20 5.865401e+41
4.430000e-15 -5.099981e+20 2.600980e+41
4.435000e-15 -2.531180e+20 6.406872e+40
4.440000e-15 3.976249e+18 1.581056e+37
4.445000e-15 2.604807e+20 6.785018e+40
4.450000e-15 5.155949e+20 2.658381e+41
4.455000e-15 7.685244e+20 5.906297e+41
4.460000e-15 1.018483e+21 1.037308e+42
4.465000e-15 1.264696e+21 1.599457e+42
4.470000e-15 1.506402e+21 2.269248e+42
4.475000e-15 1.742855e+21 3.037543e+42
4.480000e-15 1.973326e+21 3.894015e+42
4.485000e-15 2.197107e+21 4.827281e+42
4.490000e-15 2.413514e+21 5.825051e+42
4.495000e-15 2.621885e+21 6.874282e+42
4.500000e-15 2.821586e+21 7.961346e+42
4.505000e-15 3.012010e+21 9.072202e+42
4.510000e-15 3.192581e+21 1.019257e+43
4.515000e-15 3.362756e+21 1.130813e+43
4.520000e-15 3.522025e+21 1.240466e+43
4.525000e-15 3.669911e+21 1.346825e+43
4.530000e-15 3.805978e+21 1.448547e+43
4.535000e-15 3.929823e+21 1.544351e+43
4.540000e-15 4.041086e+21 1.633038e+43
4.545000e-15 4.139445e+21 1.713501e+43
4.550000e-15 4.224619e+21 1.784741e+43
4.555000e-15 4.296370e+21 1.845880e+43
4.560000e-15 4.354501e+21 1.896168e+43
4.565000e-15 4.398860e+21 1.934997e+43
4.570000e-15 4.429336e+21 1.961902e+43
4.575000e-15 4.445863e+21 1.976570e+43
4.580000e-15 4.448419e+21 1.978843e+43
4.585000e-15 4.437026e+21 1.968720e+43
4.590000e-15 4.411748e+21 1.946352e+43
4.595000e-15 4.372693e+21 1.912045e+43
4.600000e-15 4.320014e+21 1.866252e+43
4.605000e-15 4.253904e+21 1.809570e+43
4.610000e-15 4.174597e+21 1.742726e+43
4.615000e-15 4.082371e+21 1.666575e+43
4.620000e-15 3.977541e+21 1.582083e+43
4.625000e-15 3.860461e+21 1.490316e+43
4.630000e-15 3.731526e+21 1.392428e+43
4.635000e-15 3.591162e+21 1.289645e+43
4.640000e-15 3.439835e+21 1.183247e+43
4.645000e-15 3.278041e+21 1.074556e+43
4.650000e-15 3.106310e+21 9.649161e+42
4.655000e-15 2.925200e+21 8.556794e+42
4.660000e-15 2.735298e+21 7.481857e+42
4.665000e-15 2.537219e+21 6.437482e+42
4.670000e-15 2.331601e+21 5.436362e+42
4.675000e-15 2.119103e+21 4.490598e+42
4.680000e-15 1.900407e+21 3.611547e+42
4.685000e-15 1.676211e+21 2.809685e+42
4.690000e-15 1.447231e+21 2.094477e+42
4.695000e-15 1.214193e+21 1.474265e+42
4.700000e-15 9.778383e+20 9.561677e+41
4.705000e-15 7.389143e+20 5.459944e+41
4.710000e-15 4.981763e+20 2.481796e+41
4.715000e-15 2.563834e+20 6.573243e+40
4.720000e-15 1.429641e+19 2.043874e+38
4.725000e-15 -2.273242e+20 5.167628e+40
4.730000e-15 -4.677210e+20 2.187629e+41
4.735000e-15 -7.061420e+20 4.986366e+41
4.740000e-15 -9.418429e+20 8.870680e+41
4.745000e-15 -1.174089e+21 1.378485e+42
4.750000e-15 -1.402159e+21 1.966049e+42
4.755000e-15 -1.625344e+21 2.641744e+42
4.760000e-15 -1.842955e+21 3.396482e+42
4.765000e-15 -2.054318e+21 4.220223e+42
4.770000e-15 -2.258783e+21 5.102103e+42
4.775000e-15 -2.455723e+21 6.030573e+42
4.780000e-15 -2.644532e+21 6.993550e+42
4.785000e-15 -2.824636e+21 7.978567e+42
4.790000e-15 -2.995485e+21 8.972930e+42
4.795000e-15 -3.156562e+21 9.963883e+42
4.800000e-15 -3.307380e+21 1.093877e+43
4.805000e-15 -3.447487e+21 1.188517e+43
4.810000e-15 -3.576464e+21 1.279109e+43
4.815000e-15 -3.693927e+21 1.364510e+43
4.820000e-15 -3.799531e+21 1.443644e+43
4.825000e-15 -3.892968e+21 1.515520e+43
4.830000e-15 -3.973968e+21 1.579242e+43
4.835000e-15 -4.042302e+21 1.634021e+43
4.840000e-15 -4.097781e+21 1.679181e+43
4.845000e-15 -4.140255e+21 1.714171e+43
4.850000e-15 -4.169617e+21 1.738571e+43
4.855000e-15 -4.185802e+21 1.752094e+43
4.860000e-15 -4.188784e+21 1.754591e+43
4.865000e-15 -4.178580e+21 1.746053e+43
4.870000e-15 -4.155250e+21 1.726610e+43
4.875000e-15 -4.118891e+21 1.696526e+43
4.880000e-15 -4.069645e+21 1.656201e+43
4.885000e-15 -4.007692e+21 1.606159e+43
4.890000e-15 -3.933252e+21 1.547047e+43
4.895000e-15 -3.846583e+21 1.479620e+43
4.900000e-15 -3.747983e+21 1.404738e+43
4.905000e-15 -3.637786e+21 1.323349e+43
4.910000e-15 -3.516361e+21 1.236480e+43
4.915000e-15 -3.384112e+21 1.145222e+43
4.920000e-15 -3.241477e+21 1.050717e+43
4.925000e-15 -3.088925e+21 9.541458e+42
4.930000e-15 -2.926955e+21 8.567068e+42
4.935000e-15 -2.756097e+21 7.596069e+42
4.940000e-15 -2.576904e+21 6.640434e+42
4.945000e-15 -2.389958e+21 5.711898e+42
4.950000e-15 -2.195861e+21 4.821807e+42
4.955000e-15 -1.995240e+21 3.980982e+42
4.960000e-15 -1.788738e+21 3.199583e+42
4.965000e-15 -1.577017e+21 2.486981e+42
4.970000e-15 -1.360753e+21 1.851649e+42
4.975000e-15 -1.140637e+21 1.301052e+42
4.980000e-15 -9.173688e+20 8.415655e+41
4.985000e-15 -6.916579e+20 4.783907e+41
4.990000e-15 -4.642199e+20 2.155001e+41
4.995000e-15 -2.357742e+20 5.558946e+40
5.000000e-15 -7.042318e+18 4.959424e+37
