0.000000e+00 nan nan
5.000000e-18 -1.136429e+04 1.291471e+08
1.000000e-17 -5.816644e+06 3.383335e+13
1.500000e-17 -2.234915e+08 4.994843e+16
2.000000e-17 -2.974291e+09 8.846408e+18
2.500000e-17 -2.213881e+10 4.901270e+20
3.000000e-17 -1.140967e+11 1.301805e+22
3.500000e-17 -4.562348e+11 2.081502e+23
4.000000e-17 -1.515015e+12 2.295270e+24
4.500000e-17 -4.365131e+12 1.905437e+25
5.000000e-17 -1.124421e+13 1.264323e+26
5.500000e-17 -2.645355e+13 6.997904e+26
6.000000e-17 -5.774421e+13 3.334394e+27
6.500000e-17 -1.183590e+14 1.400885e+28
7.000000e-17 -2.299343e+14 5.286976e+28
7.500000e-17 -4.265003e+14 1.819025e+29
8.000000e-17 -7.598549e+14 5.773795e+29
8.500000e-17 -1.306623e+15 1.707263e+30
9.000000e-17 -2.177346e+15 4.740837e+30
9.500000e-17 -3.527999e+15 1.244678e+31
1.000000e-16 -5.574335e+15 3.107321e+31
1.050000e-16 -8.609532e+15 7.412404e+31
1.100000e-16 -1.302562e+16 1.696669e+32
1.150000e-16 -1.933922e+16 3.740054e+32
1.200000e-16 -2.822209e+16 7.964861e+32
1.250000e-16 -4.053711e+16 1.643258e+33
1.300000e-16 -5.738031e+16 3.292500e+33
1.350000e-16 -8.012936e+16 6.420715e+33
1.400000e-16 -1.104994e+17 1.221013e+34
1.450000e-16 -1.506068e+17 2.268240e+34
1.500000e-16 -2.030407e+17 4.122553e+34
1.550000e-16 -2.709448e+17 7.341109e+34
1.600000e-16 -3.581075e+17 1.282410e+35
1.650000e-16 -4.690630e+17 2.200201e+35
1.700000e-16 -6.092031e+17 3.711284e+35
1.750000e-16 -7.848994e+17 6.160671e+35
1.800000e-16 -1.003639e+18 1.007291e+36
1.850000e-16 -1.274169e+18 1.623507e+36
1.900000e-16 -1.606659e+18 2.581354e+36
1.950000e-16 -2.012869e+18 4.051644e+36
2.000000e-16 -2.506337e+18 6.281727e+36
2.050000e-16 -3.102575e+18 9.625969e+36
2.100000e-16 -3.819278e+18 1.458689e+37
2.150000e-16 -4.676554e+18 2.187016e+37
2.200000e-16 -5.697153e+18 3.245755e+37
2.250000e-16 -6.906720e+18 4.770279e+37
2.300000e-16 -8.334056e+18 6.945650e+37
2.350000e-16 -1.001139e+19 1.002279e+38
2.400000e-16 -1.197466e+19 1.433925e+38
2.450000e-16 -1.426381e+19 2.034563e+38
2.500000e-16 -1.692310e+19 2.863912e+38
2.550000e-16 -2.000139e+19 4.000556e+38
2.600000e-16 -2.355250e+19 5.547203e+38
2.650000e-16 -2.763550e+19 7.637207e+38
2.700000e-16 -3.231504e+19 1.044262e+39
2.750000e-16 -3.766172e+19 1.418405e+39
2.800000e-16 -4.375235e+19 1.914268e+39
2.850000e-16 -5.067035e+19 2.567485e+39
2.900000e-16 -5.850605e+19 3.422958e+39
2.950000e-16 -6.735700e+19 4.536966e+39
3.000000e-16 -7.732830e+19 5.979666e+39
3.050000e-16 -8.853290e+19 7.838075e+39
3.100000e-16 -1.010919e+20 1.021957e+40
3.150000e-16 -1.151348e+20 1.325603e+40
3.200000e-16 -1.307999e+20 1.710860e+40
3.250000e-16 -1.482342e+20 2.197337e+40
3.300000e-16 -1.675940e+20 2.808774e+40
3.350000e-16 -1.890449e+20 3.573798e+40
3.400000e-16 -2.127621e+20 4.526770e+40
3.450000e-16 -2.389302e+20 5.708763e+40
3.500000e-16 -2.677437e+20 7.168669e+40
3.550000e-16 -2.994069e+20 8.964448e+40
3.600000e-16 -3.341338e+20 1.116454e+41
3.650000e-16 -3.721482e+20 1.384943e+41
3.700000e-16 -4.136837e+20 1.711342e+41
3.750000e-16 -4.589834e+20 2.106657e+41
3.800000e-16 -5.082999e+20 2.583688e+41
3.850000e-16 -5.618950e+20 3.157260e+41
3.900000e-16 -6.200394e+20 3.844488e+41
3.950000e-16 -6.830124e+20 4.665059e+41
4.000000e-16 -7.511015e+20 5.641534e+41
4.050000e-16 -8.246020e+20 6.799684e+41
4.100000e-16 -9.038163e+20 8.168838e+41
4.150000e-16 -9.890535e+20 9.782269e+41
4.200000e-16 -1.080629e+21 1.167759e+42
4.250000e-16 -1.178863e+21 1.389717e+42
4.300000e-16 -1.284080e+21 1.648860e+42
4.350000e-16 -1.396608e+21 1.950515e+42
4.400000e-16 -1.516780e+21 2.300622e+42
4.450000e-16 -1.644928e+21 2.705787e+42
4.500000e-16 -1.781385e+21 3.173332e+42
4.550000e-16 -1.926485e+21 3.711343e+42
4.600000e-16 -2.080558e+21 4.328724e+42
4.650000e-16 -2.243935e+21 5.035245e+42
4.700000e-16 -2.416939e+21 5.841595e+42
4.750000e-16 -2.599890e+21 6.759426e+42
4.800000e-16 -2.793098e+21 7.801396e+42
4.850000e-16 -2.996868e+21 8.981218e+42
4.900000e-16 -3.211493e+21 1.031369e+43
4.950000e-16 -3.437256e+21 1.181473e+43
5.000000e-16 -3.674425e+21 1.350140e+43
5.050000e-16 -3.923255e+21 1.539193e+43
5.100000e-16 -4.183982e+21 1.750571e+43
5.150000e-16 -4.456828e+21 1.986331e+43
5.200000e-16 -4.741991e+21 2.248648e+43
5.250000e-16 -5.039650e+21 2.539808e+43
5.300000e-16 -5.349961e+21 2.862208e+43
5.350000e-16 -5.673052e+21 3.218352e+43
5.400000e-16 -6.009028e+21 3.610842e+43
5.450000e-16 -6.357963e+21 4.042369e+43
5.500000e-16 -6.719902e+21 4.515708e+43
5.550000e-16 -7.094857e+21 5.033700e+43
5.600000e-16 -7.482810e+21 5.599244e+43
5.650000e-16 -7.883703e+21 6.215277e+43
5.700000e-16 -8.297445e+21 6.884760e+43
5.750000e-16 -8.723907e+21 7.610656e+43
5.800000e-16 -9.162920e+21 8.395909e+43
5.850000e-16 -9.614272e+21 9.243423e+43
5.900000e-16 -1.007771e+22 1.015603e+44
5.950000e-16 -1.055295e+22 1.113648e+44
6.000000e-16 -1.103964e+22 1.218737e+44
6.050000e-16 -1.153741e+22 1.331117e+44
6.100000e-16 -1.204581e+22 1.451016e+44
6.150000e-16 -1.256439e+22 1.578639e+44
6.200000e-16 -1.309261e+22 1.714164e+44
6.250000e-16 -1.362990e+22 1.857743e+44
6.300000e-16 -1.417566e+22 2.009492e+44
6.350000e-16 -1.472920e+22 2.169493e+44
6.400000e-16 -1.528982e+22 2.337787e+44
6.450000e-16 -1.585677e+22 2.514371e+44
6.500000e-16 -1.642922e+22 2.699194e+44
6.550000e-16 -1.700634e+22 2.892155e+44
6.600000e-16 -1.758721e+22 3.093100e+44
6.650000e-16 -1.817090e+22 3.301817e+44
6.700000e-16 -1.875642e+22 3.518032e+44
6.750000e-16 -1.934273e+22 3.741412e+44
6.800000e-16 -1.992877e+22 3.971559e+44
6.850000e-16 -2.051342e+22 4.208006e+44
6.900000e-16 -2.109555e+22 4.450221e+44
6.950000e-16 -2.167395e+22 4.697603e+44
7.000000e-16 -2.224743e+22 4.949481e+44
7.050000e-16 -2.281473e+22 5.205117e+44
7.100000e-16 -2.337457e+22 5.463705e+44
7.150000e-16 -2.392566e+22 5.724371e+44
7.200000e-16 -2.446667e+22 5.986179e+44
7.250000e-16 -2.499626e+22 6.248131e+44
7.300000e-16 -2.551308e+22 6.509170e+44
7.350000e-16 -2.601574e+22 6.768188e+44
7.400000e-16 -2.650288e+22 7.024025e+44
7.450000e-16 -2.697310e+22 7.275480e+44
7.500000e-16 -2.742502e+22 7.521316e+44
7.550000e-16 -2.785725e+22 7.760265e+44
7.600000e-16 -2.826842e+22 7.991036e+44
7.650000e-16 -2.865716e+22 8.212327e+44
7.700000e-16 -2.902211e+22 8.422829e+44
7.750000e-16 -2.936194e+22 8.621237e+44
7.800000e-16 -2.967535e+22 8.806263e+44
7.850000e-16 -2.996104e+22 8.976640e+44
7.900000e-16 -3.021777e+22 9.131138e+44
7.950000e-16 -3.044433e+22 9.268573e+44
8.000000e-16 -3.063954e+22 9.387816e+44
8.050000e-16 -3.080228e+22 9.487805e+44
8.100000e-16 -3.093147e+22 9.567559e+44
8.150000e-16 -3.102609e+22 9.626183e+44
8.200000e-16 -3.108518e+22 9.662882e+44
8.250000e-16 -3.110783e+22 9.676971e+44
8.300000e-16 -3.109322e+22 9.667881e+44
8.350000e-16 -3.104058e+22 9.635174e+44
8.400000e-16 -3.094922e+22 9.578543e+44
8.450000e-16 -3.081854e+22 9.497827e+44
8.500000e-16 -3.064802e+22 9.393011e+44
8.550000e-16 -3.043721e+22 9.264236e+44
8.600000e-16 -3.018576e+22 9.111799e+44
8.650000e-16 -2.989341e+22 8.936158e+44
8.700000e-16 -2.956000e+22 8.737935e+44
8.750000e-16 -2.918546e+22 8.517911e+44
8.800000e-16 -2.876982e+22 8.277028e+44
8.850000e-16 -2.831323e+22 8.016389e+44
8.900000e-16 -2.781591e+22 7.737246e+44
8.950000e-16 -2.727820e+22 7.441003e+44
9.000000e-16 -2.670056e+22 7.129200e+44
9.050000e-16 -2.608354e+22 6.803512e+44
9.100000e-16 -2.542780e+22 6.465732e+44
9.150000e-16 -2.473412e+22 6.117765e+44
9.200000e-16 -2.400336e+22 5.761611e+44
9.250000e-16 -2.323651e+22 5.399353e+44
9.300000e-16 -2.243466e+22 5.033140e+44
9.350000e-16 -2.159901e+22 4.665171e+44
9.400000e-16 -2.073085e+22 4.297680e+44
9.450000e-16 -1.983158e+22 3.932915e+44
9.500000e-16 -1.890270e+22 3.573121e+44
9.550000e-16 -1.794581e+22 3.220519e+44
9.600000e-16 -1.696258e+22 2.877292e+44
9.650000e-16 -1.595481e+22 2.545561e+44
9.700000e-16 -1.492436e+22 2.227366e+44
9.750000e-16 -1.387318e+22 1.924650e+44
9.800000e-16 -1.280328e+22 1.639240e+44
9.850000e-16 -1.171678e+22 1.372830e+44
9.900000e-16 -1.061585e+22 1.126962e+44
9.950000e-16 -9.502710e+21 9.030149e+43
1.000000e-15 -8.379661e+21 7.021872e+43
1.005000e-15 -7.249047e+21 5.254869e+43
1.010000e-15 -6.113259e+21 3.737194e+43
1.015000e-15 -4.974728e+21 2.474792e+43
1.020000e-15 -3.835919e+21 1.471428e+43
1.025000e-15 -2.699326e+21 7.286362e+42
1.030000e-15 -1.567461e+21 2.456935e+42
1.035000e-15 -4.428513e+20 1.961173e+41
1.040000e-15 6.719717e+20 4.515460e+41
1.045000e-15 1.774476e+21 3.148766e+42
1.050000e-15 2.862139e+21 8.191840e+42
1.055000e-15 3.932453e+21 1.546419e+43
1.060000e-15 4.982935e+21 2.482964e+43
1.065000e-15 6.011132e+21 3.613371e+43
1.070000e-15 7.014630e+21 4.920503e+43
1.075000e-15 7.991060e+21 6.385703e+43
1.080000e-15 8.938106e+21 7.988974e+43
1.085000e-15 9.853515e+21 9.709177e+43
1.090000e-15 1.073510e+22 1.152424e+44
1.095000e-15 1.158075e+22 1.341138e+44
1.100000e-15 1.238843e+22 1.534733e+44
1.105000e-15 1.315621e+22 1.730859e+44
1.110000e-15 1.388224e+22 1.927165e+44
1.115000e-15 1.456477e+22 2.121325e+44
1.120000e-15 1.520217e+22 2.311059e+44
1.125000e-15 1.579291e+22 2.494162e+44
1.130000e-15 1.633560e+22 2.668520e+44
1.135000e-15 1.682896e+22 2.832138e+44
1.140000e-15 1.727182e+22 2.983159e+44
1.145000e-15 1.766319e+22 3.119882e+44
1.150000e-15 1.800217e+22 3.240782e+44
1.155000e-15 1.828804e+22 3.344523e+44
1.160000e-15 1.852019e+22 3.429975e+44
1.165000e-15 1.869819e+22 3.496223e+44
1.170000e-15 1.882173e+22 3.542577e+44
1.175000e-15 1.889068e+22 3.568580e+44
1.180000e-15 1.890505e+22 3.574009e+44
1.185000e-15 1.886499e+22 3.558879e+44
1.190000e-15 1.877083e+22 3.523440e+44
1.195000e-15 1.862304e+22 3.468175e+44
1.200000e-15 1.842224e+22 3.393790e+44
1.205000e-15 1.816922e+22 3.301207e+44
1.210000e-15 1.786491e+22 3.191551e+44
1.215000e-15 1.751039e+22 3.066139e+44
1.220000e-15 1.710689e+22 2.926458e+44
1.225000e-15 1.665579e+22 2.774152e+44
1.230000e-15 1.615858e+22 2.610997e+44
1.235000e-15 1.561693e+22 2.438885e+44
1.240000e-15 1.503262e+22 2.259796e+44
1.245000e-15 1.440755e+22 2.075774e+44
1.250000e-15 1.374375e+22 1.888907e+44
1.255000e-15 1.304338e+22 1.701297e+44
1.260000e-15 1.230868e+22 1.515036e+44
1.265000e-15 1.154202e+22 1.332182e+44
1.270000e-15 1.074585e+22 1.154733e+44
1.275000e-15 9.922715e+21 9.846027e+43
1.280000e-15 9.075239e+21 8.235997e+43
1.285000e-15 8.206121e+21 6.734042e+43
1.290000e-15 7.318121e+21 5.355490e+43
1.295000e-15 6.414059e+21 4.114015e+43
1.300000e-15 5.496800e+21 3.021481e+43
1.305000e-15 4.569248e+21 2.087803e+43
1.310000e-15 3.634336e+21 1.320840e+43
1.315000e-15 2.695018e+21 7.263120e+42
1.320000e-15 1.754255e+21 3.077412e+42
1.325000e-15 8.150141e+20 6.642479e+41
1.330000e-15 -1.197507e+20 1.434023e+40
1.335000e-15 -1.047101e+21 1.096421e+42
1.340000e-15 -1.964127e+21 3.857796e+42
1.345000e-15 -2.867956e+21 8.225174e+42
1.350000e-15 -3.755762e+21 1.410575e+43
1.355000e-15 -4.624773e+21 2.138853e+43
1.360000e-15 -5.472285e+21 2.994590e+43
1.365000e-15 -6.295665e+21 3.963539e+43
1.370000e-15 -7.092363e+21 5.030162e+43
1.375000e-15 -7.859923e+21 6.177838e+43
1.380000e-15 -8.595983e+21 7.389092e+43
1.385000e-15 -9.298293e+21 8.645825e+43
1.390000e-15 -9.964714e+21 9.929552e+43
1.395000e-15 -1.059323e+22 1.122165e+44
1.400000e-15 -1.118196e+22 1.250361e+44
1.405000e-15 -1.172914e+22 1.375726e+44
1.410000e-15 -1.223316e+22 1.496502e+44
1.415000e-15 -1.269257e+22 1.611012e+44
1.420000e-15 -1.310603e+22 1.717681e+44
1.425000e-15 -1.347241e+22 1.815057e+44
1.430000e-15 -1.379069e+22 1.901830e+44
1.435000e-15 -1.406003e+22 1.976846e+44
1.440000e-15 -1.427978e+22 2.039122e+44
1.445000e-15 -1.444943e+22 2.087860e+44
1.450000e-15 -1.456864e+22 2.122452e+44
1.455000e-15 -1.463725e+22 2.142490e+44
1.460000e-15 -1.465527e+22 2.147770e+44
1.465000e-15 -1.462288e+22 2.138288e+44
1.470000e-15 -1.454044e+22 2.114244e+44
1.475000e-15 -1.440846e+22 2.076037e+44
1.480000e-15 -1.422763e+22 2.024255e+44
1.485000e-15 -1.399881e+22 1.959665e+44
1.490000e-15 -1.372300e+22 1.883207e+44
1.495000e-15 -1.340138e+22 1.795970e+44
1.500000e-15 -1.303528e+22 1.699186e+44
1.505000e-15 -1.262618e+22 1.594204e+44
1.510000e-15 -1.217569e+22 1.482474e+44
1.515000e-15 -1.168558e+22 1.365527e+44
1.520000e-15 -1.115773e+22 1.244949e+44
1.525000e-15 -1.059417e+22 1.122364e+44
1.530000e-15 -9.997022e+21 9.994045e+43
1.535000e-15 -9.368543e+21 8.776959e+43
1.540000e-15 -8.711077e+21 7.588286e+43
1.545000e-15 -8.027068e+21 6.443382e+43
1.550000e-15 -7.319045e+21 5.356843e+43
1.555000e-15 -6.589614e+21 4.342302e+43
1.560000e-15 -5.841448e+21 3.412251e+43
1.565000e-15 -5.077277e+21 2.577874e+43
1.570000e-15 -4.299880e+21 1.848897e+43
1.575000e-15 -3.512075e+21 1.233467e+43
1.580000e-15 -2.716707e+21 7.380495e+42
1.585000e-15 -1.916639e+21 3.673504e+42
1.590000e-15 -1.114742e+21 1.242650e+42
1.595000e-15 -3.138859e+20 9.852435e+40
1.600000e-15 4.830747e+20 2.333612e+41
1.605000e-15 1.273306e+21 1.621309e+42
1.610000e-15 2.054009e+21 4.218955e+42
1.615000e-15 2.822427e+21 7.966094e+42
1.620000e-15 3.575855e+21 1.278674e+43
1.625000e-15 4.311652e+21 1.859034e+43
1.630000e-15 5.027248e+21 2.527322e+43
1.635000e-15 5.720155e+21 3.272017e+43
1.640000e-15 6.387975e+21 4.080622e+43
1.645000e-15 7.028407e+21 4.939850e+43
1.650000e-15 7.639257e+21 5.835825e+43
1.655000e-15 8.218448e+21 6.754289e+43
1.660000e-15 8.764021e+21 7.680806e+43
1.665000e-15 9.274147e+21 8.600980e+43
1.670000e-15 9.747132e+21 9.500659e+43
1.675000e-15 1.018142e+22 1.036614e+44
1.680000e-15 1.057562e+22 1.118437e+44
1.685000e-15 1.092845e+22 1.194311e+44
1.690000e-15 1.123884e+22 1.263114e+44
1.695000e-15 1.150582e+22 1.323839e+44
1.700000e-15 1.172863e+22 1.375608e+44
1.705000e-15 1.190665e+22 1.417684e+44
1.710000e-15 1.203944e+22 1.449481e+44
1.715000e-15 1.212671e+22 1.470572e+44
1.720000e-15 1.216836e+22 1.480690e+44
1.725000e-15 1.216444e+22 1.479737e+44
1.730000e-15 1.211518e+22 1.467777e+44
1.735000e-15 1.202098e+22 1.445040e+44
1.740000e-15 1.188239e+22 1.411912e+44
1.745000e-15 1.170013e+22 1.368931e+44
1.750000e-15 1.147509e+22 1.316777e+44
1.755000e-15 1.120830e+22 1.256259e+44
1.760000e-15 1.090095e+22 1.188306e+44
1.765000e-15 1.055437e+22 1.113948e+44
1.770000e-15 1.017005e+22 1.034299e+44
1.775000e-15 9.749591e+21 9.505452e+43
1.780000e-15 9.294741e+21 8.639222e+43
1.785000e-15 8.807365e+21 7.756967e+43
1.790000e-15 8.289441e+21 6.871483e+43
1.795000e-15 7.743058e+21 5.995495e+43
1.800000e-15 7.170404e+21 5.141469e+43
1.805000e-15 6.573756e+21 4.321426e+43
1.810000e-15 5.955475e+21 3.546768e+43
1.815000e-15 5.317995e+21 2.828107e+43
1.820000e-15 4.663813e+21 2.175115e+43
1.825000e-15 3.995481e+21 1.596387e+43
1.830000e-15 3.315596e+21 1.099318e+43
1.835000e-15 2.626787e+21 6.900011e+42
1.840000e-15 1.931710e+21 3.731505e+42
1.845000e-15 1.233035e+21 1.520375e+42
1.850000e-15 5.334343e+20 2.845521e+41
1.855000e-15 -1.644240e+20 2.703527e+40
1.860000e-15 -8.578885e+20 7.359727e+41
1.865000e-15 -1.544334e+21 2.384967e+42
1.870000e-15 -2.221171e+21 4.933600e+42
1.875000e-15 -2.885856e+21 8.328165e+42
1.880000e-15 -3.535901e+21 1.250260e+43
1.885000e-15 -4.168884e+21 1.737959e+43
1.890000e-15 -4.782454e+21 2.287187e+43
1.895000e-15 -5.374346e+21 2.888359e+43
1.900000e-15 -5.942383e+21 3.531191e+43
1.905000e-15 -6.484489e+21 4.204859e+43
1.910000e-15 -6.998694e+21 4.898172e+43
1.915000e-15 -7.483143e+21 5.599743e+43
1.920000e-15 -7.936102e+21 6.298172e+43
1.925000e-15 -8.355963e+21 6.982212e+43
1.930000e-15 -8.741253e+21 7.640950e+43
1.935000e-15 -9.090635e+21 8.263965e+43
1.940000e-15 -9.402917e+21 8.841485e+43
1.945000e-15 -9.677055e+21 9.364539e+43
1.950000e-15 -9.912153e+21 9.825078e+43
1.955000e-15 -1.010747e+22 1.021610e+44
1.960000e-15 -1.026243e+22 1.053175e+44
1.965000e-15 -1.037660e+22 1.076738e+44
1.970000e-15 -1.044971e+22 1.091965e+44
1.975000e-15 -1.048167e+22 1.098654e+44
1.980000e-15 -1.047252e+22 1.096737e+44
1.985000e-15 -1.042248e+22 1.086282e+44
1.990000e-15 -1.033193e+22 1.067487e+44
1.995000e-15 -1.020138e+22 1.040681e+44
2.000000e-15 -1.003152e+22 1.006314e+44
2.005000e-15 -9.823183e+21 9.649493e+43
2.010000e-15 -9.577351e+21 9.172565e+43
2.015000e-15 -9.295144e+21 8.639969e+43
2.020000e-15 -8.977821e+21 8.060127e+43
2.025000e-15 -8.626775e+21 7.442126e+43
2.030000e-15 -8.243527e+21 6.795574e+43
2.035000e-15 -7.829716e+21 6.130445e+43
2.040000e-15 -7.387095e+21 5.456917e+43
2.045000e-15 -6.917524e+21 4.785214e+43
2.050000e-15 -6.422964e+21 4.125447e+43
2.055000e-15 -5.905464e+21 3.487451e+43
2.060000e-15 -5.367157e+21 2.880637e+43
2.065000e-15 -4.810250e+21 2.313851e+43
2.070000e-15 -4.237016e+21 1.795230e+43
2.075000e-15 -3.649781e+21 1.332090e+43
2.080000e-15 -3.050923e+21 9.308130e+42
2.085000e-15 -2.442852e+21 5.967527e+42
2.090000e-15 -1.828010e+21 3.341620e+42
2.095000e-15 -1.208853e+21 1.461326e+42
2.100000e-15 -5.878489e+20 3.455663e+41
2.105000e-15 3.253820e+19 1.058735e+39
2.110000e-15 6.498546e+20 4.223110e+41
2.115000e-15 1.261667e+21 1.591805e+42
2.120000e-15 1.865574e+21 3.480368e+42
2.125000e-15 2.459213e+21 6.047730e+42
2.130000e-15 3.040270e+21 9.243242e+42
2.135000e-15 3.606490e+21 1.300677e+43
2.140000e-15 4.155684e+21 1.726971e+43
2.145000e-15 4.685739e+21 2.195615e+43
2.150000e-15 5.194624e+21 2.698412e+43
2.155000e-15 5.680403e+21 3.226698e+43
2.160000e-15 6.141234e+21 3.771475e+43
2.165000e-15 6.575383e+21 4.323566e+43
2.170000e-15 6.981228e+21 4.873754e+43
2.175000e-15 7.357266e+21 5.412936e+43
2.180000e-15 7.702117e+21 5.932261e+43
2.185000e-15 8.014531e+21 6.423271e+43
2.190000e-15 8.293391e+21 6.878033e+43
2.195000e-15 8.537717e+21 7.289261e+43
2.200000e-15 8.746673e+21 7.650429e+43
2.205000e-15 8.919564e+21 7.955863e+43
2.210000e-15 9.055844e+21 8.200832e+43
2.215000e-15 9.155115e+21 8.381612e+43
2.220000e-15 9.217125e+21 8.495540e+43
2.225000e-15 9.241778e+21 8.541045e+43
2.230000e-15 9.229122e+21 8.517669e+43
2.235000e-15 9.179357e+21 8.426060e+43
2.240000e-15 9.092833e+21 8.267961e+43
2.245000e-15 8.970042e+21 8.046165e+43
2.250000e-15 8.811622e+21 7.764469e+43
2.255000e-15 8.618353e+21 7.427600e+43
2.260000e-15 8.391149e+21 7.041138e+43
2.265000e-15 8.131060e+21 6.611413e+43
2.270000e-15 7.839263e+21 6.145404e+43
2.275000e-15 7.517059e+21 5.650618e+43
2.280000e-15 7.165867e+21 5.134965e+43
2.285000e-15 6.787217e+21 4.606632e+43
2.290000e-15 6.382746e+21 4.073944e+43
2.295000e-15 5.954186e+21 3.545233e+43
2.300000e-15 5.503363e+21 3.028700e+43
2.305000e-15 5.032186e+21 2.532290e+43
2.310000e-15 4.542639e+21 2.063557e+43
2.315000e-15 4.036774e+21 1.629555e+43
2.320000e-15 3.516700e+21 1.236718e+43
2.325000e-15 2.984579e+21 8.907712e+42
2.330000e-15 2.442611e+21 5.966350e+42
2.335000e-15 1.893031e+21 3.583567e+42
2.340000e-15 1.338096e+21 1.790500e+42
2.345000e-15 7.800758e+20 6.085182e+41
2.350000e-15 2.212471e+20 4.895028e+40
2.355000e-15 -3.361193e+20 1.129762e+41
2.360000e-15 -8.897661e+20 7.916837e+41
2.365000e-15 -1.437459e+21 2.066287e+42
2.370000e-15 -1.976994e+21 3.908505e+42
2.375000e-15 -2.506210e+21 6.281090e+42
2.380000e-15 -3.022994e+21 9.138495e+42
2.385000e-15 -3.525291e+21 1.242768e+43
2.390000e-15 -4.011111e+21 1.608901e+43
2.395000e-15 -4.478539e+21 2.005731e+43
2.400000e-15 -4.925739e+21 2.426291e+43
2.405000e-15 -5.350967e+21 2.863285e+43
2.410000e-15 -5.752572e+21 3.309208e+43
2.415000e-15 -6.129004e+21 3.756469e+43
2.420000e-15 -6.478823e+21 4.197515e+43
2.425000e-15 -6.800701e+21 4.624954e+43
2.430000e-15 -7.093429e+21 5.031673e+43
2.435000e-15 -7.355919e+21 5.410955e+43
2.440000e-15 -7.587213e+21 5.756579e+43
2.445000e-15 -7.786480e+21 6.062927e+43
2.450000e-15 -7.953026e+21 6.325062e+43
2.455000e-15 -8.086291e+21 6.538810e+43
2.460000e-15 -8.185852e+21 6.700817e+43
2.465000e-15 -8.251427e+21 6.808605e+43
2.470000e-15 -8.282874e+21 6.860600e+43
2.475000e-15 -8.280188e+21 6.856151e+43
2.480000e-15 -8.243506e+21 6.795540e+43
2.485000e-15 -8.173105e+21 6.679964e+43
2.490000e-15 -8.069395e+21 6.511514e+43
2.495000e-15 -7.932925e+21 6.293130e+43
2.500000e-15 -7.764374e+21 6.028551e+43
2.505000e-15 -7.564551e+21 5.722243e+43
2.510000e-15 -7.334390e+21 5.379327e+43
2.515000e-15 -7.074946e+21 5.005486e+43
2.520000e-15 -6.787393e+21 4.606870e+43
2.525000e-15 -6.473012e+21 4.189989e+43
2.530000e-15 -6.133194e+21 3.761607e+43
2.535000e-15 -5.769429e+21 3.328631e+43
2.540000e-15 -5.383298e+21 2.897989e+43
2.545000e-15 -4.976471e+21 2.476526e+43
2.550000e-15 -4.550696e+21 2.070884e+43
2.555000e-15 -4.107796e+21 1.687398e+43
2.560000e-15 -3.649654e+21 1.331998e+43
2.565000e-15 -3.178214e+21 1.010104e+43
2.570000e-15 -2.695465e+21 7.265529e+42
2.575000e-15 -2.203437e+21 4.855135e+42
2.580000e-15 -1.704193e+21 2.904273e+42
2.585000e-15 -1.199817e+21 1.439560e+42
2.590000e-15 -6.924082e+20 4.794291e+41
2.595000e-15 -1.840716e+20 3.388236e+40
2.600000e-15 3.230910e+20 1.043878e+41
2.605000e-15 8.269897e+20 6.839120e+41
2.610000e-15 1.325555e+21 1.757095e+42
2.615000e-15 1.816744e+21 3.300560e+42
2.620000e-15 2.298555e+21 5.283356e+42
2.625000e-15 2.769028e+21 7.667516e+42
2.630000e-15 3.226257e+21 1.040874e+43
2.635000e-15 3.668398e+21 1.345714e+43
2.640000e-15 4.093673e+21 1.675816e+43
2.645000e-15 4.500382e+21 2.025344e+43
2.650000e-15 4.886905e+21 2.388184e+43
2.655000e-15 5.251713e+21 2.758049e+43
2.660000e-15 5.593369e+21 3.128578e+43
2.665000e-15 5.910539e+21 3.493447e+43
2.670000e-15 6.201992e+21 3.846470e+43
2.675000e-15 6.466610e+21 4.181704e+43
2.680000e-15 6.703387e+21 4.493540e+43
2.685000e-15 6.911438e+21 4.776797e+43
2.690000e-15 7.089998e+21 5.026807e+43
2.695000e-15 7.238428e+21 5.239484e+43
2.700000e-15 7.356214e+21 5.411389e+43
2.705000e-15 7.442973e+21 5.539785e+43
2.710000e-15 7.498451e+21 5.622676e+43
2.715000e-15 7.522523e+21 5.658835e+43
2.720000e-15 7.515196e+21 5.647817e+43
2.725000e-15 7.476608e+21 5.589967e+43
2.730000e-15 7.407025e+21 5.486402e+43
2.735000e-15 7.306842e+21 5.338993e+43
2.740000e-15 7.176578e+21 5.150326e+43
2.745000e-15 7.016877e+21 4.923656e+43
2.750000e-15 6.828502e+21 4.662844e+43
2.755000e-15 6.612335e+21 4.372297e+43
2.760000e-15 6.369368e+21 4.056885e+43
2.765000e-15 6.100703e+21 3.721858e+43
2.770000e-15 5.807544e+21 3.372757e+43
2.775000e-15 5.491196e+21 3.015323e+43
2.780000e-15 5.153052e+21 2.655395e+43
2.785000e-15 4.794596e+21 2.298815e+43
2.790000e-15 4.417388e+21 1.951331e+43
2.795000e-15 4.023063e+21 1.618504e+43
2.800000e-15 3.613323e+21 1.305610e+43
2.805000e-15 3.189927e+21 1.017564e+43
2.810000e-15 2.754688e+21 7.588304e+42
2.815000e-15 2.309459e+21 5.333601e+42
2.820000e-15 1.856132e+21 3.445228e+42
2.825000e-15 1.396627e+21 1.950567e+42
2.830000e-15 9.328814e+20 8.702678e+41
2.835000e-15 4.668461e+20 2.179453e+41
2.840000e-15 4.752110e+17 2.258255e+35
2.845000e-15 -4.642820e+20 2.155578e+41
2.850000e-15 -9.254887e+20 8.565294e+41
2.855000e-15 -1.381229e+21 1.907794e+42
2.860000e-15 -1.829616e+21 3.347494e+42
2.865000e-15 -2.268798e+21 5.147446e+42
2.870000e-15 -2.696970e+21 7.273647e+42
2.875000e-15 -3.112375e+21 9.686881e+42
2.880000e-15 -3.513319e+21 1.234341e+43
2.885000e-15 -3.898168e+21 1.519572e+43
2.890000e-15 -4.265366e+21 1.819335e+43
2.895000e-15 -4.613432e+21 2.128376e+43
2.900000e-15 -4.940971e+21 2.441319e+43
2.905000e-15 -5.246676e+21 2.752761e+43
2.910000e-15 -5.529339e+21 3.057359e+43
2.915000e-15 -5.787848e+21 3.349918e+43
2.920000e-15 -6.021198e+21 3.625483e+43
2.925000e-15 -6.228492e+21 3.879412e+43
2.930000e-15 -6.408945e+21 4.107457e+43
2.935000e-15 -6.561885e+21 4.305833e+43
2.940000e-15 -6.686758e+21 4.471273e+43
2.945000e-15 -6.783131e+21 4.601087e+43
2.950000e-15 -6.850690e+21 4.693195e+43
2.955000e-15 -6.889242e+21 4.746166e+43
2.960000e-15 -6.898719e+21 4.759232e+43
2.965000e-15 -6.879172e+21 4.732300e+43
2.970000e-15 -6.830774e+21 4.665947e+43
2.975000e-15 -6.753820e+21 4.561409e+43
2.980000e-15 -6.648724e+21 4.420553e+43
2.985000e-15 -6.516015e+21 4.245845e+43
2.990000e-15 -6.356336e+21 4.040301e+43
2.995000e-15 -6.170444e+21 3.807438e+43
3.000000e-15 -5.959202e+21 3.551208e+43
3.005000e-15 -5.723575e+21 3.275932e+43
3.010000e-15 -5.464632e+21 2.986221e+43
3.015000e-15 -5.183533e+21 2.686902e+43
3.020000e-15 -4.881529e+21 2.382933e+43
3.025000e-15 -4.559955e+21 2.079319e+43
3.030000e-15 -4.220223e+21 1.781029e+43
3.035000e-15 -3.863820e+21 1.492911e+43
3.040000e-15 -3.492296e+21 1.219613e+43
3.045000e-15 -3.107261e+21 9.655074e+42
3.050000e-15 -2.710378e+21 7.346148e+42
3.055000e-15 -2.303352e+21 5.305431e+42
3.060000e-15 -1.887929e+21 3.564276e+42
3.065000e-15 -1.465883e+21 2.148814e+42
3.070000e-15 -1.039013e+21 1.079547e+42
3.075000e-15 -6.091292e+20 3.710384e+41
3.080000e-15 -1.780529e+20 3.170283e+40
3.085000e-15 2.523967e+20 6.370408e+40
3.090000e-15 6.804079e+20 4.629549e+41
3.095000e-15 1.104185e+21 1.219224e+42
3.100000e-15 1.521954e+21 2.316343e+42
3.105000e-15 1.931973e+21 3.732520e+42
3.110000e-15 2.332537e+21 5.440729e+42
3.115000e-15 2.721986e+21 7.409208e+42
3.120000e-15 3.098711e+21 9.602013e+42
3.125000e-15 3.461163e+21 1.197965e+43
3.130000e-15 3.807855e+21 1.449976e+43
3.135000e-15 4.137372e+21 1.711785e+43
3.140000e-15 4.448377e+21 1.978806e+43
3.145000e-15 4.739612e+21 2.246392e+43
3.150000e-15 5.009908e+21 2.509917e+43
3.155000e-15 5.258187e+21 2.764853e+43
3.160000e-15 5.483466e+21 3.006840e+43
3.165000e-15 5.684865e+21 3.231769e+43
3.170000e-15 5.861603e+21 3.435839e+43
3.175000e-15 6.013009e+21 3.615627e+43
3.180000e-15 6.138517e+21 3.768140e+43
3.185000e-15 6.237677e+21 3.890861e+43
3.190000e-15 6.310146e+21 3.981794e+43
3.195000e-15 6.355698e+21 4.039489e+43
3.200000e-15 6.374221e+21 4.063069e+43
3.205000e-15 6.365716e+21 4.052234e+43
3.210000e-15 6.330300e+21 4.007269e+43
3.215000e-15 6.268201e+21 3.929035e+43
3.220000e-15 6.179762e+21 3.818946e+43
3.225000e-15 6.065434e+21 3.678949e+43
3.230000e-15 5.925777e+21 3.511484e+43
3.235000e-15 5.761456e+21 3.319438e+43
3.240000e-15 5.573239e+21 3.106100e+43
3.245000e-15 5.361993e+21 2.875096e+43
3.250000e-15 5.128677e+21 2.630333e+43
3.255000e-15 4.874346e+21 2.375925e+43
3.260000e-15 4.600136e+21 2.116125e+43
3.265000e-15 4.307266e+21 1.855254e+43
3.270000e-15 3.997030e+21 1.597625e+43
3.275000e-15 3.670793e+21 1.347472e+43
3.280000e-15 3.329983e+21 1.108879e+43
3.285000e-15 2.976084e+21 8.857078e+42
3.290000e-15 2.610635e+21 6.815413e+42
3.295000e-15 2.235215e+21 4.996186e+42
3.300000e-15 1.851445e+21 3.427848e+42
3.305000e-15 1.460974e+21 2.134445e+42
3.310000e-15 1.065477e+21 1.135240e+42
3.315000e-15 6.666427e+20 4.444124e+41
3.320000e-15 2.661722e+20 7.084765e+40
3.325000e-15 -1.342327e+20 1.801841e+40
3.330000e-15 -5.328749e+20 2.839557e+41
3.335000e-15 -9.280697e+20 8.613133e+41
3.340000e-15 -1.318151e+21 1.737523e+42
3.345000e-15 -1.701480e+21 2.895035e+42
3.350000e-15 -2.076451e+21 4.311647e+42
3.355000e-15 -2.441496e+21 5.960901e+42
3.360000e-15 -2.795095e+21 7.812559e+42
3.365000e-15 -3.135783e+21 9.833134e+42
3.370000e-15 -3.462149e+21 1.198648e+43
3.375000e-15 -3.772851e+21 1.423440e+43
3.380000e-15 -4.066613e+21 1.653734e+43
3.385000e-15 -4.342238e+21 1.885503e+43
3.390000e-15 -4.598608e+21 2.114719e+43
3.395000e-15 -4.834688e+21 2.337420e+43
3.400000e-15 -5.049533e+21 2.549779e+43
3.405000e-15 -5.242293e+21 2.748164e+43
3.410000e-15 -5.412211e+21 2.929202e+43
3.415000e-15 -5.558629e+21 3.089835e+43
3.420000e-15 -5.680992e+21 3.227367e+43
3.425000e-15 -5.778848e+21 3.339509e+43
3.430000e-15 -5.851851e+21 3.424416e+43
3.435000e-15 -5.899760e+21 3.480717e+43
3.440000e-15 -5.922442e+21 3.507532e+43
3.445000e-15 -5.919872e+21 3.504488e+43
3.450000e-15 -5.892130e+21 3.471720e+43
3.455000e-15 -5.839406e+21 3.409866e+43
3.460000e-15 -5.761992e+21 3.320056e+43
3.465000e-15 -5.660288e+21 3.203887e+43
3.470000e-15 -5.534794e+21 3.063394e+43
3.475000e-15 -5.386108e+21 2.901016e+43
3.480000e-15 -5.214927e+21 2.719547e+43
3.485000e-15 -5.022043e+21 2.522092e+43
3.490000e-15 -4.808335e+21 2.312009e+43
3.495000e-15 -4.574771e+21 2.092853e+43
3.500000e-15 -4.322398e+21 1.868312e+43
3.505000e-15 -4.052342e+21 1.642147e+43
3.510000e-15 -3.765801e+21 1.418126e+43
3.515000e-15 -3.464039e+21 1.199957e+43
3.520000e-15 -3.148383e+21 9.912315e+42
3.525000e-15 -2.820213e+21 7.953604e+42
3.530000e-15 -2.480962e+21 6.155172e+42
3.535000e-15 -2.132102e+21 4.545861e+42
3.540000e-15 -1.775147e+21 3.151145e+42
3.545000e-15 -1.411636e+21 1.992715e+42
3.550000e-15 -1.043136e+21 1.088132e+42
3.555000e-15 -6.712286e+20 4.505478e+41
3.560000e-15 -2.975077e+20 8.851081e+40
3.565000e-15 7.643081e+19 5.841669e+39
3.570000e-15 4.489938e+20 2.015954e+41
3.575000e-15 8.185983e+20 6.701031e+41
3.580000e-15 1.183678e+21 1.401094e+42
3.585000e-15 1.542690e+21 2.379893e+42
3.590000e-15 1.894122e+21 3.587697e+42
3.595000e-15 2.236496e+21 5.001914e+42
3.600000e-15 2.568379e+21 6.596569e+42
3.605000e-15 2.888384e+21 8.342762e+42
3.610000e-15 3.195180e+21 1.020918e+43
3.615000e-15 3.487496e+21 1.216263e+43
3.620000e-15 3.764124e+21 1.416863e+43
3.625000e-15 4.023927e+21 1.619199e+43
3.630000e-15 4.265844e+21 1.819742e+43
3.635000e-15 4.488890e+21 2.015014e+43
3.640000e-15 4.692166e+21 2.201643e+43
3.645000e-15 4.874859e+21 2.376425e+43
3.650000e-15 5.036243e+21 2.536374e+43
3.655000e-15 5.175688e+21 2.678774e+43
3.660000e-15 5.292657e+21 2.801222e+43
3.665000e-15 5.386713e+21 2.901668e+43
3.670000e-15 5.457515e+21 2.978447e+43
3.675000e-15 5.504822e+21 3.030307e+43
3.680000e-15 5.528496e+21 3.056427e+43
3.685000e-15 5.528499e+21 3.056430e+43
3.690000e-15 5.504893e+21 3.030384e+43
3.695000e-15 5.457841e+21 2.978803e+43
3.700000e-15 5.387608e+21 2.902632e+43
3.705000e-15 5.294553e+21 2.803230e+43
3.710000e-15 5.179135e+21 2.682344e+43
3.715000e-15 5.041906e+21 2.542081e+43
3.720000e-15 4.883508e+21 2.384865e+43
3.725000e-15 4.704674e+21 2.213395e+43
3.730000e-15 4.506221e+21 2.030603e+43
3.735000e-15 4.289048e+21 1.839593e+43
3.740000e-15 4.054133e+21 1.643599e+43
3.745000e-15 3.802524e+21 1.445919e+43
3.750000e-15 3.535340e+21 1.249863e+43
3.755000e-15 3.253764e+21 1.058698e+43
3.760000e-15 2.959035e+21 8.755886e+42
3.765000e-15 2.652447e+21 7.035474e+42
3.770000e-15 2.335341e+21 5.453816e+42
3.775000e-15 2.009099e+21 4.036478e+42
3.780000e-15 1.675139e+21 2.806090e+42
3.785000e-15 1.334908e+21 1.781979e+42
3.790000e-15 9.898760e+20 9.798546e+41
3.795000e-15 6.415306e+20 4.115615e+41
3.800000e-15 2.913689e+20 8.489586e+40
3.805000e-15 -5.910759e+19 3.493707e+39
3.810000e-15 -4.084000e+20 1.667906e+41
3.815000e-15 -7.550182e+20 5.700525e+41
3.820000e-15 -1.097487e+21 1.204478e+42
3.825000e-15 -1.434354e+21 2.057370e+42
3.830000e-15 -1.764191e+21 3.112372e+42
3.835000e-15 -2.085608e+21 4.349762e+42
3.840000e-15 -2.397252e+21 5.746815e+42
3.845000e-15 -2.697814e+21 7.278198e+42
3.850000e-15 -2.986037e+21 8.916417e+42
3.855000e-15 -3.260721e+21 1.063230e+43
3.860000e-15 -3.520725e+21 1.239551e+43
3.865000e-15 -3.764975e+21 1.417504e+43
3.870000e-15 -3.992466e+21 1.593978e+43
3.875000e-15 -4.202267e+21 1.765905e+43
3.880000e-15 -4.393526e+21 1.930307e+43
3.885000e-15 -4.565472e+21 2.084353e+43
3.890000e-15 -4.717418e+21 2.225403e+43
3.895000e-15 -4.848765e+21 2.351052e+43
3.900000e-15 -4.959003e+21 2.459171e+43
3.905000e-15 -5.047714e+21 2.547942e+43
3.910000e-15 -5.114573e+21 2.615885e+43
3.915000e-15 -5.159348e+21 2.661887e+43
3.920000e-15 -5.181905e+21 2.685214e+43
3.925000e-15 -5.182202e+21 2.685522e+43
3.930000e-15 -5.160295e+21 2.662865e+43
3.935000e-15 -5.116334e+21 2.617687e+43
3.940000e-15 -5.050562e+21 2.550817e+43
3.945000e-15 -4.963315e+21 2.463450e+43
3.950000e-15 -4.855023e+21 2.357124e+43
3.955000e-15 -4.726200e+21 2.233697e+43
3.960000e-15 -4.577451e+21 2.095306e+43
3.965000e-15 -4.409462e+21 1.944336e+43
3.970000e-15 -4.223002e+21 1.783375e+43
3.975000e-15 -4.018915e+21 1.615168e+43
3.980000e-15 -3.798120e+21 1.442572e+43
3.985000e-15 -3.561605e+21 1.268503e+43
3.990000e-15 -3.310421e+21 1.095889e+43
3.995000e-15 -3.045682e+21 9.276181e+42
4.000000e-15 -2.768557e+21 7.664907e+42
4.005000e-15 -2.480263e+21 6.151704e+42
4.010000e-15 -2.182064e+21 4.761402e+42
4.015000e-15 -1.875262e+21 3.516607e+42
4.020000e-15 -1.561194e+21 2.437327e+42
4.025000e-15 -1.241224e+21 1.540638e+42
4.030000e-15 -9.167390e+20 8.404104e+41
4.035000e-15 -5.891403e+20 3.470863e+41
4.040000e-15 -2.598404e+20 6.751702e+40
4.045000e-15 6.974456e+19 4.864304e+39
4.050000e-15 3.982006e+20 1.585638e+41
4.055000e-15 7.241222e+20 5.243529e+41
4.060000e-15 1.046118e+21 1.094362e+42
4.065000e-15 1.362816e+21 1.857267e+42
4.070000e-15 1.672872e+21 2.798499e+42
4.075000e-15 1.974971e+21 3.900510e+42
4.080000e-15 2.267838e+21 5.143088e+42
4.085000e-15 2.550238e+21 6.503714e+42
4.090000e-15 2.820986e+21 7.957963e+42
4.095000e-15 3.078949e+21 9.479926e+42
4.100000e-15 3.323050e+21 1.104266e+43
4.105000e-15 3.552277e+21 1.261867e+43
4.110000e-15 3.765682e+21 1.418036e+43
4.115000e-15 3.962387e+21 1.570051e+43
4.120000e-15 4.141589e+21 1.715276e+43
4.125000e-15 4.302561e+21 1.851203e+43
4.130000e-15 4.444656e+21 1.975497e+43
4.135000e-15 4.567310e+21 2.086032e+43
4.140000e-15 4.670044e+21 2.180931e+43
4.145000e-15 4.752464e+21 2.258591e+43
4.150000e-15 4.814265e+21 2.317715e+43
4.155000e-15 4.855232e+21 2.357328e+43
4.160000e-15 4.875239e+21 2.376796e+43
4.165000e-15 4.874251e+21 2.375832e+43
4.170000e-15 4.852321e+21 2.354502e+43
4.175000e-15 4.809595e+21 2.313220e+43
4.180000e-15 4.746305e+21 2.252741e+43
4.185000e-15 4.662772e+21 2.174144e+43
4.190000e-15 4.559403e+21 2.078816e+43
4.195000e-15 4.436690e+21 1.968422e+43
4.200000e-15 4.295206e+21 1.844879e+43
4.205000e-15 4.135603e+21 1.710321e+43
4.210000e-15 3.958609e+21 1.567059e+43
4.215000e-15 3.765027e+21 1.417543e+43
4.220000e-15 3.555727e+21 1.264319e+43
4.225000e-15 3.331646e+21 1.109986e+43
4.230000e-15 3.093781e+21 9.571481e+42
4.235000e-15 2.843187e+21 8.083714e+42
4.240000e-15 2.580972e+21 6.661415e+42
4.245000e-15 2.308288e+21 5.328194e+42
4.250000e-15 2.026333e+21 4.106027e+42
4.255000e-15 1.736341e+21 3.014879e+42
4.260000e-15 1.439576e+21 2.072378e+42
4.265000e-15 1.137329e+21 1.293518e+42
4.270000e-15 8.309142e+20 6.904184e+41
4.275000e-15 5.216570e+20 2.721260e+41
4.280000e-15 2.108937e+20 4.447617e+40
4.285000e-15 -1.000359e+20 1.000718e+40
4.290000e-15 -4.097948e+20 1.679318e+41
4.295000e-15 -7.170538e+20 5.141661e+41
4.300000e-15 -1.020498e+21 1.041415e+42
4.305000e-15 -1.318830e+21 1.739313e+42
4.310000e-15 -1.610781e+21 2.594615e+42
4.315000e-15 -1.895108e+21 3.591435e+42
4.320000e-15 -2.170608e+21 4.711538e+42
4.325000e-15 -2.436115e+21 5.934654e+42
4.330000e-15 -2.690510e+21 7.238844e+42
4.335000e-15 -2.932725e+21 8.600878e+42
4.340000e-15 -3.161747e+21 9.996643e+42
4.345000e-15 -3.376620e+21 1.140156e+43
4.350000e-15 -3.576452e+21 1.279101e+43
4.355000e-15 -3.760418e+21 1.414074e+43
4.360000e-15 -3.927764e+21 1.542733e+43
4.365000e-15 -4.077807e+21 1.662851e+43
4.370000e-15 -4.209941e+21 1.772360e+43
4.375000e-15 -4.323638e+21 1.869385e+43
4.380000e-15 -4.418452e+21 1.952272e+43
4.385000e-15 -4.494018e+21 2.019620e+43
4.390000e-15 -4.550053e+21 2.070298e+43
4.395000e-15 -4.586362e+21 2.103472e+43
4.400000e-15 -4.602833e+21 2.118607e+43
4.405000e-15 -4.599440e+21 2.115485e+43
4.410000e-15 -4.576242e+21 2.094199e+43
4.415000e-15 -4.533385e+21 2.055158e+43
4.420000e-15 -4.471098e+21 1.999071e+43
4.425000e-15 -4.389692e+21 1.926939e+43
4.430000e-15 -4.289561e+21 1.840033e+43
4.435000e-15 -4.171178e+21 1.739873e+43
4.440000e-15 -4.035095e+21 1.628199e+43
4.445000e-15 -3.881937e+21 1.506943e+43
4.450000e-15 -3.712402e+21 1.378193e+43
4.455000e-15 -3.527256e+21 1.244154e+43
4.460000e-15 -3.327333e+21 1.107115e+43
4.465000e-15 -3.113527e+21 9.694047e+42
4.470000e-15 -2.886788e+21 8.333545e+42
4.475000e-15 -2.648123e+21 7.012558e+42
4.480000e-15 -2.398587e+21 5.753221e+42
4.485000e-15 -2.139279e+21 4.576513e+42
4.490000e-15 -1.871336e+21 3.501900e+42
4.495000e-15 -1.595934e+21 2.547006e+42
4.500000e-15 -1.314275e+21 1.727319e+42
4.505000e-15 -1.027587e+21 1.055934e+42
4.510000e-15 -7.371151e+20 5.433386e+41
4.515000e-15 -4.441204e+20 1.972429e+41
4.520000e-15 -1.498708e+20 2.246125e+40
4.525000e-15 1.443629e+20 2.084065e+40
4.530000e-15 4.373127e+20 1.912424e+41
4.535000e-15 7.277189e+20 5.295748e+41
4.540000e-15 1.014335e+21 1.028876e+42
4.545000e-15 1.295935e+21 1.679447e+42
4.550000e-15 1.571315e+21 2.469031e+42
4.555000e-15 1.839302e+21 3.383032e+42
4.560000e-15 2.098757e+21 4.404781e+42
4.565000e-15 2.348580e+21 5.515828e+42
4.570000e-15 2.587715e+21 6.696269e+42
4.575000e-15 2.815154e+21 7.925093e+42
4.580000e-15 3.029942e+21 9.180551e+42
4.585000e-15 3.231181e+21 1.044053e+43
4.590000e-15 3.418032e+21 1.168294e+43
4.595000e-15 3.589721e+21 1.288609e+43
4.600000e-15 3.745539e+21 1.402906e+43
4.605000e-15 3.884850e+21 1.509206e+43
4.610000e-15 4.007088e+21 1.605675e+43
4.615000e-15 4.111763e+21 1.690659e+43
4.620000e-15 4.198461e+21 1.762708e+43
4.625000e-15 4.266847e+21 1.820599e+43
4.630000e-15 4.316666e+21 1.863360e+43
4.635000e-15 4.347741e+21 1.890286e+43
4.640000e-15 4.359981e+21 1.900943e+43
4.645000e-15 4.353371e+21 1.895184e+43
4.650000e-15 4.327981e+21 1.873142e+43
4.655000e-15 4.283961e+21 1.835232e+43
4.660000e-15 4.221540e+21 1.782140e+43
4.665000e-15 4.141026e+21 1.714810e+43
4.670000e-15 4.042807e+21 1.634429e+43
4.675000e-15 3.927343e+21 1.542402e+43
4.680000e-15 3.795169e+21 1.440331e+43
4.685000e-15 3.646891e+21 1.329981e+43
4.690000e-15 3.483183e+21 1.213256e+43
4.695000e-15 3.304785e+21 1.092160e+43
4.700000e-15 3.112497e+21 9.687638e+42
4.705000e-15 2.907179e+21 8.451691e+42
4.710000e-15 2.689745e+21 7.234728e+42
4.715000e-15 2.461159e+21 6.057302e+42
4.720000e-15 2.222430e+21 4.939197e+42
4.725000e-15 1.974612e+21 3.899094e+42
4.730000e-15 1.718793e+21 2.954250e+42
4.735000e-15 1.456095e+21 2.120212e+42
4.740000e-15 1.187665e+21 1.410549e+42
4.745000e-15 9.146763e+20 8.366327e+41
4.750000e-15 6.383159e+20 4.074471e+41
4.755000e-15 3.597846e+20 1.294450e+41
4.760000e-15 8.028991e+19 6.446470e+39
4.765000e-15 -1.989591e+20 3.958472e+40
4.770000e-15 -4.767568e+20 2.272970e+41
4.775000e-15 -7.519063e+20 5.653631e+41
4.780000e-15 -1.023225e+21 1.046989e+42
4.785000e-15 -1.289548e+21 1.662933e+42
4.790000e-15 -1.549735e+21 2.401680e+42
4.795000e-15 -1.802676e+21 3.249641e+42
4.800000e-15 -2.047292e+21 4.191406e+42
4.805000e-15 -2.282544e+21 5.210008e+42
4.810000e-15 -2.507435e+21 6.287228e+42
4.815000e-15 -2.721013e+21 7.403911e+42
4.820000e-15 -2.922380e+21 8.540302e+42
4.825000e-15 -3.110689e+21 9.676389e+42
4.830000e-15 -3.285156e+21 1.079225e+43
4.835000e-15 -3.445052e+21 1.186838e+43
4.840000e-15 -3.589718e+21 1.288607e+43
4.845000e-15 -3.718559e+21 1.382768e+43
4.850000e-15 -3.831050e+21 1.467694e+43
4.855000e-15 -3.926738e+21 1.541927e+43
4.860000e-15 -4.005244e+21 1.604198e+43
4.865000e-15 -4.066264e+21 1.653450e+43
4.870000e-15 -4.109568e+21 1.688855e+43
4.875000e-15 -4.135006e+21 1.709828e+43
4.880000e-15 -4.142504e+21 1.716034e+43
4.885000e-15 -4.132065e+21 1.707396e+43
4.890000e-15 -4.103772e+21 1.684094e+43
4.895000e-15 -4.057781e+21 1.646558e+43
4.900000e-15 -3.994327e+21 1.595465e+43
4.905000e-15 -3.913721e+21 1.531721e+43
4.910000e-15 -3.816344e+21 1.456448e+43
4.915000e-15 -3.702652e+21 1.370963e+43
4.920000e-15 -3.573169e+21 1.276754e+43
4.925000e-15 -3.428487e+21 1.175452e+43
4.930000e-15 -3.269261e+21 1.068807e+43
4.935000e-15 -3.096209e+21 9.586513e+42
4.940000e-15 -2.910108e+21 8.468730e+42
4.945000e-15 -2.711789e+21 7.353797e+42
4.950000e-15 -2.502132e+21 6.260666e+42
4.955000e-15 -2.282069e+21 5.207839e+42
4.960000e-15 -2.052571e+21 4.213050e+42
4.965000e-15 -1.814651e+21 3.292959e+42
4.970000e-15 -1.569354e+21 2.462873e+42
4.975000e-15 -1.317757e+21 1.736482e+42
4.980000e-15 -1.060959e+21 1.125634e+42
4.985000e-15 -8.000837e+20 6.401340e+41
4.990000e-15 -5.362670e+20 2.875823e+41
4.995000e-15 -2.706565e+20 7.325495e+40
5.000000e-15 -4.405353e+18 1.940714e+37
