0.000000e+00 nan nan
5.000000e-18 1.814529e+04 3.292516e+08
1.000000e-17 9.287108e+06 8.625038e+13
1.500000e-17 3.568175e+08 1.273187e+17
2.000000e-17 4.748285e+09 2.254621e+19
2.500000e-17 3.534000e+10 1.248915e+21
3.000000e-17 1.821105e+11 3.316424e+22
3.500000e-17 7.281000e+11 5.301296e+23
4.000000e-17 2.417414e+12 5.843891e+24
4.500000e-17 6.963919e+12 4.849617e+25
5.000000e-17 1.793489e+13 3.216601e+26
5.500000e-17 4.218496e+13 1.779571e+27
6.000000e-17 9.206126e+13 8.475276e+27
6.500000e-17 1.886494e+14 3.558858e+28
7.000000e-17 3.663820e+14 1.342358e+29
7.500000e-17 6.793866e+14 4.615661e+29
8.000000e-17 1.210003e+15 1.464106e+30
8.500000e-17 2.079957e+15 4.326222e+30
9.000000e-17 3.464744e+15 1.200445e+31
9.500000e-17 5.611801e+15 3.149231e+31
1.000000e-16 8.863140e+15 7.855525e+31
1.050000e-16 1.368313e+16 1.872281e+32
1.100000e-16 2.069220e+16 4.281670e+32
1.150000e-16 3.070716e+16 9.429300e+32
1.200000e-16 4.478918e+16 2.006071e+33
1.250000e-16 6.429996e+16 4.134485e+33
1.300000e-16 9.096727e+16 8.275045e+33
1.350000e-16 1.269606e+17 1.611899e+34
1.400000e-16 1.749777e+17 3.061719e+34
1.450000e-16 2.383433e+17 5.680751e+34
1.500000e-16 3.211203e+17 1.031182e+35
1.550000e-16 4.282349e+17 1.833852e+35
1.600000e-16 5.656160e+17 3.199214e+35
1.650000e-16 7.403494e+17 5.481173e+35
1.700000e-16 9.608490e+17 9.232309e+35
1.750000e-16 1.237043e+18 1.530276e+36
1.800000e-16 1.580579e+18 2.498231e+36
1.850000e-16 2.005045e+18 4.020206e+36
1.900000e-16 2.526208e+18 6.381725e+36
1.950000e-16 3.162272e+18 9.999962e+36
2.000000e-16 3.934154e+18 1.547757e+37
2.050000e-16 4.865779e+18 2.367581e+37
2.100000e-16 5.984387e+18 3.581289e+37
2.150000e-16 7.320865e+18 5.359507e+37
2.200000e-16 8.910093e+18 7.938976e+37
2.250000e-16 1.079130e+19 1.164522e+38
2.300000e-16 1.300846e+19 1.692200e+38
2.350000e-16 1.561064e+19 2.436921e+38
2.400000e-16 1.865246e+19 3.479142e+38
2.450000e-16 2.219446e+19 4.925941e+38
2.500000e-16 2.630355e+19 6.918770e+38
2.550000e-16 3.105344e+19 9.643163e+38
2.600000e-16 3.652505e+19 1.334080e+39
2.650000e-16 4.280699e+19 1.832438e+39
2.700000e-16 4.999595e+19 2.499595e+39
2.750000e-16 5.819719e+19 3.386913e+39
2.800000e-16 6.752494e+19 4.559617e+39
2.850000e-16 7.810280e+19 6.100047e+39
2.900000e-16 9.006419e+19 8.111558e+39
2.950000e-16 1.035527e+20 1.072317e+40
3.000000e-16 1.187226e+20 1.409506e+40
3.050000e-16 1.357390e+20 1.842507e+40
3.100000e-16 1.547781e+20 2.395627e+40
3.150000e-16 1.760280e+20 3.098585e+40
3.200000e-16 1.996882e+20 3.987538e+40
3.250000e-16 2.259705e+20 5.106268e+40
3.300000e-16 2.550988e+20 6.507540e+40
3.350000e-16 2.873092e+20 8.254658e+40
3.400000e-16 3.228503e+20 1.042323e+41
3.450000e-16 3.619831e+20 1.310318e+41
3.500000e-16 4.049809e+20 1.640096e+41
3.550000e-16 4.521293e+20 2.044209e+41
3.600000e-16 5.037259e+20 2.537398e+41
3.650000e-16 5.600802e+20 3.136898e+41
3.700000e-16 6.215131e+20 3.862786e+41
3.750000e-16 6.883568e+20 4.738350e+41
3.800000e-16 7.609538e+20 5.790507e+41
3.850000e-16 8.396569e+20 7.050237e+41
3.900000e-16 9.248282e+20 8.553073e+41
3.950000e-16 1.016839e+21 1.033961e+42
4.000000e-16 1.116066e+21 1.245604e+42
4.050000e-16 1.222897e+21 1.495478e+42
4.100000e-16 1.337722e+21 1.789501e+42
4.150000e-16 1.460938e+21 2.134339e+42
4.200000e-16 1.592943e+21 2.537468e+42
4.250000e-16 1.734140e+21 3.007243e+42
4.300000e-16 1.884932e+21 3.552969e+42
4.350000e-16 2.045720e+21 4.184971e+42
4.400000e-16 2.216905e+21 4.914666e+42
4.450000e-16 2.398881e+21 5.754631e+42
4.500000e-16 2.592041e+21 6.718674e+42
4.550000e-16 2.796765e+21 7.821896e+42
4.600000e-16 3.013429e+21 9.080755e+42
4.650000e-16 3.242394e+21 1.051312e+43
4.700000e-16 3.484010e+21 1.213832e+43
4.750000e-16 3.738609e+21 1.397719e+43
4.800000e-16 4.006507e+21 1.605210e+43
4.850000e-16 4.288002e+21 1.838696e+43
4.900000e-16 4.583366e+21 2.100724e+43
4.950000e-16 4.892850e+21 2.393998e+43
5.000000e-16 5.216678e+21 2.721373e+43
5.050000e-16 5.555043e+21 3.085851e+43
5.100000e-16 5.908110e+21 3.490576e+43
5.150000e-16 6.276008e+21 3.938828e+43
5.200000e-16 6.658833e+21 4.434006e+43
5.250000e-16 7.056640e+21 4.979617e+43
5.300000e-16 7.469446e+21 5.579263e+43
5.350000e-16 7.897226e+21 6.236618e+43
5.400000e-16 8.339910e+21 6.955409e+43
5.450000e-16 8.797380e+21 7.739390e+43
5.500000e-16 9.269474e+21 8.592315e+43
5.550000e-16 9.755976e+21 9.517907e+43
5.600000e-16 1.025662e+22 1.051983e+44
5.650000e-16 1.077109e+22 1.160163e+44
5.700000e-16 1.129900e+22 1.276674e+44
5.750000e-16 1.183993e+22 1.401841e+44
5.800000e-16 1.239340e+22 1.535963e+44
5.850000e-16 1.295885e+22 1.679317e+44
5.900000e-16 1.353567e+22 1.832144e+44
5.950000e-16 1.412321e+22 1.994652e+44
6.000000e-16 1.472075e+22 2.167004e+44
6.050000e-16 1.532749e+22 2.349318e+44
6.100000e-16 1.594259e+22 2.541660e+44
6.150000e-16 1.656514e+22 2.744039e+44
6.200000e-16 1.719419e+22 2.956401e+44
6.250000e-16 1.782870e+22 3.178626e+44
6.300000e-16 1.846760e+22 3.410523e+44
6.350000e-16 1.910975e+22 3.651826e+44
6.400000e-16 1.975396e+22 3.902189e+44
6.450000e-16 2.039897e+22 4.161181e+44
6.500000e-16 2.104350e+22 4.428289e+44
6.550000e-16 2.168619e+22 4.702909e+44
6.600000e-16 2.232565e+22 4.984347e+44
6.650000e-16 2.296044e+22 5.271820e+44
6.700000e-16 2.358909e+22 5.564452e+44
6.750000e-16 2.421007e+22 5.861276e+44
6.800000e-16 2.482184e+22 6.161237e+44
6.850000e-16 2.542281e+22 6.463192e+44
6.900000e-16 2.601137e+22 6.765915e+44
6.950000e-16 2.658590e+22 7.068102e+44
7.000000e-16 2.714475e+22 7.368374e+44
7.050000e-16 2.768625e+22 7.665284e+44
7.100000e-16 2.820874e+22 7.957328e+44
7.150000e-16 2.871053e+22 8.242948e+44
7.200000e-16 2.918997e+22 8.520546e+44
7.250000e-16 2.964539e+22 8.788491e+44
7.300000e-16 3.007513e+22 9.045134e+44
7.350000e-16 3.047756e+22 9.288817e+44
7.400000e-16 3.085107e+22 9.517888e+44
7.450000e-16 3.119409e+22 9.730712e+44
7.500000e-16 3.150506e+22 9.925689e+44
7.550000e-16 3.178249e+22 1.010127e+45
7.600000e-16 3.202491e+22 1.025595e+45
7.650000e-16 3.223094e+22 1.038833e+45
7.700000e-16 3.239921e+22 1.049709e+45
7.750000e-16 3.252846e+22 1.058101e+45
7.800000e-16 3.261748e+22 1.063900e+45
7.850000e-16 3.266513e+22 1.067010e+45
7.900000e-16 3.267036e+22 1.067353e+45
7.950000e-16 3.263222e+22 1.064862e+45
8.000000e-16 3.254983e+22 1.059491e+45
8.050000e-16 3.242242e+22 1.051213e+45
8.100000e-16 3.224931e+22 1.040018e+45
8.150000e-16 3.202995e+22 1.025918e+45
8.200000e-16 3.176388e+22 1.008944e+45
8.250000e-16 3.145077e+22 9.891510e+44
8.300000e-16 3.109040e+22 9.666127e+44
8.350000e-16 3.068266e+22 9.414256e+44
8.400000e-16 3.022759e+22 9.137074e+44
8.450000e-16 2.972536e+22 8.835968e+44
8.500000e-16 2.917623e+22 8.512525e+44
8.550000e-16 2.858064e+22 8.168532e+44
8.600000e-16 2.793915e+22 7.805959e+44
8.650000e-16 2.725243e+22 7.426947e+44
8.700000e-16 2.652131e+22 7.033799e+44
8.750000e-16 2.574676e+22 6.628955e+44
8.800000e-16 2.492986e+22 6.214980e+44
8.850000e-16 2.407186e+22 5.794542e+44
8.900000e-16 2.317410e+22 5.370390e+44
8.950000e-16 2.223810e+22 4.945329e+44
9.000000e-16 2.126546e+22 4.522198e+44
9.050000e-16 2.025795e+22 4.103844e+44
9.100000e-16 1.921743e+22 3.693097e+44
9.150000e-16 1.814591e+22 3.292740e+44
9.200000e-16 1.704549e+22 2.905486e+44
9.250000e-16 1.591839e+22 2.533950e+44
9.300000e-16 1.476693e+22 2.180623e+44
9.350000e-16 1.359356e+22 1.847848e+44
9.400000e-16 1.240078e+22 1.537793e+44
9.450000e-16 1.119120e+22 1.252430e+44
9.500000e-16 9.967521e+21 9.935148e+43
9.550000e-16 8.732500e+21 7.625655e+43
9.600000e-16 7.488966e+21 5.608462e+43
9.650000e-16 6.239809e+21 3.893522e+43
9.700000e-16 4.987966e+21 2.487980e+43
9.750000e-16 3.736415e+21 1.396080e+43
9.800000e-16 2.488168e+21 6.190978e+42
9.850000e-16 1.246259e+21 1.553161e+42
9.900000e-16 1.373644e+19 1.886897e+38
9.950000e-16 -1.206346e+21 1.455271e+42
1.000000e-15 -2.410941e+21 5.812638e+42
1.005000e-15 -3.597017e+21 1.293853e+43
1.010000e-15 -4.761564e+21 2.267249e+43
1.015000e-15 -5.901611e+21 3.482901e+43
1.020000e-15 -7.014229e+21 4.919941e+43
1.025000e-15 -8.096544e+21 6.555403e+43
1.030000e-15 -9.145748e+21 8.364471e+43
1.035000e-15 -1.015911e+22 1.032074e+44
1.040000e-15 -1.113396e+22 1.239652e+44
1.045000e-15 -1.206777e+22 1.456310e+44
1.050000e-15 -1.295806e+22 1.679114e+44
1.055000e-15 -1.380250e+22 1.905090e+44
1.060000e-15 -1.459886e+22 2.131267e+44
1.065000e-15 -1.534505e+22 2.354705e+44
1.070000e-15 -1.603910e+22 2.572528e+44
1.075000e-15 -1.667921e+22 2.781961e+44
1.080000e-15 -1.726371e+22 2.980357e+44
1.085000e-15 -1.779109e+22 3.165230e+44
1.090000e-15 -1.826002e+22 3.334285e+44
1.095000e-15 -1.866933e+22 3.485438e+44
1.100000e-15 -1.901801e+22 3.616849e+44
1.105000e-15 -1.930527e+22 3.726933e+44
1.110000e-15 -1.953045e+22 3.814385e+44
1.115000e-15 -1.969313e+22 3.878194e+44
1.120000e-15 -1.979305e+22 3.917648e+44
1.125000e-15 -1.983015e+22 3.932347e+44
1.130000e-15 -1.980456e+22 3.922205e+44
1.135000e-15 -1.971661e+22 3.887449e+44
1.140000e-15 -1.956684e+22 3.828611e+44
1.145000e-15 -1.935595e+22 3.746527e+44
1.150000e-15 -1.908485e+22 3.642317e+44
1.155000e-15 -1.875466e+22 3.517375e+44
1.160000e-15 -1.836667e+22 3.373346e+44
1.165000e-15 -1.792235e+22 3.212106e+44
1.170000e-15 -1.742336e+22 3.035735e+44
1.175000e-15 -1.687154e+22 2.846490e+44
1.180000e-15 -1.626890e+22 2.646772e+44
1.185000e-15 -1.561761e+22 2.439098e+44
1.190000e-15 -1.492001e+22 2.226066e+44
1.195000e-15 -1.417857e+22 2.010318e+44
1.200000e-15 -1.339592e+22 1.794508e+44
1.205000e-15 -1.257484e+22 1.581266e+44
1.210000e-15 -1.171820e+22 1.373163e+44
1.215000e-15 -1.082902e+22 1.172677e+44
1.220000e-15 -9.910411e+21 9.821625e+43
1.225000e-15 -8.965579e+21 8.038160e+43
1.230000e-15 -7.997821e+21 6.396515e+43
1.235000e-15 -7.010511e+21 4.914726e+43
1.240000e-15 -6.007080e+21 3.608501e+43
1.245000e-15 -4.991015e+21 2.491024e+43
1.250000e-15 -3.965842e+21 1.572790e+43
1.255000e-15 -2.935110e+21 8.614873e+42
1.260000e-15 -1.902388e+21 3.619081e+42
1.265000e-15 -8.712442e+20 7.590665e+41
1.270000e-15 1.547633e+20 2.395169e+40
1.275000e-15 1.172099e+21 1.373816e+42
1.280000e-15 2.177263e+21 4.740475e+42
1.285000e-15 3.166804e+21 1.002865e+43
1.290000e-15 4.137329e+21 1.711750e+43
1.295000e-15 5.085522e+21 2.586253e+43
1.300000e-15 6.008146e+21 3.609782e+43
1.305000e-15 6.902066e+21 4.763851e+43
1.310000e-15 7.764249e+21 6.028357e+43
1.315000e-15 8.591786e+21 7.381879e+43
1.320000e-15 9.381894e+21 8.801993e+43
1.325000e-15 1.013193e+22 1.026560e+44
1.330000e-15 1.083940e+22 1.174926e+44
1.335000e-15 1.150197e+22 1.322954e+44
1.340000e-15 1.211748e+22 1.468333e+44
1.345000e-15 1.268392e+22 1.608819e+44
1.350000e-15 1.319950e+22 1.742267e+44
1.355000e-15 1.366258e+22 1.866660e+44
1.360000e-15 1.407174e+22 1.980139e+44
1.365000e-15 1.442576e+22 2.081025e+44
1.370000e-15 1.472361e+22 2.167847e+44
1.375000e-15 1.496448e+22 2.239357e+44
1.380000e-15 1.514778e+22 2.294551e+44
1.385000e-15 1.527311e+22 2.332677e+44
1.390000e-15 1.534030e+22 2.353247e+44
1.395000e-15 1.534939e+22 2.356038e+44
1.400000e-15 1.530065e+22 2.341100e+44
1.405000e-15 1.519456e+22 2.308745e+44
1.410000e-15 1.503179e+22 2.259546e+44
1.415000e-15 1.481324e+22 2.194320e+44
1.420000e-15 1.454002e+22 2.114121e+44
1.425000e-15 1.421343e+22 2.020216e+44
1.430000e-15 1.383498e+22 1.914066e+44
1.435000e-15 1.340635e+22 1.797303e+44
1.440000e-15 1.292943e+22 1.671702e+44
1.445000e-15 1.240627e+22 1.539156e+44
1.450000e-15 1.183910e+22 1.401643e+44
1.455000e-15 1.123030e+22 1.261196e+44
1.460000e-15 1.058240e+22 1.119872e+44
1.465000e-15 9.898090e+21 9.797218e+43
1.470000e-15 9.180171e+21 8.427555e+43
1.475000e-15 8.431575e+21 7.109145e+43
1.480000e-15 7.655337e+21 5.860418e+43
1.485000e-15 6.854591e+21 4.698541e+43
1.490000e-15 6.032555e+21 3.639172e+43
1.495000e-15 5.192520e+21 2.696226e+43
1.500000e-15 4.337833e+21 1.881680e+43
1.505000e-15 3.471890e+21 1.205402e+43
1.510000e-15 2.598118e+21 6.750218e+42
1.515000e-15 1.719963e+21 2.958273e+42
1.520000e-15 8.408767e+20 7.070737e+41
1.525000e-15 -3.569665e+19 1.274251e+39
1.530000e-15 -9.063345e+20 8.214422e+41
1.535000e-15 -1.767649e+21 3.124583e+42
1.540000e-15 -2.616300e+21 6.845026e+42
1.545000e-15 -3.449009e+21 1.189566e+43
1.550000e-15 -4.262571e+21 1.816951e+43
1.555000e-15 -5.053868e+21 2.554158e+43
1.560000e-15 -5.819880e+21 3.387100e+43
1.565000e-15 -6.557697e+21 4.300339e+43
1.570000e-15 -7.264532e+21 5.277342e+43
1.575000e-15 -7.937729e+21 6.300754e+43
1.580000e-15 -8.574776e+21 7.352678e+43
1.585000e-15 -9.173313e+21 8.414967e+43
1.590000e-15 -9.731142e+21 9.469513e+43
1.595000e-15 -1.024623e+22 1.049853e+44
1.600000e-15 -1.071674e+22 1.148485e+44
1.605000e-15 -1.114100e+22 1.241218e+44
1.610000e-15 -1.151752e+22 1.326534e+44
1.615000e-15 -1.184505e+22 1.403052e+44
1.620000e-15 -1.212249e+22 1.469549e+44
1.625000e-15 -1.234899e+22 1.524975e+44
1.630000e-15 -1.252387e+22 1.568473e+44
1.635000e-15 -1.264668e+22 1.599386e+44
1.640000e-15 -1.271719e+22 1.617270e+44
1.645000e-15 -1.273537e+22 1.621895e+44
1.650000e-15 -1.270139e+22 1.613253e+44
1.655000e-15 -1.261566e+22 1.591548e+44
1.660000e-15 -1.247877e+22 1.557198e+44
1.665000e-15 -1.229155e+22 1.510821e+44
1.670000e-15 -1.205499e+22 1.453227e+44
1.675000e-15 -1.177030e+22 1.385400e+44
1.680000e-15 -1.143889e+22 1.308482e+44
1.685000e-15 -1.106234e+22 1.223754e+44
1.690000e-15 -1.064241e+22 1.132610e+44
1.695000e-15 -1.018105e+22 1.036537e+44
1.700000e-15 -9.680336e+21 9.370890e+43
1.705000e-15 -9.142533e+21 8.358590e+43
1.710000e-15 -8.570032e+21 7.344545e+43
1.715000e-15 -7.965364e+21 6.344702e+43
1.720000e-15 -7.331179e+21 5.374619e+43
1.725000e-15 -6.670242e+21 4.449213e+43
1.730000e-15 -5.985416e+21 3.582521e+43
1.735000e-15 -5.279653e+21 2.787474e+43
1.740000e-15 -4.555980e+21 2.075695e+43
1.745000e-15 -3.817486e+21 1.457320e+43
1.750000e-15 -3.067311e+21 9.408398e+42
1.755000e-15 -2.308632e+21 5.329784e+42
1.760000e-15 -1.544649e+21 2.385940e+42
1.765000e-15 -7.785705e+20 6.061721e+41
1.770000e-15 -1.360336e+19 1.850514e+38
1.775000e-15 7.470629e+20 5.581030e+41
1.780000e-15 1.500269e+21 2.250806e+42
1.785000e-15 2.242897e+21 5.030589e+42
1.790000e-15 2.971889e+21 8.832121e+42
1.795000e-15 3.684250e+21 1.357370e+43
1.800000e-15 4.377071e+21 1.915875e+43
1.805000e-15 5.047533e+21 2.547758e+43
1.810000e-15 5.692922e+21 3.240936e+43
1.815000e-15 6.310640e+21 3.982417e+43
1.820000e-15 6.898214e+21 4.758536e+43
1.825000e-15 7.453310e+21 5.555183e+43
1.830000e-15 7.973736e+21 6.358046e+43
1.835000e-15 8.457455e+21 7.152855e+43
1.840000e-15 8.902595e+21 7.925620e+43
1.845000e-15 9.307452e+21 8.662866e+43
1.850000e-15 9.670497e+21 9.351852e+43
1.855000e-15 9.990387e+21 9.980784e+43
1.860000e-15 1.026597e+22 1.053900e+44
1.865000e-15 1.049627e+22 1.101716e+44
1.870000e-15 1.068052e+22 1.140735e+44
1.875000e-15 1.081815e+22 1.170325e+44
1.880000e-15 1.090880e+22 1.190019e+44
1.885000e-15 1.095229e+22 1.199526e+44
1.890000e-15 1.094865e+22 1.198729e+44
1.895000e-15 1.089811e+22 1.187688e+44
1.900000e-15 1.080111e+22 1.166639e+44
1.905000e-15 1.065826e+22 1.135986e+44
1.910000e-15 1.047040e+22 1.096293e+44
1.915000e-15 1.023853e+22 1.048275e+44
1.920000e-15 9.963839e+21 9.927808e+43
1.925000e-15 9.647703e+21 9.307816e+43
1.930000e-15 9.291665e+21 8.633504e+43
1.935000e-15 8.897434e+21 7.916433e+43
1.940000e-15 8.466876e+21 7.168800e+43
1.945000e-15 8.002007e+21 6.403211e+43
1.950000e-15 7.504979e+21 5.632471e+43
1.955000e-15 6.978078e+21 4.869357e+43
1.960000e-15 6.423707e+21 4.126401e+43
1.965000e-15 5.844380e+21 3.415678e+43
1.970000e-15 5.242708e+21 2.748598e+43
1.975000e-15 4.621387e+21 2.135722e+43
1.980000e-15 3.983190e+21 1.586580e+43
1.985000e-15 3.330951e+21 1.109523e+43
1.990000e-15 2.667554e+21 7.115842e+42
1.995000e-15 1.995920e+21 3.983695e+42
2.000000e-15 1.318995e+21 1.739747e+42
2.005000e-15 6.397369e+20 4.092633e+41
2.010000e-15 -3.889752e+19 1.513017e+39
2.015000e-15 -7.139656e+20 5.097468e+41
2.020000e-15 -1.382551e+21 1.911447e+42
2.025000e-15 -2.041776e+21 4.168851e+42
2.030000e-15 -2.688816e+21 7.229732e+42
2.035000e-15 -3.320908e+21 1.102843e+43
2.040000e-15 -3.935364e+21 1.548709e+43
2.045000e-15 -4.529586e+21 2.051715e+43
2.050000e-15 -5.101069e+21 2.602091e+43
2.055000e-15 -5.647420e+21 3.189336e+43
2.060000e-15 -6.166364e+21 3.802404e+43
2.065000e-15 -6.655752e+21 4.429903e+43
2.070000e-15 -7.113572e+21 5.060291e+43
2.075000e-15 -7.537961e+21 5.682085e+43
2.080000e-15 -7.927204e+21 6.284056e+43
2.085000e-15 -8.279748e+21 6.855422e+43
2.090000e-15 -8.594207e+21 7.386039e+43
2.095000e-15 -8.869365e+21 7.866564e+43
2.100000e-15 -9.104184e+21 8.288617e+43
2.105000e-15 -9.297806e+21 8.644919e+43
2.110000e-15 -9.449555e+21 8.929409e+43
2.115000e-15 -9.558944e+21 9.137340e+43
2.120000e-15 -9.625670e+21 9.265352e+43
2.125000e-15 -9.649621e+21 9.311519e+43
2.130000e-15 -9.630873e+21 9.275372e+43
2.135000e-15 -9.569688e+21 9.157894e+43
2.140000e-15 -9.466514e+21 8.961490e+43
2.145000e-15 -9.321983e+21 8.689936e+43
2.150000e-15 -9.136904e+21 8.348301e+43
2.155000e-15 -8.912263e+21 7.942844e+43
2.160000e-15 -8.649219e+21 7.480898e+43
2.165000e-15 -8.349091e+21 6.970732e+43
2.170000e-15 -8.013360e+21 6.421394e+43
2.175000e-15 -7.643659e+21 5.842552e+43
2.180000e-15 -7.241762e+21 5.244311e+43
2.185000e-15 -6.809581e+21 4.637039e+43
2.190000e-15 -6.349153e+21 4.031175e+43
2.195000e-15 -5.862636e+21 3.437050e+43
2.200000e-15 -5.352290e+21 2.864701e+43
2.205000e-15 -4.820476e+21 2.323699e+43
2.210000e-15 -4.269641e+21 1.822984e+43
2.215000e-15 -3.702307e+21 1.370707e+43
2.220000e-15 -3.121058e+21 9.741001e+42
2.225000e-15 -2.528532e+21 6.393476e+42
2.230000e-15 -1.927409e+21 3.714905e+42
2.235000e-15 -1.320394e+21 1.743441e+42
2.240000e-15 -7.102113e+20 5.044001e+41
2.245000e-15 -9.958727e+19 9.917625e+39
2.250000e-15 5.087585e+20 2.588352e+41
2.255000e-15 1.112127e+21 1.236826e+42
2.260000e-15 1.707849e+21 2.916750e+42
2.265000e-15 2.293303e+21 5.259240e+42
2.270000e-15 2.865919e+21 8.213492e+42
2.275000e-15 3.423194e+21 1.171826e+43
2.280000e-15 3.962704e+21 1.570302e+43
2.285000e-15 4.482111e+21 2.008932e+43
2.290000e-15 4.979176e+21 2.479220e+43
2.295000e-15 5.451767e+21 2.972177e+43
2.300000e-15 5.897870e+21 3.478487e+43
2.305000e-15 6.315594e+21 3.988673e+43
2.310000e-15 6.703184e+21 4.493267e+43
2.315000e-15 7.059024e+21 4.982982e+43
2.320000e-15 7.381647e+21 5.448872e+43
2.325000e-15 7.669739e+21 5.882490e+43
2.330000e-15 7.922145e+21 6.276039e+43
2.335000e-15 8.137874e+21 6.622499e+43
2.340000e-15 8.316102e+21 6.915755e+43
2.345000e-15 8.456176e+21 7.150691e+43
2.350000e-15 8.557617e+21 7.323281e+43
2.355000e-15 8.620120e+21 7.430647e+43
2.360000e-15 8.643556e+21 7.471105e+43
2.365000e-15 8.627970e+21 7.444187e+43
2.370000e-15 8.573585e+21 7.350637e+43
2.375000e-15 8.480795e+21 7.192389e+43
2.380000e-15 8.350166e+21 6.972526e+43
2.385000e-15 8.182429e+21 6.695215e+43
2.390000e-15 7.978485e+21 6.365622e+43
2.395000e-15 7.739388e+21 5.989813e+43
2.400000e-15 7.466352e+21 5.574641e+43
2.405000e-15 7.160735e+21 5.127612e+43
2.410000e-15 6.824039e+21 4.656750e+43
2.415000e-15 6.457900e+21 4.170447e+43
2.420000e-15 6.064082e+21 3.677309e+43
2.425000e-15 5.644466e+21 3.185999e+43
2.430000e-15 5.201043e+21 2.705085e+43
2.435000e-15 4.735905e+21 2.242880e+43
2.440000e-15 4.251234e+21 1.807299e+43
2.445000e-15 3.749293e+21 1.405720e+43
2.450000e-15 3.232416e+21 1.044851e+43
2.455000e-15 2.702993e+21 7.306171e+42
2.460000e-15 2.163466e+21 4.680587e+42
2.465000e-15 1.616314e+21 2.612469e+42
2.470000e-15 1.064038e+21 1.132178e+42
2.475000e-15 5.091593e+20 2.592432e+41
2.480000e-15 -4.580212e+19 2.097834e+39
2.485000e-15 -5.983325e+20 3.580018e+41
2.490000e-15 -1.145938e+21 1.313174e+42
2.495000e-15 -1.686156e+21 2.843122e+42
2.500000e-15 -2.216565e+21 4.913160e+42
2.505000e-15 -2.734796e+21 7.479111e+42
2.510000e-15 -3.238545e+21 1.048817e+43
2.515000e-15 -3.725579e+21 1.387994e+43
2.520000e-15 -4.193749e+21 1.758753e+43
2.525000e-15 -4.640999e+21 2.153887e+43
2.530000e-15 -5.065376e+21 2.565804e+43
2.535000e-15 -5.465035e+21 2.986661e+43
2.540000e-15 -5.838251e+21 3.408518e+43
2.545000e-15 -6.183425e+21 3.823474e+43
2.550000e-15 -6.499087e+21 4.223814e+43
2.555000e-15 -6.783912e+21 4.602146e+43
2.560000e-15 -7.036714e+21 4.951535e+43
2.565000e-15 -7.256460e+21 5.265621e+43
2.570000e-15 -7.442268e+21 5.538736e+43
2.575000e-15 -7.593416e+21 5.765996e+43
2.580000e-15 -7.709339e+21 5.943390e+43
2.585000e-15 -7.789635e+21 6.067842e+43
2.590000e-15 -7.834068e+21 6.137262e+43
2.595000e-15 -7.842562e+21 6.150577e+43
2.600000e-15 -7.815207e+21 6.107745e+43
2.605000e-15 -7.752255e+21 6.009746e+43
2.610000e-15 -7.654120e+21 5.858556e+43
2.615000e-15 -7.521375e+21 5.657109e+43
2.620000e-15 -7.354749e+21 5.409233e+43
2.625000e-15 -7.155120e+21 5.119574e+43
2.630000e-15 -6.923518e+21 4.793510e+43
2.635000e-15 -6.661112e+21 4.437041e+43
2.640000e-15 -6.369209e+21 4.056682e+43
2.645000e-15 -6.049247e+21 3.659339e+43
2.650000e-15 -5.702786e+21 3.252176e+43
2.655000e-15 -5.331502e+21 2.842491e+43
2.660000e-15 -4.937179e+21 2.437573e+43
2.665000e-15 -4.521701e+21 2.044578e+43
2.670000e-15 -4.087042e+21 1.670391e+43
2.675000e-15 -3.635257e+21 1.321509e+43
2.680000e-15 -3.168473e+21 1.003922e+43
2.685000e-15 -2.688878e+21 7.230064e+42
2.690000e-15 -2.198712e+21 4.834335e+42
2.695000e-15 -1.700257e+21 2.890874e+42
2.700000e-15 -1.195824e+21 1.429994e+42
2.705000e-15 -6.877435e+20 4.729911e+41
2.710000e-15 -1.783574e+20 3.181136e+40
2.715000e-15 3.299955e+20 1.088971e+41
2.720000e-15 8.349884e+20 6.972057e+41
2.725000e-15 1.334317e+21 1.780403e+42
2.730000e-15 1.825711e+21 3.333222e+42
2.735000e-15 2.306944e+21 5.321989e+42
2.740000e-15 2.775840e+21 7.705290e+42
2.745000e-15 3.230292e+21 1.043479e+43
2.750000e-15 3.668261e+21 1.345614e+43
2.755000e-15 4.087793e+21 1.671005e+43
2.760000e-15 4.487023e+21 2.013338e+43
2.765000e-15 4.864186e+21 2.366031e+43
2.770000e-15 5.217624e+21 2.722360e+43
2.775000e-15 5.545793e+21 3.075582e+43
2.780000e-15 5.847268e+21 3.419055e+43
2.785000e-15 6.120754e+21 3.746363e+43
2.790000e-15 6.365087e+21 4.051433e+43
2.795000e-15 6.579240e+21 4.328640e+43
2.800000e-15 6.762330e+21 4.572910e+43
2.805000e-15 6.913616e+21 4.779809e+43
2.810000e-15 7.032510e+21 4.945619e+43
2.815000e-15 7.118570e+21 5.067404e+43
2.820000e-15 7.171510e+21 5.143055e+43
2.825000e-15 7.191195e+21 5.171328e+43
2.830000e-15 7.177644e+21 5.151858e+43
2.835000e-15 7.131030e+21 5.085159e+43
2.840000e-15 7.051676e+21 4.972613e+43
2.845000e-15 6.940055e+21 4.816436e+43
2.850000e-15 6.796786e+21 4.619630e+43
2.855000e-15 6.622635e+21 4.385930e+43
2.860000e-15 6.418505e+21 4.119721e+43
2.865000e-15 6.185435e+21 3.825961e+43
2.870000e-15 5.924594e+21 3.510081e+43
2.875000e-15 5.637275e+21 3.177887e+43
2.880000e-15 5.324891e+21 2.835446e+43
2.885000e-15 4.988963e+21 2.488975e+43
2.890000e-15 4.631118e+21 2.144726e+43
2.895000e-15 4.253080e+21 1.808869e+43
2.900000e-15 3.856657e+21 1.487380e+43
2.905000e-15 3.443740e+21 1.185934e+43
2.910000e-15 3.016289e+21 9.097997e+42
2.915000e-15 2.576324e+21 6.637447e+42
2.920000e-15 2.125919e+21 4.519533e+42
2.925000e-15 1.667189e+21 2.779518e+42
2.930000e-15 1.202278e+21 1.445473e+42
2.935000e-15 7.333567e+20 5.378120e+41
2.940000e-15 2.626048e+20 6.896127e+40
2.945000e-15 -2.077952e+20 4.317884e+40
2.950000e-15 -6.756691e+20 4.565287e+41
2.955000e-15 -1.138861e+21 1.297004e+42
2.960000e-15 -1.595243e+21 2.544801e+42
2.965000e-15 -2.042726e+21 4.172728e+42
2.970000e-15 -2.479266e+21 6.146759e+42
2.975000e-15 -2.902878e+21 8.426701e+42
2.980000e-15 -3.311642e+21 1.096697e+43
2.985000e-15 -3.703712e+21 1.371749e+43
2.990000e-15 -4.077326e+21 1.662459e+43
2.995000e-15 -4.430810e+21 1.963208e+43
3.000000e-15 -4.762591e+21 2.268228e+43
3.005000e-15 -5.071200e+21 2.571707e+43
3.010000e-15 -5.355279e+21 2.867901e+43
3.015000e-15 -5.613588e+21 3.151236e+43
3.020000e-15 -5.845009e+21 3.416413e+43
3.025000e-15 -6.048555e+21 3.658502e+43
3.030000e-15 -6.223368e+21 3.873031e+43
3.035000e-15 -6.368725e+21 4.056066e+43
3.040000e-15 -6.484045e+21 4.204284e+43
3.045000e-15 -6.568885e+21 4.315025e+43
3.050000e-15 -6.622945e+21 4.386341e+43
3.055000e-15 -6.646070e+21 4.417024e+43
3.060000e-15 -6.638246e+21 4.406631e+43
3.065000e-15 -6.599606e+21 4.355480e+43
3.070000e-15 -6.530423e+21 4.264642e+43
3.075000e-15 -6.431111e+21 4.135918e+43
3.080000e-15 -6.302223e+21 3.971802e+43
3.085000e-15 -6.144449e+21 3.775425e+43
3.090000e-15 -5.958608e+21 3.550501e+43
3.095000e-15 -5.745649e+21 3.301248e+43
3.100000e-15 -5.506643e+21 3.032312e+43
3.105000e-15 -5.242780e+21 2.748675e+43
3.110000e-15 -4.955361e+21 2.455561e+43
3.115000e-15 -4.645793e+21 2.158339e+43
3.120000e-15 -4.315580e+21 1.862423e+43
3.125000e-15 -3.966320e+21 1.573170e+43
3.130000e-15 -3.599695e+21 1.295780e+43
3.135000e-15 -3.217459e+21 1.035204e+43
3.140000e-15 -2.821438e+21 7.960513e+42
3.145000e-15 -2.413515e+21 5.825053e+42
3.150000e-15 -1.995621e+21 3.982504e+42
3.155000e-15 -1.569731e+21 2.464057e+42
3.160000e-15 -1.137851e+21 1.294704e+42
3.165000e-15 -7.020056e+20 4.928119e+41
3.170000e-15 -2.642366e+20 6.982096e+40
3.175000e-15 1.734137e+20 3.007232e+40
3.180000e-15 6.089087e+20 3.707698e+41
3.185000e-15 1.040227e+21 1.082073e+42
3.190000e-15 1.465375e+21 2.147323e+42
3.195000e-15 1.882389e+21 3.543387e+42
3.200000e-15 2.289352e+21 5.241133e+42
3.205000e-15 2.684399e+21 7.205999e+42
3.210000e-15 3.065725e+21 9.398669e+42
3.215000e-15 3.431593e+21 1.177583e+43
3.220000e-15 3.780345e+21 1.429101e+43
3.225000e-15 4.110406e+21 1.689544e+43
3.230000e-15 4.420293e+21 1.953899e+43
3.235000e-15 4.708620e+21 2.217110e+43
3.240000e-15 4.974106e+21 2.474173e+43
3.245000e-15 5.215581e+21 2.720229e+43
3.250000e-15 5.431989e+21 2.950650e+43
3.255000e-15 5.622393e+21 3.161130e+43
3.260000e-15 5.785981e+21 3.347758e+43
3.265000e-15 5.922069e+21 3.507090e+43
3.270000e-15 6.030100e+21 3.636211e+43
3.275000e-15 6.109653e+21 3.732785e+43
3.280000e-15 6.160437e+21 3.795099e+43
3.285000e-15 6.182300e+21 3.822084e+43
3.290000e-15 6.175223e+21 3.813338e+43
3.295000e-15 6.139322e+21 3.769127e+43
3.300000e-15 6.074846e+21 3.690376e+43
3.305000e-15 5.982180e+21 3.578648e+43
3.310000e-15 5.861836e+21 3.436112e+43
3.315000e-15 5.714456e+21 3.265501e+43
3.320000e-15 5.540804e+21 3.070051e+43
3.325000e-15 5.341768e+21 2.853448e+43
3.330000e-15 5.118347e+21 2.619748e+43
3.335000e-15 4.871656e+21 2.373303e+43
3.340000e-15 4.602913e+21 2.118681e+43
3.345000e-15 4.313435e+21 1.860573e+43
3.350000e-15 4.004635e+21 1.603710e+43
3.355000e-15 3.678009e+21 1.352775e+43
3.360000e-15 3.335134e+21 1.112312e+43
3.365000e-15 2.977659e+21 8.866453e+42
3.370000e-15 2.607295e+21 6.797987e+42
3.375000e-15 2.225810e+21 4.954230e+42
3.380000e-15 1.835018e+21 3.367292e+42
3.385000e-15 1.436773e+21 2.064318e+42
3.390000e-15 1.032958e+21 1.067002e+42
3.395000e-15 6.254762e+20 3.912205e+41
3.400000e-15 2.162437e+20 4.676132e+40
3.405000e-15 -1.928207e+20 3.717983e+40
3.410000e-15 -5.998040e+20 3.597649e+41
3.415000e-15 -1.002808e+21 1.005624e+42
3.420000e-15 -1.399959e+21 1.959886e+42
3.425000e-15 -1.789415e+21 3.202005e+42
3.430000e-15 -2.169374e+21 4.706184e+42
3.435000e-15 -2.538086e+21 6.441879e+42
3.440000e-15 -2.893855e+21 8.374396e+42
3.445000e-15 -3.235052e+21 1.046556e+43
3.450000e-15 -3.560122e+21 1.267447e+43
3.455000e-15 -3.867585e+21 1.495821e+43
3.460000e-15 -4.156052e+21 1.727277e+43
3.465000e-15 -4.424223e+21 1.957375e+43
3.470000e-15 -4.670900e+21 2.181731e+43
3.475000e-15 -4.894986e+21 2.396089e+43
3.480000e-15 -5.095494e+21 2.596406e+43
3.485000e-15 -5.271549e+21 2.778922e+43
3.490000e-15 -5.422393e+21 2.940234e+43
3.495000e-15 -5.547388e+21 3.077351e+43
3.500000e-15 -5.646020e+21 3.187754e+43
3.505000e-15 -5.717899e+21 3.269437e+43
3.510000e-15 -5.762760e+21 3.320940e+43
3.515000e-15 -5.780467e+21 3.341379e+43
3.520000e-15 -5.771010e+21 3.330456e+43
3.525000e-15 -5.734508e+21 3.288458e+43
3.530000e-15 -5.671205e+21 3.216257e+43
3.535000e-15 -5.581471e+21 3.115282e+43
3.540000e-15 -5.465798e+21 2.987495e+43
3.545000e-15 -5.324798e+21 2.835347e+43
3.550000e-15 -5.159201e+21 2.661735e+43
3.555000e-15 -4.969849e+21 2.469940e+43
3.560000e-15 -4.757696e+21 2.263567e+43
3.565000e-15 -4.523796e+21 2.046473e+43
3.570000e-15 -4.269306e+21 1.822698e+43
3.575000e-15 -3.995476e+21 1.596383e+43
3.580000e-15 -3.703640e+21 1.371695e+43
3.585000e-15 -3.395218e+21 1.152750e+43
3.590000e-15 -3.071700e+21 9.435339e+42
3.595000e-15 -2.734645e+21 7.478281e+42
3.600000e-15 -2.385670e+21 5.691423e+42
3.605000e-15 -2.026447e+21 4.106487e+42
3.610000e-15 -1.658687e+21 2.751243e+42
3.615000e-15 -1.284141e+21 1.649017e+42
3.620000e-15 -9.045832e+20 8.182708e+41
3.625000e-15 -5.218106e+20 2.722864e+41
3.630000e-15 -1.376285e+20 1.894160e+40
3.635000e-15 2.461556e+20 6.059256e+40
3.640000e-15 6.277402e+20 3.940578e+41
3.645000e-15 1.005339e+21 1.010707e+42
3.650000e-15 1.377190e+21 1.896651e+42
3.655000e-15 1.741560e+21 3.033031e+42
3.660000e-15 2.096758e+21 4.396395e+42
3.665000e-15 2.441140e+21 5.959163e+42
3.670000e-15 2.773115e+21 7.690167e+42
3.675000e-15 3.091157e+21 9.555251e+42
3.680000e-15 3.393807e+21 1.151793e+43
3.685000e-15 3.679684e+21 1.354008e+43
3.690000e-15 3.947488e+21 1.558266e+43
3.695000e-15 4.196007e+21 1.760648e+43
3.700000e-15 4.424124e+21 1.957288e+43
3.705000e-15 4.630820e+21 2.144449e+43
3.710000e-15 4.815177e+21 2.318593e+43
3.715000e-15 4.976389e+21 2.476445e+43
3.720000e-15 5.113756e+21 2.615050e+43
3.725000e-15 5.226695e+21 2.731835e+43
3.730000e-15 5.314739e+21 2.824645e+43
3.735000e-15 5.377536e+21 2.891790e+43
3.740000e-15 5.414858e+21 2.932069e+43
3.745000e-15 5.426594e+21 2.944793e+43
3.750000e-15 5.412756e+21 2.929793e+43
3.755000e-15 5.373474e+21 2.887422e+43
3.760000e-15 5.308998e+21 2.818546e+43
3.765000e-15 5.219697e+21 2.724524e+43
3.770000e-15 5.106055e+21 2.607180e+43
3.775000e-15 4.968669e+21 2.468767e+43
3.780000e-15 4.808245e+21 2.311922e+43
3.785000e-15 4.625598e+21 2.139616e+43
3.790000e-15 4.421645e+21 1.955095e+43
3.795000e-15 4.197400e+21 1.761817e+43
3.800000e-15 3.953970e+21 1.563388e+43
3.805000e-15 3.692549e+21 1.363492e+43
3.810000e-15 3.414416e+21 1.165823e+43
3.815000e-15 3.120920e+21 9.740143e+42
3.820000e-15 2.813484e+21 7.915693e+42
3.825000e-15 2.493590e+21 6.217992e+42
3.830000e-15 2.162777e+21 4.677603e+42
3.835000e-15 1.822629e+21 3.321977e+42
3.840000e-15 1.474773e+21 2.174955e+42
3.845000e-15 1.120866e+21 1.256341e+42
3.850000e-15 7.625912e+20 5.815453e+41
3.855000e-15 4.016465e+20 1.613199e+41
3.860000e-15 3.973928e+19 1.579210e+39
3.865000e-15 -3.214229e+20 1.033127e+41
3.870000e-15 -6.801403e+20 4.625908e+41
3.875000e-15 -1.034729e+21 1.070664e+42
3.880000e-15 -1.383528e+21 1.914149e+42
3.885000e-15 -1.724908e+21 2.975307e+42
3.890000e-15 -2.057279e+21 4.232397e+42
3.895000e-15 -2.379097e+21 5.660104e+42
3.900000e-15 -2.688872e+21 7.230031e+42
3.905000e-15 -2.985172e+21 8.911254e+42
3.910000e-15 -3.266636e+21 1.067091e+43
3.915000e-15 -3.531972e+21 1.247483e+43
3.920000e-15 -3.779971e+21 1.428818e+43
3.925000e-15 -4.009504e+21 1.607613e+43
3.930000e-15 -4.219538e+21 1.780450e+43
3.935000e-15 -4.409128e+21 1.944041e+43
3.940000e-15 -4.577431e+21 2.095288e+43
3.945000e-15 -4.723707e+21 2.231341e+43
3.950000e-15 -4.847319e+21 2.349650e+43
3.955000e-15 -4.947741e+21 2.448014e+43
3.960000e-15 -5.024556e+21 2.524616e+43
3.965000e-15 -5.077459e+21 2.578059e+43
3.970000e-15 -5.106261e+21 2.607390e+43
3.975000e-15 -5.110883e+21 2.612112e+43
3.980000e-15 -5.091364e+21 2.592199e+43
3.985000e-15 -5.047854e+21 2.548083e+43
3.990000e-15 -4.980619e+21 2.480656e+43
3.995000e-15 -4.890032e+21 2.391242e+43
4.000000e-15 -4.776579e+21 2.281571e+43
4.005000e-15 -4.640851e+21 2.153750e+43
4.010000e-15 -4.483542e+21 2.010215e+43
4.015000e-15 -4.305449e+21 1.853689e+43
4.020000e-15 -4.107461e+21 1.687123e+43
4.025000e-15 -3.890562e+21 1.513647e+43
4.030000e-15 -3.655822e+21 1.336503e+43
4.035000e-15 -3.404392e+21 1.158988e+43
4.040000e-15 -3.137500e+21 9.843906e+42
4.045000e-15 -2.856444e+21 8.159270e+42
4.050000e-15 -2.562584e+21 6.566838e+42
4.055000e-15 -2.257340e+21 5.095586e+42
4.060000e-15 -1.942181e+21 3.772068e+42
4.065000e-15 -1.618619e+21 2.619928e+42
4.070000e-15 -1.288203e+21 1.659466e+42
4.075000e-15 -9.525088e+20 9.072731e+41
4.080000e-15 -6.131363e+20 3.759361e+41
4.085000e-15 -2.716971e+20 7.381929e+40
4.090000e-15 7.019078e+19 4.926746e+39
4.095000e-15 4.109108e+20 1.688477e+41
4.100000e-15 7.488560e+20 5.607852e+41
4.105000e-15 1.082436e+21 1.171667e+42
4.110000e-15 1.410085e+21 1.988339e+42
4.115000e-15 1.730268e+21 2.993828e+42
4.120000e-15 2.041491e+21 4.167684e+42
4.125000e-15 2.342303e+21 5.486381e+42
4.130000e-15 2.631307e+21 6.923776e+42
4.135000e-15 2.907165e+21 8.451610e+42
4.140000e-15 3.168605e+21 1.004006e+43
4.145000e-15 3.414425e+21 1.165829e+43
4.150000e-15 3.643498e+21 1.327508e+43
4.155000e-15 3.854782e+21 1.485935e+43
4.160000e-15 4.047320e+21 1.638080e+43
4.165000e-15 4.220246e+21 1.781047e+43
4.170000e-15 4.372787e+21 1.912126e+43
4.175000e-15 4.504270e+21 2.028845e+43
4.180000e-15 4.614123e+21 2.129014e+43
4.185000e-15 4.701878e+21 2.210766e+43
4.190000e-15 4.767170e+21 2.272591e+43
4.195000e-15 4.809744e+21 2.313364e+43
4.200000e-15 4.829451e+21 2.332360e+43
4.205000e-15 4.826252e+21 2.329271e+43
4.210000e-15 4.800215e+21 2.304206e+43
4.215000e-15 4.751515e+21 2.257690e+43
4.220000e-15 4.680438e+21 2.190650e+43
4.225000e-15 4.587370e+21 2.104397e+43
4.230000e-15 4.472804e+21 2.000597e+43
4.235000e-15 4.337331e+21 1.881244e+43
4.240000e-15 4.181640e+21 1.748612e+43
4.245000e-15 4.006517e+21 1.605218e+43
4.250000e-15 3.812833e+21 1.453770e+43
4.255000e-15 3.601549e+21 1.297116e+43
4.260000e-15 3.373706e+21 1.138189e+43
4.265000e-15 3.130420e+21 9.799528e+42
4.270000e-15 2.872878e+21 8.253428e+42
4.275000e-15 2.602333e+21 6.772136e+42
4.280000e-15 2.320094e+21 5.382838e+42
4.285000e-15 2.027526e+21 4.110864e+42
4.290000e-15 1.726038e+21 2.979206e+42
4.295000e-15 1.417076e+21 2.008104e+42
4.300000e-15 1.102121e+21 1.214672e+42
4.305000e-15 7.826794e+20 6.125871e+41
4.310000e-15 4.602729e+20 2.118512e+41
4.315000e-15 1.364356e+20 1.861467e+40
4.320000e-15 -1.872955e+20 3.507960e+40
4.325000e-15 -5.093873e+20 2.594754e+41
4.330000e-15 -8.283177e+20 6.861103e+41
4.335000e-15 -1.142583e+21 1.305497e+42
4.340000e-15 -1.450706e+21 2.104547e+42
4.345000e-15 -1.751239e+21 3.066839e+42
4.350000e-15 -2.042777e+21 4.172940e+42
4.355000e-15 -2.323959e+21 5.400785e+42
4.360000e-15 -2.593475e+21 6.726113e+42
4.365000e-15 -2.850075e+21 8.122927e+42
4.370000e-15 -3.092572e+21 9.564000e+42
4.375000e-15 -3.319848e+21 1.102139e+43
4.380000e-15 -3.530861e+21 1.246698e+43
4.385000e-15 -3.724647e+21 1.387299e+43
4.390000e-15 -3.900326e+21 1.521254e+43
4.395000e-15 -4.057106e+21 1.646011e+43
4.400000e-15 -4.194286e+21 1.759204e+43
4.405000e-15 -4.311260e+21 1.858697e+43
4.410000e-15 -4.407519e+21 1.942622e+43
4.415000e-15 -4.482651e+21 2.009416e+43
4.420000e-15 -4.536349e+21 2.057846e+43
4.425000e-15 -4.568405e+21 2.087032e+43
4.430000e-15 -4.578715e+21 2.096463e+43
4.435000e-15 -4.567278e+21 2.086003e+43
4.440000e-15 -4.534198e+21 2.055895e+43
4.445000e-15 -4.479679e+21 2.006753e+43
4.450000e-15 -4.404027e+21 1.939545e+43
4.455000e-15 -4.307647e+21 1.855582e+43
4.460000e-15 -4.191043e+21 1.756484e+43
4.465000e-15 -4.054811e+21 1.644150e+43
4.470000e-15 -3.899643e+21 1.520721e+43
4.475000e-15 -3.726314e+21 1.388541e+43
4.480000e-15 -3.535687e+21 1.250109e+43
4.485000e-15 -3.328706e+21 1.108028e+43
4.490000e-15 -3.106387e+21 9.649637e+42
4.495000e-15 -2.869818e+21 8.235857e+42
4.500000e-15 -2.620154e+21 6.865209e+42
4.505000e-15 -2.358608e+21 5.563033e+42
4.510000e-15 -2.086447e+21 4.353261e+42
4.515000e-15 -1.804985e+21 3.257971e+42
4.520000e-15 -1.515578e+21 2.296978e+42
4.525000e-15 -1.219618e+21 1.487468e+42
4.530000e-15 -9.185224e+20 8.436835e+41
4.535000e-15 -6.137321e+20 3.766670e+41
4.540000e-15 -3.067015e+20 9.406582e+40
4.545000e-15 1.106987e+18 1.225421e+36
4.550000e-15 3.082307e+20 9.500614e+40
4.555000e-15 6.132131e+20 3.760303e+41
4.560000e-15 9.146110e+20 8.365132e+41
4.565000e-15 1.211001e+21 1.466524e+42
4.570000e-15 1.500988e+21 2.252964e+42
4.575000e-15 1.783207e+21 3.179827e+42
4.580000e-15 2.056336e+21 4.228517e+42
4.585000e-15 2.319097e+21 5.378211e+42
4.590000e-15 2.570265e+21 6.606262e+42
4.595000e-15 2.808672e+21 7.888638e+42
4.600000e-15 3.033213e+21 9.200381e+42
4.605000e-15 3.242851e+21 1.051609e+43
4.610000e-15 3.436623e+21 1.181038e+43
4.615000e-15 3.613642e+21 1.305841e+43
4.620000e-15 3.773103e+21 1.423631e+43
4.625000e-15 3.914286e+21 1.532164e+43
4.630000e-15 4.036559e+21 1.629381e+43
4.635000e-15 4.139382e+21 1.713448e+43
4.640000e-15 4.222307e+21 1.782787e+43
4.645000e-15 4.284982e+21 1.836107e+43
4.650000e-15 4.327153e+21 1.872425e+43
4.655000e-15 4.348663e+21 1.891087e+43
4.660000e-15 4.349452e+21 1.891774e+43
4.665000e-15 4.329562e+21 1.874511e+43
4.670000e-15 4.289131e+21 1.839664e+43
4.675000e-15 4.228393e+21 1.787930e+43
4.680000e-15 4.147680e+21 1.720325e+43
4.685000e-15 4.047417e+21 1.638159e+43
4.690000e-15 3.928123e+21 1.543015e+43
4.695000e-15 3.790404e+21 1.436716e+43
4.700000e-15 3.634953e+21 1.321289e+43
4.705000e-15 3.462547e+21 1.198923e+43
4.710000e-15 3.274040e+21 1.071934e+43
4.715000e-15 3.070362e+21 9.427122e+42
4.720000e-15 2.852513e+21 8.136830e+42
4.725000e-15 2.621558e+21 6.872567e+42
4.730000e-15 2.378623e+21 5.657847e+42
4.735000e-15 2.124887e+21 4.515146e+42
4.740000e-15 1.861580e+21 3.465480e+42
4.745000e-15 1.589973e+21 2.528014e+42
4.750000e-15 1.311375e+21 1.719704e+42
4.755000e-15 1.027125e+21 1.054987e+42
4.760000e-15 7.385876e+20 5.455116e+41
4.765000e-15 4.471427e+20 1.999366e+41
4.770000e-15 1.541827e+20 2.377232e+40
4.775000e-15 -1.388957e+20 1.929201e+40
4.780000e-15 -4.306984e+20 1.855011e+41
4.785000e-15 -7.198400e+20 5.181697e+41
4.790000e-15 -1.004951e+21 1.009926e+42
4.795000e-15 -1.284682e+21 1.650408e+42
4.800000e-15 -1.557715e+21 2.426476e+42
4.805000e-15 -1.822764e+21 3.322469e+42
4.810000e-15 -2.078584e+21 4.320513e+42
4.815000e-15 -2.323978e+21 5.400874e+42
4.820000e-15 -2.557798e+21 6.542332e+42
4.825000e-15 -2.778957e+21 7.722600e+42
4.830000e-15 -2.986426e+21 8.918741e+42
4.835000e-15 -3.179248e+21 1.010762e+43
4.840000e-15 -3.356533e+21 1.126631e+43
4.845000e-15 -3.517471e+21 1.237260e+43
4.850000e-15 -3.661327e+21 1.340532e+43
4.855000e-15 -3.787453e+21 1.434480e+43
4.860000e-15 -3.895283e+21 1.517323e+43
4.865000e-15 -3.984342e+21 1.587498e+43
4.870000e-15 -4.054243e+21 1.643689e+43
4.875000e-15 -4.104693e+21 1.684850e+43
4.880000e-15 -4.135489e+21 1.710227e+43
4.885000e-15 -4.146526e+21 1.719368e+43
4.890000e-15 -4.137791e+21 1.712131e+43
4.895000e-15 -4.109364e+21 1.688687e+43
4.900000e-15 -4.061421e+21 1.649514e+43
4.905000e-15 -3.994228e+21 1.595386e+43
4.910000e-15 -3.908145e+21 1.527360e+43
4.915000e-15 -3.803620e+21 1.446752e+43
4.920000e-15 -3.681186e+21 1.355113e+43
4.925000e-15 -3.541462e+21 1.254195e+43
4.930000e-15 -3.385149e+21 1.145923e+43
4.935000e-15 -3.213023e+21 1.032352e+43
4.940000e-15 -3.025937e+21 9.156292e+42
4.945000e-15 -2.824810e+21 7.979551e+42
4.950000e-15 -2.610629e+21 6.815382e+42
4.955000e-15 -2.384439e+21 5.685551e+42
4.960000e-15 -2.147343e+21 4.611081e+42
4.965000e-15 -1.900490e+21 3.611863e+42
4.970000e-15 -1.645077e+21 2.706277e+42
4.975000e-15 -1.382336e+21 1.910853e+42
4.980000e-15 -1.113534e+21 1.239959e+42
4.985000e-15 -8.399645e+20 7.055404e+41
4.990000e-15 -5.629389e+20 3.169003e+41
4.995000e-15 -2.837846e+20 8.053369e+40
5.000000e-15 -3.835728e+18 1.471281e+37
