0.000000e+00 nan nan
5.000000e-18 -1.848108e+01 3.415504e+02
1.000000e-17 -9.461473e+03 8.951948e+07
1.500000e-17 -3.636769e+05 1.322609e+11
2.000000e-17 -4.842553e+06 2.345032e+13
2.500000e-17 -3.607021e+07 1.301060e+15
3.000000e-17 -1.860537e+08 3.461598e+16
3.500000e-17 -7.447186e+08 5.546057e+17
4.000000e-17 -2.475863e+09 6.129900e+18
4.500000e-17 -7.143000e+09 5.102244e+19
5.000000e-17 -1.842695e+10 3.395526e+20
5.500000e-17 -4.342276e+10 1.885536e+21
6.000000e-17 -9.495514e+10 9.016479e+21
6.500000e-17 -1.950095e+11 3.802869e+22
7.000000e-17 -3.796385e+11 1.441254e+23
7.500000e-17 -7.057745e+11 4.981177e+23
8.000000e-17 -1.260449e+12 1.588733e+24
8.500000e-17 -2.173006e+12 4.721956e+24
9.000000e-17 -3.630969e+12 1.318394e+25
9.500000e-17 -5.900325e+12 3.481384e+25
1.000000e-16 -9.351068e+12 8.744248e+25
1.050000e-16 -1.448895e+13 2.099296e+26
1.100000e-16 -2.199446e+13 4.837565e+26
1.150000e-16 -3.277027e+13 1.073891e+27
1.200000e-16 -4.799822e+13 2.303829e+27
1.250000e-16 -6.920741e+13 4.789666e+27
1.300000e-16 -9.835475e+13 9.673658e+27
1.350000e-16 -1.379196e+14 1.902181e+28
1.400000e-16 -1.910140e+14 3.648636e+28
1.450000e-16 -2.615111e+14 6.838803e+28
1.500000e-16 -3.541918e+14 1.254518e+29
1.550000e-16 -4.749148e+14 2.255441e+29
1.600000e-16 -6.308085e+14 3.979194e+29
1.650000e-16 -8.304903e+14 6.897141e+29
1.700000e-16 -1.084313e+15 1.175735e+30
1.750000e-16 -1.404644e+15 1.973025e+30
1.800000e-16 -1.806175e+15 3.262269e+30
1.850000e-16 -2.306271e+15 5.318885e+30
1.900000e-16 -2.925355e+15 8.557702e+30
1.950000e-16 -3.687339e+15 1.359647e+31
2.000000e-16 -4.620095e+15 2.134527e+31
2.050000e-16 -5.755975e+15 3.313125e+31
2.100000e-16 -7.132389e+15 5.087097e+31
2.150000e-16 -8.792423e+15 7.730671e+31
2.200000e-16 -1.078553e+16 1.163277e+32
2.250000e-16 -1.316828e+16 1.734035e+32
2.300000e-16 -1.600514e+16 2.561645e+32
2.350000e-16 -1.936940e+16 3.751737e+32
2.400000e-16 -2.334409e+16 5.449465e+32
2.450000e-16 -2.802300e+16 7.852885e+32
2.500000e-16 -3.351180e+16 1.123041e+33
2.550000e-16 -3.992923e+16 1.594343e+33
2.600000e-16 -4.740834e+16 2.247551e+33
2.650000e-16 -5.609789e+16 3.146973e+33
2.700000e-16 -6.616377e+16 4.377644e+33
2.750000e-16 -7.779057e+16 6.051373e+33
2.800000e-16 -9.118323e+16 8.314382e+33
2.850000e-16 -1.065688e+17 1.135691e+34
2.900000e-16 -1.241982e+17 1.542520e+34
2.950000e-16 -1.443485e+17 2.083650e+34
3.000000e-16 -1.673246e+17 2.799752e+34
3.050000e-16 -1.934616e+17 3.742740e+34
3.100000e-16 -2.231273e+17 4.978581e+34
3.150000e-16 -2.567245e+17 6.590744e+34
3.200000e-16 -2.946933e+17 8.684412e+34
3.250000e-16 -3.375143e+17 1.139159e+35
3.300000e-16 -3.857113e+17 1.487732e+35
3.350000e-16 -4.398538e+17 1.934714e+35
3.400000e-16 -5.005609e+17 2.505612e+35
3.450000e-16 -5.685038e+17 3.231966e+35
3.500000e-16 -6.444097e+17 4.152639e+35
3.550000e-16 -7.290649e+17 5.315356e+35
3.600000e-16 -8.233188e+17 6.778539e+35
3.650000e-16 -9.280877e+17 8.613468e+35
3.700000e-16 -1.044358e+18 1.090685e+36
3.750000e-16 -1.173193e+18 1.376381e+36
3.800000e-16 -1.315732e+18 1.731150e+36
3.850000e-16 -1.473200e+18 2.170317e+36
3.900000e-16 -1.646909e+18 2.712308e+36
3.950000e-16 -1.838264e+18 3.379214e+36
4.000000e-16 -2.048768e+18 4.197451e+36
4.050000e-16 -2.280027e+18 5.198521e+36
4.100000e-16 -2.533752e+18 6.419898e+36
4.150000e-16 -2.811769e+18 7.906048e+36
4.200000e-16 -3.116023e+18 9.709602e+36
4.250000e-16 -3.448581e+18 1.189271e+37
4.300000e-16 -3.811640e+18 1.452860e+37
4.350000e-16 -4.207533e+18 1.770333e+37
4.400000e-16 -4.638732e+18 2.151784e+37
4.450000e-16 -5.107859e+18 2.609022e+37
4.500000e-16 -5.617687e+18 3.155841e+37
4.550000e-16 -6.171151e+18 3.808310e+37
4.600000e-16 -6.771349e+18 4.585117e+37
4.650000e-16 -7.421554e+18 5.507946e+37
4.700000e-16 -8.125216e+18 6.601913e+37
4.750000e-16 -8.885972e+18 7.896049e+37
4.800000e-16 -9.707650e+18 9.423847e+37
4.850000e-16 -1.059428e+19 1.122388e+38
4.900000e-16 -1.155009e+19 1.334047e+38
4.950000e-16 -1.257954e+19 1.582448e+38
5.000000e-16 -1.368728e+19 1.873417e+38
5.050000e-16 -1.487822e+19 2.213614e+38
5.100000e-16 -1.615748e+19 2.610640e+38
5.150000e-16 -1.753042e+19 3.073156e+38
5.200000e-16 -1.900267e+19 3.611014e+38
5.250000e-16 -2.058009e+19 4.235402e+38
5.300000e-16 -2.226883e+19 4.959007e+38
5.350000e-16 -2.407528e+19 5.796190e+38
5.400000e-16 -2.600612e+19 6.763182e+38
5.450000e-16 -2.806831e+19 7.878302e+38
5.500000e-16 -3.026911e+19 9.162192e+38
5.550000e-16 -3.261607e+19 1.063808e+39
5.600000e-16 -3.511703e+19 1.233206e+39
5.650000e-16 -3.778016e+19 1.427341e+39
5.700000e-16 -4.061394e+19 1.649492e+39
5.750000e-16 -4.362716e+19 1.903329e+39
5.800000e-16 -4.682897e+19 2.192952e+39
5.850000e-16 -5.022881e+19 2.522933e+39
5.900000e-16 -5.383650e+19 2.898369e+39
5.950000e-16 -5.766220e+19 3.324929e+39
6.000000e-16 -6.171640e+19 3.808914e+39
6.050000e-16 -6.600996e+19 4.357315e+39
6.100000e-16 -7.055411e+19 4.977883e+39
6.150000e-16 -7.536045e+19 5.679197e+39
6.200000e-16 -8.044092e+19 6.470741e+39
6.250000e-16 -8.580787e+19 7.362990e+39
6.300000e-16 -9.147401e+19 8.367494e+39
6.350000e-16 -9.745244e+19 9.496978e+39
6.400000e-16 -1.037566e+20 1.076544e+40
6.450000e-16 -1.104005e+20 1.218827e+40
6.500000e-16 -1.173983e+20 1.378235e+40
6.550000e-16 -1.247646e+20 1.556620e+40
6.600000e-16 -1.325145e+20 1.756010e+40
6.650000e-16 -1.406636e+20 1.978624e+40
6.700000e-16 -1.492275e+20 2.226884e+40
6.750000e-16 -1.582226e+20 2.503438e+40
6.800000e-16 -1.676654e+20 2.811169e+40
6.850000e-16 -1.775731e+20 3.153221e+40
6.900000e-16 -1.879631e+20 3.533011e+40
6.950000e-16 -1.988531e+20 3.954254e+40
7.000000e-16 -2.102614e+20 4.420984e+40
7.050000e-16 -2.222065e+20 4.937574e+40
7.100000e-16 -2.347076e+20 5.508765e+40
7.150000e-16 -2.477839e+20 6.139684e+40
7.200000e-16 -2.614551e+20 6.835877e+40
7.250000e-16 -2.757414e+20 7.603334e+40
7.300000e-16 -2.906633e+20 8.448517e+40
7.350000e-16 -3.062416e+20 9.378393e+40
7.400000e-16 -3.224975e+20 1.040046e+41
7.450000e-16 -3.394525e+20 1.152280e+41
7.500000e-16 -3.571284e+20 1.275407e+41
7.550000e-16 -3.755475e+20 1.410360e+41
7.600000e-16 -3.947323e+20 1.558136e+41
7.650000e-16 -4.147056e+20 1.719807e+41
7.700000e-16 -4.354904e+20 1.896519e+41
7.750000e-16 -4.571103e+20 2.089498e+41
7.800000e-16 -4.795887e+20 2.300053e+41
7.850000e-16 -5.029497e+20 2.529584e+41
7.900000e-16 -5.272174e+20 2.779582e+41
7.950000e-16 -5.524162e+20 3.051636e+41
8.000000e-16 -5.785706e+20 3.347439e+41
8.050000e-16 -6.057055e+20 3.668791e+41
8.100000e-16 -6.338458e+20 4.017605e+41
8.150000e-16 -6.630166e+20 4.395910e+41
8.200000e-16 -6.932432e+20 4.805862e+41
8.250000e-16 -7.245510e+20 5.249742e+41
8.300000e-16 -7.569655e+20 5.729968e+41
8.350000e-16 -7.905122e+20 6.249096e+41
8.400000e-16 -8.252168e+20 6.809828e+41
8.450000e-16 -8.611049e+20 7.415016e+41
8.500000e-16 -8.982021e+20 8.067670e+41
8.550000e-16 -9.365342e+20 8.770963e+41
8.600000e-16 -9.761268e+20 9.528234e+41
8.650000e-16 -1.017005e+21 1.034300e+42
8.700000e-16 -1.059195e+21 1.121895e+42
8.750000e-16 -1.102722e+21 1.215996e+42
8.800000e-16 -1.147611e+21 1.317012e+42
8.850000e-16 -1.193887e+21 1.425367e+42
8.900000e-16 -1.241575e+21 1.541510e+42
8.950000e-16 -1.290700e+21 1.665907e+42
9.000000e-16 -1.341286e+21 1.799047e+42
9.050000e-16 -1.393356e+21 1.941442e+42
9.100000e-16 -1.446936e+21 2.093623e+42
9.150000e-16 -1.502047e+21 2.256146e+42
9.200000e-16 -1.558714e+21 2.429589e+42
9.250000e-16 -1.616958e+21 2.614554e+42
9.300000e-16 -1.676803e+21 2.811668e+42
9.350000e-16 -1.738269e+21 3.021579e+42
9.400000e-16 -1.801378e+21 3.244961e+42
9.450000e-16 -1.866150e+21 3.482515e+42
9.500000e-16 -1.932605e+21 3.734963e+42
9.550000e-16 -2.000764e+21 4.003055e+42
9.600000e-16 -2.070643e+21 4.287564e+42
9.650000e-16 -2.142263e+21 4.589289e+42
9.700000e-16 -2.215639e+21 4.909055e+42
9.750000e-16 -2.290788e+21 5.247711e+42
9.800000e-16 -2.367727e+21 5.606131e+42
9.850000e-16 -2.446470e+21 5.985213e+42
9.900000e-16 -2.527030e+21 6.385882e+42
9.950000e-16 -2.609422e+21 6.809084e+42
1.000000e-15 -2.693657e+21 7.255789e+42
1.005000e-15 -2.779747e+21 7.726993e+42
1.010000e-15 -2.867701e+21 8.223711e+42
1.015000e-15 -2.957529e+21 8.746980e+42
1.020000e-15 -3.049239e+21 9.297860e+42
1.025000e-15 -3.142838e+21 9.877429e+42
1.030000e-15 -3.238331e+21 1.048678e+43
1.035000e-15 -3.335722e+21 1.112704e+43
1.040000e-15 -3.435016e+21 1.179933e+43
1.045000e-15 -3.536214e+21 1.250481e+43
1.050000e-15 -3.639316e+21 1.324462e+43
1.055000e-15 -3.744323e+21 1.401995e+43
1.060000e-15 -3.851232e+21 1.483199e+43
1.065000e-15 -3.960039e+21 1.568191e+43
1.070000e-15 -4.070740e+21 1.657092e+43
1.075000e-15 -4.183328e+21 1.750023e+43
1.080000e-15 -4.297796e+21 1.847105e+43
1.085000e-15 -4.414134e+21 1.948458e+43
1.090000e-15 -4.532330e+21 2.054202e+43
1.095000e-15 -4.652374e+21 2.164458e+43
1.100000e-15 -4.774249e+21 2.279345e+43
1.105000e-15 -4.897941e+21 2.398983e+43
1.110000e-15 -5.023432e+21 2.523487e+43
1.115000e-15 -5.150702e+21 2.652973e+43
1.120000e-15 -5.279731e+21 2.787556e+43
1.125000e-15 -5.410496e+21 2.927347e+43
1.130000e-15 -5.542973e+21 3.072455e+43
1.135000e-15 -5.677135e+21 3.222986e+43
1.140000e-15 -5.812954e+21 3.379043e+43
1.145000e-15 -5.950400e+21 3.540726e+43
1.150000e-15 -6.089441e+21 3.708130e+43
1.155000e-15 -6.230045e+21 3.881346e+43
1.160000e-15 -6.372175e+21 4.060462e+43
1.165000e-15 -6.515794e+21 4.245557e+43
1.170000e-15 -6.660863e+21 4.436710e+43
1.175000e-15 -6.807341e+21 4.633989e+43
1.180000e-15 -6.955184e+21 4.837458e+43
1.185000e-15 -7.104347e+21 5.047175e+43
1.190000e-15 -7.254784e+21 5.263190e+43
1.195000e-15 -7.406446e+21 5.485544e+43
1.200000e-15 -7.559282e+21 5.714274e+43
1.205000e-15 -7.713239e+21 5.949406e+43
1.210000e-15 -7.868263e+21 6.190956e+43
1.215000e-15 -8.024296e+21 6.438933e+43
1.220000e-15 -8.181282e+21 6.693337e+43
1.225000e-15 -8.339158e+21 6.954156e+43
1.230000e-15 -8.497863e+21 7.221368e+43
1.235000e-15 -8.657334e+21 7.494943e+43
1.240000e-15 -8.817503e+21 7.774835e+43
1.245000e-15 -8.978303e+21 8.060992e+43
1.250000e-15 -9.139664e+21 8.353345e+43
1.255000e-15 -9.301515e+21 8.651817e+43
1.260000e-15 -9.463782e+21 8.956317e+43
1.265000e-15 -9.626391e+21 9.266739e+43
1.270000e-15 -9.789264e+21 9.582968e+43
1.275000e-15 -9.952323e+21 9.904873e+43
1.280000e-15 -1.011549e+22 1.023231e+44
1.285000e-15 -1.027868e+22 1.056512e+44
1.290000e-15 -1.044181e+22 1.090313e+44
1.295000e-15 -1.060479e+22 1.124616e+44
1.300000e-15 -1.076755e+22 1.159400e+44
1.305000e-15 -1.092998e+22 1.194645e+44
1.310000e-15 -1.109201e+22 1.230326e+44
1.315000e-15 -1.125353e+22 1.266420e+44
1.320000e-15 -1.141447e+22 1.302901e+44
1.325000e-15 -1.157472e+22 1.339741e+44
1.330000e-15 -1.173419e+22 1.376911e+44
1.335000e-15 -1.189278e+22 1.414382e+44
1.340000e-15 -1.205040e+22 1.452121e+44
1.345000e-15 -1.220694e+22 1.490095e+44
1.350000e-15 -1.236232e+22 1.528270e+44
1.355000e-15 -1.251642e+22 1.566609e+44
1.360000e-15 -1.266916e+22 1.605075e+44
1.365000e-15 -1.282041e+22 1.643630e+44
1.370000e-15 -1.297009e+22 1.682233e+44
1.375000e-15 -1.311809e+22 1.720843e+44
1.380000e-15 -1.326430e+22 1.759417e+44
1.385000e-15 -1.340862e+22 1.797912e+44
1.390000e-15 -1.355095e+22 1.836283e+44
1.395000e-15 -1.369118e+22 1.874483e+44
1.400000e-15 -1.382919e+22 1.912466e+44
1.405000e-15 -1.396490e+22 1.950184e+44
1.410000e-15 -1.409818e+22 1.987588e+44
1.415000e-15 -1.422894e+22 2.024628e+44
1.420000e-15 -1.435707e+22 2.061254e+44
1.425000e-15 -1.448245e+22 2.097415e+44
1.430000e-15 -1.460499e+22 2.133059e+44
1.435000e-15 -1.472458e+22 2.168133e+44
1.440000e-15 -1.484111e+22 2.202586e+44
1.445000e-15 -1.495448e+22 2.236365e+44
1.450000e-15 -1.506458e+22 2.269416e+44
1.455000e-15 -1.517131e+22 2.301685e+44
1.460000e-15 -1.527456e+22 2.333121e+44
1.465000e-15 -1.537423e+22 2.363669e+44
1.470000e-15 -1.547022e+22 2.393278e+44
1.475000e-15 -1.556243e+22 2.421893e+44
1.480000e-15 -1.565076e+22 2.449463e+44
1.485000e-15 -1.573511e+22 2.475936e+44
1.490000e-15 -1.581538e+22 2.501261e+44
1.495000e-15 -1.589147e+22 2.525389e+44
1.500000e-15 -1.596330e+22 2.548269e+44
1.505000e-15 -1.603076e+22 2.569853e+44
1.510000e-15 -1.609377e+22 2.590095e+44
1.515000e-15 -1.615224e+22 2.608948e+44
1.520000e-15 -1.620607e+22 2.626368e+44
1.525000e-15 -1.625519e+22 2.642311e+44
1.530000e-15 -1.629950e+22 2.656737e+44
1.535000e-15 -1.633893e+22 2.669606e+44
1.540000e-15 -1.637339e+22 2.680880e+44
1.545000e-15 -1.640282e+22 2.690524e+44
1.550000e-15 -1.642712e+22 2.698503e+44
1.555000e-15 -1.644623e+22 2.704786e+44
1.560000e-15 -1.646009e+22 2.709345e+44
1.565000e-15 -1.646861e+22 2.712152e+44
1.570000e-15 -1.647174e+22 2.713183e+44
1.575000e-15 -1.646942e+22 2.712417e+44
1.580000e-15 -1.646158e+22 2.709835e+44
1.585000e-15 -1.644817e+22 2.705422e+44
1.590000e-15 -1.642913e+22 2.699164e+44
1.595000e-15 -1.640442e+22 2.691050e+44
1.600000e-15 -1.637399e+22 2.681075e+44
1.605000e-15 -1.633779e+22 2.669235e+44
1.610000e-15 -1.629579e+22 2.655528e+44
1.615000e-15 -1.624795e+22 2.639957e+44
1.620000e-15 -1.619422e+22 2.622529e+44
1.625000e-15 -1.613460e+22 2.603253e+44
1.630000e-15 -1.606904e+22 2.582141e+44
1.635000e-15 -1.599753e+22 2.559209e+44
1.640000e-15 -1.592004e+22 2.534478e+44
1.645000e-15 -1.583657e+22 2.507969e+44
1.650000e-15 -1.574710e+22 2.479711e+44
1.655000e-15 -1.565162e+22 2.449732e+44
1.660000e-15 -1.555013e+22 2.418066e+44
1.665000e-15 -1.544264e+22 2.384750e+44
1.670000e-15 -1.532914e+22 2.349824e+44
1.675000e-15 -1.520964e+22 2.313333e+44
1.680000e-15 -1.508417e+22 2.275321e+44
1.685000e-15 -1.495273e+22 2.235841e+44
1.690000e-15 -1.481535e+22 2.194946e+44
1.695000e-15 -1.467205e+22 2.152691e+44
1.700000e-15 -1.452287e+22 2.109136e+44
1.705000e-15 -1.436783e+22 2.064345e+44
1.710000e-15 -1.420698e+22 2.018382e+44
1.715000e-15 -1.404036e+22 1.971316e+44
1.720000e-15 -1.386801e+22 1.923218e+44
1.725000e-15 -1.368999e+22 1.874160e+44
1.730000e-15 -1.350636e+22 1.824218e+44
1.735000e-15 -1.331717e+22 1.773471e+44
1.740000e-15 -1.312249e+22 1.721997e+44
1.745000e-15 -1.292239e+22 1.669881e+44
1.750000e-15 -1.271693e+22 1.617204e+44
1.755000e-15 -1.250621e+22 1.564052e+44
1.760000e-15 -1.229029e+22 1.510512e+44
1.765000e-15 -1.206927e+22 1.456672e+44
1.770000e-15 -1.184323e+22 1.402621e+44
1.775000e-15 -1.161228e+22 1.348450e+44
1.780000e-15 -1.137650e+22 1.294247e+44
1.785000e-15 -1.113600e+22 1.240105e+44
1.790000e-15 -1.089089e+22 1.186115e+44
1.795000e-15 -1.064128e+22 1.132368e+44
1.800000e-15 -1.038728e+22 1.078956e+44
1.805000e-15 -1.012901e+22 1.025969e+44
1.810000e-15 -9.866600e+21 9.734980e+43
1.815000e-15 -9.600166e+21 9.216319e+43
1.820000e-15 -9.329842e+21 8.704595e+43
1.825000e-15 -9.055761e+21 8.200680e+43
1.830000e-15 -8.778060e+21 7.705434e+43
1.835000e-15 -8.496881e+21 7.219699e+43
1.840000e-15 -8.212367e+21 6.744297e+43
1.845000e-15 -7.924665e+21 6.280032e+43
1.850000e-15 -7.633927e+21 5.827684e+43
1.855000e-15 -7.340305e+21 5.388008e+43
1.860000e-15 -7.043958e+21 4.961734e+43
1.865000e-15 -6.745044e+21 4.549562e+43
1.870000e-15 -6.443726e+21 4.152161e+43
1.875000e-15 -6.140171e+21 3.770170e+43
1.880000e-15 -5.834545e+21 3.404191e+43
1.885000e-15 -5.527019e+21 3.054794e+43
1.890000e-15 -5.217767e+21 2.722510e+43
1.895000e-15 -4.906964e+21 2.407830e+43
1.900000e-15 -4.594787e+21 2.111207e+43
1.905000e-15 -4.281416e+21 1.833052e+43
1.910000e-15 -3.967032e+21 1.573734e+43
1.915000e-15 -3.651818e+21 1.333577e+43
1.920000e-15 -3.335959e+21 1.112862e+43
1.925000e-15 -3.019642e+21 9.118240e+42
1.930000e-15 -2.703055e+21 7.306506e+42
1.935000e-15 -2.386386e+21 5.694838e+42
1.940000e-15 -2.069826e+21 4.284178e+42
1.945000e-15 -1.753565e+21 3.074990e+42
1.950000e-15 -1.437796e+21 2.067257e+42
1.955000e-15 -1.122711e+21 1.260480e+42
1.960000e-15 -8.085035e+20 6.536779e+41
1.965000e-15 -4.953668e+20 2.453882e+41
1.970000e-15 -1.834945e+20 3.367022e+40
1.975000e-15 1.269196e+20 1.610859e+40
1.980000e-15 4.356818e+20 1.898187e+41
1.985000e-15 7.425988e+20 5.514530e+41
1.990000e-15 1.047477e+21 1.097209e+42
1.995000e-15 1.350125e+21 1.822839e+42
2.000000e-15 1.650351e+21 2.723658e+42
2.005000e-15 1.947963e+21 3.794560e+42
2.010000e-15 2.242772e+21 5.030026e+42
2.015000e-15 2.534589e+21 6.424142e+42
2.020000e-15 2.823227e+21 7.970612e+42
2.025000e-15 3.108500e+21 9.662775e+42
2.030000e-15 3.390225e+21 1.149362e+43
2.035000e-15 3.668217e+21 1.345582e+43
2.040000e-15 3.942299e+21 1.554172e+43
2.045000e-15 4.212290e+21 1.774339e+43
2.050000e-15 4.478016e+21 2.005263e+43
2.055000e-15 4.739302e+21 2.246099e+43
2.060000e-15 4.995979e+21 2.495980e+43
2.065000e-15 5.247877e+21 2.754022e+43
2.070000e-15 5.494832e+21 3.019318e+43
2.075000e-15 5.736681e+21 3.290951e+43
2.080000e-15 5.973266e+21 3.567991e+43
2.085000e-15 6.204431e+21 3.849496e+43
2.090000e-15 6.430023e+21 4.134520e+43
2.095000e-15 6.649894e+21 4.422109e+43
2.100000e-15 6.863900e+21 4.711312e+43
2.105000e-15 7.071899e+21 5.001175e+43
2.110000e-15 7.273754e+21 5.290749e+43
2.115000e-15 7.469333e+21 5.579093e+43
2.120000e-15 7.658507e+21 5.865273e+43
2.125000e-15 7.841153e+21 6.148367e+43
2.130000e-15 8.017150e+21 6.427469e+43
2.135000e-15 8.186384e+21 6.701688e+43
2.140000e-15 8.348744e+21 6.970153e+43
2.145000e-15 8.504126e+21 7.232016e+43
2.150000e-15 8.652429e+21 7.486453e+43
2.155000e-15 8.793558e+21 7.732667e+43
2.160000e-15 8.927423e+21 7.969888e+43
2.165000e-15 9.053939e+21 8.197381e+43
2.170000e-15 9.173026e+21 8.414441e+43
2.175000e-15 9.284612e+21 8.620401e+43
2.180000e-15 9.388626e+21 8.814629e+43
2.185000e-15 9.485006e+21 8.996535e+43
2.190000e-15 9.573696e+21 9.165566e+43
2.195000e-15 9.654644e+21 9.321214e+43
2.200000e-15 9.727803e+21 9.463015e+43
2.205000e-15 9.793135e+21 9.590549e+43
2.210000e-15 9.850605e+21 9.703442e+43
2.215000e-15 9.900186e+21 9.801368e+43
2.220000e-15 9.941856e+21 9.884049e+43
2.225000e-15 9.975598e+21 9.951256e+43
2.230000e-15 1.000140e+22 1.000281e+44
2.235000e-15 1.001927e+22 1.003857e+44
2.240000e-15 1.002920e+22 1.005848e+44
2.245000e-15 1.003119e+22 1.006248e+44
2.250000e-15 1.002528e+22 1.005062e+44
2.255000e-15 1.001147e+22 1.002294e+44
2.260000e-15 9.989788e+21 9.979587e+43
2.265000e-15 9.960278e+21 9.920713e+43
2.270000e-15 9.922973e+21 9.846540e+43
2.275000e-15 9.877921e+21 9.757332e+43
2.280000e-15 9.825172e+21 9.653400e+43
2.285000e-15 9.764784e+21 9.535101e+43
2.290000e-15 9.696821e+21 9.402835e+43
2.295000e-15 9.621354e+21 9.257045e+43
2.300000e-15 9.538457e+21 9.098215e+43
2.305000e-15 9.448212e+21 8.926871e+43
2.310000e-15 9.350708e+21 8.743573e+43
2.315000e-15 9.246037e+21 8.548919e+43
2.320000e-15 9.134298e+21 8.343541e+43
2.325000e-15 9.015598e+21 8.128100e+43
2.330000e-15 8.890045e+21 7.903290e+43
2.335000e-15 8.757757e+21 7.669830e+43
2.340000e-15 8.618853e+21 7.428464e+43
2.345000e-15 8.473462e+21 7.179957e+43
2.350000e-15 8.321716e+21 6.925095e+43
2.355000e-15 8.163750e+21 6.664681e+43
2.360000e-15 7.999708e+21 6.399532e+43
2.365000e-15 7.829736e+21 6.130477e+43
2.370000e-15 7.653987e+21 5.858352e+43
2.375000e-15 7.472617e+21 5.584001e+43
2.380000e-15 7.285787e+21 5.308270e+43
2.385000e-15 7.093663e+21 5.032006e+43
2.390000e-15 6.896415e+21 4.756054e+43
2.395000e-15 6.694217e+21 4.481254e+43
2.400000e-15 6.487247e+21 4.208437e+43
2.405000e-15 6.275686e+21 3.938423e+43
2.410000e-15 6.059721e+21 3.672022e+43
2.415000e-15 5.839541e+21 3.410024e+43
2.420000e-15 5.615338e+21 3.153202e+43
2.425000e-15 5.387309e+21 2.902310e+43
2.430000e-15 5.155652e+21 2.658075e+43
2.435000e-15 4.920570e+21 2.421201e+43
2.440000e-15 4.682267e+21 2.192362e+43
2.445000e-15 4.440949e+21 1.972203e+43
2.450000e-15 4.196828e+21 1.761337e+43
2.455000e-15 3.950115e+21 1.560341e+43
2.460000e-15 3.701023e+21 1.369757e+43
2.465000e-15 3.449769e+21 1.190091e+43
2.470000e-15 3.196570e+21 1.021806e+43
2.475000e-15 2.941645e+21 8.653274e+42
2.480000e-15 2.685214e+21 7.210372e+42
2.485000e-15 2.427498e+21 5.892745e+42
2.490000e-15 2.168720e+21 4.703344e+42
2.495000e-15 1.909102e+21 3.644670e+42
2.500000e-15 1.648868e+21 2.718766e+42
2.505000e-15 1.388242e+21 1.927217e+42
2.510000e-15 1.127448e+21 1.271140e+42
2.515000e-15 8.667098e+20 7.511860e+41
2.520000e-15 6.062506e+20 3.675398e+41
2.525000e-15 3.462937e+20 1.199193e+41
2.530000e-15 8.706169e+19 7.579737e+39
2.535000e-15 -1.712239e+20 2.931761e+40
2.540000e-15 -4.283423e+20 1.834771e+41
2.545000e-15 -6.840743e+20 4.679577e+41
2.550000e-15 -9.382020e+20 8.802230e+41
2.555000e-15 -1.190509e+21 1.417312e+42
2.560000e-15 -1.440781e+21 2.075850e+42
2.565000e-15 -1.688805e+21 2.852063e+42
2.570000e-15 -1.934372e+21 3.741794e+42
2.575000e-15 -2.177273e+21 4.740516e+42
2.580000e-15 -2.417303e+21 5.843352e+42
2.585000e-15 -2.654259e+21 7.045090e+42
2.590000e-15 -2.887942e+21 8.340210e+42
2.595000e-15 -3.118156e+21 9.722896e+42
2.600000e-15 -3.344707e+21 1.118706e+43
2.605000e-15 -3.567405e+21 1.272638e+43
2.610000e-15 -3.786065e+21 1.433429e+43
2.615000e-15 -4.000504e+21 1.600403e+43
2.620000e-15 -4.210544e+21 1.772868e+43
2.625000e-15 -4.416010e+21 1.950114e+43
2.630000e-15 -4.616733e+21 2.131422e+43
2.635000e-15 -4.812547e+21 2.316061e+43
2.640000e-15 -5.003291e+21 2.503292e+43
2.645000e-15 -5.188810e+21 2.692375e+43
2.650000e-15 -5.368951e+21 2.882564e+43
2.655000e-15 -5.543569e+21 3.073116e+43
2.660000e-15 -5.712522e+21 3.263291e+43
2.665000e-15 -5.875675e+21 3.452355e+43
2.670000e-15 -6.032896e+21 3.639583e+43
2.675000e-15 -6.184061e+21 3.824261e+43
2.680000e-15 -6.329051e+21 4.005688e+43
2.685000e-15 -6.467751e+21 4.183180e+43
2.690000e-15 -6.600054e+21 4.356071e+43
2.695000e-15 -6.725857e+21 4.523716e+43
2.700000e-15 -6.845066e+21 4.685493e+43
2.705000e-15 -6.957589e+21 4.840805e+43
2.710000e-15 -7.063344e+21 4.989082e+43
2.715000e-15 -7.162252e+21 5.129785e+43
2.720000e-15 -7.254242e+21 5.262403e+43
2.725000e-15 -7.339251e+21 5.386460e+43
2.730000e-15 -7.417218e+21 5.501513e+43
2.735000e-15 -7.488093e+21 5.607154e+43
2.740000e-15 -7.551830e+21 5.703014e+43
2.745000e-15 -7.608390e+21 5.788760e+43
2.750000e-15 -7.657741e+21 5.864100e+43
2.755000e-15 -7.699857e+21 5.928780e+43
2.760000e-15 -7.734720e+21 5.982589e+43
2.765000e-15 -7.762316e+21 6.025356e+43
2.770000e-15 -7.782641e+21 6.056950e+43
2.775000e-15 -7.795695e+21 6.077286e+43
2.780000e-15 -7.801485e+21 6.086318e+43
2.785000e-15 -7.800027e+21 6.084042e+43
2.790000e-15 -7.791341e+21 6.070499e+43
2.795000e-15 -7.775453e+21 6.045768e+43
2.800000e-15 -7.752400e+21 6.009970e+43
2.805000e-15 -7.722220e+21 5.963268e+43
2.810000e-15 -7.684961e+21 5.905862e+43
2.815000e-15 -7.640676e+21 5.837993e+43
2.820000e-15 -7.589425e+21 5.759938e+43
2.825000e-15 -7.531275e+21 5.672010e+43
2.830000e-15 -7.466298e+21 5.574560e+43
2.835000e-15 -7.394571e+21 5.467968e+43
2.840000e-15 -7.316181e+21 5.352650e+43
2.845000e-15 -7.231217e+21 5.229050e+43
2.850000e-15 -7.139777e+21 5.097641e+43
2.855000e-15 -7.041962e+21 4.958923e+43
2.860000e-15 -6.937881e+21 4.813419e+43
2.865000e-15 -6.827647e+21 4.661677e+43
2.870000e-15 -6.711381e+21 4.504263e+43
2.875000e-15 -6.589206e+21 4.341763e+43
2.880000e-15 -6.461252e+21 4.174778e+43
2.885000e-15 -6.327655e+21 4.003922e+43
2.890000e-15 -6.188554e+21 3.829820e+43
2.895000e-15 -6.044095e+21 3.653108e+43
2.900000e-15 -5.894427e+21 3.474427e+43
2.905000e-15 -5.739705e+21 3.294421e+43
2.910000e-15 -5.580086e+21 3.113736e+43
2.915000e-15 -5.415735e+21 2.933018e+43
2.920000e-15 -5.246817e+21 2.752909e+43
2.925000e-15 -5.073505e+21 2.574046e+43
2.930000e-15 -4.895973e+21 2.397055e+43
2.935000e-15 -4.714399e+21 2.222556e+43
2.940000e-15 -4.528966e+21 2.051153e+43
2.945000e-15 -4.339858e+21 1.883437e+43
2.950000e-15 -4.147264e+21 1.719980e+43
2.955000e-15 -3.951374e+21 1.561336e+43
2.960000e-15 -3.752384e+21 1.408038e+43
2.965000e-15 -3.550488e+21 1.260597e+43
2.970000e-15 -3.345887e+21 1.119496e+43
2.975000e-15 -3.138780e+21 9.851943e+42
2.980000e-15 -2.929372e+21 8.581219e+42
2.985000e-15 -2.717866e+21 7.386794e+42
2.990000e-15 -2.504468e+21 6.272362e+42
2.995000e-15 -2.289387e+21 5.241294e+42
3.000000e-15 -2.072832e+21 4.296631e+42
3.005000e-15 -1.855011e+21 3.441065e+42
3.010000e-15 -1.636135e+21 2.676939e+42
3.015000e-15 -1.416417e+21 2.006237e+42
3.020000e-15 -1.196066e+21 1.430575e+42
3.025000e-15 -9.752957e+20 9.512017e+41
3.030000e-15 -7.543165e+20 5.689934e+41
3.035000e-15 -5.333402e+20 2.844518e+41
3.040000e-15 -3.125777e+20 9.770483e+40
3.045000e-15 -9.223941e+19 8.508109e+39
3.050000e-15 1.274652e+20 1.624739e+40
3.055000e-15 3.463277e+20 1.199429e+41
3.060000e-15 5.641409e+20 3.182550e+41
3.065000e-15 7.806989e+20 6.094908e+41
3.070000e-15 9.957976e+20 9.916128e+41
3.075000e-15 1.209235e+21 1.462248e+42
3.080000e-15 1.420810e+21 2.018700e+42
3.085000e-15 1.630324e+21 2.657957e+42
3.090000e-15 1.837583e+21 3.376712e+42
3.095000e-15 2.042393e+21 4.171368e+42
3.100000e-15 2.244563e+21 5.038063e+42
3.105000e-15 2.443906e+21 5.972676e+42
3.110000e-15 2.640237e+21 6.970854e+42
3.115000e-15 2.833376e+21 8.028022e+42
3.120000e-15 3.023145e+21 9.139405e+42
3.125000e-15 3.209369e+21 1.030005e+43
3.130000e-15 3.391879e+21 1.150484e+43
3.135000e-15 3.570507e+21 1.274852e+43
3.140000e-15 3.745093e+21 1.402572e+43
3.145000e-15 3.915477e+21 1.533096e+43
3.150000e-15 4.081505e+21 1.665869e+43
3.155000e-15 4.243030e+21 1.800331e+43
3.160000e-15 4.399907e+21 1.935918e+43
3.165000e-15 4.551995e+21 2.072066e+43
3.170000e-15 4.699160e+21 2.208211e+43
3.175000e-15 4.841273e+21 2.343792e+43
3.180000e-15 4.978208e+21 2.478256e+43
3.185000e-15 5.109847e+21 2.611054e+43
3.190000e-15 5.236076e+21 2.741649e+43
3.195000e-15 5.356786e+21 2.869515e+43
3.200000e-15 5.471874e+21 2.994140e+43
3.205000e-15 5.581244e+21 3.115028e+43
3.210000e-15 5.684803e+21 3.231699e+43
3.215000e-15 5.782467e+21 3.343693e+43
3.220000e-15 5.874156e+21 3.450571e+43
3.225000e-15 5.959796e+21 3.551916e+43
3.230000e-15 6.039319e+21 3.647337e+43
3.235000e-15 6.112664e+21 3.736466e+43
3.240000e-15 6.179775e+21 3.818962e+43
3.245000e-15 6.240604e+21 3.894513e+43
3.250000e-15 6.295107e+21 3.962837e+43
3.255000e-15 6.343247e+21 4.023678e+43
3.260000e-15 6.384994e+21 4.076815e+43
3.265000e-15 6.420325e+21 4.122057e+43
3.270000e-15 6.449220e+21 4.159244e+43
3.275000e-15 6.471669e+21 4.188250e+43
3.280000e-15 6.487666e+21 4.208981e+43
3.285000e-15 6.497213e+21 4.221377e+43
3.290000e-15 6.500316e+21 4.225411e+43
3.295000e-15 6.496990e+21 4.221088e+43
3.300000e-15 6.487255e+21 4.208448e+43
3.305000e-15 6.471137e+21 4.187561e+43
3.310000e-15 6.448667e+21 4.158531e+43
3.315000e-15 6.419885e+21 4.121493e+43
3.320000e-15 6.384836e+21 4.076613e+43
3.325000e-15 6.343570e+21 4.024088e+43
3.330000e-15 6.296143e+21 3.964142e+43
3.335000e-15 6.242619e+21 3.897029e+43
3.340000e-15 6.183065e+21 3.823030e+43
3.345000e-15 6.117557e+21 3.742451e+43
3.350000e-15 6.046174e+21 3.655622e+43
3.355000e-15 5.969002e+21 3.562898e+43
3.360000e-15 5.886131e+21 3.464654e+43
3.365000e-15 5.797658e+21 3.361284e+43
3.370000e-15 5.703686e+21 3.253203e+43
3.375000e-15 5.604320e+21 3.140840e+43
3.380000e-15 5.499673e+21 3.024641e+43
3.385000e-15 5.389863e+21 2.905062e+43
3.390000e-15 5.275010e+21 2.782574e+43
3.395000e-15 5.155243e+21 2.657653e+43
3.400000e-15 5.030691e+21 2.530785e+43
3.405000e-15 4.901490e+21 2.402460e+43
3.410000e-15 4.767781e+21 2.273173e+43
3.415000e-15 4.629707e+21 2.143419e+43
3.420000e-15 4.487417e+21 2.013691e+43
3.425000e-15 4.341062e+21 1.884482e+43
3.430000e-15 4.190799e+21 1.756279e+43
3.435000e-15 4.036786e+21 1.629564e+43
3.440000e-15 3.879186e+21 1.504808e+43
3.445000e-15 3.718165e+21 1.382475e+43
3.450000e-15 3.553891e+21 1.263014e+43
3.455000e-15 3.386537e+21 1.146863e+43
3.460000e-15 3.216276e+21 1.034443e+43
3.465000e-15 3.043286e+21 9.261591e+42
3.470000e-15 2.867746e+21 8.223968e+42
3.475000e-15 2.689837e+21 7.235224e+42
3.480000e-15 2.509743e+21 6.298809e+42
3.485000e-15 2.327648e+21 5.417947e+42
3.490000e-15 2.143740e+21 4.595622e+42
3.495000e-15 1.958207e+21 3.834574e+42
3.500000e-15 1.771237e+21 3.137282e+42
3.505000e-15 1.583022e+21 2.505960e+42
3.510000e-15 1.393753e+21 1.942548e+42
3.515000e-15 1.203621e+21 1.448705e+42
3.520000e-15 1.012820e+21 1.025804e+42
3.525000e-15 8.215404e+20 6.749287e+41
3.530000e-15 6.299764e+20 3.968703e+41
3.535000e-15 4.383202e+20 1.921246e+41
3.540000e-15 2.467641e+20 6.089252e+40
3.545000e-15 5.549978e+19 3.080226e+39
3.550000e-15 -1.352817e+20 1.830113e+40
3.555000e-15 -3.253900e+20 1.058787e+41
3.560000e-15 -5.146362e+20 2.648505e+41
3.565000e-15 -7.028324e+20 4.939734e+41
3.570000e-15 -8.897922e+20 7.917301e+41
3.575000e-15 -1.075331e+21 1.156336e+42
3.580000e-15 -1.259265e+21 1.585749e+42
3.585000e-15 -1.441414e+21 2.077675e+42
3.590000e-15 -1.621599e+21 2.629585e+42
3.595000e-15 -1.799644e+21 3.238719e+42
3.600000e-15 -1.975374e+21 3.902104e+42
3.605000e-15 -2.148619e+21 4.616562e+42
3.610000e-15 -2.319209e+21 5.378730e+42
3.615000e-15 -2.486980e+21 6.185068e+42
3.620000e-15 -2.651768e+21 7.031876e+42
3.625000e-15 -2.813417e+21 7.915313e+42
3.630000e-15 -2.971768e+21 8.831407e+42
3.635000e-15 -3.126672e+21 9.776079e+42
3.640000e-15 -3.277980e+21 1.074515e+43
3.645000e-15 -3.425548e+21 1.173438e+43
3.650000e-15 -3.569235e+21 1.273944e+43
3.655000e-15 -3.708906e+21 1.375599e+43
3.660000e-15 -3.844430e+21 1.477964e+43
3.665000e-15 -3.975680e+21 1.580603e+43
3.670000e-15 -4.102532e+21 1.683077e+43
3.675000e-15 -4.224869e+21 1.784952e+43
3.680000e-15 -4.342578e+21 1.885799e+43
3.685000e-15 -4.455552e+21 1.985194e+43
3.690000e-15 -4.563686e+21 2.082723e+43
3.695000e-15 -4.666883e+21 2.177979e+43
3.700000e-15 -4.765050e+21 2.270570e+43
3.705000e-15 -4.858099e+21 2.360112e+43
3.710000e-15 -4.945948e+21 2.446240e+43
3.715000e-15 -5.028521e+21 2.528602e+43
3.720000e-15 -5.105746e+21 2.606864e+43
3.725000e-15 -5.177557e+21 2.680710e+43
3.730000e-15 -5.243895e+21 2.749843e+43
3.735000e-15 -5.304704e+21 2.813988e+43
3.740000e-15 -5.359936e+21 2.872891e+43
3.745000e-15 -5.409548e+21 2.926321e+43
3.750000e-15 -5.453503e+21 2.974070e+43
3.755000e-15 -5.491769e+21 3.015953e+43
3.760000e-15 -5.524321e+21 3.051813e+43
3.765000e-15 -5.551139e+21 3.081515e+43
3.770000e-15 -5.572209e+21 3.104952e+43
3.775000e-15 -5.587524e+21 3.122042e+43
3.780000e-15 -5.597080e+21 3.132730e+43
3.785000e-15 -5.600882e+21 3.136988e+43
3.790000e-15 -5.598939e+21 3.134812e+43
3.795000e-15 -5.591267e+21 3.126226e+43
3.800000e-15 -5.577886e+21 3.111281e+43
3.805000e-15 -5.558824e+21 3.090052e+43
3.810000e-15 -5.534113e+21 3.062641e+43
3.815000e-15 -5.503792e+21 3.029173e+43
3.820000e-15 -5.467905e+21 2.989798e+43
3.825000e-15 -5.426501e+21 2.944691e+43
3.830000e-15 -5.379635e+21 2.894047e+43
3.835000e-15 -5.327367e+21 2.838084e+43
3.840000e-15 -5.269764e+21 2.777042e+43
3.845000e-15 -5.206898e+21 2.711178e+43
3.850000e-15 -5.138843e+21 2.640771e+43
3.855000e-15 -5.065682e+21 2.566114e+43
3.860000e-15 -4.987502e+21 2.487518e+43
3.865000e-15 -4.904394e+21 2.405308e+43
3.870000e-15 -4.816455e+21 2.319824e+43
3.875000e-15 -4.723786e+21 2.231415e+43
3.880000e-15 -4.626492e+21 2.140443e+43
3.885000e-15 -4.524684e+21 2.047276e+43
3.890000e-15 -4.418477e+21 1.952293e+43
3.895000e-15 -4.307989e+21 1.855877e+43
3.900000e-15 -4.193345e+21 1.758414e+43
3.905000e-15 -4.074670e+21 1.660294e+43
3.910000e-15 -3.952097e+21 1.561907e+43
3.915000e-15 -3.825759e+21 1.463644e+43
3.920000e-15 -3.695796e+21 1.365891e+43
3.925000e-15 -3.562350e+21 1.269033e+43
3.930000e-15 -3.425564e+21 1.173449e+43
3.935000e-15 -3.285588e+21 1.079509e+43
3.940000e-15 -3.142573e+21 9.875765e+42
3.945000e-15 -2.996673e+21 8.980047e+42
3.950000e-15 -2.848044e+21 8.111354e+42
3.955000e-15 -2.696846e+21 7.272979e+42
3.960000e-15 -2.543241e+21 6.468073e+42
3.965000e-15 -2.387391e+21 5.699638e+42
3.970000e-15 -2.229464e+21 4.970510e+42
3.975000e-15 -2.069626e+21 4.283351e+42
3.980000e-15 -1.908046e+21 3.640641e+42
3.985000e-15 -1.744896e+21 3.044661e+42
3.990000e-15 -1.580346e+21 2.497495e+42
3.995000e-15 -1.414571e+21 2.001011e+42
4.000000e-15 -1.247744e+21 1.556864e+42
4.005000e-15 -1.080039e+21 1.166484e+42
4.010000e-15 -9.116323e+20 8.310734e+41
4.015000e-15 -7.426992e+20 5.516020e+41
4.020000e-15 -5.734155e+20 3.288053e+41
4.025000e-15 -4.039571e+20 1.631813e+41
4.030000e-15 -2.344997e+20 5.499013e+40
4.035000e-15 -6.521877e+19 4.253488e+39
4.040000e-15 1.037110e+20 1.075596e+40
4.045000e-15 2.721153e+20 7.404673e+40
4.050000e-15 4.398209e+20 1.934425e+41
4.055000e-15 6.066557e+20 3.680311e+41
4.060000e-15 7.724486e+20 5.966768e+41
4.065000e-15 9.370300e+20 8.780252e+41
4.070000e-15 1.100232e+21 1.210510e+42
4.075000e-15 1.261888e+21 1.592361e+42
4.080000e-15 1.421834e+21 2.021612e+42
4.085000e-15 1.579908e+21 2.496109e+42
4.090000e-15 1.735949e+21 3.013519e+42
4.095000e-15 1.889800e+21 3.571345e+42
4.100000e-15 2.041307e+21 4.166933e+42
4.105000e-15 2.190316e+21 4.797482e+42
4.110000e-15 2.336678e+21 5.460063e+42
4.115000e-15 2.480247e+21 6.151624e+42
4.120000e-15 2.620879e+21 6.869008e+42
4.125000e-15 2.758435e+21 7.608966e+42
4.130000e-15 2.892779e+21 8.368169e+42
4.135000e-15 3.023776e+21 9.143224e+42
4.140000e-15 3.151299e+21 9.930687e+42
4.145000e-15 3.275222e+21 1.072708e+43
4.150000e-15 3.395423e+21 1.152890e+43
4.155000e-15 3.511786e+21 1.233264e+43
4.160000e-15 3.624197e+21 1.313480e+43
4.165000e-15 3.732547e+21 1.393191e+43
4.170000e-15 3.836733e+21 1.472052e+43
4.175000e-15 3.936655e+21 1.549725e+43
4.180000e-15 4.032217e+21 1.625877e+43
4.185000e-15 4.123329e+21 1.700184e+43
4.190000e-15 4.209906e+21 1.772331e+43
4.195000e-15 4.291866e+21 1.842012e+43
4.200000e-15 4.369135e+21 1.908934e+43
4.205000e-15 4.441641e+21 1.972817e+43
4.210000e-15 4.509318e+21 2.033395e+43
4.215000e-15 4.572107e+21 2.090416e+43
4.220000e-15 4.629952e+21 2.143645e+43
4.225000e-15 4.682802e+21 2.192864e+43
4.230000e-15 4.730614e+21 2.237871e+43
4.235000e-15 4.773348e+21 2.278485e+43
4.240000e-15 4.810970e+21 2.314543e+43
4.245000e-15 4.843451e+21 2.345901e+43
4.250000e-15 4.870768e+21 2.372438e+43
4.255000e-15 4.892903e+21 2.394050e+43
4.260000e-15 4.909845e+21 2.410658e+43
4.265000e-15 4.921586e+21 2.422201e+43
4.270000e-15 4.928125e+21 2.428642e+43
4.275000e-15 4.929466e+21 2.429963e+43
4.280000e-15 4.925618e+21 2.426172e+43
4.285000e-15 4.916597e+21 2.417293e+43
4.290000e-15 4.902423e+21 2.403375e+43
4.295000e-15 4.883120e+21 2.384486e+43
4.300000e-15 4.858721e+21 2.360717e+43
4.305000e-15 4.829262e+21 2.332177e+43
4.310000e-15 4.794784e+21 2.298995e+43
4.315000e-15 4.755333e+21 2.261319e+43
4.320000e-15 4.710962e+21 2.219316e+43
4.325000e-15 4.661727e+21 2.173170e+43
4.330000e-15 4.607690e+21 2.123081e+43
4.335000e-15 4.548919e+21 2.069266e+43
4.340000e-15 4.485484e+21 2.011956e+43
4.345000e-15 4.417462e+21 1.951397e+43
4.350000e-15 4.344934e+21 1.887845e+43
4.355000e-15 4.267985e+21 1.821570e+43
4.360000e-15 4.186707e+21 1.752852e+43
4.365000e-15 4.101193e+21 1.681978e+43
4.370000e-15 4.011542e+21 1.609247e+43
4.375000e-15 3.917857e+21 1.534960e+43
4.380000e-15 3.820245e+21 1.459427e+43
4.385000e-15 3.718817e+21 1.382960e+43
4.390000e-15 3.613689e+21 1.305874e+43
4.395000e-15 3.504977e+21 1.228486e+43
4.400000e-15 3.392805e+21 1.151112e+43
4.405000e-15 3.277297e+21 1.074068e+43
4.410000e-15 3.158583e+21 9.976645e+42
4.415000e-15 3.036794e+21 9.222116e+42
4.420000e-15 2.912065e+21 8.480122e+42
4.425000e-15 2.784534e+21 7.753629e+42
4.430000e-15 2.654341e+21 7.045526e+42
4.435000e-15 2.521629e+21 6.358615e+42
4.440000e-15 2.386544e+21 5.695594e+42
4.445000e-15 2.249233e+21 5.059051e+42
4.450000e-15 2.109846e+21 4.451451e+42
4.455000e-15 1.968535e+21 3.875129e+42
4.460000e-15 1.825452e+21 3.332274e+42
4.465000e-15 1.680753e+21 2.824930e+42
4.470000e-15 1.534594e+21 2.354978e+42
4.475000e-15 1.387133e+21 1.924137e+42
4.480000e-15 1.238528e+21 1.533951e+42
4.485000e-15 1.088939e+21 1.185789e+42
4.490000e-15 9.385275e+20 8.808339e+41
4.495000e-15 7.874532e+20 6.200826e+41
4.500000e-15 6.358779e+20 4.043408e+41
4.505000e-15 4.839633e+20 2.342205e+41
4.510000e-15 3.318710e+20 1.101384e+41
4.515000e-15 1.797627e+20 3.231464e+40
4.520000e-15 2.779979e+19 7.728285e+38
4.525000e-15 -1.238569e+20 1.534053e+40
4.530000e-15 -2.750471e+20 7.565089e+40
4.535000e-15 -4.256112e+20 1.811449e+41
4.540000e-15 -5.753907e+20 3.310744e+41
4.545000e-15 -7.242281e+20 5.245063e+41
4.550000e-15 -8.719672e+20 7.603268e+41
4.555000e-15 -1.018453e+21 1.037247e+42
4.560000e-15 -1.163533e+21 1.353810e+42
4.565000e-15 -1.307056e+21 1.708395e+42
4.570000e-15 -1.448872e+21 2.099229e+42
4.575000e-15 -1.588833e+21 2.524390e+42
4.580000e-15 -1.726795e+21 2.981820e+42
4.585000e-15 -1.862614e+21 3.469332e+42
4.590000e-15 -1.996151e+21 3.984621e+42
4.595000e-15 -2.127269e+21 4.525271e+42
4.600000e-15 -2.255831e+21 5.088773e+42
4.605000e-15 -2.381707e+21 5.672526e+42
4.610000e-15 -2.504767e+21 6.273857e+42
4.615000e-15 -2.624887e+21 6.890029e+42
4.620000e-15 -2.741943e+21 7.518252e+42
4.625000e-15 -2.855818e+21 8.155697e+42
4.630000e-15 -2.966396e+21 8.799507e+42
4.635000e-15 -3.073567e+21 9.446811e+42
4.640000e-15 -3.177221e+21 1.009473e+43
4.645000e-15 -3.277256e+21 1.074041e+43
4.650000e-15 -3.373572e+21 1.138099e+43
4.655000e-15 -3.466074e+21 1.201367e+43
4.660000e-15 -3.554671e+21 1.263568e+43
4.665000e-15 -3.639274e+21 1.324432e+43
4.670000e-15 -3.719803e+21 1.383693e+43
4.675000e-15 -3.796179e+21 1.441097e+43
4.680000e-15 -3.868328e+21 1.496396e+43
4.685000e-15 -3.936182e+21 1.549353e+43
4.690000e-15 -3.999676e+21 1.599741e+43
4.695000e-15 -4.058751e+21 1.647346e+43
4.700000e-15 -4.113353e+21 1.691968e+43
4.705000e-15 -4.163432e+21 1.733417e+43
4.710000e-15 -4.208943e+21 1.771520e+43
4.715000e-15 -4.249847e+21 1.806120e+43
4.720000e-15 -4.286107e+21 1.837072e+43
4.725000e-15 -4.317696e+21 1.864249e+43
4.730000e-15 -4.344587e+21 1.887543e+43
4.735000e-15 -4.366761e+21 1.906860e+43
4.740000e-15 -4.384204e+21 1.922124e+43
4.745000e-15 -4.396905e+21 1.933277e+43
4.750000e-15 -4.404861e+21 1.940280e+43
4.755000e-15 -4.408072e+21 1.943110e+43
4.760000e-15 -4.406543e+21 1.941762e+43
4.765000e-15 -4.400286e+21 1.936252e+43
4.770000e-15 -4.389316e+21 1.926609e+43
4.775000e-15 -4.373654e+21 1.912885e+43
4.780000e-15 -4.353325e+21 1.895144e+43
4.785000e-15 -4.328361e+21 1.873471e+43
4.790000e-15 -4.298796e+21 1.847965e+43
4.795000e-15 -4.264672e+21 1.818743e+43
4.800000e-15 -4.226034e+21 1.785936e+43
4.805000e-15 -4.182931e+21 1.749691e+43
4.810000e-15 -4.135419e+21 1.710169e+43
4.815000e-15 -4.083556e+21 1.667543e+43
4.820000e-15 -4.027407e+21 1.622001e+43
4.825000e-15 -3.967041e+21 1.573741e+43
4.830000e-15 -3.902529e+21 1.522973e+43
4.835000e-15 -3.833949e+21 1.469917e+43
4.840000e-15 -3.761383e+21 1.414800e+43
4.845000e-15 -3.684915e+21 1.357860e+43
4.850000e-15 -3.604637e+21 1.299340e+43
4.855000e-15 -3.520640e+21 1.239490e+43
4.860000e-15 -3.433022e+21 1.178564e+43
4.865000e-15 -3.341884e+21 1.116819e+43
4.870000e-15 -3.247331e+21 1.054516e+43
4.875000e-15 -3.149472e+21 9.919172e+42
4.880000e-15 -3.048416e+21 9.292842e+42
4.885000e-15 -2.944280e+21 8.668786e+42
4.890000e-15 -2.837181e+21 8.049597e+42
4.895000e-15 -2.727240e+21 7.437838e+42
4.900000e-15 -2.614580e+21 6.836030e+42
4.905000e-15 -2.499328e+21 6.246642e+42
4.910000e-15 -2.381613e+21 5.672083e+42
4.915000e-15 -2.261567e+21 5.114684e+42
4.920000e-15 -2.139322e+21 4.576698e+42
4.925000e-15 -2.015015e+21 4.060285e+42
4.930000e-15 -1.888783e+21 3.567503e+42
4.935000e-15 -1.760767e+21 3.100301e+42
4.940000e-15 -1.631108e+21 2.660512e+42
4.945000e-15 -1.499947e+21 2.249842e+42
4.950000e-15 -1.367430e+21 1.869866e+42
4.955000e-15 -1.233703e+21 1.522023e+42
4.960000e-15 -1.098911e+21 1.207605e+42
4.965000e-15 -9.632018e+20 9.277577e+41
4.970000e-15 -8.267239e+20 6.834725e+41
4.975000e-15 -6.896260e+20 4.755841e+41
4.980000e-15 -5.520572e+20 3.047671e+41
4.985000e-15 -4.141668e+20 1.715342e+41
4.990000e-15 -2.761045e+20 7.623370e+40
4.995000e-15 -1.380196e+20 1.904942e+40
5.000000e-15 -6.144247e+16 3.775177e+33
