0.000000 nan nan
0.010000 5.651480e-01 3.193923e-01
0.020000 5.649654e-01 3.191859e-01
0.030000 5.646612e-01 3.188423e-01
0.040000 5.642354e-01 3.183616e-01
0.050000 5.636883e-01 3.177445e-01
0.060000 5.630200e-01 3.169915e-01
0.070000 5.622308e-01 3.161035e-01
0.080000 5.613211e-01 3.150813e-01
0.090000 5.602911e-01 3.139261e-01
0.100000 5.591412e-01 3.126389e-01
0.110000 5.578720e-01 3.112212e-01
0.120000 5.564839e-01 3.096743e-01
0.130000 5.549774e-01 3.079999e-01
0.140000 5.533531e-01 3.061997e-01
0.150000 5.516117e-01 3.042755e-01
0.160000 5.497538e-01 3.022293e-01
0.170000 5.477802e-01 3.000631e-01
0.180000 5.456915e-01 2.977793e-01
0.190000 5.434887e-01 2.953800e-01
0.200000 5.411726e-01 2.928677e-01
0.210000 5.387439e-01 2.902450e-01
0.220000 5.362038e-01 2.875145e-01
0.230000 5.335532e-01 2.846790e-01
0.240000 5.307930e-01 2.817412e-01
0.250000 5.279244e-01 2.787042e-01
0.260000 5.249485e-01 2.755709e-01
0.270000 5.218664e-01 2.723445e-01
0.280000 5.186792e-01 2.690282e-01
0.290000 5.153883e-01 2.656251e-01
0.300000 5.119949e-01 2.621388e-01
0.310000 5.085002e-01 2.585725e-01
0.320000 5.049057e-01 2.549297e-01
0.330000 5.012126e-01 2.512141e-01
0.340000 4.974225e-01 2.474291e-01
0.350000 4.935367e-01 2.435785e-01
0.360000 4.895567e-01 2.396658e-01
0.370000 4.854842e-01 2.356949e-01
0.380000 4.813205e-01 2.316694e-01
0.390000 4.770673e-01 2.275932e-01
0.400000 4.727262e-01 2.234701e-01
0.410000 4.682989e-01 2.193039e-01
0.420000 4.637871e-01 2.150985e-01
0.430000 4.591924e-01 2.108577e-01
0.440000 4.545166e-01 2.065853e-01
0.450000 4.497614e-01 2.022854e-01
0.460000 4.449288e-01 1.979616e-01
0.470000 4.400204e-01 1.936179e-01
0.480000 4.350381e-01 1.892581e-01
0.490000 4.299838e-01 1.848861e-01
0.500000 4.248595e-01 1.805056e-01
0.510000 4.196670e-01 1.761204e-01
0.520000 4.144082e-01 1.717342e-01
0.530000 4.090852e-01 1.673507e-01
0.540000 4.036999e-01 1.629736e-01
0.550000 3.982543e-01 1.586065e-01
0.560000 3.927506e-01 1.542530e-01
0.570000 3.871906e-01 1.499165e-01
0.580000 3.815765e-01 1.456006e-01
0.590000 3.759103e-01 1.413086e-01
0.600000 3.701942e-01 1.370437e-01
0.610000 3.644302e-01 1.328094e-01
0.620000 3.586205e-01 1.286087e-01
0.630000 3.527673e-01 1.244447e-01
0.640000 3.468725e-01 1.203206e-01
0.650000 3.409385e-01 1.162391e-01
0.660000 3.349674e-01 1.122032e-01
0.670000 3.289613e-01 1.082155e-01
0.680000 3.229225e-01 1.042789e-01
0.690000 3.168531e-01 1.003959e-01
0.700000 3.107553e-01 9.656885e-02
0.710000 3.046313e-01 9.280025e-02
0.720000 2.984834e-01 8.909234e-02
0.730000 2.923137e-01 8.544730e-02
0.740000 2.861245e-01 8.186721e-02
0.750000 2.799179e-01 7.835402e-02
0.760000 2.736962e-01 7.490959e-02
0.770000 2.674615e-01 7.153566e-02
0.780000 2.612161e-01 6.823388e-02
0.790000 2.549623e-01 6.500576e-02
0.800000 2.487021e-01 6.185273e-02
0.810000 2.424378e-01 5.877608e-02
0.820000 2.361716e-01 5.577701e-02
0.830000 2.299056e-01 5.285658e-02
0.840000 2.236421e-01 5.001577e-02
0.850000 2.173831e-01 4.725542e-02
0.860000 2.111309e-01 4.457627e-02
0.870000 2.048876e-01 4.197895e-02
0.880000 1.986554e-01 3.946397e-02
0.890000 1.924363e-01 3.703173e-02
0.900000 1.862325e-01 3.468254e-02
0.910000 1.800460e-01 3.241657e-02
0.920000 1.738790e-01 3.023391e-02
0.930000 1.677335e-01 2.813453e-02
0.940000 1.616116e-01 2.611830e-02
0.950000 1.555152e-01 2.418497e-02
0.960000 1.494464e-01 2.233423e-02
0.970000 1.434072e-01 2.056563e-02
0.980000 1.373996e-01 1.887865e-02
0.990000 1.314255e-01 1.727266e-02
1.000000 1.254868e-01 1.574694e-02
1.010000 1.195855e-01 1.430068e-02
1.020000 1.137233e-01 1.293300e-02
1.030000 1.079023e-01 1.164291e-02
1.040000 1.021242e-01 1.042935e-02
1.050000 9.639079e-02 9.291185e-03
1.060000 9.070390e-02 8.227197e-03
1.070000 8.506527e-02 7.236100e-03
1.080000 7.947662e-02 6.316533e-03
1.090000 7.393965e-02 5.467072e-03
1.100000 6.845604e-02 4.686229e-03
1.110000 6.302741e-02 3.972454e-03
1.120000 5.765537e-02 3.324142e-03
1.130000 5.234151e-02 2.739634e-03
1.140000 4.708737e-02 2.217220e-03
1.150000 4.189445e-02 1.755145e-03
1.160000 3.676425e-02 1.351610e-03
1.170000 3.169820e-02 1.004776e-03
1.180000 2.669771e-02 7.127680e-04
1.190000 2.176418e-02 4.736794e-04
1.200000 1.689893e-02 2.855737e-04
1.210000 1.210327e-02 1.464892e-04
1.220000 7.378482e-03 5.444199e-05
1.230000 2.725791e-03 7.429937e-06
1.240000 -1.853602e-03 3.435840e-06
1.250000 -6.358537e-03 4.043100e-05
1.260000 -1.078789e-02 1.163786e-04
1.270000 -1.514058e-02 2.292372e-04
1.280000 -1.941556e-02 3.769640e-04
1.290000 -2.361182e-02 5.575182e-04
1.300000 -2.772840e-02 7.688640e-04
1.310000 -3.176436e-02 1.008974e-03
1.320000 -3.571881e-02 1.275833e-03
1.330000 -3.959091e-02 1.567440e-03
1.340000 -4.337985e-02 1.881811e-03
1.350000 -4.708485e-02 2.216983e-03
1.360000 -5.070520e-02 2.571017e-03
1.370000 -5.424019e-02 2.941998e-03
1.380000 -5.768919e-02 3.328043e-03
1.390000 -6.105160e-02 3.727297e-03
1.400000 -6.432683e-02 4.137941e-03
1.410000 -6.751438e-02 4.558192e-03
1.420000 -7.061376e-02 4.986303e-03
1.430000 -7.362453e-02 5.420571e-03
1.440000 -7.654628e-02 5.859334e-03
1.450000 -7.937867e-02 6.300974e-03
1.460000 -8.212138e-02 6.743921e-03
1.470000 -8.477413e-02 7.186652e-03
1.480000 -8.733668e-02 7.627696e-03
1.490000 -8.980885e-02 8.065629e-03
1.500000 -9.219048e-02 8.499085e-03
1.510000 -9.448147e-02 8.926747e-03
1.520000 -9.668174e-02 9.347358e-03
1.530000 -9.879126e-02 9.759713e-03
1.540000 -1.008101e-01 1.016267e-02
1.550000 -1.027382e-01 1.055513e-02
1.560000 -1.045757e-01 1.093608e-02
1.570000 -1.063228e-01 1.130453e-02
1.580000 -1.079796e-01 1.165959e-02
1.590000 -1.095463e-01 1.200039e-02
1.600000 -1.110232e-01 1.232615e-02
1.610000 -1.124106e-01 1.263614e-02
1.620000 -1.137088e-01 1.292969e-02
1.630000 -1.149181e-01 1.320618e-02
1.640000 -1.160391e-01 1.346507e-02
1.650000 -1.170720e-01 1.370586e-02
1.660000 -1.180175e-01 1.392812e-02
1.670000 -1.188759e-01 1.413149e-02
1.680000 -1.196480e-01 1.431564e-02
1.690000 -1.203342e-01 1.448031e-02
1.700000 -1.209352e-01 1.462531e-02
1.710000 -1.214516e-01 1.475048e-02
1.720000 -1.218841e-01 1.485574e-02
1.730000 -1.222336e-01 1.494104e-02
1.740000 -1.225006e-01 1.500640e-02
1.750000 -1.226861e-01 1.505188e-02
1.760000 -1.227908e-01 1.507759e-02
1.770000 -1.228157e-01 1.508369e-02
1.780000 -1.227615e-01 1.507038e-02
1.790000 -1.226292e-01 1.503793e-02
1.800000 -1.224199e-01 1.498663e-02
1.810000 -1.221344e-01 1.491680e-02
1.820000 -1.217737e-01 1.482884e-02
1.830000 -1.213390e-01 1.472314e-02
1.840000 -1.208312e-01 1.460017e-02
1.850000 -1.202514e-01 1.446041e-02
1.860000 -1.196009e-01 1.430437e-02
1.870000 -1.188806e-01 1.413261e-02
1.880000 -1.180919e-01 1.394570e-02
1.890000 -1.172359e-01 1.374425e-02
1.900000 -1.163137e-01 1.352888e-02
1.910000 -1.153267e-01 1.330024e-02
1.920000 -1.142761e-01 1.305902e-02
1.930000 -1.131631e-01 1.280590e-02
1.940000 -1.119892e-01 1.254158e-02
1.950000 -1.107556e-01 1.226680e-02
1.960000 -1.094636e-01 1.198228e-02
1.970000 -1.081146e-01 1.168877e-02
1.980000 -1.067101e-01 1.138704e-02
1.990000 -1.052513e-01 1.107783e-02
2.000000 -1.037397e-01 1.076192e-02
2.010000 -1.021767e-01 1.044008e-02
2.020000 -1.005638e-01 1.011308e-02
2.030000 -9.890244e-02 9.781692e-03
2.040000 -9.719403e-02 9.446680e-03
2.050000 -9.544008e-02 9.108809e-03
2.060000 -9.364208e-02 8.768840e-03
2.070000 -9.180153e-02 8.427521e-03
2.080000 -8.991993e-02 8.085594e-03
2.090000 -8.799881e-02 7.743791e-03
2.100000 -8.603968e-02 7.402827e-03
2.110000 -8.404409e-02 7.063409e-03
2.120000 -8.201357e-02 6.726225e-03
2.130000 -7.994965e-02 6.391947e-03
2.140000 -7.785390e-02 6.061230e-03
2.150000 -7.572787e-02 5.734710e-03
2.160000 -7.357310e-02 5.413001e-03
2.170000 -7.139116e-02 5.096697e-03
2.180000 -6.918360e-02 4.786370e-03
2.190000 -6.695198e-02 4.482568e-03
2.200000 -6.469787e-02 4.185814e-03
2.210000 -6.242281e-02 3.896608e-03
2.220000 -6.012837e-02 3.615421e-03
2.230000 -5.781610e-02 3.342701e-03
2.240000 -5.548754e-02 3.078867e-03
2.250000 -5.314425e-02 2.824311e-03
2.260000 -5.078776e-02 2.579396e-03
2.270000 -4.841960e-02 2.344458e-03
2.280000 -4.604131e-02 2.119802e-03
2.290000 -4.365441e-02 1.905707e-03
2.300000 -4.126040e-02 1.702420e-03
2.310000 -3.886079e-02 1.510161e-03
2.320000 -3.645708e-02 1.329118e-03
2.330000 -3.405074e-02 1.159453e-03
2.340000 -3.164326e-02 1.001296e-03
2.350000 -2.923609e-02 8.547488e-04
2.360000 -2.683068e-02 7.198852e-04
2.370000 -2.442846e-02 5.967498e-04
2.380000 -2.203087e-02 4.853591e-04
2.390000 -1.963930e-02 3.857020e-04
2.400000 -1.725515e-02 2.977401e-04
2.410000 -1.487979e-02 2.214082e-04
2.420000 -1.251459e-02 1.566150e-04
2.430000 -1.016089e-02 1.032437e-04
2.440000 -7.820011e-03 6.115257e-05
2.450000 -5.493266e-03 3.017597e-05
2.460000 -3.181943e-03 1.012476e-05
2.470000 -8.873099e-04 7.873188e-07
2.480000 1.389382e-03 1.930383e-06
2.490000 3.646904e-03 1.329991e-05
2.500000 5.884047e-03 3.462201e-05
2.510000 8.099625e-03 6.560392e-05
2.520000 1.029247e-02 1.059350e-04
2.530000 1.246145e-02 1.552876e-04
2.540000 1.460543e-02 2.133184e-04
2.550000 1.672332e-02 2.796693e-04
2.560000 1.881404e-02 3.539682e-04
2.570000 2.087656e-02 4.358308e-04
2.580000 2.290984e-02 5.248609e-04
2.590000 2.491289e-02 6.206521e-04
2.600000 2.688473e-02 7.227887e-04
2.610000 2.882442e-02 8.308469e-04
2.620000 3.073102e-02 9.443958e-04
2.630000 3.260366e-02 1.062999e-03
2.640000 3.444145e-02 1.186214e-03
2.650000 3.624356e-02 1.313596e-03
2.660000 3.800918e-02 1.444698e-03
2.670000 3.973751e-02 1.579070e-03
2.680000 4.142779e-02 1.716262e-03
2.690000 4.307930e-02 1.855826e-03
2.700000 4.469134e-02 1.997316e-03
2.710000 4.626322e-02 2.140285e-03
2.720000 4.779430e-02 2.284295e-03
2.730000 4.928396e-02 2.428909e-03
2.740000 5.073163e-02 2.573698e-03
2.750000 5.213672e-02 2.718238e-03
2.760000 5.349873e-02 2.862114e-03
2.770000 5.481713e-02 3.004918e-03
2.780000 5.609147e-02 3.146253e-03
2.790000 5.732130e-02 3.285731e-03
2.800000 5.850620e-02 3.422975e-03
2.810000 5.964579e-02 3.557621e-03
2.820000 6.073972e-02 3.689314e-03
2.830000 6.178767e-02 3.817716e-03
2.840000 6.278932e-02 3.942499e-03
2.850000 6.374443e-02 4.063352e-03
2.860000 6.465274e-02 4.179977e-03
2.870000 6.551406e-02 4.292092e-03
2.880000 6.632819e-02 4.399429e-03
2.890000 6.709500e-02 4.501740e-03
2.900000 6.781436e-02 4.598788e-03
2.910000 6.848618e-02 4.690356e-03
2.920000 6.911038e-02 4.776245e-03
2.930000 6.968694e-02 4.856270e-03
2.940000 7.021585e-02 4.930266e-03
2.950000 7.069713e-02 4.998084e-03
2.960000 7.113081e-02 5.059593e-03
2.970000 7.151699e-02 5.114680e-03
2.980000 7.185576e-02 5.163250e-03
2.990000 7.214724e-02 5.205225e-03
3.000000 7.239161e-02 5.240545e-03
3.010000 7.258903e-02 5.269167e-03
3.020000 7.273972e-02 5.291066e-03
3.030000 7.284390e-02 5.306234e-03
3.040000 7.290185e-02 5.314680e-03
3.050000 7.291385e-02 5.316429e-03
3.060000 7.288020e-02 5.311524e-03
3.070000 7.280124e-02 5.300021e-03
3.080000 7.267733e-02 5.281995e-03
3.090000 7.250886e-02 5.257534e-03
3.100000 7.229622e-02 5.226743e-03
3.110000 7.203984e-02 5.189739e-03
3.120000 7.174019e-02 5.146654e-03
3.130000 7.139772e-02 5.097635e-03
3.140000 7.101294e-02 5.042838e-03
3.150000 7.058637e-02 4.982435e-03
3.160000 7.011853e-02 4.916608e-03
3.170000 6.960999e-02 4.845551e-03
3.180000 6.906133e-02 4.769468e-03
3.190000 6.847315e-02 4.688572e-03
3.200000 6.784605e-02 4.603087e-03
3.210000 6.718068e-02 4.513244e-03
3.220000 6.647769e-02 4.419283e-03
3.230000 6.573774e-02 4.321451e-03
3.240000 6.496154e-02 4.220001e-03
3.250000 6.414977e-02 4.115193e-03
3.260000 6.330317e-02 4.007291e-03
3.270000 6.242246e-02 3.896563e-03
3.280000 6.150840e-02 3.783283e-03
3.290000 6.056175e-02 3.667726e-03
3.300000 5.958330e-02 3.550170e-03
3.310000 5.857383e-02 3.430894e-03
3.320000 5.753416e-02 3.310179e-03
3.330000 5.646509e-02 3.188307e-03
3.340000 5.536747e-02 3.065556e-03
3.350000 5.424212e-02 2.942208e-03
3.360000 5.308991e-02 2.818538e-03
3.370000 5.191169e-02 2.694824e-03
3.380000 5.070834e-02 2.571336e-03
3.390000 4.948074e-02 2.448343e-03
3.400000 4.822977e-02 2.326111e-03
3.410000 4.695634e-02 2.204898e-03
3.420000 4.566135e-02 2.084959e-03
3.430000 4.434571e-02 1.966542e-03
3.440000 4.301034e-02 1.849889e-03
3.450000 4.165616e-02 1.735235e-03
3.460000 4.028410e-02 1.622809e-03
3.470000 3.889510e-02 1.512829e-03
3.480000 3.749009e-02 1.405507e-03
3.490000 3.607002e-02 1.301046e-03
3.500000 3.463582e-02 1.199640e-03
3.510000 3.318846e-02 1.101474e-03
3.520000 3.172886e-02 1.006721e-03
3.530000 3.025799e-02 9.155460e-04
3.540000 2.877680e-02 8.281040e-04
3.550000 2.728623e-02 7.445381e-04
3.560000 2.578723e-02 6.649814e-04
3.570000 2.428077e-02 5.895557e-04
3.580000 2.276778e-02 5.183718e-04
3.590000 2.124921e-02 4.515291e-04
3.600000 1.972601e-02 3.891156e-04
3.610000 1.819912e-02 3.312081e-04
3.620000 1.666948e-02 2.778716e-04
3.630000 1.513802e-02 2.291597e-04
3.640000 1.360567e-02 1.851143e-04
3.650000 1.207336e-02 1.457660e-04
3.660000 1.054200e-02 1.111338e-04
3.670000 9.012518e-03 8.122548e-05
3.680000 7.485811e-03 5.603737e-05
3.690000 5.962784e-03 3.555479e-05
3.700000 4.444328e-03 1.975205e-05
3.710000 2.931331e-03 8.592700e-06
3.720000 1.424669e-03 2.029682e-06
3.730000 -7.478813e-05 5.593264e-09
3.740000 -1.566181e-03 2.452923e-06
3.750000 -3.048659e-03 9.294324e-06
3.760000 -4.521383e-03 2.044290e-05
3.770000 -5.983521e-03 3.580253e-05
3.780000 -7.434256e-03 5.526816e-05
3.790000 -8.872779e-03 7.872620e-05
3.800000 -1.029829e-02 1.060548e-04
3.810000 -1.171001e-02 1.371244e-04
3.820000 -1.310717e-02 1.717979e-04
3.830000 -1.448900e-02 2.099311e-04
3.840000 -1.585476e-02 2.513735e-04
3.850000 -1.720372e-02 2.959679e-04
3.860000 -1.853515e-02 3.435518e-04
3.870000 -1.984836e-02 3.939573e-04
3.880000 -2.114264e-02 4.470113e-04
3.890000 -2.241733e-02 5.025369e-04
3.900000 -2.367177e-02 5.603527e-04
3.910000 -2.490530e-02 6.202741e-04
3.920000 -2.611731e-02 6.821137e-04
3.930000 -2.730716e-02 7.456811e-04
3.940000 -2.847428e-02 8.107844e-04
3.950000 -2.961806e-02 8.772298e-04
3.960000 -3.073796e-02 9.448224e-04
3.970000 -3.183342e-02 1.013367e-03
3.980000 -3.290392e-02 1.082668e-03
3.990000 -3.394893e-02 1.152530e-03
4.000000 -3.496796e-02 1.222758e-03
4.010000 -3.596053e-02 1.293160e-03
4.020000 -3.692619e-02 1.363543e-03
4.030000 -3.786449e-02 1.433719e-03
4.040000 -3.877500e-02 1.503501e-03
4.050000 -3.965733e-02 1.572704e-03
4.060000 -4.051108e-02 1.641148e-03
4.070000 -4.133589e-02 1.708656e-03
4.080000 -4.213140e-02 1.775055e-03
4.090000 -4.289729e-02 1.840177e-03
4.100000 -4.363324e-02 1.903860e-03
4.110000 -4.433896e-02 1.965944e-03
4.120000 -4.501418e-02 2.026277e-03
4.130000 -4.565865e-02 2.084712e-03
4.140000 -4.627212e-02 2.141109e-03
4.150000 -4.685438e-02 2.195333e-03
4.160000 -4.740524e-02 2.247257e-03
4.170000 -4.792452e-02 2.296760e-03
4.180000 -4.841206e-02 2.343728e-03
4.190000 -4.886772e-02 2.388055e-03
4.200000 -4.929139e-02 2.429641e-03
4.210000 -4.968296e-02 2.468397e-03
4.220000 -5.004236e-02 2.504238e-03
4.230000 -5.036952e-02 2.537089e-03
4.240000 -5.066440e-02 2.566881e-03
4.250000 -5.092698e-02 2.593557e-03
4.260000 -5.115725e-02 2.617065e-03
4.270000 -5.135524e-02 2.637361e-03
4.280000 -5.152097e-02 2.654410e-03
4.290000 -5.165449e-02 2.668187e-03
4.300000 -5.175589e-02 2.678672e-03
4.310000 -5.182524e-02 2.685856e-03
4.320000 -5.186267e-02 2.689736e-03
4.330000 -5.186828e-02 2.690319e-03
4.340000 -5.184224e-02 2.687618e-03
4.350000 -5.178470e-02 2.681655e-03
4.360000 -5.169584e-02 2.672460e-03
4.370000 -5.157586e-02 2.660070e-03
4.380000 -5.142498e-02 2.644529e-03
4.390000 -5.124343e-02 2.625889e-03
4.400000 -5.103146e-02 2.604210e-03
4.410000 -5.078933e-02 2.579556e-03
4.420000 -5.051733e-02 2.552001e-03
4.430000 -5.021576e-02 2.521623e-03
4.440000 -4.988493e-02 2.488507e-03
4.450000 -4.952518e-02 2.452743e-03
4.460000 -4.913685e-02 2.414430e-03
4.470000 -4.872030e-02 2.373667e-03
4.480000 -4.827590e-02 2.330563e-03
4.490000 -4.780406e-02 2.285228e-03
4.500000 -4.730518e-02 2.237780e-03
4.510000 -4.677967e-02 2.188338e-03
4.520000 -4.622798e-02 2.137026e-03
4.530000 -4.565054e-02 2.083972e-03
4.540000 -4.504783e-02 2.029307e-03
4.550000 -4.442030e-02 1.973163e-03
4.560000 -4.376845e-02 1.915678e-03
4.570000 -4.309279e-02 1.856988e-03
4.580000 -4.239380e-02 1.797235e-03
4.590000 -4.167203e-02 1.736558e-03
4.600000 -4.092800e-02 1.675101e-03
4.610000 -4.016225e-02 1.613007e-03
4.620000 -3.937535e-02 1.550418e-03
4.630000 -3.856784e-02 1.487479e-03
4.640000 -3.774032e-02 1.424332e-03
4.650000 -3.689335e-02 1.361120e-03
4.660000 -3.602754e-02 1.297984e-03
4.670000 -3.514348e-02 1.235064e-03
4.680000 -3.424179e-02 1.172500e-03
4.690000 -3.332307e-02 1.110427e-03
4.700000 -3.238796e-02 1.048980e-03
4.710000 -3.143709e-02 9.882906e-04
4.720000 -3.047109e-02 9.284872e-04
4.730000 -2.949060e-02 8.696957e-04
4.740000 -2.849629e-02 8.120384e-04
4.750000 -2.748879e-02 7.556338e-04
4.760000 -2.646879e-02 7.005966e-04
4.770000 -2.543693e-02 6.470373e-04
4.780000 -2.439389e-02 5.950617e-04
4.790000 -2.334034e-02 5.447714e-04
4.800000 -2.227696e-02 4.962629e-04
4.810000 -2.120443e-02 4.496277e-04
4.820000 -2.012343e-02 4.049523e-04
4.830000 -1.903464e-02 3.623176e-04
4.840000 -1.793876e-02 3.217991e-04
4.850000 -1.683646e-02 2.834666e-04
4.860000 -1.572845e-02 2.473841e-04
4.870000 -1.461540e-02 2.136100e-04
4.880000 -1.349801e-02 1.821963e-04
4.890000 -1.237697e-02 1.531893e-04
4.900000 -1.125296e-02 1.266290e-04
4.910000 -1.012667e-02 1.025494e-04
4.920000 -8.998789e-03 8.097821e-05
4.930000 -7.870003e-03 6.193695e-05
4.940000 -6.740992e-03 4.544097e-05
4.950000 -5.612436e-03 3.149943e-05
4.960000 -4.485010e-03 2.011532e-05
4.970000 -3.359390e-03 1.128550e-05
4.980000 -2.236242e-03 5.000780e-06
4.990000 -1.116234e-03 1.245979e-06
5.000000 -2.645369e-08 6.997977e-16
5.010000 1.111726e-03 1.235934e-06
5.020000 2.218371e-03 4.921171e-06
5.030000 3.319265e-03 1.101752e-05
5.040000 4.413768e-03 1.948134e-05
5.050000 5.501246e-03 3.026371e-05
5.060000 6.581075e-03 4.331055e-05
5.070000 7.652634e-03 5.856281e-05
5.080000 8.715312e-03 7.595666e-05
5.090000 9.768504e-03 9.542366e-05
5.100000 1.081161e-02 1.168910e-04
5.110000 1.184405e-02 1.402816e-04
5.120000 1.286524e-02 1.655145e-04
5.130000 1.387461e-02 1.925048e-04
5.140000 1.487160e-02 2.211644e-04
5.150000 1.585565e-02 2.514017e-04
5.160000 1.682623e-02 2.831220e-04
5.170000 1.778280e-02 3.162280e-04
5.180000 1.872484e-02 3.506197e-04
5.190000 1.965184e-02 3.861949e-04
5.200000 2.056330e-02 4.228494e-04
5.210000 2.145873e-02 4.604772e-04
5.220000 2.233765e-02 4.989708e-04
5.230000 2.319960e-02 5.382216e-04
5.240000 2.404412e-02 5.781199e-04
5.250000 2.487077e-02 6.185554e-04
5.260000 2.567912e-02 6.594175e-04
5.270000 2.646876e-02 7.005951e-04
5.280000 2.723927e-02 7.419777e-04
5.290000 2.799026e-02 7.834549e-04
5.300000 2.872137e-02 8.249169e-04
5.310000 2.943221e-02 8.662550e-04
5.320000 3.012244e-02 9.073616e-04
5.330000 3.079173e-02 9.481304e-04
5.340000 3.143973e-02 9.884569e-04
5.350000 3.206616e-02 1.028238e-03
5.360000 3.267069e-02 1.067374e-03
5.370000 3.325307e-02 1.105766e-03
5.380000 3.381300e-02 1.143319e-03
5.390000 3.435025e-02 1.179940e-03
5.400000 3.486457e-02 1.215538e-03
5.410000 3.535573e-02 1.250028e-03
5.420000 3.582352e-02 1.283325e-03
5.430000 3.626776e-02 1.315350e-03
5.440000 3.668824e-02 1.346027e-03
5.450000 3.708482e-02 1.375284e-03
5.460000 3.745733e-02 1.403052e-03
5.470000 3.780564e-02 1.429267e-03
5.480000 3.812963e-02 1.453869e-03
5.490000 3.842919e-02 1.476803e-03
5.500000 3.870423e-02 1.498017e-03
5.510000 3.895466e-02 1.517466e-03
5.520000 3.918043e-02 1.535106e-03
5.530000 3.938150e-02 1.550902e-03
5.540000 3.955781e-02 1.564821e-03
5.550000 3.970937e-02 1.576834e-03
5.560000 3.983616e-02 1.586920e-03
5.570000 3.993820e-02 1.595060e-03
5.580000 4.001552e-02 1.601242e-03
5.590000 4.006815e-02 1.605456e-03
5.600000 4.009615e-02 1.607701e-03
5.610000 4.009958e-02 1.607977e-03
5.620000 4.007855e-02 1.606290e-03
5.630000 4.003313e-02 1.602652e-03
5.640000 3.996346e-02 1.597078e-03
5.650000 3.986964e-02 1.589588e-03
5.660000 3.975183e-02 1.580208e-03
5.670000 3.961018e-02 1.568966e-03
5.680000 3.944485e-02 1.555897e-03
5.690000 3.925604e-02 1.541037e-03
5.700000 3.904393e-02 1.524428e-03
5.710000 3.880873e-02 1.506118e-03
5.720000 3.855067e-02 1.486154e-03
5.730000 3.826998e-02 1.464591e-03
5.740000 3.796690e-02 1.441485e-03
5.750000 3.764170e-02 1.416897e-03
5.760000 3.729465e-02 1.390891e-03
5.770000 3.692603e-02 1.363532e-03
5.780000 3.653614e-02 1.334889e-03
5.790000 3.612529e-02 1.305036e-03
5.800000 3.569379e-02 1.274047e-03
5.810000 3.524198e-02 1.241997e-03
5.820000 3.477020e-02 1.208967e-03
5.830000 3.427880e-02 1.175036e-03
5.840000 3.376814e-02 1.140288e-03
5.850000 3.323861e-02 1.104805e-03
5.860000 3.269057e-02 1.068673e-03
5.870000 3.212443e-02 1.031979e-03
5.880000 3.154058e-02 9.948082e-04
5.890000 3.093944e-02 9.572491e-04
5.900000 3.032144e-02 9.193895e-04
5.910000 2.968699e-02 8.813173e-04
5.920000 2.903654e-02 8.431206e-04
5.930000 2.837053e-02 8.048872e-04
5.940000 2.768943e-02 7.667044e-04
5.950000 2.699368e-02 7.286588e-04
5.960000 2.628376e-02 6.908362e-04
5.970000 2.556015e-02 6.533213e-04
5.980000 2.482333e-02 6.161976e-04
5.990000 2.407378e-02 5.795470e-04
6.000000 2.331201e-02 5.434498e-04
6.010000 2.253851e-02 5.079844e-04
6.020000 2.175379e-02 4.732274e-04
6.030000 2.095836e-02 4.392530e-04
6.040000 2.015274e-02 4.061331e-04
6.050000 1.933745e-02 3.739372e-04
6.060000 1.851302e-02 3.427319e-04
6.070000 1.767997e-02 3.125812e-04
6.080000 1.683883e-02 2.835462e-04
6.090000 1.599015e-02 2.556848e-04
6.100000 1.513445e-02 2.290516e-04
6.110000 1.427229e-02 2.036983e-04
6.120000 1.340420e-02 1.796726e-04
6.130000 1.253073e-02 1.570193e-04
6.140000 1.165243e-02 1.357792e-04
6.150000 1.076985e-02 1.159897e-04
6.160000 9.883531e-03 9.768418e-05
6.170000 8.994026e-03 8.089250e-05
6.180000 8.101886e-03 6.564056e-05
6.190000 7.207661e-03 5.195037e-05
6.200000 6.311900e-03 3.984008e-05
6.210000 5.415153e-03 2.932388e-05
6.220000 4.517967e-03 2.041203e-05
6.230000 3.620890e-03 1.311084e-05
6.240000 2.724466e-03 7.422714e-06
6.250000 1.829238e-03 3.346112e-06
6.260000 9.357480e-04 8.756242e-07
6.270000 4.453329e-05 1.983214e-09
6.280000 -8.438704e-04 7.121173e-07
6.290000 -1.728931e-03 2.989202e-06
6.300000 -2.610120e-03 6.812725e-06
6.310000 -3.486912e-03 1.215855e-05
6.320000 -4.358786e-03 1.899902e-05
6.330000 -5.225227e-03 2.730300e-05
6.340000 -6.085722e-03 3.703602e-05
6.350000 -6.939765e-03 4.816034e-05
6.360000 -7.786855e-03 6.063511e-05
6.370000 -8.626495e-03 7.441641e-05
6.380000 -9.458195e-03 8.945745e-05
6.390000 -1.028147e-02 1.057087e-04
6.400000 -1.109585e-02 1.231178e-04
6.410000 -1.190085e-02 1.416302e-04
6.420000 -1.269602e-02 1.611888e-04
6.430000 -1.348089e-02 1.817344e-04
6.440000 -1.425502e-02 2.032056e-04
6.450000 -1.501797e-02 2.255393e-04
6.460000 -1.576929e-02 2.486707e-04
6.470000 -1.650858e-02 2.725332e-04
6.480000 -1.723540e-02 2.970590e-04
6.490000 -1.794935e-02 3.221792e-04
6.500000 -1.865003e-02 3.478236e-04
6.510000 -1.933705e-02 3.739214e-04
6.520000 -2.001002e-02 4.004009e-04
6.530000 -2.066858e-02 4.271901e-04
6.540000 -2.131236e-02 4.542166e-04
6.550000 -2.194100e-02 4.814077e-04
6.560000 -2.255418e-02 5.086909e-04
6.570000 -2.315154e-02 5.359938e-04
6.580000 -2.373278e-02 5.632446e-04
6.590000 -2.429757e-02 5.903718e-04
6.600000 -2.484562e-02 6.173048e-04
6.610000 -2.537664e-02 6.439737e-04
6.620000 -2.589034e-02 6.703098e-04
6.630000 -2.638647e-02 6.962456e-04
6.640000 -2.686476e-02 7.217151e-04
6.650000 -2.732496e-02 7.466535e-04
6.660000 -2.776685e-02 7.709981e-04
6.670000 -2.819020e-02 7.946876e-04
6.680000 -2.859481e-02 8.176630e-04
6.690000 -2.898046e-02 8.398673e-04
6.700000 -2.934699e-02 8.612457e-04
6.710000 -2.969420e-02 8.817457e-04
6.720000 -3.002195e-02 9.013174e-04
6.730000 -3.033007e-02 9.199133e-04
6.740000 -3.061844e-02 9.374888e-04
6.750000 -3.088692e-02 9.540019e-04
6.760000 -3.113541e-02 9.694136e-04
6.770000 -3.136379e-02 9.836876e-04
6.780000 -3.157200e-02 9.967910e-04
6.790000 -3.175994e-02 1.008694e-03
6.800000 -3.192755e-02 1.019369e-03
6.810000 -3.207479e-02 1.028792e-03
6.820000 -3.220162e-02 1.036944e-03
6.830000 -3.230801e-02 1.043807e-03
6.840000 -3.239394e-02 1.049368e-03
6.850000 -3.245943e-02 1.053615e-03
6.860000 -3.250447e-02 1.056541e-03
6.870000 -3.252910e-02 1.058142e-03
6.880000 -3.253335e-02 1.058419e-03
6.890000 -3.251727e-02 1.057373e-03
6.900000 -3.248092e-02 1.055010e-03
6.910000 -3.242438e-02 1.051340e-03
6.920000 -3.234773e-02 1.046375e-03
6.930000 -3.225107e-02 1.040131e-03
6.940000 -3.213451e-02 1.032627e-03
6.950000 -3.199818e-02 1.023883e-03
6.960000 -3.184220e-02 1.013926e-03
6.970000 -3.166673e-02 1.002782e-03
6.980000 -3.147193e-02 9.904823e-04
6.990000 -3.125795e-02 9.770597e-04
7.000000 -3.102499e-02 9.625502e-04
7.010000 -3.077324e-02 9.469922e-04
7.020000 -3.050289e-02 9.304264e-04
7.030000 -3.021417e-02 9.128960e-04
7.040000 -2.990730e-02 8.944464e-04
7.050000 -2.958251e-02 8.751248e-04
7.060000 -2.924005e-02 8.549807e-04
7.070000 -2.888019e-02 8.340652e-04
7.080000 -2.850318e-02 8.124311e-04
7.090000 -2.810930e-02 7.901329e-04
7.100000 -2.769885e-02 7.672263e-04
7.110000 -2.727212e-02 7.437684e-04
7.120000 -2.682941e-02 7.198173e-04
7.130000 -2.637104e-02 6.954320e-04
7.140000 -2.589735e-02 6.706725e-04
7.150000 -2.540865e-02 6.455994e-04
7.160000 -2.490529e-02 6.202736e-04
7.170000 -2.438763e-02 5.947566e-04
7.180000 -2.385602e-02 5.691099e-04
7.190000 -2.331084e-02 5.433951e-04
7.200000 -2.275244e-02 5.176737e-04
7.210000 -2.218123e-02 4.920069e-04
7.220000 -2.159758e-02 4.664555e-04
7.230000 -2.100189e-02 4.410796e-04
7.240000 -2.039458e-02 4.159387e-04
7.250000 -1.977603e-02 3.910915e-04
7.260000 -1.914668e-02 3.665954e-04
7.270000 -1.850694e-02 3.425070e-04
7.280000 -1.785725e-02 3.188813e-04
7.290000 -1.719802e-02 2.957720e-04
7.300000 -1.652971e-02 2.732313e-04
7.310000 -1.585275e-02 2.513097e-04
7.320000 -1.516759e-02 2.300558e-04
7.330000 -1.447468e-02 2.095164e-04
7.340000 -1.377448e-02 1.897363e-04
7.350000 -1.306745e-02 1.707581e-04
7.360000 -1.235404e-02 1.526222e-04
7.370000 -1.163472e-02 1.353668e-04
7.380000 -1.090997e-02 1.190274e-04
7.390000 -1.018024e-02 1.036374e-04
7.400000 -9.446024e-03 8.922737e-05
7.410000 -8.707782e-03 7.582547e-05
7.420000 -7.965994e-03 6.345705e-05
7.430000 -7.221136e-03 5.214480e-05
7.440000 -6.473687e-03 4.190862e-05
7.450000 -5.724125e-03 3.276561e-05
7.460000 -4.972930e-03 2.473003e-05
7.470000 -4.220580e-03 1.781330e-05
7.480000 -3.467554e-03 1.202393e-05
7.490000 -2.714330e-03 7.367590e-06
7.500000 -1.961386e-03 3.847034e-06
7.510000 -1.209196e-03 1.462156e-06
7.520000 -4.582367e-04 2.099808e-07
7.530000 2.910206e-04 8.469299e-08
7.540000 1.038105e-03 1.077662e-06
7.550000 1.782548e-03 3.177477e-06
7.560000 2.523884e-03 6.369991e-06
7.570000 3.261651e-03 1.063837e-05
7.580000 3.995389e-03 1.596313e-05
7.590000 4.724643e-03 2.232225e-05
7.600000 5.448960e-03 2.969117e-05
7.610000 6.167894e-03 3.804291e-05
7.620000 6.881000e-03 4.734816e-05
7.630000 7.587839e-03 5.757530e-05
7.640000 8.287979e-03 6.869059e-05
7.650000 8.980989e-03 8.065817e-05
7.660000 9.666448e-03 9.344022e-05
7.670000 1.034394e-02 1.069970e-04
7.680000 1.101305e-02 1.212872e-04
7.690000 1.167337e-02 1.362675e-04
7.700000 1.232451e-02 1.518935e-04
7.710000 1.296607e-02 1.681189e-04
7.720000 1.359767e-02 1.848965e-04
7.730000 1.421893e-02 2.021779e-04
7.740000 1.482948e-02 2.199133e-04
7.750000 1.542895e-02 2.380525e-04
7.760000 1.601700e-02 2.565443e-04
7.770000 1.659327e-02 2.753367e-04
7.780000 1.715743e-02 2.943774e-04
7.790000 1.770915e-02 3.136139e-04
7.800000 1.824810e-02 3.329930e-04
7.810000 1.877397e-02 3.524618e-04
7.820000 1.928646e-02 3.719674e-04
7.830000 1.978527e-02 3.914569e-04
7.840000 2.027012e-02 4.108778e-04
7.850000 2.074074e-02 4.301782e-04
7.860000 2.119685e-02 4.493064e-04
7.870000 2.163820e-02 4.682117e-04
7.880000 2.206455e-02 4.868443e-04
7.890000 2.247566e-02 5.051551e-04
7.900000 2.287130e-02 5.230962e-04
7.910000 2.325125e-02 5.406208e-04
7.920000 2.361532e-02 5.576836e-04
7.930000 2.396331e-02 5.742404e-04
7.940000 2.429504e-02 5.902489e-04
7.950000 2.461033e-02 6.056682e-04
7.960000 2.490902e-02 6.204590e-04
7.970000 2.519095e-02 6.345841e-04
7.980000 2.545600e-02 6.480079e-04
7.990000 2.570403e-02 6.606971e-04
8.000000 2.593492e-02 6.726201e-04
8.010000 2.614857e-02 6.837476e-04
8.020000 2.634488e-02 6.940525e-04
8.030000 2.652376e-02 7.035100e-04
8.040000 2.668515e-02 7.120975e-04
8.050000 2.682899e-02 7.197947e-04
8.060000 2.695522e-02 7.265838e-04
8.070000 2.706380e-02 7.324493e-04
8.080000 2.715471e-02 7.373784e-04
8.090000 2.722793e-02 7.413604e-04
8.100000 2.728346e-02 7.443874e-04
8.110000 2.732131e-02 7.464538e-04
8.120000 2.734148e-02 7.475567e-04
8.130000 2.734402e-02 7.476953e-04
8.140000 2.732896e-02 7.468718e-04
8.150000 2.729635e-02 7.450905e-04
8.160000 2.724625e-02 7.423582e-04
8.170000 2.717875e-02 7.386843e-04
8.180000 2.709392e-02 7.340803e-04
8.190000 2.699185e-02 7.285602e-04
8.200000 2.687267e-02 7.221403e-04
8.210000 2.673648e-02 7.148391e-04
8.220000 2.658340e-02 7.066773e-04
8.230000 2.641359e-02 6.976777e-04
8.240000 2.622718e-02 6.878650e-04
8.250000 2.602434e-02 6.772662e-04
8.260000 2.580523e-02 6.659100e-04
8.270000 2.557004e-02 6.538268e-04
8.280000 2.531894e-02 6.410490e-04
8.290000 2.505215e-02 6.276104e-04
8.300000 2.476987e-02 6.135465e-04
8.310000 2.447231e-02 5.988941e-04
8.320000 2.415971e-02 5.836915e-04
8.330000 2.383229e-02 5.679782e-04
8.340000 2.349031e-02 5.517947e-04
8.350000 2.313401e-02 5.351826e-04
8.360000 2.276367e-02 5.181846e-04
8.370000 2.237954e-02 5.008439e-04
8.380000 2.198191e-02 4.832045e-04
8.390000 2.157107e-02 4.653110e-04
8.400000 2.114730e-02 4.472084e-04
8.410000 2.071092e-02 4.289422e-04
8.420000 2.026223e-02 4.105578e-04
8.430000 1.980154e-02 3.921010e-04
8.440000 1.932919e-02 3.736174e-04
8.450000 1.884549e-02 3.551525e-04
8.460000 1.835079e-02 3.367517e-04
8.470000 1.784544e-02 3.184597e-04
8.480000 1.732977e-02 3.003211e-04
8.490000 1.680415e-02 2.823796e-04
8.500000 1.626894e-02 2.646784e-04
8.510000 1.572449e-02 2.472597e-04
8.520000 1.517119e-02 2.301650e-04
8.530000 1.460941e-02 2.134347e-04
8.540000 1.403952e-02 1.971081e-04
8.550000 1.346191e-02 1.812231e-04
8.560000 1.287698e-02 1.658165e-04
8.570000 1.228510e-02 1.509238e-04
8.580000 1.168669e-02 1.365788e-04
8.590000 1.108214e-02 1.228137e-04
8.600000 1.047184e-02 1.096595e-04
8.610000 9.856213e-03 9.714494e-05
8.620000 9.235658e-03 8.529737e-05
8.630000 8.610585e-03 7.414217e-05
8.640000 7.981406e-03 6.370285e-05
8.650000 7.348536e-03 5.400098e-05
8.660000 6.712388e-03 4.505615e-05
8.670000 6.073379e-03 3.688593e-05
8.680000 5.431926e-03 2.950582e-05
8.690000 4.788446e-03 2.292921e-05
8.700000 4.143356e-03 1.716740e-05
8.710000 3.497076e-03 1.222954e-05
8.720000 2.850023e-03 8.122633e-06
8.730000 2.202614e-03 4.851510e-06
8.740000 1.555266e-03 2.418853e-06
8.750000 9.083948e-04 8.251810e-07
8.760000 2.624141e-04 6.886118e-08
8.770000 -3.822626e-04 1.461247e-07
8.780000 -1.025224e-03 1.051085e-06
8.790000 -1.666062e-03 2.775761e-06
8.800000 -2.304368e-03 5.310111e-06
8.810000 -2.939739e-03 8.642063e-06
8.820000 -3.571772e-03 1.275756e-05
8.830000 -4.200070e-03 1.764059e-05
8.840000 -4.824237e-03 2.327327e-05
8.850000 -5.443882e-03 2.963585e-05
8.860000 -6.058616e-03 3.670682e-05
8.870000 -6.668055e-03 4.446296e-05
8.880000 -7.271820e-03 5.287936e-05
8.890000 -7.869535e-03 6.192958e-05
8.900000 -8.460830e-03 7.158565e-05
8.910000 -9.045339e-03 8.181816e-05
8.920000 -9.622702e-03 9.259640e-05
8.930000 -1.019256e-02 1.038884e-04
8.940000 -1.075457e-02 1.156609e-04
8.950000 -1.130839e-02 1.278797e-04
8.960000 -1.185367e-02 1.405096e-04
8.970000 -1.239009e-02 1.535144e-04
8.980000 -1.291733e-02 1.668573e-04
8.990000 -1.343505e-02 1.805006e-04
9.000000 -1.394295e-02 1.944060e-04
9.010000 -1.444073e-02 2.085348e-04
9.020000 -1.492809e-02 2.228480e-04
9.030000 -1.540474e-02 2.373061e-04
9.040000 -1.587039e-02 2.518694e-04
9.050000 -1.632478e-02 2.664984e-04
9.060000 -1.676763e-02 2.811532e-04
9.070000 -1.719868e-02 2.957944e-04
9.080000 -1.761768e-02 3.103826e-04
9.090000 -1.802439e-02 3.248787e-04
9.100000 -1.841858e-02 3.392441e-04
9.110000 -1.880002e-02 3.534407e-04
9.120000 -1.916849e-02 3.674309e-04
9.130000 -1.952378e-02 3.811780e-04
9.140000 -1.986570e-02 3.946459e-04
9.150000 -2.019405e-02 4.077995e-04
9.160000 -2.050865e-02 4.206046e-04
9.170000 -2.080933e-02 4.330281e-04
9.180000 -2.109592e-02 4.450380e-04
9.190000 -2.136828e-02 4.566035e-04
9.200000 -2.162626e-02 4.676950e-04
9.210000 -2.186972e-02 4.782846e-04
9.220000 -2.209854e-02 4.883453e-04
9.230000 -2.231260e-02 4.978521e-04
9.240000 -2.251180e-02 5.067810e-04
9.250000 -2.269604e-02 5.151101e-04
9.260000 -2.286523e-02 5.228188e-04
9.270000 -2.301930e-02 5.298884e-04
9.280000 -2.315819e-02 5.363018e-04
9.290000 -2.328183e-02 5.420436e-04
9.300000 -2.339018e-02 5.471005e-04
9.310000 -2.348320e-02 5.514607e-04
9.320000 -2.356087e-02 5.551144e-04
9.330000 -2.362316e-02 5.580536e-04
9.340000 -2.367007e-02 5.602723e-04
9.350000 -2.370161e-02 5.617663e-04
9.360000 -2.371778e-02 5.625331e-04
9.370000 -2.371861e-02 5.625725e-04
9.380000 -2.370413e-02 5.618859e-04
9.390000 -2.367438e-02 5.604765e-04
9.400000 -2.362942e-02 5.583495e-04
9.410000 -2.356930e-02 5.555120e-04
9.420000 -2.349410e-02 5.519726e-04
9.430000 -2.340389e-02 5.477421e-04
9.440000 -2.329877e-02 5.428326e-04
9.450000 -2.317883e-02 5.372582e-04
9.460000 -2.304419e-02 5.310346e-04
9.470000 -2.289496e-02 5.241790e-04
9.480000 -2.273126e-02 5.167102e-04
9.490000 -2.255324e-02 5.086486e-04
9.500000 -2.236104e-02 5.000159e-04
9.510000 -2.215480e-02 4.908354e-04
9.520000 -2.193471e-02 4.811313e-04
9.530000 -2.170091e-02 4.709296e-04
9.540000 -2.145360e-02 4.602570e-04
9.550000 -2.119296e-02 4.491416e-04
9.560000 -2.091919e-02 4.376124e-04
9.570000 -2.063248e-02 4.256994e-04
9.580000 -2.033306e-02 4.134334e-04
9.590000 -2.002114e-02 4.008460e-04
9.600000 -1.969694e-02 3.879696e-04
9.610000 -1.936071e-02 3.748371e-04
9.620000 -1.901268e-02 3.614819e-04
9.630000 -1.865310e-02 3.479380e-04
9.640000 -1.828222e-02 3.342396e-04
9.650000 -1.790031e-02 3.204212e-04
9.660000 -1.750764e-02 3.065176e-04
9.670000 -1.710448e-02 2.925634e-04
9.680000 -1.669112e-02 2.785934e-04
9.690000 -1.626783e-02 2.646423e-04
9.700000 -1.583492e-02 2.507445e-04
9.710000 -1.539267e-02 2.369343e-04
9.720000 -1.494140e-02 2.232454e-04
9.730000 -1.448141e-02 2.097113e-04
9.740000 -1.401302e-02 1.963648e-04
9.750000 -1.353655e-02 1.832381e-04
9.760000 -1.305231e-02 1.703628e-04
9.770000 -1.256064e-02 1.577697e-04
9.780000 -1.206187e-02 1.454887e-04
9.790000 -1.155633e-02 1.335488e-04
9.800000 -1.104436e-02 1.219780e-04
9.810000 -1.052631e-02 1.108032e-04
9.820000 -1.000252e-02 1.000504e-04
9.830000 -9.473336e-03 8.974410e-05
9.840000 -8.939114e-03 7.990775e-05
9.850000 -8.400206e-03 7.056345e-05
9.860000 -7.856968e-03 6.173195e-05
9.870000 -7.309760e-03 5.343259e-05
9.880000 -6.758941e-03 4.568329e-05
9.890000 -6.204873e-03 3.850045e-05
9.900000 -5.647919e-03 3.189899e-05
9.910000 -5.088443e-03 2.589226e-05
9.920000 -4.526811e-03 2.049202e-05
9.930000 -3.963388e-03 1.570844e-05
9.940000 -3.398539e-03 1.155007e-05
9.950000 -2.832633e-03 8.023809e-06
9.960000 -2.266034e-03 5.134911e-06
9.970000 -1.699109e-03 2.886972e-06
9.980000 -1.132224e-03 1.281930e-06
9.990000 -5.657422e-04 3.200642e-07
10.000000 -2.841234e-08 8.072612e-16
