0.000000 nan nan
0.010000 1.125095e+00 1.265839e+00
0.020000 1.123666e+00 1.262625e+00
0.030000 1.121286e+00 1.257283e+00
0.040000 1.117960e+00 1.249835e+00
0.050000 1.113692e+00 1.240310e+00
0.060000 1.108489e+00 1.228748e+00
0.070000 1.102359e+00 1.215194e+00
0.080000 1.095310e+00 1.199705e+00
0.090000 1.087355e+00 1.182340e+00
0.100000 1.078504e+00 1.163171e+00
0.110000 1.068772e+00 1.142273e+00
0.120000 1.058173e+00 1.119729e+00
0.130000 1.046722e+00 1.095628e+00
0.140000 1.034439e+00 1.070063e+00
0.150000 1.021340e+00 1.043135e+00
0.160000 1.007446e+00 1.014947e+00
0.170000 9.927777e-01 9.856076e-01
0.180000 9.773572e-01 9.552270e-01
0.190000 9.612075e-01 9.239199e-01
0.200000 9.443529e-01 8.918024e-01
0.210000 9.268186e-01 8.589927e-01
0.220000 9.086307e-01 8.256098e-01
0.230000 8.898164e-01 7.917732e-01
0.240000 8.704035e-01 7.576022e-01
0.250000 8.504207e-01 7.232154e-01
0.260000 8.298977e-01 6.887302e-01
0.270000 8.088646e-01 6.542620e-01
0.280000 7.873523e-01 6.199237e-01
0.290000 7.653923e-01 5.858254e-01
0.300000 7.430167e-01 5.520738e-01
0.310000 7.202578e-01 5.187713e-01
0.320000 6.971487e-01 4.860163e-01
0.330000 6.737227e-01 4.539023e-01
0.340000 6.500135e-01 4.225175e-01
0.350000 6.260548e-01 3.919447e-01
0.360000 6.018809e-01 3.622606e-01
0.370000 5.775259e-01 3.335362e-01
0.380000 5.530242e-01 3.058357e-01
0.390000 5.284100e-01 2.792171e-01
0.400000 5.037176e-01 2.537314e-01
0.410000 4.789812e-01 2.294230e-01
0.420000 4.542349e-01 2.063294e-01
0.430000 4.295124e-01 1.844809e-01
0.440000 4.048473e-01 1.639013e-01
0.450000 3.802728e-01 1.446074e-01
0.460000 3.558216e-01 1.266090e-01
0.470000 3.315261e-01 1.099096e-01
0.480000 3.074183e-01 9.450602e-02
0.490000 2.835294e-01 8.038893e-02
0.500000 2.598902e-01 6.754291e-02
0.510000 2.365307e-01 5.594676e-02
0.520000 2.134802e-01 4.557381e-02
0.530000 1.907675e-01 3.639225e-02
0.540000 1.684204e-01 2.836542e-02
0.550000 1.464657e-01 2.145221e-02
0.560000 1.249297e-01 1.560744e-02
0.570000 1.038376e-01 1.078224e-02
0.580000 8.321350e-02 6.924486e-03
0.590000 6.308071e-02 3.979176e-03
0.600000 4.346143e-02 1.888896e-03
0.610000 2.437680e-02 5.942283e-04
0.620000 5.846872e-03 3.418592e-05
0.630000 -1.210942e-02 1.466380e-04
0.640000 -2.947429e-02 8.687340e-04
0.650000 -4.623114e-02 2.137318e-03
0.660000 -6.236453e-02 3.889335e-03
0.670000 -7.786026e-02 6.062220e-03
0.680000 -9.270534e-02 8.594279e-03
0.690000 -1.068880e-01 1.142505e-02
0.700000 -1.203978e-01 1.449564e-02
0.710000 -1.332255e-01 1.774904e-02
0.720000 -1.453631e-01 2.113044e-02
0.730000 -1.568040e-01 2.458748e-02
0.740000 -1.675426e-01 2.807053e-02
0.750000 -1.775750e-01 3.153286e-02
0.760000 -1.868981e-01 3.493090e-02
0.770000 -1.955104e-01 3.822434e-02
0.780000 -2.034117e-01 4.137630e-02
0.790000 -2.106026e-01 4.435346e-02
0.800000 -2.170855e-01 4.712610e-02
0.810000 -2.228636e-01 4.966817e-02
0.820000 -2.279415e-01 5.195732e-02
0.830000 -2.323249e-01 5.397488e-02
0.840000 -2.360209e-01 5.570585e-02
0.850000 -2.390373e-01 5.713883e-02
0.860000 -2.413834e-01 5.826593e-02
0.870000 -2.430694e-01 5.908271e-02
0.880000 -2.441065e-01 5.958800e-02
0.890000 -2.445073e-01 5.978380e-02
0.900000 -2.442848e-01 5.967509e-02
0.910000 -2.434536e-01 5.926963e-02
0.920000 -2.420286e-01 5.857784e-02
0.930000 -2.400260e-01 5.761250e-02
0.940000 -2.374628e-01 5.638860e-02
0.950000 -2.343567e-01 5.492306e-02
0.960000 -2.307261e-01 5.323454e-02
0.970000 -2.265903e-01 5.134317e-02
0.980000 -2.219692e-01 4.927031e-02
0.990000 -2.168832e-01 4.703832e-02
1.000000 -2.113535e-01 4.467030e-02
1.010000 -2.054017e-01 4.218986e-02
1.020000 -1.990499e-01 3.962088e-02
1.030000 -1.923208e-01 3.698728e-02
1.040000 -1.852372e-01 3.431280e-02
1.050000 -1.778224e-01 3.162080e-02
1.060000 -1.701001e-01 2.893403e-02
1.070000 -1.620940e-01 2.627447e-02
1.080000 -1.538283e-01 2.366314e-02
1.090000 -1.453270e-01 2.111994e-02
1.100000 -1.366145e-01 1.866352e-02
1.110000 -1.277151e-01 1.631114e-02
1.120000 -1.186530e-01 1.407854e-02
1.130000 -1.094526e-01 1.197988e-02
1.140000 -1.001380e-01 1.002763e-02
1.150000 -9.073330e-02 8.232531e-03
1.160000 -8.126220e-02 6.603545e-03
1.170000 -7.174834e-02 5.147825e-03
1.180000 -6.221503e-02 3.870710e-03
1.190000 -5.268522e-02 2.775733e-03
1.200000 -4.318154e-02 1.864645e-03
1.210000 -3.372615e-02 1.137453e-03
1.220000 -2.434081e-02 5.924750e-04
1.230000 -1.504674e-02 2.264045e-04
1.240000 -5.864672e-03 3.439437e-05
1.250000 3.185266e-03 1.014592e-05
1.260000 1.208353e-02 1.460116e-04
1.270000 2.081121e-02 4.331063e-04
1.280000 2.935007e-02 8.614264e-04
1.290000 3.768257e-02 1.419976e-03
1.300000 4.579189e-02 2.096898e-03
1.310000 5.366199e-02 2.879609e-03
1.320000 6.127757e-02 3.754940e-03
1.330000 6.862415e-02 4.709274e-03
1.340000 7.568808e-02 5.728685e-03
1.350000 8.245653e-02 6.799079e-03
1.360000 8.891754e-02 7.906329e-03
1.370000 9.506003e-02 9.036410e-03
1.380000 1.008738e-01 1.017552e-02
1.390000 1.063496e-01 1.131023e-02
1.400000 1.114789e-01 1.242754e-02
1.410000 1.162543e-01 1.351507e-02
1.420000 1.206693e-01 1.456108e-02
1.430000 1.247182e-01 1.555463e-02
1.440000 1.283963e-01 1.648560e-02
1.450000 1.316998e-01 1.734483e-02
1.460000 1.346258e-01 1.812411e-02
1.470000 1.371724e-01 1.881628e-02
1.480000 1.393386e-01 1.941525e-02
1.490000 1.411242e-01 1.991604e-02
1.500000 1.425300e-01 2.031479e-02
1.510000 1.435575e-01 2.060875e-02
1.520000 1.442093e-01 2.079632e-02
1.530000 1.444887e-01 2.087700e-02
1.540000 1.444000e-01 2.085136e-02
1.550000 1.439480e-01 2.072103e-02
1.560000 1.431386e-01 2.048866e-02
1.570000 1.419783e-01 2.015784e-02
1.580000 1.404744e-01 1.973306e-02
1.590000 1.386349e-01 1.921964e-02
1.600000 1.364686e-01 1.862367e-02
1.610000 1.339847e-01 1.795190e-02
1.620000 1.311934e-01 1.721170e-02
1.630000 1.281052e-01 1.641093e-02
1.640000 1.247313e-01 1.555789e-02
1.650000 1.210835e-01 1.466121e-02
1.660000 1.171740e-01 1.372974e-02
1.670000 1.130156e-01 1.277252e-02
1.680000 1.086214e-01 1.179860e-02
1.690000 1.040050e-01 1.081704e-02
1.700000 9.918037e-02 9.836746e-03
1.710000 9.416182e-02 8.866448e-03
1.720000 8.896391e-02 7.914578e-03
1.730000 8.360152e-02 6.989213e-03
1.740000 7.808970e-02 6.098001e-03
1.750000 7.244373e-02 5.248094e-03
1.760000 6.667903e-02 4.446093e-03
1.770000 6.081112e-02 3.697992e-03
1.780000 5.485561e-02 3.009138e-03
1.790000 4.882815e-02 2.384189e-03
1.800000 4.274438e-02 1.827082e-03
1.810000 3.661991e-02 1.341018e-03
1.820000 3.047029e-02 9.284384e-04
1.830000 2.431093e-02 5.910215e-04
1.840000 1.815715e-02 3.296820e-04
1.850000 1.202404e-02 1.445776e-04
1.860000 5.926523e-03 3.512368e-05
1.870000 -1.207459e-04 1.457957e-08
1.880000 -6.103378e-03 3.725122e-05
1.890000 -1.200729e-02 1.441750e-04
1.900000 -1.781874e-02 3.175073e-04
1.910000 -2.352433e-02 5.533943e-04
1.920000 -2.911110e-02 8.474560e-04
1.930000 -3.456646e-02 1.194840e-03
1.940000 -3.987829e-02 1.590278e-03
1.950000 -4.503495e-02 2.028146e-03
1.960000 -5.002526e-02 2.502527e-03
1.970000 -5.483859e-02 3.007271e-03
1.980000 -5.946482e-02 3.536064e-03
1.990000 -6.389439e-02 4.082493e-03
2.000000 -6.811832e-02 4.640106e-03
2.010000 -7.212821e-02 5.202479e-03
2.020000 -7.591626e-02 5.763279e-03
2.030000 -7.947529e-02 6.316322e-03
2.040000 -8.279873e-02 6.855630e-03
2.050000 -8.588067e-02 7.375490e-03
2.060000 -8.871582e-02 7.870497e-03
2.070000 -9.129956e-02 8.335610e-03
2.080000 -9.362791e-02 8.766185e-03
2.090000 -9.569755e-02 9.158021e-03
2.100000 -9.750584e-02 9.507388e-03
2.110000 -9.905077e-02 9.811055e-03
2.120000 -1.003310e-01 1.006631e-02
2.130000 -1.013459e-01 1.027099e-02
2.140000 -1.020954e-01 1.042347e-02
2.150000 -1.025801e-01 1.052268e-02
2.160000 -1.028014e-01 1.056812e-02
2.170000 -1.027610e-01 1.055982e-02
2.180000 -1.024615e-01 1.049837e-02
2.190000 -1.019061e-01 1.038486e-02
2.200000 -1.010984e-01 1.022089e-02
2.210000 -1.000428e-01 1.000857e-02
2.220000 -9.874414e-02 9.750405e-03
2.230000 -9.720780e-02 9.449356e-03
2.240000 -9.543976e-02 9.108747e-03
2.250000 -9.344649e-02 8.732246e-03
2.260000 -9.123495e-02 8.323816e-03
2.270000 -8.881257e-02 7.887673e-03
2.280000 -8.618724e-02 7.428241e-03
2.290000 -8.336727e-02 6.950103e-03
2.300000 -8.036138e-02 6.457952e-03
2.310000 -7.717866e-02 5.956546e-03
2.320000 -7.382857e-02 5.450658e-03
2.330000 -7.032088e-02 4.945026e-03
2.340000 -6.666568e-02 4.444313e-03
2.350000 -6.287332e-02 3.953055e-03
2.360000 -5.895442e-02 3.475624e-03
2.370000 -5.491980e-02 3.016185e-03
2.380000 -5.078048e-02 2.578658e-03
2.390000 -4.654765e-02 2.166684e-03
2.400000 -4.223263e-02 1.783595e-03
2.410000 -3.784684e-02 1.432384e-03
2.420000 -3.340180e-02 1.115680e-03
2.430000 -2.890906e-02 8.357339e-04
2.440000 -2.438021e-02 5.943945e-04
2.450000 -1.982681e-02 3.931023e-04
2.460000 -1.526041e-02 2.328800e-04
2.470000 -1.069248e-02 1.143291e-04
2.480000 -6.134413e-03 3.763103e-05
2.490000 -1.597485e-03 2.551959e-06
2.500000 2.907178e-03 8.451681e-06
2.510000 7.368613e-03 5.429646e-05
2.520000 1.177606e-02 1.386755e-04
2.530000 1.611895e-02 2.598207e-04
2.540000 2.038700e-02 4.156299e-04
2.550000 2.457016e-02 6.036930e-04
2.560000 2.865868e-02 8.213201e-04
2.570000 3.264311e-02 1.065573e-03
2.580000 3.651435e-02 1.333298e-03
2.590000 4.026362e-02 1.621159e-03
2.600000 4.388254e-02 1.925677e-03
2.610000 4.736308e-02 2.243262e-03
2.620000 5.069766e-02 2.570253e-03
2.630000 5.387908e-02 2.902955e-03
2.640000 5.690058e-02 3.237676e-03
2.650000 5.975586e-02 3.570763e-03
2.660000 6.243906e-02 3.898636e-03
2.670000 6.494480e-02 4.217826e-03
2.680000 6.726816e-02 4.525006e-03
2.690000 6.940475e-02 4.817019e-03
2.700000 7.135062e-02 5.090910e-03
2.710000 7.310235e-02 5.343953e-03
2.720000 7.465702e-02 5.573670e-03
2.730000 7.601222e-02 5.777857e-03
2.740000 7.716604e-02 5.954597e-03
2.750000 7.811708e-02 6.102279e-03
2.760000 7.886448e-02 6.219606e-03
2.770000 7.940785e-02 6.305607e-03
2.780000 7.974732e-02 6.359636e-03
2.790000 7.988354e-02 6.381380e-03
2.800000 7.981763e-02 6.370853e-03
2.810000 7.955121e-02 6.328395e-03
2.820000 7.908639e-02 6.254657e-03
2.830000 7.842575e-02 6.150598e-03
2.840000 7.757234e-02 6.017467e-03
2.850000 7.652965e-02 5.856787e-03
2.860000 7.530162e-02 5.670334e-03
2.870000 7.389263e-02 5.460121e-03
2.880000 7.230747e-02 5.228370e-03
2.890000 7.055132e-02 4.977489e-03
2.900000 6.862975e-02 4.710043e-03
2.910000 6.654872e-02 4.428732e-03
2.920000 6.431451e-02 4.136356e-03
2.930000 6.193375e-02 3.835790e-03
2.940000 5.941340e-02 3.529952e-03
2.950000 5.676070e-02 3.221777e-03
2.960000 5.398315e-02 2.914181e-03
2.970000 5.108855e-02 2.610040e-03
2.980000 4.808491e-02 2.312158e-03
2.990000 4.498045e-02 2.023240e-03
3.000000 4.178358e-02 1.745868e-03
3.010000 3.850291e-02 1.482474e-03
3.020000 3.514718e-02 1.235324e-03
3.030000 3.172524e-02 1.006491e-03
3.040000 2.824607e-02 7.978407e-04
3.050000 2.471873e-02 6.110157e-04
3.060000 2.115232e-02 4.474207e-04
3.070000 1.755599e-02 3.082128e-04
3.080000 1.393890e-02 1.942929e-04
3.090000 1.031020e-02 1.063002e-04
3.100000 6.679004e-03 4.460910e-05
3.110000 3.054384e-03 9.329259e-06
3.120000 -5.546749e-04 3.076643e-07
3.130000 -4.139279e-03 1.713363e-05
3.140000 -7.690656e-03 5.914619e-05
3.150000 -1.120017e-02 1.254438e-04
3.160000 -1.465935e-02 2.148965e-04
3.170000 -1.805989e-02 3.261596e-04
3.180000 -2.139370e-02 4.576905e-04
3.190000 -2.465290e-02 6.077655e-04
3.200000 -2.782984e-02 7.745001e-04
3.210000 -3.091713e-02 9.558689e-04
3.220000 -3.390764e-02 1.149728e-03
3.230000 -3.679453e-02 1.353837e-03
3.240000 -3.957125e-02 1.565884e-03
3.250000 -4.223159e-02 1.783507e-03
3.260000 -4.476963e-02 2.004320e-03
3.270000 -4.717982e-02 2.225936e-03
3.280000 -4.945694e-02 2.445989e-03
3.290000 -5.159615e-02 2.662162e-03
3.300000 -5.359295e-02 2.872204e-03
3.310000 -5.544326e-02 3.073955e-03
3.320000 -5.714335e-02 3.265363e-03
3.330000 -5.868992e-02 3.444506e-03
3.340000 -6.008003e-02 3.609610e-03
3.350000 -6.131118e-02 3.759061e-03
3.360000 -6.238126e-02 3.891422e-03
3.370000 -6.328858e-02 4.005445e-03
3.380000 -6.403185e-02 4.100078e-03
3.390000 -6.461020e-02 4.174478e-03
3.400000 -6.502317e-02 4.228013e-03
3.410000 -6.527073e-02 4.260268e-03
3.420000 -6.535323e-02 4.271045e-03
3.430000 -6.527144e-02 4.260361e-03
3.440000 -6.502654e-02 4.228451e-03
3.450000 -6.462009e-02 4.175757e-03
3.460000 -6.405406e-02 4.102922e-03
3.470000 -6.333077e-02 4.010787e-03
3.480000 -6.245295e-02 3.900371e-03
3.490000 -6.142368e-02 3.772869e-03
3.500000 -6.024640e-02 3.629629e-03
3.510000 -5.892489e-02 3.472143e-03
3.520000 -5.746328e-02 3.302028e-03
3.530000 -5.586599e-02 3.121009e-03
3.540000 -5.413780e-02 2.930901e-03
3.550000 -5.228373e-02 2.733588e-03
3.560000 -5.030913e-02 2.531008e-03
3.570000 -4.821959e-02 2.325128e-03
3.580000 -4.602096e-02 2.117928e-03
3.590000 -4.371933e-02 1.911379e-03
3.600000 -4.132100e-02 1.707425e-03
3.610000 -3.883249e-02 1.507963e-03
3.620000 -3.626050e-02 1.314824e-03
3.630000 -3.361189e-02 1.129759e-03
3.640000 -3.089367e-02 9.544191e-04
3.650000 -2.811301e-02 7.903413e-04
3.660000 -2.527716e-02 6.389346e-04
3.670000 -2.239348e-02 5.014679e-04
3.680000 -1.946942e-02 3.790582e-04
3.690000 -1.651247e-02 2.726616e-04
3.700000 -1.353017e-02 1.830655e-04
3.710000 -1.053008e-02 1.108826e-04
3.720000 -7.519767e-03 5.654690e-05
3.730000 -4.506773e-03 2.031101e-05
3.740000 -1.498613e-03 2.245840e-06
3.750000 1.497255e-03 2.241773e-06
3.760000 4.473441e-03 2.001167e-05
3.770000 7.422643e-03 5.509563e-05
3.780000 1.033767e-02 1.068673e-04
3.790000 1.321144e-02 1.745421e-04
3.800000 1.603703e-02 2.571863e-04
3.810000 1.880766e-02 3.537281e-04
3.820000 2.151673e-02 4.629695e-04
3.830000 2.415781e-02 5.835999e-04
3.840000 2.672470e-02 7.142097e-04
3.850000 2.921140e-02 8.533056e-04
3.860000 3.161212e-02 9.993264e-04
3.870000 3.392136e-02 1.150659e-03
3.880000 3.613384e-02 1.305654e-03
3.890000 3.824454e-02 1.462645e-03
3.900000 4.024876e-02 1.619962e-03
3.910000 4.214204e-02 1.775952e-03
3.920000 4.392025e-02 1.928988e-03
3.930000 4.557955e-02 2.077495e-03
3.940000 4.711642e-02 2.219957e-03
3.950000 4.852766e-02 2.354934e-03
3.960000 4.981039e-02 2.481075e-03
3.970000 5.096209e-02 2.597134e-03
3.980000 5.198053e-02 2.701976e-03
3.990000 5.286387e-02 2.794589e-03
4.000000 5.361058e-02 2.874094e-03
4.010000 5.421949e-02 2.939753e-03
4.020000 5.468977e-02 2.990971e-03
4.030000 5.502095e-02 3.027305e-03
4.040000 5.521290e-02 3.048464e-03
4.050000 5.526582e-02 3.054311e-03
4.060000 5.518028e-02 3.044864e-03
4.070000 5.495718e-02 3.020291e-03
4.080000 5.459774e-02 2.980913e-03
4.090000 5.410353e-02 2.927192e-03
4.100000 5.347645e-02 2.859731e-03
4.110000 5.271870e-02 2.779261e-03
4.120000 5.183280e-02 2.686640e-03
4.130000 5.082160e-02 2.582835e-03
4.140000 4.968820e-02 2.468917e-03
4.150000 4.843602e-02 2.346048e-03
4.160000 4.706876e-02 2.215468e-03
4.170000 4.559037e-02 2.078482e-03
4.180000 4.400507e-02 1.936446e-03
4.190000 4.231730e-02 1.790754e-03
4.200000 4.053178e-02 1.642825e-03
4.210000 3.865339e-02 1.494085e-03
4.220000 3.668727e-02 1.345956e-03
4.230000 3.463872e-02 1.199841e-03
4.240000 3.251324e-02 1.057110e-03
4.250000 3.031646e-02 9.190880e-04
4.260000 2.805421e-02 7.870388e-04
4.270000 2.573242e-02 6.621574e-04
4.280000 2.335714e-02 5.455562e-04
4.290000 2.093455e-02 4.382554e-04
4.300000 1.847089e-02 3.411736e-04
4.310000 1.597248e-02 2.551201e-04
4.320000 1.344571e-02 1.807870e-04
4.330000 1.089699e-02 1.187444e-04
4.340000 8.332780e-03 6.943522e-05
4.350000 5.759527e-03 3.317215e-05
4.360000 3.183679e-03 1.013581e-05
4.370000 6.116614e-04 3.741296e-07
4.380000 -1.950141e-03 3.803050e-06
4.390000 -4.495397e-03 2.020860e-05
4.400000 -7.017846e-03 4.925017e-05
4.410000 -9.511312e-03 9.046506e-05
4.420000 -1.196972e-02 1.432742e-04
4.430000 -1.438711e-02 2.069888e-04
4.440000 -1.675764e-02 2.808184e-04
4.450000 -1.907562e-02 3.638794e-04
4.460000 -2.133553e-02 4.552049e-04
4.470000 -2.353199e-02 5.537547e-04
4.480000 -2.565982e-02 6.584266e-04
4.490000 -2.771404e-02 7.680677e-04
4.500000 -2.968984e-02 8.814864e-04
4.510000 -3.158266e-02 9.974644e-04
4.520000 -3.338816e-02 1.114769e-03
4.530000 -3.510222e-02 1.232166e-03
4.540000 -3.672099e-02 1.348431e-03
4.550000 -3.824085e-02 1.462363e-03
4.560000 -3.965846e-02 1.572793e-03
4.570000 -4.097072e-02 1.678600e-03
4.580000 -4.217484e-02 1.778717e-03
4.590000 -4.326829e-02 1.872145e-03
4.600000 -4.424882e-02 1.957958e-03
4.610000 -4.511449e-02 2.035317e-03
4.620000 -4.586364e-02 2.103474e-03
4.630000 -4.649491e-02 2.161777e-03
4.640000 -4.700723e-02 2.209680e-03
4.650000 -4.739985e-02 2.246746e-03
4.660000 -4.767229e-02 2.272648e-03
4.670000 -4.782441e-02 2.287174e-03
4.680000 -4.785632e-02 2.290227e-03
4.690000 -4.776847e-02 2.281827e-03
4.700000 -4.756159e-02 2.262105e-03
4.710000 -4.723670e-02 2.231306e-03
4.720000 -4.679510e-02 2.189782e-03
4.730000 -4.623840e-02 2.137990e-03
4.740000 -4.556846e-02 2.076485e-03
4.750000 -4.478744e-02 2.005915e-03
4.760000 -4.389774e-02 1.927012e-03
4.770000 -4.290204e-02 1.840585e-03
4.780000 -4.180326e-02 1.747513e-03
4.790000 -4.060458e-02 1.648732e-03
4.800000 -3.930938e-02 1.545228e-03
4.810000 -3.792131e-02 1.438026e-03
4.820000 -3.644421e-02 1.328180e-03
4.830000 -3.488212e-02 1.216762e-03
4.840000 -3.323928e-02 1.104850e-03
4.850000 -3.152014e-02 9.935190e-04
4.860000 -2.972927e-02 8.838295e-04
4.870000 -2.787144e-02 7.768173e-04
4.880000 -2.595156e-02 6.734832e-04
4.890000 -2.397465e-02 5.747837e-04
4.900000 -2.194588e-02 4.816216e-04
4.910000 -1.987051e-02 3.948372e-04
4.920000 -1.775391e-02 3.152013e-04
4.930000 -1.560151e-02 2.434071e-04
4.940000 -1.341883e-02 1.800649e-04
4.950000 -1.121142e-02 1.256958e-04
4.960000 -8.984879e-03 8.072806e-05
4.970000 -6.744842e-03 4.549290e-05
4.980000 -4.496940e-03 2.022247e-05
4.990000 -2.246805e-03 5.048134e-06
5.000000 -5.463509e-08 2.984993e-15
5.010000 2.237727e-03 5.007423e-06
5.020000 4.460999e-03 1.990051e-05
5.030000 6.664279e-03 4.441262e-05
5.040000 8.842156e-03 7.818372e-05
5.050000 1.098930e-02 1.207648e-04
5.060000 1.310049e-02 1.716228e-04
5.070000 1.517060e-02 2.301471e-04
5.080000 1.719463e-02 2.956553e-04
5.090000 1.916772e-02 3.674017e-04
5.100000 2.108516e-02 4.445840e-04
5.110000 2.294238e-02 5.263528e-04
5.120000 2.473499e-02 6.118197e-04
5.130000 2.645877e-02 7.000665e-04
5.140000 2.810970e-02 7.901550e-04
5.150000 2.968393e-02 8.811360e-04
5.160000 3.117786e-02 9.720589e-04
5.170000 3.258806e-02 1.061982e-03
5.180000 3.391134e-02 1.149979e-03
5.190000 3.514474e-02 1.235153e-03
5.200000 3.628553e-02 1.316640e-03
5.210000 3.733122e-02 1.393620e-03
5.220000 3.827957e-02 1.465325e-03
5.230000 3.912859e-02 1.531046e-03
5.240000 3.987654e-02 1.590138e-03
5.250000 4.052194e-02 1.642027e-03
5.260000 4.106357e-02 1.686217e-03
5.270000 4.150048e-02 1.722290e-03
5.280000 4.183197e-02 1.749914e-03
5.290000 4.205761e-02 1.768843e-03
5.300000 4.217725e-02 1.778921e-03
5.310000 4.219098e-02 1.780079e-03
5.320000 4.209917e-02 1.772340e-03
5.330000 4.190244e-02 1.755815e-03
5.340000 4.160168e-02 1.730700e-03
5.350000 4.119802e-02 1.697277e-03
5.360000 4.069285e-02 1.655908e-03
5.370000 4.008782e-02 1.607033e-03
5.380000 3.938480e-02 1.551162e-03
5.390000 3.858590e-02 1.488872e-03
5.400000 3.769348e-02 1.420799e-03
5.410000 3.671011e-02 1.347632e-03
5.420000 3.563857e-02 1.270108e-03
5.430000 3.448186e-02 1.188999e-03
5.440000 3.324318e-02 1.105109e-03
5.450000 3.192592e-02 1.019264e-03
5.460000 3.053364e-02 9.323033e-04
5.470000 2.907010e-02 8.450710e-04
5.480000 2.753921e-02 7.584083e-04
5.490000 2.594503e-02 6.731447e-04
5.500000 2.429177e-02 5.900899e-04
5.510000 2.258375e-02 5.100259e-04
5.520000 2.082545e-02 4.336994e-04
5.530000 1.902143e-02 3.618147e-04
5.540000 1.717635e-02 2.950269e-04
5.550000 1.529496e-02 2.339358e-04
5.560000 1.338209e-02 1.790804e-04
5.570000 1.144262e-02 1.309336e-04
5.580000 9.481486e-03 8.989858e-05
5.590000 7.503654e-03 5.630483e-05
5.600000 5.514119e-03 3.040551e-05
5.610000 3.517886e-03 1.237552e-05
5.620000 1.519958e-03 2.310272e-06
5.630000 -4.746739e-04 2.253153e-07
5.640000 -2.461045e-03 6.056744e-06
5.650000 -4.434230e-03 1.966239e-05
5.660000 -6.389351e-03 4.082381e-05
5.670000 -8.321594e-03 6.924893e-05
5.680000 -1.022622e-02 1.045756e-04
5.690000 -1.209857e-02 1.463754e-04
5.700000 -1.393409e-02 1.941588e-04
5.710000 -1.572832e-02 2.473801e-04
5.720000 -1.747694e-02 3.054434e-04
5.730000 -1.917574e-02 3.677088e-04
5.740000 -2.082064e-02 4.334992e-04
5.750000 -2.240775e-02 5.021070e-04
5.760000 -2.393328e-02 5.728019e-04
5.770000 -2.539366e-02 6.448377e-04
5.780000 -2.678545e-02 7.174603e-04
5.790000 -2.810543e-02 7.899150e-04
5.800000 -2.935054e-02 8.614540e-04
5.810000 -3.051793e-02 9.313441e-04
5.820000 -3.160496e-02 9.988736e-04
5.830000 -3.260919e-02 1.063359e-03
5.840000 -3.352839e-02 1.124153e-03
5.850000 -3.436056e-02 1.180648e-03
5.860000 -3.510391e-02 1.232285e-03
5.870000 -3.575690e-02 1.278556e-03
5.880000 -3.631820e-02 1.319011e-03
5.890000 -3.678671e-02 1.353262e-03
5.900000 -3.716158e-02 1.380983e-03
5.910000 -3.744220e-02 1.401918e-03
5.920000 -3.762817e-02 1.415879e-03
5.930000 -3.771934e-02 1.422749e-03
5.940000 -3.771582e-02 1.422483e-03
5.950000 -3.761792e-02 1.415108e-03
5.960000 -3.742620e-02 1.400721e-03
5.970000 -3.714146e-02 1.379488e-03
5.980000 -3.676472e-02 1.351644e-03
5.990000 -3.629721e-02 1.317488e-03
6.000000 -3.574041e-02 1.277377e-03
6.010000 -3.509601e-02 1.231730e-03
6.020000 -3.436590e-02 1.181015e-03
6.030000 -3.355219e-02 1.125750e-03
6.040000 -3.265719e-02 1.066492e-03
6.050000 -3.168340e-02 1.003838e-03
6.060000 -3.063350e-02 9.384113e-04
6.070000 -2.951037e-02 8.708622e-04
6.080000 -2.831706e-02 8.018560e-04
6.090000 -2.705678e-02 7.320691e-04
6.100000 -2.573288e-02 6.621810e-04
6.110000 -2.434889e-02 5.928683e-04
6.120000 -2.290845e-02 5.247971e-04
6.130000 -2.141535e-02 4.586174e-04
6.140000 -1.987350e-02 3.949559e-04
6.150000 -1.828689e-02 3.344102e-04
6.160000 -1.665963e-02 2.775434e-04
6.170000 -1.499594e-02 2.248781e-04
6.180000 -1.330007e-02 1.768918e-04
6.190000 -1.157637e-02 1.340123e-04
6.200000 -9.829233e-03 9.661382e-05
6.210000 -8.063107e-03 6.501369e-05
6.220000 -6.282463e-03 3.946934e-05
6.230000 -4.491799e-03 2.017626e-05
6.240000 -2.695622e-03 7.266380e-06
6.250000 -8.984406e-04 8.071955e-07
6.260000 8.952501e-04 8.014728e-07
6.270000 2.680976e-03 7.187634e-06
6.280000 4.454299e-03 1.984078e-05
6.290000 6.210822e-03 3.857431e-05
6.300000 7.946206e-03 6.314219e-05
6.310000 9.656179e-03 9.324178e-05
6.320000 1.133654e-02 1.285172e-04
6.330000 1.298319e-02 1.685631e-04
6.340000 1.459210e-02 2.129293e-04
6.350000 1.615937e-02 2.611253e-04
6.360000 1.768121e-02 3.126253e-04
6.370000 1.915396e-02 3.668741e-04
6.380000 2.057407e-02 4.232925e-04
6.390000 2.193817e-02 4.812832e-04
6.400000 2.324300e-02 5.402372e-04
6.410000 2.448549e-02 5.995394e-04
6.420000 2.566272e-02 6.585753e-04
6.430000 2.677194e-02 7.167369e-04
6.440000 2.781059e-02 7.734288e-04
6.450000 2.877627e-02 8.280739e-04
6.460000 2.966680e-02 8.801191e-04
6.470000 3.048017e-02 9.290410e-04
6.480000 3.121459e-02 9.743505e-04
6.490000 3.186844e-02 1.015598e-03
6.500000 3.244035e-02 1.052376e-03
6.510000 3.292911e-02 1.084326e-03
6.520000 3.333377e-02 1.111140e-03
6.530000 3.365355e-02 1.132562e-03
6.540000 3.388792e-02 1.148391e-03
6.550000 3.403653e-02 1.158486e-03
6.560000 3.409929e-02 1.162761e-03
6.570000 3.407627e-02 1.161192e-03
6.580000 3.396780e-02 1.153811e-03
6.590000 3.377440e-02 1.140710e-03
6.600000 3.349680e-02 1.122036e-03
6.610000 3.313596e-02 1.097992e-03
6.620000 3.269302e-02 1.068834e-03
6.630000 3.216934e-02 1.034866e-03
6.640000 3.156646e-02 9.964412e-04
6.650000 3.088612e-02 9.539525e-04
6.660000 3.013027e-02 9.078330e-04
6.670000 2.930101e-02 8.585490e-04
6.680000 2.840064e-02 8.065961e-04
6.690000 2.743162e-02 7.524936e-04
6.700000 2.639658e-02 6.967795e-04
6.710000 2.529832e-02 6.400048e-04
6.720000 2.413976e-02 5.827279e-04
6.730000 2.292399e-02 5.255092e-04
6.740000 2.165422e-02 4.689053e-04
6.750000 2.033380e-02 4.134633e-04
6.760000 1.896617e-02 3.597157e-04
6.770000 1.755492e-02 3.081752e-04
6.780000 1.610370e-02 2.593292e-04
6.790000 1.461627e-02 2.136354e-04
6.800000 1.309647e-02 1.715176e-04
6.810000 1.154821e-02 1.333610e-04
6.820000 9.975440e-03 9.950941e-05
6.830000 8.382195e-03 7.026119e-05
6.840000 6.772526e-03 4.586711e-05
6.850000 5.150523e-03 2.652789e-05
6.860000 3.520293e-03 1.239246e-05
6.870000 1.885952e-03 3.556816e-06
6.880000 2.516182e-04 6.331171e-08
6.890000 -1.378605e-03 1.900551e-06
6.900000 -3.000634e-03 9.003802e-06
6.910000 -4.610416e-03 2.125594e-05
6.920000 -6.203942e-03 3.848890e-05
6.930000 -7.777254e-03 6.048568e-05
6.940000 -9.326454e-03 8.698274e-05
6.950000 -1.084772e-02 1.176729e-04
6.960000 -1.233730e-02 1.522089e-04
6.970000 -1.379154e-02 1.902064e-04
6.980000 -1.520688e-02 2.312491e-04
6.990000 -1.657987e-02 2.748922e-04
7.000000 -1.790719e-02 3.206674e-04
7.010000 -1.918561e-02 3.680876e-04
7.020000 -2.041206e-02 4.166520e-04
7.030000 -2.158359e-02 4.658513e-04
7.040000 -2.269741e-02 5.151725e-04
7.050000 -2.375088e-02 5.641044e-04
7.060000 -2.474151e-02 6.121425e-04
7.070000 -2.566699e-02 6.587943e-04
7.080000 -2.652515e-02 7.035838e-04
7.090000 -2.731404e-02 7.460566e-04
7.100000 -2.803184e-02 7.857841e-04
7.110000 -2.867695e-02 8.223675e-04
7.120000 -2.924794e-02 8.554421e-04
7.130000 -2.974358e-02 8.846805e-04
7.140000 -3.016282e-02 9.097956e-04
7.150000 -3.050481e-02 9.305435e-04
7.160000 -3.076891e-02 9.467256e-04
7.170000 -3.095465e-02 9.581904e-04
7.180000 -3.106178e-02 9.648345e-04
7.190000 -3.109025e-02 9.666038e-04
7.200000 -3.104020e-02 9.634937e-04
7.210000 -3.091195e-02 9.555486e-04
7.220000 -3.070605e-02 9.428614e-04
7.230000 -3.042322e-02 9.255723e-04
7.240000 -3.006438e-02 9.038671e-04
7.250000 -2.963064e-02 8.779751e-04
7.260000 -2.912330e-02 8.481665e-04
7.270000 -2.854382e-02 8.147498e-04
7.280000 -2.789387e-02 7.780678e-04
7.290000 -2.717526e-02 7.384948e-04
7.300000 -2.639000e-02 6.964319e-04
7.310000 -2.554023e-02 6.523035e-04
7.320000 -2.462828e-02 6.065523e-04
7.330000 -2.365661e-02 5.596354e-04
7.340000 -2.262783e-02 5.120188e-04
7.350000 -2.154469e-02 4.641735e-04
7.360000 -2.041005e-02 4.165702e-04
7.370000 -1.922692e-02 3.696746e-04
7.380000 -1.799842e-02 3.239431e-04
7.390000 -1.672776e-02 2.798179e-04
7.400000 -1.541825e-02 2.377226e-04
7.410000 -1.407332e-02 1.980582e-04
7.420000 -1.269643e-02 1.611994e-04
7.430000 -1.129116e-02 1.274903e-04
7.440000 -9.861123e-03 9.724175e-05
7.450000 -8.409994e-03 7.072800e-05
7.460000 -6.941492e-03 4.818432e-05
7.470000 -5.459371e-03 2.980473e-05
7.480000 -3.967407e-03 1.574032e-05
7.490000 -2.469395e-03 6.097912e-06
7.500000 -9.691324e-04 9.392177e-07
7.510000 5.295859e-04 2.804612e-07
7.520000 2.022979e-03 4.092443e-06
7.530000 3.507288e-03 1.230107e-05
7.540000 4.978788e-03 2.478833e-05
7.550000 6.433795e-03 4.139372e-05
7.560000 7.868675e-03 6.191605e-05
7.570000 9.279856e-03 8.611573e-05
7.580000 1.066383e-02 1.137174e-04
7.590000 1.201718e-02 1.444126e-04
7.600000 1.333656e-02 1.778638e-04
7.610000 1.461872e-02 2.137069e-04
7.620000 1.586051e-02 2.515559e-04
7.630000 1.705891e-02 2.910065e-04
7.640000 1.821100e-02 3.316405e-04
7.650000 1.931398e-02 3.730297e-04
7.660000 2.036519e-02 4.147408e-04
7.670000 2.136210e-02 4.563393e-04
7.680000 2.230234e-02 4.973943e-04
7.690000 2.318367e-02 5.374825e-04
7.700000 2.400401e-02 5.761927e-04
7.710000 2.476145e-02 6.131296e-04
7.720000 2.545423e-02 6.479180e-04
7.730000 2.608077e-02 6.802064e-04
7.740000 2.663964e-02 7.096704e-04
7.750000 2.712961e-02 7.360155e-04
7.760000 2.754960e-02 7.589807e-04
7.770000 2.789875e-02 7.783403e-04
7.780000 2.817634e-02 7.939060e-04
7.790000 2.838185e-02 8.055293e-04
7.800000 2.851494e-02 8.131020e-04
7.810000 2.857547e-02 8.165574e-04
7.820000 2.856345e-02 8.158709e-04
7.830000 2.847911e-02 8.110598e-04
7.840000 2.832284e-02 8.021833e-04
7.850000 2.809521e-02 7.893410e-04
7.860000 2.779699e-02 7.726724e-04
7.870000 2.742909e-02 7.523551e-04
7.880000 2.699263e-02 7.286023e-04
7.890000 2.648889e-02 7.016614e-04
7.900000 2.591931e-02 6.718104e-04
7.910000 2.528548e-02 6.393556e-04
7.920000 2.458919e-02 6.046280e-04
7.930000 2.383233e-02 5.679802e-04
7.940000 2.301699e-02 5.297821e-04
7.950000 2.214538e-02 4.904177e-04
7.960000 2.121982e-02 4.502810e-04
7.970000 2.024282e-02 4.097716e-04
7.980000 1.921695e-02 3.692912e-04
7.990000 1.814495e-02 3.292392e-04
8.000000 1.702964e-02 2.900086e-04
8.010000 1.587395e-02 2.519822e-04
8.020000 1.468090e-02 2.155288e-04
8.030000 1.345361e-02 1.809997e-04
8.040000 1.219528e-02 1.487248e-04
8.050000 1.090915e-02 1.190096e-04
8.060000 9.598563e-03 9.213240e-05
8.070000 8.266890e-03 6.834146e-05
8.080000 6.917556e-03 4.785258e-05
8.090000 5.554020e-03 3.084714e-05
8.100000 4.179771e-03 1.747049e-05
8.110000 2.798314e-03 7.830562e-06
8.120000 1.413165e-03 1.997036e-06
8.130000 2.784073e-05 7.751063e-10
8.140000 -1.354151e-03 1.833724e-06
8.150000 -2.729317e-03 7.449171e-06
8.160000 -4.094193e-03 1.676241e-05
8.170000 -5.445346e-03 2.965179e-05
8.180000 -6.779388e-03 4.596011e-05
8.190000 -8.092983e-03 6.549637e-05
8.200000 -9.382852e-03 8.803791e-05
8.210000 -1.064579e-02 1.133328e-04
8.220000 -1.187865e-02 1.411024e-04
8.230000 -1.307840e-02 1.710445e-04
8.240000 -1.424207e-02 2.028365e-04
8.250000 -1.536680e-02 2.361385e-04
8.260000 -1.644984e-02 2.705972e-04
8.270000 -1.748854e-02 3.058490e-04
8.280000 -1.848038e-02 3.415245e-04
8.290000 -1.942296e-02 3.772514e-04
8.300000 -2.031401e-02 4.126590e-04
8.310000 -2.115140e-02 4.473816e-04
8.320000 -2.193313e-02 4.810620e-04
8.330000 -2.265735e-02 5.133555e-04
8.340000 -2.332237e-02 5.439330e-04
8.350000 -2.392665e-02 5.724844e-04
8.360000 -2.446879e-02 5.987218e-04
8.370000 -2.494758e-02 6.223817e-04
8.380000 -2.536195e-02 6.432283e-04
8.390000 -2.571100e-02 6.610554e-04
8.400000 -2.599400e-02 6.756881e-04
8.410000 -2.621040e-02 6.869851e-04
8.420000 -2.635980e-02 6.948391e-04
8.430000 -2.644198e-02 6.991785e-04
8.440000 -2.645690e-02 6.999676e-04
8.450000 -2.640467e-02 6.972067e-04
8.460000 -2.628559e-02 6.909320e-04
8.470000 -2.610010e-02 6.812155e-04
8.480000 -2.584885e-02 6.681632e-04
8.490000 -2.553262e-02 6.519148e-04
8.500000 -2.515237e-02 6.326415e-04
8.510000 -2.470920e-02 6.105445e-04
8.520000 -2.420439e-02 5.858524e-04
8.530000 -2.363936e-02 5.588194e-04
8.540000 -2.301569e-02 5.297219e-04
8.550000 -2.233509e-02 4.988561e-04
8.560000 -2.159941e-02 4.665346e-04
8.570000 -2.081066e-02 4.330836e-04
8.580000 -1.997095e-02 3.988390e-04
8.590000 -1.908254e-02 3.641432e-04
8.600000 -1.814777e-02 3.293417e-04
8.610000 -1.716914e-02 2.947794e-04
8.620000 -1.614922e-02 2.607974e-04
8.630000 -1.509070e-02 2.277291e-04
8.640000 -1.399633e-02 1.958974e-04
8.650000 -1.286899e-02 1.656110e-04
8.660000 -1.171161e-02 1.371618e-04
8.670000 -1.052718e-02 1.108215e-04
8.680000 -9.318769e-03 8.683945e-05
8.690000 -8.089498e-03 6.543998e-05
8.700000 -6.842529e-03 4.682020e-05
8.710000 -5.581062e-03 3.114826e-05
8.720000 -4.308329e-03 1.856170e-05
8.730000 -3.027581e-03 9.166247e-06
8.740000 -1.742082e-03 3.034849e-06
8.750000 -4.551011e-04 2.071170e-07
8.760000 8.300962e-04 6.890596e-07
8.770000 2.110256e-03 4.453182e-06
8.780000 3.382146e-03 1.143891e-05
8.790000 4.642561e-03 2.155337e-05
8.800000 5.888331e-03 3.467244e-05
8.810000 7.116333e-03 5.064220e-05
8.820000 8.323494e-03 6.928055e-05
8.830000 9.506802e-03 9.037928e-05
8.840000 1.066331e-02 1.137062e-04
8.850000 1.179015e-02 1.390076e-04
8.860000 1.288453e-02 1.660110e-04
8.870000 1.394375e-02 1.944280e-04
8.880000 1.496520e-02 2.239572e-04
8.890000 1.594638e-02 2.542870e-04
8.900000 1.688489e-02 2.850997e-04
8.910000 1.777846e-02 3.160736e-04
8.920000 1.862491e-02 3.468872e-04
8.930000 1.942220e-02 3.772219e-04
8.940000 2.016843e-02 4.067655e-04
8.950000 2.086181e-02 4.352152e-04
8.960000 2.150071e-02 4.622806e-04
8.970000 2.208363e-02 4.876867e-04
8.980000 2.260921e-02 5.111765e-04
8.990000 2.307626e-02 5.325135e-04
9.000000 2.348370e-02 5.514843e-04
9.010000 2.383066e-02 5.679002e-04
9.020000 2.411637e-02 5.815994e-04
9.030000 2.434026e-02 5.924481e-04
9.040000 2.450188e-02 6.003422e-04
9.050000 2.460098e-02 6.052080e-04
9.060000 2.463742e-02 6.070027e-04
9.070000 2.461127e-02 6.057148e-04
9.080000 2.452273e-02 6.013641e-04
9.090000 2.437215e-02 5.940016e-04
9.100000 2.416005e-02 5.837081e-04
9.110000 2.388711e-02 5.705942e-04
9.120000 2.355416e-02 5.547984e-04
9.130000 2.316216e-02 5.364857e-04
9.140000 2.271224e-02 5.158461e-04
9.150000 2.220568e-02 4.930921e-04
9.160000 2.164386e-02 4.684569e-04
9.170000 2.102835e-02 4.421916e-04
9.180000 2.036082e-02 4.145630e-04
9.190000 1.964307e-02 3.858503e-04
9.200000 1.887704e-02 3.563425e-04
9.210000 1.806476e-02 3.263356e-04
9.220000 1.720840e-02 2.961292e-04
9.230000 1.631023e-02 2.660237e-04
9.240000 1.537262e-02 2.363174e-04
9.250000 1.439802e-02 2.073029e-04
9.260000 1.338899e-02 1.792649e-04
9.270000 1.234815e-02 1.524769e-04
9.280000 1.127823e-02 1.271984e-04
9.290000 1.018198e-02 1.036728e-04
9.300000 9.062257e-03 8.212451e-05
9.310000 7.921940e-03 6.275713e-05
9.320000 6.763966e-03 4.575123e-05
9.330000 5.591309e-03 3.126274e-05
9.340000 4.406974e-03 1.942142e-05
9.350000 3.213988e-03 1.032972e-05
9.360000 2.015395e-03 4.061818e-06
9.370000 8.142462e-04 6.629968e-07
9.380000 -3.864082e-04 1.493113e-07
9.390000 -1.583525e-03 2.507550e-06
9.400000 -2.774075e-03 7.695494e-06
9.410000 -3.955056e-03 1.564247e-05
9.420000 -5.123492e-03 2.625017e-05
9.430000 -6.276447e-03 3.939379e-05
9.440000 -7.411031e-03 5.492339e-05
9.450000 -8.524407e-03 7.266551e-05
9.460000 -9.613795e-03 9.242505e-05
9.470000 -1.067648e-02 1.139873e-04
9.480000 -1.170984e-02 1.371203e-04
9.490000 -1.271129e-02 1.615770e-04
9.500000 -1.367838e-02 1.870982e-04
9.510000 -1.460873e-02 2.134149e-04
9.520000 -1.550004e-02 2.402512e-04
9.530000 -1.635015e-02 2.673273e-04
9.540000 -1.715698e-02 2.943618e-04
9.550000 -1.791858e-02 3.210753e-04
9.560000 -1.863311e-02 3.471926e-04
9.570000 -1.929885e-02 3.724458e-04
9.580000 -1.991424e-02 3.965768e-04
9.590000 -2.047779e-02 4.193401e-04
9.600000 -2.098821e-02 4.405049e-04
9.610000 -2.144430e-02 4.598578e-04
9.620000 -2.184501e-02 4.772045e-04
9.630000 -2.218945e-02 4.923718e-04
9.640000 -2.247687e-02 5.052096e-04
9.650000 -2.270664e-02 5.155916e-04
9.660000 -2.287831e-02 5.234172e-04
9.670000 -2.299157e-02 5.286122e-04
9.680000 -2.304624e-02 5.311290e-04
9.690000 -2.304230e-02 5.309478e-04
9.700000 -2.297990e-02 5.280758e-04
9.710000 -2.285930e-02 5.225478e-04
9.720000 -2.268094e-02 5.144251e-04
9.730000 -2.244538e-02 5.037952e-04
9.740000 -2.215334e-02 4.907706e-04
9.750000 -2.180568e-02 4.754876e-04
9.760000 -2.140338e-02 4.581049e-04
9.770000 -2.094759e-02 4.388017e-04
9.780000 -2.043957e-02 4.177761e-04
9.790000 -1.988071e-02 3.952428e-04
9.800000 -1.927254e-02 3.714308e-04
9.810000 -1.861669e-02 3.465812e-04
9.820000 -1.791493e-02 3.209448e-04
9.830000 -1.716913e-02 2.947791e-04
9.840000 -1.638127e-02 2.683462e-04
9.850000 -1.555344e-02 2.419095e-04
9.860000 -1.468781e-02 2.157319e-04
9.870000 -1.378666e-02 1.900720e-04
9.880000 -1.285234e-02 1.651828e-04
9.890000 -1.188730e-02 1.413078e-04
9.900000 -1.089403e-02 1.186799e-04
9.910000 -9.875119e-03 9.751797e-05
9.920000 -8.833199e-03 7.802540e-05
9.930000 -7.770959e-03 6.038780e-05
9.940000 -6.691133e-03 4.477127e-05
9.950000 -5.596496e-03 3.132077e-05
9.960000 -4.489854e-03 2.015879e-05
9.970000 -3.374036e-03 1.138412e-05
9.980000 -2.251890e-03 5.071011e-06
9.990000 -1.126276e-03 1.268499e-06
10.000000 -5.522714e-08 3.050037e-15
