0.000000 nan nan
0.000000 4.221112e+22 1.781779e+45
0.000000 4.218990e+22 1.779988e+45
0.000000 4.215455e+22 1.777006e+45
0.000000 4.210509e+22 1.772839e+45
0.000000 4.204155e+22 1.767492e+45
0.000000 4.196397e+22 1.760974e+45
0.000000 4.187238e+22 1.753297e+45
0.000000 4.176686e+22 1.744471e+45
0.000000 4.164747e+22 1.734511e+45
0.000000 4.151426e+22 1.723434e+45
0.000000 4.136733e+22 1.711256e+45
0.000000 4.120677e+22 1.697998e+45
0.000000 4.103266e+22 1.683679e+45
0.000000 4.084511e+22 1.668323e+45
0.000000 4.064425e+22 1.651955e+45
0.000000 4.043018e+22 1.634599e+45
0.000000 4.020303e+22 1.616284e+45
0.000000 3.996294e+22 1.597037e+45
0.000000 3.971006e+22 1.576889e+45
0.000000 3.944454e+22 1.555872e+45
0.000000 3.916653e+22 1.534017e+45
0.000000 3.887620e+22 1.511359e+45
0.000000 3.857373e+22 1.487932e+45
0.000000 3.825929e+22 1.463773e+45
0.000000 3.793307e+22 1.438918e+45
0.000000 3.759527e+22 1.413404e+45
0.000000 3.724608e+22 1.387271e+45
0.000000 3.688572e+22 1.360557e+45
0.000000 3.651440e+22 1.333301e+45
0.000000 3.613234e+22 1.305546e+45
0.000000 3.573976e+22 1.277330e+45
0.000000 3.533690e+22 1.248696e+45
0.000000 3.492399e+22 1.219685e+45
0.000000 3.450129e+22 1.190339e+45
0.000000 3.406903e+22 1.160699e+45
0.000000 3.362747e+22 1.130807e+45
0.000000 3.317688e+22 1.100705e+45
0.000000 3.271751e+22 1.070435e+45
0.000000 3.224963e+22 1.040039e+45
0.000000 3.177353e+22 1.009557e+45
0.000000 3.128947e+22 9.790311e+44
0.000000 3.079774e+22 9.485011e+44
0.000000 3.029863e+22 9.180071e+44
0.000000 2.979242e+22 8.875885e+44
0.000000 2.927941e+22 8.572841e+44
0.000000 2.875990e+22 8.271318e+44
0.000000 2.823418e+22 7.971689e+44
0.000000 2.770256e+22 7.674317e+44
0.000000 2.716534e+22 7.379557e+44
0.000000 2.662283e+22 7.087752e+44
0.000000 2.607535e+22 6.799237e+44
0.000000 2.552319e+22 6.514334e+44
0.000000 2.496669e+22 6.233356e+44
0.000000 2.440615e+22 5.956601e+44
0.000000 2.384189e+22 5.684357e+44
0.000000 2.327423e+22 5.416897e+44
0.000000 2.270349e+22 5.154483e+44
0.000000 2.212998e+22 4.897362e+44
0.000000 2.155404e+22 4.645766e+44
0.000000 2.097598e+22 4.399915e+44
0.000000 2.039611e+22 4.160014e+44
0.000000 1.981477e+22 3.926252e+44
0.000000 1.923227e+22 3.698803e+44
0.000000 1.864894e+22 3.477829e+44
0.000000 1.806508e+22 3.263472e+44
0.000000 1.748103e+22 3.055864e+44
0.000000 1.689709e+22 2.855116e+44
0.000000 1.631358e+22 2.661330e+44
0.000000 1.573082e+22 2.474587e+44
0.000000 1.514912e+22 2.294957e+44
0.000000 1.456878e+22 2.122493e+44
0.000000 1.399012e+22 1.957233e+44
0.000000 1.341343e+22 1.799202e+44
0.000000 1.283903e+22 1.648407e+44
0.000000 1.226721e+22 1.504844e+44
0.000000 1.169826e+22 1.368493e+44
0.000000 1.113249e+22 1.239323e+44
0.000000 1.057017e+22 1.117285e+44
0.000000 1.001160e+22 1.002321e+44
0.000000 9.457054e+21 8.943587e+43
0.000000 8.906813e+21 7.933133e+43
0.000000 8.361151e+21 6.990884e+43
0.000000 7.820334e+21 6.115763e+43
0.000000 7.284630e+21 5.306583e+43
0.000000 6.754296e+21 4.562051e+43
0.000000 6.229588e+21 3.880777e+43
0.000000 5.710756e+21 3.261273e+43
0.000000 5.198044e+21 2.701966e+43
0.000000 4.691691e+21 2.201196e+43
0.000000 4.191930e+21 1.757228e+43
0.000000 3.698991e+21 1.368253e+43
0.000000 3.213094e+21 1.032397e+43
0.000000 2.734455e+21 7.477247e+42
0.000000 2.263286e+21 5.122464e+42
0.000000 1.799790e+21 3.239243e+42
0.000000 1.344164e+21 1.806776e+42
0.000000 8.965989e+20 8.038896e+41
0.000000 4.572802e+20 2.091052e+41
0.000000 2.638556e+19 6.961979e+38
0.000000 -3.959139e+20 1.567478e+41
0.000000 -8.094536e+20 6.552152e+41
0.000000 -1.214076e+21 1.473981e+42
0.000000 -1.609631e+21 2.590912e+42
0.000000 -1.995975e+21 3.983915e+42
0.000000 -2.372971e+21 5.630991e+42
0.000000 -2.740491e+21 7.510288e+42
0.000000 -3.098411e+21 9.600153e+42
0.000000 -3.446619e+21 1.187918e+43
0.000000 -3.785006e+21 1.432627e+43
0.000000 -4.113473e+21 1.692066e+43
0.000000 -4.431927e+21 1.964198e+43
0.000000 -4.740283e+21 2.247029e+43
0.000000 -5.038464e+21 2.538612e+43
0.000000 -5.326399e+21 2.837053e+43
0.000000 -5.604026e+21 3.140511e+43
0.000000 -5.871289e+21 3.447204e+43
0.000000 -6.128142e+21 3.755413e+43
0.000000 -6.374544e+21 4.063481e+43
0.000000 -6.610462e+21 4.369821e+43
0.000000 -6.835871e+21 4.672914e+43
0.000000 -7.050754e+21 4.971314e+43
0.000000 -7.255100e+21 5.263648e+43
0.000000 -7.448906e+21 5.548621e+43
0.000000 -7.632177e+21 5.825013e+43
0.000000 -7.804924e+21 6.091684e+43
0.000000 -7.967166e+21 6.347573e+43
0.000000 -8.118929e+21 6.591701e+43
0.000000 -8.260247e+21 6.823168e+43
0.000000 -8.391159e+21 7.041155e+43
0.000000 -8.511713e+21 7.244926e+43
0.000000 -8.621963e+21 7.433825e+43
0.000000 -8.721971e+21 7.607277e+43
0.000000 -8.811803e+21 7.764786e+43
0.000000 -8.891534e+21 7.905937e+43
0.000000 -8.961245e+21 8.030390e+43
0.000000 -9.021023e+21 8.137885e+43
0.000000 -9.070962e+21 8.228235e+43
0.000000 -9.111162e+21 8.301328e+43
0.000000 -9.141730e+21 8.357122e+43
0.000000 -9.162776e+21 8.395647e+43
0.000000 -9.174420e+21 8.416998e+43
0.000000 -9.176784e+21 8.421336e+43
0.000000 -9.169998e+21 8.408887e+43
0.000000 -9.154198e+21 8.379934e+43
0.000000 -9.129522e+21 8.334818e+43
0.000000 -9.096117e+21 8.273935e+43
0.000000 -9.054134e+21 8.197734e+43
0.000000 -9.003726e+21 8.106709e+43
0.000000 -8.945056e+21 8.001402e+43
0.000000 -8.878287e+21 7.882398e+43
0.000000 -8.803589e+21 7.750318e+43
0.000000 -8.721135e+21 7.605820e+43
0.000000 -8.631104e+21 7.449595e+43
0.000000 -8.533676e+21 7.282363e+43
0.000000 -8.429039e+21 7.104869e+43
0.000000 -8.317380e+21 6.917880e+43
0.000000 -8.198892e+21 6.722183e+43
0.000000 -8.073772e+21 6.518580e+43
0.000000 -7.942219e+21 6.307885e+43
0.000000 -7.804435e+21 6.090921e+43
0.000000 -7.660625e+21 5.868517e+43
0.000000 -7.510995e+21 5.641505e+43
0.000000 -7.355758e+21 5.410717e+43
0.000000 -7.195123e+21 5.176980e+43
0.000000 -7.029306e+21 4.941115e+43
0.000000 -6.858524e+21 4.703935e+43
0.000000 -6.682993e+21 4.466239e+43
0.000000 -6.502933e+21 4.228813e+43
0.000000 -6.318565e+21 3.992426e+43
0.000000 -6.130110e+21 3.757825e+43
0.000000 -5.937793e+21 3.525738e+43
0.000000 -5.741835e+21 3.296867e+43
0.000000 -5.542462e+21 3.071888e+43
0.000000 -5.339897e+21 2.851450e+43
0.000000 -5.134367e+21 2.636173e+43
0.000000 -4.926096e+21 2.426642e+43
0.000000 -4.715308e+21 2.223413e+43
0.000000 -4.502229e+21 2.027006e+43
0.000000 -4.287081e+21 1.837907e+43
0.000000 -4.070090e+21 1.656563e+43
0.000000 -3.851476e+21 1.483387e+43
0.000000 -3.631462e+21 1.318752e+43
0.000000 -3.410269e+21 1.162993e+43
0.000000 -3.188114e+21 1.016407e+43
0.000000 -2.965216e+21 8.792506e+42
0.000000 -2.741790e+21 7.517415e+42
0.000000 -2.518051e+21 6.340582e+42
0.000000 -2.294210e+21 5.263401e+42
0.000000 -2.070477e+21 4.286877e+42
0.000000 -1.847060e+21 3.411631e+42
0.000000 -1.624163e+21 2.637907e+42
0.000000 -1.401990e+21 1.965575e+42
0.000000 -1.180739e+21 1.394144e+42
0.000000 -9.606067e+20 9.227652e+41
0.000000 -7.417876e+20 5.502489e+41
0.000000 -5.244719e+20 2.750707e+41
0.000000 -3.088465e+20 9.538616e+40
0.000000 -9.509517e+19 9.043091e+39
0.000000 1.166020e+20 1.359604e+40
0.000000 3.260688e+20 1.063209e+41
0.000000 5.331325e+20 2.842303e+41
0.000000 7.376247e+20 5.440902e+41
0.000000 9.393807e+20 8.824361e+41
0.000000 1.138240e+21 1.295591e+42
0.000000 1.334047e+21 1.779681e+42
0.000000 1.526649e+21 2.330658e+42
0.000000 1.715900e+21 2.944313e+42
0.000000 1.901656e+21 3.616295e+42
0.000000 2.083779e+21 4.342136e+42
0.000000 2.262136e+21 5.117260e+42
0.000000 2.436598e+21 5.937011e+42
0.000000 2.607042e+21 6.796665e+42
0.000000 2.773347e+21 7.691453e+42
0.000000 2.935401e+21 8.616577e+42
0.000000 3.093094e+21 9.567228e+42
0.000000 3.246322e+21 1.053861e+43
0.000000 3.394987e+21 1.152593e+43
0.000000 3.538994e+21 1.252448e+43
0.000000 3.678257e+21 1.352957e+43
0.000000 3.812690e+21 1.453660e+43
0.000000 3.942217e+21 1.554107e+43
0.000000 4.066764e+21 1.653857e+43
0.000000 4.186265e+21 1.752481e+43
0.000000 4.300656e+21 1.849564e+43
0.000000 4.409882e+21 1.944706e+43
0.000000 4.513890e+21 2.037520e+43
0.000000 4.612635e+21 2.127640e+43
0.000000 4.706075e+21 2.214714e+43
0.000000 4.794175e+21 2.298411e+43
0.000000 4.876904e+21 2.378419e+43
0.000000 4.954237e+21 2.454447e+43
0.000000 5.026154e+21 2.526223e+43
0.000000 5.092641e+21 2.593499e+43
0.000000 5.153687e+21 2.656049e+43
0.000000 5.209287e+21 2.713668e+43
0.000000 5.259443e+21 2.766174e+43
0.000000 5.304159e+21 2.813411e+43
0.000000 5.343447e+21 2.855242e+43
0.000000 5.377320e+21 2.891557e+43
0.000000 5.405799e+21 2.922266e+43
0.000000 5.428908e+21 2.947304e+43
0.000000 5.446678e+21 2.966630e+43
0.000000 5.459141e+21 2.980222e+43
0.000000 5.466337e+21 2.988084e+43
0.000000 5.468308e+21 2.990239e+43
0.000000 5.465101e+21 2.986733e+43
0.000000 5.456768e+21 2.977632e+43
0.000000 5.443365e+21 2.963022e+43
0.000000 5.424951e+21 2.943010e+43
0.000000 5.401590e+21 2.917718e+43
0.000000 5.373350e+21 2.887289e+43
0.000000 5.340301e+21 2.851881e+43
0.000000 5.302518e+21 2.811670e+43
0.000000 5.260081e+21 2.766845e+43
0.000000 5.213070e+21 2.717610e+43
0.000000 5.161572e+21 2.664182e+43
0.000000 5.105674e+21 2.606791e+43
0.000000 5.045468e+21 2.545675e+43
0.000000 4.981049e+21 2.481085e+43
0.000000 4.912513e+21 2.413278e+43
0.000000 4.839961e+21 2.342522e+43
0.000000 4.763495e+21 2.269089e+43
0.000000 4.683221e+21 2.193256e+43
0.000000 4.599245e+21 2.115306e+43
0.000000 4.511678e+21 2.035524e+43
0.000000 4.420631e+21 1.954198e+43
0.000000 4.326217e+21 1.871616e+43
0.000000 4.228554e+21 1.788067e+43
0.000000 4.127756e+21 1.703837e+43
0.000000 4.023944e+21 1.619213e+43
0.000000 3.917238e+21 1.534475e+43
0.000000 3.807759e+21 1.449903e+43
0.000000 3.695630e+21 1.365768e+43
0.000000 3.580975e+21 1.282338e+43
0.000000 3.463919e+21 1.199873e+43
0.000000 3.344587e+21 1.118626e+43
0.000000 3.223106e+21 1.038841e+43
0.000000 3.099603e+21 9.607538e+42
0.000000 2.974205e+21 8.845893e+42
0.000000 2.847039e+21 8.105631e+42
0.000000 2.718234e+21 7.388796e+42
0.000000 2.587918e+21 6.697318e+42
0.000000 2.456218e+21 6.033006e+42
0.000000 2.323262e+21 5.397548e+42
0.000000 2.189179e+21 4.792504e+42
0.000000 2.054095e+21 4.219304e+42
0.000000 1.918136e+21 3.679246e+42
0.000000 1.781430e+21 3.173491e+42
0.000000 1.644101e+21 2.703067e+42
0.000000 1.506274e+21 2.268861e+42
0.000000 1.368073e+21 1.871623e+42
0.000000 1.229621e+21 1.511967e+42
0.000000 1.091039e+21 1.190365e+42
0.000000 9.524476e+20 9.071565e+41
0.000000 8.139667e+20 6.625418e+41
0.000000 6.757138e+20 4.565892e+41
0.000000 5.378053e+20 2.892346e+41
0.000000 4.003562e+20 1.602851e+41
0.000000 2.634796e+20 6.942152e+40
0.000000 1.272873e+20 1.620206e+40
0.000000 -8.110949e+18 6.578749e+37
0.000000 -1.426072e+20 2.033680e+40
0.000000 -2.760952e+20 7.622857e+40
0.000000 -4.084710e+20 1.668485e+41
0.000000 -5.396324e+20 2.912031e+41
0.000000 -6.694794e+20 4.482027e+41
0.000000 -7.979142e+20 6.366671e+41
0.000000 -9.248412e+20 8.553313e+41
0.000000 -1.050167e+21 1.102851e+42
0.000000 -1.173801e+21 1.377808e+42
0.000000 -1.295653e+21 1.678717e+42
0.000000 -1.415638e+21 2.004032e+42
0.000000 -1.533672e+21 2.352151e+42
0.000000 -1.649674e+21 2.721424e+42
0.000000 -1.763564e+21 3.110159e+42
0.000000 -1.875267e+21 3.516626e+42
0.000000 -1.984708e+21 3.939066e+42
0.000000 -2.091817e+21 4.375696e+42
0.000000 -2.196524e+21 4.824718e+42
0.000000 -2.298765e+21 5.284319e+42
0.000000 -2.398475e+21 5.752683e+42
0.000000 -2.495595e+21 6.227994e+42
0.000000 -2.590066e+21 6.708444e+42
0.000000 -2.681834e+21 7.192236e+42
0.000000 -2.770847e+21 7.677590e+42
0.000000 -2.857053e+21 8.162753e+42
0.000000 -2.940407e+21 8.645996e+42
0.000000 -3.020865e+21 9.125626e+42
0.000000 -3.098385e+21 9.599989e+42
0.000000 -3.172928e+21 1.006747e+43
0.000000 -3.244459e+21 1.052651e+43
0.000000 -3.312943e+21 1.097559e+43
0.000000 -3.378351e+21 1.141326e+43
0.000000 -3.440655e+21 1.183811e+43
0.000000 -3.499830e+21 1.224881e+43
0.000000 -3.555853e+21 1.264409e+43
0.000000 -3.608704e+21 1.302275e+43
0.000000 -3.658367e+21 1.338365e+43
0.000000 -3.704826e+21 1.372574e+43
0.000000 -3.748070e+21 1.404803e+43
0.000000 -3.788090e+21 1.434963e+43
0.000000 -3.824878e+21 1.462970e+43
0.000000 -3.858431e+21 1.488749e+43
0.000000 -3.888747e+21 1.512235e+43
0.000000 -3.915826e+21 1.533370e+43
0.000000 -3.939672e+21 1.552102e+43
0.000000 -3.960291e+21 1.568390e+43
0.000000 -3.977689e+21 1.582201e+43
0.000000 -3.991879e+21 1.593509e+43
0.000000 -4.002871e+21 1.602298e+43
0.000000 -4.010682e+21 1.608557e+43
0.000000 -4.015329e+21 1.612286e+43
0.000000 -4.016830e+21 1.613492e+43
0.000000 -4.015208e+21 1.612189e+43
0.000000 -4.010486e+21 1.608400e+43
0.000000 -4.002690e+21 1.602153e+43
0.000000 -3.991848e+21 1.593485e+43
0.000000 -3.977989e+21 1.582440e+43
0.000000 -3.961147e+21 1.569068e+43
0.000000 -3.941353e+21 1.553426e+43
0.000000 -3.918644e+21 1.535577e+43
0.000000 -3.893058e+21 1.515590e+43
0.000000 -3.864634e+21 1.493539e+43
0.000000 -3.833412e+21 1.469505e+43
0.000000 -3.799435e+21 1.443571e+43
0.000000 -3.762749e+21 1.415828e+43
0.000000 -3.723398e+21 1.386369e+43
0.000000 -3.681430e+21 1.355293e+43
0.000000 -3.636894e+21 1.322700e+43
0.000000 -3.589842e+21 1.288696e+43
0.000000 -3.540324e+21 1.253389e+43
0.000000 -3.488394e+21 1.216889e+43
0.000000 -3.434107e+21 1.179309e+43
0.000000 -3.377518e+21 1.140763e+43
0.000000 -3.318685e+21 1.101367e+43
0.000000 -3.257666e+21 1.061239e+43
0.000000 -3.194520e+21 1.020496e+43
0.000000 -3.129308e+21 9.792569e+42
0.000000 -3.062091e+21 9.376403e+42
0.000000 -2.992932e+21 8.957644e+42
0.000000 -2.921895e+21 8.537469e+42
0.000000 -2.849042e+21 8.117043e+42
0.000000 -2.774441e+21 7.697521e+42
0.000000 -2.698155e+21 7.280042e+42
0.000000 -2.620253e+21 6.865726e+42
0.000000 -2.540801e+21 6.455670e+42
0.000000 -2.459867e+21 6.050946e+42
0.000000 -2.377520e+21 5.652601e+42
0.000000 -2.293828e+21 5.261648e+42
0.000000 -2.208862e+21 4.879070e+42
0.000000 -2.122690e+21 4.505813e+42
0.000000 -2.035384e+21 4.142787e+42
0.000000 -1.947013e+21 3.790860e+42
0.000000 -1.857649e+21 3.450861e+42
0.000000 -1.767363e+21 3.123572e+42
0.000000 -1.676226e+21 2.809733e+42
0.000000 -1.584309e+21 2.510036e+42
0.000000 -1.491684e+21 2.225123e+42
0.000000 -1.398423e+21 1.955587e+42
0.000000 -1.304597e+21 1.701973e+42
0.000000 -1.210277e+21 1.464770e+42
0.000000 -1.115535e+21 1.244417e+42
0.000000 -1.020441e+21 1.041300e+42
0.000000 -9.250679e+20 8.557506e+41
0.000000 -8.294852e+20 6.880457e+41
0.000000 -7.337636e+20 5.384090e+41
0.000000 -6.379733e+20 4.070099e+41
0.000000 -5.421840e+20 2.939634e+41
0.000000 -4.464649e+20 1.993309e+41
0.000000 -3.508851e+20 1.231204e+41
0.000000 -2.555128e+20 6.528678e+40
0.000000 -1.604158e+20 2.573322e+40
0.000000 -6.566129e+19 4.311405e+39
0.000000 2.868411e+19 8.227782e+38
0.000000 1.225545e+20 1.501961e+40
0.000000 2.158848e+20 4.660624e+40
0.000000 3.086105e+20 9.524042e+40
0.000000 4.006679e+20 1.605348e+41
0.000000 4.919943e+20 2.420584e+41
0.000000 5.825278e+20 3.393386e+41
0.000000 6.722072e+20 4.518625e+41
0.000000 7.609725e+20 5.790792e+41
0.000000 8.487647e+20 7.204015e+41
0.000000 9.355255e+20 8.752079e+41
0.000000 1.021198e+21 1.042845e+42
0.000000 1.105726e+21 1.222630e+42
0.000000 1.189054e+21 1.413850e+42
0.000000 1.271130e+21 1.615772e+42
0.000000 1.351900e+21 1.827634e+42
0.000000 1.431313e+21 2.048657e+42
0.000000 1.509319e+21 2.278043e+42
0.000000 1.585868e+21 2.514978e+42
0.000000 1.660914e+21 2.758635e+42
0.000000 1.734410e+21 3.008177e+42
0.000000 1.806310e+21 3.262757e+42
0.000000 1.876572e+21 3.521523e+42
0.000000 1.945153e+21 3.783619e+42
0.000000 2.012012e+21 4.048190e+42
0.000000 2.077109e+21 4.314381e+42
0.000000 2.140407e+21 4.581340e+42
0.000000 2.201868e+21 4.848224e+42
0.000000 2.261459e+21 5.114196e+42
0.000000 2.319145e+21 5.378431e+42
0.000000 2.374893e+21 5.640118e+42
0.000000 2.428674e+21 5.898459e+42
0.000000 2.480459e+21 6.152676e+42
0.000000 2.530219e+21 6.402009e+42
0.000000 2.577929e+21 6.645719e+42
0.000000 2.623565e+21 6.883091e+42
0.000000 2.667103e+21 7.113436e+42
0.000000 2.708522e+21 7.336090e+42
0.000000 2.747802e+21 7.550418e+42
0.000000 2.784927e+21 7.755816e+42
0.000000 2.819878e+21 7.951711e+42
0.000000 2.852641e+21 8.137561e+42
0.000000 2.883203e+21 8.312860e+42
0.000000 2.911552e+21 8.477135e+42
0.000000 2.937678e+21 8.629953e+42
0.000000 2.961573e+21 8.770912e+42
0.000000 2.983229e+21 8.899654e+42
0.000000 3.002641e+21 9.015854e+42
0.000000 3.019806e+21 9.119230e+42
0.000000 3.034722e+21 9.209537e+42
0.000000 3.047388e+21 9.286571e+42
0.000000 3.057804e+21 9.350167e+42
0.000000 3.065975e+21 9.400201e+42
0.000000 3.071903e+21 9.436588e+42
0.000000 3.075595e+21 9.459285e+42
0.000000 3.077058e+21 9.468286e+42
0.000000 3.076301e+21 9.463625e+42
0.000000 3.073333e+21 9.445377e+42
0.000000 3.068168e+21 9.413653e+42
0.000000 3.060817e+21 9.368603e+42
0.000000 3.051297e+21 9.310413e+42
0.000000 3.039623e+21 9.239306e+42
0.000000 3.025812e+21 9.155539e+42
0.000000 3.009884e+21 9.059405e+42
0.000000 2.991860e+21 8.951227e+42
0.000000 2.971761e+21 8.831364e+42
0.000000 2.949610e+21 8.700201e+42
0.000000 2.925432e+21 8.558155e+42
0.000000 2.899253e+21 8.405669e+42
0.000000 2.871100e+21 8.243215e+42
0.000000 2.841001e+21 8.071286e+42
0.000000 2.808986e+21 7.890401e+42
0.000000 2.775085e+21 7.701098e+42
0.000000 2.739331e+21 7.503937e+42
0.000000 2.701758e+21 7.299494e+42
0.000000 2.662398e+21 7.088363e+42
0.000000 2.621288e+21 6.871151e+42
0.000000 2.578464e+21 6.648477e+42
0.000000 2.533964e+21 6.420973e+42
0.000000 2.487826e+21 6.189278e+42
0.000000 2.440090e+21 5.954037e+42
0.000000 2.390795e+21 5.715903e+42
0.000000 2.339985e+21 5.475529e+42
0.000000 2.287700e+21 5.233572e+42
0.000000 2.233985e+21 4.990687e+42
0.000000 2.178882e+21 4.747526e+42
0.000000 2.122437e+21 4.504739e+42
0.000000 2.064695e+21 4.262966e+42
0.000000 2.005703e+21 4.022844e+42
0.000000 1.945507e+21 3.784997e+42
0.000000 1.884155e+21 3.550040e+42
0.000000 1.821695e+21 3.318572e+42
0.000000 1.758176e+21 3.091182e+42
0.000000 1.693647e+21 2.868439e+42
0.000000 1.628158e+21 2.650897e+42
0.000000 1.561759e+21 2.439090e+42
0.000000 1.494501e+21 2.233532e+42
0.000000 1.426435e+21 2.034716e+42
0.000000 1.357612e+21 1.843111e+42
0.000000 1.288085e+21 1.659163e+42
0.000000 1.217905e+21 1.483293e+42
0.000000 1.147125e+21 1.315896e+42
0.000000 1.075797e+21 1.157339e+42
0.000000 1.003974e+21 1.007964e+42
0.000000 9.317088e+20 8.680813e+41
0.000000 8.590544e+20 7.379745e+41
0.000000 7.860638e+20 6.178963e+41
0.000000 7.127901e+20 5.080697e+41
0.000000 6.392863e+20 4.086870e+41
0.000000 5.656054e+20 3.199095e+41
0.000000 4.918004e+20 2.418676e+41
0.000000 4.179241e+20 1.746605e+41
0.000000 3.440291e+20 1.183560e+41
0.000000 2.701679e+20 7.299070e+40
0.000000 1.963928e+20 3.857013e+40
0.000000 1.227557e+20 1.506896e+40
0.000000 4.930838e+19 2.431316e+39
0.000000 -2.389785e+19 5.711070e+38
0.000000 -9.681195e+19 9.372554e+39
0.000000 -1.693833e+20 2.869072e+40
0.000000 -2.415618e+20 5.835212e+40
0.000000 -3.132977e+20 9.815545e+40
0.000000 -3.845417e+20 1.478724e+41
0.000000 -4.552453e+20 2.072483e+41
0.000000 -5.253601e+20 2.760033e+41
0.000000 -5.948388e+20 3.538332e+41
0.000000 -6.636344e+20 4.404106e+41
0.000000 -7.317006e+20 5.353858e+41
0.000000 -7.989919e+20 6.383881e+41
0.000000 -8.654634e+20 7.490268e+41
0.000000 -9.310709e+20 8.668930e+41
0.000000 -9.957711e+20 9.915601e+41
0.000000 -1.059521e+21 1.122586e+42
0.000000 -1.122280e+21 1.259513e+42
0.000000 -1.184006e+21 1.401871e+42
0.000000 -1.244660e+21 1.549179e+42
0.000000 -1.304202e+21 1.700943e+42
0.000000 -1.362594e+21 1.856663e+42
0.000000 -1.419800e+21 2.015831e+42
0.000000 -1.475781e+21 2.177930e+42
0.000000 -1.530504e+21 2.342443e+42
0.000000 -1.583934e+21 2.508848e+42
0.000000 -1.636038e+21 2.676621e+42
0.000000 -1.686784e+21 2.845239e+42
0.000000 -1.736140e+21 3.014181e+42
0.000000 -1.784076e+21 3.182927e+42
0.000000 -1.830564e+21 3.350963e+42
0.000000 -1.875575e+21 3.517782e+42
0.000000 -1.919084e+21 3.682882e+42
0.000000 -1.961063e+21 3.845770e+42
0.000000 -2.001490e+21 4.005964e+42
0.000000 -2.040341e+21 4.162992e+42
0.000000 -2.077594e+21 4.316397e+42
0.000000 -2.113228e+21 4.465732e+42
0.000000 -2.147223e+21 4.610568e+42
0.000000 -2.179562e+21 4.750490e+42
0.000000 -2.210227e+21 4.885102e+42
0.000000 -2.239201e+21 5.014023e+42
0.000000 -2.266472e+21 5.136895e+42
0.000000 -2.292024e+21 5.253376e+42
0.000000 -2.315847e+21 5.363147e+42
0.000000 -2.337929e+21 5.465910e+42
0.000000 -2.358260e+21 5.561389e+42
0.000000 -2.376832e+21 5.649331e+42
0.000000 -2.393638e+21 5.729505e+42
0.000000 -2.408673e+21 5.801706e+42
0.000000 -2.421932e+21 5.865753e+42
0.000000 -2.433410e+21 5.921486e+42
0.000000 -2.443108e+21 5.968775e+42
0.000000 -2.451023e+21 6.007513e+42
0.000000 -2.457156e+21 6.037615e+42
0.000000 -2.461509e+21 6.059027e+42
0.000000 -2.464085e+21 6.071716e+42
0.000000 -2.464889e+21 6.075676e+42
0.000000 -2.463925e+21 6.070925e+42
0.000000 -2.461200e+21 6.057506e+42
0.000000 -2.456723e+21 6.035487e+42
0.000000 -2.450502e+21 6.004961e+42
0.000000 -2.442548e+21 5.966042e+42
0.000000 -2.432873e+21 5.918870e+42
0.000000 -2.421488e+21 5.863605e+42
0.000000 -2.408409e+21 5.800432e+42
0.000000 -2.393649e+21 5.729554e+42
0.000000 -2.377225e+21 5.651199e+42
0.000000 -2.359155e+21 5.565610e+42
0.000000 -2.339456e+21 5.473053e+42
0.000000 -2.318148e+21 5.373811e+42
0.000000 -2.295252e+21 5.268182e+42
0.000000 -2.270789e+21 5.156483e+42
0.000000 -2.244782e+21 5.039046e+42
0.000000 -2.217254e+21 4.916216e+42
0.000000 -2.188230e+21 4.788352e+42
0.000000 -2.157736e+21 4.655825e+42
0.000000 -2.125798e+21 4.519017e+42
0.000000 -2.092443e+21 4.378319e+42
0.000000 -2.057701e+21 4.234132e+42
0.000000 -2.021599e+21 4.086863e+42
0.000000 -1.984169e+21 3.936926e+42
0.000000 -1.945441e+21 3.784740e+42
0.000000 -1.905447e+21 3.630727e+42
0.000000 -1.864219e+21 3.475313e+42
0.000000 -1.821792e+21 3.318925e+42
0.000000 -1.778198e+21 3.161988e+42
0.000000 -1.733473e+21 3.004929e+42
0.000000 -1.687652e+21 2.848170e+42
0.000000 -1.640771e+21 2.692131e+42
0.000000 -1.592868e+21 2.537228e+42
0.000000 -1.543979e+21 2.383870e+42
0.000000 -1.494141e+21 2.232459e+42
0.000000 -1.443395e+21 2.083389e+42
0.000000 -1.391778e+21 1.937047e+42
0.000000 -1.339331e+21 1.793807e+42
0.000000 -1.286092e+21 1.654034e+42
0.000000 -1.232103e+21 1.518079e+42
0.000000 -1.177405e+21 1.386282e+42
0.000000 -1.122037e+21 1.258967e+42
0.000000 -1.066043e+21 1.136447e+42
0.000000 -1.009462e+21 1.019014e+42
0.000000 -9.523390e+20 9.069495e+41
0.000000 -8.947145e+20 8.005140e+41
0.000000 -8.366315e+20 6.999522e+41
0.000000 -7.781327e+20 6.054905e+41
0.000000 -7.192610e+20 5.173364e+41
0.000000 -6.600594e+20 4.356784e+41
0.000000 -6.005710e+20 3.606856e+41
0.000000 -5.408391e+20 2.925069e+41
0.000000 -4.809067e+20 2.312713e+41
0.000000 -4.208172e+20 1.770871e+41
0.000000 -3.606136e+20 1.300422e+41
0.000000 -3.003393e+20 9.020369e+40
0.000000 -2.400372e+20 5.761784e+40
0.000000 -1.797502e+20 3.231014e+40
0.000000 -1.195213e+20 1.428533e+40
0.000000 -5.939291e+19 3.527518e+39
0.000000 5.923961e+17 3.509332e+35
0.000000 6.039246e+19 3.647249e+39
0.000000 1.199653e+20 1.439168e+40
0.000000 1.792694e+20 3.213752e+40
0.000000 2.382633e+20 5.676939e+40
0.000000 2.969060e+20 8.815318e+40
0.000000 3.551570e+20 1.261365e+41
0.000000 4.129759e+20 1.705491e+41
0.000000 4.703231e+20 2.212038e+41
0.000000 5.271592e+20 2.778968e+41
0.000000 5.834453e+20 3.404084e+41
0.000000 6.391430e+20 4.085038e+41
0.000000 6.942146e+20 4.819340e+41
0.000000 7.486228e+20 5.604362e+41
0.000000 8.023309e+20 6.437349e+41
0.000000 8.553029e+20 7.315430e+41
0.000000 9.075031e+20 8.235619e+41
0.000000 9.588970e+20 9.194834e+41
0.000000 1.009450e+21 1.018990e+42
0.000000 1.059130e+21 1.121755e+42
0.000000 1.107902e+21 1.227447e+42
0.000000 1.155736e+21 1.335726e+42
0.000000 1.202600e+21 1.446246e+42
0.000000 1.248463e+21 1.558661e+42
0.000000 1.293297e+21 1.672617e+42
0.000000 1.337072e+21 1.787761e+42
0.000000 1.379760e+21 1.903736e+42
0.000000 1.421333e+21 2.020189e+42
0.000000 1.461767e+21 2.136763e+42
0.000000 1.501035e+21 2.253106e+42
0.000000 1.539113e+21 2.368868e+42
0.000000 1.575977e+21 2.483702e+42
0.000000 1.611604e+21 2.597268e+42
0.000000 1.645974e+21 2.709229e+42
0.000000 1.679064e+21 2.819256e+42
0.000000 1.710856e+21 2.927028e+42
0.000000 1.741330e+21 3.032231e+42
0.000000 1.770469e+21 3.134561e+42
0.000000 1.798256e+21 3.233724e+42
0.000000 1.824674e+21 3.329436e+42
0.000000 1.849710e+21 3.421427e+42
0.000000 1.873349e+21 3.509437e+42
0.000000 1.895579e+21 3.593219e+42
0.000000 1.916387e+21 3.672540e+42
0.000000 1.935764e+21 3.747181e+42
0.000000 1.953699e+21 3.816938e+42
0.000000 1.970183e+21 3.881622e+42
0.000000 1.985210e+21 3.941060e+42
0.000000 1.998773e+21 3.995094e+42
0.000000 2.010866e+21 4.043583e+42
0.000000 2.021485e+21 4.086402e+42
0.000000 2.030627e+21 4.123445e+42
0.000000 2.038289e+21 4.154620e+42
0.000000 2.044469e+21 4.179855e+42
0.000000 2.049169e+21 4.199095e+42
0.000000 2.052389e+21 4.212300e+42
0.000000 2.054130e+21 4.219450e+42
0.000000 2.054396e+21 4.220542e+42
0.000000 2.053190e+21 4.215590e+42
0.000000 2.050518e+21 4.204625e+42
0.000000 2.046386e+21 4.187696e+42
0.000000 2.040801e+21 4.164867e+42
0.000000 2.033770e+21 4.136220e+42
0.000000 2.025303e+21 4.101853e+42
0.000000 2.015410e+21 4.061879e+42
0.000000 2.004103e+21 4.016427e+42
0.000000 1.991392e+21 3.965641e+42
0.000000 1.977291e+21 3.909680e+42
0.000000 1.961814e+21 3.848715e+42
0.000000 1.944976e+21 3.782932e+42
0.000000 1.926793e+21 3.712530e+42
0.000000 1.907281e+21 3.637720e+42
0.000000 1.886457e+21 3.558722e+42
0.000000 1.864342e+21 3.475769e+42
0.000000 1.840952e+21 3.389105e+42
0.000000 1.816310e+21 3.298982e+42
0.000000 1.790435e+21 3.205659e+42
0.000000 1.763351e+21 3.109406e+42
0.000000 1.735078e+21 3.010497e+42
0.000000 1.705642e+21 2.909213e+42
0.000000 1.675065e+21 2.805842e+42
0.000000 1.643373e+21 2.700674e+42
0.000000 1.610591e+21 2.594005e+42
0.000000 1.576747e+21 2.486130e+42
0.000000 1.541866e+21 2.377350e+42
0.000000 1.505976e+21 2.267964e+42
0.000000 1.469107e+21 2.158274e+42
0.000000 1.431286e+21 2.048578e+42
0.000000 1.392543e+21 1.939176e+42
0.000000 1.352908e+21 1.830361e+42
0.000000 1.312413e+21 1.722428e+42
0.000000 1.271088e+21 1.615664e+42
0.000000 1.228964e+21 1.510353e+42
0.000000 1.186075e+21 1.406774e+42
0.000000 1.142452e+21 1.305197e+42
0.000000 1.098129e+21 1.205887e+42
0.000000 1.053139e+21 1.109102e+42
0.000000 1.007516e+21 1.015088e+42
0.000000 9.612939e+20 9.240860e+41
0.000000 9.145076e+20 8.363242e+41
0.000000 8.671919e+20 7.520217e+41
0.000000 8.193817e+20 6.713864e+41
0.000000 7.711126e+20 5.946146e+41
0.000000 7.224200e+20 5.218907e+41
0.000000 6.733399e+20 4.533866e+41
0.000000 6.239082e+20 3.892614e+41
0.000000 5.741610e+20 3.296608e+41
0.000000 5.241346e+20 2.747171e+41
0.000000 4.738655e+20 2.245485e+41
0.000000 4.233899e+20 1.792590e+41
0.000000 3.727446e+20 1.389385e+41
0.000000 3.219658e+20 1.036620e+41
0.000000 2.710903e+20 7.348996e+40
0.000000 2.201545e+20 4.846799e+40
0.000000 1.691948e+20 2.862687e+40
0.000000 1.182475e+20 1.398248e+40
0.000000 6.734906e+19 4.535896e+39
0.000000 1.653546e+19 2.734216e+38
0.000000 -3.415727e+19 1.166719e+39
0.000000 -8.469335e+19 7.172963e+39
0.000000 -1.350372e+20 1.823504e+40
0.000000 -1.851534e+20 3.428178e+40
0.000000 -2.350069e+20 5.522823e+40
0.000000 -2.845628e+20 8.097599e+40
0.000000 -3.337866e+20 1.114135e+41
0.000000 -3.826442e+20 1.464166e+41
0.000000 -4.311015e+20 1.858485e+41
0.000000 -4.791252e+20 2.295610e+41
0.000000 -5.266822e+20 2.773941e+41
0.000000 -5.737397e+20 3.291772e+41
0.000000 -6.202655e+20 3.847293e+41
0.000000 -6.662279e+20 4.438596e+41
0.000000 -7.115955e+20 5.063681e+41
0.000000 -7.563375e+20 5.720464e+41
0.000000 -8.004237e+20 6.406781e+41
0.000000 -8.438243e+20 7.120394e+41
0.000000 -8.865101e+20 7.859002e+41
0.000000 -9.284526e+20 8.620242e+41
0.000000 -9.696237e+20 9.401701e+41
0.000000 -1.009996e+21 1.020092e+42
0.000000 -1.049543e+21 1.101540e+42
0.000000 -1.088238e+21 1.184263e+42
0.000000 -1.126057e+21 1.268003e+42
0.000000 -1.162973e+21 1.352507e+42
0.000000 -1.198964e+21 1.437515e+42
0.000000 -1.234006e+21 1.522770e+42
0.000000 -1.268076e+21 1.608017e+42
0.000000 -1.301153e+21 1.692998e+42
0.000000 -1.333215e+21 1.777462e+42
0.000000 -1.364242e+21 1.861156e+42
0.000000 -1.394215e+21 1.943835e+42
0.000000 -1.423114e+21 2.025255e+42
0.000000 -1.450923e+21 2.105178e+42
0.000000 -1.477624e+21 2.183371e+42
0.000000 -1.503200e+21 2.259609e+42
0.000000 -1.527636e+21 2.333672e+42
0.000000 -1.550918e+21 2.405346e+42
0.000000 -1.573032e+21 2.474428e+42
0.000000 -1.593964e+21 2.540722e+42
0.000000 -1.613704e+21 2.604040e+42
0.000000 -1.632239e+21 2.664206e+42
0.000000 -1.649561e+21 2.721050e+42
0.000000 -1.665658e+21 2.774417e+42
0.000000 -1.680523e+21 2.824159e+42
0.000000 -1.694149e+21 2.870141e+42
0.000000 -1.706528e+21 2.912238e+42
0.000000 -1.717655e+21 2.950339e+42
0.000000 -1.727525e+21 2.984343e+42
0.000000 -1.736134e+21 3.014161e+42
0.000000 -1.743479e+21 3.039718e+42
0.000000 -1.749558e+21 3.060952e+42
0.000000 -1.754369e+21 3.077810e+42
0.000000 -1.757912e+21 3.090256e+42
0.000000 -1.760189e+21 3.098264e+42
0.000000 -1.761199e+21 3.101823e+42
0.000000 -1.760947e+21 3.100933e+42
0.000000 -1.759434e+21 3.095606e+42
0.000000 -1.756665e+21 3.085871e+42
0.000000 -1.752645e+21 3.071763e+42
0.000000 -1.747380e+21 3.053335e+42
0.000000 -1.740876e+21 3.030650e+42
0.000000 -1.733142e+21 3.003781e+42
0.000000 -1.724186e+21 2.972816e+42
0.000000 -1.714016e+21 2.937852e+42
0.000000 -1.702644e+21 2.898998e+42
0.000000 -1.690081e+21 2.856373e+42
0.000000 -1.676337e+21 2.810106e+42
0.000000 -1.661426e+21 2.760337e+42
0.000000 -1.645361e+21 2.707214e+42
0.000000 -1.628157e+21 2.650895e+42
0.000000 -1.609828e+21 2.591545e+42
0.000000 -1.590390e+21 2.529339e+42
0.000000 -1.569859e+21 2.464458e+42
0.000000 -1.548254e+21 2.397089e+42
0.000000 -1.525591e+21 2.327428e+42
0.000000 -1.501890e+21 2.255672e+42
0.000000 -1.477169e+21 2.182029e+42
0.000000 -1.451450e+21 2.106706e+42
0.000000 -1.424752e+21 2.029917e+42
0.000000 -1.397097e+21 1.951879e+42
0.000000 -1.368506e+21 1.872810e+42
0.000000 -1.339004e+21 1.792931e+42
0.000000 -1.308612e+21 1.712465e+42
0.000000 -1.277355e+21 1.631635e+42
0.000000 -1.245256e+21 1.550663e+42
0.000000 -1.212341e+21 1.469771e+42
0.000000 -1.178635e+21 1.389182e+42
0.000000 -1.144165e+21 1.309113e+42
0.000000 -1.108955e+21 1.229782e+42
0.000000 -1.073034e+21 1.151402e+42
0.000000 -1.036428e+21 1.074183e+42
0.000000 -9.991655e+20 9.983317e+41
0.000000 -9.612742e+20 9.240481e+41
0.000000 -9.227826e+20 8.515278e+41
0.000000 -8.837197e+20 7.809605e+41
0.000000 -8.441146e+20 7.125294e+41
0.000000 -8.039968e+20 6.464108e+41
0.000000 -7.633961e+20 5.827736e+41
0.000000 -7.223426e+20 5.217789e+41
0.000000 -6.808667e+20 4.635795e+41
0.000000 -6.389989e+20 4.083195e+41
0.000000 -5.967699e+20 3.561343e+41
0.000000 -5.542108e+20 3.071496e+41
0.000000 -5.113525e+20 2.614814e+41
0.000000 -4.682265e+20 2.192361e+41
0.000000 -4.248641e+20 1.805095e+41
0.000000 -3.812967e+20 1.453872e+41
0.000000 -3.375560e+20 1.139440e+41
0.000000 -2.936734e+20 8.624407e+40
0.000000 -2.496807e+20 6.234044e+40
0.000000 -2.056094e+20 4.227522e+40
0.000000 -1.614912e+20 2.607941e+40
0.000000 -1.173577e+20 1.377283e+40
0.000000 -7.324036e+19 5.364150e+39
0.000000 -2.917065e+19 8.509267e+38
0.000000 1.482011e+19 2.196356e+38
0.000000 5.870071e+19 3.445773e+39
0.000000 1.024401e+20 1.049397e+40
0.000000 1.460074e+20 2.131815e+40
0.000000 1.893719e+20 3.586170e+40
0.000000 2.325031e+20 5.405767e+40
0.000000 2.753707e+20 7.582905e+40
0.000000 3.179449e+20 1.010890e+41
0.000000 3.601959e+20 1.297411e+41
0.000000 4.020942e+20 1.616797e+41
0.000000 4.436107e+20 1.967905e+41
0.000000 4.847167e+20 2.349503e+41
0.000000 5.253838e+20 2.760282e+41
0.000000 5.655840e+20 3.198853e+41
0.000000 6.052895e+20 3.663754e+41
0.000000 6.444733e+20 4.153458e+41
0.000000 6.831083e+20 4.666370e+41
0.000000 7.211685e+20 5.200839e+41
0.000000 7.586277e+20 5.755160e+41
0.000000 7.954608e+20 6.327578e+41
0.000000 8.316426e+20 6.916295e+41
0.000000 8.671490e+20 7.519474e+41
0.000000 9.019560e+20 8.135247e+41
0.000000 9.360404e+20 8.761717e+41
0.000000 9.693794e+20 9.396964e+41
0.000000 1.001951e+21 1.003906e+42
0.000000 1.033733e+21 1.068605e+42
0.000000 1.064706e+21 1.133598e+42
0.000000 1.094848e+21 1.198692e+42
0.000000 1.124140e+21 1.263690e+42
0.000000 1.152563e+21 1.328401e+42
0.000000 1.180098e+21 1.392632e+42
0.000000 1.206729e+21 1.456194e+42
0.000000 1.232437e+21 1.518901e+42
0.000000 1.257207e+21 1.580568e+42
0.000000 1.281022e+21 1.641017e+42
0.000000 1.303869e+21 1.700073e+42
0.000000 1.325732e+21 1.757565e+42
0.000000 1.346598e+21 1.813327e+42
0.000000 1.366455e+21 1.867200e+42
0.000000 1.385291e+21 1.919031e+42
0.000000 1.403094e+21 1.968672e+42
0.000000 1.419854e+21 2.015984e+42
0.000000 1.435560e+21 2.060834e+42
0.000000 1.450206e+21 2.103096e+42
0.000000 1.463781e+21 2.142654e+42
0.000000 1.476279e+21 2.179399e+42
0.000000 1.487693e+21 2.213229e+42
0.000000 1.498017e+21 2.244054e+42
0.000000 1.507246e+21 2.271791e+42
0.000000 1.515376e+21 2.296366e+42
0.000000 1.522404e+21 2.317715e+42
0.000000 1.528327e+21 2.335784e+42
0.000000 1.533143e+21 2.350527e+42
0.000000 1.536851e+21 2.361909e+42
0.000000 1.539450e+21 2.369906e+42
0.000000 1.540941e+21 2.374500e+42
0.000000 1.541326e+21 2.375687e+42
0.000000 1.540607e+21 2.373469e+42
0.000000 1.538786e+21 2.367861e+42
0.000000 1.535866e+21 2.358886e+42
0.000000 1.531854e+21 2.346576e+42
0.000000 1.526753e+21 2.330973e+42
0.000000 1.520569e+21 2.312130e+42
0.000000 1.513310e+21 2.290106e+42
0.000000 1.504982e+21 2.264971e+42
0.000000 1.495594e+21 2.236802e+42
0.000000 1.485155e+21 2.205687e+42
0.000000 1.473675e+21 2.171718e+42
0.000000 1.461164e+21 2.134999e+42
0.000000 1.447632e+21 2.095639e+42
0.000000 1.433092e+21 2.053753e+42
0.000000 1.417557e+21 2.009467e+42
0.000000 1.401039e+21 1.962910e+42
0.000000 1.383552e+21 1.914216e+42
0.000000 1.365111e+21 1.863528e+42
0.000000 1.345731e+21 1.810992e+42
0.000000 1.325428e+21 1.756759e+42
0.000000 1.304218e+21 1.700983e+42
0.000000 1.282118e+21 1.643826e+42
0.000000 1.259145e+21 1.585447e+42
0.000000 1.235319e+21 1.526014e+42
0.000000 1.210658e+21 1.465693e+42
0.000000 1.185181e+21 1.404654e+42
0.000000 1.158908e+21 1.343067e+42
0.000000 1.131859e+21 1.281105e+42
0.000000 1.104056e+21 1.218939e+42
0.000000 1.075519e+21 1.156741e+42
0.000000 1.046271e+21 1.094683e+42
0.000000 1.016334e+21 1.032934e+42
0.000000 9.857304e+20 9.716645e+41
0.000000 9.544841e+20 9.110399e+41
0.000000 9.226183e+20 8.512246e+41
0.000000 8.901572e+20 7.923799e+41
0.000000 8.571251e+20 7.346635e+41
0.000000 8.235468e+20 6.782294e+41
0.000000 7.894474e+20 6.232272e+41
0.000000 7.548522e+20 5.698019e+41
0.000000 7.197870e+20 5.180934e+41
0.000000 6.842779e+20 4.682362e+41
0.000000 6.483509e+20 4.203589e+41
0.000000 6.120327e+20 3.745840e+41
0.000000 5.753500e+20 3.310276e+41
0.000000 5.383297e+20 2.897988e+41
0.000000 5.009989e+20 2.509999e+41
0.000000 4.633849e+20 2.147255e+41
0.000000 4.255151e+20 1.810631e+41
0.000000 3.874172e+20 1.500920e+41
0.000000 3.491187e+20 1.218838e+41
0.000000 3.106474e+20 9.650179e+40
0.000000 2.720311e+20 7.400093e+40
0.000000 2.332978e+20 5.442785e+40
0.000000 1.944752e+20 3.782061e+40
0.000000 1.555913e+20 2.420866e+40
0.000000 1.166741e+20 1.361284e+40
0.000000 7.775121e+19 6.045251e+39
0.000000 3.885062e+19 1.509370e+39
0.000000 5.353623e+08 2.866128e+17
