0.000000e+00 nan nan
1.000000e-17 -5.954059e+18 3.545081e+37
2.000000e-17 -2.380793e+19 5.668177e+38
3.000000e-17 -5.353673e+19 2.866181e+39
4.000000e-17 -9.509898e+19 9.043816e+39
5.000000e-17 -1.484367e+20 2.203346e+40
6.000000e-17 -2.134755e+20 4.557177e+40
7.000000e-17 -2.901244e+20 8.417216e+40
8.000000e-17 -3.782764e+20 1.430930e+41
9.000000e-17 -4.778081e+20 2.283006e+41
1.000000e-16 -5.885803e+20 3.464267e+41
1.100000e-16 -7.104375e+20 5.047215e+41
1.200000e-16 -8.432089e+20 7.110013e+41
1.300000e-16 -9.867078e+20 9.735923e+41
1.400000e-16 -1.140732e+21 1.301270e+42
1.500000e-16 -1.305065e+21 1.703194e+42
1.600000e-16 -1.479474e+21 2.188843e+42
1.700000e-16 -1.663712e+21 2.767937e+42
1.800000e-16 -1.857518e+21 3.450372e+42
1.900000e-16 -2.060616e+21 4.246137e+42
2.000000e-16 -2.272716e+21 5.165237e+42
2.100000e-16 -2.493514e+21 6.217614e+42
2.200000e-16 -2.722695e+21 7.413067e+42
2.300000e-16 -2.959926e+21 8.761163e+42
2.400000e-16 -3.204865e+21 1.027116e+43
2.500000e-16 -3.457156e+21 1.195193e+43
2.600000e-16 -3.716430e+21 1.381185e+43
2.700000e-16 -3.982306e+21 1.585876e+43
2.800000e-16 -4.254394e+21 1.809987e+43
2.900000e-16 -4.532379e+21 2.054246e+43
3.000000e-16 -4.815682e+21 2.319080e+43
3.100000e-16 -5.104159e+21 2.605244e+43
3.200000e-16 -5.397109e+21 2.912879e+43
3.300000e-16 -5.694074e+21 3.242248e+43
3.400000e-16 -5.994349e+21 3.593221e+43
3.500000e-16 -6.298051e+21 3.966545e+43
3.600000e-16 -6.603415e+21 4.360509e+43
3.700000e-16 -6.911777e+21 4.777266e+43
3.800000e-16 -7.220642e+21 5.213768e+43
3.900000e-16 -7.531563e+21 5.672444e+43
4.000000e-16 -7.843764e+21 6.152463e+43
4.100000e-16 -8.155394e+21 6.651045e+43
4.200000e-16 -8.466494e+21 7.168152e+43
4.300000e-16 -8.783134e+21 7.714344e+43
4.400000e-16 -9.092575e+21 8.267493e+43
4.500000e-16 -9.399886e+21 8.835785e+43
4.600000e-16 -9.722687e+21 9.453065e+43
4.700000e-16 -1.002683e+22 1.005373e+44
4.800000e-16 -1.032739e+22 1.066550e+44
4.900000e-16 -1.062377e+22 1.128646e+44
5.000000e-16 -1.095770e+22 1.200712e+44
5.100000e-16 -1.125008e+22 1.265643e+44
5.200000e-16 -1.153719e+22 1.331067e+44
5.300000e-16 -1.181844e+22 1.396756e+44
5.400000e-16 -1.223301e+22 1.496467e+44
5.500000e-16 -1.251975e+22 1.567442e+44
5.600000e-16 -1.280119e+22 1.638703e+44
5.700000e-16 -1.307696e+22 1.710068e+44
5.800000e-16 -1.334672e+22 1.781348e+44
5.900000e-16 -1.356467e+22 1.840003e+44
6.000000e-16 -1.381581e+22 1.908765e+44
6.100000e-16 -1.405934e+22 1.976650e+44
6.200000e-16 -1.429491e+22 2.043446e+44
6.300000e-16 -1.452218e+22 2.108938e+44
6.400000e-16 -1.473645e+22 2.171628e+44
6.500000e-16 -1.494562e+22 2.233716e+44
6.600000e-16 -1.514547e+22 2.293852e+44
6.700000e-16 -1.533569e+22 2.351834e+44
6.800000e-16 -1.551599e+22 2.407459e+44
6.900000e-16 -1.568608e+22 2.460533e+44
7.000000e-16 -1.584571e+22 2.510866e+44
7.100000e-16 -1.599462e+22 2.558279e+44
7.200000e-16 -1.613415e+22 2.603108e+44
7.300000e-16 -1.626107e+22 2.644224e+44
7.400000e-16 -1.637660e+22 2.681932e+44
7.500000e-16 -1.648056e+22 2.716088e+44
7.600000e-16 -1.657275e+22 2.746560e+44
7.700000e-16 -1.665301e+22 2.773229e+44
7.800000e-16 -1.672120e+22 2.795985e+44
7.900000e-16 -1.677717e+22 2.814733e+44
8.000000e-16 -1.682230e+22 2.829898e+44
8.100000e-16 -1.685363e+22 2.840448e+44
8.200000e-16 -1.687244e+22 2.846791e+44
8.300000e-16 -1.687865e+22 2.848890e+44
8.400000e-16 -1.687222e+22 2.846719e+44
8.500000e-16 -1.685311e+22 2.840272e+44
8.600000e-16 -1.682128e+22 2.829554e+44
8.700000e-16 -1.677673e+22 2.814587e+44
8.800000e-16 -1.671947e+22 2.795407e+44
8.900000e-16 -1.664952e+22 2.772067e+44
9.000000e-16 -1.656693e+22 2.744632e+44
9.100000e-16 -1.647175e+22 2.713185e+44
9.200000e-16 -1.636463e+22 2.678011e+44
9.300000e-16 -1.624454e+22 2.638851e+44
9.400000e-16 -1.611213e+22 2.596007e+44
9.500000e-16 -1.596751e+22 2.549614e+44
9.600000e-16 -1.581082e+22 2.499821e+44
9.700000e-16 -1.564221e+22 2.446788e+44
9.800000e-16 -1.546185e+22 2.390687e+44
9.900000e-16 -1.526990e+22 2.331699e+44
1.000000e-15 -1.506657e+22 2.270017e+44
1.010000e-15 -1.485207e+22 2.205840e+44
1.020000e-15 -1.462661e+22 2.139377e+44
1.030000e-15 -1.439043e+22 2.070845e+44
1.040000e-15 -1.414378e+22 2.000464e+44
1.050000e-15 -1.388691e+22 1.928464e+44
1.060000e-15 -1.362012e+22 1.855075e+44
1.070000e-15 -1.334366e+22 1.780534e+44
1.080000e-15 -1.305785e+22 1.705073e+44
1.090000e-15 -1.276300e+22 1.628941e+44
1.100000e-15 -1.245942e+22 1.552371e+44
1.110000e-15 -1.214745e+22 1.475605e+44
1.120000e-15 -1.182743e+22 1.398880e+44
1.130000e-15 -1.149970e+22 1.322430e+44
1.140000e-15 -1.116462e+22 1.246488e+44
1.150000e-15 -1.082257e+22 1.171280e+44
1.160000e-15 -1.047392e+22 1.097029e+44
1.170000e-15 -1.011905e+22 1.023951e+44
1.180000e-15 -9.758346e+21 9.522531e+43
1.190000e-15 -9.392216e+21 8.821372e+43
1.200000e-15 -9.021059e+21 8.137951e+43
1.210000e-15 -8.645284e+21 7.474093e+43
1.220000e-15 -8.265304e+21 6.831526e+43
1.230000e-15 -7.881539e+21 6.211865e+43
1.240000e-15 -7.494409e+21 5.616617e+43
1.250000e-15 -7.104342e+21 5.047167e+43
1.260000e-15 -6.711764e+21 4.504777e+43
1.270000e-15 -6.317107e+21 3.990584e+43
1.280000e-15 -5.920802e+21 3.505590e+43
1.290000e-15 -5.523137e+21 3.050504e+43
1.300000e-15 -5.124830e+21 2.626389e+43
1.310000e-15 -4.726177e+21 2.233675e+43
1.320000e-15 -4.327609e+21 1.872820e+43
1.330000e-15 -3.929560e+21 1.544144e+43
1.340000e-15 -3.532459e+21 1.247827e+43
1.350000e-15 -3.136735e+21 9.839105e+42
1.360000e-15 -2.742811e+21 7.523015e+42
1.370000e-15 -2.351111e+21 5.527724e+42
1.380000e-15 -1.962052e+21 3.849647e+42
1.390000e-15 -1.576046e+21 2.483921e+42
1.400000e-15 -1.193503e+21 1.424449e+42
1.410000e-15 -8.148241e+20 6.639384e+41
1.420000e-15 -4.404072e+20 1.939585e+41
1.430000e-15 -7.064213e+19 4.990311e+39
1.440000e-15 2.940881e+20 8.648780e+40
1.450000e-15 6.534078e+20 4.269417e+41
1.460000e-15 1.006949e+21 1.013947e+42
1.470000e-15 1.354353e+21 1.834273e+42
1.480000e-15 1.695270e+21 2.873940e+42
1.490000e-15 2.029358e+21 4.118293e+42
1.500000e-15 2.356286e+21 5.552083e+42
1.510000e-15 2.675733e+21 7.159546e+42
1.520000e-15 2.987388e+21 8.924488e+42
1.530000e-15 3.290952e+21 1.083037e+43
1.540000e-15 3.586137e+21 1.286038e+43
1.550000e-15 3.872665e+21 1.499753e+43
1.560000e-15 4.150271e+21 1.722475e+43
1.570000e-15 4.418704e+21 1.952495e+43
1.580000e-15 4.677723e+21 2.188109e+43
1.590000e-15 4.927100e+21 2.427632e+43
1.600000e-15 5.166623e+21 2.669399e+43
1.610000e-15 5.396088e+21 2.911777e+43
1.620000e-15 5.615311e+21 3.153171e+43
1.630000e-15 5.824212e+21 3.392144e+43
1.640000e-15 6.022444e+21 3.626983e+43
1.650000e-15 6.209953e+21 3.856352e+43
1.660000e-15 6.386609e+21 4.078877e+43
1.670000e-15 6.552293e+21 4.293254e+43
1.680000e-15 6.706903e+21 4.498255e+43
1.690000e-15 6.850352e+21 4.692732e+43
1.700000e-15 6.982564e+21 4.875620e+43
1.710000e-15 7.103481e+21 5.045945e+43
1.720000e-15 7.213059e+21 5.202822e+43
1.730000e-15 7.311268e+21 5.345464e+43
1.740000e-15 7.398092e+21 5.473177e+43
1.750000e-15 7.473531e+21 5.585366e+43
1.760000e-15 7.537598e+21 5.681539e+43
1.770000e-15 7.590322e+21 5.761299e+43
1.780000e-15 7.631745e+21 5.824354e+43
1.790000e-15 7.661924e+21 5.870509e+43
1.800000e-15 7.680930e+21 5.899669e+43
1.810000e-15 7.688847e+21 5.911836e+43
1.820000e-15 7.685773e+21 5.907110e+43
1.830000e-15 7.671820e+21 5.885682e+43
1.840000e-15 7.647114e+21 5.847835e+43
1.850000e-15 7.611792e+21 5.793937e+43
1.860000e-15 7.566005e+21 5.724444e+43
1.870000e-15 7.509918e+21 5.639887e+43
1.880000e-15 7.443705e+21 5.540875e+43
1.890000e-15 7.367555e+21 5.428087e+43
1.900000e-15 7.281667e+21 5.302267e+43
1.910000e-15 7.186251e+21 5.164220e+43
1.920000e-15 7.081530e+21 5.014806e+43
1.930000e-15 6.967735e+21 4.854933e+43
1.940000e-15 6.845109e+21 4.685552e+43
1.950000e-15 6.713905e+21 4.507652e+43
1.960000e-15 6.574384e+21 4.322253e+43
1.970000e-15 6.426818e+21 4.130399e+43
1.980000e-15 6.271485e+21 3.933153e+43
1.990000e-15 6.108675e+21 3.731591e+43
2.000000e-15 5.938681e+21 3.526793e+43
2.010000e-15 5.761808e+21 3.319843e+43
2.020000e-15 5.578364e+21 3.111814e+43
2.030000e-15 5.388666e+21 2.903772e+43
2.040000e-15 5.193036e+21 2.696763e+43
2.050000e-15 4.991802e+21 2.491809e+43
2.060000e-15 4.785296e+21 2.289906e+43
2.070000e-15 4.573855e+21 2.092015e+43
2.080000e-15 4.357819e+21 1.899059e+43
2.090000e-15 4.137534e+21 1.711919e+43
2.100000e-15 3.913347e+21 1.531429e+43
2.110000e-15 3.685608e+21 1.358371e+43
2.120000e-15 3.454669e+21 1.193474e+43
2.130000e-15 3.220883e+21 1.037409e+43
2.140000e-15 2.984605e+21 8.907868e+42
2.150000e-15 2.746190e+21 7.541562e+42
2.160000e-15 2.505994e+21 6.280006e+42
2.170000e-15 2.264371e+21 5.127374e+42
2.180000e-15 2.021674e+21 4.087164e+42
2.190000e-15 1.778256e+21 3.162193e+42
2.200000e-15 1.534498e+21 2.354685e+42
2.210000e-15 1.290688e+21 1.665875e+42
2.220000e-15 1.047200e+21 1.096627e+42
2.230000e-15 8.043758e+20 6.470204e+41
2.240000e-15 5.625543e+20 3.164673e+41
2.250000e-15 3.220690e+20 1.037284e+41
2.260000e-15 8.324919e+19 6.930428e+39
2.270000e-15 -1.535809e+20 2.358709e+40
2.280000e-15 -3.881026e+20 1.506236e+41
2.290000e-15 -6.200030e+20 3.844037e+41
2.300000e-15 -8.489755e+20 7.207595e+41
2.310000e-15 -1.074720e+21 1.155024e+42
2.320000e-15 -1.296944e+21 1.682065e+42
2.330000e-15 -1.515362e+21 2.296323e+42
2.340000e-15 -1.729696e+21 2.991849e+42
2.350000e-15 -1.939676e+21 3.762344e+42
2.360000e-15 -2.145041e+21 4.601202e+42
2.370000e-15 -2.345538e+21 5.501549e+42
2.380000e-15 -2.540924e+21 6.456292e+42
2.390000e-15 -2.730963e+21 7.458157e+42
2.400000e-15 -2.915430e+21 8.499734e+42
2.410000e-15 -3.094112e+21 9.573526e+42
2.420000e-15 -3.266801e+21 1.067199e+43
2.430000e-15 -3.433302e+21 1.178757e+43
2.440000e-15 -3.593432e+21 1.291275e+43
2.450000e-15 -3.747015e+21 1.404012e+43
2.460000e-15 -3.893888e+21 1.516236e+43
2.470000e-15 -4.033898e+21 1.627233e+43
2.480000e-15 -4.166903e+21 1.736308e+43
2.490000e-15 -4.292772e+21 1.842789e+43
2.500000e-15 -4.411386e+21 1.946032e+43
2.510000e-15 -4.522635e+21 2.045423e+43
2.520000e-15 -4.626424e+21 2.140380e+43
2.530000e-15 -4.722666e+21 2.230357e+43
2.540000e-15 -4.811286e+21 2.314848e+43
2.550000e-15 -4.892223e+21 2.393384e+43
2.560000e-15 -4.965423e+21 2.465542e+43
2.570000e-15 -5.030846e+21 2.530941e+43
2.580000e-15 -5.088464e+21 2.589247e+43
2.590000e-15 -5.138259e+21 2.640171e+43
2.600000e-15 -5.180224e+21 2.683472e+43
2.610000e-15 -5.214363e+21 2.718958e+43
2.620000e-15 -5.240692e+21 2.746485e+43
2.630000e-15 -5.259236e+21 2.765957e+43
2.640000e-15 -5.270034e+21 2.777326e+43
2.650000e-15 -5.273133e+21 2.780593e+43
2.660000e-15 -5.268590e+21 2.775804e+43
2.670000e-15 -5.256474e+21 2.763052e+43
2.680000e-15 -5.236864e+21 2.742474e+43
2.690000e-15 -5.209847e+21 2.714250e+43
2.700000e-15 -5.175521e+21 2.678602e+43
2.710000e-15 -5.133994e+21 2.635790e+43
2.720000e-15 -5.085383e+21 2.586112e+43
2.730000e-15 -5.029812e+21 2.529901e+43
2.740000e-15 -4.967416e+21 2.467522e+43
2.750000e-15 -4.898337e+21 2.399371e+43
2.760000e-15 -4.822727e+21 2.325869e+43
2.770000e-15 -4.740743e+21 2.247465e+43
2.780000e-15 -4.652553e+21 2.164625e+43
2.790000e-15 -4.558329e+21 2.077836e+43
2.800000e-15 -4.458252e+21 1.987601e+43
2.810000e-15 -4.352510e+21 1.894434e+43
2.820000e-15 -4.241294e+21 1.798858e+43
2.830000e-15 -4.124806e+21 1.701403e+43
2.840000e-15 -4.003251e+21 1.602602e+43
2.850000e-15 -3.876837e+21 1.502987e+43
2.860000e-15 -3.745782e+21 1.403088e+43
2.870000e-15 -3.610305e+21 1.303430e+43
2.880000e-15 -3.470631e+21 1.204528e+43
2.890000e-15 -3.326987e+21 1.106885e+43
2.900000e-15 -3.179607e+21 1.010990e+43
2.910000e-15 -3.028724e+21 9.173171e+42
2.920000e-15 -2.874578e+21 8.263198e+42
2.930000e-15 -2.717408e+21 7.384307e+42
2.940000e-15 -2.557458e+21 6.540590e+42
2.950000e-15 -2.394971e+21 5.735888e+42
2.960000e-15 -2.230195e+21 4.973771e+42
2.970000e-15 -2.063376e+21 4.257521e+42
2.980000e-15 -1.894762e+21 3.590124e+42
2.990000e-15 -1.724602e+21 2.974251e+42
3.000000e-15 -1.553143e+21 2.412252e+42
3.010000e-15 -1.380634e+21 1.906150e+42
3.020000e-15 -1.207322e+21 1.457627e+42
3.030000e-15 -1.033454e+21 1.068028e+42
3.040000e-15 -8.592755e+20 7.383544e+41
3.050000e-15 -6.850295e+20 4.692654e+41
3.060000e-15 -5.109579e+20 2.610780e+41
3.070000e-15 -3.373002e+20 1.137715e+41
3.080000e-15 -1.642934e+20 2.699233e+40
3.090000e-15 7.828398e+18 6.128381e+37
3.100000e-15 1.788343e+20 3.198170e+40
3.110000e-15 3.484967e+20 1.214499e+41
3.120000e-15 5.165917e+20 2.668670e+41
3.130000e-15 6.828994e+20 4.663516e+41
3.140000e-15 8.472042e+20 7.177550e+41
3.150000e-15 1.009295e+21 1.018676e+42
3.160000e-15 1.168965e+21 1.366479e+42
3.170000e-15 1.326013e+21 1.758310e+42
3.180000e-15 1.480242e+21 2.191117e+42
3.190000e-15 1.631462e+21 2.661669e+42
3.200000e-15 1.779488e+21 3.166576e+42
3.210000e-15 1.924139e+21 3.702309e+42
3.220000e-15 2.065242e+21 4.265224e+42
3.230000e-15 2.202630e+21 4.851578e+42
3.240000e-15 2.336142e+21 5.457558e+42
3.250000e-15 2.465623e+21 6.079297e+42
3.260000e-15 2.590926e+21 6.712896e+42
3.270000e-15 2.711909e+21 7.354450e+42
3.280000e-15 2.828438e+21 8.000063e+42
3.290000e-15 2.940387e+21 8.645873e+42
3.300000e-15 3.047634e+21 9.288073e+42
3.310000e-15 3.150068e+21 9.922927e+42
3.320000e-15 3.247582e+21 1.054679e+43
3.330000e-15 3.340080e+21 1.115613e+43
3.340000e-15 3.427469e+21 1.174754e+43
3.350000e-15 3.509667e+21 1.231776e+43
3.360000e-15 3.586599e+21 1.286369e+43
3.370000e-15 3.658196e+21 1.338240e+43
3.380000e-15 3.724399e+21 1.387115e+43
3.390000e-15 3.785154e+21 1.432739e+43
3.400000e-15 3.840416e+21 1.474879e+43
3.410000e-15 3.890148e+21 1.513325e+43
3.420000e-15 3.934320e+21 1.547887e+43
3.430000e-15 3.972910e+21 1.578401e+43
3.440000e-15 4.005903e+21 1.604726e+43
3.450000e-15 4.033291e+21 1.626744e+43
3.460000e-15 4.055075e+21 1.644364e+43
3.470000e-15 4.071264e+21 1.657519e+43
3.480000e-15 4.081875e+21 1.666170e+43
3.490000e-15 4.086922e+21 1.670293e+43
3.500000e-15 4.086440e+21 1.669899e+43
3.510000e-15 4.080464e+21 1.665018e+43
3.520000e-15 4.069037e+21 1.655706e+43
3.530000e-15 4.052211e+21 1.642041e+43
3.540000e-15 4.030041e+21 1.624123e+43
3.550000e-15 4.002592e+21 1.602074e+43
3.560000e-15 3.969933e+21 1.576036e+43
3.570000e-15 3.932140e+21 1.546173e+43
3.580000e-15 3.889296e+21 1.512663e+43
3.590000e-15 3.841490e+21 1.475705e+43
3.600000e-15 3.788816e+21 1.435513e+43
3.610000e-15 3.731374e+21 1.392315e+43
3.620000e-15 3.669269e+21 1.346353e+43
3.630000e-15 3.602612e+21 1.297881e+43
3.640000e-15 3.531519e+21 1.247163e+43
3.650000e-15 3.456112e+21 1.194471e+43
3.660000e-15 3.376517e+21 1.140087e+43
3.670000e-15 3.292863e+21 1.084294e+43
3.680000e-15 3.205285e+21 1.027385e+43
3.690000e-15 3.113923e+21 9.696519e+42
3.700000e-15 3.018920e+21 9.113878e+42
3.710000e-15 2.920422e+21 8.528866e+42
3.720000e-15 2.818580e+21 7.944394e+42
3.730000e-15 2.713547e+21 7.363340e+42
3.740000e-15 2.605481e+21 6.788532e+42
3.750000e-15 2.494541e+21 6.222735e+42
3.760000e-15 2.380889e+21 5.668634e+42
3.770000e-15 2.264691e+21 5.128827e+42
3.780000e-15 2.146114e+21 4.605805e+42
3.790000e-15 2.025326e+21 4.101946e+42
3.800000e-15 1.902500e+21 3.619504e+42
3.810000e-15 1.777806e+21 3.160595e+42
3.820000e-15 1.651420e+21 2.727189e+42
3.830000e-15 1.523516e+21 2.321102e+42
3.840000e-15 1.394271e+21 1.943991e+42
3.850000e-15 1.263860e+21 1.597342e+42
3.860000e-15 1.132461e+21 1.282468e+42
3.870000e-15 1.000251e+21 1.000502e+42
3.880000e-15 8.674068e+20 7.523945e+41
3.890000e-15 7.341058e+20 5.389113e+41
3.900000e-15 6.005243e+20 3.606295e+41
3.910000e-15 4.668382e+20 2.179379e+41
3.920000e-15 3.332224e+20 1.110372e+41
3.930000e-15 1.998507e+20 3.994029e+40
3.940000e-15 6.689555e+19 4.475015e+39
3.950000e-15 -6.547195e+19 4.286577e+39
3.960000e-15 -1.970826e+20 3.884155e+40
3.970000e-15 -3.277690e+20 1.074325e+41
3.980000e-15 -4.573660e+20 2.091837e+41
3.990000e-15 -5.857108e+20 3.430571e+41
4.000000e-15 -7.126428e+20 5.078597e+41
4.010000e-15 -8.380044e+20 7.022514e+41
4.020000e-15 -9.616409e+20 9.247532e+41
4.030000e-15 -1.083400e+21 1.173757e+42
4.040000e-15 -1.203135e+21 1.447533e+42
4.050000e-15 -1.320698e+21 1.744243e+42
4.060000e-15 -1.435949e+21 2.061951e+42
4.070000e-15 -1.548751e+21 2.398629e+42
4.080000e-15 -1.658968e+21 2.752175e+42
4.090000e-15 -1.766471e+21 3.120421e+42
4.100000e-15 -1.871135e+21 3.501146e+42
4.110000e-15 -1.972837e+21 3.892086e+42
4.120000e-15 -2.071461e+21 4.290950e+42
4.130000e-15 -2.166894e+21 4.695427e+42
4.140000e-15 -2.259027e+21 5.103205e+42
4.150000e-15 -2.347759e+21 5.511973e+42
4.160000e-15 -2.432991e+21 5.919443e+42
4.170000e-15 -2.514629e+21 6.323357e+42
4.180000e-15 -2.592585e+21 6.721495e+42
4.190000e-15 -2.666776e+21 7.111694e+42
4.200000e-15 -2.737125e+21 7.491851e+42
4.210000e-15 -2.803558e+21 7.859937e+42
4.220000e-15 -2.866009e+21 8.214007e+42
4.230000e-15 -2.924416e+21 8.552208e+42
4.240000e-15 -2.978722e+21 8.872788e+42
4.250000e-15 -3.028878e+21 9.174102e+42
4.260000e-15 -3.074837e+21 9.454624e+42
4.270000e-15 -3.116561e+21 9.712950e+42
4.280000e-15 -3.154014e+21 9.947805e+42
4.290000e-15 -3.187170e+21 1.015805e+43
4.300000e-15 -3.216004e+21 1.034268e+43
4.310000e-15 -3.240501e+21 1.050084e+43
4.320000e-15 -3.260648e+21 1.063182e+43
4.330000e-15 -3.276440e+21 1.073506e+43
4.340000e-15 -3.287876e+21 1.081013e+43
4.350000e-15 -3.294963e+21 1.085678e+43
4.360000e-15 -3.297711e+21 1.087489e+43
4.370000e-15 -3.296135e+21 1.086451e+43
4.380000e-15 -3.290260e+21 1.082581e+43
4.390000e-15 -3.280110e+21 1.075912e+43
4.400000e-15 -3.265720e+21 1.066493e+43
4.410000e-15 -3.247128e+21 1.054384e+43
4.420000e-15 -3.224375e+21 1.039660e+43
4.430000e-15 -3.197512e+21 1.022408e+43
4.440000e-15 -3.166590e+21 1.002729e+43
4.450000e-15 -3.131669e+21 9.807351e+42
4.460000e-15 -3.092812e+21 9.565484e+42
4.470000e-15 -3.050086e+21 9.303024e+42
4.480000e-15 -3.003565e+21 9.021400e+42
4.490000e-15 -2.953325e+21 8.722127e+42
4.500000e-15 -2.899448e+21 8.406799e+42
4.510000e-15 -2.842021e+21 8.077081e+42
4.520000e-15 -2.781132e+21 7.734697e+42
4.530000e-15 -2.716878e+21 7.381424e+42
4.540000e-15 -2.649355e+21 7.019080e+42
4.550000e-15 -2.578665e+21 6.649514e+42
4.560000e-15 -2.504915e+21 6.274597e+42
4.570000e-15 -2.428212e+21 5.896214e+42
4.580000e-15 -2.348670e+21 5.516251e+42
4.590000e-15 -2.266404e+21 5.136587e+42
4.600000e-15 -2.181532e+21 4.759083e+42
4.610000e-15 -2.094176e+21 4.385575e+42
4.620000e-15 -2.004460e+21 4.017861e+42
4.630000e-15 -1.912511e+21 3.657697e+42
4.640000e-15 -1.818456e+21 3.306783e+42
4.650000e-15 -1.722428e+21 2.966759e+42
4.660000e-15 -1.624560e+21 2.639194e+42
4.670000e-15 -1.524985e+21 2.325581e+42
4.680000e-15 -1.423842e+21 2.027326e+42
4.690000e-15 -1.321267e+21 1.745747e+42
4.700000e-15 -1.217401e+21 1.482064e+42
4.710000e-15 -1.112382e+21 1.237394e+42
4.720000e-15 -1.006354e+21 1.012747e+42
4.730000e-15 -8.994562e+20 8.090215e+41
4.740000e-15 -7.918328e+20 6.269992e+41
4.750000e-15 -6.836262e+20 4.673448e+41
4.760000e-15 -5.749793e+20 3.306012e+41
4.770000e-15 -4.660351e+20 2.171888e+41
4.780000e-15 -3.569365e+20 1.274036e+41
4.790000e-15 -2.478256e+20 6.141754e+40
4.800000e-15 -1.388444e+20 1.927778e+40
4.810000e-15 -3.013401e+19 9.080586e+38
4.820000e-15 7.816554e+19 6.109851e+39
4.830000e-15 1.859152e+20 3.456444e+40
4.840000e-15 2.929771e+20 8.583556e+40
4.850000e-15 3.992149e+20 1.593726e+41
4.860000e-15 5.044940e+20 2.545142e+41
4.870000e-15 6.086815e+20 3.704931e+41
4.880000e-15 7.116462e+20 5.064403e+41
4.890000e-15 8.132594e+20 6.613908e+41
4.900000e-15 9.133943e+20 8.342892e+41
4.910000e-15 1.011927e+21 1.023996e+42
4.920000e-15 1.108735e+21 1.229294e+42
4.930000e-15 1.203701e+21 1.448896e+42
4.940000e-15 1.296708e+21 1.681450e+42
4.950000e-15 1.387642e+21 1.925550e+42
4.960000e-15 1.476394e+21 2.179740e+42
4.970000e-15 1.562858e+21 2.442525e+42
4.980000e-15 1.646929e+21 2.712376e+42
4.990000e-15 1.728509e+21 2.987743e+42
5.000000e-15 1.807500e+21 3.267057e+42
5.010000e-15 1.883811e+21 3.548744e+42
5.020000e-15 1.957353e+21 3.831229e+42
5.030000e-15 2.028040e+21 4.112947e+42
5.040000e-15 2.095793e+21 4.392350e+42
5.050000e-15 2.160535e+21 4.667912e+42
5.060000e-15 2.222193e+21 4.938143e+42
5.070000e-15 2.280700e+21 5.201591e+42
5.080000e-15 2.335991e+21 5.456852e+42
5.090000e-15 2.388007e+21 5.702575e+42
5.100000e-15 2.436693e+21 5.937472e+42
5.110000e-15 2.481999e+21 6.160318e+42
5.120000e-15 2.523879e+21 6.369965e+42
5.130000e-15 2.562292e+21 6.565340e+42
5.140000e-15 2.597201e+21 6.745453e+42
5.150000e-15 2.628575e+21 6.909404e+42
5.160000e-15 2.656385e+21 7.056383e+42
5.170000e-15 2.680611e+21 7.185674e+42
5.180000e-15 2.701233e+21 7.296661e+42
5.190000e-15 2.718240e+21 7.388827e+42
5.200000e-15 2.731622e+21 7.461758e+42
5.210000e-15 2.741376e+21 7.515143e+42
5.220000e-15 2.747504e+21 7.548777e+42
5.230000e-15 2.750010e+21 7.562557e+42
5.240000e-15 2.748907e+21 7.556489e+42
5.250000e-15 2.744208e+21 7.530678e+42
5.260000e-15 2.735934e+21 7.485333e+42
5.270000e-15 2.724108e+21 7.420766e+42
5.280000e-15 2.708761e+21 7.337384e+42
5.290000e-15 2.689924e+21 7.235689e+42
5.300000e-15 2.667635e+21 7.116279e+42
5.310000e-15 2.641938e+21 6.979835e+42
5.320000e-15 2.612877e+21 6.827125e+42
5.330000e-15 2.580503e+21 6.658996e+42
5.340000e-15 2.544871e+21 6.476369e+42
5.350000e-15 2.506039e+21 6.280234e+42
5.360000e-15 2.464071e+21 6.071644e+42
5.370000e-15 2.419031e+21 5.851710e+42
5.380000e-15 2.370990e+21 5.621595e+42
5.390000e-15 2.320023e+21 5.382505e+42
5.400000e-15 2.266205e+21 5.135684e+42
5.410000e-15 2.209618e+21 4.882411e+42
5.420000e-15 2.150345e+21 4.623985e+42
5.430000e-15 2.088474e+21 4.361725e+42
5.440000e-15 2.024095e+21 4.096962e+42
5.450000e-15 1.957301e+21 3.831027e+42
5.460000e-15 1.888187e+21 3.565252e+42
5.470000e-15 1.816853e+21 3.300955e+42
5.480000e-15 1.743399e+21 3.039439e+42
5.490000e-15 1.667928e+21 2.781985e+42
5.500000e-15 1.590547e+21 2.529840e+42
5.510000e-15 1.511363e+21 2.284217e+42
5.520000e-15 1.430485e+21 2.046288e+42
5.530000e-15 1.348026e+21 1.817175e+42
5.540000e-15 1.264099e+21 1.597945e+42
5.550000e-15 1.178817e+21 1.389610e+42
5.560000e-15 1.092298e+21 1.193114e+42
5.570000e-15 1.004658e+21 1.009337e+42
5.580000e-15 9.160154e+20 8.390842e+41
5.590000e-15 8.264899e+20 6.830856e+41
5.600000e-15 7.362012e+20 5.419922e+41
5.610000e-15 6.452695e+20 4.163728e+41
5.620000e-15 5.538159e+20 3.067121e+41
5.630000e-15 4.619614e+20 2.134083e+41
5.640000e-15 3.698273e+20 1.367722e+41
5.650000e-15 2.775346e+20 7.702547e+40
5.660000e-15 1.852045e+20 3.430069e+40
5.670000e-15 9.295736e+19 8.641071e+39
5.680000e-15 9.133707e+17 8.342460e+35
5.690000e-15 -9.080811e+19 8.246113e+39
5.700000e-15 -1.820885e+20 3.315623e+40
5.710000e-15 -2.728103e+20 7.442545e+40
5.720000e-15 -3.628569e+20 1.316651e+41
5.730000e-15 -4.521133e+20 2.044064e+41
5.740000e-15 -5.404655e+20 2.921030e+41
5.750000e-15 -6.278015e+20 3.941347e+41
5.760000e-15 -7.140107e+20 5.098113e+41
5.770000e-15 -7.989844e+20 6.383760e+41
5.780000e-15 -8.826159e+20 7.790108e+41
5.790000e-15 -9.648005e+20 9.308401e+41
5.800000e-15 -1.045436e+21 1.092937e+42
5.810000e-15 -1.124422e+21 1.264326e+42
5.820000e-15 -1.201662e+21 1.443991e+42
5.830000e-15 -1.277060e+21 1.630881e+42
5.840000e-15 -1.350523e+21 1.823913e+42
5.850000e-15 -1.421964e+21 2.021981e+42
5.860000e-15 -1.491294e+21 2.223958e+42
5.870000e-15 -1.558431e+21 2.428708e+42
5.880000e-15 -1.623294e+21 2.635085e+42
5.890000e-15 -1.685807e+21 2.841944e+42
5.900000e-15 -1.745894e+21 3.048147e+42
5.910000e-15 -1.803487e+21 3.252564e+42
5.920000e-15 -1.858517e+21 3.454085e+42
5.930000e-15 -1.910922e+21 3.651621e+42
5.940000e-15 -1.960641e+21 3.844113e+42
5.950000e-15 -2.007619e+21 4.030534e+42
5.960000e-15 -2.051803e+21 4.209895e+42
5.970000e-15 -2.093145e+21 4.381255e+42
5.980000e-15 -2.131599e+21 4.543716e+42
5.990000e-15 -2.167126e+21 4.696436e+42
6.000000e-15 -2.199688e+21 4.838629e+42
6.010000e-15 -2.229253e+21 4.969568e+42
6.020000e-15 -2.255791e+21 5.088592e+42
6.030000e-15 -2.279278e+21 5.195106e+42
6.040000e-15 -2.299692e+21 5.288584e+42
6.050000e-15 -2.317018e+21 5.368573e+42
6.060000e-15 -2.331242e+21 5.434691e+42
6.070000e-15 -2.342357e+21 5.486635e+42
6.080000e-15 -2.350357e+21 5.524176e+42
6.090000e-15 -2.355242e+21 5.547163e+42
6.100000e-15 -2.357015e+21 5.555520e+42
6.110000e-15 -2.355685e+21 5.549253e+42
6.120000e-15 -2.351263e+21 5.528439e+42
6.130000e-15 -2.343765e+21 5.493236e+42
6.140000e-15 -2.333211e+21 5.443872e+42
6.150000e-15 -2.319623e+21 5.380652e+42
6.160000e-15 -2.303030e+21 5.303949e+42
6.170000e-15 -2.283463e+21 5.214204e+42
6.180000e-15 -2.260957e+21 5.111927e+42
6.190000e-15 -2.235551e+21 4.997687e+42
6.200000e-15 -2.207286e+21 4.872113e+42
6.210000e-15 -2.176210e+21 4.735892e+42
6.220000e-15 -2.142372e+21 4.589759e+42
6.230000e-15 -2.105825e+21 4.434499e+42
6.240000e-15 -2.066625e+21 4.270939e+42
6.250000e-15 -2.024832e+21 4.099946e+42
6.260000e-15 -1.980509e+21 3.922417e+42
6.270000e-15 -1.933722e+21 3.739282e+42
6.280000e-15 -1.884540e+21 3.551492e+42
6.290000e-15 -1.833035e+21 3.360018e+42
6.300000e-15 -1.779282e+21 3.165843e+42
6.310000e-15 -1.723357e+21 2.969961e+42
6.320000e-15 -1.665342e+21 2.773365e+42
6.330000e-15 -1.605319e+21 2.577049e+42
6.340000e-15 -1.543372e+21 2.381998e+42
6.350000e-15 -1.479590e+21 2.189185e+42
6.360000e-15 -1.414060e+21 1.999565e+42
6.370000e-15 -1.346875e+21 1.814072e+42
6.380000e-15 -1.278127e+21 1.633610e+42
6.390000e-15 -1.207913e+21 1.459053e+42
6.400000e-15 -1.136327e+21 1.291240e+42
6.410000e-15 -1.063469e+21 1.130967e+42
6.420000e-15 -9.894379e+20 9.789874e+41
6.430000e-15 -9.143342e+20 8.360071e+41
6.440000e-15 -8.382599e+20 7.026796e+41
6.450000e-15 -7.613177e+20 5.796046e+41
6.460000e-15 -6.836112e+20 4.673242e+41
6.470000e-15 -6.052446e+20 3.663211e+41
6.480000e-15 -5.263229e+20 2.770158e+41
6.490000e-15 -4.469512e+20 1.997654e+41
6.500000e-15 -3.672351e+20 1.348616e+41
6.510000e-15 -2.872802e+20 8.252992e+40
6.520000e-15 -2.071922e+20 4.292859e+40
6.530000e-15 -1.270765e+20 1.614843e+40
6.540000e-15 -4.703840e+19 2.212611e+39
6.550000e-15 3.281729e+19 1.076974e+39
6.560000e-15 1.123863e+20 1.263068e+40
6.570000e-15 1.915651e+20 3.669719e+40
6.580000e-15 2.702509e+20 7.303554e+40
6.590000e-15 3.483419e+20 1.213421e+41
6.600000e-15 4.257373e+20 1.812523e+41
6.610000e-15 5.023377e+20 2.523432e+41
6.620000e-15 5.780449e+20 3.341359e+41
6.630000e-15 6.527621e+20 4.260984e+41
6.640000e-15 7.263942e+20 5.276486e+41
6.650000e-15 7.988478e+20 6.381578e+41
6.660000e-15 8.700312e+20 7.569543e+41
6.670000e-15 9.398548e+20 8.833270e+41
6.680000e-15 1.008231e+21 1.016529e+42
6.690000e-15 1.075074e+21 1.155784e+42
6.700000e-15 1.140301e+21 1.300286e+42
6.710000e-15 1.203830e+21 1.449208e+42
6.720000e-15 1.265585e+21 1.601704e+42
6.730000e-15 1.325487e+21 1.756917e+42
6.740000e-15 1.383466e+21 1.913977e+42
6.750000e-15 1.439449e+21 2.072013e+42
6.760000e-15 1.493369e+21 2.230152e+42
6.770000e-15 1.545162e+21 2.387526e+42
6.780000e-15 1.594766e+21 2.543278e+42
6.790000e-15 1.642121e+21 2.696562e+42
6.800000e-15 1.687173e+21 2.846553e+42
6.810000e-15 1.729869e+21 2.992447e+42
6.820000e-15 1.770160e+21 3.133465e+42
6.830000e-15 1.807999e+21 3.268860e+42
6.840000e-15 1.843344e+21 3.397918e+42
6.850000e-15 1.876157e+21 3.519964e+42
6.860000e-15 1.906400e+21 3.634363e+42
6.870000e-15 1.934043e+21 3.740523e+42
6.880000e-15 1.959056e+21 3.837900e+42
6.890000e-15 1.981414e+21 3.926001e+42
6.900000e-15 2.001095e+21 4.004381e+42
6.910000e-15 2.018081e+21 4.072651e+42
6.920000e-15 2.032358e+21 4.130478e+42
6.930000e-15 2.043914e+21 4.177584e+42
6.940000e-15 2.052742e+21 4.213751e+42
6.950000e-15 2.058839e+21 4.238819e+42
6.960000e-15 2.062204e+21 4.252687e+42
6.970000e-15 2.062841e+21 4.255314e+42
6.980000e-15 2.060756e+21 4.246717e+42
6.990000e-15 2.055961e+21 4.226976e+42
7.000000e-15 2.048469e+21 4.196224e+42
7.010000e-15 2.038297e+21 4.154654e+42
7.020000e-15 2.025467e+21 4.102516e+42
7.030000e-15 2.010003e+21 4.040111e+42
7.040000e-15 1.991933e+21 3.967796e+42
7.050000e-15 1.971287e+21 3.885974e+42
7.060000e-15 1.948102e+21 3.795100e+42
7.070000e-15 1.922413e+21 3.695671e+42
7.080000e-15 1.894262e+21 3.588228e+42
7.090000e-15 1.863693e+21 3.473350e+42
7.100000e-15 1.830752e+21 3.351654e+42
7.110000e-15 1.795490e+21 3.223786e+42
7.120000e-15 1.757960e+21 3.090424e+42
7.130000e-15 1.718217e+21 2.952271e+42
7.140000e-15 1.676320e+21 2.810049e+42
7.150000e-15 1.632330e+21 2.664500e+42
7.160000e-15 1.586309e+21 2.516378e+42
7.170000e-15 1.538326e+21 2.366447e+42
7.180000e-15 1.488447e+21 2.215476e+42
7.190000e-15 1.436745e+21 2.064236e+42
7.200000e-15 1.383291e+21 1.913495e+42
7.210000e-15 1.328162e+21 1.764014e+42
7.220000e-15 1.271434e+21 1.616543e+42
7.230000e-15 1.213185e+21 1.471819e+42
7.240000e-15 1.153498e+21 1.330558e+42
7.250000e-15 1.092454e+21 1.193457e+42
7.260000e-15 1.030138e+21 1.061184e+42
7.270000e-15 9.666343e+20 9.343819e+41
7.280000e-15 9.020303e+20 8.136586e+41
7.290000e-15 8.364137e+20 6.995879e+41
7.300000e-15 7.698737e+20 5.927055e+41
7.310000e-15 7.025003e+20 4.935067e+41
7.320000e-15 6.343844e+20 4.024435e+41
7.330000e-15 5.656175e+20 3.199232e+41
7.340000e-15 4.962919e+20 2.463056e+41
7.350000e-15 4.265003e+20 1.819025e+41
7.360000e-15 3.563356e+20 1.269751e+41
7.370000e-15 2.858913e+20 8.173384e+40
7.380000e-15 2.152607e+20 4.633718e+40
7.390000e-15 1.445373e+20 2.089102e+40
7.400000e-15 7.381425e+19 5.448543e+39
7.410000e-15 3.184665e+18 1.014209e+37
7.420000e-15 -6.725880e+19 4.523746e+39
7.430000e-15 -1.374240e+20 1.888535e+40
7.440000e-15 -2.072193e+20 4.293983e+40
7.450000e-15 -2.765539e+20 7.648205e+40
7.460000e-15 -3.453378e+20 1.192582e+41
7.470000e-15 -4.134819e+20 1.709673e+41
7.480000e-15 -4.808984e+20 2.312633e+41
7.490000e-15 -5.475003e+20 2.997566e+41
7.500000e-15 -6.132023e+20 3.760171e+41
7.510000e-15 -6.779202e+20 4.595758e+41
7.520000e-15 -7.415715e+20 5.499283e+41
7.530000e-15 -8.040752e+20 6.465369e+41
7.540000e-15 -8.653520e+20 7.488341e+41
7.550000e-15 -9.253246e+20 8.562256e+41
7.560000e-15 -9.839174e+20 9.680934e+41
7.570000e-15 -1.041057e+21 1.083799e+42
7.580000e-15 -1.096672e+21 1.202689e+42
7.590000e-15 -1.150692e+21 1.324093e+42
7.600000e-15 -1.203052e+21 1.447335e+42
7.610000e-15 -1.253687e+21 1.571730e+42
7.620000e-15 -1.302533e+21 1.696593e+42
7.630000e-15 -1.349533e+21 1.821238e+42
7.640000e-15 -1.394627e+21 1.944986e+42
7.650000e-15 -1.437763e+21 2.067164e+42
7.660000e-15 -1.478889e+21 2.187112e+42
7.670000e-15 -1.517954e+21 2.304185e+42
7.680000e-15 -1.554914e+21 2.417758e+42
7.690000e-15 -1.589725e+21 2.527225e+42
7.700000e-15 -1.622346e+21 2.632008e+42
7.710000e-15 -1.652741e+21 2.731553e+42
7.720000e-15 -1.680875e+21 2.825340e+42
7.730000e-15 -1.706716e+21 2.912881e+42
7.740000e-15 -1.730237e+21 2.993721e+42
7.750000e-15 -1.751413e+21 3.067446e+42
7.760000e-15 -1.770220e+21 3.133681e+42
7.770000e-15 -1.786642e+21 3.192090e+42
7.780000e-15 -1.800662e+21 3.242383e+42
7.790000e-15 -1.812268e+21 3.284314e+42
7.800000e-15 -1.821450e+21 3.317679e+42
7.810000e-15 -1.828203e+21 3.342325e+42
7.820000e-15 -1.832523e+21 3.358142e+42
7.830000e-15 -1.834413e+21 3.365070e+42
7.840000e-15 -1.833874e+21 3.363093e+42
7.850000e-15 -1.830914e+21 3.352244e+42
7.860000e-15 -1.825542e+21 3.332604e+42
7.870000e-15 -1.817773e+21 3.304298e+42
7.880000e-15 -1.807621e+21 3.267495e+42
7.890000e-15 -1.795108e+21 3.222411e+42
7.900000e-15 -1.780254e+21 3.169303e+42
7.910000e-15 -1.763085e+21 3.108469e+42
7.920000e-15 -1.743630e+21 3.040246e+42
7.930000e-15 -1.721920e+21 2.965010e+42
7.940000e-15 -1.697990e+21 2.883170e+42
7.950000e-15 -1.671876e+21 2.795168e+42
7.960000e-15 -1.643618e+21 2.701479e+42
7.970000e-15 -1.613258e+21 2.602603e+42
7.980000e-15 -1.580843e+21 2.499066e+42
7.990000e-15 -1.546420e+21 2.391415e+42
8.000000e-15 -1.510039e+21 2.280217e+42
8.010000e-15 -1.471752e+21 2.166055e+42
8.020000e-15 -1.431616e+21 2.049526e+42
8.030000e-15 -1.389688e+21 1.931233e+42
8.040000e-15 -1.346027e+21 1.811789e+42
8.050000e-15 -1.300695e+21 1.691808e+42
8.060000e-15 -1.253756e+21 1.571905e+42
8.070000e-15 -1.205276e+21 1.452691e+42
8.080000e-15 -1.155323e+21 1.334772e+42
8.090000e-15 -1.103966e+21 1.218741e+42
8.100000e-15 -1.051276e+21 1.105182e+42
8.110000e-15 -9.973267e+20 9.946605e+41
8.120000e-15 -9.421912e+20 8.877243e+41
8.130000e-15 -8.859457e+20 7.848998e+41
8.140000e-15 -8.286670e+20 6.866890e+41
8.150000e-15 -7.704332e+20 5.935673e+41
8.160000e-15 -7.113235e+20 5.059811e+41
8.170000e-15 -6.514179e+20 4.243452e+41
8.180000e-15 -5.907974e+20 3.490415e+41
8.190000e-15 -5.295437e+20 2.804165e+41
8.200000e-15 -4.677392e+20 2.187800e+41
8.210000e-15 -4.054668e+20 1.644034e+41
8.220000e-15 -3.428098e+20 1.175186e+41
8.230000e-15 -2.798517e+20 7.831698e+40
8.240000e-15 -2.166764e+20 4.694867e+40
8.250000e-15 -1.533678e+20 2.352167e+40
8.260000e-15 -9.000965e+19 8.101737e+39
8.270000e-15 -2.668579e+19 7.121314e+38
8.280000e-15 3.652033e+19 1.333734e+39
8.290000e-15 9.952557e+19 9.905339e+39
8.300000e-15 1.622473e+20 2.632417e+40
8.310000e-15 2.246033e+20 5.044665e+40
8.320000e-15 2.865123e+20 8.208929e+40
8.330000e-15 3.478935e+20 1.210299e+41
8.340000e-15 4.086673e+20 1.670090e+41
8.350000e-15 4.687549e+20 2.197311e+41
8.360000e-15 5.280785e+20 2.788669e+41
8.370000e-15 5.865618e+20 3.440547e+41
8.380000e-15 6.441294e+20 4.149027e+41
8.390000e-15 7.007076e+20 4.909912e+41
8.400000e-15 7.562241e+20 5.718749e+41
8.410000e-15 8.106081e+20 6.570855e+41
8.420000e-15 8.637904e+20 7.461339e+41
8.430000e-15 9.157038e+20 8.385134e+41
8.440000e-15 9.662826e+20 9.337021e+41
8.450000e-15 1.015463e+21 1.031166e+42
8.460000e-15 1.063184e+21 1.130361e+42
8.470000e-15 1.109386e+21 1.230737e+42
8.480000e-15 1.154011e+21 1.331741e+42
8.490000e-15 1.197004e+21 1.432818e+42
8.500000e-15 1.238312e+21 1.533416e+42
8.510000e-15 1.277884e+21 1.632988e+42
8.520000e-15 1.315673e+21 1.730996e+42
8.530000e-15 1.351633e+21 1.826912e+42
8.540000e-15 1.385720e+21 1.920220e+42
8.550000e-15 1.417894e+21 2.010423e+42
8.560000e-15 1.448117e+21 2.097042e+42
8.570000e-15 1.476353e+21 2.179618e+42
8.580000e-15 1.502570e+21 2.257717e+42
8.590000e-15 1.526738e+21 2.330929e+42
8.600000e-15 1.548830e+21 2.398874e+42
8.610000e-15 1.568821e+21 2.461200e+42
8.620000e-15 1.586690e+21 2.517586e+42
8.630000e-15 1.602418e+21 2.567745e+42
8.640000e-15 1.615990e+21 2.611424e+42
8.650000e-15 1.627392e+21 2.648406e+42
8.660000e-15 1.636615e+21 2.678509e+42
8.670000e-15 1.643651e+21 2.701589e+42
8.680000e-15 1.648496e+21 2.717539e+42
8.690000e-15 1.651149e+21 2.726292e+42
8.700000e-15 1.651611e+21 2.727818e+42
8.710000e-15 1.649886e+21 2.722125e+42
8.720000e-15 1.645983e+21 2.709259e+42
8.730000e-15 1.639911e+21 2.689306e+42
8.740000e-15 1.631682e+21 2.662387e+42
8.750000e-15 1.621314e+21 2.628659e+42
8.760000e-15 1.608824e+21 2.588315e+42
8.770000e-15 1.594234e+21 2.541582e+42
8.780000e-15 1.577568e+21 2.488720e+42
8.790000e-15 1.558852e+21 2.430021e+42
8.800000e-15 1.538117e+21 2.365803e+42
8.810000e-15 1.515393e+21 2.296416e+42
8.820000e-15 1.490716e+21 2.222234e+42
8.830000e-15 1.464122e+21 2.143654e+42
8.840000e-15 1.435651e+21 2.061095e+42
8.850000e-15 1.405345e+21 1.974996e+42
8.860000e-15 1.373248e+21 1.885811e+42
8.870000e-15 1.339407e+21 1.794010e+42
8.880000e-15 1.303869e+21 1.700074e+42
8.890000e-15 1.266686e+21 1.604493e+42
8.900000e-15 1.227911e+21 1.507764e+42
8.910000e-15 1.187598e+21 1.410388e+42
8.920000e-15 1.145803e+21 1.312865e+42
8.930000e-15 1.102587e+21 1.215698e+42
8.940000e-15 1.058008e+21 1.119381e+42
8.950000e-15 1.012129e+21 1.024405e+42
8.960000e-15 9.650130e+20 9.312501e+41
8.970000e-15 9.167253e+20 8.403852e+41
8.980000e-15 8.673320e+20 7.522648e+41
8.990000e-15 8.169010e+20 6.673273e+41
9.000000e-15 7.655012e+20 5.859920e+41
9.010000e-15 7.132025e+20 5.086578e+41
9.020000e-15 6.600760e+20 4.357004e+41
9.030000e-15 6.061938e+20 3.674710e+41
9.040000e-15 5.516287e+20 3.042942e+41
9.050000e-15 4.964542e+20 2.464668e+41
9.060000e-15 4.407446e+20 1.942558e+41
9.070000e-15 3.845746e+20 1.478976e+41
9.080000e-15 3.280195e+20 1.075968e+41
9.090000e-15 2.711547e+20 7.352486e+40
9.100000e-15 2.140561e+20 4.582001e+40
9.110000e-15 1.567996e+20 2.458611e+40
9.120000e-15 9.946118e+19 9.892526e+39
9.130000e-15 4.211677e+19 1.773823e+39
9.140000e-15 -1.515786e+19 2.297607e+38
9.150000e-15 -7.228721e+19 5.225440e+39
9.160000e-15 -1.291961e+20 1.669164e+40
9.170000e-15 -1.858099e+20 3.452532e+40
9.180000e-15 -2.420544e+20 5.859033e+40
9.190000e-15 -2.978561e+20 8.871824e+40
9.200000e-15 -3.531422e+20 1.247094e+41
9.210000e-15 -4.078409e+20 1.663342e+41
9.220000e-15 -4.618810e+20 2.133341e+41
9.230000e-15 -5.151927e+20 2.654235e+41
9.240000e-15 -5.677070e+20 3.222913e+41
9.250000e-15 -6.193563e+20 3.836023e+41
9.260000e-15 -6.700743e+20 4.489995e+41
9.270000e-15 -7.197957e+20 5.181059e+41
9.280000e-15 -7.684572e+20 5.905265e+41
9.290000e-15 -8.159967e+20 6.658506e+41
9.300000e-15 -8.623537e+20 7.436539e+41
9.310000e-15 -9.074695e+20 8.235010e+41
9.320000e-15 -9.512872e+20 9.049473e+41
9.330000e-15 -9.937515e+20 9.875421e+41
9.340000e-15 -1.034809e+21 1.070830e+42
9.350000e-15 -1.074409e+21 1.154355e+42
9.360000e-15 -1.112502e+21 1.237661e+42
9.370000e-15 -1.149041e+21 1.320295e+42
9.380000e-15 -1.183980e+21 1.401809e+42
9.390000e-15 -1.217277e+21 1.481764e+42
9.400000e-15 -1.248892e+21 1.559731e+42
9.410000e-15 -1.278786e+21 1.635293e+42
9.420000e-15 -1.306923e+21 1.708048e+42
9.430000e-15 -1.333270e+21 1.777609e+42
9.440000e-15 -1.357795e+21 1.843608e+42
9.450000e-15 -1.380471e+21 1.905700e+42
9.460000e-15 -1.401271e+21 1.963559e+42
9.470000e-15 -1.420171e+21 2.016885e+42
9.480000e-15 -1.437150e+21 2.065400e+42
9.490000e-15 -1.452190e+21 2.108856e+42
9.500000e-15 -1.465276e+21 2.147033e+42
9.510000e-15 -1.476393e+21 2.179736e+42
9.520000e-15 -1.485531e+21 2.206803e+42
9.530000e-15 -1.492683e+21 2.228103e+42
9.540000e-15 -1.497843e+21 2.243533e+42
9.550000e-15 -1.501008e+21 2.253024e+42
9.560000e-15 -1.502178e+21 2.256539e+42
9.570000e-15 -1.501356e+21 2.254069e+42
9.580000e-15 -1.498547e+21 2.245642e+42
9.590000e-15 -1.493758e+21 2.231314e+42
9.600000e-15 -1.487001e+21 2.211173e+42
9.610000e-15 -1.478288e+21 2.185336e+42
9.620000e-15 -1.467635e+21 2.153953e+42
9.630000e-15 -1.455060e+21 2.117199e+42
9.640000e-15 -1.440583e+21 2.075279e+42
9.650000e-15 -1.424227e+21 2.028423e+42
9.660000e-15 -1.406019e+21 1.976888e+42
9.670000e-15 -1.385985e+21 1.920954e+42
9.680000e-15 -1.364156e+21 1.860921e+42
9.690000e-15 -1.340565e+21 1.797114e+42
9.700000e-15 -1.315246e+21 1.729872e+42
9.710000e-15 -1.288236e+21 1.659553e+42
9.720000e-15 -1.259576e+21 1.586531e+42
9.730000e-15 -1.229305e+21 1.511190e+42
9.740000e-15 -1.197467e+21 1.433926e+42
9.750000e-15 -1.164107e+21 1.355146e+42
9.760000e-15 -1.129274e+21 1.275259e+42
9.770000e-15 -1.093015e+21 1.194681e+42
9.780000e-15 -1.055381e+21 1.113830e+42
9.790000e-15 -1.016426e+21 1.033123e+42
9.800000e-15 -9.762039e+20 9.529740e+41
9.810000e-15 -9.347695e+20 8.737941e+41
9.820000e-15 -8.921807e+20 7.959864e+41
9.830000e-15 -8.484960e+20 7.199455e+41
9.840000e-15 -8.037755e+20 6.460551e+41
9.850000e-15 -7.580805e+20 5.746861e+41
9.860000e-15 -7.114734e+20 5.061944e+41
9.870000e-15 -6.640177e+20 4.409195e+41
9.880000e-15 -6.157779e+20 3.791824e+41
9.890000e-15 -5.668195e+20 3.212843e+41
9.900000e-15 -5.172086e+20 2.675047e+41
9.910000e-15 -4.670123e+20 2.181005e+41
9.920000e-15 -4.162981e+20 1.733041e+41
9.930000e-15 -3.651342e+20 1.333230e+41
9.940000e-15 -3.135892e+20 9.833822e+40
9.950000e-15 -2.617322e+20 6.850374e+40
9.960000e-15 -2.096323e+20 4.394571e+40
9.970000e-15 -1.573590e+20 2.476187e+40
9.980000e-15 -1.049819e+20 1.102120e+40
9.990000e-15 -5.257048e+19 2.763655e+39
1.000000e-14 -1.941665e+17 3.770062e+34
