0.000000e+00 nan nan
1.000000e-17 -1.845210e+19 3.404802e+38
2.000000e-17 -7.375460e+19 5.439740e+39
3.000000e-17 -1.657461e+20 2.747178e+40
4.000000e-17 -2.941582e+20 8.652903e+40
5.000000e-17 -4.586156e+20 2.103283e+41
6.000000e-17 -6.586376e+20 4.338034e+41
7.000000e-17 -8.936384e+20 7.985896e+41
8.000000e-17 -1.162929e+21 1.352404e+42
9.000000e-17 -1.465718e+21 2.148330e+42
1.000000e-16 -1.801114e+21 3.244013e+42
1.100000e-16 -2.168128e+21 4.700777e+42
1.200000e-16 -2.565671e+21 6.582669e+42
1.300000e-16 -2.992564e+21 8.955440e+42
1.400000e-16 -3.447533e+21 1.188549e+43
1.500000e-16 -3.929216e+21 1.543874e+43
1.600000e-16 -4.436161e+21 1.967953e+43
1.700000e-16 -4.966835e+21 2.466945e+43
1.800000e-16 -5.519619e+21 3.046620e+43
1.900000e-16 -6.092817e+21 3.712242e+43
2.000000e-16 -6.684654e+21 4.468460e+43
2.100000e-16 -7.293279e+21 5.319192e+43
2.200000e-16 -7.916769e+21 6.267522e+43
2.300000e-16 -8.553127e+21 7.315598e+43
2.400000e-16 -9.200288e+21 8.464529e+43
2.500000e-16 -9.856113e+21 9.714296e+43
2.600000e-16 -1.051839e+22 1.106366e+44
2.700000e-16 -1.118485e+22 1.251009e+44
2.800000e-16 -1.185183e+22 1.404659e+44
2.900000e-16 -1.251900e+22 1.567253e+44
3.000000e-16 -1.318304e+22 1.737925e+44
3.100000e-16 -1.384652e+22 1.917262e+44
3.200000e-16 -1.451352e+22 2.106422e+44
3.300000e-16 -1.515697e+22 2.297338e+44
3.400000e-16 -1.583056e+22 2.506066e+44
3.500000e-16 -1.645397e+22 2.707333e+44
3.600000e-16 -1.728295e+22 2.987005e+44
3.700000e-16 -1.791520e+22 3.209542e+44
3.800000e-16 -1.848677e+22 3.417607e+44
3.900000e-16 -1.907915e+22 3.640141e+44
4.000000e-16 -1.964535e+22 3.859399e+44
4.100000e-16 -2.019599e+22 4.078781e+44
4.200000e-16 -2.072365e+22 4.294696e+44
4.300000e-16 -2.122755e+22 4.506090e+44
4.400000e-16 -2.170454e+22 4.710873e+44
4.500000e-16 -2.215386e+22 4.907936e+44
4.600000e-16 -2.257583e+22 5.096679e+44
4.700000e-16 -2.296587e+22 5.274311e+44
4.800000e-16 -2.332423e+22 5.440198e+44
4.900000e-16 -2.364973e+22 5.593098e+44
5.000000e-16 -2.394217e+22 5.732275e+44
5.100000e-16 -2.419889e+22 5.855864e+44
5.200000e-16 -2.441977e+22 5.963252e+44
5.300000e-16 -2.460399e+22 6.053565e+44
5.400000e-16 -2.475091e+22 6.126075e+44
5.500000e-16 -2.485980e+22 6.180095e+44
5.600000e-16 -2.493020e+22 6.215148e+44
5.700000e-16 -2.496171e+22 6.230870e+44
5.800000e-16 -2.495403e+22 6.227036e+44
5.900000e-16 -2.490674e+22 6.203458e+44
6.000000e-16 -2.482016e+22 6.160405e+44
6.100000e-16 -2.469411e+22 6.097991e+44
6.200000e-16 -2.452871e+22 6.016575e+44
6.300000e-16 -2.432417e+22 5.916654e+44
6.400000e-16 -2.408070e+22 5.798799e+44
6.500000e-16 -2.379897e+22 5.663910e+44
6.600000e-16 -2.347940e+22 5.512824e+44
6.700000e-16 -2.312262e+22 5.346558e+44
6.800000e-16 -2.272936e+22 5.166239e+44
6.900000e-16 -2.230044e+22 4.973098e+44
7.000000e-16 -2.183679e+22 4.768452e+44
7.100000e-16 -2.133940e+22 4.553699e+44
7.200000e-16 -2.080934e+22 4.330286e+44
7.300000e-16 -2.024786e+22 4.099759e+44
7.400000e-16 -1.965619e+22 3.863659e+44
7.500000e-16 -1.903567e+22 3.623567e+44
7.600000e-16 -1.838771e+22 3.381079e+44
7.700000e-16 -1.771379e+22 3.137785e+44
7.800000e-16 -1.701547e+22 2.895262e+44
7.900000e-16 -1.629435e+22 2.655057e+44
8.000000e-16 -1.555211e+22 2.418680e+44
8.100000e-16 -1.479043e+22 2.187568e+44
8.200000e-16 -1.401110e+22 1.963109e+44
8.300000e-16 -1.321592e+22 1.746605e+44
8.400000e-16 -1.240673e+22 1.539270e+44
8.500000e-16 -1.158541e+22 1.342217e+44
8.600000e-16 -1.075385e+22 1.156453e+44
8.700000e-16 -9.913978e+21 9.828696e+43
8.800000e-16 -9.067729e+21 8.222370e+43
8.900000e-16 -8.217048e+21 6.751989e+43
9.000000e-16 -7.363890e+21 5.422687e+43
9.100000e-16 -6.510204e+21 4.238275e+43
9.200000e-16 -5.657962e+21 3.201254e+43
9.300000e-16 -4.809051e+21 2.312697e+43
9.400000e-16 -3.965413e+21 1.572450e+43
9.500000e-16 -3.128945e+21 9.790300e+42
9.600000e-16 -2.301519e+21 5.296988e+42
9.700000e-16 -1.484972e+21 2.205142e+42
9.800000e-16 -6.811086e+20 4.639090e+41
9.900000e-16 1.083103e+20 1.173113e+40
1.000000e-15 8.815691e+20 7.771641e+41
1.010000e-15 1.637003e+21 2.679777e+42
1.020000e-15 2.373000e+21 5.631130e+42
1.030000e-15 3.088011e+21 9.535809e+42
1.040000e-15 3.780545e+21 1.429252e+43
1.050000e-15 4.449182e+21 1.979522e+43
1.060000e-15 5.092570e+21 2.593427e+43
1.070000e-15 5.709431e+21 3.259760e+43
1.080000e-15 6.298553e+21 3.967177e+43
1.090000e-15 6.858836e+21 4.704363e+43
1.100000e-15 7.389231e+21 5.460073e+43
1.110000e-15 7.888784e+21 6.223291e+43
1.120000e-15 8.356628e+21 6.983323e+43
1.130000e-15 8.791986e+21 7.729902e+43
1.140000e-15 9.194170e+21 8.453277e+43
1.150000e-15 9.562586e+21 9.144305e+43
1.160000e-15 9.896731e+21 9.794529e+43
1.170000e-15 1.019620e+22 1.039625e+44
1.180000e-15 1.046067e+22 1.094257e+44
1.190000e-15 1.068994e+22 1.142748e+44
1.200000e-15 1.088387e+22 1.184587e+44
1.210000e-15 1.104244e+22 1.219356e+44
1.220000e-15 1.116572e+22 1.246733e+44
1.230000e-15 1.125386e+22 1.266494e+44
1.240000e-15 1.130712e+22 1.278510e+44
1.250000e-15 1.132584e+22 1.282746e+44
1.260000e-15 1.131045e+22 1.279263e+44
1.270000e-15 1.126147e+22 1.268208e+44
1.280000e-15 1.117952e+22 1.249817e+44
1.290000e-15 1.106528e+22 1.224403e+44
1.300000e-15 1.091951e+22 1.192358e+44
1.310000e-15 1.074309e+22 1.154139e+44
1.320000e-15 1.053692e+22 1.110266e+44
1.330000e-15 1.030200e+22 1.061312e+44
1.340000e-15 1.003941e+22 1.007898e+44
1.350000e-15 9.750278e+21 9.506792e+43
1.360000e-15 9.435795e+21 8.903423e+43
1.370000e-15 9.097217e+21 8.275936e+43
1.380000e-15 8.735850e+21 7.631507e+43
1.390000e-15 8.353051e+21 6.977347e+43
1.400000e-15 7.950225e+21 6.320607e+43
1.410000e-15 7.528815e+21 5.668306e+43
1.420000e-15 7.090304e+21 5.027241e+43
1.430000e-15 6.636207e+21 4.403924e+43
1.440000e-15 6.168067e+21 3.804505e+43
1.450000e-15 5.687450e+21 3.234708e+43
1.460000e-15 5.195941e+21 2.699781e+43
1.470000e-15 4.695141e+21 2.204435e+43
1.480000e-15 4.186660e+21 1.752812e+43
1.490000e-15 3.672110e+21 1.348439e+43
1.500000e-15 3.153106e+21 9.942080e+42
1.510000e-15 2.631260e+21 6.923528e+42
1.520000e-15 2.108171e+21 4.444385e+42
1.530000e-15 1.585427e+21 2.513580e+42
1.540000e-15 1.064599e+21 1.133371e+42
1.550000e-15 5.472326e+20 2.994635e+41
1.560000e-15 3.484907e+19 1.214458e+39
1.570000e-15 -4.710617e+20 2.218992e+41
1.580000e-15 -9.690449e+20 9.390480e+41
1.590000e-15 -1.457684e+21 2.124844e+42
1.600000e-15 -1.935606e+21 3.746572e+42
1.610000e-15 -2.401484e+21 5.767123e+42
1.620000e-15 -2.854038e+21 8.145536e+42
1.630000e-15 -3.292043e+21 1.083755e+43
1.640000e-15 -3.714335e+21 1.379629e+43
1.650000e-15 -4.119802e+21 1.697277e+43
1.660000e-15 -4.507396e+21 2.031662e+43
1.670000e-15 -4.876134e+21 2.377668e+43
1.680000e-15 -5.225098e+21 2.730165e+43
1.690000e-15 -5.553442e+21 3.084071e+43
1.700000e-15 -5.860387e+21 3.434413e+43
1.710000e-15 -6.145229e+21 3.776383e+43
1.720000e-15 -6.407336e+21 4.105396e+43
1.730000e-15 -6.646153e+21 4.417135e+43
1.740000e-15 -6.861199e+21 4.707606e+43
1.750000e-15 -7.052072e+21 4.973172e+43
1.760000e-15 -7.218444e+21 5.210594e+43
1.770000e-15 -7.360068e+21 5.417060e+43
1.780000e-15 -7.476772e+21 5.590212e+43
1.790000e-15 -7.568463e+21 5.728164e+43
1.800000e-15 -7.635125e+21 5.829513e+43
1.810000e-15 -7.676817e+21 5.893352e+43
1.820000e-15 -7.693675e+21 5.919264e+43
1.830000e-15 -7.685910e+21 5.907321e+43
1.840000e-15 -7.653803e+21 5.858070e+43
1.850000e-15 -7.597710e+21 5.772519e+43
1.860000e-15 -7.518055e+21 5.652115e+43
1.870000e-15 -7.415331e+21 5.498714e+43
1.880000e-15 -7.290098e+21 5.314553e+43
1.890000e-15 -7.142977e+21 5.102211e+43
1.900000e-15 -6.974651e+21 4.864576e+43
1.910000e-15 -6.785864e+21 4.604795e+43
1.920000e-15 -6.577413e+21 4.326236e+43
1.930000e-15 -6.350149e+21 4.032439e+43
1.940000e-15 -6.104974e+21 3.727070e+43
1.950000e-15 -5.842834e+21 3.413871e+43
1.960000e-15 -5.564721e+21 3.096611e+43
1.970000e-15 -5.271665e+21 2.779045e+43
1.980000e-15 -4.964735e+21 2.464859e+43
1.990000e-15 -4.645030e+21 2.157631e+43
2.000000e-15 -4.313681e+21 1.860785e+43
2.010000e-15 -3.971843e+21 1.577553e+43
2.020000e-15 -3.620691e+21 1.310941e+43
2.030000e-15 -3.261423e+21 1.063688e+43
2.040000e-15 -2.895246e+21 8.382450e+42
2.050000e-15 -2.523381e+21 6.367451e+42
2.060000e-15 -2.147053e+21 4.609836e+42
2.070000e-15 -1.767491e+21 3.124025e+42
2.080000e-15 -1.385923e+21 1.920783e+42
2.090000e-15 -1.003572e+21 1.007156e+42
2.100000e-15 -6.216507e+20 3.864496e+41
2.110000e-15 -2.413624e+20 5.825579e+40
2.120000e-15 1.361075e+20 1.852525e+40
2.130000e-15 5.095923e+20 2.596843e+41
2.140000e-15 8.779484e+20 7.707934e+41
2.150000e-15 1.240058e+21 1.537744e+42
2.160000e-15 1.594833e+21 2.543494e+42
2.170000e-15 1.941219e+21 3.768330e+42
2.180000e-15 2.278194e+21 5.190167e+42
2.190000e-15 2.604777e+21 6.784863e+42
2.200000e-15 2.920029e+21 8.526568e+42
2.210000e-15 3.223050e+21 1.038805e+43
2.220000e-15 3.512991e+21 1.234111e+43
2.230000e-15 3.789049e+21 1.435689e+43
2.240000e-15 4.050472e+21 1.640632e+43
2.250000e-15 4.296560e+21 1.846043e+43
2.260000e-15 4.526668e+21 2.049072e+43
2.270000e-15 4.740205e+21 2.246954e+43
2.280000e-15 4.936638e+21 2.437040e+43
2.290000e-15 5.115493e+21 2.616827e+43
2.300000e-15 5.276353e+21 2.783990e+43
2.310000e-15 5.418863e+21 2.936408e+43
2.320000e-15 5.542728e+21 3.072183e+43
2.330000e-15 5.647714e+21 3.189667e+43
2.340000e-15 5.733647e+21 3.287471e+43
2.350000e-15 5.800417e+21 3.364483e+43
2.360000e-15 5.847972e+21 3.419878e+43
2.370000e-15 5.876324e+21 3.453118e+43
2.380000e-15 5.885543e+21 3.463961e+43
2.390000e-15 5.875759e+21 3.452454e+43
2.400000e-15 5.847161e+21 3.418929e+43
2.410000e-15 5.799995e+21 3.363995e+43
2.420000e-15 5.734566e+21 3.288525e+43
2.430000e-15 5.651230e+21 3.193640e+43
2.440000e-15 5.550399e+21 3.080693e+43
2.450000e-15 5.432536e+21 2.951245e+43
2.460000e-15 5.298154e+21 2.807043e+43
2.470000e-15 5.147813e+21 2.649998e+43
2.480000e-15 4.982121e+21 2.482153e+43
2.490000e-15 4.801727e+21 2.305658e+43
2.500000e-15 4.607323e+21 2.122742e+43
2.510000e-15 4.399637e+21 1.935680e+43
2.520000e-15 4.179435e+21 1.746768e+43
2.530000e-15 3.947518e+21 1.558290e+43
2.540000e-15 3.704713e+21 1.372490e+43
2.550000e-15 3.451880e+21 1.191547e+43
2.560000e-15 3.189898e+21 1.017545e+43
2.570000e-15 2.919674e+21 8.524496e+42
2.580000e-15 2.642129e+21 6.980847e+42
2.590000e-15 2.358203e+21 5.561122e+42
2.600000e-15 2.068847e+21 4.280128e+42
2.610000e-15 1.775022e+21 3.150704e+42
2.620000e-15 1.477697e+21 2.183588e+42
2.630000e-15 1.177843e+21 1.387313e+42
2.640000e-15 8.764308e+20 7.681310e+41
2.650000e-15 5.744313e+20 3.299713e+41
2.660000e-15 2.728078e+20 7.442408e+40
2.670000e-15 -2.748454e+19 7.553999e+38
2.680000e-15 -3.255019e+20 1.059515e+41
2.690000e-15 -6.203148e+20 3.847904e+41
2.700000e-15 -9.110110e+20 8.299410e+41
2.710000e-15 -1.196698e+21 1.432086e+42
2.720000e-15 -1.476506e+21 2.180071e+42
2.730000e-15 -1.749591e+21 3.061068e+42
2.740000e-15 -2.015135e+21 4.060767e+42
2.750000e-15 -2.272350e+21 5.163573e+42
2.760000e-15 -2.520481e+21 6.352826e+42
2.770000e-15 -2.758808e+21 7.611023e+42
2.780000e-15 -2.986646e+21 8.920053e+42
2.790000e-15 -3.203347e+21 1.026143e+43
2.800000e-15 -3.408306e+21 1.161655e+43
2.810000e-15 -3.600956e+21 1.296688e+43
2.820000e-15 -3.780775e+21 1.429426e+43
2.830000e-15 -3.947286e+21 1.558107e+43
2.840000e-15 -4.100055e+21 1.681045e+43
2.850000e-15 -4.238695e+21 1.796654e+43
2.860000e-15 -4.362869e+21 1.903462e+43
2.870000e-15 -4.472284e+21 2.000132e+43
2.880000e-15 -4.566698e+21 2.085473e+43
2.890000e-15 -4.645917e+21 2.158455e+43
2.900000e-15 -4.709797e+21 2.218219e+43
2.910000e-15 -4.758243e+21 2.264088e+43
2.920000e-15 -4.791209e+21 2.295569e+43
2.930000e-15 -4.808698e+21 2.312358e+43
2.940000e-15 -4.810761e+21 2.314342e+43
2.950000e-15 -4.797499e+21 2.301600e+43
2.960000e-15 -4.769058e+21 2.274392e+43
2.970000e-15 -4.725633e+21 2.233161e+43
2.980000e-15 -4.667463e+21 2.178521e+43
2.990000e-15 -4.594833e+21 2.111249e+43
3.000000e-15 -4.508070e+21 2.032269e+43
3.010000e-15 -4.407543e+21 1.942644e+43
3.020000e-15 -4.293664e+21 1.843555e+43
3.030000e-15 -4.166882e+21 1.736291e+43
3.040000e-15 -4.027683e+21 1.622223e+43
3.050000e-15 -3.876590e+21 1.502795e+43
3.060000e-15 -3.714159e+21 1.379497e+43
3.070000e-15 -3.540977e+21 1.253852e+43
3.080000e-15 -3.357662e+21 1.127390e+43
3.090000e-15 -3.164859e+21 1.001633e+43
3.100000e-15 -2.963239e+21 8.780783e+42
3.110000e-15 -2.753493e+21 7.581724e+42
3.120000e-15 -2.536337e+21 6.433005e+42
3.130000e-15 -2.312503e+21 5.347668e+42
3.140000e-15 -2.082738e+21 4.337797e+42
3.150000e-15 -1.847805e+21 3.414382e+42
3.160000e-15 -1.608476e+21 2.587194e+42
3.170000e-15 -1.365532e+21 1.864679e+42
3.180000e-15 -1.119762e+21 1.253866e+42
3.190000e-15 -8.719546e+20 7.603047e+41
3.200000e-15 -6.229029e+20 3.880080e+41
3.210000e-15 -3.733971e+20 1.394254e+41
3.220000e-15 -1.242237e+20 1.543153e+40
3.230000e-15 1.238370e+20 1.533559e+40
3.240000e-15 3.700133e+20 1.369099e+41
3.250000e-15 6.135448e+20 3.764372e+41
3.260000e-15 8.536841e+20 7.287766e+41
3.270000e-15 1.089700e+21 1.187445e+42
3.280000e-15 1.320877e+21 1.744716e+42
3.290000e-15 1.546523e+21 2.391732e+42
3.300000e-15 1.765964e+21 3.118627e+42
3.310000e-15 1.978551e+21 3.914666e+42
3.320000e-15 2.183663e+21 4.768385e+42
3.330000e-15 2.380703e+21 5.667748e+42
3.340000e-15 2.569105e+21 6.600300e+42
3.350000e-15 2.748333e+21 7.553332e+42
3.360000e-15 2.917882e+21 8.514035e+42
3.370000e-15 3.077283e+21 9.469669e+42
3.380000e-15 3.226099e+21 1.040771e+43
3.390000e-15 3.363931e+21 1.131603e+43
3.400000e-15 3.490415e+21 1.218299e+43
3.410000e-15 3.605225e+21 1.299765e+43
3.420000e-15 3.708074e+21 1.374982e+43
3.430000e-15 3.798715e+21 1.443023e+43
3.440000e-15 3.876937e+21 1.503064e+43
3.450000e-15 3.942574e+21 1.554389e+43
3.460000e-15 3.995495e+21 1.596398e+43
3.470000e-15 4.035612e+21 1.628617e+43
3.480000e-15 4.062879e+21 1.650699e+43
3.490000e-15 4.077287e+21 1.662427e+43
3.500000e-15 4.078867e+21 1.663716e+43
3.510000e-15 4.067693e+21 1.654613e+43
3.520000e-15 4.043875e+21 1.635292e+43
3.530000e-15 4.007562e+21 1.606056e+43
3.540000e-15 3.958943e+21 1.567323e+43
3.550000e-15 3.898240e+21 1.519628e+43
3.560000e-15 3.825715e+21 1.463610e+43
3.570000e-15 3.741664e+21 1.400005e+43
3.580000e-15 3.646414e+21 1.329634e+43
3.590000e-15 3.540329e+21 1.253393e+43
3.600000e-15 3.423801e+21 1.172242e+43
3.610000e-15 3.297254e+21 1.087189e+43
3.620000e-15 3.161140e+21 9.992804e+42
3.630000e-15 3.015936e+21 9.095869e+42
3.640000e-15 2.862146e+21 8.191882e+42
3.650000e-15 2.700298e+21 7.291612e+42
3.660000e-15 2.530941e+21 6.405662e+42
3.670000e-15 2.354643e+21 5.544342e+42
3.680000e-15 2.171990e+21 4.717542e+42
3.690000e-15 1.983587e+21 3.934617e+42
3.700000e-15 1.790049e+21 3.204276e+42
3.710000e-15 1.592007e+21 2.534485e+42
3.720000e-15 1.390098e+21 1.932373e+42
3.730000e-15 1.184972e+21 1.404158e+42
3.740000e-15 9.772806e+20 9.550774e+41
3.750000e-15 7.676823e+20 5.893361e+41
3.760000e-15 5.568363e+20 3.100667e+41
3.770000e-15 3.454023e+20 1.193027e+41
3.780000e-15 1.340376e+20 1.796608e+40
3.790000e-15 -7.660436e+19 5.868228e+39
3.800000e-15 -2.858763e+20 8.172527e+40
3.810000e-15 -4.931390e+20 2.431860e+41
3.820000e-15 -6.977629e+20 4.868730e+41
3.830000e-15 -8.991305e+20 8.084356e+41
3.840000e-15 -1.096638e+21 1.202614e+42
3.850000e-15 -1.289696e+21 1.663316e+42
3.860000e-15 -1.477734e+21 2.183697e+42
3.870000e-15 -1.660198e+21 2.756258e+42
3.880000e-15 -1.836557e+21 3.372940e+42
3.890000e-15 -2.006299e+21 4.025234e+42
3.900000e-15 -2.168937e+21 4.704286e+42
3.910000e-15 -2.324008e+21 5.401012e+42
3.920000e-15 -2.471075e+21 6.106211e+42
3.930000e-15 -2.609729e+21 6.810683e+42
3.940000e-15 -2.739587e+21 7.505335e+42
3.950000e-15 -2.860297e+21 8.181297e+42
3.960000e-15 -2.971536e+21 8.830028e+42
3.970000e-15 -3.073013e+21 9.443412e+42
3.980000e-15 -3.164468e+21 1.001386e+43
3.990000e-15 -3.245673e+21 1.053439e+43
4.000000e-15 -3.316432e+21 1.099872e+43
4.010000e-15 -3.376584e+21 1.140132e+43
4.020000e-15 -3.426000e+21 1.173748e+43
4.030000e-15 -3.464585e+21 1.200335e+43
4.040000e-15 -3.492277e+21 1.219600e+43
4.050000e-15 -3.509049e+21 1.231342e+43
4.060000e-15 -3.514907e+21 1.235457e+43
4.070000e-15 -3.509890e+21 1.231933e+43
4.080000e-15 -3.494071e+21 1.220853e+43
4.090000e-15 -3.467555e+21 1.202394e+43
4.100000e-15 -3.430479e+21 1.176819e+43
4.110000e-15 -3.383013e+21 1.144478e+43
4.120000e-15 -3.325356e+21 1.105799e+43
4.130000e-15 -3.257737e+21 1.061285e+43
4.140000e-15 -3.180417e+21 1.011505e+43
4.150000e-15 -3.093682e+21 9.570869e+42
4.160000e-15 -2.997848e+21 8.987090e+42
4.170000e-15 -2.893254e+21 8.370921e+42
4.180000e-15 -2.780268e+21 7.729891e+42
4.190000e-15 -2.659279e+21 7.071762e+42
4.200000e-15 -2.530698e+21 6.404430e+42
4.210000e-15 -2.394958e+21 5.735826e+42
4.220000e-15 -2.252514e+21 5.073817e+42
4.230000e-15 -2.103834e+21 4.426117e+42
4.240000e-15 -1.949407e+21 3.800187e+42
4.250000e-15 -1.789735e+21 3.203151e+42
4.260000e-15 -1.625334e+21 2.641710e+42
4.270000e-15 -1.456731e+21 2.122067e+42
4.280000e-15 -1.284465e+21 1.649851e+42
4.290000e-15 -1.109082e+21 1.230063e+42
4.300000e-15 -9.311344e+20 8.670113e+41
4.310000e-15 -7.511804e+20 5.642720e+41
4.320000e-15 -5.697814e+20 3.246508e+41
4.330000e-15 -3.875003e+20 1.501564e+41
4.340000e-15 -2.048998e+20 4.198394e+40
4.350000e-15 -2.254106e+19 5.080993e+38
4.360000e-15 1.590187e+20 2.528694e+40
4.370000e-15 3.392271e+20 1.150750e+41
4.380000e-15 5.175389e+20 2.678465e+41
4.390000e-15 6.934172e+20 4.808274e+41
4.400000e-15 8.663351e+20 7.505365e+41
4.410000e-15 1.035777e+21 1.072835e+42
4.420000e-15 1.201242e+21 1.442982e+42
4.430000e-15 1.362241e+21 1.855701e+42
4.440000e-15 1.518303e+21 2.305245e+42
4.450000e-15 1.668974e+21 2.785475e+42
4.460000e-15 1.813818e+21 3.289938e+42
4.470000e-15 1.952420e+21 3.811943e+42
4.480000e-15 2.084384e+21 4.344655e+42
4.490000e-15 2.209337e+21 4.881171e+42
4.500000e-15 2.326931e+21 5.414607e+42
4.510000e-15 2.436839e+21 5.938184e+42
4.520000e-15 2.538761e+21 6.445308e+42
4.530000e-15 2.632422e+21 6.929647e+42
4.540000e-15 2.717574e+21 7.385209e+42
4.550000e-15 2.793995e+21 7.806409e+42
4.560000e-15 2.861492e+21 8.188134e+42
4.570000e-15 2.919898e+21 8.525804e+42
4.580000e-15 2.969077e+21 8.815417e+42
4.590000e-15 3.008920e+21 9.053598e+42
4.600000e-15 3.039347e+21 9.237631e+42
4.610000e-15 3.060308e+21 9.365486e+42
4.620000e-15 3.071782e+21 9.435842e+42
4.630000e-15 3.073775e+21 9.448091e+42
4.640000e-15 3.066324e+21 9.402341e+42
4.650000e-15 3.049494e+21 9.299411e+42
4.660000e-15 3.023377e+21 9.140810e+42
4.670000e-15 2.988096e+21 8.928716e+42
4.680000e-15 2.943797e+21 8.665943e+42
4.690000e-15 2.890657e+21 8.355899e+42
4.700000e-15 2.828876e+21 8.002542e+42
4.710000e-15 2.758682e+21 7.610324e+42
4.720000e-15 2.680324e+21 7.184137e+42
4.730000e-15 2.594079e+21 6.729244e+42
4.740000e-15 2.500243e+21 6.251216e+42
4.750000e-15 2.399137e+21 5.755860e+42
4.760000e-15 2.291102e+21 5.249146e+42
4.770000e-15 2.176496e+21 4.737133e+42
4.780000e-15 2.055698e+21 4.225894e+42
4.790000e-15 1.929104e+21 3.721442e+42
4.800000e-15 1.797126e+21 3.229661e+42
4.810000e-15 1.660189e+21 2.756229e+42
4.820000e-15 1.518734e+21 2.306553e+42
4.830000e-15 1.373212e+21 1.885710e+42
4.840000e-15 1.224084e+21 1.498381e+42
4.850000e-15 1.071821e+21 1.148801e+42
4.860000e-15 9.169031e+20 8.407112e+41
4.870000e-15 7.598135e+20 5.773166e+41
4.880000e-15 6.010419e+20 3.612514e+41
4.890000e-15 4.410806e+20 1.945521e+41
4.900000e-15 2.804235e+20 7.863733e+40
4.910000e-15 1.195646e+20 1.429570e+40
4.920000e-15 -4.100332e+19 1.681272e+39
4.930000e-15 -2.007906e+20 4.031688e+40
4.940000e-15 -3.593119e+20 1.291051e+41
4.950000e-15 -5.160876e+20 2.663464e+41
4.960000e-15 -6.706453e+20 4.497652e+41
4.970000e-15 -8.225214e+20 6.765415e+41
4.980000e-15 -9.712622e+20 9.433502e+41
4.990000e-15 -1.116425e+21 1.246406e+42
5.000000e-15 -1.257581e+21 1.581510e+42
5.010000e-15 -1.394314e+21 1.944111e+42
5.020000e-15 -1.526223e+21 2.329356e+42
5.030000e-15 -1.652924e+21 2.732156e+42
5.040000e-15 -1.774049e+21 3.147251e+42
5.050000e-15 -1.889251e+21 3.569269e+42
5.060000e-15 -1.998200e+21 3.992802e+42
5.070000e-15 -2.100586e+21 4.412463e+42
5.080000e-15 -2.196124e+21 4.822959e+42
5.090000e-15 -2.284545e+21 5.219147e+42
5.100000e-15 -2.365609e+21 5.596104e+42
5.110000e-15 -2.439094e+21 5.949178e+42
5.120000e-15 -2.504805e+21 6.274049e+42
5.130000e-15 -2.562571e+21 6.566772e+42
5.140000e-15 -2.612246e+21 6.823829e+42
5.150000e-15 -2.653708e+21 7.042165e+42
5.160000e-15 -2.686861e+21 7.219223e+42
5.170000e-15 -2.711636e+21 7.352969e+42
5.180000e-15 -2.727988e+21 7.441918e+42
5.190000e-15 -2.735899e+21 7.485143e+42
5.200000e-15 -2.735376e+21 7.482284e+42
5.210000e-15 -2.726453e+21 7.433547e+42
5.220000e-15 -2.709188e+21 7.339702e+42
5.230000e-15 -2.683666e+21 7.202061e+42
5.240000e-15 -2.649994e+21 7.022467e+42
5.250000e-15 -2.608306e+21 6.803261e+42
5.260000e-15 -2.558760e+21 6.547252e+42
5.270000e-15 -2.501536e+21 6.257682e+42
5.280000e-15 -2.436837e+21 5.938177e+42
5.290000e-15 -2.364890e+21 5.592706e+42
5.300000e-15 -2.285941e+21 5.225526e+42
5.310000e-15 -2.200257e+21 4.841132e+42
5.320000e-15 -2.108126e+21 4.444194e+42
5.330000e-15 -2.009852e+21 4.039507e+42
5.340000e-15 -1.905761e+21 3.631924e+42
5.350000e-15 -1.796190e+21 3.226299e+42
5.360000e-15 -1.681497e+21 2.827431e+42
5.370000e-15 -1.562050e+21 2.440000e+42
5.380000e-15 -1.438234e+21 2.068516e+42
5.390000e-15 -1.310442e+21 1.717259e+42
5.400000e-15 -1.179082e+21 1.390235e+42
5.410000e-15 -1.044569e+21 1.091124e+42
5.420000e-15 -9.073257e+20 8.232399e+41
5.430000e-15 -7.677835e+20 5.894915e+41
5.440000e-15 -6.263783e+20 3.923498e+41
5.450000e-15 -4.835505e+20 2.338211e+41
5.460000e-15 -3.397430e+20 1.154253e+41
5.470000e-15 -1.954007e+20 3.818144e+40
5.480000e-15 -5.096824e+19 2.597762e+39
5.490000e-15 9.311087e+19 8.669633e+39
5.500000e-15 2.363957e+20 5.588291e+40
5.510000e-15 3.784491e+20 1.432238e+41
5.520000e-15 5.188395e+20 2.691944e+41
5.530000e-15 6.571415e+20 4.318350e+41
5.540000e-15 7.929378e+20 6.287504e+41
5.550000e-15 9.258200e+20 8.571427e+41
5.560000e-15 1.055390e+21 1.113848e+42
5.570000e-15 1.181261e+21 1.395378e+42
5.580000e-15 1.303060e+21 1.697965e+42
5.590000e-15 1.420426e+21 2.017609e+42
5.600000e-15 1.533013e+21 2.350128e+42
5.610000e-15 1.640492e+21 2.691213e+42
5.620000e-15 1.742550e+21 3.036480e+42
5.630000e-15 1.838891e+21 3.381521e+42
5.640000e-15 1.929240e+21 3.721965e+42
5.650000e-15 2.013337e+21 4.053526e+42
5.660000e-15 2.090946e+21 4.372057e+42
5.670000e-15 2.161850e+21 4.673597e+42
5.680000e-15 2.225854e+21 4.954425e+42
5.690000e-15 2.282782e+21 5.211096e+42
5.700000e-15 2.332485e+21 5.440487e+42
5.710000e-15 2.374833e+21 5.639831e+42
5.720000e-15 2.409720e+21 5.806749e+42
5.730000e-15 2.437063e+21 5.939277e+42
5.740000e-15 2.456804e+21 6.035885e+42
5.750000e-15 2.468906e+21 6.095498e+42
5.760000e-15 2.473358e+21 6.117500e+42
5.770000e-15 2.470171e+21 6.101743e+42
5.780000e-15 2.459379e+21 6.048545e+42
5.790000e-15 2.441041e+21 5.958682e+42
5.800000e-15 2.415238e+21 5.833375e+42
5.810000e-15 2.382073e+21 5.674273e+42
5.820000e-15 2.341673e+21 5.483433e+42
5.830000e-15 2.294185e+21 5.263286e+42
5.840000e-15 2.239779e+21 5.016610e+42
5.850000e-15 2.178644e+21 4.746490e+42
5.860000e-15 2.110990e+21 4.456280e+42
5.870000e-15 2.037047e+21 4.149562e+42
5.880000e-15 1.957063e+21 3.830095e+42
5.890000e-15 1.871303e+21 3.501774e+42
5.900000e-15 1.780050e+21 3.168577e+42
5.910000e-15 1.683602e+21 2.834516e+42
5.920000e-15 1.582274e+21 2.503591e+42
5.930000e-15 1.476393e+21 2.179737e+42
5.940000e-15 1.366300e+21 1.866776e+42
5.950000e-15 1.252348e+21 1.568375e+42
5.960000e-15 1.134899e+21 1.287996e+42
5.970000e-15 1.014327e+21 1.028860e+42
5.980000e-15 8.910143e+20 7.939064e+41
5.990000e-15 7.653482e+20 5.857579e+41
6.000000e-15 6.377242e+20 4.066922e+41
6.010000e-15 5.085417e+20 2.586147e+41
6.020000e-15 3.782039e+20 1.430382e+41
6.030000e-15 2.471164e+20 6.106650e+40
6.040000e-15 1.156855e+20 1.338313e+40
6.050000e-15 -1.568233e+19 2.459355e+38
6.060000e-15 -1.465822e+20 2.148635e+40
6.070000e-15 -2.766120e+20 7.651418e+40
6.080000e-15 -4.053733e+20 1.643275e+41
6.090000e-15 -5.324730e+20 2.835275e+41
6.100000e-15 -6.575244e+20 4.323383e+41
6.110000e-15 -7.801479e+20 6.086308e+41
6.120000e-15 -8.999731e+20 8.099515e+41
6.130000e-15 -1.016639e+21 1.033554e+42
6.140000e-15 -1.129795e+21 1.276437e+42
6.150000e-15 -1.239104e+21 1.535378e+42
6.160000e-15 -1.344239e+21 1.806979e+42
6.170000e-15 -1.444890e+21 2.087707e+42
6.180000e-15 -1.540760e+21 2.373941e+42
6.190000e-15 -1.631567e+21 2.662012e+42
6.200000e-15 -1.717048e+21 2.948255e+42
6.210000e-15 -1.796955e+21 3.229047e+42
6.220000e-15 -1.871058e+21 3.500857e+42
6.230000e-15 -1.939146e+21 3.760289e+42
6.240000e-15 -2.001029e+21 4.004117e+42
6.250000e-15 -2.056533e+21 4.229330e+42
6.260000e-15 -2.105508e+21 4.433166e+42
6.270000e-15 -2.147823e+21 4.613142e+42
6.280000e-15 -2.183366e+21 4.767086e+42
6.290000e-15 -2.212049e+21 4.893162e+42
6.300000e-15 -2.233805e+21 4.989886e+42
6.310000e-15 -2.248588e+21 5.056148e+42
6.320000e-15 -2.256373e+21 5.091220e+42
6.330000e-15 -2.257158e+21 5.094763e+42
6.340000e-15 -2.250962e+21 5.066830e+42
6.350000e-15 -2.237825e+21 5.007862e+42
6.360000e-15 -2.217810e+21 4.918680e+42
6.370000e-15 -2.190998e+21 4.800473e+42
6.380000e-15 -2.157494e+21 4.654782e+42
6.390000e-15 -2.117422e+21 4.483476e+42
6.400000e-15 -2.070925e+21 4.288730e+42
6.410000e-15 -2.018167e+21 4.072996e+42
6.420000e-15 -1.959329e+21 3.838970e+42
6.430000e-15 -1.894612e+21 3.589555e+42
6.440000e-15 -1.824234e+21 3.327831e+42
6.450000e-15 -1.748430e+21 3.057007e+42
6.460000e-15 -1.667450e+21 2.780389e+42
6.470000e-15 -1.581560e+21 2.501331e+42
6.480000e-15 -1.491040e+21 2.223201e+42
6.490000e-15 -1.396185e+21 1.949333e+42
6.500000e-15 -1.297301e+21 1.682989e+42
6.510000e-15 -1.194705e+21 1.427319e+42
6.520000e-15 -1.088725e+21 1.185323e+42
6.530000e-15 -9.797003e+20 9.598127e+41
6.540000e-15 -8.679761e+20 7.533826e+41
6.550000e-15 -7.539061e+20 5.683745e+41
6.560000e-15 -6.378500e+20 4.068526e+41
6.570000e-15 -5.201724e+20 2.705793e+41
6.580000e-15 -4.012421e+20 1.609952e+41
6.590000e-15 -2.814304e+20 7.920305e+40
6.600000e-15 -1.611103e+20 2.595653e+40
6.610000e-15 -4.065540e+19 1.652861e+39
6.620000e-15 7.956161e+19 6.330050e+39
6.630000e-15 1.991698e+20 3.966861e+40
6.640000e-15 3.178012e+20 1.009976e+41
6.650000e-15 4.350921e+20 1.893051e+41
6.660000e-15 5.506837e+20 3.032526e+41
6.670000e-15 6.642240e+20 4.411935e+41
6.680000e-15 7.753680e+20 6.011955e+41
6.690000e-15 8.837792e+20 7.810657e+41
6.700000e-15 9.891308e+20 9.783797e+41
6.710000e-15 1.091106e+21 1.190512e+42
6.720000e-15 1.189400e+21 1.414672e+42
6.730000e-15 1.283719e+21 1.647935e+42
6.740000e-15 1.373785e+21 1.887285e+42
6.750000e-15 1.459330e+21 2.129645e+42
6.760000e-15 1.540105e+21 2.371924e+42
6.770000e-15 1.615874e+21 2.611047e+42
6.780000e-15 1.686416e+21 2.844000e+42
6.790000e-15 1.751531e+21 3.067860e+42
6.800000e-15 1.811032e+21 3.279837e+42
6.810000e-15 1.864753e+21 3.477302e+42
6.820000e-15 1.912544e+21 3.657823e+42
6.830000e-15 1.954275e+21 3.819191e+42
6.840000e-15 1.989836e+21 3.959447e+42
6.850000e-15 2.019134e+21 4.076903e+42
6.860000e-15 2.042098e+21 4.170166e+42
6.870000e-15 2.058676e+21 4.238147e+42
6.880000e-15 2.068835e+21 4.280077e+42
6.890000e-15 2.072562e+21 4.295514e+42
6.900000e-15 2.069866e+21 4.284345e+42
6.910000e-15 2.060773e+21 4.246787e+42
6.920000e-15 2.045331e+21 4.183380e+42
6.930000e-15 2.023606e+21 4.094983e+42
6.940000e-15 1.995684e+21 3.982755e+42
6.950000e-15 1.961669e+21 3.848147e+42
6.960000e-15 1.921685e+21 3.692874e+42
6.970000e-15 1.875873e+21 3.518898e+42
6.980000e-15 1.824391e+21 3.328401e+42
6.990000e-15 1.767415e+21 3.123756e+42
7.000000e-15 1.705138e+21 2.907495e+42
7.010000e-15 1.637767e+21 2.682282e+42
7.020000e-15 1.565527e+21 2.450874e+42
7.030000e-15 1.488654e+21 2.216089e+42
7.040000e-15 1.407399e+21 1.980772e+42
7.050000e-15 1.322027e+21 1.747756e+42
7.060000e-15 1.232814e+21 1.519830e+42
7.070000e-15 1.140046e+21 1.299705e+42
7.080000e-15 1.044021e+21 1.089980e+42
7.090000e-15 9.450450e+20 8.931100e+41
7.100000e-15 8.434323e+20 7.113781e+41
7.110000e-15 7.395049e+20 5.468674e+41
7.120000e-15 6.335905e+20 4.014370e+41
7.130000e-15 5.260225e+20 2.766996e+41
7.140000e-15 4.171379e+20 1.740040e+41
7.150000e-15 3.072770e+20 9.441918e+40
7.160000e-15 1.967824e+20 3.872330e+40
7.170000e-15 8.599710e+19 7.395501e+39
7.180000e-15 -2.473558e+19 6.118488e+38
7.190000e-15 -1.350736e+20 1.824489e+40
7.200000e-15 -2.446773e+20 5.986698e+40
7.210000e-15 -3.532100e+20 1.247573e+41
7.220000e-15 -4.603395e+20 2.119125e+41
7.230000e-15 -5.657389e+20 3.200605e+41
7.240000e-15 -6.690874e+20 4.476779e+41
7.250000e-15 -7.700717e+20 5.930104e+41
7.260000e-15 -8.683866e+20 7.540953e+41
7.270000e-15 -9.637360e+20 9.287872e+41
7.280000e-15 -1.055834e+21 1.114785e+42
7.290000e-15 -1.144405e+21 1.309663e+42
7.300000e-15 -1.229186e+21 1.510898e+42
7.310000e-15 -1.309926e+21 1.715905e+42
7.320000e-15 -1.386386e+21 1.922067e+42
7.330000e-15 -1.458344e+21 2.126766e+42
7.340000e-15 -1.525589e+21 2.327421e+42
7.350000e-15 -1.587927e+21 2.521511e+42
7.360000e-15 -1.645179e+21 2.706615e+42
7.370000e-15 -1.697184e+21 2.880434e+42
7.380000e-15 -1.743796e+21 3.040823e+42
7.390000e-15 -1.784885e+21 3.185814e+42
7.400000e-15 -1.820341e+21 3.313640e+42
7.410000e-15 -1.850069e+21 3.422757e+42
7.420000e-15 -1.873996e+21 3.511860e+42
7.430000e-15 -1.892062e+21 3.579897e+42
7.440000e-15 -1.904228e+21 3.626085e+42
7.450000e-15 -1.910474e+21 3.649912e+42
7.460000e-15 -1.910797e+21 3.651146e+42
7.470000e-15 -1.905213e+21 3.629836e+42
7.480000e-15 -1.893755e+21 3.586307e+42
7.490000e-15 -1.876475e+21 3.521158e+42
7.500000e-15 -1.853443e+21 3.435250e+42
7.510000e-15 -1.824745e+21 3.329696e+42
7.520000e-15 -1.790487e+21 3.205845e+42
7.530000e-15 -1.750790e+21 3.065265e+42
7.540000e-15 -1.705790e+21 2.909721e+42
7.550000e-15 -1.655643e+21 2.741152e+42
7.560000e-15 -1.600516e+21 2.561651e+42
7.570000e-15 -1.540594e+21 2.373429e+42
7.580000e-15 -1.476074e+21 2.178796e+42
7.590000e-15 -1.407170e+21 1.980127e+42
7.600000e-15 -1.334105e+21 1.779836e+42
7.610000e-15 -1.257116e+21 1.580341e+42
7.620000e-15 -1.176452e+21 1.384040e+42
7.630000e-15 -1.092372e+21 1.193278e+42
7.640000e-15 -1.005145e+21 1.010316e+42
7.650000e-15 -9.150479e+20 8.373126e+41
7.660000e-15 -8.223670e+20 6.762875e+41
7.670000e-15 -7.273954e+20 5.291041e+41
7.680000e-15 -6.304323e+20 3.974449e+41
7.690000e-15 -5.317823e+20 2.827924e+41
7.700000e-15 -4.317544e+20 1.864118e+41
7.710000e-15 -3.306609e+20 1.093366e+41
7.720000e-15 -2.288165e+20 5.235700e+40
7.730000e-15 -1.265376e+20 1.601177e+40
7.740000e-15 -2.414089e+19 5.827824e+38
7.750000e-15 7.805750e+19 6.092973e+39
7.760000e-15 1.797428e+20 3.230746e+40
7.770000e-15 2.806026e+20 7.873783e+40
7.780000e-15 3.803281e+20 1.446495e+41
7.790000e-15 4.786146e+20 2.290720e+41
7.800000e-15 5.751629e+20 3.308123e+41
7.810000e-15 6.696796e+20 4.484707e+41
7.820000e-15 7.618786e+20 5.804590e+41
7.830000e-15 8.514818e+20 7.250212e+41
7.840000e-15 9.382195e+20 8.802559e+41
7.850000e-15 1.021832e+21 1.044140e+42
7.860000e-15 1.102069e+21 1.214557e+42
7.870000e-15 1.178693e+21 1.389317e+42
7.880000e-15 1.251476e+21 1.566193e+42
7.890000e-15 1.320205e+21 1.742940e+42
7.900000e-15 1.384677e+21 1.917330e+42
7.910000e-15 1.444705e+21 2.087173e+42
7.920000e-15 1.500116e+21 2.250347e+42
7.930000e-15 1.550750e+21 2.404826e+42
7.940000e-15 1.596464e+21 2.548698e+42
7.950000e-15 1.637130e+21 2.680195e+42
7.960000e-15 1.672635e+21 2.797709e+42
7.970000e-15 1.702884e+21 2.899813e+42
7.980000e-15 1.727795e+21 2.985276e+42
7.990000e-15 1.747307e+21 3.053082e+42
8.000000e-15 1.761373e+21 3.102435e+42
8.010000e-15 1.769963e+21 3.132770e+42
8.020000e-15 1.773066e+21 3.143762e+42
8.030000e-15 1.770685e+21 3.135324e+42
8.040000e-15 1.762841e+21 3.107609e+42
8.050000e-15 1.749573e+21 3.061007e+42
8.060000e-15 1.730936e+21 2.996140e+42
8.070000e-15 1.707000e+21 2.913850e+42
8.080000e-15 1.677853e+21 2.815192e+42
8.090000e-15 1.643598e+21 2.701414e+42
8.100000e-15 1.604353e+21 2.573947e+42
8.110000e-15 1.560251e+21 2.434383e+42
8.120000e-15 1.511441e+21 2.284454e+42
8.130000e-15 1.458085e+21 2.126012e+42
8.140000e-15 1.400359e+21 1.961006e+42
8.150000e-15 1.338452e+21 1.791454e+42
8.160000e-15 1.272565e+21 1.619421e+42
8.170000e-15 1.202911e+21 1.446994e+42
8.180000e-15 1.129714e+21 1.276253e+42
8.190000e-15 1.053208e+21 1.109247e+42
8.200000e-15 9.736382e+20 9.479714e+41
8.210000e-15 8.912567e+20 7.943386e+41
8.220000e-15 8.063246e+20 6.501594e+41
8.230000e-15 7.191100e+20 5.171192e+41
8.240000e-15 6.298874e+20 3.967581e+41
8.250000e-15 5.389368e+20 2.904528e+41
8.260000e-15 4.465428e+20 1.994005e+41
8.270000e-15 3.529938e+20 1.246047e+41
8.280000e-15 2.585812e+20 6.686425e+40
8.290000e-15 1.635981e+20 2.676435e+40
8.300000e-15 6.833887e+19 4.670201e+39
8.310000e-15 -2.690219e+19 7.237276e+38
8.320000e-15 -1.218314e+20 1.484288e+40
8.330000e-15 -2.161566e+20 4.672370e+40
8.340000e-15 -3.095886e+20 9.584511e+40
8.350000e-15 -4.018412e+20 1.614764e+41
8.360000e-15 -4.926328e+20 2.426871e+41
8.370000e-15 -5.816869e+20 3.383596e+41
8.380000e-15 -6.687328e+20 4.472036e+41
8.390000e-15 -7.535069e+20 5.677727e+41
8.400000e-15 -8.357531e+20 6.984833e+41
8.410000e-15 -9.152236e+20 8.376343e+41
8.420000e-15 -9.916799e+20 9.834291e+41
8.430000e-15 -1.064893e+21 1.133998e+42
8.440000e-15 -1.134645e+21 1.287420e+42
8.450000e-15 -1.200729e+21 1.441750e+42
8.460000e-15 -1.262949e+21 1.595040e+42
8.470000e-15 -1.321122e+21 1.745365e+42
8.480000e-15 -1.375079e+21 1.890843e+42
8.490000e-15 -1.424663e+21 2.029664e+42
8.500000e-15 -1.469730e+21 2.160106e+42
8.510000e-15 -1.510152e+21 2.280559e+42
8.520000e-15 -1.545815e+21 2.389545e+42
8.530000e-15 -1.576621e+21 2.485733e+42
8.540000e-15 -1.602484e+21 2.567955e+42
8.550000e-15 -1.623337e+21 2.635222e+42
8.560000e-15 -1.639126e+21 2.686734e+42
8.570000e-15 -1.649815e+21 2.721889e+42
8.580000e-15 -1.655381e+21 2.740287e+42
8.590000e-15 -1.655820e+21 2.741741e+42
8.600000e-15 -1.651142e+21 2.726270e+42
8.610000e-15 -1.641372e+21 2.694102e+42
8.620000e-15 -1.626552e+21 2.645672e+42
8.630000e-15 -1.606740e+21 2.581613e+42
8.640000e-15 -1.582007e+21 2.502745e+42
8.650000e-15 -1.552441e+21 2.410072e+42
8.660000e-15 -1.518143e+21 2.304759e+42
8.670000e-15 -1.479231e+21 2.188125e+42
8.680000e-15 -1.435835e+21 2.061622e+42
8.690000e-15 -1.388098e+21 1.926816e+42
8.700000e-15 -1.336178e+21 1.785371e+42
8.710000e-15 -1.280243e+21 1.639023e+42
8.720000e-15 -1.220477e+21 1.489563e+42
8.730000e-15 -1.157070e+21 1.338811e+42
8.740000e-15 -1.090228e+21 1.188597e+42
8.750000e-15 -1.020164e+21 1.040735e+42
8.760000e-15 -9.471014e+20 8.970011e+41
8.770000e-15 -8.712724e+20 7.591157e+41
8.780000e-15 -7.929173e+20 6.287178e+41
8.790000e-15 -7.122834e+20 5.073476e+41
8.800000e-15 -6.296246e+20 3.964271e+41
8.810000e-15 -5.452007e+20 2.972438e+41
8.820000e-15 -4.592762e+20 2.109346e+41
8.830000e-15 -3.721196e+20 1.384730e+41
8.840000e-15 -2.840029e+20 8.065765e+40
8.850000e-15 -1.952003e+20 3.810314e+40
8.860000e-15 -1.059874e+20 1.123334e+40
8.870000e-15 -1.664090e+19 2.769197e+38
8.880000e-15 7.256306e+19 5.265398e+39
8.890000e-15 1.613492e+20 2.603356e+40
8.900000e-15 2.494441e+20 6.222235e+40
8.910000e-15 3.365771e+20 1.132841e+41
8.920000e-15 4.224809e+20 1.784901e+41
8.930000e-15 5.068929e+20 2.569404e+41
8.940000e-15 5.895553e+20 3.475754e+41
8.950000e-15 6.702164e+20 4.491900e+41
8.960000e-15 7.486312e+20 5.604486e+41
8.970000e-15 8.245620e+20 6.799025e+41
8.980000e-15 8.977796e+20 8.060081e+41
8.990000e-15 9.680632e+20 9.371463e+41
9.000000e-15 1.035202e+21 1.071643e+42
9.010000e-15 1.098994e+21 1.207789e+42
9.020000e-15 1.159251e+21 1.343863e+42
9.030000e-15 1.215793e+21 1.478152e+42
9.040000e-15 1.268453e+21 1.608972e+42
9.050000e-15 1.317076e+21 1.734688e+42
9.060000e-15 1.361520e+21 1.853737e+42
9.070000e-15 1.401657e+21 1.964643e+42
9.080000e-15 1.437372e+21 2.066038e+42
9.090000e-15 1.468563e+21 2.156677e+42
9.100000e-15 1.495143e+21 2.235452e+42
9.110000e-15 1.517040e+21 2.301409e+42
9.120000e-15 1.534195e+21 2.353754e+42
9.130000e-15 1.546565e+21 2.391865e+42
9.140000e-15 1.554123e+21 2.415298e+42
9.150000e-15 1.556854e+21 2.423794e+42
9.160000e-15 1.554760e+21 2.417277e+42
9.170000e-15 1.547857e+21 2.395860e+42
9.180000e-15 1.536176e+21 2.359838e+42
9.190000e-15 1.519765e+21 2.309684e+42
9.200000e-15 1.498682e+21 2.246047e+42
9.210000e-15 1.473002e+21 2.169736e+42
9.220000e-15 1.442816e+21 2.081718e+42
9.230000e-15 1.408225e+21 1.983096e+42
9.240000e-15 1.369344e+21 1.875104e+42
9.250000e-15 1.326305e+21 1.759084e+42
9.260000e-15 1.279247e+21 1.636472e+42
9.270000e-15 1.228325e+21 1.508782e+42
9.280000e-15 1.173704e+21 1.377581e+42
9.290000e-15 1.115561e+21 1.244476e+42
9.300000e-15 1.054083e+21 1.111091e+42
9.310000e-15 9.894668e+20 9.790446e+41
9.320000e-15 9.219191e+20 8.499348e+41
9.330000e-15 8.516548e+20 7.253159e+41
9.340000e-15 7.788970e+20 6.066805e+41
9.350000e-15 7.038758e+20 4.954412e+41
9.360000e-15 6.268283e+20 3.929137e+41
9.370000e-15 5.479969e+20 3.003006e+41
9.380000e-15 4.676295e+20 2.186773e+41
9.390000e-15 3.859779e+20 1.489789e+41
9.400000e-15 3.032976e+20 9.198942e+40
9.410000e-15 2.198467e+20 4.833256e+40
9.420000e-15 1.358852e+20 1.846477e+40
9.430000e-15 5.167407e+19 2.670209e+39
9.440000e-15 -3.252526e+19 1.057893e+39
9.450000e-15 -1.164521e+20 1.356109e+40
9.460000e-15 -1.998470e+20 3.993881e+40
9.470000e-15 -2.824527e+20 7.977953e+40
9.480000e-15 -3.640150e+20 1.325069e+41
9.490000e-15 -4.442832e+20 1.973876e+41
9.500000e-15 -5.230113e+20 2.735408e+41
9.510000e-15 -5.999585e+20 3.599502e+41
9.520000e-15 -6.748900e+20 4.554765e+41
9.530000e-15 -7.475776e+20 5.588723e+41
9.540000e-15 -8.178007e+20 6.687979e+41
9.550000e-15 -8.853465e+20 7.838384e+41
9.560000e-15 -9.500111e+20 9.025211e+41
9.570000e-15 -1.011600e+21 1.023335e+42
9.580000e-15 -1.069928e+21 1.144747e+42
9.590000e-15 -1.124822e+21 1.265224e+42
9.600000e-15 -1.176118e+21 1.383253e+42
9.610000e-15 -1.223664e+21 1.497352e+42
9.620000e-15 -1.267320e+21 1.606099e+42
9.630000e-15 -1.306959e+21 1.708141e+42
9.640000e-15 -1.342466e+21 1.802214e+42
9.650000e-15 -1.373739e+21 1.887159e+42
9.660000e-15 -1.400690e+21 1.961932e+42
9.670000e-15 -1.423244e+21 2.025622e+42
9.680000e-15 -1.441339e+21 2.077457e+42
9.690000e-15 -1.454928e+21 2.116817e+42
9.700000e-15 -1.463979e+21 2.143235e+42
9.710000e-15 -1.468472e+21 2.156411e+42
9.720000e-15 -1.468403e+21 2.156207e+42
9.730000e-15 -1.463780e+21 2.142652e+42
9.740000e-15 -1.454628e+21 2.115941e+42
9.750000e-15 -1.440982e+21 2.076430e+42
9.760000e-15 -1.422896e+21 2.024633e+42
9.770000e-15 -1.400433e+21 1.961213e+42
9.780000e-15 -1.373673e+21 1.886976e+42
9.790000e-15 -1.342706e+21 1.802858e+42
9.800000e-15 -1.307636e+21 1.709913e+42
9.810000e-15 -1.268582e+21 1.609301e+42
9.820000e-15 -1.225672e+21 1.502272e+42
9.830000e-15 -1.179046e+21 1.390150e+42
9.840000e-15 -1.128857e+21 1.274319e+42
9.850000e-15 -1.075268e+21 1.156201e+42
9.860000e-15 -1.018451e+21 1.037242e+42
9.870000e-15 -9.585884e+20 9.188918e+41
9.880000e-15 -8.958729e+20 8.025883e+41
9.890000e-15 -8.305042e+20 6.897373e+41
9.900000e-15 -7.626904e+20 5.816967e+41
9.910000e-15 -6.926467e+20 4.797594e+41
9.920000e-15 -6.205946e+20 3.851377e+41
9.930000e-15 -5.467618e+20 2.989485e+41
9.940000e-15 -4.713807e+20 2.221998e+41
9.950000e-15 -3.946883e+20 1.557788e+41
9.960000e-15 -3.169249e+20 1.004414e+41
9.970000e-15 -2.383339e+20 5.680303e+40
9.980000e-15 -1.591607e+20 2.533212e+40
9.990000e-15 -7.965203e+19 6.344446e+39
1.000000e-14 -5.519029e+16 3.045968e+33
