0.000000e+00 nan nan
1.000000e-17 7.744952e+17 5.998428e+35
2.000000e-17 3.097670e+18 9.595558e+36
3.000000e-17 6.968591e+18 4.856126e+37
4.000000e-17 1.238570e+19 1.534057e+38
5.000000e-17 1.934683e+19 3.743000e+38
6.000000e-17 2.784919e+19 7.755771e+38
7.000000e-17 3.788934e+19 1.435602e+39
8.000000e-17 4.946327e+19 2.446615e+39
9.000000e-17 6.256632e+19 3.914545e+39
1.000000e-16 7.719323e+19 5.958795e+39
1.100000e-16 9.333812e+19 8.712005e+39
1.200000e-16 1.109945e+20 1.231978e+40
1.300000e-16 1.301553e+20 1.694039e+40
1.400000e-16 1.508127e+20 2.274447e+40
1.500000e-16 1.729585e+20 2.991465e+40
1.600000e-16 1.965838e+20 3.864519e+40
1.700000e-16 2.216790e+20 4.914158e+40
1.800000e-16 2.482341e+20 6.162014e+40
1.900000e-16 2.762382e+20 7.630756e+40
2.000000e-16 3.056802e+20 9.344041e+40
2.100000e-16 3.365482e+20 1.132647e+41
2.200000e-16 3.688297e+20 1.360353e+41
2.300000e-16 4.025116e+20 1.620156e+41
2.400000e-16 4.375803e+20 1.914765e+41
2.500000e-16 4.740216e+20 2.246965e+41
2.600000e-16 5.118208e+20 2.619606e+41
2.700000e-16 5.509625e+20 3.035597e+41
2.800000e-16 5.914368e+20 3.497975e+41
2.900000e-16 6.332250e+20 4.009738e+41
3.000000e-16 6.763007e+20 4.573826e+41
3.100000e-16 7.206584e+20 5.193485e+41
3.200000e-16 7.662633e+20 5.871595e+41
3.300000e-16 8.131141e+20 6.611546e+41
3.400000e-16 8.611619e+20 7.415997e+41
3.500000e-16 9.104301e+20 8.288830e+41
3.600000e-16 9.608531e+20 9.232388e+41
3.700000e-16 1.012457e+21 1.025068e+42
3.800000e-16 1.065210e+21 1.134673e+42
3.900000e-16 1.119070e+21 1.252318e+42
4.000000e-16 1.174105e+21 1.378522e+42
4.100000e-16 1.230145e+21 1.513256e+42
4.200000e-16 1.287235e+21 1.656974e+42
4.300000e-16 1.345482e+21 1.810321e+42
4.400000e-16 1.404624e+21 1.972968e+42
4.500000e-16 1.464748e+21 2.145486e+42
4.600000e-16 1.525851e+21 2.328223e+42
4.700000e-16 1.587869e+21 2.521329e+42
4.800000e-16 1.650795e+21 2.725126e+42
4.900000e-16 1.714604e+21 2.939868e+42
5.000000e-16 1.778931e+21 3.164597e+42
5.100000e-16 1.844378e+21 3.401732e+42
5.200000e-16 1.910623e+21 3.650481e+42
5.300000e-16 1.977639e+21 3.911055e+42
5.400000e-16 2.044628e+21 4.180502e+42
5.500000e-16 2.112996e+21 4.464753e+42
5.600000e-16 2.182038e+21 4.761291e+42
5.700000e-16 2.251723e+21 5.070258e+42
5.800000e-16 2.322021e+21 5.391782e+42
5.900000e-16 2.392209e+21 5.722662e+42
6.000000e-16 2.463552e+21 6.069088e+42
6.100000e-16 2.535404e+21 6.428271e+42
6.200000e-16 2.607730e+21 6.800254e+42
6.300000e-16 2.680496e+21 7.185060e+42
6.400000e-16 2.754524e+21 7.587402e+42
6.500000e-16 2.828163e+21 7.998506e+42
6.600000e-16 2.902147e+21 8.422454e+42
6.700000e-16 2.976439e+21 8.859187e+42
6.800000e-16 3.051003e+21 9.308622e+42
6.900000e-16 3.125804e+21 9.770648e+42
7.000000e-16 3.200802e+21 1.024513e+43
7.100000e-16 3.275960e+21 1.073191e+43
7.200000e-16 3.356234e+21 1.126431e+43
7.300000e-16 3.432095e+21 1.177927e+43
7.400000e-16 3.508042e+21 1.230636e+43
7.500000e-16 3.584040e+21 1.284534e+43
7.600000e-16 3.660049e+21 1.339596e+43
7.700000e-16 3.736032e+21 1.395794e+43
7.800000e-16 3.811951e+21 1.453097e+43
7.900000e-16 3.887765e+21 1.511471e+43
8.000000e-16 3.974001e+21 1.579269e+43
8.100000e-16 4.050428e+21 1.640597e+43
8.200000e-16 4.126706e+21 1.702970e+43
8.300000e-16 4.202798e+21 1.766351e+43
8.400000e-16 4.278669e+21 1.830701e+43
8.500000e-16 4.354282e+21 1.895977e+43
8.600000e-16 4.429600e+21 1.962136e+43
8.700000e-16 4.504586e+21 2.029130e+43
8.800000e-16 4.579203e+21 2.096910e+43
8.900000e-16 4.653412e+21 2.165424e+43
9.000000e-16 4.727176e+21 2.234619e+43
9.100000e-16 4.800456e+21 2.304437e+43
9.200000e-16 4.891512e+21 2.392689e+43
9.300000e-16 4.965121e+21 2.465243e+43
9.400000e-16 5.038230e+21 2.538376e+43
9.500000e-16 5.110803e+21 2.612031e+43
9.600000e-16 5.182808e+21 2.686150e+43
9.700000e-16 5.254212e+21 2.760674e+43
9.800000e-16 5.324981e+21 2.835542e+43
9.900000e-16 5.395082e+21 2.910691e+43
1.000000e-15 5.464482e+21 2.986056e+43
1.010000e-15 5.533146e+21 3.061571e+43
1.020000e-15 5.601043e+21 3.137168e+43
1.030000e-15 5.668137e+21 3.212778e+43
1.040000e-15 5.734397e+21 3.288330e+43
1.050000e-15 5.799787e+21 3.363753e+43
1.060000e-15 5.864276e+21 3.438973e+43
1.070000e-15 5.927829e+21 3.513916e+43
1.080000e-15 6.016453e+21 3.619770e+43
1.090000e-15 6.079744e+21 3.696328e+43
1.100000e-15 6.142102e+21 3.772541e+43
1.110000e-15 6.203499e+21 3.848340e+43
1.120000e-15 6.263908e+21 3.923654e+43
1.130000e-15 6.323301e+21 3.998414e+43
1.140000e-15 6.381653e+21 4.072549e+43
1.150000e-15 6.438936e+21 4.145989e+43
1.160000e-15 6.495123e+21 4.218663e+43
1.170000e-15 6.550190e+21 4.290499e+43
1.180000e-15 6.604111e+21 4.361428e+43
1.190000e-15 6.656859e+21 4.431377e+43
1.200000e-15 6.708410e+21 4.500277e+43
1.210000e-15 6.758740e+21 4.568056e+43
1.220000e-15 6.807823e+21 4.634646e+43
1.230000e-15 6.855637e+21 4.699975e+43
1.240000e-15 6.902156e+21 4.763976e+43
1.250000e-15 6.947358e+21 4.826579e+43
1.260000e-15 6.991220e+21 4.887715e+43
1.270000e-15 7.033718e+21 4.947319e+43
1.280000e-15 7.074831e+21 5.005323e+43
1.290000e-15 7.150236e+21 5.112588e+43
1.300000e-15 7.190457e+21 5.170267e+43
1.310000e-15 7.229324e+21 5.226313e+43
1.320000e-15 7.266821e+21 5.280669e+43
1.330000e-15 7.302933e+21 5.333283e+43
1.340000e-15 7.337644e+21 5.384102e+43
1.350000e-15 7.370939e+21 5.433074e+43
1.360000e-15 7.402804e+21 5.480150e+43
1.370000e-15 7.433225e+21 5.525284e+43
1.380000e-15 7.462191e+21 5.568429e+43
1.390000e-15 7.489687e+21 5.609541e+43
1.400000e-15 7.515703e+21 5.648579e+43
1.410000e-15 7.540227e+21 5.685503e+43
1.420000e-15 7.563249e+21 5.720274e+43
1.430000e-15 7.584759e+21 5.752856e+43
1.440000e-15 7.604747e+21 5.783217e+43
1.450000e-15 7.623204e+21 5.811324e+43
1.460000e-15 7.640124e+21 5.837149e+43
1.470000e-15 7.655497e+21 5.860664e+43
1.480000e-15 7.669318e+21 5.881844e+43
1.490000e-15 7.681580e+21 5.900668e+43
1.500000e-15 7.692278e+21 5.917115e+43
1.510000e-15 7.701407e+21 5.931167e+43
1.520000e-15 7.708963e+21 5.942811e+43
1.530000e-15 7.714942e+21 5.952033e+43
1.540000e-15 7.719341e+21 5.958823e+43
1.550000e-15 7.722158e+21 5.963173e+43
1.560000e-15 7.723392e+21 5.965079e+43
1.570000e-15 7.723042e+21 5.964538e+43
1.580000e-15 7.721108e+21 5.961550e+43
1.590000e-15 7.717589e+21 5.956118e+43
1.600000e-15 7.712488e+21 5.948247e+43
1.610000e-15 7.705806e+21 5.937944e+43
1.620000e-15 7.697545e+21 5.925220e+43
1.630000e-15 7.656893e+21 5.862801e+43
1.640000e-15 7.644162e+21 5.843321e+43
1.650000e-15 7.629811e+21 5.821402e+43
1.660000e-15 7.613844e+21 5.797063e+43
1.670000e-15 7.596266e+21 5.770325e+43
1.680000e-15 7.577079e+21 5.741213e+43
1.690000e-15 7.556290e+21 5.709752e+43
1.700000e-15 7.533904e+21 5.675971e+43
1.710000e-15 7.509927e+21 5.639901e+43
1.720000e-15 7.484367e+21 5.601574e+43
1.730000e-15 7.457229e+21 5.561027e+43
1.740000e-15 7.428523e+21 5.518296e+43
1.750000e-15 7.398258e+21 5.473422e+43
1.760000e-15 7.366441e+21 5.426445e+43
1.770000e-15 7.333083e+21 5.377411e+43
1.780000e-15 7.298194e+21 5.326364e+43
1.790000e-15 7.261786e+21 5.273353e+43
1.800000e-15 7.223868e+21 5.218427e+43
1.810000e-15 7.184454e+21 5.161638e+43
1.820000e-15 7.143555e+21 5.103038e+43
1.830000e-15 7.101185e+21 5.042683e+43
1.840000e-15 7.057357e+21 4.980629e+43
1.850000e-15 7.012086e+21 4.916934e+43
1.860000e-15 6.965385e+21 4.851658e+43
1.870000e-15 6.917270e+21 4.784862e+43
1.880000e-15 6.867756e+21 4.716607e+43
1.890000e-15 6.816859e+21 4.646957e+43
1.900000e-15 6.764596e+21 4.575976e+43
1.910000e-15 6.710985e+21 4.503731e+43
1.920000e-15 6.656041e+21 4.430288e+43
1.930000e-15 6.599784e+21 4.355714e+43
1.940000e-15 6.542231e+21 4.280078e+43
1.950000e-15 6.483401e+21 4.203449e+43
1.960000e-15 6.423315e+21 4.125897e+43
1.970000e-15 6.361990e+21 4.047492e+43
1.980000e-15 6.299448e+21 3.968304e+43
1.990000e-15 6.235708e+21 3.888405e+43
2.000000e-15 6.170792e+21 3.807867e+43
2.010000e-15 6.104721e+21 3.726762e+43
2.020000e-15 6.037516e+21 3.645160e+43
2.030000e-15 5.969200e+21 3.563135e+43
2.040000e-15 5.899795e+21 3.480758e+43
2.050000e-15 5.829323e+21 3.398101e+43
2.060000e-15 5.757807e+21 3.315235e+43
2.070000e-15 5.685272e+21 3.232231e+43
2.080000e-15 5.611739e+21 3.149162e+43
2.090000e-15 5.537234e+21 3.066096e+43
2.100000e-15 5.461781e+21 2.983105e+43
2.110000e-15 5.385404e+21 2.900257e+43
2.120000e-15 5.308127e+21 2.817621e+43
2.130000e-15 5.229976e+21 2.735265e+43
2.140000e-15 5.150976e+21 2.653256e+43
2.150000e-15 5.071153e+21 2.571659e+43
2.160000e-15 4.990532e+21 2.490541e+43
2.170000e-15 4.909139e+21 2.409964e+43
2.180000e-15 4.827000e+21 2.329992e+43
2.190000e-15 4.744141e+21 2.250687e+43
2.200000e-15 4.660020e+21 2.171579e+43
2.210000e-15 4.575784e+21 2.093780e+43
2.220000e-15 4.490907e+21 2.016825e+43
2.230000e-15 4.405417e+21 1.940769e+43
2.240000e-15 4.319339e+21 1.865669e+43
2.250000e-15 4.232702e+21 1.791577e+43
2.260000e-15 4.145533e+21 1.718544e+43
2.270000e-15 4.057858e+21 1.646621e+43
2.280000e-15 3.969705e+21 1.575856e+43
2.290000e-15 3.881101e+21 1.506295e+43
2.300000e-15 3.792074e+21 1.437983e+43
2.310000e-15 3.702651e+21 1.370962e+43
2.320000e-15 3.612859e+21 1.305275e+43
2.330000e-15 3.522725e+21 1.240959e+43
2.340000e-15 3.432278e+21 1.178053e+43
2.350000e-15 3.341543e+21 1.116591e+43
2.360000e-15 3.250549e+21 1.056607e+43
2.370000e-15 3.159323e+21 9.981323e+42
2.380000e-15 3.067892e+21 9.411960e+42
2.390000e-15 2.976282e+21 8.858257e+42
2.400000e-15 2.884522e+21 8.320465e+42
2.410000e-15 2.792637e+21 7.798819e+42
2.420000e-15 2.700654e+21 7.293532e+42
2.430000e-15 2.608600e+21 6.804795e+42
2.440000e-15 2.516502e+21 6.332781e+42
2.450000e-15 2.424385e+21 5.877642e+42
2.460000e-15 2.332276e+21 5.439510e+42
2.470000e-15 2.240200e+21 5.018496e+42
2.480000e-15 2.148184e+21 4.614693e+42
2.490000e-15 2.056252e+21 4.228173e+42
2.500000e-15 1.964431e+21 3.858988e+42
2.510000e-15 1.872744e+21 3.507171e+42
2.520000e-15 1.781218e+21 3.172737e+42
2.530000e-15 1.689876e+21 2.855680e+42
2.540000e-15 1.598742e+21 2.555977e+42
2.550000e-15 1.507841e+21 2.273586e+42
2.560000e-15 1.417197e+21 2.008448e+42
2.570000e-15 1.326833e+21 1.760485e+42
2.580000e-15 1.236771e+21 1.529602e+42
2.590000e-15 1.147035e+21 1.315689e+42
2.600000e-15 1.057647e+21 1.118617e+42
2.610000e-15 9.686295e+20 9.382432e+41
2.620000e-15 8.800040e+20 7.744071e+41
2.630000e-15 7.917920e+20 6.269346e+41
2.640000e-15 7.040146e+20 4.956365e+41
2.650000e-15 6.166924e+20 3.803095e+41
2.660000e-15 5.298458e+20 2.807365e+41
2.670000e-15 4.434947e+20 1.966876e+41
2.680000e-15 3.576587e+20 1.279198e+41
2.690000e-15 2.723570e+20 7.417836e+40
2.700000e-15 1.876084e+20 3.519691e+40
2.710000e-15 1.034311e+20 1.069800e+40
2.720000e-15 1.984320e+19 3.937524e+38
2.730000e-15 -6.313785e+19 3.986388e+39
2.740000e-15 -1.454949e+20 2.116877e+40
2.750000e-15 -2.272113e+20 5.162497e+40
2.760000e-15 -3.082707e+20 9.503084e+40
2.770000e-15 -3.886574e+20 1.510546e+41
2.780000e-15 -4.683559e+20 2.193573e+41
2.790000e-15 -5.473513e+20 2.995934e+41
2.800000e-15 -6.256290e+20 3.914117e+41
2.810000e-15 -7.031750e+20 4.944551e+41
2.820000e-15 -7.799756e+20 6.083620e+41
2.830000e-15 -8.560177e+20 7.327663e+41
2.840000e-15 -9.312885e+20 8.672982e+41
2.850000e-15 -1.005776e+21 1.011585e+42
2.860000e-15 -1.079467e+21 1.165250e+42
2.870000e-15 -1.152352e+21 1.327915e+42
2.880000e-15 -1.224419e+21 1.499201e+42
2.890000e-15 -1.295657e+21 1.678728e+42
2.900000e-15 -1.366057e+21 1.866112e+42
2.910000e-15 -1.435609e+21 2.060972e+42
2.920000e-15 -1.504303e+21 2.262927e+42
2.930000e-15 -1.572131e+21 2.471595e+42
2.940000e-15 -1.639084e+21 2.686597e+42
2.950000e-15 -1.705155e+21 2.907554e+42
2.960000e-15 -1.770336e+21 3.134089e+42
2.970000e-15 -1.834619e+21 3.365828e+42
2.980000e-15 -1.897999e+21 3.602401e+42
2.990000e-15 -1.960469e+21 3.843437e+42
3.000000e-15 -2.022022e+21 4.088574e+42
3.010000e-15 -2.082654e+21 4.337449e+42
3.020000e-15 -2.142360e+21 4.589706e+42
3.030000e-15 -2.201134e+21 4.844992e+42
3.040000e-15 -2.258973e+21 5.102960e+42
3.050000e-15 -2.315873e+21 5.363266e+42
3.060000e-15 -2.371829e+21 5.625572e+42
3.070000e-15 -2.426839e+21 5.889548e+42
3.080000e-15 -2.480900e+21 6.154866e+42
3.090000e-15 -2.534010e+21 6.421206e+42
3.100000e-15 -2.586166e+21 6.688254e+42
3.110000e-15 -2.637367e+21 6.955702e+42
3.120000e-15 -2.687610e+21 7.223249e+42
3.130000e-15 -2.736896e+21 7.490600e+42
3.140000e-15 -2.785223e+21 7.757468e+42
3.150000e-15 -2.832591e+21 8.023571e+42
3.160000e-15 -2.878999e+21 8.288636e+42
3.170000e-15 -2.924448e+21 8.552396e+42
3.180000e-15 -2.968938e+21 8.814592e+42
3.190000e-15 -3.012469e+21 9.074972e+42
3.200000e-15 -3.055044e+21 9.333291e+42
3.210000e-15 -3.096661e+21 9.589312e+42
3.220000e-15 -3.137325e+21 9.842807e+42
3.230000e-15 -3.177035e+21 1.009355e+43
3.240000e-15 -3.215794e+21 1.034133e+43
3.250000e-15 -3.253605e+21 1.058594e+43
3.260000e-15 -3.290469e+21 1.082718e+43
3.270000e-15 -3.326389e+21 1.106486e+43
3.280000e-15 -3.361368e+21 1.129880e+43
3.290000e-15 -3.395410e+21 1.152881e+43
3.300000e-15 -3.428517e+21 1.175473e+43
3.310000e-15 -3.460692e+21 1.197639e+43
3.320000e-15 -3.491940e+21 1.219365e+43
3.330000e-15 -3.522265e+21 1.240635e+43
3.340000e-15 -3.551670e+21 1.261436e+43
3.350000e-15 -3.580159e+21 1.281754e+43
3.360000e-15 -3.607737e+21 1.301576e+43
3.370000e-15 -3.634408e+21 1.320892e+43
3.380000e-15 -3.660177e+21 1.339689e+43
3.390000e-15 -3.685048e+21 1.357958e+43
3.400000e-15 -3.709026e+21 1.375688e+43
3.410000e-15 -3.732117e+21 1.392870e+43
3.420000e-15 -3.754325e+21 1.409496e+43
3.430000e-15 -3.775656e+21 1.425558e+43
3.440000e-15 -3.796115e+21 1.441049e+43
3.450000e-15 -3.815707e+21 1.455962e+43
3.460000e-15 -3.834438e+21 1.470291e+43
3.470000e-15 -3.852313e+21 1.484031e+43
3.480000e-15 -3.869135e+21 1.497021e+43
3.490000e-15 -3.885313e+21 1.509565e+43
3.500000e-15 -3.900651e+21 1.521508e+43
3.510000e-15 -3.915158e+21 1.532846e+43
3.520000e-15 -3.928838e+21 1.543577e+43
3.530000e-15 -3.941697e+21 1.553698e+43
3.540000e-15 -3.953742e+21 1.563208e+43
3.550000e-15 -3.964979e+21 1.572106e+43
3.560000e-15 -3.975414e+21 1.580392e+43
3.570000e-15 -3.985054e+21 1.588065e+43
3.580000e-15 -3.993904e+21 1.595127e+43
3.590000e-15 -4.001970e+21 1.601577e+43
3.600000e-15 -4.009260e+21 1.607417e+43
3.610000e-15 -4.015780e+21 1.612649e+43
3.620000e-15 -4.021535e+21 1.617275e+43
3.630000e-15 -4.026534e+21 1.621297e+43
3.640000e-15 -4.030781e+21 1.624719e+43
3.650000e-15 -4.034284e+21 1.627544e+43
3.660000e-15 -4.037048e+21 1.629776e+43
3.670000e-15 -4.039082e+21 1.631418e+43
3.680000e-15 -4.040390e+21 1.632475e+43
3.690000e-15 -4.040981e+21 1.632952e+43
3.700000e-15 -4.040859e+21 1.632854e+43
3.710000e-15 -4.040033e+21 1.632187e+43
3.720000e-15 -4.038508e+21 1.630955e+43
3.730000e-15 -4.036291e+21 1.629165e+43
3.740000e-15 -4.033389e+21 1.626823e+43
3.750000e-15 -4.029809e+21 1.623936e+43
3.760000e-15 -4.025556e+21 1.620510e+43
3.770000e-15 -4.020639e+21 1.616553e+43
3.780000e-15 -4.015062e+21 1.612072e+43
3.790000e-15 -4.008833e+21 1.607075e+43
3.800000e-15 -4.001959e+21 1.601568e+43
3.810000e-15 -3.994447e+21 1.595560e+43
3.820000e-15 -3.986302e+21 1.589060e+43
3.830000e-15 -3.977531e+21 1.582075e+43
3.840000e-15 -3.968142e+21 1.574615e+43
3.850000e-15 -3.958140e+21 1.566687e+43
3.860000e-15 -3.947533e+21 1.558301e+43
3.870000e-15 -3.936326e+21 1.549466e+43
3.880000e-15 -3.924527e+21 1.540191e+43
3.890000e-15 -3.912142e+21 1.530486e+43
3.900000e-15 -3.899178e+21 1.520359e+43
3.910000e-15 -3.885641e+21 1.509821e+43
3.920000e-15 -3.871538e+21 1.498881e+43
3.930000e-15 -3.856876e+21 1.487549e+43
3.940000e-15 -3.841660e+21 1.475835e+43
3.950000e-15 -3.825898e+21 1.463750e+43
3.960000e-15 -3.809596e+21 1.451303e+43
3.970000e-15 -3.792761e+21 1.438504e+43
3.980000e-15 -3.775399e+21 1.425364e+43
3.990000e-15 -3.757517e+21 1.411893e+43
4.000000e-15 -3.739121e+21 1.398102e+43
4.010000e-15 -3.720217e+21 1.384002e+43
4.020000e-15 -3.700813e+21 1.369602e+43
4.030000e-15 -3.680915e+21 1.354913e+43
4.040000e-15 -3.660528e+21 1.339947e+43
4.050000e-15 -3.639661e+21 1.324713e+43
4.060000e-15 -3.618318e+21 1.309223e+43
4.070000e-15 -3.596507e+21 1.293486e+43
4.080000e-15 -3.574234e+21 1.277515e+43
4.090000e-15 -3.551506e+21 1.261319e+43
4.100000e-15 -3.528328e+21 1.244910e+43
4.110000e-15 -3.504708e+21 1.228298e+43
4.120000e-15 -3.480651e+21 1.211493e+43
4.130000e-15 -3.456164e+21 1.194507e+43
4.140000e-15 -3.431254e+21 1.177351e+43
4.150000e-15 -3.405927e+21 1.160034e+43
4.160000e-15 -3.380189e+21 1.142568e+43
4.170000e-15 -3.354047e+21 1.124963e+43
4.180000e-15 -3.327507e+21 1.107230e+43
4.190000e-15 -3.300575e+21 1.089380e+43
4.200000e-15 -3.273258e+21 1.071422e+43
4.210000e-15 -3.245562e+21 1.053367e+43
4.220000e-15 -3.217493e+21 1.035226e+43
4.230000e-15 -3.189058e+21 1.017009e+43
4.240000e-15 -3.160263e+21 9.987260e+42
4.250000e-15 -3.131114e+21 9.803874e+42
4.260000e-15 -3.101618e+21 9.620031e+42
4.270000e-15 -3.071780e+21 9.435833e+42
4.280000e-15 -3.041608e+21 9.251379e+42
4.290000e-15 -3.011107e+21 9.066766e+42
4.300000e-15 -2.980284e+21 8.882093e+42
4.310000e-15 -2.949145e+21 8.697456e+42
4.320000e-15 -2.917696e+21 8.512950e+42
4.330000e-15 -2.885943e+21 8.328669e+42
4.340000e-15 -2.853894e+21 8.144708e+42
4.350000e-15 -2.821552e+21 7.961158e+42
4.360000e-15 -2.788927e+21 7.778111e+42
4.370000e-15 -2.756022e+21 7.595657e+42
4.380000e-15 -2.722845e+21 7.413884e+42
4.390000e-15 -2.689401e+21 7.232880e+42
4.400000e-15 -2.655698e+21 7.052731e+42
4.410000e-15 -2.621740e+21 6.873522e+42
4.420000e-15 -2.587535e+21 6.695337e+42
4.430000e-15 -2.553088e+21 6.518258e+42
4.440000e-15 -2.518406e+21 6.342366e+42
4.450000e-15 -2.483494e+21 6.167741e+42
4.460000e-15 -2.448359e+21 5.994460e+42
4.470000e-15 -2.413007e+21 5.822600e+42
4.480000e-15 -2.377443e+21 5.652237e+42
4.490000e-15 -2.341675e+21 5.483443e+42
4.500000e-15 -2.305709e+21 5.316292e+42
4.510000e-15 -2.269549e+21 5.150853e+42
4.520000e-15 -2.233203e+21 4.987195e+42
4.530000e-15 -2.196676e+21 4.825386e+42
4.540000e-15 -2.159975e+21 4.665491e+42
4.550000e-15 -2.123105e+21 4.507576e+42
4.560000e-15 -2.086073e+21 4.351701e+42
4.570000e-15 -2.048885e+21 4.197928e+42
4.580000e-15 -2.011546e+21 4.046316e+42
4.590000e-15 -1.974062e+21 3.896923e+42
4.600000e-15 -1.936441e+21 3.749803e+42
4.610000e-15 -1.898687e+21 3.605012e+42
4.620000e-15 -1.860807e+21 3.462601e+42
4.630000e-15 -1.822806e+21 3.322621e+42
4.640000e-15 -1.784690e+21 3.185120e+42
4.650000e-15 -1.746467e+21 3.050145e+42
4.660000e-15 -1.708140e+21 2.917742e+42
4.670000e-15 -1.669717e+21 2.787954e+42
4.680000e-15 -1.631203e+21 2.660823e+42
4.690000e-15 -1.592604e+21 2.536387e+42
4.700000e-15 -1.553926e+21 2.414686e+42
4.710000e-15 -1.515175e+21 2.295755e+42
4.720000e-15 -1.476356e+21 2.179628e+42
4.730000e-15 -1.437476e+21 2.066339e+42
4.740000e-15 -1.398541e+21 1.955917e+42
4.750000e-15 -1.359555e+21 1.848391e+42
4.760000e-15 -1.320526e+21 1.743789e+42
4.770000e-15 -1.281458e+21 1.642135e+42
4.780000e-15 -1.242358e+21 1.543452e+42
4.790000e-15 -1.203230e+21 1.447763e+42
4.800000e-15 -1.164082e+21 1.355087e+42
4.810000e-15 -1.124918e+21 1.265441e+42
4.820000e-15 -1.085745e+21 1.178842e+42
4.830000e-15 -1.046567e+21 1.095303e+42
4.840000e-15 -1.007392e+21 1.014838e+42
4.850000e-15 -9.682230e+20 9.374557e+41
4.860000e-15 -9.290672e+20 8.631658e+41
4.870000e-15 -8.899298e+20 7.919751e+41
4.880000e-15 -8.508164e+20 7.238886e+41
4.890000e-15 -8.117326e+20 6.589098e+41
4.900000e-15 -7.726837e+20 5.970402e+41
4.910000e-15 -7.336755e+20 5.382797e+41
4.920000e-15 -6.947132e+20 4.826264e+41
4.930000e-15 -6.558023e+20 4.300767e+41
4.940000e-15 -6.169484e+20 3.806253e+41
4.950000e-15 -5.781567e+20 3.342652e+41
4.960000e-15 -5.394326e+20 2.909876e+41
4.970000e-15 -5.007816e+20 2.507822e+41
4.980000e-15 -4.622088e+20 2.136370e+41
4.990000e-15 -4.237196e+20 1.795383e+41
5.000000e-15 -3.853193e+20 1.484710e+41
5.010000e-15 -3.470130e+20 1.204180e+41
5.020000e-15 -3.088061e+20 9.536118e+40
5.030000e-15 -2.707035e+20 7.328041e+40
5.040000e-15 -2.327106e+20 5.415423e+40
5.050000e-15 -1.948324e+20 3.795966e+40
5.060000e-15 -1.570740e+20 2.467223e+40
5.070000e-15 -1.194403e+20 1.426600e+40
5.080000e-15 -8.193657e+19 6.713602e+39
5.090000e-15 -4.456762e+19 1.986273e+39
5.100000e-15 -7.338443e+18 5.385275e+37
5.110000e-15 2.974606e+19 8.848280e+38
5.120000e-15 6.668101e+19 4.446356e+39
5.130000e-15 1.034616e+20 1.070429e+40
5.140000e-15 1.400829e+20 1.962322e+40
5.150000e-15 1.765403e+20 3.116647e+40
5.160000e-15 2.128290e+20 4.529617e+40
5.170000e-15 2.489442e+20 6.197324e+40
5.180000e-15 2.848815e+20 8.115746e+40
5.190000e-15 3.206360e+20 1.028075e+41
5.200000e-15 3.562034e+20 1.268808e+41
5.210000e-15 3.915789e+20 1.533340e+41
5.220000e-15 4.267582e+20 1.821225e+41
5.230000e-15 4.617367e+20 2.132008e+41
5.240000e-15 4.965100e+20 2.465222e+41
5.250000e-15 5.310738e+20 2.820394e+41
5.260000e-15 5.654238e+20 3.197041e+41
5.270000e-15 5.995556e+20 3.594669e+41
5.280000e-15 6.334650e+20 4.012779e+41
5.290000e-15 6.671477e+20 4.450861e+41
5.300000e-15 7.005997e+20 4.908400e+41
5.310000e-15 7.338168e+20 5.384871e+41
5.320000e-15 7.667949e+20 5.879745e+41
5.330000e-15 7.995300e+20 6.392483e+41
5.340000e-15 8.320182e+20 6.922542e+41
5.350000e-15 8.642553e+20 7.469373e+41
5.360000e-15 8.962377e+20 8.032420e+41
5.370000e-15 9.279614e+20 8.611124e+41
5.380000e-15 9.594226e+20 9.204918e+41
5.390000e-15 9.906176e+20 9.813233e+41
5.400000e-15 1.021543e+21 1.043549e+42
5.410000e-15 1.052194e+21 1.107113e+42
5.420000e-15 1.082568e+21 1.171954e+42
5.430000e-15 1.112662e+21 1.238016e+42
5.440000e-15 1.142471e+21 1.305240e+42
5.450000e-15 1.171993e+21 1.373566e+42
5.460000e-15 1.201223e+21 1.442936e+42
5.470000e-15 1.230159e+21 1.513290e+42
5.480000e-15 1.258796e+21 1.584568e+42
5.490000e-15 1.287133e+21 1.656712e+42
5.500000e-15 1.315166e+21 1.729661e+42
5.510000e-15 1.342890e+21 1.803355e+42
5.520000e-15 1.370305e+21 1.877735e+42
5.530000e-15 1.397405e+21 1.952742e+42
5.540000e-15 1.424189e+21 2.028315e+42
5.550000e-15 1.450654e+21 2.104396e+42
5.560000e-15 1.476795e+21 2.180924e+42
5.570000e-15 1.502612e+21 2.257841e+42
5.580000e-15 1.528100e+21 2.335088e+42
5.590000e-15 1.553257e+21 2.412606e+42
5.600000e-15 1.578080e+21 2.490337e+42
5.610000e-15 1.602567e+21 2.568222e+42
5.620000e-15 1.626715e+21 2.646203e+42
5.630000e-15 1.650522e+21 2.724224e+42
5.640000e-15 1.673985e+21 2.802226e+42
5.650000e-15 1.697102e+21 2.880154e+42
5.660000e-15 1.719870e+21 2.957951e+42
5.670000e-15 1.742286e+21 3.035562e+42
5.680000e-15 1.764350e+21 3.112931e+42
5.690000e-15 1.786058e+21 3.190003e+42
5.700000e-15 1.807409e+21 3.266726e+42
5.710000e-15 1.828399e+21 3.343044e+42
5.720000e-15 1.849028e+21 3.418906e+42
5.730000e-15 1.869294e+21 3.494259e+42
5.740000e-15 1.889194e+21 3.569052e+42
5.750000e-15 1.908726e+21 3.643234e+42
5.760000e-15 1.927889e+21 3.716755e+42
5.770000e-15 1.946681e+21 3.789566e+42
5.780000e-15 1.965100e+21 3.861617e+42
5.790000e-15 1.983145e+21 3.932863e+42
5.800000e-15 2.000814e+21 4.003255e+42
5.810000e-15 2.018105e+21 4.072748e+42
5.820000e-15 2.035018e+21 4.141297e+42
5.830000e-15 2.051550e+21 4.208857e+42
5.840000e-15 2.067700e+21 4.275385e+42
5.850000e-15 2.083468e+21 4.340840e+42
5.860000e-15 2.098852e+21 4.405179e+42
5.870000e-15 2.113850e+21 4.468362e+42
5.880000e-15 2.128462e+21 4.530351e+42
5.890000e-15 2.142686e+21 4.591105e+42
5.900000e-15 2.156523e+21 4.650590e+42
5.910000e-15 2.169969e+21 4.708767e+42
5.920000e-15 2.183026e+21 4.765602e+42
5.930000e-15 2.195691e+21 4.821061e+42
5.940000e-15 2.207965e+21 4.875110e+42
5.950000e-15 2.219847e+21 4.927719e+42
5.960000e-15 2.231335e+21 4.978855e+42
5.970000e-15 2.242430e+21 5.028490e+42
5.980000e-15 2.253130e+21 5.076595e+42
5.990000e-15 2.263436e+21 5.123143e+42
6.000000e-15 2.273347e+21 5.168107e+42
6.010000e-15 2.282863e+21 5.211463e+42
6.020000e-15 2.291983e+21 5.253187e+42
6.030000e-15 2.300708e+21 5.293255e+42
6.040000e-15 2.309036e+21 5.331648e+42
6.050000e-15 2.316969e+21 5.368344e+42
6.060000e-15 2.324505e+21 5.403325e+42
6.070000e-15 2.331646e+21 5.436572e+42
6.080000e-15 2.338391e+21 5.468070e+42
6.090000e-15 2.344739e+21 5.497803e+42
6.100000e-15 2.350693e+21 5.525757e+42
6.110000e-15 2.356251e+21 5.551918e+42
6.120000e-15 2.361414e+21 5.576276e+42
6.130000e-15 2.366183e+21 5.598820e+42
6.140000e-15 2.370557e+21 5.619541e+42
6.150000e-15 2.374538e+21 5.638430e+42
6.160000e-15 2.378125e+21 5.655481e+42
6.170000e-15 2.381321e+21 5.670688e+42
6.180000e-15 2.384124e+21 5.684047e+42
6.190000e-15 2.386536e+21 5.695556e+42
6.200000e-15 2.388558e+21 5.705211e+42
6.210000e-15 2.390191e+21 5.713012e+42
6.220000e-15 2.391435e+21 5.718960e+42
6.230000e-15 2.392291e+21 5.723057e+42
6.240000e-15 2.392761e+21 5.725304e+42
6.250000e-15 2.392845e+21 5.725707e+42
6.260000e-15 2.392545e+21 5.724269e+42
6.270000e-15 2.391861e+21 5.720999e+42
6.280000e-15 2.390795e+21 5.715902e+42
6.290000e-15 2.389349e+21 5.708988e+42
6.300000e-15 2.387523e+21 5.700265e+42
6.310000e-15 2.385319e+21 5.689746e+42
6.320000e-15 2.382738e+21 5.677442e+42
6.330000e-15 2.379783e+21 5.663365e+42
6.340000e-15 2.376453e+21 5.647530e+42
6.350000e-15 2.372752e+21 5.629951e+42
6.360000e-15 2.368680e+21 5.610645e+42
6.370000e-15 2.364240e+21 5.589629e+42
6.380000e-15 2.359432e+21 5.566921e+42
6.390000e-15 2.354260e+21 5.542539e+42
6.400000e-15 2.348724e+21 5.516505e+42
6.410000e-15 2.342827e+21 5.488838e+42
6.420000e-15 2.336570e+21 5.459561e+42
6.430000e-15 2.329956e+21 5.428697e+42
6.440000e-15 2.322987e+21 5.396268e+42
6.450000e-15 2.315664e+21 5.362301e+42
6.460000e-15 2.307990e+21 5.326819e+42
6.470000e-15 2.299967e+21 5.289850e+42
6.480000e-15 2.291598e+21 5.251420e+42
6.490000e-15 2.282884e+21 5.211558e+42
6.500000e-15 2.273827e+21 5.170291e+42
6.510000e-15 2.264431e+21 5.127650e+42
6.520000e-15 2.254698e+21 5.083663e+42
6.530000e-15 2.244630e+21 5.038363e+42
6.540000e-15 2.234229e+21 4.991780e+42
6.550000e-15 2.223499e+21 4.943946e+42
6.560000e-15 2.212441e+21 4.894895e+42
6.570000e-15 2.201059e+21 4.844659e+42
6.580000e-15 2.189354e+21 4.793273e+42
6.590000e-15 2.177331e+21 4.740770e+42
6.600000e-15 2.164991e+21 4.687186e+42
6.610000e-15 2.152338e+21 4.632557e+42
6.620000e-15 2.139373e+21 4.576918e+42
6.630000e-15 2.126101e+21 4.520306e+42
6.640000e-15 2.112524e+21 4.462757e+42
6.650000e-15 2.098645e+21 4.404310e+42
6.660000e-15 2.084467e+21 4.345001e+42
6.670000e-15 2.069992e+21 4.284869e+42
6.680000e-15 2.055226e+21 4.223952e+42
6.690000e-15 2.040169e+21 4.162289e+42
6.700000e-15 2.024825e+21 4.099918e+42
6.710000e-15 2.009199e+21 4.036880e+42
6.720000e-15 1.993292e+21 3.973213e+42
6.730000e-15 1.977108e+21 3.908956e+42
6.740000e-15 1.960651e+21 3.844151e+42
6.750000e-15 1.943923e+21 3.778837e+42
6.760000e-15 1.926929e+21 3.713054e+42
6.770000e-15 1.909670e+21 3.646841e+42
6.780000e-15 1.892152e+21 3.580241e+42
6.790000e-15 1.874378e+21 3.513292e+42
6.800000e-15 1.856350e+21 3.446035e+42
6.810000e-15 1.838073e+21 3.378511e+42
6.820000e-15 1.819549e+21 3.310759e+42
6.830000e-15 1.800783e+21 3.242821e+42
6.840000e-15 1.781779e+21 3.174735e+42
6.850000e-15 1.762539e+21 3.106544e+42
6.860000e-15 1.743068e+21 3.038285e+42
6.870000e-15 1.723369e+21 2.970000e+42
6.880000e-15 1.703446e+21 2.901727e+42
6.890000e-15 1.683302e+21 2.833507e+42
6.900000e-15 1.662943e+21 2.765378e+42
6.910000e-15 1.642370e+21 2.697380e+42
6.920000e-15 1.621589e+21 2.629550e+42
6.930000e-15 1.600602e+21 2.561928e+42
6.940000e-15 1.579415e+21 2.494551e+42
6.950000e-15 1.558030e+21 2.427458e+42
6.960000e-15 1.536452e+21 2.360685e+42
6.970000e-15 1.514685e+21 2.294270e+42
6.980000e-15 1.492732e+21 2.228248e+42
6.990000e-15 1.470598e+21 2.162657e+42
7.000000e-15 1.448286e+21 2.097532e+42
7.010000e-15 1.425801e+21 2.032908e+42
7.020000e-15 1.403147e+21 1.968820e+42
7.030000e-15 1.380327e+21 1.905302e+42
7.040000e-15 1.357346e+21 1.842388e+42
7.050000e-15 1.334208e+21 1.780111e+42
7.060000e-15 1.310917e+21 1.718503e+42
7.070000e-15 1.287477e+21 1.657596e+42
7.080000e-15 1.263892e+21 1.597423e+42
7.090000e-15 1.240166e+21 1.538013e+42
7.100000e-15 1.216304e+21 1.479397e+42
7.110000e-15 1.192310e+21 1.421604e+42
7.120000e-15 1.168188e+21 1.364663e+42
7.130000e-15 1.143941e+21 1.308602e+42
7.140000e-15 1.119575e+21 1.253449e+42
7.150000e-15 1.095093e+21 1.199230e+42
7.160000e-15 1.070500e+21 1.145971e+42
7.170000e-15 1.045800e+21 1.093698e+42
7.180000e-15 1.020997e+21 1.042435e+42
7.190000e-15 9.960953e+20 9.922058e+41
7.200000e-15 9.710991e+20 9.430334e+41
7.210000e-15 9.460127e+20 8.949400e+41
7.220000e-15 9.208403e+20 8.479469e+41
7.230000e-15 8.955863e+20 8.020749e+41
7.240000e-15 8.702549e+20 7.573436e+41
7.250000e-15 8.448503e+20 7.137720e+41
7.260000e-15 8.193767e+20 6.713782e+41
7.270000e-15 7.938385e+20 6.301795e+41
7.280000e-15 7.682399e+20 5.901925e+41
7.290000e-15 7.425851e+20 5.514326e+41
7.300000e-15 7.168784e+20 5.139147e+41
7.310000e-15 6.911241e+20 4.776525e+41
7.320000e-15 6.653264e+20 4.426592e+41
7.330000e-15 6.394895e+20 4.089468e+41
7.340000e-15 6.136177e+20 3.765267e+41
7.350000e-15 5.877153e+20 3.454093e+41
7.360000e-15 5.617864e+20 3.156040e+41
7.370000e-15 5.358354e+20 2.871196e+41
7.380000e-15 5.098663e+20 2.599637e+41
7.390000e-15 4.838835e+20 2.341432e+41
7.400000e-15 4.578911e+20 2.096643e+41
7.410000e-15 4.318934e+20 1.865319e+41
7.420000e-15 4.058944e+20 1.647503e+41
7.430000e-15 3.798985e+20 1.443229e+41
7.440000e-15 3.539098e+20 1.252521e+41
7.450000e-15 3.279323e+20 1.075396e+41
7.460000e-15 3.019704e+20 9.118613e+40
7.470000e-15 2.760281e+20 7.619151e+40
7.480000e-15 2.501095e+20 6.255477e+40
7.490000e-15 2.242188e+20 5.027407e+40
7.500000e-15 1.983600e+20 3.934670e+40
7.510000e-15 1.725373e+20 2.976911e+40
7.520000e-15 1.467546e+20 2.153693e+40
7.530000e-15 1.210162e+20 1.464491e+40
7.540000e-15 9.532586e+19 9.087020e+39
7.550000e-15 6.968778e+19 4.856387e+39
7.560000e-15 4.410591e+19 1.945331e+39
7.570000e-15 1.858424e+19 3.453741e+38
7.580000e-15 -6.873255e+18 4.724164e+37
7.590000e-15 -3.226264e+19 1.040878e+39
7.600000e-15 -5.757997e+19 3.315453e+39
7.610000e-15 -8.282135e+19 6.859375e+39
7.620000e-15 -1.079829e+20 1.166030e+40
7.630000e-15 -1.330607e+20 1.770515e+40
7.640000e-15 -1.580509e+20 2.498010e+40
7.650000e-15 -1.829498e+20 3.347063e+40
7.660000e-15 -2.077535e+20 4.316151e+40
7.670000e-15 -2.324582e+20 5.403681e+40
7.680000e-15 -2.570602e+20 6.607993e+40
7.690000e-15 -2.815557e+20 7.927360e+40
7.700000e-15 -3.059410e+20 9.359992e+40
7.710000e-15 -3.302126e+20 1.090403e+41
7.720000e-15 -3.543666e+20 1.255757e+41
7.730000e-15 -3.783995e+20 1.431862e+41
7.740000e-15 -4.023076e+20 1.618514e+41
7.750000e-15 -4.260875e+20 1.815505e+41
7.760000e-15 -4.497355e+20 2.022620e+41
7.770000e-15 -4.732481e+20 2.239637e+41
7.780000e-15 -4.966218e+20 2.466332e+41
7.790000e-15 -5.198533e+20 2.702474e+41
7.800000e-15 -5.429390e+20 2.947827e+41
7.810000e-15 -5.658755e+20 3.202151e+41
7.820000e-15 -5.886595e+20 3.465200e+41
7.830000e-15 -6.112877e+20 3.736726e+41
7.840000e-15 -6.337566e+20 4.016475e+41
7.850000e-15 -6.560632e+20 4.304189e+41
7.860000e-15 -6.782041e+20 4.599608e+41
7.870000e-15 -7.001761e+20 4.902465e+41
7.880000e-15 -7.219760e+20 5.212494e+41
7.890000e-15 -7.436008e+20 5.529421e+41
7.900000e-15 -7.650472e+20 5.852972e+41
7.910000e-15 -7.863123e+20 6.182870e+41
7.920000e-15 -8.073930e+20 6.518834e+41
7.930000e-15 -8.282862e+20 6.860581e+41
7.940000e-15 -8.489892e+20 7.207826e+41
7.950000e-15 -8.694988e+20 7.560282e+41
7.960000e-15 -8.898123e+20 7.917659e+41
7.970000e-15 -9.099268e+20 8.279667e+41
7.980000e-15 -9.298394e+20 8.646013e+41
7.990000e-15 -9.495475e+20 9.016404e+41
8.000000e-15 -9.690482e+20 9.390544e+41
8.010000e-15 -9.883389e+20 9.768137e+41
8.020000e-15 -1.007417e+21 1.014889e+42
8.030000e-15 -1.026280e+21 1.053250e+42
8.040000e-15 -1.044925e+21 1.091867e+42
8.050000e-15 -1.063349e+21 1.130711e+42
8.060000e-15 -1.081551e+21 1.169752e+42
8.070000e-15 -1.099527e+21 1.208959e+42
8.080000e-15 -1.117275e+21 1.248304e+42
8.090000e-15 -1.134794e+21 1.287757e+42
8.100000e-15 -1.152080e+21 1.327288e+42
8.110000e-15 -1.169131e+21 1.366867e+42
8.120000e-15 -1.185945e+21 1.406466e+42
8.130000e-15 -1.202521e+21 1.446056e+42
8.140000e-15 -1.218854e+21 1.485606e+42
8.150000e-15 -1.234945e+21 1.525089e+42
8.160000e-15 -1.250790e+21 1.564475e+42
8.170000e-15 -1.266387e+21 1.603737e+42
8.180000e-15 -1.281736e+21 1.642846e+42
8.190000e-15 -1.296832e+21 1.681774e+42
8.200000e-15 -1.311676e+21 1.720493e+42
8.210000e-15 -1.326264e+21 1.758976e+42
8.220000e-15 -1.340595e+21 1.797195e+42
8.230000e-15 -1.354668e+21 1.835125e+42
8.240000e-15 -1.368480e+21 1.872738e+42
8.250000e-15 -1.382030e+21 1.910008e+42
8.260000e-15 -1.395317e+21 1.946910e+42
8.270000e-15 -1.408338e+21 1.983417e+42
8.280000e-15 -1.421093e+21 2.019506e+42
8.290000e-15 -1.433580e+21 2.055151e+42
8.300000e-15 -1.445796e+21 2.090327e+42
8.310000e-15 -1.457742e+21 2.125013e+42
8.320000e-15 -1.469416e+21 2.159183e+42
8.330000e-15 -1.480816e+21 2.192815e+42
8.340000e-15 -1.491941e+21 2.225887e+42
8.350000e-15 -1.502789e+21 2.258376e+42
8.360000e-15 -1.513361e+21 2.290262e+42
8.370000e-15 -1.523654e+21 2.321523e+42
8.380000e-15 -1.533668e+21 2.352138e+42
8.390000e-15 -1.543402e+21 2.382089e+42
8.400000e-15 -1.552854e+21 2.411355e+42
8.410000e-15 -1.562024e+21 2.439919e+42
8.420000e-15 -1.570911e+21 2.467760e+42
8.430000e-15 -1.579514e+21 2.494863e+42
8.440000e-15 -1.587832e+21 2.521209e+42
8.450000e-15 -1.595864e+21 2.546783e+42
8.460000e-15 -1.603611e+21 2.571568e+42
8.470000e-15 -1.611071e+21 2.595549e+42
8.480000e-15 -1.618243e+21 2.618712e+42
8.490000e-15 -1.625128e+21 2.641041e+42
8.500000e-15 -1.631724e+21 2.662524e+42
8.510000e-15 -1.638032e+21 2.683148e+42
8.520000e-15 -1.644050e+21 2.702901e+42
8.530000e-15 -1.649779e+21 2.721771e+42
8.540000e-15 -1.655218e+21 2.739747e+42
8.550000e-15 -1.660367e+21 2.756819e+42
8.560000e-15 -1.665226e+21 2.772977e+42
8.570000e-15 -1.669794e+21 2.788212e+42
8.580000e-15 -1.674072e+21 2.802516e+42
8.590000e-15 -1.678059e+21 2.815882e+42
8.600000e-15 -1.681755e+21 2.828302e+42
8.610000e-15 -1.685161e+21 2.839769e+42
8.620000e-15 -1.688277e+21 2.850279e+42
8.630000e-15 -1.691102e+21 2.859826e+42
8.640000e-15 -1.693637e+21 2.868406e+42
8.650000e-15 -1.695882e+21 2.876015e+42
8.660000e-15 -1.697837e+21 2.882650e+42
8.670000e-15 -1.699503e+21 2.888310e+42
8.680000e-15 -1.700879e+21 2.892991e+42
8.690000e-15 -1.701968e+21 2.896694e+42
8.700000e-15 -1.702767e+21 2.899417e+42
8.710000e-15 -1.703280e+21 2.901162e+42
8.720000e-15 -1.703505e+21 2.901928e+42
8.730000e-15 -1.703443e+21 2.901719e+42
8.740000e-15 -1.703096e+21 2.900535e+42
8.750000e-15 -1.702463e+21 2.898380e+42
8.760000e-15 -1.701546e+21 2.895258e+42
8.770000e-15 -1.700345e+21 2.891172e+42
8.780000e-15 -1.698861e+21 2.886127e+42
8.790000e-15 -1.697094e+21 2.880129e+42
8.800000e-15 -1.695047e+21 2.873185e+42
8.810000e-15 -1.692719e+21 2.865299e+42
8.820000e-15 -1.690113e+21 2.856481e+42
8.830000e-15 -1.687227e+21 2.846737e+42
8.840000e-15 -1.684065e+21 2.836076e+42
8.850000e-15 -1.680627e+21 2.824507e+42
8.860000e-15 -1.676914e+21 2.812039e+42
8.870000e-15 -1.672927e+21 2.798684e+42
8.880000e-15 -1.668667e+21 2.784451e+42
8.890000e-15 -1.664137e+21 2.769352e+42
8.900000e-15 -1.659337e+21 2.753398e+42
8.910000e-15 -1.654268e+21 2.736602e+42
8.920000e-15 -1.648932e+21 2.718977e+42
8.930000e-15 -1.643331e+21 2.700536e+42
8.940000e-15 -1.637465e+21 2.681293e+42
8.950000e-15 -1.631337e+21 2.661261e+42
8.960000e-15 -1.624948e+21 2.640457e+42
8.970000e-15 -1.618300e+21 2.618895e+42
8.980000e-15 -1.611394e+21 2.596591e+42
8.990000e-15 -1.604232e+21 2.573561e+42
9.000000e-15 -1.596816e+21 2.549821e+42
9.010000e-15 -1.589147e+21 2.525388e+42
9.020000e-15 -1.581228e+21 2.500281e+42
9.030000e-15 -1.573059e+21 2.474516e+42
9.040000e-15 -1.564644e+21 2.448111e+42
9.050000e-15 -1.555984e+21 2.421085e+42
9.060000e-15 -1.547080e+21 2.393458e+42
9.070000e-15 -1.537936e+21 2.365247e+42
9.080000e-15 -1.528552e+21 2.336472e+42
9.090000e-15 -1.518932e+21 2.307154e+42
9.100000e-15 -1.509076e+21 2.277312e+42
9.110000e-15 -1.498988e+21 2.246966e+42
9.120000e-15 -1.488670e+21 2.216137e+42
9.130000e-15 -1.478122e+21 2.184846e+42
9.140000e-15 -1.467349e+21 2.153113e+42
9.150000e-15 -1.456352e+21 2.120961e+42
9.160000e-15 -1.445133e+21 2.088410e+42
9.170000e-15 -1.433695e+21 2.055482e+42
9.180000e-15 -1.422040e+21 2.022198e+42
9.190000e-15 -1.410171e+21 1.988581e+42
9.200000e-15 -1.398089e+21 1.954653e+42
9.210000e-15 -1.385798e+21 1.920436e+42
9.220000e-15 -1.373300e+21 1.885952e+42
9.230000e-15 -1.360597e+21 1.851224e+42
9.240000e-15 -1.347692e+21 1.816273e+42
9.250000e-15 -1.334587e+21 1.781124e+42
9.260000e-15 -1.321286e+21 1.745797e+42
9.270000e-15 -1.307790e+21 1.710315e+42
9.280000e-15 -1.294103e+21 1.674702e+42
9.290000e-15 -1.280226e+21 1.638980e+42
9.300000e-15 -1.266164e+21 1.603171e+42
9.310000e-15 -1.251918e+21 1.567298e+42
9.320000e-15 -1.237491e+21 1.531383e+42
9.330000e-15 -1.222886e+21 1.495450e+42
9.340000e-15 -1.208106e+21 1.459519e+42
9.350000e-15 -1.193153e+21 1.423614e+42
9.360000e-15 -1.178031e+21 1.387756e+42
9.370000e-15 -1.162742e+21 1.351969e+42
9.380000e-15 -1.147289e+21 1.316273e+42
9.390000e-15 -1.131676e+21 1.280690e+42
9.400000e-15 -1.115904e+21 1.245242e+42
9.410000e-15 -1.099978e+21 1.209951e+42
9.420000e-15 -1.083899e+21 1.174837e+42
9.430000e-15 -1.067671e+21 1.139922e+42
9.440000e-15 -1.051298e+21 1.105227e+42
9.450000e-15 -1.034781e+21 1.070772e+42
9.460000e-15 -1.018124e+21 1.036577e+42
9.470000e-15 -1.001331e+21 1.002663e+42
9.480000e-15 -9.844033e+20 9.690499e+41
9.490000e-15 -9.673451e+20 9.357566e+41
9.500000e-15 -9.501593e+20 9.028026e+41
9.510000e-15 -9.328489e+20 8.702070e+41
9.520000e-15 -9.154171e+20 8.379884e+41
9.530000e-15 -8.978670e+20 8.061652e+41
9.540000e-15 -8.802019e+20 7.747554e+41
9.550000e-15 -8.624249e+20 7.437767e+41
9.560000e-15 -8.445392e+20 7.132464e+41
9.570000e-15 -8.265479e+20 6.831815e+41
9.580000e-15 -8.084544e+20 6.535985e+41
9.590000e-15 -7.902617e+20 6.245136e+41
9.600000e-15 -7.719733e+20 5.959427e+41
9.610000e-15 -7.535922e+20 5.679012e+41
9.620000e-15 -7.351217e+20 5.404040e+41
9.630000e-15 -7.165652e+20 5.134657e+41
9.640000e-15 -6.979258e+20 4.871005e+41
9.650000e-15 -6.792069e+20 4.613220e+41
9.660000e-15 -6.604117e+20 4.361436e+41
9.670000e-15 -6.415436e+20 4.115781e+41
9.680000e-15 -6.226057e+20 3.876379e+41
9.690000e-15 -6.036015e+20 3.643347e+41
9.700000e-15 -5.845342e+20 3.416802e+41
9.710000e-15 -5.654071e+20 3.196852e+41
9.720000e-15 -5.462235e+20 2.983602e+41
9.730000e-15 -5.269869e+20 2.777152e+41
9.740000e-15 -5.077004e+20 2.577597e+41
9.750000e-15 -4.883674e+20 2.385027e+41
9.760000e-15 -4.689913e+20 2.199528e+41
9.770000e-15 -4.495753e+20 2.021179e+41
9.780000e-15 -4.301228e+20 1.850056e+41
9.790000e-15 -4.106371e+20 1.686228e+41
9.800000e-15 -3.911215e+20 1.529760e+41
9.810000e-15 -3.715794e+20 1.380713e+41
9.820000e-15 -3.520141e+20 1.239139e+41
9.830000e-15 -3.324289e+20 1.105090e+41
9.840000e-15 -3.128271e+20 9.786079e+40
9.850000e-15 -2.932120e+20 8.597330e+40
9.860000e-15 -2.735870e+20 7.484987e+40
9.870000e-15 -2.539554e+20 6.449335e+40
9.880000e-15 -2.343204e+20 5.490606e+40
9.890000e-15 -2.146854e+20 4.608982e+40
9.900000e-15 -1.950536e+20 3.804592e+40
9.910000e-15 -1.754284e+20 3.077512e+40
9.920000e-15 -1.558130e+20 2.427768e+40
9.930000e-15 -1.362106e+20 1.855333e+40
9.940000e-15 -1.166246e+20 1.360130e+40
9.950000e-15 -9.705822e+19 9.420297e+39
9.960000e-15 -7.751466e+19 6.008523e+39
9.970000e-15 -5.799719e+19 3.363674e+39
9.980000e-15 -3.850902e+19 1.482945e+39
9.990000e-15 -1.905337e+19 3.630310e+38
1.000000e-14 3.665547e+17 1.343624e+35
