0.000000 nan nan
0.000000 -6.772379e+16 4.586512e+33
0.000000 -5.415854e+17 2.933148e+35
0.000000 -1.826699e+18 3.336828e+36
0.000000 -4.326131e+18 1.871541e+37
0.000000 -8.439887e+18 7.123169e+37
0.000000 -1.456390e+19 2.121071e+38
0.000000 -2.308901e+19 5.331025e+38
0.000000 -3.440002e+19 1.183362e+39
0.000000 -4.887467e+19 2.388733e+39
0.000000 -6.688268e+19 4.473293e+39
0.000000 -8.878484e+19 7.882748e+39
0.000000 -1.149321e+20 1.320938e+40
0.000000 -1.456644e+20 2.121813e+40
0.000000 -1.813105e+20 3.287348e+40
0.000000 -2.221860e+20 4.936664e+40
0.000000 -2.685938e+20 7.214262e+40
0.000000 -3.208221e+20 1.029268e+41
0.000000 -3.791446e+20 1.437506e+41
0.000000 -4.438191e+20 1.969754e+41
0.000000 -5.150871e+20 2.653147e+41
0.000000 -5.931731e+20 3.518544e+41
0.000000 -6.782841e+20 4.600693e+41
0.000000 -7.706085e+20 5.938375e+41
0.000000 -8.703163e+20 7.574505e+41
0.000000 -9.775580e+20 9.556196e+41
0.000000 -1.092464e+21 1.193478e+42
0.000000 -1.215146e+21 1.476579e+42
0.000000 -1.345692e+21 1.810888e+42
0.000000 -1.484173e+21 2.202770e+42
0.000000 -1.630636e+21 2.658975e+42
0.000000 -1.785108e+21 3.186610e+42
0.000000 -1.947593e+21 3.793118e+42
0.000000 -2.118074e+21 4.486238e+42
0.000000 -2.296513e+21 5.273972e+42
0.000000 -2.482849e+21 6.164537e+42
0.000000 -2.676998e+21 7.166318e+42
0.000000 -2.878857e+21 8.287815e+42
0.000000 -3.088298e+21 9.537585e+42
0.000000 -3.305174e+21 1.092418e+43
0.000000 -3.529315e+21 1.245606e+43
0.000000 -3.760530e+21 1.414159e+43
0.000000 -3.998607e+21 1.598886e+43
0.000000 -4.243314e+21 1.800572e+43
0.000000 -4.494399e+21 2.019962e+43
0.000000 -4.751587e+21 2.257758e+43
0.000000 -5.014589e+21 2.514610e+43
0.000000 -5.283092e+21 2.791106e+43
0.000000 -5.556768e+21 3.087767e+43
0.000000 -5.835270e+21 3.405037e+43
0.000000 -6.118234e+21 3.743278e+43
0.000000 -6.405279e+21 4.102760e+43
0.000000 -6.696011e+21 4.483657e+43
0.000000 -6.990018e+21 4.886035e+43
0.000000 -7.286875e+21 5.309854e+43
0.000000 -7.586143e+21 5.754957e+43
0.000000 -7.887372e+21 6.221064e+43
0.000000 -8.190100e+21 6.707773e+43
0.000000 -8.493852e+21 7.214552e+43
0.000000 -8.798147e+21 7.740738e+43
0.000000 -9.102491e+21 8.285535e+43
0.000000 -9.406386e+21 8.848010e+43
0.000000 -9.709326e+21 9.427101e+43
0.000000 -1.001080e+22 1.002161e+44
0.000000 -1.031028e+22 1.063019e+44
0.000000 -1.060726e+22 1.125140e+44
0.000000 -1.090121e+22 1.188364e+44
0.000000 -1.119161e+22 1.252521e+44
0.000000 -1.147792e+22 1.317427e+44
0.000000 -1.175963e+22 1.382889e+44
0.000000 -1.203621e+22 1.448703e+44
0.000000 -1.230713e+22 1.514655e+44
0.000000 -1.257189e+22 1.580525e+44
0.000000 -1.282997e+22 1.646082e+44
0.000000 -1.308087e+22 1.711091e+44
0.000000 -1.332407e+22 1.775309e+44
0.000000 -1.355910e+22 1.838493e+44
0.000000 -1.378548e+22 1.900394e+44
0.000000 -1.400272e+22 1.960761e+44
0.000000 -1.421037e+22 2.019346e+44
0.000000 -1.440798e+22 2.075898e+44
0.000000 -1.459511e+22 2.130173e+44
0.000000 -1.477135e+22 2.181927e+44
0.000000 -1.493628e+22 2.230925e+44
0.000000 -1.508952e+22 2.276936e+44
0.000000 -1.523069e+22 2.319739e+44
0.000000 -1.535944e+22 2.359123e+44
0.000000 -1.547542e+22 2.394886e+44
0.000000 -1.557832e+22 2.426841e+44
0.000000 -1.566784e+22 2.454814e+44
0.000000 -1.574371e+22 2.478644e+44
0.000000 -1.580566e+22 2.498189e+44
0.000000 -1.585346e+22 2.513323e+44
0.000000 -1.588690e+22 2.523937e+44
0.000000 -1.590579e+22 2.529942e+44
0.000000 -1.590996e+22 2.531269e+44
0.000000 -1.589927e+22 2.527869e+44
0.000000 -1.587361e+22 2.519714e+44
0.000000 -1.583287e+22 2.506799e+44
0.000000 -1.577700e+22 2.489137e+44
0.000000 -1.570595e+22 2.466768e+44
0.000000 -1.561970e+22 2.439749e+44
0.000000 -1.551825e+22 2.408162e+44
0.000000 -1.540166e+22 2.372111e+44
0.000000 -1.526997e+22 2.331719e+44
0.000000 -1.512327e+22 2.287132e+44
0.000000 -1.496167e+22 2.238515e+44
0.000000 -1.478531e+22 2.186054e+44
0.000000 -1.459435e+22 2.129952e+44
0.000000 -1.438899e+22 2.070430e+44
0.000000 -1.416942e+22 2.007726e+44
0.000000 -1.393590e+22 1.942094e+44
0.000000 -1.368868e+22 1.873801e+44
0.000000 -1.342806e+22 1.803127e+44
0.000000 -1.315433e+22 1.730364e+44
0.000000 -1.286784e+22 1.655812e+44
0.000000 -1.256893e+22 1.579781e+44
0.000000 -1.225800e+22 1.502585e+44
0.000000 -1.193543e+22 1.424545e+44
0.000000 -1.160165e+22 1.345982e+44
0.000000 -1.125709e+22 1.267222e+44
0.000000 -1.090223e+22 1.188586e+44
0.000000 -1.053753e+22 1.110395e+44
0.000000 -1.016349e+22 1.032965e+44
0.000000 -9.780620e+21 9.566053e+43
0.000000 -9.389455e+21 8.816187e+43
0.000000 -8.990537e+21 8.082975e+43
0.000000 -8.584421e+21 7.369229e+43
0.000000 -8.171680e+21 6.677636e+43
0.000000 -7.752897e+21 6.010741e+43
0.000000 -7.328665e+21 5.370933e+43
0.000000 -6.899589e+21 4.760432e+43
0.000000 -6.466281e+21 4.181278e+43
0.000000 -6.029362e+21 3.635320e+43
0.000000 -5.589460e+21 3.124206e+43
0.000000 -5.147209e+21 2.649376e+43
0.000000 -4.703245e+21 2.212051e+43
0.000000 -4.258210e+21 1.813235e+43
0.000000 -3.812747e+21 1.453704e+43
0.000000 -3.367500e+21 1.134006e+43
0.000000 -2.923114e+21 8.544595e+42
0.000000 -2.480231e+21 6.151544e+42
0.000000 -2.039491e+21 4.159523e+42
0.000000 -1.601531e+21 2.564902e+42
0.000000 -1.166984e+21 1.361850e+42
0.000000 -7.364738e+20 5.423937e+41
0.000000 -3.106211e+20 9.648550e+40
0.000000 1.099638e+20 1.209203e+40
0.000000 5.246794e+20 2.752885e+41
0.000000 9.329346e+20 8.703669e+41
0.000000 1.334150e+21 1.779955e+42
0.000000 1.727757e+21 2.985144e+42
0.000000 2.113203e+21 4.465627e+42
0.000000 2.489948e+21 6.199843e+42
0.000000 2.857469e+21 8.165131e+42
0.000000 3.215258e+21 1.033788e+43
0.000000 3.562825e+21 1.269372e+43
0.000000 3.899697e+21 1.520764e+43
0.000000 4.225422e+21 1.785419e+43
0.000000 4.539566e+21 2.060766e+43
0.000000 4.841717e+21 2.344222e+43
0.000000 5.131483e+21 2.633212e+43
0.000000 5.408495e+21 2.925182e+43
0.000000 5.672406e+21 3.217619e+43
0.000000 5.922893e+21 3.508066e+43
0.000000 6.159655e+21 3.794135e+43
0.000000 6.382417e+21 4.073525e+43
0.000000 6.590928e+21 4.344034e+43
0.000000 6.784963e+21 4.603573e+43
0.000000 6.964321e+21 4.850177e+43
0.000000 7.128828e+21 5.082019e+43
0.000000 7.278336e+21 5.297418e+43
0.000000 7.412722e+21 5.494845e+43
0.000000 7.531891e+21 5.672939e+43
0.000000 7.635774e+21 5.830505e+43
0.000000 7.724329e+21 5.966526e+43
0.000000 7.797540e+21 6.080163e+43
0.000000 7.855418e+21 6.170759e+43
0.000000 7.898000e+21 6.237840e+43
0.000000 7.925350e+21 6.281117e+43
0.000000 7.937558e+21 6.300482e+43
0.000000 7.934739e+21 6.296009e+43
0.000000 7.917037e+21 6.267947e+43
0.000000 7.884617e+21 6.216718e+43
0.000000 7.837671e+21 6.142908e+43
0.000000 7.776415e+21 6.047264e+43
0.000000 7.701091e+21 5.930680e+43
0.000000 7.611961e+21 5.794195e+43
0.000000 7.509312e+21 5.638977e+43
0.000000 7.393454e+21 5.466316e+43
0.000000 7.264717e+21 5.277611e+43
0.000000 7.123453e+21 5.074358e+43
0.000000 6.970033e+21 4.858136e+43
0.000000 6.804850e+21 4.630598e+43
0.000000 6.628313e+21 4.393453e+43
0.000000 6.440849e+21 4.148454e+43
0.000000 6.242905e+21 3.897387e+43
0.000000 6.034941e+21 3.642051e+43
0.000000 5.817433e+21 3.384253e+43
0.000000 5.590871e+21 3.125784e+43
0.000000 5.355759e+21 2.868415e+43
0.000000 5.112613e+21 2.613881e+43
0.000000 4.861959e+21 2.363864e+43
0.000000 4.604335e+21 2.119990e+43
0.000000 4.340286e+21 1.883809e+43
0.000000 4.070369e+21 1.656790e+43
0.000000 3.795142e+21 1.440310e+43
0.000000 3.515175e+21 1.235645e+43
0.000000 3.231038e+21 1.043961e+43
0.000000 2.943307e+21 8.663059e+42
0.000000 2.652562e+21 7.036084e+42
0.000000 2.359381e+21 5.566677e+42
0.000000 2.064344e+21 4.261518e+42
0.000000 1.768032e+21 3.125938e+42
0.000000 1.471022e+21 2.163906e+42
0.000000 1.173889e+21 1.378015e+42
0.000000 8.772031e+20 7.694853e+41
0.000000 5.815312e+20 3.381785e+41
0.000000 2.874329e+20 8.261766e+40
0.000000 -4.539026e+18 2.060275e+37
0.000000 -2.938398e+20 8.634181e+40
0.000000 -5.799337e+20 3.363230e+41
0.000000 -8.622950e+20 7.435527e+41
0.000000 -1.140409e+21 1.300533e+42
0.000000 -1.413773e+21 1.998755e+42
0.000000 -1.681897e+21 2.828778e+42
0.000000 -1.944305e+21 3.780320e+42
0.000000 -2.200534e+21 4.842348e+42
0.000000 -2.450137e+21 6.003173e+42
0.000000 -2.692685e+21 7.250553e+42
0.000000 -2.927763e+21 8.571797e+42
0.000000 -3.154975e+21 9.953865e+42
0.000000 -3.373941e+21 1.138348e+43
0.000000 -3.584303e+21 1.284723e+43
0.000000 -3.785720e+21 1.433168e+43
0.000000 -3.977871e+21 1.582345e+43
0.000000 -4.160455e+21 1.730939e+43
0.000000 -4.333193e+21 1.877656e+43
0.000000 -4.495826e+21 2.021245e+43
0.000000 -4.648118e+21 2.160500e+43
0.000000 -4.789852e+21 2.294268e+43
0.000000 -4.920835e+21 2.421462e+43
0.000000 -5.040897e+21 2.541064e+43
0.000000 -5.149889e+21 2.652135e+43
0.000000 -5.247685e+21 2.753819e+43
0.000000 -5.334181e+21 2.845349e+43
0.000000 -5.409298e+21 2.926051e+43
0.000000 -5.472978e+21 2.995348e+43
0.000000 -5.525185e+21 3.052767e+43
0.000000 -5.565907e+21 3.097932e+43
0.000000 -5.595154e+21 3.130575e+43
0.000000 -5.612959e+21 3.150531e+43
0.000000 -5.619376e+21 3.157739e+43
0.000000 -5.614481e+21 3.152240e+43
0.000000 -5.598372e+21 3.134177e+43
0.000000 -5.571168e+21 3.103791e+43
0.000000 -5.533008e+21 3.061418e+43
0.000000 -5.484052e+21 3.007483e+43
0.000000 -5.424481e+21 2.942500e+43
0.000000 -5.354494e+21 2.867060e+43
0.000000 -5.274308e+21 2.781833e+43
0.000000 -5.184161e+21 2.687552e+43
0.000000 -5.084306e+21 2.585017e+43
0.000000 -4.975016e+21 2.475078e+43
0.000000 -4.856577e+21 2.358634e+43
0.000000 -4.729294e+21 2.236622e+43
0.000000 -4.593484e+21 2.110010e+43
0.000000 -4.449481e+21 1.979788e+43
0.000000 -4.297632e+21 1.846964e+43
0.000000 -4.138294e+21 1.712548e+43
0.000000 -3.971840e+21 1.577552e+43
0.000000 -3.798652e+21 1.442976e+43
0.000000 -3.619123e+21 1.309805e+43
0.000000 -3.433654e+21 1.178998e+43
0.000000 -3.242657e+21 1.051482e+43
0.000000 -3.046550e+21 9.281466e+42
0.000000 -2.845758e+21 8.098340e+42
0.000000 -2.640713e+21 6.973368e+42
0.000000 -2.431852e+21 5.913905e+42
0.000000 -2.219615e+21 4.926691e+42
0.000000 -2.004446e+21 4.017805e+42
0.000000 -1.786792e+21 3.192627e+42
0.000000 -1.567101e+21 2.455806e+42
0.000000 -1.345822e+21 1.811236e+42
0.000000 -1.123402e+21 1.262032e+42
0.000000 -9.002900e+20 8.105221e+41
0.000000 -6.769307e+20 4.582351e+41
0.000000 -4.537666e+20 2.059042e+41
0.000000 -2.312368e+20 5.347047e+40
0.000000 -9.775609e+18 9.556253e+37
0.000000 2.101879e+20 4.417897e+40
0.000000 4.282308e+20 1.833817e+41
0.000000 6.439371e+20 4.146549e+41
0.000000 8.568982e+20 7.342745e+41
0.000000 1.066714e+21 1.137879e+42
0.000000 1.272994e+21 1.620514e+42
0.000000 1.475357e+21 2.176678e+42
0.000000 1.673432e+21 2.800374e+42
0.000000 1.866859e+21 3.485163e+42
0.000000 2.055291e+21 4.224223e+42
0.000000 2.238393e+21 5.010403e+42
0.000000 2.415841e+21 5.836288e+42
0.000000 2.587326e+21 6.694258e+42
0.000000 2.752554e+21 7.576552e+42
0.000000 2.911242e+21 8.475330e+42
0.000000 3.063125e+21 9.382736e+42
0.000000 3.207952e+21 1.029096e+43
0.000000 3.345487e+21 1.119229e+43
0.000000 3.475511e+21 1.207918e+43
0.000000 3.597821e+21 1.294432e+43
0.000000 3.712229e+21 1.378065e+43
0.000000 3.818567e+21 1.458145e+43
0.000000 3.916679e+21 1.534038e+43
0.000000 4.006431e+21 1.605149e+43
0.000000 4.087704e+21 1.670932e+43
0.000000 4.160396e+21 1.730889e+43
0.000000 4.224423e+21 1.784575e+43
0.000000 4.279718e+21 1.831598e+43
0.000000 4.326232e+21 1.871628e+43
0.000000 4.363933e+21 1.904391e+43
0.000000 4.392807e+21 1.929675e+43
0.000000 4.412856e+21 1.947330e+43
0.000000 4.424100e+21 1.957266e+43
0.000000 4.426575e+21 1.959457e+43
0.000000 4.420336e+21 1.953937e+43
0.000000 4.405451e+21 1.940800e+43
0.000000 4.382006e+21 1.920198e+43
0.000000 4.350104e+21 1.892341e+43
0.000000 4.309863e+21 1.857492e+43
0.000000 4.261415e+21 1.815965e+43
0.000000 4.204907e+21 1.768124e+43
0.000000 4.140503e+21 1.714377e+43
0.000000 4.068379e+21 1.655171e+43
0.000000 3.988725e+21 1.590992e+43
0.000000 3.901744e+21 1.522360e+43
0.000000 3.807652e+21 1.449821e+43
0.000000 3.706677e+21 1.373946e+43
0.000000 3.599060e+21 1.295324e+43
0.000000 3.485052e+21 1.214559e+43
0.000000 3.364914e+21 1.132265e+43
0.000000 3.238918e+21 1.049059e+43
0.000000 3.107345e+21 9.655591e+42
0.000000 2.970485e+21 8.823779e+42
0.000000 2.828636e+21 8.001179e+42
0.000000 2.682103e+21 7.193679e+42
0.000000 2.531201e+21 6.406977e+42
0.000000 2.376247e+21 5.646548e+42
0.000000 2.217566e+21 4.917598e+42
0.000000 2.055488e+21 4.225029e+42
0.000000 1.890346e+21 3.573409e+42
0.000000 1.722479e+21 2.966935e+42
0.000000 1.552228e+21 2.409411e+42
0.000000 1.379934e+21 1.904218e+42
0.000000 1.205943e+21 1.454299e+42
0.000000 1.030601e+21 1.062139e+42
0.000000 8.542538e+20 7.297496e+41
0.000000 6.772470e+20 4.586635e+41
0.000000 4.999255e+20 2.499255e+41
0.000000 3.226328e+20 1.040919e+41
0.000000 1.457097e+20 2.123132e+40
0.000000 -3.050537e+19 9.305775e+38
0.000000 -2.056778e+20 4.230335e+40
0.000000 -3.794768e+20 1.440027e+41
0.000000 -5.515766e+20 3.042367e+41
0.000000 -7.216562e+20 5.207877e+41
0.000000 -8.894008e+20 7.910338e+41
0.000000 -1.054502e+21 1.111974e+42
0.000000 -1.216658e+21 1.480256e+42
0.000000 -1.375574e+21 1.892204e+42
0.000000 -1.530965e+21 2.343853e+42
0.000000 -1.682552e+21 2.830982e+42
0.000000 -1.830067e+21 3.349145e+42
0.000000 -1.973249e+21 3.893714e+42
0.000000 -2.111850e+21 4.459911e+42
0.000000 -2.245629e+21 5.042851e+42
0.000000 -2.374358e+21 5.637574e+42
0.000000 -2.497817e+21 6.239089e+42
0.000000 -2.615800e+21 6.842412e+42
0.000000 -2.728113e+21 7.442599e+42
0.000000 -2.834570e+21 8.034788e+42
0.000000 -2.935002e+21 8.614235e+42
0.000000 -3.029248e+21 9.176345e+42
0.000000 -3.117164e+21 9.716709e+42
0.000000 -3.198614e+21 1.023113e+43
0.000000 -3.273479e+21 1.071567e+43
0.000000 -3.341652e+21 1.116664e+43
0.000000 -3.403038e+21 1.158067e+43
0.000000 -3.457556e+21 1.195469e+43
0.000000 -3.505140e+21 1.228600e+43
0.000000 -3.545735e+21 1.257223e+43
0.000000 -3.579301e+21 1.281139e+43
0.000000 -3.605811e+21 1.300187e+43
0.000000 -3.625252e+21 1.314245e+43
0.000000 -3.637625e+21 1.323231e+43
0.000000 -3.642942e+21 1.327102e+43
0.000000 -3.641230e+21 1.325855e+43
0.000000 -3.632529e+21 1.319527e+43
0.000000 -3.616893e+21 1.308191e+43
0.000000 -3.594386e+21 1.291961e+43
0.000000 -3.565087e+21 1.270984e+43
0.000000 -3.529086e+21 1.245445e+43
0.000000 -3.486488e+21 1.215560e+43
0.000000 -3.437406e+21 1.181576e+43
0.000000 -3.381966e+21 1.143770e+43
0.000000 -3.320308e+21 1.102445e+43
0.000000 -3.252580e+21 1.057927e+43
0.000000 -3.178940e+21 1.010566e+43
0.000000 -3.099560e+21 9.607275e+42
0.000000 -3.014620e+21 9.087932e+42
0.000000 -2.924308e+21 8.551576e+42
0.000000 -2.828823e+21 8.002241e+42
0.000000 -2.728374e+21 7.444024e+42
0.000000 -2.623175e+21 6.881049e+42
0.000000 -2.513451e+21 6.317438e+42
0.000000 -2.399433e+21 5.757281e+42
0.000000 -2.281359e+21 5.204601e+42
0.000000 -2.159474e+21 4.663330e+42
0.000000 -2.034029e+21 4.137274e+42
0.000000 -1.905279e+21 3.630089e+42
0.000000 -1.773487e+21 3.145255e+42
0.000000 -1.638917e+21 2.686050e+42
0.000000 -1.501840e+21 2.255524e+42
0.000000 -1.362529e+21 1.856486e+42
0.000000 -1.221261e+21 1.491478e+42
0.000000 -1.078313e+21 1.162758e+42
0.000000 -9.339658e+20 8.722921e+41
0.000000 -7.885020e+20 6.217354e+41
0.000000 -6.422039e+20 4.124259e+41
0.000000 -4.953545e+20 2.453761e+41
0.000000 -3.482363e+20 1.212685e+41
0.000000 -2.011312e+20 4.045378e+40
0.000000 -5.431997e+19 2.950660e+39
0.000000 9.191878e+19 8.449062e+39
0.000000 2.373086e+20 5.631536e+40
0.000000 3.815758e+20 1.456001e+41
0.000000 5.244503e+20 2.750482e+41
0.000000 6.656656e+20 4.431107e+41
0.000000 8.049597e+20 6.479601e+41
0.000000 9.420752e+20 8.875057e+41
0.000000 1.076760e+21 1.159412e+42
0.000000 1.208768e+21 1.461120e+42
0.000000 1.337859e+21 1.789867e+42
0.000000 1.463799e+21 2.142709e+42
0.000000 1.586362e+21 2.516546e+42
0.000000 1.705329e+21 2.908147e+42
0.000000 1.820487e+21 3.314175e+42
0.000000 1.931635e+21 3.731212e+42
0.000000 2.038576e+21 4.155791e+42
0.000000 2.141124e+21 4.584414e+42
0.000000 2.239104e+21 5.013587e+42
0.000000 2.332347e+21 5.439843e+42
0.000000 2.420696e+21 5.859768e+42
0.000000 2.504002e+21 6.270026e+42
0.000000 2.582128e+21 6.667387e+42
0.000000 2.654948e+21 7.048748e+42
0.000000 2.722343e+21 7.411153e+42
0.000000 2.784210e+21 7.751823e+42
0.000000 2.840451e+21 8.068164e+42
0.000000 2.890985e+21 8.357794e+42
0.000000 2.935738e+21 8.618558e+42
0.000000 2.974649e+21 8.848539e+42
0.000000 3.007669e+21 9.046072e+42
0.000000 3.034758e+21 9.209756e+42
0.000000 3.055890e+21 9.338464e+42
0.000000 3.071049e+21 9.431344e+42
0.000000 3.080232e+21 9.487828e+42
0.000000 3.083445e+21 9.507631e+42
0.000000 3.080707e+21 9.490754e+42
0.000000 3.072048e+21 9.437477e+42
0.000000 3.057509e+21 9.348361e+42
0.000000 3.037142e+21 9.224234e+42
0.000000 3.011011e+21 9.066188e+42
0.000000 2.979189e+21 8.875567e+42
0.000000 2.941760e+21 8.653955e+42
0.000000 2.898820e+21 8.403158e+42
0.000000 2.850473e+21 8.125196e+42
0.000000 2.796834e+21 7.822280e+42
0.000000 2.738027e+21 7.496792e+42
0.000000 2.674187e+21 7.151274e+42
0.000000 2.605455e+21 6.788398e+42
0.000000 2.531985e+21 6.410948e+42
0.000000 2.453936e+21 6.021801e+42
0.000000 2.371476e+21 5.623899e+42
0.000000 2.284782e+21 5.220229e+42
0.000000 2.194037e+21 4.813798e+42
0.000000 2.099432e+21 4.407613e+42
0.000000 2.001163e+21 4.004653e+42
0.000000 1.899435e+21 3.607852e+42
0.000000 1.794456e+21 3.220072e+42
0.000000 1.686441e+21 2.844085e+42
0.000000 1.575611e+21 2.482550e+42
0.000000 1.462188e+21 2.137995e+42
0.000000 1.346403e+21 1.812800e+42
0.000000 1.228485e+21 1.509176e+42
0.000000 1.108672e+21 1.229153e+42
0.000000 9.871994e+20 9.745627e+41
0.000000 8.643090e+20 7.470301e+41
0.000000 7.402424e+20 5.479588e+41
0.000000 6.152427e+20 3.785236e+41
0.000000 4.895543e+20 2.396635e+41
0.000000 3.634217e+20 1.320753e+41
0.000000 2.370893e+20 5.621135e+40
0.000000 1.108012e+20 1.227690e+40
0.000000 -1.519989e+19 2.310366e+38
0.000000 -1.406724e+20 1.978871e+40
0.000000 -2.653767e+20 7.042480e+40
0.000000 -3.890758e+20 1.513800e+41
0.000000 -5.115353e+20 2.616684e+41
0.000000 -6.325242e+20 4.000869e+41
0.000000 -7.518151e+20 5.652259e+41
0.000000 -8.691847e+20 7.554820e+41
0.000000 -9.844144e+20 9.690716e+41
0.000000 -1.097290e+21 1.204046e+42
0.000000 -1.207604e+21 1.458307e+42
0.000000 -1.315153e+21 1.729627e+42
0.000000 -1.419740e+21 2.015661e+42
0.000000 -1.521175e+21 2.313973e+42
0.000000 -1.619275e+21 2.622050e+42
0.000000 -1.713862e+21 2.937325e+42
0.000000 -1.804770e+21 3.257193e+42
0.000000 -1.891835e+21 3.579038e+42
0.000000 -1.974904e+21 3.900247e+42
0.000000 -2.053833e+21 4.218232e+42
0.000000 -2.128486e+21 4.530451e+42
0.000000 -2.198733e+21 4.834427e+42
0.000000 -2.264457e+21 5.127764e+42
0.000000 -2.325547e+21 5.408169e+42
0.000000 -2.381904e+21 5.673464e+42
0.000000 -2.433435e+21 5.921607e+42
0.000000 -2.480061e+21 6.150701e+42
0.000000 -2.521708e+21 6.359014e+42
0.000000 -2.558317e+21 6.544985e+42
0.000000 -2.589834e+21 6.707239e+42
0.000000 -2.616218e+21 6.844594e+42
0.000000 -2.637436e+21 6.956071e+42
0.000000 -2.653468e+21 7.040895e+42
0.000000 -2.664302e+21 7.098505e+42
0.000000 -2.669935e+21 7.128555e+42
0.000000 -2.670377e+21 7.130913e+42
0.000000 -2.665645e+21 7.105664e+42
0.000000 -2.655768e+21 7.053103e+42
0.000000 -2.640783e+21 6.973737e+42
0.000000 -2.620739e+21 6.868274e+42
0.000000 -2.595693e+21 6.737621e+42
0.000000 -2.565711e+21 6.582871e+42
0.000000 -2.530869e+21 6.405296e+42
0.000000 -2.491252e+21 6.206335e+42
0.000000 -2.446954e+21 5.987585e+42
0.000000 -2.398078e+21 5.750779e+42
0.000000 -2.344735e+21 5.497782e+42
0.000000 -2.287044e+21 5.230568e+42
0.000000 -2.225131e+21 4.951209e+42
0.000000 -2.159133e+21 4.661855e+42
0.000000 -2.089191e+21 4.364717e+42
0.000000 -2.015454e+21 4.062054e+42
0.000000 -1.938078e+21 3.756147e+42
0.000000 -1.857227e+21 3.449291e+42
0.000000 -1.773068e+21 3.143770e+42
0.000000 -1.685776e+21 2.841841e+42
0.000000 -1.595531e+21 2.545720e+42
0.000000 -1.502518e+21 2.257560e+42
0.000000 -1.406926e+21 1.979441e+42
0.000000 -1.308949e+21 1.713348e+42
0.000000 -1.208785e+21 1.461162e+42
0.000000 -1.106636e+21 1.224643e+42
0.000000 -1.002705e+21 1.005417e+42
0.000000 -8.971994e+20 8.049669e+41
0.000000 -7.903293e+20 6.246204e+41
0.000000 -6.823057e+20 4.655410e+41
0.000000 -5.733414e+20 3.287203e+41
0.000000 -4.636503e+20 2.149716e+41
0.000000 -3.534470e+20 1.249248e+41
0.000000 -2.429463e+20 5.902292e+40
0.000000 -1.323629e+20 1.751994e+40
0.000000 -2.191077e+19 4.800817e+38
0.000000 8.819697e+19 7.778706e+39
0.000000 1.977486e+20 3.910452e+40
0.000000 3.065343e+20 9.396330e+40
0.000000 4.143464e+20 1.716829e+41
0.000000 5.209796e+20 2.714197e+41
0.000000 6.262319e+20 3.921663e+41
0.000000 7.299044e+20 5.327604e+41
0.000000 8.318020e+20 6.918946e+41
0.000000 9.317338e+20 8.681279e+41
0.000000 1.029513e+21 1.059897e+42
0.000000 1.124958e+21 1.265531e+42
0.000000 1.217892e+21 1.483261e+42
0.000000 1.308144e+21 1.711240e+42
0.000000 1.395548e+21 1.947554e+42
0.000000 1.479944e+21 2.190235e+42
0.000000 1.561180e+21 2.437284e+42
0.000000 1.639109e+21 2.686680e+42
0.000000 1.713592e+21 2.936396e+42
0.000000 1.784494e+21 3.184420e+42
0.000000 1.851692e+21 3.428765e+42
0.000000 1.915068e+21 3.667486e+42
0.000000 1.974511e+21 3.898695e+42
0.000000 2.029920e+21 4.120575e+42
0.000000 2.081200e+21 4.331395e+42
0.000000 2.128267e+21 4.529520e+42
0.000000 2.171042e+21 4.713423e+42
0.000000 2.209457e+21 4.881701e+42
0.000000 2.243452e+21 5.033077e+42
0.000000 2.272976e+21 5.166419e+42
0.000000 2.297985e+21 5.280737e+42
0.000000 2.318447e+21 5.375197e+42
0.000000 2.334336e+21 5.449126e+42
0.000000 2.345637e+21 5.502013e+42
0.000000 2.352342e+21 5.533513e+42
0.000000 2.354453e+21 5.543451e+42
0.000000 2.351982e+21 5.531817e+42
0.000000 2.344946e+21 5.498773e+42
0.000000 2.333376e+21 5.444643e+42
0.000000 2.317307e+21 5.369912e+42
0.000000 2.296785e+21 5.275223e+42
0.000000 2.271865e+21 5.161370e+42
0.000000 2.242608e+21 5.029291e+42
0.000000 2.209085e+21 4.880056e+42
0.000000 2.171374e+21 4.714867e+42
0.000000 2.129563e+21 4.535037e+42
0.000000 2.083744e+21 4.341987e+42
0.000000 2.034019e+21 4.137233e+42
0.000000 1.980497e+21 3.922369e+42
0.000000 1.923294e+21 3.699059e+42
0.000000 1.862532e+21 3.469025e+42
0.000000 1.798340e+21 3.234026e+42
0.000000 1.730853e+21 2.995852e+42
0.000000 1.660213e+21 2.756307e+42
0.000000 1.586566e+21 2.517191e+42
0.000000 1.510064e+21 2.280294e+42
0.000000 1.430865e+21 2.047376e+42
0.000000 1.349131e+21 1.820155e+42
0.000000 1.265028e+21 1.600297e+42
0.000000 1.178727e+21 1.389398e+42
0.000000 1.090402e+21 1.188977e+42
0.000000 1.000230e+21 1.000461e+42
0.000000 9.083929e+20 8.251777e+41
0.000000 8.150732e+20 6.643444e+41
0.000000 7.204569e+20 5.190581e+41
0.000000 6.247316e+20 3.902896e+41
0.000000 5.280866e+20 2.788755e+41
0.000000 4.307124e+20 1.855132e+41
0.000000 3.328003e+20 1.107561e+41
0.000000 2.345422e+20 5.501003e+40
0.000000 1.361299e+20 1.853134e+40
0.000000 3.775504e+19 1.425443e+39
0.000000 -6.039125e+19 3.647104e+39
0.000000 -1.581190e+20 2.500162e+40
0.000000 -2.552396e+20 6.514724e+40
0.000000 -3.515660e+20 1.235987e+41
0.000000 -4.469135e+20 1.997316e+41
0.000000 -5.410996e+20 2.927887e+41
0.000000 -6.339446e+20 4.018858e+41
0.000000 -7.252722e+20 5.260198e+41
0.000000 -8.149092e+20 6.640770e+41
0.000000 -9.026863e+20 8.148426e+41
0.000000 -9.884385e+20 9.770106e+41
0.000000 -1.072005e+21 1.149194e+42
0.000000 -1.153229e+21 1.329938e+42
0.000000 -1.231961e+21 1.517727e+42
0.000000 -1.308053e+21 1.711004e+42
0.000000 -1.381367e+21 1.908175e+42
0.000000 -1.451767e+21 2.107628e+42
0.000000 -1.519125e+21 2.307742e+42
0.000000 -1.583319e+21 2.506900e+42
0.000000 -1.644234e+21 2.703505e+42
0.000000 -1.701759e+21 2.895985e+42
0.000000 -1.755794e+21 3.082813e+42
0.000000 -1.806243e+21 3.262514e+42
0.000000 -1.853018e+21 3.433677e+42
0.000000 -1.896040e+21 3.594967e+42
0.000000 -1.935234e+21 3.745132e+42
0.000000 -1.970537e+21 3.883016e+42
0.000000 -2.001890e+21 4.007564e+42
0.000000 -2.029244e+21 4.117831e+42
0.000000 -2.052557e+21 4.212990e+42
0.000000 -2.071795e+21 4.292336e+42
0.000000 -2.086934e+21 4.355292e+42
0.000000 -2.097954e+21 4.401410e+42
0.000000 -2.104846e+21 4.430378e+42
0.000000 -2.107610e+21 4.442018e+42
0.000000 -2.106250e+21 4.436290e+42
0.000000 -2.100783e+21 4.413288e+42
0.000000 -2.091229e+21 4.373241e+42
0.000000 -2.077621e+21 4.316508e+42
0.000000 -2.059995e+21 4.243577e+42
0.000000 -2.038397e+21 4.155062e+42
0.000000 -2.012881e+21 4.051690e+42
0.000000 -1.983508e+21 3.934304e+42
0.000000 -1.950346e+21 3.803850e+42
0.000000 -1.913471e+21 3.661370e+42
0.000000 -1.872964e+21 3.507995e+42
0.000000 -1.828916e+21 3.344934e+42
0.000000 -1.781422e+21 3.173464e+42
0.000000 -1.730584e+21 2.994923e+42
0.000000 -1.676512e+21 2.810693e+42
0.000000 -1.619319e+21 2.622195e+42
0.000000 -1.559127e+21 2.430877e+42
0.000000 -1.496060e+21 2.238196e+42
0.000000 -1.430251e+21 2.045618e+42
0.000000 -1.361835e+21 1.854593e+42
0.000000 -1.290952e+21 1.666558e+42
0.000000 -1.217749e+21 1.482913e+42
0.000000 -1.142375e+21 1.305020e+42
0.000000 -1.064982e+21 1.134186e+42
0.000000 -9.857272e+20 9.716581e+41
0.000000 -9.047708e+20 8.186102e+41
0.000000 -8.222753e+20 6.761367e+41
0.000000 -7.384060e+20 5.452434e+41
0.000000 -6.533304e+20 4.268405e+41
0.000000 -5.672178e+20 3.217360e+41
0.000000 -4.802391e+20 2.306296e+41
0.000000 -3.925667e+20 1.541086e+41
0.000000 -3.043733e+20 9.264313e+40
0.000000 -2.158328e+20 4.658378e+40
0.000000 -1.271187e+20 1.615916e+40
0.000000 -3.840475e+19 1.474925e+39
0.000000 5.013590e+19 2.513609e+39
0.000000 1.383309e+20 1.913545e+40
0.000000 2.260092e+20 5.108014e+40
0.000000 3.130009e+20 9.796954e+40
0.000000 3.991381e+20 1.593112e+41
0.000000 4.842552e+20 2.345031e+41
0.000000 5.681887e+20 3.228384e+41
0.000000 6.507780e+20 4.235120e+41
0.000000 7.318657e+20 5.356274e+41
0.000000 8.112975e+20 6.582037e+41
0.000000 8.889230e+20 7.901841e+41
0.000000 9.645955e+20 9.304445e+41
0.000000 1.038173e+21 1.077803e+42
0.000000 1.109517e+21 1.231027e+42
0.000000 1.178494e+21 1.388849e+42
0.000000 1.244977e+21 1.549968e+42
0.000000 1.308843e+21 1.713069e+42
0.000000 1.369973e+21 1.876825e+42
0.000000 1.428256e+21 2.039915e+42
0.000000 1.483586e+21 2.201027e+42
0.000000 1.535863e+21 2.358875e+42
0.000000 1.584993e+21 2.512203e+42
0.000000 1.630889e+21 2.659798e+42
0.000000 1.673469e+21 2.800500e+42
0.000000 1.712661e+21 2.933207e+42
0.000000 1.748396e+21 3.056887e+42
0.000000 1.780613e+21 3.170584e+42
0.000000 1.809260e+21 3.273423e+42
0.000000 1.834291e+21 3.364623e+42
0.000000 1.855665e+21 3.443493e+42
0.000000 1.873352e+21 3.509447e+42
0.000000 1.887326e+21 3.561999e+42
0.000000 1.897570e+21 3.600772e+42
0.000000 1.904074e+21 3.625499e+42
0.000000 1.906836e+21 3.636024e+42
0.000000 1.905860e+21 3.632303e+42
0.000000 1.901158e+21 3.614402e+42
0.000000 1.892749e+21 3.582499e+42
0.000000 1.880659e+21 3.536879e+42
0.000000 1.864922e+21 3.477936e+42
0.000000 1.845579e+21 3.406161e+42
0.000000 1.822675e+21 3.322146e+42
0.000000 1.796267e+21 3.226575e+42
0.000000 1.766414e+21 3.120218e+42
0.000000 1.733184e+21 3.003926e+42
0.000000 1.696650e+21 2.878622e+42
0.000000 1.656894e+21 2.745296e+42
0.000000 1.614000e+21 2.604995e+42
0.000000 1.568061e+21 2.458815e+42
0.000000 1.519174e+21 2.307891e+42
0.000000 1.467444e+21 2.153392e+42
0.000000 1.412978e+21 1.996505e+42
0.000000 1.355889e+21 1.838435e+42
0.000000 1.296296e+21 1.680384e+42
0.000000 1.234323e+21 1.523553e+42
0.000000 1.170096e+21 1.369124e+42
0.000000 1.103746e+21 1.218255e+42
0.000000 1.035409e+21 1.072071e+42
0.000000 9.652226e+20 9.316547e+41
0.000000 8.933297e+20 7.980380e+41
0.000000 8.198747e+20 6.721945e+41
0.000000 7.450051e+20 5.550325e+41
0.000000 6.688707e+20 4.473880e+41
0.000000 5.916236e+20 3.500185e+41
0.000000 5.134174e+20 2.635974e+41
0.000000 4.344074e+20 1.887098e+41
0.000000 3.547500e+20 1.258476e+41
0.000000 2.746024e+20 7.540649e+40
0.000000 1.941225e+20 3.768353e+40
0.000000 1.134682e+20 1.287504e+40
0.000000 3.279766e+19 1.075687e+39
0.000000 -4.773155e+19 2.278301e+39
0.000000 -1.279625e+20 1.637439e+40
0.000000 -2.077391e+20 4.315554e+40
0.000000 -2.869067e+20 8.231547e+40
0.000000 -3.653122e+20 1.334530e+41
0.000000 -4.428043e+20 1.960756e+41
0.000000 -5.192339e+20 2.696038e+41
0.000000 -5.944542e+20 3.533758e+41
0.000000 -6.683214e+20 4.466535e+41
0.000000 -7.406945e+20 5.486283e+41
0.000000 -8.114357e+20 6.584280e+41
0.000000 -8.804110e+20 7.751236e+41
0.000000 -9.474899e+20 8.977372e+41
0.000000 -1.012546e+21 1.025250e+42
0.000000 -1.075457e+21 1.156608e+42
0.000000 -1.136106e+21 1.290737e+42
0.000000 -1.194379e+21 1.426541e+42
0.000000 -1.250169e+21 1.562922e+42
0.000000 -1.303372e+21 1.698778e+42
0.000000 -1.353891e+21 1.833020e+42
0.000000 -1.401633e+21 1.964576e+42
0.000000 -1.446513e+21 2.092400e+42
0.000000 -1.488449e+21 2.215481e+42
0.000000 -1.527367e+21 2.332850e+42
0.000000 -1.563197e+21 2.443586e+42
0.000000 -1.595878e+21 2.546828e+42
0.000000 -1.625353e+21 2.641773e+42
0.000000 -1.651572e+21 2.727691e+42
0.000000 -1.674492e+21 2.803924e+42
0.000000 -1.694076e+21 2.869893e+42
0.000000 -1.710293e+21 2.925102e+42
0.000000 -1.723120e+21 2.969144e+42
0.000000 -1.732541e+21 3.001698e+42
0.000000 -1.738544e+21 3.022535e+42
0.000000 -1.741126e+21 3.031521e+42
0.000000 -1.740291e+21 3.028613e+42
0.000000 -1.736048e+21 3.013862e+42
0.000000 -1.728413e+21 2.987412e+42
0.000000 -1.717410e+21 2.949497e+42
0.000000 -1.703068e+21 2.900440e+42
0.000000 -1.685423e+21 2.840650e+42
0.000000 -1.664517e+21 2.770617e+42
0.000000 -1.640399e+21 2.690909e+42
0.000000 -1.613124e+21 2.602168e+42
0.000000 -1.582752e+21 2.505104e+42
0.000000 -1.549350e+21 2.400487e+42
0.000000 -1.512991e+21 2.289143e+42
0.000000 -1.473753e+21 2.171948e+42
0.000000 -1.431719e+21 2.049820e+42
0.000000 -1.386978e+21 1.923709e+42
0.000000 -1.339624e+21 1.794593e+42
0.000000 -1.289756e+21 1.663470e+42
0.000000 -1.237477e+21 1.531349e+42
0.000000 -1.182895e+21 1.399240e+42
0.000000 -1.126122e+21 1.268150e+42
0.000000 -1.067274e+21 1.139075e+42
0.000000 -1.006473e+21 1.012987e+42
0.000000 -9.438399e+20 8.908338e+41
0.000000 -8.795031e+20 7.735258e+41
0.000000 -8.135921e+20 6.619322e+41
0.000000 -7.462397e+20 5.568736e+41
0.000000 -6.775809e+20 4.591159e+41
0.000000 -6.077533e+20 3.693641e+41
0.000000 -5.368964e+20 2.882577e+41
0.000000 -4.651511e+20 2.163656e+41
0.000000 -3.926602e+20 1.541820e+41
0.000000 -3.195673e+20 1.021232e+41
0.000000 -2.460169e+20 6.052432e+40
0.000000 -1.721542e+20 2.963706e+40
0.000000 -9.812456e+19 9.628429e+39
0.000000 -2.407342e+19 5.795298e+38
0.000000 4.985408e+19 2.485430e+39
0.000000 1.235134e+20 1.525556e+40
0.000000 1.967608e+20 3.871481e+40
0.000000 2.694537e+20 7.260529e+40
0.000000 3.414509e+20 1.165887e+41
0.000000 4.126128e+20 1.702494e+41
0.000000 4.828020e+20 2.330978e+41
0.000000 5.518830e+20 3.045749e+41
0.000000 6.197230e+20 3.840566e+41
0.000000 6.861917e+20 4.708590e+41
0.000000 7.511620e+20 5.642443e+41
0.000000 8.145098e+20 6.634263e+41
0.000000 8.761147e+20 7.675770e+41
0.000000 9.358598e+20 8.758336e+41
0.000000 9.936322e+20 9.873049e+41
0.000000 1.049323e+21 1.101078e+42
0.000000 1.102827e+21 1.216228e+42
0.000000 1.154046e+21 1.331822e+42
0.000000 1.202883e+21 1.446927e+42
0.000000 1.249248e+21 1.560620e+42
0.000000 1.293056e+21 1.671993e+42
0.000000 1.334226e+21 1.780159e+42
0.000000 1.372684e+21 1.884260e+42
0.000000 1.408360e+21 1.983477e+42
0.000000 1.441190e+21 2.077030e+42
0.000000 1.471117e+21 2.164186e+42
0.000000 1.498089e+21 2.244269e+42
0.000000 1.522058e+21 2.316659e+42
0.000000 1.542984e+21 2.380800e+42
0.000000 1.560834e+21 2.436202e+42
0.000000 1.575579e+21 2.482448e+42
0.000000 1.587196e+21 2.519192e+42
0.000000 1.595671e+21 2.546166e+42
0.000000 1.600993e+21 2.563180e+42
0.000000 1.603160e+21 2.570121e+42
0.000000 1.602173e+21 2.566957e+42
0.000000 1.598041e+21 2.553736e+42
0.000000 1.590781e+21 2.530583e+42
0.000000 1.580412e+21 2.497701e+42
0.000000 1.566962e+21 2.455369e+42
0.000000 1.550464e+21 2.403939e+42
0.000000 1.530958e+21 2.343832e+42
0.000000 1.508488e+21 2.275535e+42
0.000000 1.483104e+21 2.199599e+42
0.000000 1.454864e+21 2.116630e+42
0.000000 1.423829e+21 2.027288e+42
0.000000 1.390065e+21 1.932281e+42
0.000000 1.353646e+21 1.832356e+42
0.000000 1.314647e+21 1.728298e+42
0.000000 1.273153e+21 1.620918e+42
0.000000 1.229249e+21 1.511052e+42
0.000000 1.183026e+21 1.399552e+42
0.000000 1.134582e+21 1.287276e+42
0.000000 1.084015e+21 1.175089e+42
0.000000 1.031430e+21 1.063848e+42
0.000000 9.769340e+20 9.544000e+41
0.000000 9.206383e+20 8.475748e+41
0.000000 8.626573e+20 7.441777e+41
0.000000 8.031086e+20 6.449835e+41
0.000000 7.421125e+20 5.507310e+41
0.000000 6.797918e+20 4.621169e+41
0.000000 6.162717e+20 3.797908e+41
0.000000 5.516795e+20 3.043503e+41
0.000000 4.861444e+20 2.363364e+41
0.000000 4.197970e+20 1.762296e+41
0.000000 3.527694e+20 1.244462e+41
0.000000 2.851945e+20 8.133591e+40
0.000000 2.172062e+20 4.717855e+40
0.000000 1.489389e+20 2.218280e+40
0.000000 8.052717e+19 6.484626e+39
0.000000 1.210557e+19 1.465449e+38
0.000000 -5.619154e+19 3.157489e+39
0.000000 -1.242304e+20 1.543319e+40
0.000000 -1.918780e+20 3.681715e+40
0.000000 -2.590023e+20 6.708221e+40
0.000000 -3.254729e+20 1.059326e+41
0.000000 -3.911605e+20 1.530065e+41
0.000000 -4.559380e+20 2.078795e+41
0.000000 -5.196802e+20 2.700675e+41
0.000000 -5.822641e+20 3.390315e+41
0.000000 -6.435695e+20 4.141816e+41
0.000000 -7.034786e+20 4.948822e+41
0.000000 -7.618771e+20 5.804567e+41
0.000000 -8.186534e+20 6.701934e+41
0.000000 -8.736996e+20 7.633509e+41
0.000000 -9.269113e+20 8.591646e+41
0.000000 -9.781881e+20 9.568519e+41
0.000000 -1.027433e+21 1.055619e+42
0.000000 -1.074555e+21 1.154668e+42
0.000000 -1.119465e+21 1.253201e+42
0.000000 -1.162079e+21 1.350428e+42
0.000000 -1.202320e+21 1.445573e+42
0.000000 -1.240112e+21 1.537879e+42
0.000000 -1.275388e+21 1.626615e+42
0.000000 -1.308083e+21 1.711082e+42
0.000000 -1.338139e+21 1.790616e+42
0.000000 -1.365502e+21 1.864595e+42
0.000000 -1.390124e+21 1.932444e+42
0.000000 -1.411962e+21 1.993637e+42
0.000000 -1.430980e+21 2.047705e+42
0.000000 -1.447147e+21 2.094234e+42
0.000000 -1.460436e+21 2.132872e+42
0.000000 -1.470827e+21 2.163332e+42
0.000000 -1.478307e+21 2.185390e+42
0.000000 -1.482866e+21 2.198891e+42
0.000000 -1.484502e+21 2.203745e+42
0.000000 -1.483217e+21 2.199934e+42
0.000000 -1.479021e+21 2.187504e+42
0.000000 -1.471928e+21 2.166572e+42
0.000000 -1.461957e+21 2.137319e+42
0.000000 -1.449135e+21 2.099991e+42
0.000000 -1.433491e+21 2.054897e+42
0.000000 -1.415063e+21 2.002405e+42
0.000000 -1.393894e+21 1.942939e+42
0.000000 -1.370029e+21 1.876979e+42
0.000000 -1.343521e+21 1.805049e+42
0.000000 -1.314428e+21 1.727722e+42
0.000000 -1.282813e+21 1.645609e+42
0.000000 -1.248742e+21 1.559357e+42
0.000000 -1.212288e+21 1.469641e+42
0.000000 -1.173526e+21 1.377163e+42
0.000000 -1.132538e+21 1.282642e+42
0.000000 -1.089408e+21 1.186811e+42
0.000000 -1.044227e+21 1.090410e+42
0.000000 -9.970856e+20 9.941798e+41
0.000000 -9.480815e+20 8.988585e+41
0.000000 -8.973143e+20 8.051730e+41
0.000000 -8.448874e+20 7.138347e+41
0.000000 -7.909069e+20 6.255337e+41
0.000000 -7.354819e+20 5.409336e+41
0.000000 -6.787241e+20 4.606665e+41
0.000000 -6.207477e+20 3.853277e+41
0.000000 -5.616688e+20 3.154718e+41
0.000000 -5.016056e+20 2.516082e+41
0.000000 -4.406779e+20 1.941970e+41
0.000000 -3.790071e+20 1.436464e+41
0.000000 -3.167157e+20 1.003089e+41
0.000000 -2.539272e+20 6.447903e+40
0.000000 -1.907658e+20 3.639158e+40
0.000000 -1.273562e+20 1.621959e+40
0.000000 -6.382327e+19 4.073410e+39
0.000000 -2.920732e+17 8.530674e+34
