0.000000e+00 nan nan
1.000000e-17 -2.545932e+17 6.481771e+34
2.000000e-17 -2.035263e+18 4.142296e+36
3.000000e-17 -6.860679e+18 4.706892e+37
4.000000e-17 -1.623473e+19 2.635664e+38
5.000000e-17 -3.163920e+19 1.001039e+39
6.000000e-17 -5.452657e+19 2.973147e+39
7.000000e-17 -8.631289e+19 7.449916e+39
8.000000e-17 -1.283709e+20 1.647908e+40
9.000000e-17 -1.820230e+20 3.313238e+40
1.000000e-16 -2.485353e+20 6.176978e+40
1.100000e-16 -3.291105e+20 1.083137e+41
1.200000e-16 -4.248824e+20 1.805251e+41
1.300000e-16 -5.369101e+20 2.882725e+41
1.400000e-16 -6.661723e+20 4.437855e+41
1.500000e-16 -8.135623e+20 6.618836e+41
1.600000e-16 -9.798833e+20 9.601712e+41
1.700000e-16 -1.165844e+21 1.359192e+42
1.800000e-16 -1.372054e+21 1.882533e+42
1.900000e-16 -1.599023e+21 2.556873e+42
2.000000e-16 -1.847151e+21 3.411969e+42
2.100000e-16 -2.116736e+21 4.480572e+42
2.200000e-16 -2.407961e+21 5.798278e+42
2.300000e-16 -2.720900e+21 7.403297e+42
2.400000e-16 -3.055512e+21 9.336153e+42
2.500000e-16 -3.411642e+21 1.163930e+43
2.600000e-16 -3.789023e+21 1.435670e+43
2.700000e-16 -4.187271e+21 1.753324e+43
2.800000e-16 -4.605889e+21 2.121422e+43
2.900000e-16 -5.044269e+21 2.544465e+43
3.000000e-16 -5.501691e+21 3.026860e+43
3.100000e-16 -5.977326e+21 3.572842e+43
3.200000e-16 -6.470239e+21 4.186399e+43
3.300000e-16 -6.979392e+21 4.871191e+43
3.400000e-16 -7.503646e+21 5.630471e+43
3.500000e-16 -8.041769e+21 6.467005e+43
3.600000e-16 -8.592434e+21 7.382993e+43
3.700000e-16 -9.154230e+21 8.379992e+43
3.800000e-16 -9.725661e+21 9.458848e+43
3.900000e-16 -1.030516e+22 1.061963e+44
4.000000e-16 -1.089108e+22 1.186156e+44
4.100000e-16 -1.148172e+22 1.318298e+44
4.200000e-16 -1.207531e+22 1.458131e+44
4.300000e-16 -1.267004e+22 1.605299e+44
4.400000e-16 -1.326405e+22 1.759350e+44
4.500000e-16 -1.385544e+22 1.919733e+44
4.600000e-16 -1.444229e+22 2.085798e+44
4.700000e-16 -1.502265e+22 2.256801e+44
4.800000e-16 -1.559455e+22 2.431900e+44
4.900000e-16 -1.615602e+22 2.610170e+44
5.000000e-16 -1.670509e+22 2.790600e+44
5.100000e-16 -1.723980e+22 2.972105e+44
5.200000e-16 -1.775819e+22 3.153534e+44
5.300000e-16 -1.825836e+22 3.333678e+44
5.400000e-16 -1.873841e+22 3.511280e+44
5.500000e-16 -1.919649e+22 3.685051e+44
5.600000e-16 -1.963079e+22 3.853679e+44
5.700000e-16 -2.003957e+22 4.015844e+44
5.800000e-16 -2.042114e+22 4.170230e+44
5.900000e-16 -2.077388e+22 4.315543e+44
6.000000e-16 -2.109626e+22 4.450520e+44
6.100000e-16 -2.138680e+22 4.573951e+44
6.200000e-16 -2.164413e+22 4.684685e+44
6.300000e-16 -2.186699e+22 4.781651e+44
6.400000e-16 -2.205418e+22 4.863868e+44
6.500000e-16 -2.220464e+22 4.930460e+44
6.600000e-16 -2.231740e+22 4.980663e+44
6.700000e-16 -2.239161e+22 5.013844e+44
6.800000e-16 -2.242655e+22 5.029502e+44
6.900000e-16 -2.242160e+22 5.027282e+44
7.000000e-16 -2.237628e+22 5.006979e+44
7.100000e-16 -2.229023e+22 4.968544e+44
7.200000e-16 -2.216323e+22 4.912088e+44
7.300000e-16 -2.199518e+22 4.837880e+44
7.400000e-16 -2.178612e+22 4.746351e+44
7.500000e-16 -2.153623e+22 4.638090e+44
7.600000e-16 -2.124580e+22 4.513839e+44
7.700000e-16 -2.091527e+22 4.374487e+44
7.800000e-16 -2.054523e+22 4.221065e+44
7.900000e-16 -2.013637e+22 4.054733e+44
8.000000e-16 -1.968952e+22 3.876772e+44
8.100000e-16 -1.920565e+22 3.688568e+44
8.200000e-16 -1.868583e+22 3.491603e+44
8.300000e-16 -1.813128e+22 3.287434e+44
8.400000e-16 -1.754332e+22 3.077681e+44
8.500000e-16 -1.692339e+22 2.864010e+44
8.600000e-16 -1.627303e+22 2.648114e+44
8.700000e-16 -1.559389e+22 2.431694e+44
8.800000e-16 -1.488772e+22 2.216443e+44
8.900000e-16 -1.415637e+22 2.004028e+44
9.000000e-16 -1.340176e+22 1.796071e+44
9.100000e-16 -1.262590e+22 1.594133e+44
9.200000e-16 -1.183087e+22 1.399695e+44
9.300000e-16 -1.101882e+22 1.214145e+44
9.400000e-16 -1.019197e+22 1.038762e+44
9.500000e-16 -9.352559e+21 8.747037e+43
9.600000e-16 -8.502903e+21 7.229936e+43
9.700000e-16 -7.645338e+21 5.845120e+43
9.800000e-16 -6.782232e+21 4.599868e+43
9.900000e-16 -5.915973e+21 3.499874e+43
1.000000e-15 -5.048959e+21 2.549199e+43
1.010000e-15 -4.183592e+21 1.750245e+43
1.020000e-15 -3.322271e+21 1.103749e+43
1.030000e-15 -2.467379e+21 6.087960e+42
1.040000e-15 -1.621280e+21 2.628547e+42
1.050000e-15 -7.863054e+20 6.182762e+41
1.060000e-15 3.524765e+19 1.242397e+39
1.070000e-15 8.411296e+20 7.074989e+41
1.080000e-15 1.629144e+21 2.654109e+42
1.090000e-15 2.397154e+21 5.746346e+42
1.100000e-15 3.143092e+21 9.879029e+42
1.110000e-15 3.864967e+21 1.493797e+43
1.120000e-15 4.560867e+21 2.080151e+43
1.130000e-15 5.228971e+21 2.734214e+43
1.140000e-15 5.867551e+21 3.442816e+43
1.150000e-15 6.474982e+21 4.192539e+43
1.160000e-15 7.049742e+21 4.969887e+43
1.170000e-15 7.590423e+21 5.761452e+43
1.180000e-15 8.095730e+21 6.554085e+43
1.190000e-15 8.564490e+21 7.335049e+43
1.200000e-15 8.995653e+21 8.092178e+43
1.210000e-15 9.388297e+21 8.814012e+43
1.220000e-15 9.741628e+21 9.489931e+43
1.230000e-15 1.005499e+22 1.011027e+44
1.240000e-15 1.032785e+22 1.066644e+44
1.250000e-15 1.055982e+22 1.115097e+44
1.260000e-15 1.075064e+22 1.155763e+44
1.270000e-15 1.090021e+22 1.188146e+44
1.280000e-15 1.100854e+22 1.211879e+44
1.290000e-15 1.107578e+22 1.226729e+44
1.300000e-15 1.110224e+22 1.232597e+44
1.310000e-15 1.108833e+22 1.229510e+44
1.320000e-15 1.103461e+22 1.217627e+44
1.330000e-15 1.094178e+22 1.197225e+44
1.340000e-15 1.081064e+22 1.168699e+44
1.350000e-15 1.064213e+22 1.132549e+44
1.360000e-15 1.043731e+22 1.089374e+44
1.370000e-15 1.019734e+22 1.039858e+44
1.380000e-15 9.923518e+21 9.847621e+43
1.390000e-15 9.617217e+21 9.249087e+43
1.400000e-15 9.279926e+21 8.611703e+43
1.410000e-15 8.913226e+21 7.944559e+43
1.420000e-15 8.518783e+21 7.256966e+43
1.430000e-15 8.098347e+21 6.558322e+43
1.440000e-15 7.653742e+21 5.857976e+43
1.450000e-15 7.186860e+21 5.165096e+43
1.460000e-15 6.699655e+21 4.488538e+43
1.470000e-15 6.194133e+21 3.836729e+43
1.480000e-15 5.672348e+21 3.217553e+43
1.490000e-15 5.136389e+21 2.638250e+43
1.500000e-15 4.588381e+21 2.105324e+43
1.510000e-15 4.030468e+21 1.624468e+43
1.520000e-15 3.464812e+21 1.200492e+43
1.530000e-15 2.893579e+21 8.372797e+42
1.540000e-15 2.318937e+21 5.377470e+42
1.550000e-15 1.743047e+21 3.038213e+42
1.560000e-15 1.168051e+21 1.364343e+42
1.570000e-15 5.960690e+20 3.552983e+41
1.580000e-15 2.918999e+19 8.520558e+38
1.590000e-15 -5.305360e+20 2.814684e+41
1.600000e-15 -1.081104e+21 1.168786e+42
1.610000e-15 -1.620563e+21 2.626223e+42
1.620000e-15 -2.147019e+21 4.609689e+42
1.630000e-15 -2.658645e+21 7.068393e+42
1.640000e-15 -3.153687e+21 9.945740e+42
1.650000e-15 -3.630467e+21 1.318029e+43
1.660000e-15 -4.087392e+21 1.670677e+43
1.670000e-15 -4.522956e+21 2.045713e+43
1.680000e-15 -4.935749e+21 2.436162e+43
1.690000e-15 -5.324456e+21 2.834983e+43
1.700000e-15 -5.687866e+21 3.235182e+43
1.710000e-15 -6.024874e+21 3.629911e+43
1.720000e-15 -6.334483e+21 4.012568e+43
1.730000e-15 -6.615809e+21 4.376893e+43
1.740000e-15 -6.868082e+21 4.717055e+43
1.750000e-15 -7.090647e+21 5.027728e+43
1.760000e-15 -7.282970e+21 5.304165e+43
1.770000e-15 -7.444632e+21 5.542254e+43
1.780000e-15 -7.575337e+21 5.738572e+43
1.790000e-15 -7.674906e+21 5.890419e+43
1.800000e-15 -7.743283e+21 5.995843e+43
1.810000e-15 -7.780526e+21 6.053659e+43
1.820000e-15 -7.786815e+21 6.063449e+43
1.830000e-15 -7.762444e+21 6.025554e+43
1.840000e-15 -7.707820e+21 5.941049e+43
1.850000e-15 -7.623463e+21 5.811719e+43
1.860000e-15 -7.510001e+21 5.640012e+43
1.870000e-15 -7.368168e+21 5.428990e+43
1.880000e-15 -7.198799e+21 5.182270e+43
1.890000e-15 -7.002826e+21 4.903958e+43
1.900000e-15 -6.781278e+21 4.598573e+43
1.910000e-15 -6.535269e+21 4.270974e+43
1.920000e-15 -6.265998e+21 3.926273e+43
1.930000e-15 -5.974743e+21 3.569756e+43
1.940000e-15 -5.662856e+21 3.206794e+43
1.950000e-15 -5.331755e+21 2.842761e+43
1.960000e-15 -4.982920e+21 2.482949e+43
1.970000e-15 -4.617885e+21 2.132486e+43
1.980000e-15 -4.238235e+21 1.796264e+43
1.990000e-15 -3.845597e+21 1.478862e+43
2.000000e-15 -3.441633e+21 1.184484e+43
2.010000e-15 -3.028035e+21 9.168999e+42
2.020000e-15 -2.606518e+21 6.793935e+42
2.030000e-15 -2.178810e+21 4.747214e+42
2.040000e-15 -1.746652e+21 3.050794e+42
2.050000e-15 -1.311784e+21 1.720778e+42
2.060000e-15 -8.759434e+20 7.672769e+41
2.070000e-15 -4.408550e+20 1.943531e+41
2.080000e-15 -8.226392e+18 6.767353e+37
2.090000e-15 4.202590e+20 1.766176e+41
2.100000e-15 8.429484e+20 7.105621e+41
2.110000e-15 1.258226e+21 1.583133e+42
2.120000e-15 1.664519e+21 2.770622e+42
2.130000e-15 2.060301e+21 4.244841e+42
2.140000e-15 2.444104e+21 5.973642e+42
2.150000e-15 2.814514e+21 7.921488e+42
2.160000e-15 3.170185e+21 1.005007e+43
2.170000e-15 3.509840e+21 1.231898e+43
2.180000e-15 3.832273e+21 1.468632e+43
2.190000e-15 4.136358e+21 1.710946e+43
2.200000e-15 4.421050e+21 1.954568e+43
2.210000e-15 4.685387e+21 2.195285e+43
2.220000e-15 4.928498e+21 2.429009e+43
2.230000e-15 5.149601e+21 2.651839e+43
2.240000e-15 5.348006e+21 2.860117e+43
2.250000e-15 5.523120e+21 3.050485e+43
2.260000e-15 5.674446e+21 3.219933e+43
2.270000e-15 5.801584e+21 3.365838e+43
2.280000e-15 5.904234e+21 3.485998e+43
2.290000e-15 5.982193e+21 3.578664e+43
2.300000e-15 6.035360e+21 3.642557e+43
2.310000e-15 6.063730e+21 3.676883e+43
2.320000e-15 6.067398e+21 3.681332e+43
2.330000e-15 6.046555e+21 3.656082e+43
2.340000e-15 6.001486e+21 3.601783e+43
2.350000e-15 5.932572e+21 3.519541e+43
2.360000e-15 5.840284e+21 3.410892e+43
2.370000e-15 5.725183e+21 3.277772e+43
2.380000e-15 5.587914e+21 3.122479e+43
2.390000e-15 5.429207e+21 2.947629e+43
2.400000e-15 5.249869e+21 2.756112e+43
2.410000e-15 5.050784e+21 2.551042e+43
2.420000e-15 4.832908e+21 2.335700e+43
2.430000e-15 4.597262e+21 2.113481e+43
2.440000e-15 4.344931e+21 1.887842e+43
2.450000e-15 4.077058e+21 1.662240e+43
2.460000e-15 3.794840e+21 1.440081e+43
2.470000e-15 3.499518e+21 1.224663e+43
2.480000e-15 3.192381e+21 1.019130e+43
2.490000e-15 2.874750e+21 8.264189e+42
2.500000e-15 2.547981e+21 6.492209e+42
2.510000e-15 2.213456e+21 4.899387e+42
2.520000e-15 1.872575e+21 3.506536e+42
2.530000e-15 1.526755e+21 2.330980e+42
2.540000e-15 1.177421e+21 1.386320e+42
2.550000e-15 8.260025e+20 6.822802e+41
2.560000e-15 4.739254e+20 2.246052e+41
2.570000e-15 1.226081e+20 1.503274e+40
2.580000e-15 -2.265445e+20 5.132241e+40
2.590000e-15 -5.721464e+20 3.273516e+41
2.600000e-15 -9.128362e+20 8.332700e+41
2.610000e-15 -1.247282e+21 1.555712e+42
2.620000e-15 -1.574186e+21 2.478062e+42
2.630000e-15 -1.892291e+21 3.580766e+42
2.640000e-15 -2.200383e+21 4.841687e+42
2.650000e-15 -2.497298e+21 6.236499e+42
2.660000e-15 -2.781924e+21 7.739100e+42
2.670000e-15 -3.053205e+21 9.322063e+42
2.680000e-15 -3.310149e+21 1.095709e+43
2.690000e-15 -3.551825e+21 1.261546e+43
2.700000e-15 -3.777373e+21 1.426855e+43
2.710000e-15 -3.986000e+21 1.588819e+43
2.720000e-15 -4.176988e+21 1.744723e+43
2.730000e-15 -4.349695e+21 1.891985e+43
2.740000e-15 -4.503556e+21 2.028202e+43
2.750000e-15 -4.638085e+21 2.151183e+43
2.760000e-15 -4.752878e+21 2.258985e+43
2.770000e-15 -4.847610e+21 2.349932e+43
2.780000e-15 -4.922041e+21 2.422649e+43
2.790000e-15 -4.976014e+21 2.476071e+43
2.800000e-15 -5.009452e+21 2.509461e+43
2.810000e-15 -5.022364e+21 2.522414e+43
2.820000e-15 -5.014839e+21 2.514861e+43
2.830000e-15 -4.987047e+21 2.487064e+43
2.840000e-15 -4.939240e+21 2.439609e+43
2.850000e-15 -4.871746e+21 2.373391e+43
2.860000e-15 -4.784971e+21 2.289595e+43
2.870000e-15 -4.679395e+21 2.189673e+43
2.880000e-15 -4.555568e+21 2.075320e+43
2.890000e-15 -4.414114e+21 1.948440e+43
2.900000e-15 -4.255718e+21 1.811114e+43
2.910000e-15 -4.081132e+21 1.665564e+43
2.920000e-15 -3.891166e+21 1.514117e+43
2.930000e-15 -3.686686e+21 1.359166e+43
2.940000e-15 -3.468612e+21 1.203127e+43
2.950000e-15 -3.237911e+21 1.048407e+43
2.960000e-15 -2.995594e+21 8.973581e+42
2.970000e-15 -2.742711e+21 7.522466e+42
2.980000e-15 -2.480351e+21 6.152141e+42
2.990000e-15 -2.209630e+21 4.882463e+42
3.000000e-15 -1.931690e+21 3.731428e+42
3.010000e-15 -1.647699e+21 2.714911e+42
3.020000e-15 -1.358836e+21 1.846436e+42
3.030000e-15 -1.066296e+21 1.136987e+42
3.040000e-15 -7.712780e+20 5.948698e+41
3.050000e-15 -4.749855e+20 2.256112e+41
3.060000e-15 -1.786181e+20 3.190441e+40
3.070000e-15 1.166318e+20 1.360297e+40
3.080000e-15 4.095836e+20 1.677588e+41
3.090000e-15 6.990739e+20 4.887044e+41
3.100000e-15 9.839603e+20 9.681778e+41
3.110000e-15 1.263126e+21 1.595487e+42
3.120000e-15 1.535484e+21 2.357712e+42
3.130000e-15 1.799983e+21 3.239939e+42
3.140000e-15 2.055607e+21 4.225521e+42
3.150000e-15 2.301384e+21 5.296370e+42
3.160000e-15 2.536388e+21 6.433263e+42
3.170000e-15 2.759739e+21 7.616159e+42
3.180000e-15 2.970612e+21 8.824536e+42
3.190000e-15 3.168236e+21 1.003772e+43
3.200000e-15 3.351898e+21 1.123522e+43
3.210000e-15 3.520945e+21 1.239705e+43
3.220000e-15 3.674786e+21 1.350406e+43
3.230000e-15 3.812897e+21 1.453818e+43
3.240000e-15 3.934816e+21 1.548278e+43
3.250000e-15 4.040153e+21 1.632284e+43
3.260000e-15 4.128584e+21 1.704521e+43
3.270000e-15 4.199855e+21 1.763878e+43
3.280000e-15 4.253783e+21 1.809467e+43
3.290000e-15 4.290254e+21 1.840628e+43
3.300000e-15 4.309227e+21 1.856944e+43
3.310000e-15 4.310729e+21 1.858238e+43
3.320000e-15 4.294857e+21 1.844580e+43
3.330000e-15 4.261779e+21 1.816276e+43
3.340000e-15 4.211727e+21 1.773865e+43
3.350000e-15 4.145004e+21 1.718105e+43
3.360000e-15 4.061974e+21 1.649963e+43
3.370000e-15 3.963066e+21 1.570589e+43
3.380000e-15 3.848769e+21 1.481303e+43
3.390000e-15 3.719633e+21 1.383567e+43
3.400000e-15 3.576260e+21 1.278964e+43
3.410000e-15 3.419310e+21 1.169168e+43
3.420000e-15 3.249489e+21 1.055918e+43
3.430000e-15 3.067553e+21 9.409878e+42
3.440000e-15 2.874301e+21 8.261605e+42
3.450000e-15 2.670573e+21 7.131961e+42
3.460000e-15 2.457247e+21 6.038061e+42
3.470000e-15 2.235231e+21 4.996258e+42
3.480000e-15 2.005466e+21 4.021894e+42
3.490000e-15 1.768916e+21 3.129066e+42
3.500000e-15 1.526569e+21 2.330413e+42
3.510000e-15 1.279428e+21 1.636936e+42
3.520000e-15 1.028510e+21 1.057834e+42
3.530000e-15 7.748429e+20 6.003816e+41
3.540000e-15 5.194574e+20 2.698360e+41
3.550000e-15 2.633864e+20 6.937242e+40
3.560000e-15 7.659648e+18 5.867020e+37
3.570000e-15 -2.467007e+20 6.086124e+40
3.580000e-15 -4.986836e+20 2.486853e+41
3.590000e-15 -7.472932e+20 5.584471e+41
3.600000e-15 -9.915528e+20 9.831770e+41
3.610000e-15 -1.230509e+21 1.514151e+42
3.620000e-15 -1.463233e+21 2.141052e+42
3.630000e-15 -1.688830e+21 2.852146e+42
3.640000e-15 -1.906434e+21 3.634491e+42
3.650000e-15 -2.115220e+21 4.474154e+42
3.660000e-15 -2.314399e+21 5.356442e+42
3.670000e-15 -2.503228e+21 6.266148e+42
3.680000e-15 -2.681007e+21 7.187797e+42
3.690000e-15 -2.847085e+21 8.105894e+42
3.700000e-15 -3.000862e+21 9.005174e+42
3.710000e-15 -3.141790e+21 9.870843e+42
3.720000e-15 -3.269373e+21 1.068880e+43
3.730000e-15 -3.383175e+21 1.144587e+43
3.740000e-15 -3.482814e+21 1.213000e+43
3.750000e-15 -3.567969e+21 1.273040e+43
3.760000e-15 -3.638376e+21 1.323778e+43
3.770000e-15 -3.693833e+21 1.364440e+43
3.780000e-15 -3.734198e+21 1.394424e+43
3.790000e-15 -3.759392e+21 1.413303e+43
3.800000e-15 -3.769393e+21 1.420832e+43
3.810000e-15 -3.764243e+21 1.416952e+43
3.820000e-15 -3.744043e+21 1.401786e+43
3.830000e-15 -3.708953e+21 1.375633e+43
3.840000e-15 -3.659193e+21 1.338969e+43
3.850000e-15 -3.595038e+21 1.292430e+43
3.860000e-15 -3.516821e+21 1.236803e+43
3.870000e-15 -3.424928e+21 1.173013e+43
3.880000e-15 -3.319798e+21 1.102106e+43
3.890000e-15 -3.201920e+21 1.025229e+43
3.900000e-15 -3.071833e+21 9.436156e+42
3.910000e-15 -2.930118e+21 8.585592e+42
3.920000e-15 -2.777403e+21 7.713967e+42
3.930000e-15 -2.614354e+21 6.834849e+42
3.940000e-15 -2.441677e+21 5.961787e+42
3.950000e-15 -2.260110e+21 5.108098e+42
3.960000e-15 -2.070425e+21 4.286659e+42
3.970000e-15 -1.873420e+21 3.509703e+42
3.980000e-15 -1.669920e+21 2.788633e+42
3.990000e-15 -1.460770e+21 2.133849e+42
4.000000e-15 -1.246835e+21 1.554596e+42
4.010000e-15 -1.028991e+21 1.058823e+42
4.020000e-15 -8.081302e+20 6.530744e+41
4.030000e-15 -5.851477e+20 3.423978e+41
4.040000e-15 -3.609445e+20 1.302810e+41
4.050000e-15 -1.364215e+20 1.861084e+40
4.060000e-15 8.752377e+19 7.660411e+39
4.070000e-15 3.100008e+20 9.610051e+40
4.080000e-15 5.301294e+20 2.810372e+41
4.090000e-15 7.470431e+20 5.580734e+41
4.100000e-15 9.598928e+20 9.213942e+41
4.110000e-15 1.167850e+21 1.363873e+42
4.120000e-15 1.370109e+21 1.877199e+42
4.130000e-15 1.565892e+21 2.452019e+42
4.140000e-15 1.754451e+21 3.078098e+42
4.150000e-15 1.935069e+21 3.744493e+42
4.160000e-15 2.107066e+21 4.439726e+42
4.170000e-15 2.269798e+21 5.151981e+42
4.180000e-15 2.422662e+21 5.869290e+42
4.190000e-15 2.565097e+21 6.579723e+42
4.200000e-15 2.696587e+21 7.271584e+42
4.210000e-15 2.816662e+21 7.933586e+42
4.220000e-15 2.924898e+21 8.555031e+42
4.230000e-15 3.020923e+21 9.125975e+42
4.240000e-15 3.104412e+21 9.637376e+42
4.250000e-15 3.175095e+21 1.008123e+43
4.260000e-15 3.232751e+21 1.045068e+43
4.270000e-15 3.277215e+21 1.074014e+43
4.280000e-15 3.308373e+21 1.094533e+43
4.290000e-15 3.326165e+21 1.106337e+43
4.300000e-15 3.330584e+21 1.109279e+43
4.310000e-15 3.321679e+21 1.103355e+43
4.320000e-15 3.299547e+21 1.088701e+43
4.330000e-15 3.264341e+21 1.065592e+43
4.340000e-15 3.216264e+21 1.034435e+43
4.350000e-15 3.155568e+21 9.957609e+42
4.360000e-15 3.082556e+21 9.502151e+42
4.370000e-15 2.997577e+21 8.985470e+42
4.380000e-15 2.901027e+21 8.415959e+42
4.390000e-15 2.793345e+21 7.802779e+42
4.400000e-15 2.675013e+21 7.155697e+42
4.410000e-15 2.546553e+21 6.484932e+42
4.420000e-15 2.408524e+21 5.800986e+42
4.430000e-15 2.261520e+21 5.114474e+42
4.440000e-15 2.106170e+21 4.435954e+42
4.450000e-15 1.943132e+21 3.775763e+42
4.460000e-15 1.773091e+21 3.143852e+42
4.470000e-15 1.596757e+21 2.549632e+42
4.480000e-15 1.414861e+21 2.001832e+42
4.490000e-15 1.228155e+21 1.508364e+42
4.500000e-15 1.037403e+21 1.076205e+42
4.510000e-15 8.433850e+20 7.112983e+41
4.520000e-15 6.468885e+20 4.184647e+41
4.530000e-15 4.487075e+20 2.013384e+41
4.540000e-15 2.496391e+20 6.231966e+40
4.550000e-15 5.048026e+19 2.548257e+39
4.560000e-15 -1.479753e+20 2.189668e+40
4.570000e-15 -3.449403e+20 1.189838e+41
4.580000e-15 -5.396371e+20 2.912082e+41
4.590000e-15 -7.313006e+20 5.348005e+41
4.600000e-15 -9.191810e+20 8.448938e+41
4.610000e-15 -1.102547e+21 1.215610e+42
4.620000e-15 -1.280689e+21 1.640165e+42
4.630000e-15 -1.452921e+21 2.110980e+42
4.640000e-15 -1.618584e+21 2.619813e+42
4.650000e-15 -1.777046e+21 3.157893e+42
4.660000e-15 -1.927710e+21 3.716065e+42
4.670000e-15 -2.070009e+21 4.284938e+42
4.680000e-15 -2.203415e+21 4.855038e+42
4.690000e-15 -2.327435e+21 5.416956e+42
4.700000e-15 -2.441618e+21 5.961498e+42
4.710000e-15 -2.545551e+21 6.479831e+42
4.720000e-15 -2.638867e+21 6.963618e+42
4.730000e-15 -2.721239e+21 7.405144e+42
4.740000e-15 -2.792389e+21 7.797437e+42
4.750000e-15 -2.852082e+21 8.134370e+42
4.760000e-15 -2.900129e+21 8.410750e+42
4.770000e-15 -2.936392e+21 8.622396e+42
4.780000e-15 -2.960775e+21 8.766190e+42
4.790000e-15 -2.973235e+21 8.840124e+42
4.800000e-15 -2.973771e+21 8.843317e+42
4.810000e-15 -2.962435e+21 8.776023e+42
4.820000e-15 -2.939322e+21 8.639617e+42
4.830000e-15 -2.904575e+21 8.436558e+42
4.840000e-15 -2.858382e+21 8.170350e+42
4.850000e-15 -2.800976e+21 7.845468e+42
4.860000e-15 -2.732634e+21 7.467286e+42
4.870000e-15 -2.653673e+21 7.041979e+42
4.880000e-15 -2.564454e+21 6.576423e+42
4.890000e-15 -2.465375e+21 6.078073e+42
4.900000e-15 -2.356873e+21 5.554849e+42
4.910000e-15 -2.239419e+21 5.014996e+42
4.920000e-15 -2.113519e+21 4.466961e+42
4.930000e-15 -1.979709e+21 3.919249e+42
4.940000e-15 -1.838556e+21 3.380289e+42
4.950000e-15 -1.690653e+21 2.858307e+42
4.960000e-15 -1.536616e+21 2.361189e+42
4.970000e-15 -1.377085e+21 1.896363e+42
4.980000e-15 -1.212717e+21 1.470683e+42
4.990000e-15 -1.044188e+21 1.090329e+42
5.000000e-15 -8.721859e+20 7.607082e+41
5.010000e-15 -6.974096e+20 4.863802e+41
5.020000e-15 -5.205671e+20 2.709901e+41
5.030000e-15 -3.423710e+20 1.172179e+41
5.040000e-15 -1.635367e+20 2.674426e+40
5.050000e-15 1.522081e+19 2.316729e+38
5.060000e-15 1.931899e+20 3.732233e+40
5.070000e-15 3.696648e+20 1.366521e+41
5.080000e-15 5.439487e+20 2.958802e+41
5.090000e-15 7.153561e+20 5.117343e+41
5.100000e-15 8.832157e+20 7.800700e+41
5.110000e-15 1.046873e+21 1.095944e+42
5.120000e-15 1.205694e+21 1.453697e+42
5.130000e-15 1.359063e+21 1.847053e+42
5.140000e-15 1.506393e+21 2.269220e+42
5.150000e-15 1.647120e+21 2.713005e+42
5.160000e-15 1.780710e+21 3.170928e+42
5.170000e-15 1.906659e+21 3.635347e+42
5.180000e-15 2.024494e+21 4.098577e+42
5.190000e-15 2.133780e+21 4.553016e+42
5.200000e-15 2.234113e+21 4.991261e+42
5.210000e-15 2.325129e+21 5.406227e+42
5.220000e-15 2.406503e+21 5.791256e+42
5.230000e-15 2.477947e+21 6.140219e+42
5.240000e-15 2.539215e+21 6.447611e+42
5.250000e-15 2.590102e+21 6.708630e+42
5.260000e-15 2.630447e+21 6.919252e+42
5.270000e-15 2.660129e+21 7.076287e+42
5.280000e-15 2.679071e+21 7.177422e+42
5.290000e-15 2.687239e+21 7.221252e+42
5.300000e-15 2.684641e+21 7.207297e+42
5.310000e-15 2.671329e+21 7.136000e+42
5.320000e-15 2.647398e+21 7.008714e+42
5.330000e-15 2.612982e+21 6.827674e+42
5.340000e-15 2.568259e+21 6.595955e+42
5.350000e-15 2.513447e+21 6.317414e+42
5.360000e-15 2.448801e+21 5.996627e+42
5.370000e-15 2.374617e+21 5.638808e+42
5.380000e-15 2.291227e+21 5.249721e+42
5.390000e-15 2.198997e+21 4.835588e+42
5.400000e-15 2.098328e+21 4.402981e+42
5.410000e-15 1.989654e+21 3.958721e+42
5.420000e-15 1.873436e+21 3.509763e+42
5.430000e-15 1.750167e+21 3.063085e+42
5.440000e-15 1.620365e+21 2.625582e+42
5.450000e-15 1.484570e+21 2.203949e+42
5.460000e-15 1.343348e+21 1.804583e+42
5.470000e-15 1.197280e+21 1.433478e+42
5.480000e-15 1.046967e+21 1.096140e+42
5.490000e-15 8.930242e+20 7.974922e+41
5.500000e-15 7.360790e+20 5.418122e+41
5.510000e-15 5.767680e+20 3.326613e+41
5.520000e-15 4.157353e+20 1.728359e+41
5.530000e-15 2.536295e+20 6.432793e+40
5.540000e-15 9.110104e+19 8.299399e+39
5.550000e-15 -7.120025e+19 5.069476e+39
5.560000e-15 -2.326277e+20 5.411567e+40
5.570000e-15 -3.925406e+20 1.540881e+41
5.580000e-15 -5.503063e+20 3.028370e+41
5.590000e-15 -7.053031e+20 4.974524e+41
5.600000e-15 -8.569225e+20 7.343161e+41
5.610000e-15 -1.004572e+21 1.009164e+42
5.620000e-15 -1.147675e+21 1.317158e+42
5.630000e-15 -1.285679e+21 1.652970e+42
5.640000e-15 -1.418049e+21 2.010864e+42
5.650000e-15 -1.544279e+21 2.384797e+42
5.660000e-15 -1.663885e+21 2.768512e+42
5.670000e-15 -1.776413e+21 3.155644e+42
5.680000e-15 -1.881440e+21 3.539816e+42
5.690000e-15 -1.978572e+21 3.914747e+42
5.700000e-15 -2.067449e+21 4.274347e+42
5.710000e-15 -2.147746e+21 4.612811e+42
5.720000e-15 -2.219170e+21 4.924717e+42
5.730000e-15 -2.281469e+21 5.205101e+42
5.740000e-15 -2.334425e+21 5.449538e+42
5.750000e-15 -2.377858e+21 5.654208e+42
5.760000e-15 -2.411628e+21 5.815950e+42
5.770000e-15 -2.435634e+21 5.932311e+42
5.780000e-15 -2.449812e+21 6.001580e+42
5.790000e-15 -2.454141e+21 6.022806e+42
5.800000e-15 -2.448635e+21 5.995815e+42
5.810000e-15 -2.433352e+21 5.921201e+42
5.820000e-15 -2.408384e+21 5.800314e+42
5.830000e-15 -2.373865e+21 5.635234e+42
5.840000e-15 -2.329964e+21 5.428733e+42
5.850000e-15 -2.276889e+21 5.184225e+42
5.860000e-15 -2.214883e+21 4.905705e+42
5.870000e-15 -2.144222e+21 4.597689e+42
5.880000e-15 -2.065219e+21 4.265131e+42
5.890000e-15 -1.978217e+21 3.913344e+42
5.900000e-15 -1.883591e+21 3.547914e+42
5.910000e-15 -1.781743e+21 3.174607e+42
5.920000e-15 -1.673104e+21 2.799278e+42
5.930000e-15 -1.558132e+21 2.427775e+42
5.940000e-15 -1.437306e+21 2.065850e+42
5.950000e-15 -1.311129e+21 1.719061e+42
5.960000e-15 -1.180123e+21 1.392691e+42
5.970000e-15 -1.044827e+21 1.091664e+42
5.980000e-15 -9.057960e+20 8.204663e+41
5.990000e-15 -7.635976e+20 5.830813e+41
6.000000e-15 -6.188109e+20 3.829269e+41
6.010000e-15 -4.720230e+20 2.228057e+41
6.020000e-15 -3.238272e+20 1.048640e+41
6.030000e-15 -1.748206e+20 3.056223e+40
6.040000e-15 -2.560149e+19 6.554364e+38
6.050000e-15 1.232327e+20 1.518631e+40
6.060000e-15 2.710882e+20 7.348883e+40
6.070000e-15 4.173769e+20 1.742035e+41
6.080000e-15 5.615189e+20 3.153034e+41
6.090000e-15 7.029445e+20 4.941309e+41
6.100000e-15 8.410968e+20 7.074438e+41
6.110000e-15 9.754338e+20 9.514710e+41
6.120000e-15 1.105430e+21 1.221976e+42
6.130000e-15 1.230580e+21 1.514327e+42
6.140000e-15 1.350398e+21 1.823574e+42
6.150000e-15 1.464421e+21 2.144529e+42
6.160000e-15 1.572212e+21 2.471851e+42
6.170000e-15 1.673359e+21 2.800131e+42
6.180000e-15 1.767479e+21 3.123981e+42
6.190000e-15 1.854216e+21 3.438118e+42
6.200000e-15 1.933247e+21 3.737445e+42
6.210000e-15 2.004280e+21 4.017140e+42
6.220000e-15 2.067056e+21 4.272719e+42
6.230000e-15 2.121348e+21 4.500117e+42
6.240000e-15 2.166966e+21 4.695743e+42
6.250000e-15 2.203755e+21 4.856535e+42
6.260000e-15 2.231594e+21 4.980011e+42
6.270000e-15 2.250400e+21 5.064298e+42
6.280000e-15 2.260125e+21 5.108163e+42
6.290000e-15 2.260758e+21 5.111026e+42
6.300000e-15 2.252325e+21 5.072967e+42
6.310000e-15 2.234887e+21 4.994720e+42
6.320000e-15 2.208542e+21 4.877658e+42
6.330000e-15 2.173422e+21 4.723765e+42
6.340000e-15 2.129695e+21 4.535603e+42
6.350000e-15 2.077563e+21 4.316267e+42
6.360000e-15 2.017259e+21 4.069332e+42
6.370000e-15 1.949049e+21 3.798793e+42
6.380000e-15 1.873232e+21 3.508997e+42
6.390000e-15 1.790133e+21 3.204576e+42
6.400000e-15 1.700107e+21 2.890365e+42
6.410000e-15 1.603537e+21 2.571331e+42
6.420000e-15 1.500828e+21 2.252485e+42
6.430000e-15 1.392411e+21 1.938807e+42
6.440000e-15 1.278736e+21 1.635166e+42
6.450000e-15 1.160275e+21 1.346239e+42
6.460000e-15 1.037518e+21 1.076444e+42
6.470000e-15 9.109683e+20 8.298632e+41
6.480000e-15 7.811447e+20 6.101871e+41
6.490000e-15 6.485773e+20 4.206525e+41
6.500000e-15 5.138055e+20 2.639961e+41
6.510000e-15 3.773759e+20 1.424126e+41
6.520000e-15 2.398403e+20 5.752338e+40
6.530000e-15 1.017533e+20 1.035373e+40
6.540000e-15 -3.633010e+19 1.319876e+39
6.550000e-15 -1.738563e+20 3.022600e+40
6.560000e-15 -3.102755e+20 9.627091e+40
6.570000e-15 -4.450442e+20 1.980644e+41
6.580000e-15 -5.776269e+20 3.336528e+41
6.590000e-15 -7.074982e+20 5.005537e+41
6.600000e-15 -8.341455e+20 6.957987e+41
6.610000e-15 -9.570702e+20 9.159833e+41
6.620000e-15 -1.075790e+21 1.157325e+42
6.630000e-15 -1.189842e+21 1.415723e+42
6.640000e-15 -1.298781e+21 1.686831e+42
6.650000e-15 -1.402185e+21 1.966123e+42
6.660000e-15 -1.499656e+21 2.248970e+42
6.670000e-15 -1.590821e+21 2.530710e+42
6.680000e-15 -1.675330e+21 2.806731e+42
6.690000e-15 -1.752865e+21 3.072536e+42
6.700000e-15 -1.823135e+21 3.323820e+42
6.710000e-15 -1.885878e+21 3.556534e+42
6.720000e-15 -1.940864e+21 3.766952e+42
6.730000e-15 -1.987895e+21 3.951726e+42
6.740000e-15 -2.026805e+21 4.107938e+42
6.750000e-15 -2.057461e+21 4.233145e+42
6.760000e-15 -2.079763e+21 4.325414e+42
6.770000e-15 -2.093646e+21 4.383353e+42
6.780000e-15 -2.099078e+21 4.406127e+42
6.790000e-15 -2.096061e+21 4.393470e+42
6.800000e-15 -2.084630e+21 4.345684e+42
6.810000e-15 -2.064857e+21 4.263634e+42
6.820000e-15 -2.036843e+21 4.148730e+42
6.830000e-15 -2.000725e+21 4.002900e+42
6.840000e-15 -1.956669e+21 3.828555e+42
6.850000e-15 -1.904877e+21 3.628555e+42
6.860000e-15 -1.845576e+21 3.406149e+42
6.870000e-15 -1.779026e+21 3.164933e+42
6.880000e-15 -1.705515e+21 2.908780e+42
6.890000e-15 -1.625357e+21 2.641785e+42
6.900000e-15 -1.538893e+21 2.368190e+42
6.910000e-15 -1.446487e+21 2.092324e+42
6.920000e-15 -1.348527e+21 1.818526e+42
6.930000e-15 -1.245423e+21 1.551078e+42
6.940000e-15 -1.137601e+21 1.294137e+42
6.950000e-15 -1.025509e+21 1.051670e+42
6.960000e-15 -9.096091e+20 8.273888e+41
6.970000e-15 -7.903763e+20 6.246947e+41
6.980000e-15 -6.682992e+20 4.466238e+41
6.990000e-15 -5.438760e+20 2.958011e+41
7.000000e-15 -4.176130e+20 1.744006e+41
7.010000e-15 -2.900224e+20 8.411301e+40
7.020000e-15 -1.616206e+20 2.612122e+40
7.030000e-15 -3.292555e+19 1.084092e+39
7.040000e-15 9.554483e+19 9.128814e+39
7.050000e-15 2.232750e+20 4.985172e+40
7.060000e-15 3.497538e+20 1.223277e+41
7.070000e-15 4.744763e+20 2.251278e+41
7.080000e-15 5.969463e+20 3.563449e+41
7.090000e-15 7.166778e+20 5.136270e+41
7.100000e-15 8.331969e+20 6.942171e+41
7.110000e-15 9.460443e+20 8.949999e+41
7.120000e-15 1.054776e+21 1.112553e+42
7.130000e-15 1.158967e+21 1.343205e+42
7.140000e-15 1.258211e+21 1.583094e+42
7.150000e-15 1.352121e+21 1.828231e+42
7.160000e-15 1.440335e+21 2.074565e+42
7.170000e-15 1.522514e+21 2.318048e+42
7.180000e-15 1.598343e+21 2.554701e+42
7.190000e-15 1.667536e+21 2.780675e+42
7.200000e-15 1.729831e+21 2.992314e+42
7.210000e-15 1.784996e+21 3.186212e+42
7.220000e-15 1.832830e+21 3.359267e+42
7.230000e-15 1.873160e+21 3.508728e+42
7.240000e-15 1.905843e+21 3.632237e+42
7.250000e-15 1.930768e+21 3.727867e+42
7.260000e-15 1.947857e+21 3.794147e+42
7.270000e-15 1.957061e+21 3.830089e+42
7.280000e-15 1.958365e+21 3.835192e+42
7.290000e-15 1.951784e+21 3.809459e+42
7.300000e-15 1.937365e+21 3.753383e+42
7.310000e-15 1.915188e+21 3.667946e+42
7.320000e-15 1.885363e+21 3.554593e+42
7.330000e-15 1.848029e+21 3.415211e+42
7.340000e-15 1.803357e+21 3.252097e+42
7.350000e-15 1.751546e+21 3.067914e+42
7.360000e-15 1.692823e+21 2.865651e+42
7.370000e-15 1.627443e+21 2.648572e+42
7.380000e-15 1.555687e+21 2.420161e+42
7.390000e-15 1.477859e+21 2.184066e+42
7.400000e-15 1.394289e+21 1.944041e+42
7.410000e-15 1.305328e+21 1.703881e+42
7.420000e-15 1.211348e+21 1.467365e+42
7.430000e-15 1.112741e+21 1.238193e+42
7.440000e-15 1.009916e+21 1.019930e+42
7.450000e-15 9.032967e+20 8.159449e+41
7.460000e-15 7.933225e+20 6.293606e+41
7.470000e-15 6.804448e+20 4.630051e+41
7.480000e-15 5.651252e+20 3.193665e+41
7.490000e-15 4.478342e+20 2.005554e+41
7.500000e-15 3.290488e+20 1.082731e+41
7.510000e-15 2.092509e+20 4.378595e+40
7.520000e-15 8.892529e+19 7.907707e+39
7.530000e-15 -3.144255e+19 9.886341e+38
7.540000e-15 -1.513681e+20 2.291231e+40
7.550000e-15 -2.703700e+20 7.309991e+40
7.560000e-15 -3.879716e+20 1.505219e+41
7.570000e-15 -5.037033e+20 2.537170e+41
7.580000e-15 -6.171043e+20 3.808177e+41
7.590000e-15 -7.277241e+20 5.295824e+41
7.600000e-15 -8.351248e+20 6.974334e+41
7.610000e-15 -9.388824e+20 8.815002e+41
7.620000e-15 -1.038589e+21 1.078667e+42
7.630000e-15 -1.133853e+21 1.285623e+42
7.640000e-15 -1.224303e+21 1.498919e+42
7.650000e-15 -1.309588e+21 1.715020e+42
7.660000e-15 -1.389377e+21 1.930367e+42
7.670000e-15 -1.463363e+21 2.141430e+42
7.680000e-15 -1.531263e+21 2.344766e+42
7.690000e-15 -1.592820e+21 2.537076e+42
7.700000e-15 -1.647802e+21 2.715252e+42
7.710000e-15 -1.696005e+21 2.876434e+42
7.720000e-15 -1.737252e+21 3.018045e+42
7.730000e-15 -1.771395e+21 3.137840e+42
7.740000e-15 -1.798314e+21 3.233934e+42
7.750000e-15 -1.817920e+21 3.304834e+42
7.760000e-15 -1.830152e+21 3.349458e+42
7.770000e-15 -1.834981e+21 3.367154e+42
7.780000e-15 -1.832404e+21 3.357705e+42
7.790000e-15 -1.822452e+21 3.321333e+42
7.800000e-15 -1.805184e+21 3.258689e+42
7.810000e-15 -1.780687e+21 3.170847e+42
7.820000e-15 -1.749079e+21 3.059277e+42
7.830000e-15 -1.710505e+21 2.925826e+42
7.840000e-15 -1.665137e+21 2.772682e+42
7.850000e-15 -1.613177e+21 2.602339e+42
7.860000e-15 -1.554849e+21 2.417555e+42
7.870000e-15 -1.490405e+21 2.221306e+42
7.880000e-15 -1.420119e+21 2.016738e+42
7.890000e-15 -1.344290e+21 1.807116e+42
7.900000e-15 -1.263237e+21 1.595767e+42
7.910000e-15 -1.177299e+21 1.386032e+42
7.920000e-15 -1.086835e+21 1.181209e+42
7.930000e-15 -9.922197e+20 9.844999e+41
7.940000e-15 -8.938457e+20 7.989601e+41
7.950000e-15 -7.921182e+20 6.274512e+41
7.960000e-15 -6.874552e+20 4.725946e+41
7.970000e-15 -5.802856e+20 3.367314e+41
7.980000e-15 -4.710474e+20 2.218856e+41
7.990000e-15 -3.601855e+20 1.297336e+41
8.000000e-15 -2.481505e+20 6.157869e+40
8.010000e-15 -1.353966e+20 1.833225e+40
8.020000e-15 -2.237968e+19 5.008502e+38
8.030000e-15 9.044450e+19 8.180207e+39
8.040000e-15 2.026220e+20 4.105568e+40
8.050000e-15 3.137027e+20 9.840936e+40
8.060000e-15 4.232418e+20 1.791336e+41
8.070000e-15 5.308022e+20 2.817510e+41
8.080000e-15 6.359554e+20 4.044393e+41
8.090000e-15 7.382840e+20 5.450633e+41
8.100000e-15 8.373828e+20 7.012100e+41
8.110000e-15 9.328608e+20 8.702293e+41
8.120000e-15 1.024342e+21 1.049277e+42
8.130000e-15 1.111469e+21 1.235363e+42
8.140000e-15 1.193900e+21 1.425397e+42
8.150000e-15 1.271316e+21 1.616244e+42
8.160000e-15 1.343417e+21 1.804768e+42
8.170000e-15 1.409925e+21 1.987888e+42
8.180000e-15 1.470587e+21 2.162626e+42
8.190000e-15 1.525173e+21 2.326152e+42
8.200000e-15 1.573477e+21 2.475831e+42
8.210000e-15 1.615322e+21 2.609264e+42
8.220000e-15 1.650553e+21 2.724325e+42
8.230000e-15 1.679045e+21 2.819194e+42
8.240000e-15 1.700701e+21 2.892384e+42
8.250000e-15 1.715450e+21 2.942767e+42
8.260000e-15 1.723248e+21 2.969584e+42
8.270000e-15 1.724082e+21 2.972460e+42
8.280000e-15 1.717966e+21 2.951407e+42
8.290000e-15 1.704941e+21 2.906823e+42
8.300000e-15 1.685076e+21 2.839481e+42
8.310000e-15 1.658468e+21 2.750516e+42
8.320000e-15 1.625241e+21 2.641408e+42
8.330000e-15 1.585544e+21 2.513951e+42
8.340000e-15 1.539554e+21 2.370227e+42
8.350000e-15 1.487471e+21 2.212570e+42
8.360000e-15 1.429519e+21 2.043524e+42
8.370000e-15 1.365946e+21 1.865809e+42
8.380000e-15 1.297022e+21 1.682266e+42
8.390000e-15 1.223037e+21 1.495820e+42
8.400000e-15 1.144302e+21 1.309428e+42
8.410000e-15 1.061146e+21 1.126030e+42
8.420000e-15 9.739127e+20 9.485060e+41
8.430000e-15 8.829651e+20 7.796274e+41
8.440000e-15 7.886779e+20 6.220129e+41
8.450000e-15 6.914391e+20 4.780880e+41
8.460000e-15 5.916473e+20 3.500465e+41
8.470000e-15 4.897108e+20 2.398166e+41
8.480000e-15 3.860452e+20 1.490309e+41
8.490000e-15 2.810724e+20 7.900167e+40
8.500000e-15 1.752182e+20 3.070142e+40
8.510000e-15 6.891123e+19 4.748757e+39
8.520000e-15 -3.741925e+19 1.400200e+39
8.530000e-15 -1.433449e+20 2.054775e+40
8.540000e-15 -2.484399e+20 6.172239e+40
8.550000e-15 -3.522830e+20 1.241033e+41
8.560000e-15 -4.544589e+20 2.065329e+41
8.570000e-15 -5.545600e+20 3.075368e+41
8.580000e-15 -6.521879e+20 4.253491e+41
8.590000e-15 -7.469554e+20 5.579423e+41
8.600000e-15 -8.384874e+20 7.030612e+41
8.610000e-15 -9.264230e+20 8.582596e+41
8.620000e-15 -1.010417e+21 1.020942e+42
8.630000e-15 -1.090139e+21 1.188403e+42
8.640000e-15 -1.165279e+21 1.357876e+42
8.650000e-15 -1.235545e+21 1.526573e+42
8.660000e-15 -1.300666e+21 1.691733e+42
8.670000e-15 -1.360391e+21 1.850665e+42
8.680000e-15 -1.414493e+21 2.000791e+42
8.690000e-15 -1.462767e+21 2.139686e+42
8.700000e-15 -1.505031e+21 2.265119e+42
8.710000e-15 -1.541131e+21 2.375084e+42
8.720000e-15 -1.570934e+21 2.467834e+42
8.730000e-15 -1.594337e+21 2.541909e+42
8.740000e-15 -1.611258e+21 2.596154e+42
8.750000e-15 -1.621647e+21 2.629738e+42
8.760000e-15 -1.625475e+21 2.642169e+42
8.770000e-15 -1.622743e+21 2.633295e+42
8.780000e-15 -1.613477e+21 2.603309e+42
8.790000e-15 -1.597730e+21 2.552743e+42
8.800000e-15 -1.575581e+21 2.482455e+42
8.810000e-15 -1.547132e+21 2.393618e+42
8.820000e-15 -1.512514e+21 2.287700e+42
8.830000e-15 -1.471881e+21 2.166434e+42
8.840000e-15 -1.425409e+21 2.031792e+42
8.850000e-15 -1.373301e+21 1.885954e+42
8.860000e-15 -1.315777e+21 1.731270e+42
8.870000e-15 -1.253084e+21 1.570219e+42
8.880000e-15 -1.185484e+21 1.405373e+42
8.890000e-15 -1.113263e+21 1.239355e+42
8.900000e-15 -1.036721e+21 1.074790e+42
8.910000e-15 -9.561765e+20 9.142736e+41
8.920000e-15 -8.719633e+20 7.603200e+41
8.930000e-15 -7.844289e+20 6.153288e+41
8.940000e-15 -6.939336e+20 4.815438e+41
8.950000e-15 -6.008485e+20 3.610189e+41
8.960000e-15 -5.055545e+20 2.555854e+41
8.970000e-15 -4.084406e+20 1.668237e+41
8.980000e-15 -3.099019e+20 9.603917e+40
8.990000e-15 -2.103386e+20 4.424231e+40
9.000000e-15 -1.101540e+20 1.213390e+40
9.010000e-15 -9.753081e+18 9.512259e+37
9.020000e-15 9.045933e+19 8.182891e+39
9.030000e-15 1.900801e+20 3.613043e+40
9.040000e-15 2.887092e+20 8.335302e+40
9.050000e-15 3.859518e+20 1.489588e+41
9.060000e-15 4.814194e+20 2.317647e+41
9.070000e-15 5.747315e+20 3.303162e+41
9.080000e-15 6.655170e+20 4.429129e+41
9.090000e-15 7.534162e+20 5.676360e+41
9.100000e-15 8.380815e+20 7.023806e+41
9.110000e-15 9.191791e+20 8.448903e+41
9.120000e-15 9.963906e+20 9.927943e+41
9.130000e-15 1.069414e+21 1.143646e+42
9.140000e-15 1.137964e+21 1.294961e+42
9.150000e-15 1.201774e+21 1.444261e+42
9.160000e-15 1.260599e+21 1.589111e+42
9.170000e-15 1.314213e+21 1.727157e+42
9.180000e-15 1.362412e+21 1.856165e+42
9.190000e-15 1.405012e+21 1.974059e+42
9.200000e-15 1.441856e+21 2.078948e+42
9.210000e-15 1.472807e+21 2.169162e+42
9.220000e-15 1.497755e+21 2.243270e+42
9.230000e-15 1.516611e+21 2.300110e+42
9.240000e-15 1.529315e+21 2.338803e+42
9.250000e-15 1.535827e+21 2.358763e+42
9.260000e-15 1.536135e+21 2.359711e+42
9.270000e-15 1.530252e+21 2.341672e+42
9.280000e-15 1.518216e+21 2.304979e+42
9.290000e-15 1.500088e+21 2.250263e+42
9.300000e-15 1.475954e+21 2.178440e+42
9.310000e-15 1.445925e+21 2.090700e+42
9.320000e-15 1.410136e+21 1.988483e+42
9.330000e-15 1.368742e+21 1.873454e+42
9.340000e-15 1.321922e+21 1.747479e+42
9.350000e-15 1.269878e+21 1.612590e+42
9.360000e-15 1.212829e+21 1.470955e+42
9.370000e-15 1.151018e+21 1.324841e+42
9.380000e-15 1.084702e+21 1.176578e+42
9.390000e-15 1.014159e+21 1.028518e+42
9.400000e-15 9.396814e+20 8.830012e+41
9.410000e-15 8.615788e+20 7.423181e+41
9.420000e-15 7.801731e+20 6.086701e+41
9.430000e-15 6.957992e+20 4.841366e+41
9.440000e-15 6.088034e+20 3.706415e+41
9.450000e-15 5.195415e+20 2.699234e+41
9.460000e-15 4.283781e+20 1.835078e+41
9.470000e-15 3.356842e+20 1.126838e+41
9.480000e-15 2.418364e+20 5.848484e+40
9.490000e-15 1.472152e+20 2.167231e+40
9.500000e-15 5.220322e+19 2.725176e+39
9.510000e-15 -4.281604e+19 1.833213e+39
9.520000e-15 -1.374599e+20 1.889523e+40
9.530000e-15 -2.313481e+20 5.352195e+40
9.540000e-15 -3.241041e+20 1.050435e+41
9.550000e-15 -4.153568e+20 1.725213e+41
9.560000e-15 -5.047420e+20 2.547644e+41
9.570000e-15 -5.919035e+20 3.503497e+41
9.580000e-15 -6.764951e+20 4.576457e+41
9.590000e-15 -7.581817e+20 5.748395e+41
9.600000e-15 -8.366404e+20 6.999671e+41
9.610000e-15 -9.115620e+20 8.309452e+41
9.620000e-15 -9.826523e+20 9.656055e+41
9.630000e-15 -1.049633e+21 1.101729e+42
9.640000e-15 -1.112243e+21 1.237085e+42
9.650000e-15 -1.170240e+21 1.369461e+42
9.660000e-15 -1.223399e+21 1.496705e+42
9.670000e-15 -1.271516e+21 1.616754e+42
9.680000e-15 -1.314409e+21 1.727672e+42
9.690000e-15 -1.351916e+21 1.827676e+42
9.700000e-15 -1.383896e+21 1.915168e+42
9.710000e-15 -1.410233e+21 1.988756e+42
9.720000e-15 -1.430831e+21 2.047278e+42
9.730000e-15 -1.445621e+21 2.089820e+42
9.740000e-15 -1.454554e+21 2.115727e+42
9.750000e-15 -1.457607e+21 2.124618e+42
9.760000e-15 -1.454779e+21 2.116383e+42
9.770000e-15 -1.446095e+21 2.091190e+42
9.780000e-15 -1.431600e+21 2.049479e+42
9.790000e-15 -1.411366e+21 1.991954e+42
9.800000e-15 -1.385486e+21 1.919571e+42
9.810000e-15 -1.354075e+21 1.833519e+42
9.820000e-15 -1.317271e+21 1.735204e+42
9.830000e-15 -1.275235e+21 1.626223e+42
9.840000e-15 -1.228144e+21 1.508338e+42
9.850000e-15 -1.176201e+21 1.383448e+42
9.860000e-15 -1.119623e+21 1.253555e+42
9.870000e-15 -1.058648e+21 1.120735e+42
9.880000e-15 -9.935299e+20 9.871017e+41
9.890000e-15 -9.245404e+20 8.547750e+41
9.900000e-15 -8.519648e+20 7.258440e+41
9.910000e-15 -7.761025e+20 6.023351e+41
9.920000e-15 -6.972658e+20 4.861795e+41
9.930000e-15 -6.157781e+20 3.791827e+41
9.940000e-15 -5.319731e+20 2.829953e+41
9.950000e-15 -4.461928e+20 1.990881e+41
9.960000e-15 -3.587869e+20 1.287280e+41
9.970000e-15 -2.701105e+20 7.295968e+40
9.980000e-15 -1.805234e+20 3.258869e+40
9.990000e-15 -9.038821e+19 8.170028e+39
1.000000e-14 -6.910082e+16 4.774924e+33
