0.000000 nan nan
0.000000 -3.296955e+17 1.086991e+35
0.000000 -2.635308e+18 6.944849e+36
0.000000 -8.881486e+18 7.888079e+37
0.000000 -2.101040e+19 4.414367e+38
0.000000 -4.093062e+19 1.675315e+39
0.000000 -7.050620e+19 4.971125e+39
0.000000 -1.115460e+20 1.244250e+40
0.000000 -1.657930e+20 2.748732e+40
0.000000 -2.349146e+20 5.518489e+40
0.000000 -3.204926e+20 1.027155e+41
0.000000 -4.240135e+20 1.797875e+41
0.000000 -5.468606e+20 2.990565e+41
0.000000 -6.903046e+20 4.765204e+41
0.000000 -8.554964e+20 7.318741e+41
0.000000 -1.043460e+21 1.088808e+42
0.000000 -1.255084e+21 1.575237e+42
0.000000 -1.491121e+21 2.223441e+42
0.000000 -1.752174e+21 3.070114e+42
0.000000 -2.038700e+21 4.156298e+42
0.000000 -2.351001e+21 5.527207e+42
0.000000 -2.689224e+21 7.231924e+42
0.000000 -3.053355e+21 9.322976e+42
0.000000 -3.443222e+21 1.185578e+43
0.000000 -3.858493e+21 1.488797e+43
0.000000 -4.298673e+21 1.847859e+43
0.000000 -4.763109e+21 2.268721e+43
0.000000 -5.250989e+21 2.757289e+43
0.000000 -5.761347e+21 3.319312e+43
0.000000 -6.293063e+21 3.960264e+43
0.000000 -6.844870e+21 4.685224e+43
0.000000 -7.415358e+21 5.498753e+43
0.000000 -8.002979e+21 6.404767e+43
0.000000 -8.606052e+21 7.406414e+43
0.000000 -9.222775e+21 8.505959e+43
0.000000 -9.851227e+21 9.704667e+43
0.000000 -1.048938e+22 1.100270e+44
0.000000 -1.113509e+22 1.239903e+44
0.000000 -1.178616e+22 1.389136e+44
0.000000 -1.244027e+22 1.547604e+44
0.000000 -1.309506e+22 1.714807e+44
0.000000 -1.374809e+22 1.890101e+44
0.000000 -1.439689e+22 2.072704e+44
0.000000 -1.503893e+22 2.261694e+44
0.000000 -1.567166e+22 2.456011e+44
0.000000 -1.629254e+22 2.654468e+44
0.000000 -1.689899e+22 2.855759e+44
0.000000 -1.748847e+22 3.058465e+44
0.000000 -1.805844e+22 3.261071e+44
0.000000 -1.860640e+22 3.461982e+44
0.000000 -1.912991e+22 3.659533e+44
0.000000 -1.962656e+22 3.852018e+44
0.000000 -2.009403e+22 4.037699e+44
0.000000 -2.053006e+22 4.214835e+44
0.000000 -2.093251e+22 4.381702e+44
0.000000 -2.129932e+22 4.536610e+44
0.000000 -2.162854e+22 4.677936e+44
0.000000 -2.191834e+22 4.804136e+44
0.000000 -2.216704e+22 4.913775e+44
0.000000 -2.237307e+22 5.005544e+44
0.000000 -2.253504e+22 5.078282e+44
0.000000 -2.265170e+22 5.130994e+44
0.000000 -2.272194e+22 5.162867e+44
0.000000 -2.274486e+22 5.173285e+44
0.000000 -2.271969e+22 5.161844e+44
0.000000 -2.264588e+22 5.128358e+44
0.000000 -2.252303e+22 5.072867e+44
0.000000 -2.235093e+22 4.995641e+44
0.000000 -2.212958e+22 4.897181e+44
0.000000 -2.185913e+22 4.778217e+44
0.000000 -2.153997e+22 4.639702e+44
0.000000 -2.117263e+22 4.482801e+44
0.000000 -2.075785e+22 4.308883e+44
0.000000 -2.029656e+22 4.119505e+44
0.000000 -1.978988e+22 3.916392e+44
0.000000 -1.923908e+22 3.701421e+44
0.000000 -1.864563e+22 3.476595e+44
0.000000 -1.801117e+22 3.244024e+44
0.000000 -1.733751e+22 3.005891e+44
0.000000 -1.662659e+22 2.764434e+44
0.000000 -1.588053e+22 2.521911e+44
0.000000 -1.510158e+22 2.280576e+44
0.000000 -1.429212e+22 2.042647e+44
0.000000 -1.345468e+22 1.810283e+44
0.000000 -1.259187e+22 1.585552e+44
0.000000 -1.170643e+22 1.370405e+44
0.000000 -1.080118e+22 1.166655e+44
0.000000 -9.879037e+21 9.759537e+43
0.000000 -8.942973e+21 7.997677e+43
0.000000 -7.996030e+21 6.393650e+43
0.000000 -7.041292e+21 4.957980e+43
0.000000 -6.081880e+21 3.698926e+43
0.000000 -5.120935e+21 2.622397e+43
0.000000 -4.161606e+21 1.731897e+43
0.000000 -3.207042e+21 1.028512e+43
0.000000 -2.260372e+21 5.109280e+42
0.000000 -1.324695e+21 1.754818e+42
0.000000 -4.030714e+20 1.624665e+41
0.000000 5.014965e+20 2.514987e+41
0.000000 1.386071e+21 1.921194e+42
0.000000 2.247795e+21 5.052584e+42
0.000000 3.083901e+21 9.510443e+42
0.000000 3.891722e+21 1.514550e+43
0.000000 4.668705e+21 2.179680e+43
0.000000 5.412420e+21 2.929429e+43
0.000000 6.120569e+21 3.746137e+43
0.000000 6.790997e+21 4.611764e+43
0.000000 7.421699e+21 5.508161e+43
0.000000 8.010827e+21 6.417335e+43
0.000000 8.556702e+21 7.321715e+43
0.000000 9.057815e+21 8.204402e+43
0.000000 9.512838e+21 9.049408e+43
0.000000 9.920623e+21 9.841876e+43
0.000000 1.028021e+22 1.056828e+44
0.000000 1.059084e+22 1.121659e+44
0.000000 1.085193e+22 1.177644e+44
0.000000 1.106311e+22 1.223924e+44
0.000000 1.122419e+22 1.259825e+44
0.000000 1.133520e+22 1.284868e+44
0.000000 1.139635e+22 1.298767e+44
0.000000 1.140803e+22 1.301432e+44
0.000000 1.137086e+22 1.292965e+44
0.000000 1.128562e+22 1.273653e+44
0.000000 1.115329e+22 1.243959e+44
0.000000 1.097502e+22 1.204511e+44
0.000000 1.075214e+22 1.156086e+44
0.000000 1.048615e+22 1.099594e+44
0.000000 1.017871e+22 1.036061e+44
0.000000 9.831632e+21 9.666099e+43
0.000000 9.446878e+21 8.924351e+43
0.000000 9.026546e+21 8.147853e+43
0.000000 8.572859e+21 7.349391e+43
0.000000 8.088160e+21 6.541833e+43
0.000000 7.574898e+21 5.737909e+43
0.000000 7.035620e+21 4.949994e+43
0.000000 6.472954e+21 4.189914e+43
0.000000 5.889607e+21 3.468747e+43
0.000000 5.288344e+21 2.796658e+43
0.000000 4.671980e+21 2.182739e+43
0.000000 4.043368e+21 1.634882e+43
0.000000 3.405386e+21 1.159666e+43
0.000000 2.760926e+21 7.622713e+42
0.000000 2.112878e+21 4.464254e+42
0.000000 1.464122e+21 2.143653e+42
0.000000 8.175118e+20 6.683255e+41
0.000000 1.758667e+20 3.092910e+40
0.000000 -4.580429e+20 2.098033e+41
0.000000 -1.081506e+21 1.169656e+42
0.000000 -1.691884e+21 2.862470e+42
0.000000 -2.286617e+21 5.228618e+42
0.000000 -2.863241e+21 8.198151e+42
0.000000 -3.419393e+21 1.169225e+43
0.000000 -3.952822e+21 1.562480e+43
0.000000 -4.461396e+21 1.990406e+43
0.000000 -4.943117e+21 2.443440e+43
0.000000 -5.396119e+21 2.911810e+43
0.000000 -5.818684e+21 3.385708e+43
0.000000 -6.209243e+21 3.855470e+43
0.000000 -6.566384e+21 4.311740e+43
0.000000 -6.888858e+21 4.745636e+43
0.000000 -7.175579e+21 5.148893e+43
0.000000 -7.425632e+21 5.514001e+43
0.000000 -7.638276e+21 5.834326e+43
0.000000 -7.812942e+21 6.104207e+43
0.000000 -7.949237e+21 6.319038e+43
0.000000 -8.046945e+21 6.475332e+43
0.000000 -8.106024e+21 6.570762e+43
0.000000 -8.126607e+21 6.604173e+43
0.000000 -8.108999e+21 6.575587e+43
0.000000 -8.053677e+21 6.486172e+43
0.000000 -7.961283e+21 6.338202e+43
0.000000 -7.832619e+21 6.134993e+43
0.000000 -7.668649e+21 5.880818e+43
0.000000 -7.470485e+21 5.580815e+43
0.000000 -7.239387e+21 5.240872e+43
0.000000 -6.976752e+21 4.867506e+43
0.000000 -6.684110e+21 4.467733e+43
0.000000 -6.363115e+21 4.048923e+43
0.000000 -6.015535e+21 3.618666e+43
0.000000 -5.643245e+21 3.184622e+43
0.000000 -5.248217e+21 2.754378e+43
0.000000 -4.832509e+21 2.335314e+43
0.000000 -4.398258e+21 1.934467e+43
0.000000 -3.947667e+21 1.558407e+43
0.000000 -3.482995e+21 1.213125e+43
0.000000 -3.006548e+21 9.039329e+42
0.000000 -2.520665e+21 6.353750e+42
0.000000 -2.027709e+21 4.111603e+42
0.000000 -1.530057e+21 2.341074e+42
0.000000 -1.030086e+21 1.061077e+42
0.000000 -5.301650e+20 2.810749e+41
0.000000 -3.264201e+19 1.065501e+39
0.000000 4.601654e+20 2.117522e+41
0.000000 9.459808e+20 8.948797e+41
0.000000 1.422579e+21 2.023732e+42
0.000000 1.887798e+21 3.563781e+42
0.000000 2.339543e+21 5.473463e+42
0.000000 2.775803e+21 7.705084e+42
0.000000 3.194654e+21 1.020581e+43
0.000000 3.594269e+21 1.291877e+43
0.000000 3.972926e+21 1.578414e+43
0.000000 4.329016e+21 1.874038e+43
0.000000 4.661047e+21 2.172536e+43
0.000000 4.967654e+21 2.467758e+43
0.000000 5.247600e+21 2.753730e+43
0.000000 5.499785e+21 3.024763e+43
0.000000 5.723246e+21 3.275555e+43
0.000000 5.917167e+21 3.501286e+43
0.000000 6.080872e+21 3.697700e+43
0.000000 6.213837e+21 3.861177e+43
0.000000 6.315685e+21 3.988788e+43
0.000000 6.386189e+21 4.078341e+43
0.000000 6.425273e+21 4.128413e+43
0.000000 6.433008e+21 4.138360e+43
0.000000 6.409615e+21 4.108316e+43
0.000000 6.355458e+21 4.039185e+43
0.000000 6.271047e+21 3.932603e+43
0.000000 6.157028e+21 3.790899e+43
0.000000 6.014185e+21 3.617042e+43
0.000000 5.843432e+21 3.414570e+43
0.000000 5.645810e+21 3.187516e+43
0.000000 5.422476e+21 2.940324e+43
0.000000 5.174704e+21 2.677757e+43
0.000000 4.903875e+21 2.404799e+43
0.000000 4.611467e+21 2.126563e+43
0.000000 4.299052e+21 1.848185e+43
0.000000 3.968285e+21 1.574728e+43
0.000000 3.620895e+21 1.311088e+43
0.000000 3.258681e+21 1.061900e+43
0.000000 2.883496e+21 8.314549e+42
0.000000 2.497244e+21 6.236229e+42
0.000000 2.101868e+21 4.417850e+42
0.000000 1.699340e+21 2.887756e+42
0.000000 1.291652e+21 1.668364e+42
0.000000 8.808068e+20 7.758206e+41
0.000000 4.688088e+20 2.197817e+41
0.000000 5.765333e+19 3.323907e+39
0.000000 -3.506823e+20 1.229781e+41
0.000000 -7.542479e+20 5.688899e+41
0.000000 -1.151130e+21 1.325100e+42
0.000000 -1.539459e+21 2.369935e+42
0.000000 -1.917422e+21 3.676507e+42
0.000000 -2.283265e+21 5.213299e+42
0.000000 -2.635306e+21 6.944838e+42
0.000000 -2.971941e+21 8.832432e+42
0.000000 -3.291649e+21 1.083495e+43
0.000000 -3.593002e+21 1.290966e+43
0.000000 -3.874670e+21 1.501307e+43
0.000000 -4.135425e+21 1.710174e+43
0.000000 -4.374149e+21 1.913318e+43
0.000000 -4.589838e+21 2.106661e+43
0.000000 -4.781604e+21 2.286373e+43
0.000000 -4.948680e+21 2.448943e+43
0.000000 -5.090423e+21 2.591241e+43
0.000000 -5.206319e+21 2.710575e+43
0.000000 -5.295977e+21 2.804737e+43
0.000000 -5.359138e+21 2.872036e+43
0.000000 -5.395672e+21 2.911328e+43
0.000000 -5.405579e+21 2.922029e+43
0.000000 -5.388986e+21 2.904117e+43
0.000000 -5.346146e+21 2.858128e+43
0.000000 -5.277441e+21 2.785139e+43
0.000000 -5.183372e+21 2.686734e+43
0.000000 -5.064559e+21 2.564976e+43
0.000000 -4.921741e+21 2.422354e+43
0.000000 -4.755765e+21 2.261730e+43
0.000000 -4.567586e+21 2.086284e+43
0.000000 -4.358261e+21 1.899444e+43
0.000000 -4.128940e+21 1.704815e+43
0.000000 -3.880867e+21 1.506113e+43
0.000000 -3.615364e+21 1.307086e+43
0.000000 -3.333834e+21 1.111445e+43
0.000000 -3.037745e+21 9.227892e+42
0.000000 -2.728628e+21 7.445413e+42
0.000000 -2.408070e+21 5.798801e+42
0.000000 -2.077700e+21 4.316839e+42
0.000000 -1.739188e+21 3.024775e+42
0.000000 -1.394231e+21 1.943879e+42
0.000000 -1.044548e+21 1.091080e+42
0.000000 -6.918708e+20 4.786853e+41
0.000000 -3.379359e+20 1.142007e+41
0.000000 1.552529e+19 2.410347e+38
0.000000 3.667933e+20 1.345373e+41
0.000000 7.141696e+20 5.100382e+41
0.000000 1.055984e+21 1.115103e+42
0.000000 1.390604e+21 1.933781e+42
0.000000 1.716441e+21 2.946170e+42
0.000000 2.031957e+21 4.128851e+42
0.000000 2.335676e+21 5.455380e+42
0.000000 2.626183e+21 6.896837e+42
0.000000 2.902140e+21 8.422416e+42
0.000000 3.162284e+21 1.000004e+43
0.000000 3.405439e+21 1.159701e+43
0.000000 3.630514e+21 1.318063e+43
0.000000 3.836516e+21 1.471886e+43
0.000000 4.022548e+21 1.618089e+43
0.000000 4.187816e+21 1.753780e+43
0.000000 4.331630e+21 1.876302e+43
0.000000 4.453409e+21 1.983285e+43
0.000000 4.552683e+21 2.072693e+43
0.000000 4.629094e+21 2.142851e+43
0.000000 4.682394e+21 2.192481e+43
0.000000 4.712453e+21 2.220721e+43
0.000000 4.719252e+21 2.227133e+43
0.000000 4.702885e+21 2.211713e+43
0.000000 4.663561e+21 2.174880e+43
0.000000 4.601596e+21 2.117469e+43
0.000000 4.517417e+21 2.040706e+43
0.000000 4.411555e+21 1.946181e+43
0.000000 4.284644e+21 1.835817e+43
0.000000 4.137417e+21 1.711822e+43
0.000000 3.970703e+21 1.576648e+43
0.000000 3.785421e+21 1.432941e+43
0.000000 3.582573e+21 1.283483e+43
0.000000 3.363244e+21 1.131141e+43
0.000000 3.128593e+21 9.788096e+42
0.000000 2.879847e+21 8.293519e+42
0.000000 2.618294e+21 6.855465e+42
0.000000 2.345280e+21 5.500338e+42
0.000000 2.062197e+21 4.252658e+42
0.000000 1.770481e+21 3.134604e+42
0.000000 1.471602e+21 2.165612e+42
0.000000 1.167056e+21 1.362019e+42
0.000000 8.583596e+20 7.367812e+41
0.000000 5.470424e+20 2.992554e+41
0.000000 2.346382e+20 5.505506e+40
0.000000 -7.732187e+19 5.978671e+39
0.000000 -3.873164e+20 1.500140e+41
0.000000 -6.938416e+20 4.814161e+41
0.000000 -9.954180e+20 9.908571e+41
0.000000 -1.290598e+21 1.665644e+42
0.000000 -1.577973e+21 2.489998e+42
0.000000 -1.856178e+21 3.445397e+42
0.000000 -2.123902e+21 4.510958e+42
0.000000 -2.379888e+21 5.663869e+42
0.000000 -2.622948e+21 6.879855e+42
0.000000 -2.851957e+21 8.133660e+42
0.000000 -3.065869e+21 9.399551e+42
0.000000 -3.263713e+21 1.065182e+43
0.000000 -3.444604e+21 1.186529e+43
0.000000 -3.607742e+21 1.301580e+43
0.000000 -3.752419e+21 1.408065e+43
0.000000 -3.878020e+21 1.503904e+43
0.000000 -3.984025e+21 1.587246e+43
0.000000 -4.070014e+21 1.656501e+43
0.000000 -4.135664e+21 1.710372e+43
0.000000 -4.180756e+21 1.747872e+43
0.000000 -4.205170e+21 1.768346e+43
0.000000 -4.208888e+21 1.771474e+43
0.000000 -4.191992e+21 1.757280e+43
0.000000 -4.154666e+21 1.726125e+43
0.000000 -4.097192e+21 1.678698e+43
0.000000 -4.019948e+21 1.615998e+43
0.000000 -3.923406e+21 1.539312e+43
0.000000 -3.808133e+21 1.450188e+43
0.000000 -3.674781e+21 1.350401e+43
0.000000 -3.524089e+21 1.241920e+43
0.000000 -3.356876e+21 1.126862e+43
0.000000 -3.174039e+21 1.007452e+43
0.000000 -2.976545e+21 8.859820e+42
0.000000 -2.765429e+21 7.647598e+42
0.000000 -2.541788e+21 6.460685e+42
0.000000 -2.306773e+21 5.321201e+42
0.000000 -2.061586e+21 4.250138e+42
0.000000 -1.807474e+21 3.266963e+42
0.000000 -1.545720e+21 2.389251e+42
0.000000 -1.277639e+21 1.632361e+42
0.000000 -1.004570e+21 1.009160e+42
0.000000 -7.278695e+20 5.297940e+41
0.000000 -4.489075e+20 2.015179e+41
0.000000 -1.690567e+20 2.858016e+40
0.000000 1.103119e+20 1.216871e+40
0.000000 3.878358e+20 1.504166e+41
0.000000 6.621684e+20 4.384669e+41
0.000000 9.319844e+20 8.685949e+41
0.000000 1.195987e+21 1.430385e+42
0.000000 1.452914e+21 2.110960e+42
0.000000 1.701544e+21 2.895251e+42
0.000000 1.940700e+21 3.766315e+42
0.000000 2.169258e+21 4.705680e+42
0.000000 2.386152e+21 5.693719e+42
0.000000 2.590375e+21 6.710043e+42
0.000000 2.780989e+21 7.733902e+42
0.000000 2.957127e+21 8.744598e+42
0.000000 3.117993e+21 9.721881e+42
0.000000 3.262873e+21 1.064634e+43
0.000000 3.391134e+21 1.149979e+43
0.000000 3.502223e+21 1.226557e+43
0.000000 3.595679e+21 1.292891e+43
0.000000 3.671125e+21 1.347716e+43
0.000000 3.728276e+21 1.390004e+43
0.000000 3.766935e+21 1.418980e+43
0.000000 3.786999e+21 1.434136e+43
0.000000 3.788454e+21 1.435238e+43
0.000000 3.771378e+21 1.422329e+43
0.000000 3.735939e+21 1.395724e+43
0.000000 3.682394e+21 1.356002e+43
0.000000 3.611086e+21 1.303994e+43
0.000000 3.522444e+21 1.240761e+43
0.000000 3.416980e+21 1.167575e+43
0.000000 3.295285e+21 1.085891e+43
0.000000 3.158028e+21 9.973138e+42
0.000000 3.005948e+21 9.035722e+42
0.000000 2.839856e+21 8.064779e+42
0.000000 2.660626e+21 7.078928e+42
0.000000 2.469192e+21 6.096911e+42
0.000000 2.266546e+21 5.137232e+42
0.000000 2.053728e+21 4.217797e+42
0.000000 1.831821e+21 3.355569e+42
0.000000 1.601953e+21 2.566252e+42
0.000000 1.365280e+21 1.863990e+42
0.000000 1.122990e+21 1.261107e+42
0.000000 8.762919e+20 7.678875e+41
0.000000 6.264101e+20 3.923896e+41
0.000000 3.745798e+20 1.403100e+41
0.000000 1.220399e+20 1.489374e+40
0.000000 -1.299725e+20 1.689285e+40
0.000000 -3.802286e+20 1.445738e+41
0.000000 -6.275135e+20 3.937732e+41
0.000000 -8.706322e+20 7.580004e+41
0.000000 -1.108415e+21 1.228585e+42
0.000000 -1.339725e+21 1.794862e+42
0.000000 -1.563459e+21 2.444404e+42
0.000000 -1.778558e+21 3.163270e+42
0.000000 -1.984010e+21 3.936296e+42
0.000000 -2.178853e+21 4.747400e+42
0.000000 -2.362181e+21 5.579901e+42
0.000000 -2.533151e+21 6.416851e+42
0.000000 -2.690979e+21 7.241369e+42
0.000000 -2.834954e+21 8.036966e+42
0.000000 -2.964433e+21 8.787861e+42
0.000000 -3.078846e+21 9.479290e+42
0.000000 -3.177700e+21 1.009778e+43
0.000000 -3.260580e+21 1.063138e+43
0.000000 -3.327152e+21 1.106994e+43
0.000000 -3.377161e+21 1.140522e+43
0.000000 -3.410435e+21 1.163107e+43
0.000000 -3.426885e+21 1.174354e+43
0.000000 -3.426503e+21 1.174092e+43
0.000000 -3.409364e+21 1.162376e+43
0.000000 -3.375626e+21 1.139485e+43
0.000000 -3.325524e+21 1.105911e+43
0.000000 -3.259376e+21 1.062353e+43
0.000000 -3.177573e+21 1.009697e+43
0.000000 -3.080584e+21 9.489995e+42
0.000000 -2.968947e+21 8.814647e+42
0.000000 -2.843273e+21 8.084199e+42
0.000000 -2.704235e+21 7.312885e+42
0.000000 -2.552571e+21 6.515617e+42
0.000000 -2.389076e+21 5.707686e+42
0.000000 -2.214601e+21 4.904459e+42
0.000000 -2.030046e+21 4.121086e+42
0.000000 -1.836355e+21 3.372200e+42
0.000000 -1.634515e+21 2.671640e+42
0.000000 -1.425547e+21 2.032185e+42
0.000000 -1.210503e+21 1.465318e+42
0.000000 -9.904600e+20 9.810110e+41
0.000000 -7.665148e+20 5.875449e+41
0.000000 -5.397786e+20 2.913610e+41
0.000000 -3.113716e+20 9.695228e+40
0.000000 -8.241727e+19 6.792606e+39
0.000000 1.459630e+20 2.130521e+40
0.000000 3.726555e+20 1.388722e+41
0.000000 5.965594e+20 3.558831e+41
0.000000 8.165921e+20 6.668226e+41
0.000000 1.031695e+21 1.064394e+42
0.000000 1.240836e+21 1.539675e+42
0.000000 1.443021e+21 2.082309e+42
0.000000 1.637289e+21 2.680714e+42
0.000000 1.822724e+21 3.322324e+42
0.000000 1.998458e+21 3.993836e+42
0.000000 2.163673e+21 4.681482e+42
0.000000 2.317605e+21 5.371295e+42
0.000000 2.459550e+21 6.049387e+42
0.000000 2.588864e+21 6.702219e+42
0.000000 2.704969e+21 7.316858e+42
0.000000 2.807352e+21 7.881226e+42
0.000000 2.895571e+21 8.384332e+42
0.000000 2.969254e+21 8.816469e+42
0.000000 3.028102e+21 9.169399e+42
0.000000 3.071889e+21 9.436500e+42
0.000000 3.100464e+21 9.612878e+42
0.000000 3.113752e+21 9.695452e+42
0.000000 3.111751e+21 9.682996e+42
0.000000 3.094536e+21 9.576150e+42
0.000000 3.062253e+21 9.377391e+42
0.000000 3.015123e+21 9.090967e+42
0.000000 2.953439e+21 8.722802e+42
0.000000 2.877563e+21 8.280368e+42
0.000000 2.787924e+21 7.772523e+42
0.000000 2.685019e+21 7.209327e+42
0.000000 2.569405e+21 6.601841e+42
0.000000 2.441700e+21 5.961898e+42
0.000000 2.302578e+21 5.301867e+42
0.000000 2.152768e+21 4.634409e+42
0.000000 1.993045e+21 3.972227e+42
0.000000 1.824231e+21 3.327818e+42
0.000000 1.647189e+21 2.713232e+42
0.000000 1.462819e+21 2.139839e+42
0.000000 1.272051e+21 1.618115e+42
0.000000 1.075846e+21 1.157445e+42
0.000000 8.751840e+20 7.659470e+41
0.000000 6.710647e+20 4.503278e+41
0.000000 4.645002e+20 2.157604e+41
0.000000 2.565103e+20 6.579752e+40
0.000000 4.811756e+19 2.315299e+39
0.000000 -1.596576e+20 2.549054e+40
0.000000 -3.658019e+20 1.338111e+41
0.000000 -5.693144e+20 3.241189e+41
0.000000 -7.692110e+20 5.916856e+41
0.000000 -9.645292e+20 9.303165e+41
0.000000 -1.154333e+21 1.332484e+42
0.000000 -1.337717e+21 1.789485e+42
0.000000 -1.513810e+21 2.291621e+42
0.000000 -1.681782e+21 2.828391e+42
0.000000 -1.840845e+21 3.388709e+42
0.000000 -1.990256e+21 3.961120e+42
0.000000 -2.129326e+21 4.534029e+42
0.000000 -2.257415e+21 5.095924e+42
0.000000 -2.373943e+21 5.635606e+42
0.000000 -2.478386e+21 6.142399e+42
0.000000 -2.570283e+21 6.606357e+42
0.000000 -2.649236e+21 7.018450e+42
0.000000 -2.714909e+21 7.370733e+42
0.000000 -2.767037e+21 7.656495e+42
0.000000 -2.805419e+21 7.870375e+42
0.000000 -2.829922e+21 8.008458e+42
0.000000 -2.840483e+21 8.068342e+42
0.000000 -2.837105e+21 8.049167e+42
0.000000 -2.819863e+21 7.951625e+42
0.000000 -2.788894e+21 7.777930e+42
0.000000 -2.744406e+21 7.531766e+42
0.000000 -2.686671e+21 7.218201e+42
0.000000 -2.616023e+21 6.843578e+42
0.000000 -2.532860e+21 6.415380e+42
0.000000 -2.437638e+21 5.942078e+42
0.000000 -2.330870e+21 5.432956e+42
0.000000 -2.213125e+21 4.897923e+42
0.000000 -2.085022e+21 4.347316e+42
0.000000 -1.947228e+21 3.791696e+42
0.000000 -1.800455e+21 3.241638e+42
0.000000 -1.645456e+21 2.707527e+42
0.000000 -1.483022e+21 2.199355e+42
0.000000 -1.313976e+21 1.726534e+42
0.000000 -1.139171e+21 1.297710e+42
0.000000 -9.594829e+20 9.206075e+41
0.000000 -7.758103e+20 6.018816e+41
0.000000 -5.890663e+20 3.469991e+41
0.000000 -4.001759e+20 1.601407e+41
0.000000 -2.100707e+20 4.412970e+40
0.000000 -1.968468e+19 3.874868e+38
0.000000 1.700506e+20 2.891719e+40
0.000000 3.582103e+20 1.283146e+41
0.000000 5.438810e+20 2.958066e+41
0.000000 7.261652e+20 5.273159e+41
0.000000 9.041851e+20 8.175507e+41
0.000000 1.077088e+21 1.160118e+42
0.000000 1.244048e+21 1.547654e+42
0.000000 1.404272e+21 1.971981e+42
0.000000 1.557005e+21 2.424266e+42
0.000000 1.701529e+21 2.895202e+42
0.000000 1.837170e+21 3.375194e+42
0.000000 1.963299e+21 3.854544e+42
0.000000 2.079338e+21 4.323645e+42
0.000000 2.184758e+21 4.773165e+42
0.000000 2.279085e+21 5.194228e+42
0.000000 2.361902e+21 5.578581e+42
0.000000 2.432849e+21 5.918753e+42
0.000000 2.491624e+21 6.208192e+42
0.000000 2.537989e+21 6.441389e+42
0.000000 2.571764e+21 6.613972e+42
0.000000 2.592834e+21 6.722786e+42
0.000000 2.601143e+21 6.765945e+42
0.000000 2.596701e+21 6.742859e+42
0.000000 2.579580e+21 6.654231e+42
0.000000 2.549910e+21 6.502042e+42
0.000000 2.507886e+21 6.289494e+42
0.000000 2.453761e+21 6.020942e+42
0.000000 2.387845e+21 5.701803e+42
0.000000 2.310505e+21 5.338435e+42
0.000000 2.222164e+21 4.938014e+42
0.000000 2.123296e+21 4.508384e+42
0.000000 2.014422e+21 4.057897e+42
0.000000 1.896115e+21 3.595250e+42
0.000000 1.768987e+21 3.129313e+42
0.000000 1.633693e+21 2.668953e+42
0.000000 1.490926e+21 2.222861e+42
0.000000 1.341412e+21 1.799385e+42
0.000000 1.185906e+21 1.406372e+42
0.000000 1.025191e+21 1.051016e+42
0.000000 8.600719e+20 7.397237e+41
0.000000 6.913722e+20 4.779955e+41
0.000000 5.199293e+20 2.703265e+41
0.000000 3.465911e+20 1.201254e+41
0.000000 1.722115e+20 2.965680e+40
0.000000 -2.353801e+18 5.540379e+36
0.000000 -1.762515e+20 3.106458e+40
0.000000 -3.486346e+20 1.215461e+41
0.000000 -5.186671e+20 2.690155e+41
0.000000 -6.855271e+20 4.699475e+41
0.000000 -8.484118e+20 7.198027e+41
0.000000 -1.006541e+21 1.013124e+42
0.000000 -1.159159e+21 1.343650e+42
0.000000 -1.305542e+21 1.704441e+42
0.000000 -1.444999e+21 2.088023e+42
0.000000 -1.576875e+21 2.486533e+42
0.000000 -1.700553e+21 2.891879e+42
0.000000 -1.815460e+21 3.295895e+42
0.000000 -1.921069e+21 3.690505e+42
0.000000 -2.016897e+21 4.067875e+42
0.000000 -2.102515e+21 4.420568e+42
0.000000 -2.177541e+21 4.741684e+42
0.000000 -2.241649e+21 5.024989e+42
0.000000 -2.294566e+21 5.265032e+42
0.000000 -2.336076e+21 5.457249e+42
0.000000 -2.366018e+21 5.598039e+42
0.000000 -2.384288e+21 5.684831e+42
0.000000 -2.390842e+21 5.716127e+42
0.000000 -2.385691e+21 5.691520e+42
0.000000 -2.368902e+21 5.611697e+42
0.000000 -2.340601e+21 5.478413e+42
0.000000 -2.300969e+21 5.294457e+42
0.000000 -2.250240e+21 5.063580e+42
0.000000 -2.188704e+21 4.790424e+42
0.000000 -2.116700e+21 4.480419e+42
0.000000 -2.034619e+21 4.139674e+42
0.000000 -1.942898e+21 3.774852e+42
0.000000 -1.842020e+21 3.393039e+42
0.000000 -1.732512e+21 3.001598e+42
0.000000 -1.614939e+21 2.608029e+42
0.000000 -1.489906e+21 2.219819e+42
0.000000 -1.358048e+21 1.844295e+42
0.000000 -1.220036e+21 1.488488e+42
0.000000 -1.076565e+21 1.158992e+42
0.000000 -9.283548e+20 8.618426e+41
0.000000 -7.761466e+20 6.024035e+41
0.000000 -6.206975e+20 3.852654e+41
0.000000 -4.627780e+20 2.141635e+41
0.000000 -3.031678e+20 9.191074e+40
0.000000 -1.426519e+20 2.034957e+40
0.000000 1.798311e+19 3.233921e+38
0.000000 1.779530e+20 3.166726e+40
0.000000 3.364794e+20 1.132184e+41
0.000000 4.927942e+20 2.428462e+41
0.000000 6.461426e+20 4.175002e+41
0.000000 7.957869e+20 6.332768e+41
0.000000 9.410105e+20 8.855008e+41
0.000000 1.081121e+21 1.168822e+42
0.000000 1.215452e+21 1.477324e+42
0.000000 1.343370e+21 1.804644e+42
0.000000 1.464274e+21 2.144100e+42
0.000000 1.577599e+21 2.488820e+42
0.000000 1.682820e+21 2.831882e+42
0.000000 1.779451e+21 3.166446e+42
0.000000 1.867053e+21 3.485885e+42
0.000000 1.945229e+21 3.783917e+42
0.000000 2.013634e+21 4.054721e+42
0.000000 2.071967e+21 4.293046e+42
0.000000 2.119980e+21 4.494314e+42
0.000000 2.157475e+21 4.654700e+42
0.000000 2.184308e+21 4.771201e+42
0.000000 2.200384e+21 4.841691e+42
0.000000 2.205665e+21 4.864956e+42
0.000000 2.200161e+21 4.840709e+42
0.000000 2.183939e+21 4.769588e+42
0.000000 2.157115e+21 4.653143e+42
0.000000 2.119857e+21 4.493794e+42
0.000000 2.072384e+21 4.294777e+42
0.000000 2.014964e+21 4.060080e+42
0.000000 1.947911e+21 3.794359e+42
0.000000 1.871587e+21 3.502838e+42
0.000000 1.786396e+21 3.191209e+42
0.000000 1.692784e+21 2.865517e+42
0.000000 1.591238e+21 2.532037e+42
0.000000 1.482280e+21 2.197153e+42
0.000000 1.366467e+21 1.867233e+42
0.000000 1.244389e+21 1.548504e+42
0.000000 1.116662e+21 1.246934e+42
0.000000 9.839286e+20 9.681155e+41
0.000000 8.468532e+20 7.171604e+41
0.000000 7.061192e+20 4.986044e+41
0.000000 5.624254e+20 3.163223e+41
0.000000 4.164825e+20 1.734576e+41
0.000000 2.690096e+20 7.236615e+40
0.000000 1.207309e+20 1.457595e+40
0.000000 -2.762807e+19 7.633104e+38
0.000000 -1.753439e+20 3.074550e+40
0.000000 -3.216990e+20 1.034902e+41
0.000000 -4.659846e+20 2.171416e+41
0.000000 -6.075047e+20 3.690619e+41
0.000000 -7.455791e+20 5.558882e+41
0.000000 -8.795469e+20 7.736027e+41
0.000000 -1.008769e+21 1.017615e+42
0.000000 -1.132633e+21 1.282857e+42
0.000000 -1.250552e+21 1.563880e+42
0.000000 -1.361973e+21 1.854970e+42
0.000000 -1.466375e+21 2.150256e+42
0.000000 -1.563273e+21 2.443824e+42
0.000000 -1.652221e+21 2.729836e+42
0.000000 -1.732813e+21 3.002641e+42
0.000000 -1.804684e+21 3.256884e+42
0.000000 -1.867514e+21 3.487607e+42
0.000000 -1.921027e+21 3.690343e+42
0.000000 -1.964994e+21 3.861202e+42
0.000000 -1.999234e+21 3.996937e+42
0.000000 -2.023613e+21 4.095008e+42
0.000000 -2.038044e+21 4.153625e+42
0.000000 -2.042493e+21 4.171777e+42
0.000000 -2.036970e+21 4.149246e+42
0.000000 -2.021536e+21 4.086607e+42
0.000000 -1.996300e+21 3.985212e+42
0.000000 -1.961417e+21 3.847155e+42
0.000000 -1.917090e+21 3.675232e+42
0.000000 -1.863566e+21 3.472878e+42
0.000000 -1.801137e+21 3.244094e+42
0.000000 -1.730137e+21 2.993373e+42
0.000000 -1.650940e+21 2.725602e+42
0.000000 -1.563959e+21 2.445966e+42
0.000000 -1.469643e+21 2.159851e+42
0.000000 -1.368477e+21 1.872729e+42
0.000000 -1.260976e+21 1.590059e+42
0.000000 -1.147683e+21 1.317177e+42
0.000000 -1.029171e+21 1.059193e+42
0.000000 -9.060332e+20 8.208962e+41
0.000000 -7.788845e+20 6.066611e+41
0.000000 -6.483573e+20 4.203671e+41
0.000000 -5.150981e+20 2.653260e+41
0.000000 -3.797647e+20 1.442212e+41
0.000000 -2.430228e+20 5.906006e+40
0.000000 -1.055426e+20 1.113923e+40
0.000000 3.200427e+19 1.024273e+39
0.000000 1.689480e+20 2.854342e+40
0.000000 3.046240e+20 9.279577e+40
0.000000 4.383760e+20 1.921736e+41
0.000000 5.695595e+20 3.243980e+41
0.000000 6.975443e+20 4.865680e+41
0.000000 8.217179e+20 6.752202e+41
0.000000 9.414884e+20 8.864005e+41
0.000000 1.056287e+21 1.115743e+42
0.000000 1.165572e+21 1.358559e+42
0.000000 1.268829e+21 1.609928e+42
0.000000 1.365575e+21 1.864796e+42
0.000000 1.455361e+21 2.118076e+42
0.000000 1.537772e+21 2.364742e+42
0.000000 1.612430e+21 2.599932e+42
0.000000 1.678999e+21 2.819037e+42
0.000000 1.737179e+21 3.017791e+42
0.000000 1.786715e+21 3.192351e+42
0.000000 1.827394e+21 3.339368e+42
0.000000 1.859046e+21 3.456052e+42
0.000000 1.881546e+21 3.540216e+42
0.000000 1.894814e+21 3.590321e+42
0.000000 1.898815e+21 3.605500e+42
0.000000 1.893560e+21 3.585569e+42
0.000000 1.879103e+21 3.531026e+42
0.000000 1.855543e+21 3.443040e+42
0.000000 1.823025e+21 3.323421e+42
0.000000 1.781735e+21 3.174580e+42
0.000000 1.731902e+21 2.999485e+42
0.000000 1.673795e+21 2.801591e+42
0.000000 1.607723e+21 2.584774e+42
0.000000 1.534033e+21 2.353257e+42
0.000000 1.453106e+21 2.111518e+42
0.000000 1.365360e+21 1.864209e+42
0.000000 1.271243e+21 1.616058e+42
0.000000 1.171231e+21 1.371782e+42
0.000000 1.065830e+21 1.135994e+42
0.000000 9.555700e+20 9.131140e+41
0.000000 8.410014e+20 7.072833e+41
0.000000 7.226949e+20 5.222880e+41
0.000000 6.012376e+20 3.614866e+41
0.000000 4.772296e+20 2.277481e+41
0.000000 3.512819e+20 1.233989e+41
0.000000 2.240127e+20 5.018167e+40
0.000000 9.604480e+19 9.224604e+39
0.000000 -3.199746e+19 1.023837e+39
0.000000 -1.594915e+20 2.543753e+40
0.000000 -2.858192e+20 8.169261e+40
0.000000 -4.103702e+20 1.684037e+41
0.000000 -5.325445e+20 2.836037e+41
0.000000 -6.517557e+20 4.247855e+41
0.000000 -7.674335e+20 5.889542e+41
0.000000 -8.790264e+20 7.726875e+41
0.000000 -9.860048e+20 9.722054e+41
0.000000 -1.087863e+21 1.183445e+42
0.000000 -1.184121e+21 1.402142e+42
0.000000 -1.274329e+21 1.623914e+42
0.000000 -1.358066e+21 1.844344e+42
0.000000 -1.434946e+21 2.059071e+42
0.000000 -1.504616e+21 2.263869e+42
0.000000 -1.566759e+21 2.454733e+42
0.000000 -1.621096e+21 2.627951e+42
0.000000 -1.667386e+21 2.780177e+42
0.000000 -1.705430e+21 2.908491e+42
0.000000 -1.735067e+21 3.010456e+42
0.000000 -1.756178e+21 3.084161e+42
0.000000 -1.768687e+21 3.128253e+42
0.000000 -1.772558e+21 3.141963e+42
0.000000 -1.767800e+21 3.125116e+42
0.000000 -1.754460e+21 3.078129e+42
0.000000 -1.732629e+21 3.002004e+42
0.000000 -1.702439e+21 2.898300e+42
0.000000 -1.664062e+21 2.769102e+42
0.000000 -1.617708e+21 2.616978e+42
0.000000 -1.563625e+21 2.444924e+42
0.000000 -1.502100e+21 2.256306e+42
0.000000 -1.433454e+21 2.054791e+42
0.000000 -1.358041e+21 1.844276e+42
0.000000 -1.276247e+21 1.628807e+42
0.000000 -1.188489e+21 1.412505e+42
0.000000 -1.095209e+21 1.199483e+42
0.000000 -9.968783e+20 9.937664e+41
0.000000 -8.939881e+20 7.992147e+41
0.000000 -7.870516e+20 6.194502e+41
0.000000 -6.765999e+20 4.577875e+41
0.000000 -5.631798e+20 3.171715e+41
0.000000 -4.473505e+20 2.001225e+41
0.000000 -3.296815e+20 1.086899e+41
0.000000 -2.107496e+20 4.441538e+40
0.000000 -9.113568e+19 8.305712e+39
0.000000 2.857739e+19 8.166670e+38
0.000000 1.478081e+20 2.184725e+40
0.000000 2.659792e+20 7.074491e+40
0.000000 3.825198e+20 1.463214e+41
0.000000 4.968690e+20 2.468788e+41
0.000000 6.084779e+20 3.702454e+41
0.000000 7.168128e+20 5.138206e+41
0.000000 8.213570e+20 6.746273e+41
0.000000 9.216140e+20 8.493723e+41
0.000000 1.017109e+21 1.034511e+42
0.000000 1.107393e+21 1.226320e+42
0.000000 1.192042e+21 1.420965e+42
0.000000 1.270662e+21 1.614581e+42
0.000000 1.342887e+21 1.803345e+42
0.000000 1.408385e+21 1.983550e+42
0.000000 1.466859e+21 2.151675e+42
0.000000 1.518043e+21 2.304454e+42
0.000000 1.561710e+21 2.438938e+42
0.000000 1.597669e+21 2.552547e+42
0.000000 1.625768e+21 2.643121e+42
0.000000 1.645892e+21 2.708959e+42
0.000000 1.657965e+21 2.748849e+42
0.000000 1.661953e+21 2.762087e+42
0.000000 1.657857e+21 2.748491e+42
0.000000 1.645721e+21 2.708398e+42
0.000000 1.625626e+21 2.642660e+42
0.000000 1.597691e+21 2.552617e+42
0.000000 1.562074e+21 2.440075e+42
0.000000 1.518969e+21 2.307266e+42
0.000000 1.468605e+21 2.156801e+42
0.000000 1.411247e+21 1.991619e+42
0.000000 1.347193e+21 1.814930e+42
0.000000 1.276772e+21 1.630147e+42
0.000000 1.200343e+21 1.440822e+42
0.000000 1.118292e+21 1.250577e+42
0.000000 1.031034e+21 1.063032e+42
0.000000 9.390067e+20 8.817336e+41
0.000000 8.426684e+20 7.100901e+41
0.000000 7.424987e+20 5.513043e+41
0.000000 6.389937e+20 4.083130e+41
0.000000 5.326646e+20 2.837316e+41
0.000000 4.240349e+20 1.798056e+41
0.000000 3.136375e+20 9.836847e+40
0.000000 2.020127e+20 4.080913e+40
0.000000 8.970521e+19 8.047025e+39
0.000000 -2.273846e+19 5.170374e+38
0.000000 -1.347726e+20 1.816365e+40
0.000000 -2.458550e+20 6.044468e+40
0.000000 -3.554494e+20 1.263443e+41
0.000000 -4.630285e+20 2.143953e+41
0.000000 -5.680757e+20 3.227100e+41
0.000000 -6.700885e+20 4.490186e+41
0.000000 -7.685802e+20 5.907155e+41
0.000000 -8.630825e+20 7.449114e+41
0.000000 -9.531478e+20 9.084907e+41
0.000000 -1.038351e+21 1.078173e+42
0.000000 -1.118292e+21 1.250577e+42
0.000000 -1.192596e+21 1.422286e+42
0.000000 -1.260919e+21 1.589918e+42
0.000000 -1.322945e+21 1.750184e+42
0.000000 -1.378389e+21 1.899957e+42
0.000000 -1.427000e+21 2.036330e+42
0.000000 -1.468560e+21 2.156669e+42
0.000000 -1.502886e+21 2.258666e+42
0.000000 -1.529830e+21 2.340380e+42
0.000000 -1.549280e+21 2.400270e+42
0.000000 -1.561163e+21 2.437229e+42
0.000000 -1.565439e+21 2.450598e+42
0.000000 -1.562107e+21 2.440179e+42
0.000000 -1.551204e+21 2.406233e+42
0.000000 -1.532801e+21 2.349479e+42
0.000000 -1.507007e+21 2.271070e+42
0.000000 -1.473966e+21 2.172576e+42
0.000000 -1.433856e+21 2.055944e+42
0.000000 -1.386891e+21 1.923466e+42
0.000000 -1.333314e+21 1.777726e+42
0.000000 -1.273403e+21 1.621555e+42
0.000000 -1.207463e+21 1.457968e+42
0.000000 -1.135831e+21 1.290112e+42
0.000000 -1.058867e+21 1.121198e+42
0.000000 -9.769569e+20 9.544449e+41
0.000000 -8.905115e+20 7.930107e+41
0.000000 -7.999605e+20 6.399369e+41
0.000000 -7.057532e+20 4.980876e+41
0.000000 -6.083553e+20 3.700962e+41
0.000000 -5.082467e+20 2.583147e+41
0.000000 -4.059194e+20 1.647706e+41
0.000000 -3.018749e+20 9.112843e+40
0.000000 -1.966215e+20 3.866001e+40
0.000000 -9.067239e+19 8.221482e+39
0.000000 1.545723e+19 2.389260e+38
0.000000 1.212526e+20 1.470220e+40
0.000000 2.262019e+20 5.116729e+40
0.000000 3.297985e+20 1.087670e+41
0.000000 4.315437e+20 1.862300e+41
0.000000 5.309490e+20 2.819069e+41
0.000000 6.275384e+20 3.938044e+41
0.000000 7.208506e+20 5.196256e+41
0.000000 8.104414e+20 6.568152e+41
0.000000 8.958857e+20 8.026111e+41
0.000000 9.767794e+20 9.540979e+41
0.000000 1.052741e+21 1.108265e+42
0.000000 1.123416e+21 1.262063e+42
0.000000 1.188472e+21 1.412467e+42
0.000000 1.247610e+21 1.556530e+42
0.000000 1.300555e+21 1.691444e+42
0.000000 1.347067e+21 1.814590e+42
0.000000 1.386935e+21 1.923590e+42
0.000000 1.419983e+21 2.016351e+42
0.000000 1.446065e+21 2.091103e+42
0.000000 1.465072e+21 2.146436e+42
0.000000 1.476929e+21 2.181318e+42
0.000000 1.481594e+21 2.195122e+42
0.000000 1.479063e+21 2.187629e+42
0.000000 1.469365e+21 2.159033e+42
0.000000 1.452562e+21 2.109937e+42
0.000000 1.428754e+21 2.041338e+42
0.000000 1.398071e+21 1.954603e+42
0.000000 1.360679e+21 1.851447e+42
0.000000 1.316774e+21 1.733893e+42
0.000000 1.266583e+21 1.604233e+42
0.000000 1.210365e+21 1.464985e+42
0.000000 1.148406e+21 1.318837e+42
0.000000 1.081019e+21 1.168602e+42
0.000000 1.008543e+21 1.017159e+42
0.000000 9.313407e+20 8.673955e+41
0.000000 8.497969e+20 7.221547e+41
0.000000 7.643166e+20 5.841798e+41
0.000000 6.753228e+20 4.560609e+41
0.000000 5.832547e+20 3.401861e+41
0.000000 4.885653e+20 2.386960e+41
0.000000 3.917191e+20 1.534438e+41
0.000000 2.931902e+20 8.596050e+40
0.000000 1.934598e+20 3.742669e+40
0.000000 9.301361e+19 8.651531e+39
0.000000 -7.660087e+18 5.867693e+37
0.000000 -1.080731e+20 1.167979e+40
0.000000 -2.077395e+20 4.315569e+40
0.000000 -3.061781e+20 9.374505e+40
0.000000 -4.029149e+20 1.623404e+41
0.000000 -4.974848e+20 2.474911e+41
0.000000 -5.894345e+20 3.474330e+41
0.000000 -6.783244e+20 4.601240e+41
0.000000 -7.637305e+20 5.832842e+41
0.000000 -8.452466e+20 7.144419e+41
0.000000 -9.224865e+20 8.509813e+41
0.000000 -9.950852e+20 9.901945e+41
0.000000 -1.062701e+21 1.129333e+42
0.000000 -1.125017e+21 1.265664e+42
0.000000 -1.181744e+21 1.396518e+42
0.000000 -1.232617e+21 1.519345e+42
0.000000 -1.277404e+21 1.631761e+42
0.000000 -1.315900e+21 1.731593e+42
0.000000 -1.347933e+21 1.816923e+42
0.000000 -1.373361e+21 1.886120e+42
0.000000 -1.392075e+21 1.937872e+42
0.000000 -1.403998e+21 1.971210e+42
0.000000 -1.409088e+21 1.985528e+42
0.000000 -1.407333e+21 1.980587e+42
0.000000 -1.398758e+21 1.956523e+42
0.000000 -1.383417e+21 1.913843e+42
0.000000 -1.361400e+21 1.853410e+42
0.000000 -1.332827e+21 1.776427e+42
0.000000 -1.297850e+21 1.684414e+42
0.000000 -1.256652e+21 1.579173e+42
0.000000 -1.209445e+21 1.462757e+42
0.000000 -1.156471e+21 1.337425e+42
0.000000 -1.097998e+21 1.205600e+42
0.000000 -1.034321e+21 1.069820e+42
0.000000 -9.657593e+20 9.326911e+41
0.000000 -8.926546e+20 7.968323e+41
0.000000 -8.153707e+20 6.648294e+41
0.000000 -7.342904e+20 5.391824e+41
0.000000 -6.498144e+20 4.222587e+41
0.000000 -5.623588e+20 3.162474e+41
0.000000 -4.723533e+20 2.231176e+41
0.000000 -3.802392e+20 1.445818e+41
0.000000 -2.864670e+20 8.206334e+40
0.000000 -1.914944e+20 3.667010e+40
0.000000 -9.578389e+19 9.174554e+39
0.000000 1.992890e+17 3.971610e+34
