0.000000e+00 nan nan
1.500000e-17 1.730050e+17 2.993073e+34
3.000000e-17 6.919140e+17 4.787450e+35
4.500000e-17 1.556409e+18 2.422409e+36
6.000000e-17 2.765961e+18 7.650539e+36
7.500000e-17 4.319828e+18 1.866091e+37
9.000000e-17 6.217058e+18 3.865181e+37
1.050000e-16 8.456490e+18 7.151222e+37
1.200000e-16 1.103675e+19 1.218099e+38
1.350000e-16 1.395626e+19 1.947772e+38
1.500000e-16 1.721323e+19 2.962953e+38
1.650000e-16 2.080566e+19 4.328756e+38
1.800000e-16 2.473136e+19 6.116401e+38
1.950000e-16 2.898791e+19 8.402991e+38
2.100000e-16 3.357272e+19 1.127127e+39
2.250000e-16 3.848296e+19 1.480938e+39
2.400000e-16 4.371563e+19 1.911056e+39
2.550000e-16 4.926752e+19 2.427289e+39
2.700000e-16 5.513522e+19 3.039893e+39
2.850000e-16 6.131514e+19 3.759546e+39
3.000000e-16 6.780347e+19 4.597311e+39
3.150000e-16 7.459623e+19 5.564598e+39
3.300000e-16 8.168924e+19 6.673131e+39
3.450000e-16 8.907812e+19 7.934911e+39
3.600000e-16 9.675832e+19 9.362173e+39
3.750000e-16 1.047251e+20 1.096734e+40
3.900000e-16 1.129735e+20 1.276301e+40
4.050000e-16 1.214984e+20 1.476186e+40
4.200000e-16 1.302995e+20 1.697796e+40
4.350000e-16 1.393726e+20 1.942473e+40
4.500000e-16 1.486987e+20 2.211129e+40
4.650000e-16 1.582954e+20 2.505744e+40
4.800000e-16 1.681417e+20 2.827164e+40
4.950000e-16 1.782228e+20 3.176335e+40
5.100000e-16 1.885433e+20 3.554859e+40
5.250000e-16 1.990957e+20 3.963909e+40
5.400000e-16 2.098508e+20 4.403735e+40
5.550000e-16 2.208448e+20 4.877243e+40
5.700000e-16 2.319958e+20 5.382207e+40
5.850000e-16 2.433983e+20 5.924272e+40
6.000000e-16 2.549187e+20 6.498357e+40
6.150000e-16 2.666952e+20 7.112633e+40
6.300000e-16 2.786531e+20 7.764753e+40
6.450000e-16 2.906976e+20 8.450512e+40
6.600000e-16 3.029805e+20 9.179718e+40
6.750000e-16 3.154194e+20 9.948937e+40
6.900000e-16 3.279734e+20 1.075666e+41
7.050000e-16 3.406941e+20 1.160725e+41
7.200000e-16 3.535446e+20 1.249938e+41
7.350000e-16 3.665159e+20 1.343339e+41
7.500000e-16 3.797166e+20 1.441847e+41
7.650000e-16 3.929194e+20 1.543857e+41
7.800000e-16 4.062173e+20 1.650125e+41
7.950000e-16 4.196007e+20 1.760648e+41
8.100000e-16 4.334410e+20 1.878711e+41
8.250000e-16 4.470176e+20 1.998247e+41
8.400000e-16 4.606559e+20 2.122039e+41
8.550000e-16 4.743462e+20 2.250044e+41
8.700000e-16 4.880785e+20 2.382207e+41
8.850000e-16 5.026161e+20 2.526230e+41
9.000000e-16 5.164970e+20 2.667692e+41
9.150000e-16 5.303993e+20 2.813234e+41
9.300000e-16 5.443132e+20 2.962768e+41
9.450000e-16 5.582286e+20 3.116192e+41
9.600000e-16 5.732676e+20 3.286357e+41
9.750000e-16 5.872831e+20 3.449014e+41
9.900000e-16 6.012823e+20 3.615404e+41
1.005000e-15 6.152558e+20 3.785397e+41
1.020000e-15 6.291941e+20 3.958852e+41
1.035000e-15 6.430874e+20 4.135614e+41
1.050000e-15 6.569261e+20 4.315519e+41
1.065000e-15 6.707003e+20 4.498389e+41
1.080000e-15 6.861130e+20 4.707510e+41
1.095000e-15 6.998998e+20 4.898597e+41
1.110000e-15 7.136077e+20 5.092359e+41
1.125000e-15 7.272276e+20 5.288600e+41
1.140000e-15 7.407507e+20 5.487116e+41
1.155000e-15 7.541678e+20 5.687691e+41
1.170000e-15 7.674700e+20 5.890102e+41
1.185000e-15 7.806481e+20 6.094114e+41
1.200000e-15 7.956281e+20 6.330240e+41
1.215000e-15 8.087032e+20 6.540008e+41
1.230000e-15 8.216408e+20 6.750937e+41
1.245000e-15 8.344329e+20 6.962783e+41
1.260000e-15 8.470714e+20 7.175300e+41
1.275000e-15 8.595482e+20 7.388231e+41
1.290000e-15 8.718553e+20 7.601316e+41
1.305000e-15 8.839847e+20 7.814289e+41
1.320000e-15 8.959285e+20 8.026880e+41
1.335000e-15 9.076790e+20 8.238811e+41
1.350000e-15 9.192282e+20 8.449804e+41
1.365000e-15 9.305684e+20 8.659575e+41
1.380000e-15 9.439152e+20 8.909759e+41
1.395000e-15 9.549863e+20 9.119988e+41
1.410000e-15 9.658377e+20 9.328424e+41
1.425000e-15 9.764626e+20 9.534792e+41
1.440000e-15 9.868546e+20 9.738819e+41
1.455000e-15 9.970071e+20 9.940231e+41
1.470000e-15 1.006914e+21 1.013875e+42
1.485000e-15 1.016568e+21 1.033411e+42
1.500000e-15 1.025965e+21 1.052604e+42
1.515000e-15 1.035097e+21 1.071426e+42
1.530000e-15 1.043959e+21 1.089851e+42
1.545000e-15 1.052546e+21 1.107853e+42
1.560000e-15 1.060851e+21 1.125406e+42
1.575000e-15 1.068870e+21 1.142483e+42
1.590000e-15 1.076597e+21 1.159060e+42
1.605000e-15 1.084026e+21 1.175113e+42
1.620000e-15 1.093444e+21 1.195621e+42
1.635000e-15 1.100415e+21 1.210914e+42
1.650000e-15 1.107084e+21 1.225635e+42
1.665000e-15 1.113446e+21 1.239762e+42
1.680000e-15 1.119498e+21 1.253275e+42
1.695000e-15 1.125236e+21 1.266155e+42
1.710000e-15 1.130656e+21 1.278383e+42
1.725000e-15 1.135756e+21 1.289942e+42
1.740000e-15 1.140533e+21 1.300815e+42
1.755000e-15 1.144983e+21 1.310985e+42
1.770000e-15 1.149104e+21 1.320439e+42
1.785000e-15 1.152893e+21 1.329163e+42
1.800000e-15 1.156349e+21 1.337143e+42
1.815000e-15 1.159470e+21 1.344370e+42
1.830000e-15 1.162252e+21 1.350831e+42
1.845000e-15 1.164697e+21 1.356518e+42
1.860000e-15 1.166800e+21 1.361423e+42
1.875000e-15 1.168563e+21 1.365538e+42
1.890000e-15 1.169983e+21 1.368859e+42
1.905000e-15 1.171059e+21 1.371380e+42
1.920000e-15 1.171793e+21 1.373098e+42
1.935000e-15 1.174140e+21 1.378606e+42
1.950000e-15 1.174293e+21 1.378963e+42
1.965000e-15 1.174107e+21 1.378526e+42
1.980000e-15 1.173583e+21 1.377297e+42
1.995000e-15 1.172722e+21 1.375277e+42
2.010000e-15 1.171526e+21 1.372472e+42
2.025000e-15 1.169995e+21 1.368888e+42
2.040000e-15 1.168131e+21 1.364530e+42
2.055000e-15 1.165936e+21 1.359406e+42
2.070000e-15 1.163411e+21 1.353526e+42
2.085000e-15 1.160560e+21 1.346899e+42
2.100000e-15 1.157383e+21 1.339536e+42
2.115000e-15 1.153885e+21 1.331451e+42
2.130000e-15 1.150068e+21 1.322655e+42
2.145000e-15 1.145934e+21 1.313164e+42
2.160000e-15 1.141487e+21 1.302992e+42
2.175000e-15 1.136730e+21 1.292155e+42
2.190000e-15 1.131667e+21 1.280671e+42
2.205000e-15 1.126303e+21 1.268558e+42
2.220000e-15 1.120639e+21 1.255833e+42
2.235000e-15 1.114682e+21 1.242516e+42
2.250000e-15 1.108435e+21 1.228628e+42
2.265000e-15 1.101903e+21 1.214189e+42
2.280000e-15 1.095089e+21 1.199221e+42
2.295000e-15 1.088000e+21 1.183745e+42
2.310000e-15 1.080641e+21 1.167784e+42
2.325000e-15 1.073015e+21 1.151361e+42
2.340000e-15 1.065129e+21 1.134499e+42
2.355000e-15 1.056987e+21 1.117222e+42
2.370000e-15 1.048596e+21 1.099554e+42
2.385000e-15 1.039961e+21 1.081518e+42
2.400000e-15 1.031087e+21 1.063141e+42
2.415000e-15 1.021981e+21 1.044445e+42
2.430000e-15 1.012648e+21 1.025457e+42
2.445000e-15 1.004751e+21 1.009525e+42
2.460000e-15 9.950548e+20 9.901340e+41
2.475000e-15 9.851527e+20 9.705258e+41
2.490000e-15 9.750515e+20 9.507254e+41
2.505000e-15 9.647575e+20 9.307571e+41
2.520000e-15 9.542773e+20 9.106451e+41
2.535000e-15 9.436173e+20 8.904135e+41
2.550000e-15 9.327840e+20 8.700860e+41
2.565000e-15 9.217841e+20 8.496860e+41
2.580000e-15 9.106242e+20 8.292365e+41
2.595000e-15 8.993109e+20 8.087601e+41
2.610000e-15 8.878508e+20 7.882790e+41
2.625000e-15 8.762506e+20 7.678150e+41
2.640000e-15 8.645168e+20 7.473893e+41
2.655000e-15 8.526562e+20 7.270226e+41
2.670000e-15 8.406753e+20 7.067349e+41
2.685000e-15 8.285807e+20 6.865459e+41
2.700000e-15 8.163789e+20 6.664745e+41
2.715000e-15 8.040764e+20 6.465389e+41
2.730000e-15 7.916798e+20 6.267568e+41
2.745000e-15 7.791953e+20 6.071453e+41
2.760000e-15 7.666293e+20 5.877205e+41
2.775000e-15 7.539881e+20 5.684981e+41
2.790000e-15 7.412779e+20 5.494930e+41
2.805000e-15 7.285049e+20 5.307193e+41
2.820000e-15 7.156750e+20 5.121906e+41
2.835000e-15 7.027941e+20 4.939196e+41
2.850000e-15 6.898683e+20 4.759182e+41
2.865000e-15 6.769031e+20 4.581979e+41
2.880000e-15 6.639044e+20 4.407690e+41
2.895000e-15 6.508775e+20 4.236415e+41
2.910000e-15 6.378279e+20 4.068244e+41
2.925000e-15 6.247610e+20 3.903263e+41
2.940000e-15 6.116819e+20 3.741548e+41
2.955000e-15 5.985957e+20 3.583168e+41
2.970000e-15 5.855074e+20 3.428189e+41
2.985000e-15 5.724217e+20 3.276665e+41
3.000000e-15 5.593432e+20 3.128649e+41
3.015000e-15 5.462767e+20 2.984182e+41
3.030000e-15 5.332264e+20 2.843304e+41
3.045000e-15 5.201966e+20 2.706045e+41
3.060000e-15 5.071914e+20 2.572432e+41
3.075000e-15 4.942149e+20 2.442483e+41
3.090000e-15 4.812708e+20 2.316215e+41
3.105000e-15 4.683627e+20 2.193637e+41
3.120000e-15 4.554944e+20 2.074751e+41
3.135000e-15 4.426691e+20 1.959559e+41
3.150000e-15 4.298900e+20 1.848054e+41
3.165000e-15 4.171604e+20 1.740228e+41
3.180000e-15 4.044831e+20 1.636066e+41
3.195000e-15 3.918610e+20 1.535551e+41
3.210000e-15 3.792967e+20 1.438660e+41
3.225000e-15 3.667927e+20 1.345369e+41
3.240000e-15 3.543515e+20 1.255650e+41
3.255000e-15 3.419752e+20 1.169470e+41
3.270000e-15 3.296659e+20 1.086796e+41
3.285000e-15 3.174257e+20 1.007591e+41
3.300000e-15 3.065742e+20 9.398772e+40
3.315000e-15 2.945190e+20 8.674142e+40
3.330000e-15 2.825391e+20 7.982833e+40
3.345000e-15 2.706360e+20 7.324382e+40
3.360000e-15 2.588109e+20 6.698310e+40
3.375000e-15 2.470653e+20 6.104124e+40
3.390000e-15 2.354000e+20 5.541316e+40
3.405000e-15 2.238162e+20 5.009368e+40
3.420000e-15 2.123146e+20 4.507750e+40
3.435000e-15 2.008961e+20 4.035925e+40
3.450000e-15 1.895613e+20 3.593349e+40
3.465000e-15 1.783108e+20 3.179473e+40
3.480000e-15 1.671449e+20 2.793743e+40
3.495000e-15 1.560641e+20 2.435602e+40
3.510000e-15 1.450687e+20 2.104493e+40
3.525000e-15 1.341587e+20 1.799857e+40
3.540000e-15 1.233344e+20 1.521137e+40
3.555000e-15 1.125956e+20 1.267778e+40
3.570000e-15 1.019424e+20 1.039226e+40
3.585000e-15 9.137459e+19 8.349316e+39
3.600000e-15 8.089194e+19 6.543506e+39
3.615000e-15 7.049418e+19 4.969429e+39
3.630000e-15 6.018097e+19 3.621749e+39
3.645000e-15 4.995190e+19 2.495193e+39
3.660000e-15 3.980653e+19 1.584559e+39
3.675000e-15 2.974432e+19 8.847246e+38
3.690000e-15 1.976473e+19 3.906444e+38
3.705000e-15 9.867139e+18 9.736043e+37
3.720000e-15 5.090411e+16 2.591228e+33
3.735000e-15 -9.684665e+18 9.379274e+37
3.750000e-15 -1.934030e+19 3.740470e+38
3.765000e-15 -2.891674e+19 8.361780e+38
3.780000e-15 -3.841480e+19 1.475697e+39
3.795000e-15 -4.783527e+19 2.288213e+39
3.810000e-15 -5.717900e+19 3.269439e+39
3.825000e-15 -6.644686e+19 4.415185e+39
3.840000e-15 -7.563971e+19 5.721366e+39
3.855000e-15 -8.475846e+19 7.183996e+39
3.870000e-15 -9.380400e+19 8.799191e+39
3.885000e-15 -1.027773e+20 1.056317e+40
3.900000e-15 -1.116792e+20 1.247224e+40
3.915000e-15 -1.205107e+20 1.452283e+40
3.930000e-15 -1.292727e+20 1.671144e+40
3.945000e-15 -1.379662e+20 1.903468e+40
3.960000e-15 -1.465921e+20 2.148926e+40
3.975000e-15 -1.551514e+20 2.407196e+40
3.990000e-15 -1.636450e+20 2.677969e+40
4.005000e-15 -1.720738e+20 2.960940e+40
4.020000e-15 -1.804388e+20 3.255817e+40
4.035000e-15 -1.887409e+20 3.562313e+40
4.050000e-15 -1.969810e+20 3.880152e+40
4.065000e-15 -2.051601e+20 4.209065e+40
4.080000e-15 -2.132789e+20 4.548791e+40
4.095000e-15 -2.213385e+20 4.899075e+40
4.110000e-15 -2.293398e+20 5.259672e+40
4.125000e-15 -2.372834e+20 5.630342e+40
4.140000e-15 -2.451704e+20 6.010854e+40
4.155000e-15 -2.530016e+20 6.400981e+40
4.170000e-15 -2.607778e+20 6.800504e+40
4.185000e-15 -2.684997e+20 7.209210e+40
4.200000e-15 -2.761683e+20 7.626893e+40
4.215000e-15 -2.837843e+20 8.053351e+40
4.230000e-15 -2.913484e+20 8.488389e+40
4.245000e-15 -2.988614e+20 8.931816e+40
4.260000e-15 -3.063241e+20 9.383447e+40
4.275000e-15 -3.137372e+20 9.843103e+40
4.290000e-15 -3.211014e+20 1.031061e+41
4.305000e-15 -3.284173e+20 1.078579e+41
4.320000e-15 -3.356857e+20 1.126849e+41
4.335000e-15 -3.429072e+20 1.175854e+41
4.350000e-15 -3.500825e+20 1.225578e+41
4.365000e-15 -3.572122e+20 1.276006e+41
4.380000e-15 -3.642969e+20 1.327122e+41
4.395000e-15 -3.713372e+20 1.378914e+41
4.410000e-15 -3.783338e+20 1.431365e+41
4.425000e-15 -3.852872e+20 1.484462e+41
4.440000e-15 -3.921979e+20 1.538192e+41
4.455000e-15 -3.990665e+20 1.592541e+41
4.470000e-15 -4.058936e+20 1.647496e+41
4.485000e-15 -4.126796e+20 1.703045e+41
4.500000e-15 -4.194251e+20 1.759174e+41
4.515000e-15 -4.261307e+20 1.815873e+41
4.530000e-15 -4.327967e+20 1.873129e+41
4.545000e-15 -4.394236e+20 1.930931e+41
4.560000e-15 -4.460120e+20 1.989267e+41
4.575000e-15 -4.525623e+20 2.048126e+41
4.590000e-15 -4.590749e+20 2.107497e+41
4.605000e-15 -4.655502e+20 2.167370e+41
4.620000e-15 -4.719888e+20 2.227734e+41
4.635000e-15 -4.783910e+20 2.288579e+41
4.650000e-15 -4.847572e+20 2.349895e+41
4.665000e-15 -4.910878e+20 2.411672e+41
4.680000e-15 -4.973832e+20 2.473901e+41
4.695000e-15 -5.036438e+20 2.536571e+41
4.710000e-15 -5.098700e+20 2.599674e+41
4.725000e-15 -5.160621e+20 2.663201e+41
4.740000e-15 -5.222205e+20 2.727143e+41
4.755000e-15 -5.283455e+20 2.791490e+41
4.770000e-15 -5.344375e+20 2.856235e+41
4.785000e-15 -5.404968e+20 2.921368e+41
4.800000e-15 -5.465238e+20 2.986882e+41
4.815000e-15 -5.525187e+20 3.052769e+41
4.830000e-15 -5.584818e+20 3.119019e+41
4.845000e-15 -5.644135e+20 3.185626e+41
4.860000e-15 -5.703140e+20 3.252581e+41
4.875000e-15 -5.761837e+20 3.319877e+41
4.890000e-15 -5.820228e+20 3.387506e+41
4.905000e-15 -5.878316e+20 3.455460e+41
4.920000e-15 -5.936103e+20 3.523732e+41
4.935000e-15 -5.993593e+20 3.592315e+41
4.950000e-15 -6.050786e+20 3.661202e+41
4.965000e-15 -6.107687e+20 3.730384e+41
4.980000e-15 -6.164297e+20 3.799856e+41
4.995000e-15 -6.220618e+20 3.869609e+41
5.010000e-15 -6.276653e+20 3.939638e+41
5.025000e-15 -6.332404e+20 4.009934e+41
5.040000e-15 -6.387872e+20 4.080491e+41
5.055000e-15 -6.443060e+20 4.151303e+41
5.070000e-15 -6.497970e+20 4.222361e+41
5.085000e-15 -6.552603e+20 4.293660e+41
5.100000e-15 -6.606960e+20 4.365192e+41
5.115000e-15 -6.661044e+20 4.436951e+41
5.130000e-15 -6.714857e+20 4.508930e+41
5.145000e-15 -6.768398e+20 4.581121e+41
5.160000e-15 -6.821670e+20 4.653519e+41
5.175000e-15 -6.874675e+20 4.726115e+41
5.190000e-15 -6.927412e+20 4.798904e+41
5.205000e-15 -6.979884e+20 4.871879e+41
5.220000e-15 -7.153983e+20 5.117948e+41
5.235000e-15 -7.208354e+20 5.196036e+41
5.250000e-15 -7.262505e+20 5.274399e+41
5.265000e-15 -7.316441e+20 5.353030e+41
5.280000e-15 -7.370161e+20 5.431927e+41
5.295000e-15 -7.423667e+20 5.511083e+41
5.310000e-15 -7.476960e+20 5.590494e+41
5.325000e-15 -7.530043e+20 5.670154e+41
5.340000e-15 -7.582915e+20 5.750061e+41
5.355000e-15 -7.635579e+20 5.830207e+41
5.370000e-15 -7.688035e+20 5.910589e+41
5.385000e-15 -7.740285e+20 5.991201e+41
5.400000e-15 -7.792329e+20 6.072038e+41
5.415000e-15 -7.844168e+20 6.153097e+41
5.430000e-15 -7.895803e+20 6.234371e+41
5.445000e-15 -7.947236e+20 6.315855e+41
5.460000e-15 -7.998466e+20 6.397545e+41
5.475000e-15 -8.049494e+20 6.479436e+41
5.490000e-15 -8.100322e+20 6.561522e+41
5.505000e-15 -8.150950e+20 6.643798e+41
5.520000e-15 -8.201378e+20 6.726260e+41
5.535000e-15 -8.251607e+20 6.808902e+41
5.550000e-15 -8.301637e+20 6.891718e+41
5.565000e-15 -8.351469e+20 6.974704e+41
5.580000e-15 -8.401104e+20 7.057855e+41
5.595000e-15 -8.450541e+20 7.141165e+41
5.610000e-15 -8.499781e+20 7.224628e+41
5.625000e-15 -8.548825e+20 7.308241e+41
5.640000e-15 -8.597672e+20 7.391996e+41
5.655000e-15 -8.646323e+20 7.475890e+41
5.670000e-15 -8.694778e+20 7.559916e+41
5.685000e-15 -8.743037e+20 7.644070e+41
5.700000e-15 -8.791101e+20 7.728346e+41
5.715000e-15 -8.838970e+20 7.812739e+41
5.730000e-15 -8.886643e+20 7.897243e+41
5.745000e-15 -8.934121e+20 7.981853e+41
5.760000e-15 -8.981405e+20 8.066563e+41
5.775000e-15 -9.028493e+20 8.151369e+41
5.790000e-15 -9.075387e+20 8.236265e+41
5.805000e-15 -9.122086e+20 8.321245e+41
5.820000e-15 -9.168590e+20 8.406304e+41
5.835000e-15 -9.214900e+20 8.491438e+41
5.850000e-15 -9.261015e+20 8.576640e+41
5.865000e-15 -9.306936e+20 8.661905e+41
5.880000e-15 -9.352662e+20 8.747228e+41
5.895000e-15 -9.398193e+20 8.832604e+41
5.910000e-15 -9.443531e+20 8.918027e+41
5.925000e-15 -9.488673e+20 9.003492e+41
5.940000e-15 -9.533622e+20 9.088994e+41
5.955000e-15 -9.578376e+20 9.174528e+41
5.970000e-15 -9.622935e+20 9.260088e+41
5.985000e-15 -9.667300e+20 9.345669e+41
6.000000e-15 -9.711471e+20 9.431266e+41
6.015000e-15 -9.755447e+20 9.516875e+41
6.030000e-15 -9.799229e+20 9.602488e+41
6.045000e-15 -9.842816e+20 9.688103e+41
6.060000e-15 -9.886209e+20 9.773713e+41
6.075000e-15 -9.929407e+20 9.859313e+41
6.090000e-15 -9.972411e+20 9.944899e+41
6.105000e-15 -1.001522e+21 1.003046e+42
6.120000e-15 -1.005784e+21 1.011601e+42
6.135000e-15 -1.010026e+21 1.020152e+42
6.150000e-15 -1.014248e+21 1.028699e+42
6.165000e-15 -1.018451e+21 1.037243e+42
6.180000e-15 -1.022635e+21 1.045782e+42
6.195000e-15 -1.026799e+21 1.054316e+42
6.210000e-15 -1.030944e+21 1.062845e+42
6.225000e-15 -1.035069e+21 1.071368e+42
6.240000e-15 -1.039175e+21 1.079884e+42
6.255000e-15 -1.043261e+21 1.088393e+42
6.270000e-15 -1.047328e+21 1.096895e+42
6.285000e-15 -1.051375e+21 1.105389e+42
6.300000e-15 -1.055402e+21 1.113874e+42
6.315000e-15 -1.059411e+21 1.122351e+42
6.330000e-15 -1.063399e+21 1.130818e+42
6.345000e-15 -1.067368e+21 1.139275e+42
6.360000e-15 -1.071318e+21 1.147721e+42
6.375000e-15 -1.075247e+21 1.156157e+42
6.390000e-15 -1.079158e+21 1.164581e+42
6.405000e-15 -1.083048e+21 1.172993e+42
6.420000e-15 -1.086919e+21 1.181393e+42
6.435000e-15 -1.090770e+21 1.189780e+42
6.450000e-15 -1.094602e+21 1.198153e+42
6.465000e-15 -1.098414e+21 1.206512e+42
6.480000e-15 -1.102206e+21 1.214857e+42
6.495000e-15 -1.105978e+21 1.223187e+42
6.510000e-15 -1.109730e+21 1.231501e+42
6.525000e-15 -1.113463e+21 1.239800e+42
6.540000e-15 -1.117176e+21 1.248081e+42
6.555000e-15 -1.120868e+21 1.256346e+42
6.570000e-15 -1.124541e+21 1.264593e+42
6.585000e-15 -1.128194e+21 1.272822e+42
6.600000e-15 -1.131827e+21 1.281033e+42
6.615000e-15 -1.135440e+21 1.289224e+42
6.630000e-15 -1.139033e+21 1.297396e+42
6.645000e-15 -1.142605e+21 1.305547e+42
6.660000e-15 -1.146158e+21 1.313678e+42
6.675000e-15 -1.149690e+21 1.321787e+42
6.690000e-15 -1.153202e+21 1.329875e+42
6.705000e-15 -1.156694e+21 1.337940e+42
6.720000e-15 -1.160165e+21 1.345983e+42
6.735000e-15 -1.163616e+21 1.354002e+42
6.750000e-15 -1.167046e+21 1.361997e+42
6.765000e-15 -1.170456e+21 1.369967e+42
6.780000e-15 -1.173845e+21 1.377913e+42
6.795000e-15 -1.177214e+21 1.385833e+42
6.810000e-15 -1.180562e+21 1.393727e+42
6.825000e-15 -1.183889e+21 1.401594e+42
6.840000e-15 -1.187196e+21 1.409434e+42
6.855000e-15 -1.190482e+21 1.417247e+42
6.870000e-15 -1.193747e+21 1.425031e+42
6.885000e-15 -1.196991e+21 1.432786e+42
6.900000e-15 -1.200213e+21 1.440512e+42
6.915000e-15 -1.203415e+21 1.448209e+42
6.930000e-15 -1.206596e+21 1.455874e+42
6.945000e-15 -1.209756e+21 1.463509e+42
6.960000e-15 -1.212894e+21 1.471113e+42
6.975000e-15 -1.216012e+21 1.478684e+42
6.990000e-15 -1.219108e+21 1.486223e+42
7.005000e-15 -1.222182e+21 1.493729e+42
7.020000e-15 -1.225235e+21 1.501201e+42
7.035000e-15 -1.228267e+21 1.508640e+42
7.050000e-15 -1.231277e+21 1.516043e+42
7.065000e-15 -1.234266e+21 1.523412e+42
7.080000e-15 -1.237233e+21 1.530745e+42
7.095000e-15 -1.240178e+21 1.538042e+42
7.110000e-15 -1.243102e+21 1.545302e+42
7.125000e-15 -1.246004e+21 1.552525e+42
7.140000e-15 -1.248884e+21 1.559710e+42
7.155000e-15 -1.251742e+21 1.566858e+42
7.170000e-15 -1.254578e+21 1.573967e+42
7.185000e-15 -1.257393e+21 1.581036e+42
7.200000e-15 -1.260185e+21 1.588066e+42
7.215000e-15 -1.262955e+21 1.595056e+42
7.230000e-15 -1.265704e+21 1.602006e+42
7.245000e-15 -1.268430e+21 1.608915e+42
7.260000e-15 -1.271134e+21 1.615782e+42
7.275000e-15 -1.273816e+21 1.622607e+42
7.290000e-15 -1.276476e+21 1.629390e+42
7.305000e-15 -1.279113e+21 1.636130e+42
7.320000e-15 -1.281728e+21 1.642827e+42
7.335000e-15 -1.284321e+21 1.649480e+42
7.350000e-15 -1.286891e+21 1.656089e+42
7.365000e-15 -1.289439e+21 1.662653e+42
7.380000e-15 -1.291965e+21 1.669173e+42
7.395000e-15 -1.294468e+21 1.675647e+42
7.410000e-15 -1.296948e+21 1.682075e+42
7.425000e-15 -1.299406e+21 1.688457e+42
7.440000e-15 -1.301842e+21 1.694792e+42
7.455000e-15 -1.304255e+21 1.701080e+42
7.470000e-15 -1.306645e+21 1.707321e+42
7.485000e-15 -1.309012e+21 1.713513e+42
7.500000e-15 -1.311357e+21 1.719658e+42
7.515000e-15 -1.313679e+21 1.725753e+42
7.530000e-15 -1.315979e+21 1.731800e+42
7.545000e-15 -1.318255e+21 1.737797e+42
7.560000e-15 -1.320509e+21 1.743744e+42
7.575000e-15 -1.322740e+21 1.749641e+42
7.590000e-15 -1.324948e+21 1.755487e+42
7.605000e-15 -1.327133e+21 1.761282e+42
7.620000e-15 -1.329295e+21 1.767025e+42
7.635000e-15 -1.331434e+21 1.772717e+42
7.650000e-15 -1.333550e+21 1.778357e+42
7.665000e-15 -1.335644e+21 1.783944e+42
7.680000e-15 -1.337714e+21 1.789478e+42
7.695000e-15 -1.339761e+21 1.794959e+42
7.710000e-15 -1.341785e+21 1.800386e+42
7.725000e-15 -1.343785e+21 1.805759e+42
7.740000e-15 -1.345763e+21 1.811078e+42
7.755000e-15 -1.347717e+21 1.816342e+42
7.770000e-15 -1.349648e+21 1.821551e+42
7.785000e-15 -1.351556e+21 1.826704e+42
7.800000e-15 -1.353441e+21 1.831802e+42
7.815000e-15 -1.355302e+21 1.836843e+42
7.830000e-15 -1.357140e+21 1.841828e+42
7.845000e-15 -1.358954e+21 1.846756e+42
7.860000e-15 -1.360745e+21 1.851627e+42
7.875000e-15 -1.362512e+21 1.856440e+42
7.890000e-15 -1.364256e+21 1.861195e+42
7.905000e-15 -1.365977e+21 1.865892e+42
7.920000e-15 -1.367673e+21 1.870530e+42
7.935000e-15 -1.369347e+21 1.875110e+42
7.950000e-15 -1.370996e+21 1.879630e+42
7.965000e-15 -1.372622e+21 1.884091e+42
7.980000e-15 -1.374224e+21 1.888492e+42
7.995000e-15 -1.375802e+21 1.892832e+42
8.010000e-15 -1.377357e+21 1.897112e+42
8.025000e-15 -1.378888e+21 1.901331e+42
8.040000e-15 -1.380395e+21 1.905489e+42
8.055000e-15 -1.381878e+21 1.909586e+42
8.070000e-15 -1.383337e+21 1.913620e+42
8.085000e-15 -1.384772e+21 1.917593e+42
8.100000e-15 -1.386183e+21 1.921503e+42
8.115000e-15 -1.387570e+21 1.925350e+42
8.130000e-15 -1.388933e+21 1.929135e+42
8.145000e-15 -1.390272e+21 1.932856e+42
8.160000e-15 -1.391587e+21 1.936514e+42
8.175000e-15 -1.392877e+21 1.940108e+42
8.190000e-15 -1.394144e+21 1.943637e+42
8.205000e-15 -1.395386e+21 1.947103e+42
8.220000e-15 -1.396604e+21 1.950503e+42
8.235000e-15 -1.397798e+21 1.953839e+42
8.250000e-15 -1.398967e+21 1.957110e+42
8.265000e-15 -1.400113e+21 1.960315e+42
8.280000e-15 -1.401233e+21 1.963455e+42
8.295000e-15 -1.402330e+21 1.966529e+42
8.310000e-15 -1.403402e+21 1.969536e+42
8.325000e-15 -1.404449e+21 1.972478e+42
8.340000e-15 -1.405472e+21 1.975353e+42
8.355000e-15 -1.406471e+21 1.978161e+42
8.370000e-15 -1.407445e+21 1.980902e+42
8.385000e-15 -1.408395e+21 1.983576e+42
8.400000e-15 -1.409320e+21 1.986183e+42
8.415000e-15 -1.410220e+21 1.988722e+42
8.430000e-15 -1.411096e+21 1.991193e+42
8.445000e-15 -1.411948e+21 1.993597e+42
8.460000e-15 -1.412775e+21 1.995932e+42
8.475000e-15 -1.413577e+21 1.998200e+42
8.490000e-15 -1.414354e+21 2.000398e+42
8.505000e-15 -1.415107e+21 2.002529e+42
8.520000e-15 -1.415836e+21 2.004591e+42
8.535000e-15 -1.416539e+21 2.006583e+42
8.550000e-15 -1.417218e+21 2.008508e+42
8.565000e-15 -1.417873e+21 2.010362e+42
8.580000e-15 -1.418502e+21 2.012148e+42
8.595000e-15 -1.419107e+21 2.013865e+42
8.610000e-15 -1.419687e+21 2.015512e+42
8.625000e-15 -1.420243e+21 2.017089e+42
8.640000e-15 -1.420774e+21 2.018597e+42
8.655000e-15 -1.421280e+21 2.020036e+42
8.670000e-15 -1.421761e+21 2.021404e+42
8.685000e-15 -1.422218e+21 2.022703e+42
8.700000e-15 -1.422650e+21 2.023932e+42
8.715000e-15 -1.423057e+21 2.025091e+42
8.730000e-15 -1.423439e+21 2.026180e+42
8.745000e-15 -1.423797e+21 2.027199e+42
8.760000e-15 -1.424130e+21 2.028147e+42
8.775000e-15 -1.424439e+21 2.029026e+42
8.790000e-15 -1.424722e+21 2.029834e+42
8.805000e-15 -1.424981e+21 2.030572e+42
8.820000e-15 -1.425216e+21 2.031239e+42
8.835000e-15 -1.425425e+21 2.031837e+42
8.850000e-15 -1.425610e+21 2.032364e+42
8.865000e-15 -1.425770e+21 2.032820e+42
8.880000e-15 -1.425906e+21 2.033207e+42
8.895000e-15 -1.426016e+21 2.033523e+42
8.910000e-15 -1.426102e+21 2.033768e+42
8.925000e-15 -1.426164e+21 2.033943e+42
8.940000e-15 -1.426201e+21 2.034048e+42
8.955000e-15 -1.426213e+21 2.034082e+42
8.970000e-15 -1.426200e+21 2.034047e+42
8.985000e-15 -1.426163e+21 2.033940e+42
9.000000e-15 -1.426101e+21 2.033764e+42
9.015000e-15 -1.426014e+21 2.033517e+42
9.030000e-15 -1.425903e+21 2.033200e+42
9.045000e-15 -1.425767e+21 2.032812e+42
9.060000e-15 -1.425607e+21 2.032355e+42
9.075000e-15 -1.425422e+21 2.031827e+42
9.090000e-15 -1.425212e+21 2.031229e+42
9.105000e-15 -1.424978e+21 2.030561e+42
9.120000e-15 -1.424719e+21 2.029823e+42
9.135000e-15 -1.424435e+21 2.029016e+42
9.150000e-15 -1.424127e+21 2.028138e+42
9.165000e-15 -1.423794e+21 2.027190e+42
9.180000e-15 -1.423437e+21 2.026173e+42
9.195000e-15 -1.423055e+21 2.025086e+42
9.210000e-15 -1.422649e+21 2.023930e+42
9.225000e-15 -1.422218e+21 2.022704e+42
9.240000e-15 -1.421762e+21 2.021408e+42
9.255000e-15 -1.421282e+21 2.020043e+42
9.270000e-15 -1.420778e+21 2.018609e+42
9.285000e-15 -1.420249e+21 2.017106e+42
9.300000e-15 -1.419695e+21 2.015534e+42
9.315000e-15 -1.419117e+21 2.013893e+42
9.330000e-15 -1.418514e+21 2.012183e+42
9.345000e-15 -1.417887e+21 2.010404e+42
9.360000e-15 -1.417236e+21 2.008557e+42
9.375000e-15 -1.416560e+21 2.006641e+42
9.390000e-15 -1.415859e+21 2.004657e+42
9.405000e-15 -1.415134e+21 2.002605e+42
9.420000e-15 -1.414385e+21 2.000485e+42
9.435000e-15 -1.413611e+21 1.998297e+42
9.450000e-15 -1.412813e+21 1.996041e+42
9.465000e-15 -1.411991e+21 1.993718e+42
9.480000e-15 -1.411144e+21 1.991328e+42
9.495000e-15 -1.410273e+21 1.988870e+42
9.510000e-15 -1.409378e+21 1.986345e+42
9.525000e-15 -1.408458e+21 1.983753e+42
9.540000e-15 -1.407514e+21 1.981095e+42
9.555000e-15 -1.406546e+21 1.978370e+42
9.570000e-15 -1.405553e+21 1.975579e+42
9.585000e-15 -1.404536e+21 1.972722e+42
9.600000e-15 -1.403495e+21 1.969799e+42
9.615000e-15 -1.402430e+21 1.966811e+42
9.630000e-15 -1.401341e+21 1.963757e+42
9.645000e-15 -1.400228e+21 1.960638e+42
9.660000e-15 -1.399090e+21 1.957454e+42
9.675000e-15 -1.397929e+21 1.954205e+42
9.690000e-15 -1.396743e+21 1.950892e+42
9.705000e-15 -1.395534e+21 1.947515e+42
9.720000e-15 -1.394300e+21 1.944074e+42
9.735000e-15 -1.393043e+21 1.940569e+42
9.750000e-15 -1.391762e+21 1.937000e+42
9.765000e-15 -1.390456e+21 1.933369e+42
9.780000e-15 -1.389127e+21 1.929675e+42
9.795000e-15 -1.387775e+21 1.925918e+42
9.810000e-15 -1.386398e+21 1.922099e+42
9.825000e-15 -1.384998e+21 1.918218e+42
9.840000e-15 -1.383574e+21 1.914276e+42
9.855000e-15 -1.382126e+21 1.910272e+42
9.870000e-15 -1.380655e+21 1.906207e+42
9.885000e-15 -1.379160e+21 1.902082e+42
9.900000e-15 -1.377641e+21 1.897896e+42
9.915000e-15 -1.376099e+21 1.893650e+42
9.930000e-15 -1.374534e+21 1.889344e+42
9.945000e-15 -1.372945e+21 1.884979e+42
9.960000e-15 -1.371333e+21 1.880555e+42
9.975000e-15 -1.369698e+21 1.876072e+42
9.990000e-15 -1.368039e+21 1.871531e+42
1.000500e-14 -1.366357e+21 1.866931e+42
1.002000e-14 -1.364652e+21 1.862275e+42
1.003500e-14 -1.362924e+21 1.857561e+42
1.005000e-14 -1.361172e+21 1.852790e+42
1.006500e-14 -1.359398e+21 1.847962e+42
1.008000e-14 -1.357600e+21 1.843079e+42
1.009500e-14 -1.355780e+21 1.838139e+42
1.011000e-14 -1.353937e+21 1.833145e+42
1.012500e-14 -1.352071e+21 1.828095e+42
1.014000e-14 -1.350182e+21 1.822991e+42
1.015500e-14 -1.348270e+21 1.817832e+42
1.017000e-14 -1.346336e+21 1.812620e+42
1.018500e-14 -1.344379e+21 1.807354e+42
1.020000e-14 -1.342399e+21 1.802035e+42
1.021500e-14 -1.340397e+21 1.796664e+42
1.023000e-14 -1.338372e+21 1.791240e+42
1.024500e-14 -1.336325e+21 1.785765e+42
1.026000e-14 -1.334255e+21 1.780238e+42
1.027500e-14 -1.332164e+21 1.774660e+42
1.029000e-14 -1.330049e+21 1.769031e+42
1.030500e-14 -1.327913e+21 1.763353e+42
1.032000e-14 -1.325754e+21 1.757625e+42
1.033500e-14 -1.323574e+21 1.751847e+42
1.035000e-14 -1.321371e+21 1.746021e+42
1.036500e-14 -1.319146e+21 1.740146e+42
1.038000e-14 -1.316899e+21 1.734223e+42
1.039500e-14 -1.314630e+21 1.728253e+42
1.041000e-14 -1.312340e+21 1.722235e+42
1.042500e-14 -1.310027e+21 1.716171e+42
1.044000e-14 -1.307693e+21 1.710061e+42
1.045500e-14 -1.305337e+21 1.703904e+42
1.047000e-14 -1.302959e+21 1.697703e+42
1.048500e-14 -1.300560e+21 1.691457e+42
1.050000e-14 -1.298139e+21 1.685166e+42
1.051500e-14 -1.295697e+21 1.678831e+42
1.053000e-14 -1.293233e+21 1.672452e+42
1.054500e-14 -1.290748e+21 1.666031e+42
1.056000e-14 -1.288242e+21 1.659567e+42
1.057500e-14 -1.285714e+21 1.653061e+42
1.059000e-14 -1.283165e+21 1.646513e+42
1.060500e-14 -1.280595e+21 1.639924e+42
1.062000e-14 -1.278004e+21 1.633295e+42
1.063500e-14 -1.275392e+21 1.626625e+42
1.065000e-14 -1.272759e+21 1.619915e+42
1.066500e-14 -1.270105e+21 1.613166e+42
1.068000e-14 -1.267430e+21 1.606379e+42
1.069500e-14 -1.264734e+21 1.599553e+42
1.071000e-14 -1.262018e+21 1.592689e+42
1.072500e-14 -1.259281e+21 1.585788e+42
1.074000e-14 -1.256523e+21 1.578850e+42
1.075500e-14 -1.253745e+21 1.571876e+42
1.077000e-14 -1.250946e+21 1.564866e+42
1.078500e-14 -1.248127e+21 1.557821e+42
1.080000e-14 -1.245288e+21 1.550741e+42
1.081500e-14 -1.242428e+21 1.543627e+42
1.083000e-14 -1.239548e+21 1.536479e+42
1.084500e-14 -1.236648e+21 1.529298e+42
1.086000e-14 -1.233728e+21 1.522084e+42
1.087500e-14 -1.230787e+21 1.514838e+42
1.089000e-14 -1.227827e+21 1.507560e+42
1.090500e-14 -1.224847e+21 1.500251e+42
1.092000e-14 -1.221848e+21 1.492912e+42
1.093500e-14 -1.218828e+21 1.485542e+42
1.095000e-14 -1.215789e+21 1.478143e+42
1.096500e-14 -1.212730e+21 1.470715e+42
1.098000e-14 -1.209652e+21 1.463258e+42
1.099500e-14 -1.206554e+21 1.455774e+42
1.101000e-14 -1.203438e+21 1.448262e+42
1.102500e-14 -1.200301e+21 1.440723e+42
1.104000e-14 -1.197146e+21 1.433158e+42
1.105500e-14 -1.193971e+21 1.425567e+42
1.107000e-14 -1.190778e+21 1.417952e+42
1.108500e-14 -1.187565e+21 1.410311e+42
1.110000e-14 -1.184334e+21 1.402647e+42
1.111500e-14 -1.181084e+21 1.394959e+42
1.113000e-14 -1.177815e+21 1.387247e+42
1.114500e-14 -1.174527e+21 1.379514e+42
1.116000e-14 -1.171221e+21 1.371759e+42
1.117500e-14 -1.167897e+21 1.363982e+42
1.119000e-14 -1.164554e+21 1.356185e+42
1.120500e-14 -1.161192e+21 1.348368e+42
1.122000e-14 -1.157813e+21 1.340531e+42
1.123500e-14 -1.154415e+21 1.332675e+42
1.125000e-14 -1.151000e+21 1.324801e+42
1.126500e-14 -1.147566e+21 1.316909e+42
1.128000e-14 -1.144115e+21 1.308999e+42
1.129500e-14 -1.140646e+21 1.301073e+42
1.131000e-14 -1.137159e+21 1.293130e+42
1.132500e-14 -1.133654e+21 1.285173e+42
1.134000e-14 -1.130133e+21 1.277200e+42
1.135500e-14 -1.126593e+21 1.269212e+42
1.137000e-14 -1.123036e+21 1.261211e+42
1.138500e-14 -1.119462e+21 1.253196e+42
1.140000e-14 -1.115871e+21 1.245169e+42
1.141500e-14 -1.112263e+21 1.237129e+42
1.143000e-14 -1.108638e+21 1.229078e+42
1.144500e-14 -1.104996e+21 1.221016e+42
1.146000e-14 -1.101337e+21 1.212943e+42
1.147500e-14 -1.097661e+21 1.204861e+42
1.149000e-14 -1.093969e+21 1.196769e+42
1.150500e-14 -1.090260e+21 1.188668e+42
1.152000e-14 -1.086535e+21 1.180559e+42
1.153500e-14 -1.082794e+21 1.172443e+42
1.155000e-14 -1.079036e+21 1.164319e+42
1.156500e-14 -1.075262e+21 1.156189e+42
1.158000e-14 -1.071472e+21 1.148053e+42
1.159500e-14 -1.067666e+21 1.139911e+42
1.161000e-14 -1.063844e+21 1.131765e+42
1.162500e-14 -1.060007e+21 1.123614e+42
1.164000e-14 -1.056153e+21 1.115460e+42
1.165500e-14 -1.052284e+21 1.107303e+42
1.167000e-14 -1.048400e+21 1.099143e+42
1.168500e-14 -1.044500e+21 1.090980e+42
1.170000e-14 -1.040585e+21 1.082817e+42
1.171500e-14 -1.036654e+21 1.074652e+42
1.173000e-14 -1.032709e+21 1.066487e+42
1.174500e-14 -1.028748e+21 1.058323e+42
1.176000e-14 -1.024772e+21 1.050159e+42
1.177500e-14 -1.020782e+21 1.041996e+42
1.179000e-14 -1.016777e+21 1.033835e+42
1.180500e-14 -1.012757e+21 1.025676e+42
1.182000e-14 -1.008722e+21 1.017520e+42
1.183500e-14 -1.004673e+21 1.009368e+42
1.185000e-14 -1.000610e+21 1.001220e+42
1.186500e-14 -9.965319e+20 9.930759e+41
1.188000e-14 -9.924400e+20 9.849372e+41
1.189500e-14 -9.883340e+20 9.768040e+41
1.191000e-14 -9.842139e+20 9.686770e+41
1.192500e-14 -9.800799e+20 9.605567e+41
1.194000e-14 -9.759321e+20 9.524435e+41
1.195500e-14 -9.717706e+20 9.443382e+41
1.197000e-14 -9.675955e+20 9.362410e+41
1.198500e-14 -9.634068e+20 9.281527e+41
1.200000e-14 -9.592048e+20 9.200738e+41
1.201500e-14 -9.549893e+20 9.120047e+41
1.203000e-14 -9.507607e+20 9.039459e+41
1.204500e-14 -9.465189e+20 8.958981e+41
1.206000e-14 -9.422642e+20 8.878618e+41
1.207500e-14 -9.379965e+20 8.798373e+41
1.209000e-14 -9.337159e+20 8.718254e+41
1.210500e-14 -9.294227e+20 8.638265e+41
1.212000e-14 -9.251168e+20 8.558411e+41
1.213500e-14 -9.207984e+20 8.478697e+41
1.215000e-14 -9.164676e+20 8.399129e+41
1.216500e-14 -9.121245e+20 8.319711e+41
1.218000e-14 -9.077692e+20 8.240449e+41
1.219500e-14 -9.034018e+20 8.161348e+41
1.221000e-14 -8.990224e+20 8.082413e+41
1.222500e-14 -8.946311e+20 8.003649e+41
1.224000e-14 -8.902281e+20 7.925061e+41
1.225500e-14 -8.858134e+20 7.846653e+41
1.227000e-14 -8.813871e+20 7.768432e+41
1.228500e-14 -8.769494e+20 7.690402e+41
1.230000e-14 -8.725003e+20 7.612568e+41
1.231500e-14 -8.680400e+20 7.534934e+41
1.233000e-14 -8.635685e+20 7.457506e+41
1.234500e-14 -8.590861e+20 7.380289e+41
1.236000e-14 -8.545927e+20 7.303287e+41
1.237500e-14 -8.500886e+20 7.226506e+41
1.239000e-14 -8.455738e+20 7.149950e+41
1.240500e-14 -8.410483e+20 7.073623e+41
1.242000e-14 -8.365125e+20 6.997531e+41
1.243500e-14 -8.319663e+20 6.921679e+41
1.245000e-14 -8.274098e+20 6.846070e+41
1.246500e-14 -8.228433e+20 6.770710e+41
1.248000e-14 -8.182667e+20 6.695604e+41
1.249500e-14 -8.136802e+20 6.620755e+41
1.251000e-14 -8.090840e+20 6.546169e+41
1.252500e-14 -8.044781e+20 6.471850e+41
1.254000e-14 -7.998626e+20 6.397802e+41
1.255500e-14 -7.952377e+20 6.324030e+41
1.257000e-14 -7.906035e+20 6.250538e+41
1.258500e-14 -7.859600e+20 6.177331e+41
1.260000e-14 -7.813075e+20 6.104414e+41
1.261500e-14 -7.766460e+20 6.031789e+41
1.263000e-14 -7.719756e+20 5.959463e+41
1.264500e-14 -7.672964e+20 5.887438e+41
1.266000e-14 -7.626087e+20 5.815720e+41
1.267500e-14 -7.579124e+20 5.744311e+41
1.269000e-14 -7.532077e+20 5.673218e+41
1.270500e-14 -7.484947e+20 5.602442e+41
1.272000e-14 -7.437735e+20 5.531990e+41
1.273500e-14 -7.390442e+20 5.461864e+41
1.275000e-14 -7.343071e+20 5.392069e+41
1.276500e-14 -7.295620e+20 5.322608e+41
1.278000e-14 -7.248093e+20 5.253485e+41
1.279500e-14 -7.200490e+20 5.184705e+41
1.281000e-14 -7.152811e+20 5.116271e+41
1.282500e-14 -7.105059e+20 5.048187e+41
1.284000e-14 -7.057235e+20 4.980456e+41
1.285500e-14 -7.009339e+20 4.913083e+41
1.287000e-14 -6.961372e+20 4.846070e+41
1.288500e-14 -6.913337e+20 4.779422e+41
1.290000e-14 -6.865233e+20 4.713142e+41
1.291500e-14 -6.817062e+20 4.647234e+41
1.293000e-14 -6.768826e+20 4.581701e+41
1.294500e-14 -6.720525e+20 4.516546e+41
1.296000e-14 -6.672161e+20 4.451773e+41
1.297500e-14 -6.623734e+20 4.387386e+41
1.299000e-14 -6.575246e+20 4.323387e+41
1.300500e-14 -6.526699e+20 4.259779e+41
1.302000e-14 -6.478092e+20 4.196567e+41
1.303500e-14 -6.429427e+20 4.133753e+41
1.305000e-14 -6.380706e+20 4.071341e+41
1.306500e-14 -6.331929e+20 4.009333e+41
1.308000e-14 -6.283098e+20 3.947732e+41
1.309500e-14 -6.234214e+20 3.886542e+41
1.311000e-14 -6.185278e+20 3.825766e+41
1.312500e-14 -6.136290e+20 3.765406e+41
1.314000e-14 -6.087253e+20 3.705465e+41
1.315500e-14 -6.038168e+20 3.645947e+41
1.317000e-14 -5.989034e+20 3.586853e+41
1.318500e-14 -5.939855e+20 3.528187e+41
1.320000e-14 -5.890630e+20 3.469952e+41
1.321500e-14 -5.841361e+20 3.412150e+41
1.323000e-14 -5.792049e+20 3.354784e+41
1.324500e-14 -5.742696e+20 3.297856e+41
1.326000e-14 -5.693302e+20 3.241369e+41
1.327500e-14 -5.643868e+20 3.185325e+41
1.329000e-14 -5.594397e+20 3.129727e+41
1.330500e-14 -5.544888e+20 3.074578e+41
1.332000e-14 -5.495343e+20 3.019879e+41
1.333500e-14 -5.445763e+20 2.965633e+41
1.335000e-14 -5.396150e+20 2.911843e+41
1.336500e-14 -5.346504e+20 2.858510e+41
1.338000e-14 -5.296827e+20 2.805637e+41
1.339500e-14 -5.247119e+20 2.753226e+41
1.341000e-14 -5.197383e+20 2.701279e+41
1.342500e-14 -5.147619e+20 2.649798e+41
1.344000e-14 -5.097828e+20 2.598785e+41
1.345500e-14 -5.048012e+20 2.548243e+41
1.347000e-14 -4.998172e+20 2.498172e+41
1.348500e-14 -4.948309e+20 2.448576e+41
1.350000e-14 -4.898423e+20 2.399455e+41
1.351500e-14 -4.848518e+20 2.350812e+41
1.353000e-14 -4.798592e+20 2.302649e+41
1.354500e-14 -4.748648e+20 2.254966e+41
1.356000e-14 -4.698688e+20 2.207767e+41
1.357500e-14 -4.648711e+20 2.161051e+41
1.359000e-14 -4.598720e+20 2.114822e+41
1.360500e-14 -4.548715e+20 2.069080e+41
1.362000e-14 -4.498697e+20 2.023828e+41
1.363500e-14 -4.448669e+20 1.979066e+41
1.365000e-14 -4.398631e+20 1.934795e+41
1.366500e-14 -4.348584e+20 1.891018e+41
1.368000e-14 -4.298529e+20 1.847735e+41
1.369500e-14 -4.248468e+20 1.804948e+41
1.371000e-14 -4.198402e+20 1.762658e+41
1.372500e-14 -4.148333e+20 1.720866e+41
1.374000e-14 -4.098260e+20 1.679574e+41
1.375500e-14 -4.048186e+20 1.638781e+41
1.377000e-14 -3.998112e+20 1.598490e+41
1.378500e-14 -3.948038e+20 1.558701e+41
1.380000e-14 -3.897967e+20 1.519415e+41
1.381500e-14 -3.847899e+20 1.480633e+41
1.383000e-14 -3.797835e+20 1.442355e+41
1.384500e-14 -3.747777e+20 1.404584e+41
1.386000e-14 -3.697726e+20 1.367318e+41
1.387500e-14 -3.647684e+20 1.330560e+41
1.389000e-14 -3.597650e+20 1.294309e+41
1.390500e-14 -3.547627e+20 1.258566e+41
1.392000e-14 -3.497615e+20 1.223331e+41
1.393500e-14 -3.447617e+20 1.188606e+41
1.395000e-14 -3.397632e+20 1.154390e+41
1.396500e-14 -3.347662e+20 1.120684e+41
1.398000e-14 -3.297709e+20 1.087489e+41
1.399500e-14 -3.247774e+20 1.054803e+41
1.401000e-14 -3.197857e+20 1.022629e+41
1.402500e-14 -3.147960e+20 9.909651e+40
1.404000e-14 -3.098084e+20 9.598124e+40
1.405500e-14 -3.048230e+20 9.291707e+40
1.407000e-14 -2.998400e+20 8.990401e+40
1.408500e-14 -2.948594e+20 8.694206e+40
1.410000e-14 -2.898814e+20 8.403121e+40
1.411500e-14 -2.849060e+20 8.117145e+40
1.413000e-14 -2.799335e+20 7.836276e+40
1.414500e-14 -2.749639e+20 7.560513e+40
1.416000e-14 -2.699973e+20 7.289852e+40
1.417500e-14 -2.650338e+20 7.024292e+40
1.419000e-14 -2.600736e+20 6.763828e+40
1.420500e-14 -2.551168e+20 6.508456e+40
1.422000e-14 -2.501634e+20 6.258172e+40
1.423500e-14 -2.452136e+20 6.012972e+40
1.425000e-14 -2.402676e+20 5.772850e+40
1.426500e-14 -2.353253e+20 5.537800e+40
1.428000e-14 -2.303870e+20 5.307816e+40
1.429500e-14 -2.254527e+20 5.082892e+40
1.431000e-14 -2.205226e+20 4.863020e+40
1.432500e-14 -2.155967e+20 4.648193e+40
1.434000e-14 -2.106752e+20 4.438404e+40
1.435500e-14 -2.057582e+20 4.233643e+40
1.437000e-14 -2.008458e+20 4.033902e+40
1.438500e-14 -1.959380e+20 3.839172e+40
1.440000e-14 -1.910351e+20 3.649443e+40
1.441500e-14 -1.861372e+20 3.464705e+40
1.443000e-14 -1.812442e+20 3.284947e+40
1.444500e-14 -1.763564e+20 3.110159e+40
1.446000e-14 -1.714739e+20 2.940329e+40
1.447500e-14 -1.665967e+20 2.775446e+40
1.449000e-14 -1.617250e+20 2.615497e+40
1.450500e-14 -1.568589e+20 2.460470e+40
1.452000e-14 -1.519984e+20 2.310352e+40
1.453500e-14 -1.471438e+20 2.165130e+40
1.455000e-14 -1.422951e+20 2.024789e+40
1.456500e-14 -1.374524e+20 1.889315e+40
1.458000e-14 -1.326158e+20 1.758694e+40
1.459500e-14 -1.277854e+20 1.632911e+40
1.461000e-14 -1.229614e+20 1.511951e+40
1.462500e-14 -1.181438e+20 1.395797e+40
1.464000e-14 -1.133329e+20 1.284434e+40
1.465500e-14 -1.085285e+20 1.177844e+40
1.467000e-14 -1.037310e+20 1.076011e+40
1.468500e-14 -9.894031e+19 9.789184e+39
1.470000e-14 -9.415663e+19 8.865472e+39
1.471500e-14 -8.938006e+19 7.988796e+39
1.473000e-14 -8.461070e+19 7.158971e+39
1.474500e-14 -7.984866e+19 6.375808e+39
1.476000e-14 -7.509404e+19 5.639115e+39
1.477500e-14 -7.034696e+19 4.948694e+39
1.479000e-14 -6.560751e+19 4.304346e+39
1.480500e-14 -6.087582e+19 3.705865e+39
1.482000e-14 -5.615198e+19 3.153045e+39
1.483500e-14 -5.143611e+19 2.645673e+39
1.485000e-14 -4.672830e+19 2.183534e+39
1.486500e-14 -4.202868e+19 1.766410e+39
1.488000e-14 -3.733734e+19 1.394077e+39
1.489500e-14 -3.265439e+19 1.066309e+39
1.491000e-14 -2.797994e+19 7.828769e+38
1.492500e-14 -2.331409e+19 5.435469e+38
1.494000e-14 -1.865696e+19 3.480821e+38
1.495500e-14 -1.400864e+19 1.962421e+38
1.497000e-14 -9.369248e+18 8.778280e+37
1.498500e-14 -4.738881e+18 2.245699e+37
