0.000000e+00 nan nan
1.500000e-17 -8.444378e+18 7.130752e+37
3.000000e-17 -3.375497e+19 1.139398e+39
4.500000e-17 -7.586420e+19 5.755377e+39
6.000000e-17 -1.346596e+20 1.813321e+40
7.500000e-17 -2.099840e+20 4.409329e+40
9.000000e-17 -3.016359e+20 9.098425e+40
1.050000e-16 -4.093700e+20 1.675838e+41
1.200000e-16 -5.328971e+20 2.839793e+41
1.350000e-16 -6.718856e+20 4.514303e+41
1.500000e-16 -8.259614e+20 6.822122e+41
1.650000e-16 -9.947089e+20 9.894458e+41
1.800000e-16 -1.177672e+21 1.386911e+42
1.950000e-16 -1.374354e+21 1.888848e+42
2.100000e-16 -1.584219e+21 2.509751e+42
2.250000e-16 -1.806696e+21 3.264149e+42
2.400000e-16 -2.041172e+21 4.166383e+42
2.550000e-16 -2.287002e+21 5.230377e+42
2.700000e-16 -2.543503e+21 6.469409e+42
2.850000e-16 -2.809961e+21 7.895879e+42
3.000000e-16 -3.085625e+21 9.521080e+42
3.150000e-16 -3.369714e+21 1.135497e+43
3.300000e-16 -3.661416e+21 1.340597e+43
3.450000e-16 -3.959887e+21 1.568070e+43
3.600000e-16 -4.264252e+21 1.818384e+43
3.750000e-16 -4.573607e+21 2.091788e+43
3.900000e-16 -4.887018e+21 2.388294e+43
4.050000e-16 -5.203519e+21 2.707661e+43
4.200000e-16 -5.521948e+21 3.049191e+43
4.350000e-16 -5.842432e+21 3.413401e+43
4.500000e-16 -6.162264e+21 3.797350e+43
4.650000e-16 -6.484287e+21 4.204598e+43
4.800000e-16 -6.807759e+21 4.634558e+43
4.950000e-16 -7.123380e+21 5.074254e+43
5.100000e-16 -7.446360e+21 5.544828e+43
5.250000e-16 -7.755179e+21 6.014280e+43
5.400000e-16 -8.077004e+21 6.523799e+43
5.550000e-16 -8.376653e+21 7.016831e+43
5.700000e-16 -8.700046e+21 7.569079e+43
5.850000e-16 -8.989464e+21 8.081047e+43
6.000000e-16 -9.358094e+21 8.757392e+43
6.150000e-16 -9.645143e+21 9.302878e+43
6.300000e-16 -9.924029e+21 9.848635e+43
6.450000e-16 -1.015302e+22 1.030838e+44
6.600000e-16 -1.040664e+22 1.082982e+44
6.750000e-16 -1.064922e+22 1.134059e+44
6.900000e-16 -1.087196e+22 1.181996e+44
7.050000e-16 -1.108922e+22 1.229708e+44
7.200000e-16 -1.129337e+22 1.275403e+44
7.350000e-16 -1.148384e+22 1.318786e+44
7.500000e-16 -1.165866e+22 1.359243e+44
7.650000e-16 -1.181994e+22 1.397109e+44
7.800000e-16 -1.196597e+22 1.431844e+44
7.950000e-16 -1.209630e+22 1.463205e+44
8.100000e-16 -1.221126e+22 1.491148e+44
8.250000e-16 -1.230913e+22 1.515148e+44
8.400000e-16 -1.239024e+22 1.535180e+44
8.550000e-16 -1.245428e+22 1.551092e+44
8.700000e-16 -1.250104e+22 1.562759e+44
8.850000e-16 -1.253136e+22 1.570350e+44
9.000000e-16 -1.254310e+22 1.573294e+44
9.150000e-16 -1.253709e+22 1.571787e+44
9.300000e-16 -1.251327e+22 1.565819e+44
9.450000e-16 -1.247161e+22 1.555409e+44
9.600000e-16 -1.241283e+22 1.540784e+44
9.750000e-16 -1.233566e+22 1.521684e+44
9.900000e-16 -1.224083e+22 1.498379e+44
1.005000e-15 -1.212850e+22 1.471005e+44
1.020000e-15 -1.199885e+22 1.439723e+44
1.035000e-15 -1.185210e+22 1.404724e+44
1.050000e-15 -1.168854e+22 1.366221e+44
1.065000e-15 -1.150847e+22 1.324449e+44
1.080000e-15 -1.131264e+22 1.279757e+44
1.095000e-15 -1.110066e+22 1.232247e+44
1.110000e-15 -1.087334e+22 1.182296e+44
1.125000e-15 -1.063113e+22 1.130209e+44
1.140000e-15 -1.037452e+22 1.076306e+44
1.155000e-15 -1.010403e+22 1.020915e+44
1.170000e-15 -9.820232e+21 9.643696e+43
1.185000e-15 -9.523703e+21 9.070093e+43
1.200000e-15 -9.215167e+21 8.491930e+43
1.215000e-15 -8.895065e+21 7.912219e+43
1.230000e-15 -8.564162e+21 7.334487e+43
1.245000e-15 -8.223149e+21 6.762018e+43
1.260000e-15 -7.872738e+21 6.198000e+43
1.275000e-15 -7.513662e+21 5.645512e+43
1.290000e-15 -7.146672e+21 5.107492e+43
1.305000e-15 -6.772532e+21 4.586720e+43
1.320000e-15 -6.392024e+21 4.085798e+43
1.335000e-15 -6.005940e+21 3.607131e+43
1.350000e-15 -5.615080e+21 3.152912e+43
1.365000e-15 -5.220254e+21 2.725105e+43
1.380000e-15 -4.822253e+21 2.325413e+43
1.395000e-15 -4.421946e+21 1.955360e+43
1.410000e-15 -4.020128e+21 1.616143e+43
1.425000e-15 -3.617622e+21 1.308719e+43
1.440000e-15 -3.215246e+21 1.033781e+43
1.455000e-15 -2.813814e+21 7.917551e+42
1.470000e-15 -2.414135e+21 5.828046e+42
1.485000e-15 -2.017007e+21 4.068317e+42
1.500000e-15 -1.623221e+21 2.634847e+42
1.515000e-15 -1.233555e+21 1.521657e+42
1.530000e-15 -8.487716e+20 7.204132e+41
1.545000e-15 -4.696202e+20 2.205431e+41
1.560000e-15 -9.683131e+19 9.376303e+39
1.575000e-15 2.688832e+20 7.229816e+40
1.590000e-15 6.268321e+20 3.929185e+41
1.605000e-15 9.763466e+20 9.532527e+41
1.620000e-15 1.316847e+21 1.734087e+42
1.635000e-15 1.647587e+21 2.714543e+42
1.650000e-15 1.968034e+21 3.873156e+42
1.665000e-15 2.277622e+21 5.187561e+42
1.680000e-15 2.575814e+21 6.634820e+42
1.695000e-15 2.862105e+21 8.191647e+42
1.710000e-15 3.136019e+21 9.834615e+42
1.725000e-15 3.397112e+21 1.154037e+43
1.740000e-15 3.644973e+21 1.328583e+43
1.755000e-15 3.879227e+21 1.504840e+43
1.770000e-15 4.099531e+21 1.680615e+43
1.785000e-15 4.305576e+21 1.853799e+43
1.800000e-15 4.497092e+21 2.022384e+43
1.815000e-15 4.673842e+21 2.184480e+43
1.830000e-15 4.835627e+21 2.338329e+43
1.845000e-15 4.982282e+21 2.482313e+43
1.860000e-15 5.113681e+21 2.614973e+43
1.875000e-15 5.229732e+21 2.735010e+43
1.890000e-15 5.330382e+21 2.841297e+43
1.905000e-15 5.415613e+21 2.932886e+43
1.920000e-15 5.485442e+21 3.009008e+43
1.935000e-15 5.539976e+21 3.069133e+43
1.950000e-15 5.579202e+21 3.112750e+43
1.965000e-15 5.603294e+21 3.139690e+43
1.980000e-15 5.612409e+21 3.149913e+43
1.995000e-15 5.606738e+21 3.143551e+43
2.010000e-15 5.586505e+21 3.120904e+43
2.025000e-15 5.551967e+21 3.082434e+43
2.040000e-15 5.503410e+21 3.028752e+43
2.055000e-15 5.441151e+21 2.960612e+43
2.070000e-15 5.365535e+21 2.878897e+43
2.085000e-15 5.276937e+21 2.784606e+43
2.100000e-15 5.175756e+21 2.678845e+43
2.115000e-15 5.062418e+21 2.562808e+43
2.130000e-15 4.937373e+21 2.437765e+43
2.145000e-15 4.801094e+21 2.305050e+43
2.160000e-15 4.654074e+21 2.166041e+43
2.175000e-15 4.496828e+21 2.022146e+43
2.190000e-15 4.329889e+21 1.874794e+43
2.205000e-15 4.153807e+21 1.725411e+43
2.220000e-15 3.969146e+21 1.575412e+43
2.235000e-15 3.776488e+21 1.426186e+43
2.250000e-15 3.576423e+21 1.279080e+43
2.265000e-15 3.369555e+21 1.135390e+43
2.280000e-15 3.156496e+21 9.963465e+42
2.295000e-15 2.937866e+21 8.631057e+42
2.310000e-15 2.714292e+21 7.367382e+42
2.325000e-15 2.486405e+21 6.182208e+42
2.340000e-15 2.254838e+21 5.084293e+42
2.355000e-15 2.020226e+21 4.081314e+42
2.370000e-15 1.783206e+21 3.179822e+42
2.385000e-15 1.544409e+21 2.385199e+42
2.400000e-15 1.304466e+21 1.701632e+42
2.415000e-15 1.064003e+21 1.132102e+42
2.430000e-15 8.236376e+20 6.783789e+41
2.445000e-15 5.840113e+20 3.410692e+41
2.460000e-15 3.456686e+20 1.194868e+41
2.475000e-15 1.092293e+20 1.193104e+40
2.490000e-15 -1.247268e+20 1.555678e+40
2.505000e-15 -3.556332e+20 1.264750e+41
2.520000e-15 -5.829376e+20 3.398163e+41
2.535000e-15 -8.061034e+20 6.498026e+41
2.550000e-15 -1.024611e+21 1.049827e+42
2.565000e-15 -1.237957e+21 1.532538e+42
2.580000e-15 -1.445660e+21 2.089933e+42
2.595000e-15 -1.647256e+21 2.713451e+42
2.610000e-15 -1.842301e+21 3.394074e+42
2.625000e-15 -2.030376e+21 4.122428e+42
2.640000e-15 -2.211082e+21 4.888883e+42
2.655000e-15 -2.384043e+21 5.683660e+42
2.670000e-15 -2.548907e+21 6.496927e+42
2.685000e-15 -2.705347e+21 7.318905e+42
2.700000e-15 -2.853062e+21 8.139961e+42
2.715000e-15 -2.991773e+21 8.950705e+42
2.730000e-15 -3.121230e+21 9.742074e+42
2.745000e-15 -3.241207e+21 1.050542e+43
2.760000e-15 -3.351505e+21 1.123259e+43
2.775000e-15 -3.451953e+21 1.191598e+43
2.790000e-15 -3.542404e+21 1.254863e+43
2.805000e-15 -3.622740e+21 1.312424e+43
2.820000e-15 -3.692868e+21 1.363727e+43
2.835000e-15 -3.752722e+21 1.408292e+43
2.850000e-15 -3.802263e+21 1.445720e+43
2.865000e-15 -3.841478e+21 1.475695e+43
2.880000e-15 -3.870379e+21 1.497983e+43
2.895000e-15 -3.889005e+21 1.512436e+43
2.910000e-15 -3.897420e+21 1.518988e+43
2.925000e-15 -3.895711e+21 1.517657e+43
2.940000e-15 -3.883992e+21 1.508539e+43
2.955000e-15 -3.862399e+21 1.491812e+43
2.970000e-15 -3.831090e+21 1.467725e+43
2.985000e-15 -3.790248e+21 1.436598e+43
3.000000e-15 -3.740075e+21 1.398816e+43
3.015000e-15 -3.680797e+21 1.354827e+43
3.030000e-15 -3.612658e+21 1.305130e+43
3.045000e-15 -3.535921e+21 1.250274e+43
3.060000e-15 -3.450868e+21 1.190849e+43
3.075000e-15 -3.357799e+21 1.127482e+43
3.090000e-15 -3.257031e+21 1.060825e+43
3.105000e-15 -3.148894e+21 9.915536e+42
3.120000e-15 -3.033736e+21 9.203555e+42
3.135000e-15 -2.911916e+21 8.479255e+42
3.150000e-15 -2.783806e+21 7.749578e+42
3.165000e-15 -2.649791e+21 7.021394e+42
3.180000e-15 -2.510265e+21 6.301430e+42
3.195000e-15 -2.365631e+21 5.596209e+42
3.210000e-15 -2.216300e+21 4.911988e+42
3.225000e-15 -2.062693e+21 4.254702e+42
3.240000e-15 -1.905233e+21 3.629913e+42
3.255000e-15 -1.744350e+21 3.042759e+42
3.270000e-15 -1.580479e+21 2.497913e+42
3.285000e-15 -1.414054e+21 1.999548e+42
3.300000e-15 -1.245504e+21 1.551280e+42
3.315000e-15 -1.075286e+21 1.156240e+42
3.330000e-15 -9.038285e+20 8.169060e+41
3.345000e-15 -7.315675e+20 5.351911e+41
3.360000e-15 -5.589363e+20 3.124097e+41
3.375000e-15 -3.863643e+20 1.492774e+41
3.390000e-15 -2.142765e+20 4.591442e+40
3.405000e-15 -4.309214e+19 1.856933e+39
3.420000e-15 1.267762e+20 1.607220e+40
3.435000e-15 2.949235e+20 8.697986e+40
3.450000e-15 4.609531e+20 2.124778e+41
3.465000e-15 6.244778e+20 3.899725e+41
3.480000e-15 7.851204e+20 6.164140e+41
3.495000e-15 9.425146e+20 8.883338e+41
3.510000e-15 1.096306e+21 1.201887e+42
3.525000e-15 1.246152e+21 1.552896e+42
3.540000e-15 1.391724e+21 1.936897e+42
3.555000e-15 1.532707e+21 2.349192e+42
3.570000e-15 1.668800e+21 2.784892e+42
3.585000e-15 1.799715e+21 3.238976e+42
3.600000e-15 1.925184e+21 3.706333e+42
3.615000e-15 2.044951e+21 4.181823e+42
3.630000e-15 2.158776e+21 4.660316e+42
3.645000e-15 2.266440e+21 5.136751e+42
3.660000e-15 2.367737e+21 5.606177e+42
3.675000e-15 2.462479e+21 6.063801e+42
3.690000e-15 2.550496e+21 6.505032e+42
3.705000e-15 2.631638e+21 6.925518e+42
3.720000e-15 2.705769e+21 7.321185e+42
3.735000e-15 2.772774e+21 7.688274e+42
3.750000e-15 2.832555e+21 8.023365e+42
3.765000e-15 2.885032e+21 8.323408e+42
3.780000e-15 2.930144e+21 8.585744e+42
3.795000e-15 2.967848e+21 8.808123e+42
3.810000e-15 2.998119e+21 8.988718e+42
3.825000e-15 3.020949e+21 9.126135e+42
3.840000e-15 3.036350e+21 9.219419e+42
3.855000e-15 3.044348e+21 9.268054e+42
3.870000e-15 3.044989e+21 9.271960e+42
3.885000e-15 3.038336e+21 9.231487e+42
3.900000e-15 3.024468e+21 9.147405e+42
3.915000e-15 3.003479e+21 9.020885e+42
3.930000e-15 2.975481e+21 8.853487e+42
3.945000e-15 2.940600e+21 8.647131e+42
3.960000e-15 2.898979e+21 8.404080e+42
3.975000e-15 2.850773e+21 8.126908e+42
3.990000e-15 2.796153e+21 7.818471e+42
4.005000e-15 2.735302e+21 7.481876e+42
4.020000e-15 2.668417e+21 7.120448e+42
4.035000e-15 2.595707e+21 6.737693e+42
4.050000e-15 2.517392e+21 6.337263e+42
4.065000e-15 2.433705e+21 5.922920e+42
4.080000e-15 2.344888e+21 5.498498e+42
4.095000e-15 2.251192e+21 5.067865e+42
4.110000e-15 2.152879e+21 4.634889e+42
4.125000e-15 2.050219e+21 4.203399e+42
4.140000e-15 1.943489e+21 3.777149e+42
4.155000e-15 1.832973e+21 3.359789e+42
4.170000e-15 1.718961e+21 2.954827e+42
4.185000e-15 1.601751e+21 2.565605e+42
4.200000e-15 1.481642e+21 2.195262e+42
4.215000e-15 1.358940e+21 1.846718e+42
4.230000e-15 1.233953e+21 1.522641e+42
4.245000e-15 1.106993e+21 1.225434e+42
4.260000e-15 9.783726e+20 9.572129e+41
4.275000e-15 8.484052e+20 7.197914e+41
4.290000e-15 7.174057e+20 5.146710e+41
4.305000e-15 5.856884e+20 3.430309e+41
4.320000e-15 4.535663e+20 2.057224e+41
4.335000e-15 3.213512e+20 1.032666e+41
4.350000e-15 1.893519e+20 3.585415e+40
4.365000e-15 5.787468e+19 3.349479e+39
4.380000e-15 -7.277826e+19 5.296675e+39
4.395000e-15 -2.023090e+20 4.092893e+40
4.410000e-15 -3.304247e+20 1.091804e+41
4.425000e-15 -4.568380e+20 2.087009e+41
4.440000e-15 -5.812679e+20 3.378724e+41
4.455000e-15 -7.034404e+20 4.948284e+41
4.470000e-15 -8.230885e+20 6.774747e+41
4.485000e-15 -9.399535e+20 8.835125e+41
4.500000e-15 -1.053785e+21 1.110462e+42
4.515000e-15 -1.164341e+21 1.355689e+42
4.530000e-15 -1.271389e+21 1.616431e+42
4.545000e-15 -1.374708e+21 1.889823e+42
4.560000e-15 -1.474086e+21 2.172929e+42
4.575000e-15 -1.569320e+21 2.462765e+42
4.590000e-15 -1.660220e+21 2.756331e+42
4.605000e-15 -1.746608e+21 3.050640e+42
4.620000e-15 -1.828316e+21 3.342739e+42
4.635000e-15 -1.905188e+21 3.629742e+42
4.650000e-15 -1.977082e+21 3.908852e+42
4.665000e-15 -2.043865e+21 4.177386e+42
4.680000e-15 -2.105421e+21 4.432798e+42
4.695000e-15 -2.161643e+21 4.672701e+42
4.710000e-15 -2.212439e+21 4.894888e+42
4.725000e-15 -2.257730e+21 5.097343e+42
4.740000e-15 -2.297448e+21 5.278267e+42
4.755000e-15 -2.331541e+21 5.436081e+42
4.770000e-15 -2.359968e+21 5.569447e+42
4.785000e-15 -2.382702e+21 5.677269e+42
4.800000e-15 -2.399730e+21 5.758705e+42
4.815000e-15 -2.411051e+21 5.813166e+42
4.830000e-15 -2.416676e+21 5.840325e+42
4.845000e-15 -2.416632e+21 5.840110e+42
4.860000e-15 -2.410955e+21 5.812704e+42
4.875000e-15 -2.399696e+21 5.758541e+42
4.890000e-15 -2.382918e+21 5.678296e+42
4.905000e-15 -2.360694e+21 5.572878e+42
4.920000e-15 -2.333113e+21 5.443416e+42
4.935000e-15 -2.300271e+21 5.291248e+42
4.950000e-15 -2.262279e+21 5.117906e+42
4.965000e-15 -2.219257e+21 4.925100e+42
4.980000e-15 -2.171335e+21 4.714696e+42
4.995000e-15 -2.118656e+21 4.488702e+42
5.010000e-15 -2.061370e+21 4.249245e+42
5.025000e-15 -1.999638e+21 3.998551e+42
5.040000e-15 -1.933630e+21 3.738924e+42
5.055000e-15 -1.863524e+21 3.472722e+42
5.070000e-15 -1.789508e+21 3.202338e+42
5.085000e-15 -1.711774e+21 2.930172e+42
5.100000e-15 -1.630526e+21 2.658615e+42
5.115000e-15 -1.545971e+21 2.390027e+42
5.130000e-15 -1.458324e+21 2.126709e+42
5.145000e-15 -1.367805e+21 1.870891e+42
5.160000e-15 -1.274640e+21 1.624708e+42
5.175000e-15 -1.179059e+21 1.390181e+42
5.190000e-15 -1.081297e+21 1.169203e+42
5.205000e-15 -9.815907e+20 9.635202e+41
5.220000e-15 -8.801799e+20 7.747167e+41
5.235000e-15 -7.773120e+20 6.042139e+41
5.250000e-15 -6.732303e+20 4.532391e+41
5.265000e-15 -5.681817e+20 3.228304e+41
5.280000e-15 -4.624138e+20 2.138265e+41
5.295000e-15 -3.561743e+20 1.268602e+41
5.310000e-15 -2.497110e+20 6.235558e+40
5.325000e-15 -1.432704e+20 2.052642e+40
5.340000e-15 -3.709796e+19 1.376259e+39
5.355000e-15 6.856305e+19 4.700892e+39
5.370000e-15 1.734717e+20 3.009244e+40
5.385000e-15 2.773901e+20 7.694530e+40
5.400000e-15 3.800840e+20 1.444638e+41
5.415000e-15 4.813229e+20 2.316717e+41
5.430000e-15 5.808810e+20 3.374227e+41
5.445000e-15 6.785375e+20 4.604132e+41
5.460000e-15 7.740771e+20 5.991954e+41
5.475000e-15 8.672905e+20 7.521928e+41
5.490000e-15 9.579745e+20 9.177152e+41
5.505000e-15 1.045933e+21 1.093976e+42
5.520000e-15 1.130977e+21 1.279109e+42
5.535000e-15 1.212925e+21 1.471187e+42
5.550000e-15 1.291604e+21 1.668240e+42
5.565000e-15 1.366848e+21 1.868274e+42
5.580000e-15 1.438502e+21 2.069287e+42
5.595000e-15 1.506417e+21 2.269293e+42
5.610000e-15 1.570456e+21 2.466332e+42
5.625000e-15 1.630490e+21 2.658498e+42
5.640000e-15 1.686400e+21 2.843946e+42
5.655000e-15 1.738078e+21 3.020914e+42
5.670000e-15 1.785424e+21 3.187739e+42
5.685000e-15 1.828351e+21 3.342868e+42
5.700000e-15 1.866781e+21 3.484872e+42
5.715000e-15 1.900647e+21 3.612461e+42
5.730000e-15 1.929894e+21 3.724489e+42
5.745000e-15 1.954474e+21 3.819970e+42
5.760000e-15 1.974356e+21 3.898080e+42
5.775000e-15 1.989514e+21 3.958166e+42
5.790000e-15 1.999937e+21 3.999747e+42
5.805000e-15 2.005623e+21 4.022523e+42
5.820000e-15 2.006582e+21 4.026370e+42
5.835000e-15 2.002833e+21 4.011342e+42
5.850000e-15 1.994409e+21 3.977669e+42
5.865000e-15 1.981351e+21 3.925752e+42
5.880000e-15 1.963711e+21 3.856160e+42
5.895000e-15 1.941551e+21 3.769622e+42
5.910000e-15 1.914945e+21 3.667016e+42
5.925000e-15 1.883975e+21 3.549363e+42
5.940000e-15 1.848734e+21 3.417817e+42
5.955000e-15 1.809323e+21 3.273650e+42
5.970000e-15 1.765854e+21 3.118240e+42
5.985000e-15 1.718446e+21 2.953057e+42
6.000000e-15 1.667229e+21 2.779652e+42
6.015000e-15 1.612339e+21 2.599636e+42
6.030000e-15 1.553921e+21 2.414669e+42
6.045000e-15 1.492127e+21 2.226443e+42
6.060000e-15 1.427117e+21 2.036664e+42
6.075000e-15 1.359058e+21 1.847039e+42
6.090000e-15 1.288122e+21 1.659258e+42
6.105000e-15 1.214488e+21 1.474981e+42
6.120000e-15 1.138340e+21 1.295818e+42
6.135000e-15 1.059868e+21 1.123320e+42
6.150000e-15 9.792652e+20 9.589603e+41
6.165000e-15 8.967301e+20 8.041248e+41
6.180000e-15 8.124644e+20 6.600983e+41
6.195000e-15 7.266730e+20 5.280537e+41
6.210000e-15 6.395638e+20 4.090419e+41
6.225000e-15 5.513467e+20 3.039832e+41
6.240000e-15 4.622332e+20 2.136595e+41
6.255000e-15 3.724363e+20 1.387088e+41
6.270000e-15 2.821696e+20 7.961967e+40
6.285000e-15 1.916469e+20 3.672852e+40
6.300000e-15 1.010817e+20 1.021751e+40
6.315000e-15 1.068694e+19 1.142108e+38
6.330000e-15 -7.932592e+19 6.292602e+39
6.345000e-15 -1.687471e+20 2.847558e+40
6.360000e-15 -2.573690e+20 6.623880e+40
6.375000e-15 -3.449868e+20 1.190159e+41
6.390000e-15 -4.313988e+20 1.861049e+41
6.405000e-15 -5.164070e+20 2.666762e+41
6.420000e-15 -5.998174e+20 3.597809e+41
6.435000e-15 -6.814406e+20 4.643612e+41
6.450000e-15 -7.610920e+20 5.792611e+41
6.465000e-15 -8.385927e+20 7.032377e+41
6.480000e-15 -9.137692e+20 8.349742e+41
6.495000e-15 -9.864543e+20 9.730921e+41
6.510000e-15 -1.056487e+21 1.116166e+42
6.525000e-15 -1.123715e+21 1.262734e+42
6.540000e-15 -1.187989e+21 1.411319e+42
6.555000e-15 -1.249172e+21 1.560432e+42
6.570000e-15 -1.307133e+21 1.708596e+42
6.585000e-15 -1.361747e+21 1.854355e+42
6.600000e-15 -1.412901e+21 1.996288e+42
6.615000e-15 -1.460487e+21 2.133023e+42
6.630000e-15 -1.504410e+21 2.263249e+42
6.645000e-15 -1.544579e+21 2.385726e+42
6.660000e-15 -1.580917e+21 2.499300e+42
6.675000e-15 -1.613354e+21 2.602910e+42
6.690000e-15 -1.641828e+21 2.695600e+42
6.705000e-15 -1.666290e+21 2.776522e+42
6.720000e-15 -1.686698e+21 2.844949e+42
6.735000e-15 -1.703021e+21 2.900279e+42
6.750000e-15 -1.715237e+21 2.942037e+42
6.765000e-15 -1.723334e+21 2.969881e+42
6.780000e-15 -1.727311e+21 2.983604e+42
6.795000e-15 -1.727175e+21 2.983134e+42
6.810000e-15 -1.722944e+21 2.968536e+42
6.825000e-15 -1.714644e+21 2.940004e+42
6.840000e-15 -1.702312e+21 2.897867e+42
6.855000e-15 -1.685994e+21 2.842577e+42
6.870000e-15 -1.665745e+21 2.774707e+42
6.885000e-15 -1.641630e+21 2.694948e+42
6.900000e-15 -1.613720e+21 2.604093e+42
6.915000e-15 -1.582099e+21 2.503036e+42
6.930000e-15 -1.546856e+21 2.392762e+42
6.945000e-15 -1.508089e+21 2.274333e+42
6.960000e-15 -1.465906e+21 2.148880e+42
6.975000e-15 -1.420420e+21 2.017592e+42
6.990000e-15 -1.371752e+21 1.881704e+42
7.005000e-15 -1.320031e+21 1.742483e+42
7.020000e-15 -1.265393e+21 1.601219e+42
7.035000e-15 -1.207978e+21 1.459211e+42
7.050000e-15 -1.147934e+21 1.317754e+42
7.065000e-15 -1.085415e+21 1.178126e+42
7.080000e-15 -1.020579e+21 1.041581e+42
7.095000e-15 -9.535886e+20 9.093312e+41
7.110000e-15 -8.846122e+20 7.825387e+41
7.125000e-15 -8.138213e+20 6.623051e+41
7.140000e-15 -7.413914e+20 5.496612e+41
7.155000e-15 -6.675010e+20 4.455576e+41
7.170000e-15 -5.923314e+20 3.508565e+41
7.185000e-15 -5.160662e+20 2.663243e+41
7.200000e-15 -4.388907e+20 1.926251e+41
7.215000e-15 -3.609920e+20 1.303152e+41
7.230000e-15 -2.825577e+20 7.983888e+40
7.245000e-15 -2.037763e+20 4.152478e+40
7.260000e-15 -1.248360e+20 1.558403e+40
7.275000e-15 -4.592494e+19 2.109100e+39
7.290000e-15 3.276979e+19 1.073859e+39
7.305000e-15 1.110623e+20 1.233483e+40
7.320000e-15 1.887683e+20 3.563348e+40
7.335000e-15 2.657059e+20 7.059964e+40
7.350000e-15 3.416956e+20 1.167559e+41
7.365000e-15 4.165607e+20 1.735228e+41
7.380000e-15 4.901283e+20 2.402258e+41
7.395000e-15 5.622290e+20 3.161015e+41
7.410000e-15 6.326976e+20 4.003063e+41
7.425000e-15 7.013735e+20 4.919248e+41
7.440000e-15 7.681010e+20 5.899791e+41
7.455000e-15 8.327296e+20 6.934385e+41
7.470000e-15 8.951144e+20 8.012298e+41
7.485000e-15 9.551165e+20 9.122475e+41
7.500000e-15 1.012603e+21 1.025365e+42
7.515000e-15 1.067448e+21 1.139445e+42
7.530000e-15 1.119532e+21 1.253352e+42
7.545000e-15 1.168742e+21 1.365958e+42
7.560000e-15 1.214974e+21 1.476161e+42
7.575000e-15 1.258129e+21 1.582888e+42
7.590000e-15 1.298118e+21 1.685110e+42
7.605000e-15 1.334858e+21 1.781846e+42
7.620000e-15 1.368276e+21 1.872180e+42
7.635000e-15 1.398306e+21 1.955259e+42
7.650000e-15 1.424890e+21 2.030311e+42
7.665000e-15 1.447979e+21 2.096642e+42
7.680000e-15 1.467532e+21 2.153649e+42
7.695000e-15 1.483517e+21 2.200822e+42
7.710000e-15 1.495910e+21 2.237748e+42
7.725000e-15 1.504698e+21 2.264116e+42
7.740000e-15 1.509873e+21 2.279715e+42
7.755000e-15 1.511437e+21 2.284441e+42
7.770000e-15 1.509401e+21 2.278293e+42
7.785000e-15 1.503786e+21 2.261372e+42
7.800000e-15 1.494617e+21 2.233881e+42
7.815000e-15 1.481932e+21 2.196123e+42
7.830000e-15 1.465774e+21 2.148495e+42
7.845000e-15 1.446196e+21 2.091484e+42
7.860000e-15 1.423258e+21 2.025664e+42
7.875000e-15 1.397027e+21 1.951686e+42
7.890000e-15 1.367580e+21 1.870274e+42
7.905000e-15 1.334997e+21 1.782218e+42
7.920000e-15 1.299370e+21 1.688363e+42
7.935000e-15 1.260795e+21 1.589604e+42
7.950000e-15 1.219374e+21 1.486874e+42
7.965000e-15 1.175218e+21 1.381138e+42
7.980000e-15 1.128442e+21 1.273382e+42
7.995000e-15 1.079167e+21 1.164602e+42
8.010000e-15 1.027520e+21 1.055797e+42
8.025000e-15 9.736320e+20 9.479593e+41
8.040000e-15 9.176402e+20 8.420635e+41
8.055000e-15 8.596852e+20 7.390587e+41
8.070000e-15 7.999123e+20 6.398597e+41
8.085000e-15 7.384700e+20 5.453379e+41
8.100000e-15 6.755105e+20 4.563144e+41
8.115000e-15 6.111888e+20 3.735518e+41
8.130000e-15 5.456627e+20 2.977478e+41
8.145000e-15 4.790919e+20 2.295291e+41
8.160000e-15 4.116383e+20 1.694461e+41
8.175000e-15 3.434650e+20 1.179682e+41
8.190000e-15 2.747361e+20 7.547994e+40
8.205000e-15 2.056167e+20 4.227822e+40
8.220000e-15 1.362718e+20 1.857000e+40
8.235000e-15 6.686646e+19 4.471124e+39
8.250000e-15 -2.434715e+18 5.927837e+36
8.265000e-15 -7.146812e+19 5.107692e+39
8.280000e-15 -1.400714e+20 1.961999e+40
8.295000e-15 -2.080837e+20 4.329884e+40
8.310000e-15 -2.753465e+20 7.581569e+40
8.325000e-15 -3.417033e+20 1.167612e+41
8.340000e-15 -4.070007e+20 1.656496e+41
8.355000e-15 -4.710880e+20 2.219239e+41
8.370000e-15 -5.338183e+20 2.849620e+41
8.385000e-15 -5.950483e+20 3.540825e+41
8.400000e-15 -6.546387e+20 4.285518e+41
8.415000e-15 -7.124547e+20 5.075917e+41
8.430000e-15 -7.683663e+20 5.903867e+41
8.445000e-15 -8.222482e+20 6.760921e+41
8.460000e-15 -8.739807e+20 7.638422e+41
8.475000e-15 -9.234493e+20 8.527587e+41
8.490000e-15 -9.705456e+20 9.419587e+41
8.505000e-15 -1.015167e+21 1.030564e+42
8.520000e-15 -1.057217e+21 1.117707e+42
8.535000e-15 -1.096605e+21 1.202543e+42
8.550000e-15 -1.133249e+21 1.284254e+42
8.565000e-15 -1.167072e+21 1.362056e+42
8.580000e-15 -1.198003e+21 1.435212e+42
8.595000e-15 -1.225982e+21 1.503031e+42
8.610000e-15 -1.250951e+21 1.564879e+42
8.625000e-15 -1.272864e+21 1.620182e+42
8.640000e-15 -1.291678e+21 1.668433e+42
8.655000e-15 -1.307362e+21 1.709195e+42
8.670000e-15 -1.319889e+21 1.742106e+42
8.685000e-15 -1.329240e+21 1.766880e+42
8.700000e-15 -1.335406e+21 1.783310e+42
8.715000e-15 -1.338383e+21 1.791270e+42
8.730000e-15 -1.338175e+21 1.790713e+42
8.745000e-15 -1.334795e+21 1.781677e+42
8.760000e-15 -1.328260e+21 1.764275e+42
8.775000e-15 -1.318598e+21 1.738702e+42
8.790000e-15 -1.305843e+21 1.705227e+42
8.805000e-15 -1.290036e+21 1.664193e+42
8.820000e-15 -1.271224e+21 1.616011e+42
8.835000e-15 -1.249463e+21 1.561158e+42
8.850000e-15 -1.224814e+21 1.500170e+42
8.865000e-15 -1.197346e+21 1.433638e+42
8.880000e-15 -1.167133e+21 1.362200e+42
8.895000e-15 -1.134256e+21 1.286537e+42
8.910000e-15 -1.098802e+21 1.207365e+42
8.925000e-15 -1.060863e+21 1.125430e+42
8.940000e-15 -1.020538e+21 1.041497e+42
8.955000e-15 -9.779292e+20 9.563456e+41
8.970000e-15 -9.331463e+20 8.707620e+41
8.985000e-15 -8.863019e+20 7.855310e+41
9.000000e-15 -8.375136e+20 7.014291e+41
9.015000e-15 -7.869034e+20 6.192169e+41
9.030000e-15 -7.345968e+20 5.396324e+41
9.045000e-15 -6.807232e+20 4.633840e+41
9.060000e-15 -6.254150e+20 3.911439e+41
9.075000e-15 -5.688077e+20 3.235422e+41
9.090000e-15 -5.110394e+20 2.611613e+41
9.105000e-15 -4.522505e+20 2.045305e+41
9.120000e-15 -3.925831e+20 1.541215e+41
9.135000e-15 -3.321812e+20 1.103444e+41
9.150000e-15 -2.711900e+20 7.354402e+40
9.165000e-15 -2.097555e+20 4.399737e+40
9.180000e-15 -1.480244e+20 2.191121e+40
9.195000e-15 -8.614342e+19 7.420689e+39
9.210000e-15 -2.425946e+19 5.885212e+38
9.225000e-15 3.748125e+19 1.404844e+39
9.240000e-15 9.893320e+19 9.787778e+39
9.255000e-15 1.599521e+20 2.558466e+40
9.270000e-15 2.203949e+20 4.857392e+40
9.285000e-15 2.801208e+20 7.846764e+40
9.300000e-15 3.389906e+20 1.149146e+41
9.315000e-15 3.968679e+20 1.575041e+41
9.330000e-15 4.536190e+20 2.057702e+41
9.345000e-15 5.091133e+20 2.591963e+41
9.360000e-15 5.632233e+20 3.172205e+41
9.375000e-15 6.158254e+20 3.792409e+41
9.390000e-15 6.668000e+20 4.446222e+41
9.405000e-15 7.160314e+20 5.127010e+41
9.420000e-15 7.634087e+20 5.827928e+41
9.435000e-15 8.088253e+20 6.541984e+41
9.450000e-15 8.521800e+20 7.262108e+41
9.465000e-15 8.933764e+20 7.981215e+41
9.480000e-15 9.323237e+20 8.692275e+41
9.495000e-15 9.689365e+20 9.388380e+41
9.510000e-15 1.003135e+21 1.006281e+42
9.525000e-15 1.034846e+21 1.070907e+42
9.540000e-15 1.064002e+21 1.132101e+42
9.555000e-15 1.090542e+21 1.189282e+42
9.570000e-15 1.114410e+21 1.241909e+42
9.585000e-15 1.135558e+21 1.289491e+42
9.600000e-15 1.153944e+21 1.331586e+42
9.615000e-15 1.169532e+21 1.367806e+42
9.630000e-15 1.182295e+21 1.397822e+42
9.645000e-15 1.192210e+21 1.421365e+42
9.660000e-15 1.199262e+21 1.438230e+42
9.675000e-15 1.203444e+21 1.448277e+42
9.690000e-15 1.204752e+21 1.451428e+42
9.705000e-15 1.203194e+21 1.447675e+42
9.720000e-15 1.198780e+21 1.437074e+42
9.735000e-15 1.191530e+21 1.419745e+42
9.750000e-15 1.181470e+21 1.395870e+42
9.765000e-15 1.168630e+21 1.365696e+42
9.780000e-15 1.153050e+21 1.329524e+42
9.795000e-15 1.134774e+21 1.287713e+42
9.810000e-15 1.113855e+21 1.240672e+42
9.825000e-15 1.090348e+21 1.188858e+42
9.840000e-15 1.064317e+21 1.132770e+42
9.855000e-15 1.035831e+21 1.072945e+42
9.870000e-15 1.004964e+21 1.009954e+42
9.885000e-15 9.717979e+20 9.443911e+41
9.900000e-15 9.364162e+20 8.768753e+41
9.915000e-15 8.989097e+20 8.080387e+41
9.930000e-15 8.593735e+20 7.385228e+41
9.945000e-15 8.179072e+20 6.689721e+41
9.960000e-15 7.746145e+20 6.000277e+41
9.975000e-15 7.296036e+20 5.323215e+41
9.990000e-15 6.829861e+20 4.664701e+41
1.000500e-14 6.348773e+20 4.030692e+41
1.002000e-14 5.853956e+20 3.426880e+41
1.003500e-14 5.346623e+20 2.858638e+41
1.005000e-14 4.828016e+20 2.330974e+41
1.006500e-14 4.299398e+20 1.848482e+41
1.008000e-14 3.762052e+20 1.415304e+41
1.009500e-14 3.217282e+20 1.035090e+41
1.011000e-14 2.666401e+20 7.109692e+40
1.012500e-14 2.110736e+20 4.455207e+40
1.014000e-14 1.551622e+20 2.407532e+40
1.015500e-14 9.903985e+19 9.808892e+39
1.017000e-14 4.284047e+19 1.835306e+39
1.018500e-14 -1.330203e+19 1.769439e+38
1.020000e-14 -6.925425e+19 4.796151e+39
1.021500e-14 -1.248836e+20 1.559592e+40
1.023000e-14 -1.800587e+20 3.242112e+40
1.024500e-14 -2.346494e+20 5.506033e+40
1.026000e-14 -2.885274e+20 8.324806e+40
1.027500e-14 -3.415665e+20 1.166677e+41
1.029000e-14 -3.936427e+20 1.549546e+41
1.030500e-14 -4.446347e+20 1.977000e+41
1.032000e-14 -4.944241e+20 2.444551e+41
1.033500e-14 -5.428954e+20 2.947355e+41
1.035000e-14 -5.899371e+20 3.480258e+41
1.036500e-14 -6.354408e+20 4.037850e+41
1.038000e-14 -6.793024e+20 4.614518e+41
1.039500e-14 -7.214219e+20 5.204496e+41
1.041000e-14 -7.617037e+20 5.801925e+41
1.042500e-14 -8.000567e+20 6.400907e+41
1.044000e-14 -8.363948e+20 6.995563e+41
1.045500e-14 -8.706369e+20 7.580086e+41
1.047000e-14 -9.027071e+20 8.148800e+41
1.048500e-14 -9.325347e+20 8.696209e+41
1.050000e-14 -9.600547e+20 9.217051e+41
1.051500e-14 -9.852078e+20 9.706345e+41
1.053000e-14 -1.007940e+21 1.015944e+42
1.054500e-14 -1.028205e+21 1.057205e+42
1.056000e-14 -1.045959e+21 1.094031e+42
1.057500e-14 -1.061168e+21 1.126078e+42
1.059000e-14 -1.073803e+21 1.153052e+42
1.060500e-14 -1.083839e+21 1.174706e+42
1.062000e-14 -1.091260e+21 1.190848e+42
1.063500e-14 -1.096055e+21 1.201337e+42
1.065000e-14 -1.098220e+21 1.206088e+42
1.066500e-14 -1.097758e+21 1.205072e+42
1.068000e-14 -1.094675e+21 1.198313e+42
1.069500e-14 -1.088986e+21 1.185891e+42
1.071000e-14 -1.080713e+21 1.167940e+42
1.072500e-14 -1.069881e+21 1.144645e+42
1.074000e-14 -1.056523e+21 1.116241e+42
1.075500e-14 -1.040679e+21 1.083012e+42
1.077000e-14 -1.022392e+21 1.045285e+42
1.078500e-14 -1.001712e+21 1.003428e+42
1.080000e-14 -9.786964e+20 9.578467e+41
1.081500e-14 -9.534052e+20 9.089815e+41
1.083000e-14 -9.259052e+20 8.573005e+41
1.084500e-14 -8.962680e+20 8.032963e+41
1.086000e-14 -8.645700e+20 7.474813e+41
1.087500e-14 -8.308924e+20 6.903823e+41
1.089000e-14 -7.953211e+20 6.325357e+41
1.090500e-14 -7.579460e+20 5.744821e+41
1.092000e-14 -7.188612e+20 5.167614e+41
1.093500e-14 -6.781646e+20 4.599072e+41
1.095000e-14 -6.359577e+20 4.044422e+41
1.096500e-14 -5.923455e+20 3.508732e+41
1.098000e-14 -5.474358e+20 2.996860e+41
1.099500e-14 -5.013394e+20 2.513412e+41
1.101000e-14 -4.541696e+20 2.062700e+41
1.102500e-14 -4.060419e+20 1.648700e+41
1.104000e-14 -3.570738e+20 1.275017e+41
1.105500e-14 -3.073847e+20 9.448534e+40
1.107000e-14 -2.570950e+20 6.609786e+40
1.108500e-14 -2.063267e+20 4.257071e+40
1.110000e-14 -1.552022e+20 2.408772e+40
1.111500e-14 -1.038446e+20 1.078370e+40
1.113000e-14 -5.237726e+19 2.743377e+39
1.114500e-14 -9.234207e+17 8.527058e+35
1.116000e-14 5.039403e+19 2.539559e+39
1.117500e-14 1.014529e+20 1.029268e+40
1.119000e-14 1.521318e+20 2.314408e+40
1.120500e-14 2.023108e+20 4.092964e+40
1.122000e-14 2.518712e+20 6.343911e+40
1.123500e-14 3.006964e+20 9.041835e+40
1.125000e-14 3.486717e+20 1.215720e+41
1.126500e-14 3.956848e+20 1.565665e+41
1.128000e-14 4.416259e+20 1.950334e+41
1.129500e-14 4.863881e+20 2.365734e+41
1.131000e-14 5.298677e+20 2.807598e+41
1.132500e-14 5.719643e+20 3.271432e+41
1.134000e-14 6.125810e+20 3.752555e+41
1.135500e-14 6.516247e+20 4.246148e+41
1.137000e-14 6.890065e+20 4.747300e+41
1.138500e-14 7.246415e+20 5.251052e+41
1.140000e-14 7.584492e+20 5.752451e+41
1.141500e-14 7.903538e+20 6.246591e+41
1.143000e-14 8.202843e+20 6.728663e+41
1.144500e-14 8.481744e+20 7.193998e+41
1.146000e-14 8.739630e+20 7.638113e+41
1.147500e-14 8.975941e+20 8.056753e+41
1.149000e-14 9.190172e+20 8.445927e+41
1.150500e-14 9.381870e+20 8.801949e+41
1.152000e-14 9.550638e+20 9.121469e+41
1.153500e-14 9.696134e+20 9.401501e+41
1.155000e-14 9.818073e+20 9.639456e+41
1.156500e-14 9.916228e+20 9.833157e+41
1.158000e-14 9.990427e+20 9.980863e+41
1.159500e-14 1.004056e+21 1.008128e+42
1.161000e-14 1.006657e+21 1.013358e+42
1.162500e-14 1.006846e+21 1.013738e+42
1.164000e-14 1.004628e+21 1.009278e+42
1.165500e-14 1.000017e+21 1.000034e+42
1.167000e-14 9.930286e+20 9.861059e+41
1.168500e-14 9.836866e+20 9.676393e+41
1.170000e-14 9.720194e+20 9.448216e+41
1.171500e-14 9.580610e+20 9.178809e+41
1.173000e-14 9.418511e+20 8.870834e+41
1.174500e-14 9.234342e+20 8.527307e+41
1.176000e-14 9.028602e+20 8.151566e+41
1.177500e-14 8.801841e+20 7.747240e+41
1.179000e-14 8.554655e+20 7.318212e+41
1.180500e-14 8.287688e+20 6.868578e+41
1.182000e-14 8.001631e+20 6.402610e+41
1.183500e-14 7.697217e+20 5.924716e+41
1.185000e-14 7.375222e+20 5.439390e+41
1.186500e-14 7.036459e+20 4.951176e+41
1.188000e-14 6.681783e+20 4.464622e+41
1.189500e-14 6.312081e+20 3.984237e+41
1.191000e-14 5.928275e+20 3.514445e+41
1.192500e-14 5.531319e+20 3.059549e+41
1.194000e-14 5.122193e+20 2.623686e+41
1.195500e-14 4.701906e+20 2.210792e+41
1.197000e-14 4.271490e+20 1.824563e+41
1.198500e-14 3.831997e+20 1.468420e+41
1.200000e-14 3.384501e+20 1.145485e+41
1.201500e-14 2.930088e+20 8.585415e+40
1.203000e-14 2.469861e+20 6.100212e+40
1.204500e-14 2.004931e+20 4.019750e+40
1.206000e-14 1.536421e+20 2.360590e+40
1.207500e-14 1.065456e+20 1.135196e+40
1.209000e-14 5.931644e+19 3.518440e+39
1.210500e-14 1.206763e+19 1.456277e+38
1.212000e-14 -3.508820e+19 1.231182e+39
1.213500e-14 -8.203890e+19 6.730381e+39
1.215000e-14 -1.286731e+20 1.655678e+40
1.216500e-14 -1.748806e+20 3.058323e+40
1.218000e-14 -2.205523e+20 4.864333e+40
1.219500e-14 -2.655809e+20 7.053319e+40
1.221000e-14 -3.098606e+20 9.601360e+40
1.222500e-14 -3.532880e+20 1.248124e+41
1.224000e-14 -3.957619e+20 1.566275e+41
1.225500e-14 -4.371835e+20 1.911294e+41
1.227000e-14 -4.774568e+20 2.279650e+41
1.228500e-14 -5.164890e+20 2.667609e+41
1.230000e-14 -5.541903e+20 3.071268e+41
1.231500e-14 -5.904742e+20 3.486598e+41
1.233000e-14 -6.252580e+20 3.909476e+41
1.234500e-14 -6.584628e+20 4.335733e+41
1.236000e-14 -6.900136e+20 4.761187e+41
1.237500e-14 -7.198393e+20 5.181686e+41
1.239000e-14 -7.478734e+20 5.593147e+41
1.240500e-14 -7.740538e+20 5.991593e+41
1.242000e-14 -7.983228e+20 6.373192e+41
1.243500e-14 -8.206274e+20 6.734293e+41
1.245000e-14 -8.409196e+20 7.071458e+41
1.246500e-14 -8.591561e+20 7.381493e+41
1.248000e-14 -8.752988e+20 7.661479e+41
1.249500e-14 -8.893143e+20 7.908800e+41
1.251000e-14 -9.011749e+20 8.121161e+41
1.252500e-14 -9.108575e+20 8.296613e+41
1.254000e-14 -9.183446e+20 8.433568e+41
1.255500e-14 -9.236239e+20 8.530810e+41
1.257000e-14 -9.266882e+20 8.587511e+41
1.258500e-14 -9.275359e+20 8.603228e+41
1.260000e-14 -9.261703e+20 8.577914e+41
1.261500e-14 -9.226002e+20 8.511912e+41
1.263000e-14 -9.168396e+20 8.405948e+41
1.264500e-14 -9.089074e+20 8.261127e+41
1.266000e-14 -8.988280e+20 8.078917e+41
1.267500e-14 -8.866305e+20 7.861136e+41
1.269000e-14 -8.723491e+20 7.609930e+41
1.270500e-14 -8.560230e+20 7.327753e+41
1.272000e-14 -8.376958e+20 7.017342e+41
1.273500e-14 -8.174160e+20 6.681690e+41
1.275000e-14 -7.952367e+20 6.324014e+41
1.276500e-14 -7.712151e+20 5.947728e+41
1.278000e-14 -7.454129e+20 5.556403e+41
1.279500e-14 -7.178955e+20 5.153740e+41
1.281000e-14 -6.887327e+20 4.743528e+41
1.282500e-14 -6.579977e+20 4.329610e+41
1.284000e-14 -6.257674e+20 3.915848e+41
1.285500e-14 -5.921219e+20 3.506083e+41
1.287000e-14 -5.571446e+20 3.104101e+41
1.288500e-14 -5.209219e+20 2.713596e+41
1.290000e-14 -4.835428e+20 2.338137e+41
1.291500e-14 -4.450990e+20 1.981131e+41
1.293000e-14 -4.056844e+20 1.645798e+41
1.294500e-14 -3.653949e+20 1.335135e+41
1.296000e-14 -3.243285e+20 1.051890e+41
1.297500e-14 -2.825847e+20 7.985410e+40
1.299000e-14 -2.402642e+20 5.772687e+40
1.300500e-14 -1.974690e+20 3.899400e+40
1.302000e-14 -1.543020e+20 2.380912e+40
1.303500e-14 -1.108668e+20 1.229145e+40
1.305000e-14 -6.726725e+19 4.524882e+39
1.306500e-14 -2.360739e+19 5.573087e+38
1.308000e-14 2.000879e+19 4.003515e+38
1.309500e-14 6.347764e+19 4.029411e+39
1.311000e-14 1.066961e+20 1.138406e+40
1.312500e-14 1.495620e+20 2.236880e+40
1.314000e-14 1.919742e+20 3.685408e+40
1.315500e-14 2.338327e+20 5.467773e+40
1.317000e-14 2.750393e+20 7.564663e+40
1.318500e-14 3.154975e+20 9.953866e+40
1.320000e-14 3.551126e+20 1.261050e+41
1.321500e-14 3.937923e+20 1.550724e+41
1.323000e-14 4.314467e+20 1.861463e+41
1.324500e-14 4.679885e+20 2.190133e+41
1.326000e-14 5.033332e+20 2.533444e+41
1.327500e-14 5.373994e+20 2.887981e+41
1.329000e-14 5.701088e+20 3.250241e+41
1.330500e-14 6.013866e+20 3.616659e+41
1.332000e-14 6.311616e+20 3.983649e+41
1.333500e-14 6.593660e+20 4.347635e+41
1.335000e-14 6.859363e+20 4.705086e+41
1.336500e-14 7.108128e+20 5.052548e+41
1.338000e-14 7.339399e+20 5.386678e+41
1.339500e-14 7.552665e+20 5.704274e+41
1.341000e-14 7.747455e+20 6.002306e+41
1.342500e-14 7.923347e+20 6.277942e+41
1.344000e-14 8.079961e+20 6.528578e+41
1.345500e-14 8.216968e+20 6.751856e+41
1.347000e-14 8.334082e+20 6.945692e+41
1.348500e-14 8.431066e+20 7.108288e+41
1.350000e-14 8.507734e+20 7.238154e+41
1.351500e-14 8.563945e+20 7.334115e+41
1.353000e-14 8.599608e+20 7.395326e+41
1.354500e-14 8.614683e+20 7.421277e+41
1.356000e-14 8.609177e+20 7.411792e+41
1.357500e-14 8.583145e+20 7.367038e+41
1.359000e-14 8.536693e+20 7.287513e+41
1.360500e-14 8.469975e+20 7.174047e+41
1.362000e-14 8.383191e+20 7.027789e+41
1.363500e-14 8.276590e+20 6.850194e+41
1.365000e-14 8.150467e+20 6.643011e+41
1.366500e-14 8.005163e+20 6.408263e+41
1.368000e-14 7.841064e+20 6.148228e+41
1.369500e-14 7.658599e+20 5.865414e+41
1.371000e-14 7.458242e+20 5.562537e+41
1.372500e-14 7.240506e+20 5.242493e+41
1.374000e-14 7.005946e+20 4.908329e+41
1.375500e-14 6.755156e+20 4.563214e+41
1.377000e-14 6.488767e+20 4.210409e+41
1.378500e-14 6.207444e+20 3.853237e+41
1.380000e-14 5.911891e+20 3.495045e+41
1.381500e-14 5.602839e+20 3.139180e+41
1.383000e-14 5.281053e+20 2.788953e+41
1.384500e-14 4.947327e+20 2.447605e+41
1.386000e-14 4.602480e+20 2.118283e+41
1.387500e-14 4.247358e+20 1.804005e+41
1.389000e-14 3.882827e+20 1.507635e+41
1.390500e-14 3.509777e+20 1.231853e+41
1.392000e-14 3.129114e+20 9.791355e+40
1.393500e-14 2.741762e+20 7.517258e+40
1.395000e-14 2.348658e+20 5.516195e+40
1.396500e-14 1.950752e+20 3.805433e+40
1.398000e-14 1.549003e+20 2.399410e+40
1.399500e-14 1.144377e+20 1.309598e+40
1.401000e-14 7.378455e+19 5.444160e+39
1.402500e-14 3.303830e+19 1.091529e+39
1.404000e-14 -7.703633e+18 5.934596e+37
1.405500e-14 -4.834400e+19 2.337142e+39
1.407000e-14 -8.878598e+19 7.882950e+39
1.408500e-14 -1.289334e+20 1.662382e+40
1.410000e-14 -1.686910e+20 2.845665e+40
1.411500e-14 -2.079646e+20 4.324928e+40
1.413000e-14 -2.466614e+20 6.084184e+40
1.414500e-14 -2.846901e+20 8.104842e+40
1.416000e-14 -3.219611e+20 1.036590e+41
1.417500e-14 -3.583870e+20 1.284412e+41
1.419000e-14 -3.938824e+20 1.551434e+41
1.420500e-14 -4.283644e+20 1.834960e+41
1.422000e-14 -4.617524e+20 2.132153e+41
1.423500e-14 -4.939690e+20 2.440054e+41
1.425000e-14 -5.249395e+20 2.755615e+41
1.426500e-14 -5.545922e+20 3.075725e+41
1.428000e-14 -5.828589e+20 3.397245e+41
1.429500e-14 -6.096748e+20 3.717033e+41
1.431000e-14 -6.349786e+20 4.031978e+41
1.432500e-14 -6.587127e+20 4.339025e+41
1.434000e-14 -6.808236e+20 4.635208e+41
1.435500e-14 -7.012616e+20 4.917678e+41
1.437000e-14 -7.199810e+20 5.183726e+41
1.438500e-14 -7.369405e+20 5.430812e+41
1.440000e-14 -7.521029e+20 5.656588e+41
1.441500e-14 -7.654356e+20 5.858916e+41
1.443000e-14 -7.769101e+20 6.035894e+41
1.444500e-14 -7.865028e+20 6.185867e+41
1.446000e-14 -7.941944e+20 6.307447e+41
1.447500e-14 -7.999701e+20 6.399522e+41
1.449000e-14 -8.038200e+20 6.461266e+41
1.450500e-14 -8.057386e+20 6.492146e+41
1.452000e-14 -8.057250e+20 6.491928e+41
1.453500e-14 -8.037831e+20 6.460673e+41
1.455000e-14 -7.999214e+20 6.398742e+41
1.456500e-14 -7.941528e+20 6.306787e+41
1.458000e-14 -7.864949e+20 6.185742e+41
1.459500e-14 -7.769696e+20 6.036818e+41
1.461000e-14 -7.656036e+20 5.861488e+41
1.462500e-14 -7.524275e+20 5.661471e+41
1.464000e-14 -7.374765e+20 5.438716e+41
1.465500e-14 -7.207899e+20 5.195380e+41
1.467000e-14 -7.024109e+20 4.933811e+41
1.468500e-14 -6.823870e+20 4.656520e+41
1.470000e-14 -6.607693e+20 4.366161e+41
1.471500e-14 -6.376127e+20 4.065499e+41
1.473000e-14 -6.129756e+20 3.757391e+41
1.474500e-14 -5.869200e+20 3.444751e+41
1.476000e-14 -5.595111e+20 3.130526e+41
1.477500e-14 -5.308171e+20 2.817667e+41
1.479000e-14 -5.009092e+20 2.509101e+41
1.480500e-14 -4.698616e+20 2.207699e+41
1.482000e-14 -4.377508e+20 1.916257e+41
1.483500e-14 -4.046557e+20 1.637463e+41
1.485000e-14 -3.706577e+20 1.373871e+41
1.486500e-14 -3.358399e+20 1.127884e+41
1.488000e-14 -3.002873e+20 9.017245e+40
1.489500e-14 -2.640865e+20 6.974168e+40
1.491000e-14 -2.273255e+20 5.167689e+40
1.492500e-14 -1.900935e+20 3.613554e+40
1.494000e-14 -1.524806e+20 2.325033e+40
1.495500e-14 -1.145776e+20 1.312802e+40
1.497000e-14 -7.647585e+19 5.848556e+39
1.498500e-14 -3.826708e+19 1.464369e+39
