0.000000e+00 nan nan
1.500000e-17 1.444433e+19 2.086387e+38
3.000000e-17 5.771881e+19 3.331460e+39
4.500000e-17 1.296481e+20 1.680862e+40
6.000000e-17 2.299404e+20 5.287260e+40
7.500000e-17 3.581888e+20 1.282992e+41
9.000000e-17 5.138718e+20 2.640642e+41
1.050000e-16 6.963553e+20 4.849107e+41
1.200000e-16 9.048947e+20 8.188343e+41
1.350000e-16 1.138636e+21 1.296492e+42
1.500000e-16 1.396620e+21 1.950548e+42
1.650000e-16 1.677783e+21 2.814956e+42
1.800000e-16 1.980961e+21 3.924206e+42
1.950000e-16 2.304892e+21 5.312527e+42
2.100000e-16 2.648219e+21 7.013066e+42
2.250000e-16 3.009495e+21 9.057063e+42
2.400000e-16 3.387184e+21 1.147302e+43
2.550000e-16 3.779664e+21 1.428586e+43
2.700000e-16 4.185231e+21 1.751616e+43
2.850000e-16 4.602102e+21 2.117935e+43
3.000000e-16 5.028416e+21 2.528496e+43
3.150000e-16 5.462232e+21 2.983598e+43
3.300000e-16 5.901537e+21 3.482814e+43
3.450000e-16 6.344237e+21 4.024934e+43
3.600000e-16 6.788156e+21 4.607907e+43
3.750000e-16 7.231035e+21 5.228786e+43
3.900000e-16 7.670514e+21 5.883678e+43
4.050000e-16 8.104126e+21 6.567686e+43
4.200000e-16 8.545771e+21 7.303020e+43
4.350000e-16 8.993989e+21 8.089184e+43
4.500000e-16 9.407316e+21 8.849759e+43
4.650000e-16 9.947621e+21 9.895517e+43
4.800000e-16 1.032651e+22 1.066368e+44
4.950000e-16 1.072341e+22 1.149914e+44
5.100000e-16 1.109496e+22 1.230982e+44
5.250000e-16 1.145838e+22 1.312946e+44
5.400000e-16 1.180077e+22 1.392582e+44
5.550000e-16 1.212556e+22 1.470293e+44
5.700000e-16 1.242920e+22 1.544851e+44
5.850000e-16 1.271011e+22 1.615470e+44
6.000000e-16 1.296802e+22 1.681694e+44
6.150000e-16 1.320015e+22 1.742440e+44
6.300000e-16 1.340618e+22 1.797257e+44
6.450000e-16 1.358598e+22 1.845788e+44
6.600000e-16 1.373709e+22 1.887077e+44
6.750000e-16 1.385948e+22 1.920852e+44
6.900000e-16 1.395299e+22 1.946860e+44
7.050000e-16 1.401612e+22 1.964516e+44
7.200000e-16 1.404885e+22 1.973703e+44
7.350000e-16 1.405087e+22 1.974268e+44
7.500000e-16 1.402215e+22 1.966206e+44
7.650000e-16 1.396220e+22 1.949430e+44
7.800000e-16 1.387122e+22 1.924106e+44
7.950000e-16 1.374932e+22 1.890439e+44
8.100000e-16 1.359676e+22 1.848718e+44
8.250000e-16 1.341387e+22 1.799320e+44
8.400000e-16 1.320113e+22 1.742699e+44
8.550000e-16 1.295911e+22 1.679385e+44
8.700000e-16 1.268848e+22 1.609976e+44
8.850000e-16 1.238995e+22 1.535109e+44
9.000000e-16 1.206457e+22 1.455537e+44
9.150000e-16 1.171323e+22 1.371997e+44
9.300000e-16 1.133702e+22 1.285280e+44
9.450000e-16 1.093711e+22 1.196203e+44
9.600000e-16 1.051465e+22 1.105580e+44
9.750000e-16 1.007115e+22 1.014282e+44
9.900000e-16 9.607938e+21 9.231247e+43
1.005000e-15 9.126479e+21 8.329262e+43
1.020000e-15 8.628317e+21 7.444786e+43
1.035000e-15 8.115049e+21 6.585402e+43
1.050000e-15 7.588320e+21 5.758260e+43
1.065000e-15 7.049823e+21 4.970001e+43
1.080000e-15 6.501230e+21 4.226599e+43
1.095000e-15 5.944413e+21 3.533605e+43
1.110000e-15 5.381107e+21 2.895631e+43
1.125000e-15 4.813116e+21 2.316608e+43
1.140000e-15 4.242254e+21 1.799672e+43
1.155000e-15 3.670342e+21 1.347141e+43
1.170000e-15 3.099198e+21 9.605025e+42
1.185000e-15 2.530627e+21 6.404072e+42
1.200000e-15 1.966397e+21 3.866717e+42
1.215000e-15 1.408322e+21 1.983371e+42
1.230000e-15 8.581176e+20 7.363659e+41
1.245000e-15 3.174859e+20 1.007973e+41
1.260000e-15 -2.119139e+20 4.490749e+40
1.275000e-15 -7.284710e+20 5.306700e+41
1.290000e-15 -1.230629e+21 1.514448e+42
1.305000e-15 -1.716892e+21 2.947720e+42
1.320000e-15 -2.185830e+21 4.777853e+42
1.335000e-15 -2.636082e+21 6.948928e+42
1.350000e-15 -3.066364e+21 9.402587e+42
1.365000e-15 -3.475471e+21 1.207890e+43
1.380000e-15 -3.862288e+21 1.491727e+43
1.395000e-15 -4.225773e+21 1.785716e+43
1.410000e-15 -4.564991e+21 2.083914e+43
1.425000e-15 -4.879093e+21 2.380555e+43
1.440000e-15 -5.167332e+21 2.670132e+43
1.455000e-15 -5.429057e+21 2.947466e+43
1.470000e-15 -5.663721e+21 3.207773e+43
1.485000e-15 -5.870878e+21 3.446720e+43
1.500000e-15 -6.050186e+21 3.660476e+43
1.515000e-15 -6.201411e+21 3.845749e+43
1.530000e-15 -6.324419e+21 3.999828e+43
1.545000e-15 -6.419185e+21 4.120594e+43
1.560000e-15 -6.485787e+21 4.206543e+43
1.575000e-15 -6.524405e+21 4.256787e+43
1.590000e-15 -6.535324e+21 4.271045e+43
1.605000e-15 -6.518925e+21 4.249638e+43
1.620000e-15 -6.475687e+21 4.193452e+43
1.635000e-15 -6.406194e+21 4.103932e+43
1.650000e-15 -6.311113e+21 3.983015e+43
1.665000e-15 -6.191204e+21 3.833100e+43
1.680000e-15 -6.047310e+21 3.656996e+43
1.695000e-15 -5.880360e+21 3.457863e+43
1.710000e-15 -5.691359e+21 3.239156e+43
1.725000e-15 -5.481385e+21 3.004558e+43
1.740000e-15 -5.251585e+21 2.757915e+43
1.755000e-15 -5.003171e+21 2.503172e+43
1.770000e-15 -4.737413e+21 2.244308e+43
1.785000e-15 -4.455632e+21 1.985266e+43
1.800000e-15 -4.159200e+21 1.729894e+43
1.815000e-15 -3.849528e+21 1.481887e+43
1.830000e-15 -3.528065e+21 1.244724e+43
1.845000e-15 -3.196289e+21 1.021627e+43
1.860000e-15 -2.855703e+21 8.155039e+42
1.875000e-15 -2.507826e+21 6.289193e+42
1.890000e-15 -2.154192e+21 4.640542e+42
1.905000e-15 -1.796337e+21 3.226826e+42
1.920000e-15 -1.435799e+21 2.061518e+42
1.935000e-15 -1.074104e+21 1.153698e+42
1.950000e-15 -7.127797e+20 5.080549e+41
1.965000e-15 -3.533222e+20 1.248366e+41
1.980000e-15 2.793149e+18 7.801680e+36
1.995000e-15 3.541204e+20 1.254013e+41
2.010000e-15 6.992490e+20 4.889492e+41
2.025000e-15 1.036809e+21 1.074973e+42
2.040000e-15 1.365477e+21 1.864526e+42
2.055000e-15 1.683978e+21 2.835782e+42
2.070000e-15 1.991096e+21 3.964462e+42
2.085000e-15 2.285671e+21 5.224292e+42
2.100000e-15 2.566610e+21 6.587487e+42
2.115000e-15 2.832886e+21 8.025242e+42
2.130000e-15 3.083543e+21 9.508240e+42
2.145000e-15 3.317702e+21 1.100715e+43
2.160000e-15 3.534558e+21 1.249310e+43
2.175000e-15 3.733389e+21 1.393819e+43
2.190000e-15 3.913552e+21 1.531589e+43
2.205000e-15 4.074493e+21 1.660149e+43
2.220000e-15 4.215737e+21 1.777244e+43
2.235000e-15 4.336903e+21 1.880873e+43
2.250000e-15 4.437691e+21 1.969310e+43
2.265000e-15 4.517894e+21 2.041137e+43
2.280000e-15 4.577390e+21 2.095250e+43
2.295000e-15 4.616146e+21 2.130881e+43
2.310000e-15 4.634217e+21 2.147597e+43
2.325000e-15 4.631742e+21 2.145303e+43
2.340000e-15 4.608946e+21 2.124238e+43
2.355000e-15 4.566138e+21 2.084961e+43
2.370000e-15 4.503706e+21 2.028337e+43
2.385000e-15 4.422119e+21 1.955514e+43
2.400000e-15 4.321921e+21 1.867900e+43
2.415000e-15 4.203729e+21 1.767134e+43
2.430000e-15 4.068231e+21 1.655051e+43
2.445000e-15 3.916185e+21 1.533651e+43
2.460000e-15 3.748400e+21 1.405051e+43
2.475000e-15 3.565756e+21 1.271462e+43
2.490000e-15 3.369183e+21 1.135139e+43
2.505000e-15 3.159661e+21 9.983461e+42
2.520000e-15 2.938219e+21 8.633132e+42
2.535000e-15 2.705924e+21 7.322023e+42
2.550000e-15 2.463879e+21 6.070702e+42
2.565000e-15 2.213222e+21 4.898352e+42
2.580000e-15 1.955114e+21 3.822470e+42
2.595000e-15 1.690738e+21 2.858594e+42
2.610000e-15 1.421294e+21 2.020077e+42
2.625000e-15 1.147993e+21 1.317887e+42
2.640000e-15 8.720502e+20 7.604715e+41
2.655000e-15 5.946835e+20 3.536484e+41
2.670000e-15 3.171050e+20 1.005556e+41
2.685000e-15 4.051766e+19 1.641680e+39
2.700000e-15 -2.338904e+20 5.470471e+40
2.715000e-15 -5.049503e+20 2.549748e+41
2.730000e-15 -7.715174e+20 5.952391e+41
2.745000e-15 -1.032476e+21 1.066007e+42
2.760000e-15 -1.286744e+21 1.655711e+42
2.775000e-15 -1.533277e+21 2.350938e+42
2.790000e-15 -1.771071e+21 3.136693e+42
2.805000e-15 -1.999170e+21 3.996680e+42
2.820000e-15 -2.216665e+21 4.913605e+42
2.835000e-15 -2.422702e+21 5.869486e+42
2.850000e-15 -2.616482e+21 6.845978e+42
2.865000e-15 -2.797265e+21 7.824689e+42
2.880000e-15 -2.964371e+21 8.787498e+42
2.895000e-15 -3.117188e+21 9.716864e+42
2.910000e-15 -3.255167e+21 1.059611e+43
2.925000e-15 -3.377828e+21 1.140972e+43
2.940000e-15 -3.484760e+21 1.214355e+43
2.955000e-15 -3.575623e+21 1.278508e+43
2.970000e-15 -3.650149e+21 1.332359e+43
2.985000e-15 -3.708141e+21 1.375031e+43
3.000000e-15 -3.749476e+21 1.405857e+43
3.015000e-15 -3.774102e+21 1.424385e+43
3.030000e-15 -3.782040e+21 1.430383e+43
3.045000e-15 -3.773382e+21 1.423842e+43
3.060000e-15 -3.748292e+21 1.404969e+43
3.075000e-15 -3.707000e+21 1.374185e+43
3.090000e-15 -3.649808e+21 1.332110e+43
3.105000e-15 -3.577079e+21 1.279550e+43
3.120000e-15 -3.489246e+21 1.217484e+43
3.135000e-15 -3.386798e+21 1.147040e+43
3.150000e-15 -3.270287e+21 1.069477e+43
3.165000e-15 -3.140318e+21 9.861600e+42
3.180000e-15 -2.997554e+21 8.985327e+42
3.195000e-15 -2.842702e+21 8.080956e+42
3.210000e-15 -2.676521e+21 7.163767e+42
3.225000e-15 -2.499811e+21 6.249055e+42
3.240000e-15 -2.313410e+21 5.351868e+42
3.255000e-15 -2.118195e+21 4.486749e+42
3.270000e-15 -1.915070e+21 3.667495e+42
3.285000e-15 -1.704971e+21 2.906926e+42
3.300000e-15 -1.488853e+21 2.216682e+42
3.315000e-15 -1.267694e+21 1.607048e+42
3.330000e-15 -1.042484e+21 1.086773e+42
3.345000e-15 -8.142246e+20 6.629616e+41
3.360000e-15 -5.839221e+20 3.409651e+41
3.375000e-15 -3.525856e+20 1.243166e+41
3.390000e-15 -1.212209e+20 1.469451e+40
3.405000e-15 1.091729e+20 1.191871e+40
3.420000e-15 3.376080e+20 1.139791e+41
3.435000e-15 5.631119e+20 3.170950e+41
3.450000e-15 7.847316e+20 6.158036e+41
3.465000e-15 1.001537e+21 1.003077e+42
3.480000e-15 1.212626e+21 1.470463e+42
3.495000e-15 1.417127e+21 2.008249e+42
3.510000e-15 1.614202e+21 2.605648e+42
3.525000e-15 1.803051e+21 3.250994e+42
3.540000e-15 1.982916e+21 3.931957e+42
3.555000e-15 2.153082e+21 4.635760e+42
3.570000e-15 2.312879e+21 5.349407e+42
3.585000e-15 2.461688e+21 6.059907e+42
3.600000e-15 2.598941e+21 6.754497e+42
3.615000e-15 2.724125e+21 7.420855e+42
3.630000e-15 2.836778e+21 8.047311e+42
3.645000e-15 2.936500e+21 8.623032e+42
3.660000e-15 3.022945e+21 9.138199e+42
3.675000e-15 3.095830e+21 9.584163e+42
3.690000e-15 3.154929e+21 9.953576e+42
3.705000e-15 3.200078e+21 1.024050e+43
3.720000e-15 3.231174e+21 1.044049e+43
3.735000e-15 3.248176e+21 1.055065e+43
3.750000e-15 3.251102e+21 1.056966e+43
3.765000e-15 3.240030e+21 1.049780e+43
3.780000e-15 3.215100e+21 1.033687e+43
3.795000e-15 3.176508e+21 1.009020e+43
3.810000e-15 3.124509e+21 9.762556e+42
3.825000e-15 3.059412e+21 9.360005e+42
3.840000e-15 2.981583e+21 8.889838e+42
3.855000e-15 2.891437e+21 8.360409e+42
3.870000e-15 2.789441e+21 7.780982e+42
3.885000e-15 2.676109e+21 7.161562e+42
3.900000e-15 2.552001e+21 6.512710e+42
3.915000e-15 2.417718e+21 5.845363e+42
3.930000e-15 2.273903e+21 5.170634e+42
3.945000e-15 2.121233e+21 4.499628e+42
3.960000e-15 1.960420e+21 3.843245e+42
3.975000e-15 1.792206e+21 3.212001e+42
3.990000e-15 1.617359e+21 2.615852e+42
4.005000e-15 1.436673e+21 2.064031e+42
4.020000e-15 1.250960e+21 1.564900e+42
4.035000e-15 1.061046e+21 1.125820e+42
4.050000e-15 8.677746e+20 7.530327e+41
4.065000e-15 6.719939e+20 4.515759e+41
4.080000e-15 4.745595e+20 2.252067e+41
4.095000e-15 2.763279e+20 7.635710e+40
4.110000e-15 7.815344e+19 6.107961e+39
4.125000e-15 -1.191152e+20 1.418843e+40
4.140000e-15 -3.146388e+20 9.899760e+40
4.155000e-15 -5.075911e+20 2.576487e+41
4.170000e-15 -6.971621e+20 4.860350e+41
4.185000e-15 -8.825615e+20 7.789147e+41
4.200000e-15 -1.063022e+21 1.130016e+42
4.215000e-15 -1.237802e+21 1.532155e+42
4.230000e-15 -1.406191e+21 1.977372e+42
4.245000e-15 -1.567506e+21 2.457076e+42
4.260000e-15 -1.721104e+21 2.962200e+42
4.275000e-15 -1.866376e+21 3.483359e+42
4.290000e-15 -2.002752e+21 4.011018e+42
4.305000e-15 -2.129707e+21 4.535651e+42
4.320000e-15 -2.246755e+21 5.047910e+42
4.335000e-15 -2.353460e+21 5.538776e+42
4.350000e-15 -2.449431e+21 5.999712e+42
4.365000e-15 -2.534324e+21 6.422800e+42
4.380000e-15 -2.607848e+21 6.800869e+42
4.395000e-15 -2.669758e+21 7.127610e+42
4.410000e-15 -2.719865e+21 7.397668e+42
4.425000e-15 -2.758029e+21 7.606724e+42
4.440000e-15 -2.784161e+21 7.751555e+42
4.455000e-15 -2.798227e+21 7.830075e+42
4.470000e-15 -2.800242e+21 7.841356e+42
4.485000e-15 -2.790274e+21 7.785629e+42
4.500000e-15 -2.768441e+21 7.664264e+42
4.515000e-15 -2.734911e+21 7.479737e+42
4.530000e-15 -2.689901e+21 7.235568e+42
4.545000e-15 -2.633676e+21 6.936251e+42
4.560000e-15 -2.566548e+21 6.587166e+42
4.575000e-15 -2.488870e+21 6.194475e+42
4.590000e-15 -2.401043e+21 5.765006e+42
4.605000e-15 -2.303504e+21 5.306130e+42
4.620000e-15 -2.196732e+21 4.825629e+42
4.635000e-15 -2.081240e+21 4.331560e+42
4.650000e-15 -1.957577e+21 3.832108e+42
4.665000e-15 -1.826322e+21 3.335454e+42
4.680000e-15 -1.688084e+21 2.849628e+42
4.695000e-15 -1.543496e+21 2.382381e+42
4.710000e-15 -1.393216e+21 1.941052e+42
4.725000e-15 -1.237921e+21 1.532449e+42
4.740000e-15 -1.078306e+21 1.162743e+42
4.755000e-15 -9.150774e+20 8.373667e+41
4.770000e-15 -7.489564e+20 5.609357e+41
4.785000e-15 -5.806694e+20 3.371770e+41
4.800000e-15 -4.109483e+20 1.688785e+41
4.815000e-15 -2.405261e+20 5.785282e+40
4.830000e-15 -7.013443e+19 4.918838e+39
4.845000e-15 9.950005e+19 9.900260e+39
4.860000e-15 2.676584e+20 7.164103e+40
4.875000e-15 4.336326e+20 1.880372e+41
4.890000e-15 5.967284e+20 3.560848e+41
4.905000e-15 7.562682e+20 5.719416e+41
4.920000e-15 9.115939e+20 8.310033e+41
4.935000e-15 1.062069e+21 1.127991e+42
4.950000e-15 1.207083e+21 1.457050e+42
4.965000e-15 1.346052e+21 1.811856e+42
4.980000e-15 1.478420e+21 2.185726e+42
4.995000e-15 1.603665e+21 2.571741e+42
5.010000e-15 1.721297e+21 2.962863e+42
5.025000e-15 1.830862e+21 3.352056e+42
5.040000e-15 1.931944e+21 3.732407e+42
5.055000e-15 2.024164e+21 4.097241e+42
5.070000e-15 2.107186e+21 4.440232e+42
5.085000e-15 2.180712e+21 4.755503e+42
5.100000e-15 2.244488e+21 5.037725e+42
5.115000e-15 2.298303e+21 5.282196e+42
5.130000e-15 2.341990e+21 5.484917e+42
5.145000e-15 2.375426e+21 5.642648e+42
5.160000e-15 2.398532e+21 5.752954e+42
5.175000e-15 2.411273e+21 5.814239e+42
5.190000e-15 2.413661e+21 5.825757e+42
5.205000e-15 2.405748e+21 5.787622e+42
5.220000e-15 2.387632e+21 5.700789e+42
5.235000e-15 2.359455e+21 5.567026e+42
5.250000e-15 2.321397e+21 5.388883e+42
5.265000e-15 2.273682e+21 5.169629e+42
5.280000e-15 2.216573e+21 4.913196e+42
5.295000e-15 2.150371e+21 4.624096e+42
5.310000e-15 2.075414e+21 4.307344e+42
5.325000e-15 1.992075e+21 3.968364e+42
5.340000e-15 1.900761e+21 3.612891e+42
5.355000e-15 1.801908e+21 3.246873e+42
5.370000e-15 1.695984e+21 2.876363e+42
5.385000e-15 1.583484e+21 2.507421e+42
5.400000e-15 1.464925e+21 2.146006e+42
5.415000e-15 1.340850e+21 1.797880e+42
5.430000e-15 1.211821e+21 1.468510e+42
5.445000e-15 1.078415e+21 1.162979e+42
5.460000e-15 9.412280e+20 8.859101e+41
5.475000e-15 8.008655e+20 6.413855e+41
5.490000e-15 6.579438e+20 4.328901e+41
5.505000e-15 5.130862e+20 2.632575e+41
5.520000e-15 3.669201e+20 1.346304e+41
5.535000e-15 2.200747e+20 4.843286e+40
5.550000e-15 7.317804e+19 5.355026e+39
5.565000e-15 -7.314536e+19 5.350243e+39
5.580000e-15 -2.182774e+20 4.764503e+40
5.595000e-15 -3.616089e+20 1.307610e+41
5.610000e-15 -5.025420e+20 2.525484e+41
5.625000e-15 -6.404928e+20 4.102310e+41
5.640000e-15 -7.748937e+20 6.004602e+41
5.655000e-15 -9.051956e+20 8.193791e+41
5.670000e-15 -1.030870e+21 1.062694e+42
5.685000e-15 -1.151412e+21 1.325750e+42
5.700000e-15 -1.266341e+21 1.603620e+42
5.715000e-15 -1.375203e+21 1.891184e+42
5.730000e-15 -1.477574e+21 2.183224e+42
5.745000e-15 -1.573057e+21 2.474507e+42
5.760000e-15 -1.661289e+21 2.759883e+42
5.775000e-15 -1.741941e+21 3.034360e+42
5.790000e-15 -1.814716e+21 3.293195e+42
5.805000e-15 -1.879353e+21 3.531967e+42
5.820000e-15 -1.935626e+21 3.746649e+42
5.835000e-15 -1.983349e+21 3.933672e+42
5.850000e-15 -2.022369e+21 4.089976e+42
5.865000e-15 -2.052574e+21 4.213060e+42
5.880000e-15 -2.073889e+21 4.301016e+42
5.895000e-15 -2.086277e+21 4.352554e+42
5.910000e-15 -2.089740e+21 4.367013e+42
5.925000e-15 -2.084316e+21 4.344372e+42
5.940000e-15 -2.070081e+21 4.285236e+42
5.955000e-15 -2.047149e+21 4.190820e+42
5.970000e-15 -2.015669e+21 4.062922e+42
5.985000e-15 -1.975825e+21 3.903886e+42
6.000000e-15 -1.927837e+21 3.716555e+42
6.015000e-15 -1.871955e+21 3.504217e+42
6.030000e-15 -1.808465e+21 3.270544e+42
6.045000e-15 -1.737679e+21 3.019528e+42
6.060000e-15 -1.659941e+21 2.755405e+42
6.075000e-15 -1.575622e+21 2.482585e+42
6.090000e-15 -1.485117e+21 2.205574e+42
6.105000e-15 -1.388847e+21 1.928896e+42
6.120000e-15 -1.287252e+21 1.657018e+42
6.135000e-15 -1.180795e+21 1.394276e+42
6.150000e-15 -1.069953e+21 1.144800e+42
6.165000e-15 -9.552229e+20 9.124507e+41
6.180000e-15 -8.371117e+20 7.007560e+41
6.195000e-15 -7.161391e+20 5.128552e+41
6.210000e-15 -5.928333e+20 3.514514e+41
6.225000e-15 -4.677295e+20 2.187709e+41
6.240000e-15 -3.413670e+20 1.165314e+41
6.255000e-15 -2.142872e+20 4.591901e+40
6.270000e-15 -8.703133e+19 7.574453e+39
6.285000e-15 3.986191e+19 1.588972e+39
6.300000e-15 1.658586e+20 2.750906e+40
6.315000e-15 2.904317e+20 8.435057e+40
6.330000e-15 4.130635e+20 1.706214e+41
6.345000e-15 5.332474e+20 2.843528e+41
6.360000e-15 6.504904e+20 4.231377e+41
6.375000e-15 7.643145e+20 5.841767e+41
6.390000e-15 8.742592e+20 7.643292e+41
6.405000e-15 9.798831e+20 9.601709e+41
6.420000e-15 1.080766e+21 1.168054e+42
6.435000e-15 1.176508e+21 1.384172e+42
6.450000e-15 1.266737e+21 1.604624e+42
6.465000e-15 1.351104e+21 1.825482e+42
6.480000e-15 1.429286e+21 2.042860e+42
6.495000e-15 1.500990e+21 2.252972e+42
6.510000e-15 1.565951e+21 2.452203e+42
6.525000e-15 1.623934e+21 2.637161e+42
6.540000e-15 1.674734e+21 2.804733e+42
6.555000e-15 1.718178e+21 2.952137e+42
6.570000e-15 1.754127e+21 3.076961e+42
6.585000e-15 1.782471e+21 3.177202e+42
6.600000e-15 1.803134e+21 3.251292e+42
6.615000e-15 1.816074e+21 3.298124e+42
6.630000e-15 1.821280e+21 3.317060e+42
6.645000e-15 1.818774e+21 3.307938e+42
6.660000e-15 1.808611e+21 3.271073e+42
6.675000e-15 1.790877e+21 3.207240e+42
6.690000e-15 1.765690e+21 3.117660e+42
6.705000e-15 1.733198e+21 3.003974e+42
6.720000e-15 1.693579e+21 2.868210e+42
6.735000e-15 1.647041e+21 2.712744e+42
6.750000e-15 1.593818e+21 2.540255e+42
6.765000e-15 1.534172e+21 2.353683e+42
6.780000e-15 1.468390e+21 2.156169e+42
6.795000e-15 1.396783e+21 1.951003e+42
6.810000e-15 1.319685e+21 1.741569e+42
6.825000e-15 1.237451e+21 1.531286e+42
6.840000e-15 1.150456e+21 1.323549e+42
6.855000e-15 1.059092e+21 1.121675e+42
6.870000e-15 9.637663e+20 9.288455e+41
6.885000e-15 8.649027e+20 7.480567e+41
6.900000e-15 7.629360e+20 5.820713e+41
6.915000e-15 6.583117e+20 4.333743e+41
6.930000e-15 5.514840e+20 3.041346e+41
6.945000e-15 4.429139e+20 1.961727e+41
6.960000e-15 3.330667e+20 1.109334e+41
6.975000e-15 2.224107e+20 4.946651e+40
6.990000e-15 1.114148e+20 1.241327e+40
7.005000e-15 5.469113e+17 2.991120e+35
7.020000e-15 -1.097286e+20 1.204037e+40
7.035000e-15 -2.189522e+20 4.794008e+40
7.050000e-15 -3.266716e+20 1.067143e+41
7.065000e-15 -4.324430e+20 1.870070e+41
7.080000e-15 -5.358336e+20 2.871176e+41
7.095000e-15 -6.364227e+20 4.050339e+41
7.110000e-15 -7.338040e+20 5.384683e+41
7.125000e-15 -8.275866e+20 6.848995e+41
7.140000e-15 -9.173969e+20 8.416171e+41
7.155000e-15 -1.002880e+21 1.005769e+42
7.170000e-15 -1.083702e+21 1.174409e+42
7.185000e-15 -1.159548e+21 1.344551e+42
7.200000e-15 -1.230127e+21 1.513213e+42
7.215000e-15 -1.295174e+21 1.677475e+42
7.230000e-15 -1.354444e+21 1.834518e+42
7.245000e-15 -1.407721e+21 1.981678e+42
7.260000e-15 -1.454813e+21 2.116482e+42
7.275000e-15 -1.495557e+21 2.236692e+42
7.290000e-15 -1.529816e+21 2.340338e+42
7.305000e-15 -1.557481e+21 2.425748e+42
7.320000e-15 -1.578472e+21 2.491573e+42
7.335000e-15 -1.592735e+21 2.536805e+42
7.350000e-15 -1.600247e+21 2.560791e+42
7.365000e-15 -1.601012e+21 2.563241e+42
7.380000e-15 -1.595063e+21 2.544227e+42
7.395000e-15 -1.582460e+21 2.504179e+42
7.410000e-15 -1.563290e+21 2.443875e+42
7.425000e-15 -1.537668e+21 2.364422e+42
7.440000e-15 -1.505734e+21 2.267236e+42
7.455000e-15 -1.467656e+21 2.154014e+42
7.470000e-15 -1.423624e+21 2.026706e+42
7.485000e-15 -1.373854e+21 1.887474e+42
7.500000e-15 -1.318582e+21 1.738659e+42
7.515000e-15 -1.258069e+21 1.582737e+42
7.530000e-15 -1.192593e+21 1.422279e+42
7.545000e-15 -1.122455e+21 1.259906e+42
7.560000e-15 -1.047971e+21 1.098243e+42
7.575000e-15 -9.694737e+20 9.398792e+41
7.590000e-15 -8.873118e+20 7.873223e+41
7.605000e-15 -8.018470e+20 6.429586e+41
7.620000e-15 -7.134526e+20 5.090146e+41
7.635000e-15 -6.225123e+20 3.875216e+41
7.650000e-15 -5.294186e+20 2.802840e+41
7.665000e-15 -4.345705e+20 1.888515e+41
7.680000e-15 -3.383725e+20 1.144960e+41
7.695000e-15 -2.412327e+20 5.819321e+40
7.710000e-15 -1.435607e+20 2.060967e+40
7.725000e-15 -4.576636e+19 2.094560e+39
7.740000e-15 5.174198e+19 2.677232e+39
7.755000e-15 1.485594e+20 2.206989e+40
7.770000e-15 2.442858e+20 5.967555e+40
7.785000e-15 3.385278e+20 1.146011e+41
7.800000e-15 4.309002e+20 1.856749e+41
7.815000e-15 5.210273e+20 2.714694e+41
7.830000e-15 6.085448e+20 3.703268e+41
7.845000e-15 6.931012e+20 4.803893e+41
7.860000e-15 7.743588e+20 5.996316e+41
7.875000e-15 8.519956e+20 7.258964e+41
7.890000e-15 9.257059e+20 8.569314e+41
7.905000e-15 9.952021e+20 9.904273e+41
7.920000e-15 1.060215e+21 1.124057e+42
7.935000e-15 1.120497e+21 1.255514e+42
7.950000e-15 1.175819e+21 1.382551e+42
7.965000e-15 1.225975e+21 1.503016e+42
7.980000e-15 1.270782e+21 1.614887e+42
7.995000e-15 1.310078e+21 1.716305e+42
8.010000e-15 1.343727e+21 1.805602e+42
8.025000e-15 1.371615e+21 1.881328e+42
8.040000e-15 1.393655e+21 1.942273e+42
8.055000e-15 1.409781e+21 1.987483e+42
8.070000e-15 1.419956e+21 2.016275e+42
8.085000e-15 1.424164e+21 2.028244e+42
8.100000e-15 1.422418e+21 2.023272e+42
8.115000e-15 1.414751e+21 2.001519e+42
8.130000e-15 1.401223e+21 1.963426e+42
8.145000e-15 1.381918e+21 1.909698e+42
8.160000e-15 1.356943e+21 1.841295e+42
8.175000e-15 1.326429e+21 1.759413e+42
8.190000e-15 1.290526e+21 1.665458e+42
8.205000e-15 1.249410e+21 1.561027e+42
8.220000e-15 1.203276e+21 1.447872e+42
8.235000e-15 1.152337e+21 1.327880e+42
8.250000e-15 1.096827e+21 1.203029e+42
8.265000e-15 1.036997e+21 1.075363e+42
8.280000e-15 9.731162e+20 9.469552e+41
8.295000e-15 9.054671e+20 8.198707e+41
8.310000e-15 8.343477e+20 6.961360e+41
8.325000e-15 7.600687e+20 5.777044e+41
8.340000e-15 6.829525e+20 4.664241e+41
8.355000e-15 6.033318e+20 3.640092e+41
8.370000e-15 5.215480e+20 2.720123e+41
8.385000e-15 4.379500e+20 1.918002e+41
8.400000e-15 3.528925e+20 1.245331e+41
8.415000e-15 2.667349e+20 7.114749e+40
8.430000e-15 1.798391e+20 3.234210e+40
8.445000e-15 9.256878e+19 8.568979e+39
8.460000e-15 5.287361e+18 2.795619e+37
8.475000e-15 -8.164326e+19 6.665621e+39
8.490000e-15 -1.678642e+20 2.817841e+40
8.505000e-15 -2.530213e+20 6.401978e+40
8.520000e-15 -3.367661e+20 1.134114e+41
8.535000e-15 -4.187576e+20 1.753579e+41
8.550000e-15 -4.986636e+20 2.486654e+41
8.565000e-15 -5.761620e+20 3.319626e+41
8.580000e-15 -6.509419e+20 4.237253e+41
8.595000e-15 -7.227050e+20 5.223025e+41
8.610000e-15 -7.911668e+20 6.259449e+41
8.625000e-15 -8.560577e+20 7.328348e+41
8.640000e-15 -9.171239e+20 8.411163e+41
8.655000e-15 -9.741286e+20 9.489265e+41
8.670000e-15 -1.026853e+21 1.054426e+42
8.685000e-15 -1.075095e+21 1.155830e+42
8.700000e-15 -1.118676e+21 1.251435e+42
8.715000e-15 -1.157433e+21 1.339650e+42
8.730000e-15 -1.191225e+21 1.419018e+42
8.745000e-15 -1.219934e+21 1.488239e+42
8.760000e-15 -1.243461e+21 1.546196e+42
8.775000e-15 -1.261731e+21 1.591964e+42
8.790000e-15 -1.274687e+21 1.624828e+42
8.805000e-15 -1.282300e+21 1.644292e+42
8.820000e-15 -1.284557e+21 1.650088e+42
8.835000e-15 -1.281473e+21 1.642173e+42
8.850000e-15 -1.273080e+21 1.620734e+42
8.865000e-15 -1.259435e+21 1.586177e+42
8.880000e-15 -1.240615e+21 1.539126e+42
8.895000e-15 -1.216719e+21 1.480404e+42
8.910000e-15 -1.187864e+21 1.411021e+42
8.925000e-15 -1.154190e+21 1.332156e+42
8.940000e-15 -1.115856e+21 1.245135e+42
8.955000e-15 -1.073037e+21 1.151409e+42
8.970000e-15 -1.025929e+21 1.052531e+42
8.985000e-15 -9.747426e+20 9.501232e+41
9.000000e-15 -9.197053e+20 8.458579e+41
9.015000e-15 -8.610596e+20 7.414237e+41
9.030000e-15 -7.990618e+20 6.384997e+41
9.045000e-15 -7.339810e+20 5.387281e+41
9.060000e-15 -6.660981e+20 4.436867e+41
9.075000e-15 -5.957043e+20 3.548636e+41
9.090000e-15 -5.231002e+20 2.736338e+41
9.105000e-15 -4.485943e+20 2.012369e+41
9.120000e-15 -3.725017e+20 1.387575e+41
9.135000e-15 -2.951430e+20 8.710941e+40
9.150000e-15 -2.168427e+20 4.702076e+40
9.165000e-15 -1.379280e+20 1.902414e+40
9.180000e-15 -5.872745e+19 3.448913e+39
9.195000e-15 2.043049e+19 4.174049e+38
9.210000e-15 9.921869e+19 9.844348e+39
9.225000e-15 1.773128e+20 3.143981e+40
9.240000e-15 2.543923e+20 6.471546e+40
9.255000e-15 3.301424e+20 1.089940e+41
9.270000e-15 4.042546e+20 1.634218e+41
9.285000e-15 4.764284e+20 2.269840e+41
9.300000e-15 5.463722e+20 2.985225e+41
9.315000e-15 6.138048e+20 3.767563e+41
9.330000e-15 6.784562e+20 4.603028e+41
9.345000e-15 7.400690e+20 5.477021e+41
9.360000e-15 7.983990e+20 6.374409e+41
9.375000e-15 8.532165e+20 7.279783e+41
9.390000e-15 9.043070e+20 8.177711e+41
9.405000e-15 9.514721e+20 9.052991e+41
9.420000e-15 9.945303e+20 9.890906e+41
9.435000e-15 1.033318e+21 1.067745e+42
9.450000e-15 1.067688e+21 1.139958e+42
9.465000e-15 1.097515e+21 1.204539e+42
9.480000e-15 1.122690e+21 1.260432e+42
9.495000e-15 1.143124e+21 1.306732e+42
9.510000e-15 1.158749e+21 1.342700e+42
9.525000e-15 1.169517e+21 1.367769e+42
9.540000e-15 1.175398e+21 1.381560e+42
9.555000e-15 1.176385e+21 1.383881e+42
9.570000e-15 1.172489e+21 1.374731e+42
9.585000e-15 1.163743e+21 1.354298e+42
9.600000e-15 1.150198e+21 1.322956e+42
9.615000e-15 1.131926e+21 1.281257e+42
9.630000e-15 1.109018e+21 1.229920e+42
9.645000e-15 1.081582e+21 1.169821e+42
9.660000e-15 1.049748e+21 1.101971e+42
9.675000e-15 1.013660e+21 1.027507e+42
9.690000e-15 9.734818e+20 9.476667e+41
9.705000e-15 9.293912e+20 8.637681e+41
9.720000e-15 8.815834e+20 7.771892e+41
9.735000e-15 8.302674e+20 6.893439e+41
9.750000e-15 7.756664e+20 6.016583e+41
9.765000e-15 7.180162e+20 5.155472e+41
9.780000e-15 6.575646e+20 4.323912e+41
9.795000e-15 5.945702e+20 3.535137e+41
9.810000e-15 5.293012e+20 2.801597e+41
9.825000e-15 4.620344e+20 2.134758e+41
9.840000e-15 3.930540e+20 1.544915e+41
9.855000e-15 3.226505e+20 1.041034e+41
9.870000e-15 2.511194e+20 6.306096e+40
9.885000e-15 1.787599e+20 3.195508e+40
9.900000e-15 1.058736e+20 1.120923e+40
9.915000e-15 3.276382e+19 1.073468e+39
9.930000e-15 -4.026647e+19 1.621389e+39
9.945000e-15 -1.129153e+20 1.274987e+40
9.960000e-15 -1.848833e+20 3.418182e+40
9.975000e-15 -2.558745e+20 6.547175e+40
9.990000e-15 -3.255980e+20 1.060141e+41
1.000500e-14 -3.937689e+20 1.550540e+41
1.002000e-14 -4.601096e+20 2.117008e+41
1.003500e-14 -5.243505e+20 2.749435e+41
1.005000e-14 -5.862318e+20 3.436677e+41
1.006500e-14 -6.455039e+20 4.166753e+41
1.008000e-14 -7.019288e+20 4.927040e+41
1.009500e-14 -7.552807e+20 5.704489e+41
1.011000e-14 -8.053472e+20 6.485842e+41
1.012500e-14 -8.519302e+20 7.257850e+41
1.014000e-14 -8.948462e+20 8.007497e+41
1.015500e-14 -9.339275e+20 8.722206e+41
1.017000e-14 -9.690226e+20 9.390049e+41
1.018500e-14 -9.999970e+20 9.999940e+41
1.020000e-14 -1.026733e+21 1.054181e+42
1.021500e-14 -1.049132e+21 1.100679e+42
1.023000e-14 -1.067112e+21 1.138729e+42
1.024500e-14 -1.080611e+21 1.167720e+42
1.026000e-14 -1.089584e+21 1.187193e+42
1.027500e-14 -1.094006e+21 1.196849e+42
1.029000e-14 -1.093870e+21 1.196552e+42
1.030500e-14 -1.089189e+21 1.186334e+42
1.032000e-14 -1.079994e+21 1.166388e+42
1.033500e-14 -1.066335e+21 1.137071e+42
1.035000e-14 -1.048279e+21 1.098889e+42
1.036500e-14 -1.025913e+21 1.052498e+42
1.038000e-14 -9.993400e+20 9.986805e+41
1.039500e-14 -9.686809e+20 9.383426e+41
1.041000e-14 -9.340729e+20 8.724923e+41
1.042500e-14 -8.956696e+20 8.022240e+41
1.044000e-14 -8.536394e+20 7.287002e+41
1.045500e-14 -8.081657e+20 6.531317e+41
1.047000e-14 -7.594454e+20 5.767573e+41
1.048500e-14 -7.076886e+20 5.008232e+41
1.050000e-14 -6.531174e+20 4.265624e+41
1.051500e-14 -5.959650e+20 3.551743e+41
1.053000e-14 -5.364746e+20 2.878050e+41
1.054500e-14 -4.748988e+20 2.255289e+41
1.056000e-14 -4.114980e+20 1.693306e+41
1.057500e-14 -3.465397e+20 1.200898e+41
1.059000e-14 -2.802972e+20 7.856653e+40
1.060500e-14 -2.130485e+20 4.538966e+40
1.062000e-14 -1.450750e+20 2.104677e+40
1.063500e-14 -7.666083e+19 5.876882e+39
1.065000e-14 -8.090912e+18 6.546287e+37
1.066500e-14 6.034958e+19 3.642072e+39
1.068000e-14 1.283767e+20 1.648058e+40
1.069500e-14 1.957088e+20 3.830194e+40
1.071000e-14 2.620678e+20 6.867955e+40
1.072500e-14 3.271802e+20 1.070469e+41
1.074000e-14 3.907783e+20 1.527077e+41
1.075500e-14 4.526011e+20 2.048477e+41
1.077000e-14 5.123957e+20 2.625493e+41
1.078500e-14 5.699181e+20 3.248066e+41
1.080000e-14 6.249341e+20 3.905426e+41
1.081500e-14 6.772205e+20 4.586277e+41
1.083000e-14 7.265660e+20 5.278982e+41
1.084500e-14 7.727717e+20 5.971761e+41
1.086000e-14 8.156523e+20 6.652887e+41
1.087500e-14 8.550365e+20 7.310875e+41
1.089000e-14 8.907682e+20 7.934679e+41
1.090500e-14 9.227063e+20 8.513869e+41
1.092000e-14 9.507261e+20 9.038801e+41
1.093500e-14 9.747193e+20 9.500778e+41
1.095000e-14 9.945945e+20 9.892183e+41
1.096500e-14 1.010278e+21 1.020661e+42
1.098000e-14 1.021712e+21 1.043896e+42
1.099500e-14 1.028859e+21 1.058552e+42
1.101000e-14 1.031698e+21 1.064401e+42
1.102500e-14 1.030226e+21 1.061365e+42
1.104000e-14 1.024457e+21 1.049513e+42
1.105500e-14 1.014425e+21 1.029058e+42
1.107000e-14 1.000180e+21 1.000360e+42
1.108500e-14 9.817898e+20 9.639112e+41
1.110000e-14 9.593393e+20 9.203319e+41
1.111500e-14 9.329304e+20 8.703591e+41
1.113000e-14 9.026809e+20 8.148328e+41
1.114500e-14 8.687246e+20 7.546825e+41
1.116000e-14 8.312104e+20 6.909107e+41
1.117500e-14 7.903017e+20 6.245768e+41
1.119000e-14 7.461757e+20 5.567782e+41
1.120500e-14 6.990228e+20 4.886328e+41
1.122000e-14 6.490454e+20 4.212599e+41
1.123500e-14 5.964575e+20 3.557616e+41
1.125000e-14 5.414837e+20 2.932045e+41
1.126500e-14 4.843577e+20 2.346024e+41
1.128000e-14 4.253221e+20 1.808989e+41
1.129500e-14 3.646269e+20 1.329528e+41
1.131000e-14 3.025287e+20 9.152361e+40
1.132500e-14 2.392893e+20 5.725935e+40
1.134000e-14 1.751748e+20 3.068620e+40
1.135500e-14 1.104546e+20 1.220022e+40
1.137000e-14 4.540021e+19 2.061179e+39
1.138500e-14 -1.971614e+19 3.887260e+38
1.140000e-14 -8.462230e+19 7.160934e+39
1.141500e-14 -1.490475e+20 2.221516e+40
1.143000e-14 -2.127235e+20 4.525127e+40
1.144500e-14 -2.753854e+20 7.583714e+40
1.146000e-14 -3.367734e+20 1.134163e+41
1.147500e-14 -3.966331e+20 1.573178e+41
1.149000e-14 -4.547170e+20 2.067676e+41
1.150500e-14 -5.107856e+20 2.609019e+41
1.152000e-14 -5.646079e+20 3.187820e+41
1.153500e-14 -6.159629e+20 3.794103e+41
1.155000e-14 -6.646402e+20 4.417467e+41
1.156500e-14 -7.104411e+20 5.047265e+41
1.158000e-14 -7.531788e+20 5.672784e+41
1.159500e-14 -7.926802e+20 6.283418e+41
1.161000e-14 -8.287854e+20 6.868853e+41
1.162500e-14 -8.613495e+20 7.419230e+41
1.164000e-14 -8.902423e+20 7.925313e+41
1.165500e-14 -9.153492e+20 8.378641e+41
1.167000e-14 -9.365717e+20 8.771665e+41
1.168500e-14 -9.538276e+20 9.097872e+41
1.170000e-14 -9.670517e+20 9.351890e+41
1.171500e-14 -9.761954e+20 9.529574e+41
1.173000e-14 -9.812273e+20 9.628071e+41
1.174500e-14 -9.821336e+20 9.645865e+41
1.176000e-14 -9.789175e+20 9.582794e+41
1.177500e-14 -9.715993e+20 9.440053e+41
1.179000e-14 -9.602169e+20 9.220165e+41
1.180500e-14 -9.448248e+20 8.926939e+41
1.182000e-14 -9.254943e+20 8.565397e+41
1.183500e-14 -9.023131e+20 8.141688e+41
1.185000e-14 -8.753848e+20 7.662986e+41
1.186500e-14 -8.448288e+20 7.137357e+41
1.188000e-14 -8.107792e+20 6.573629e+41
1.189500e-14 -7.733848e+20 5.981240e+41
1.191000e-14 -7.328079e+20 5.370074e+41
1.192500e-14 -6.892242e+20 4.750300e+41
1.194000e-14 -6.428216e+20 4.132196e+41
1.195500e-14 -5.937995e+20 3.525978e+41
1.197000e-14 -5.423680e+20 2.941630e+41
1.198500e-14 -4.887470e+20 2.388736e+41
1.200000e-14 -4.331653e+20 1.876322e+41
1.201500e-14 -3.758596e+20 1.412704e+41
1.203000e-14 -3.170733e+20 1.005355e+41
1.204500e-14 -2.570558e+20 6.607771e+40
1.206000e-14 -1.960614e+20 3.844007e+40
1.207500e-14 -1.343479e+20 1.804935e+40
1.209000e-14 -7.217575e+19 5.209338e+39
1.210500e-14 -9.807121e+18 9.617961e+37
1.212000e-14 5.249551e+19 2.755779e+39
1.213500e-14 1.144703e+20 1.310345e+40
1.215000e-14 1.758572e+20 3.092576e+40
1.216500e-14 2.363990e+20 5.588449e+40
1.218000e-14 2.958424e+20 8.752271e+40
1.219500e-14 3.539390e+20 1.252729e+41
1.221000e-14 4.104467e+20 1.684665e+41
1.222500e-14 4.651302e+20 2.163461e+41
1.224000e-14 5.177623e+20 2.680778e+41
1.225500e-14 5.681246e+20 3.227656e+41
1.227000e-14 6.160089e+20 3.794669e+41
1.228500e-14 6.612174e+20 4.372084e+41
1.230000e-14 7.035640e+20 4.950023e+41
1.231500e-14 7.428749e+20 5.518632e+41
1.233000e-14 7.789894e+20 6.068245e+41
1.234500e-14 8.117604e+20 6.589549e+41
1.236000e-14 8.410550e+20 7.073734e+41
1.237500e-14 8.667553e+20 7.512647e+41
1.239000e-14 8.887586e+20 7.898918e+41
1.240500e-14 9.069780e+20 8.226091e+41
1.242000e-14 9.213427e+20 8.488723e+41
1.243500e-14 9.317980e+20 8.682475e+41
1.245000e-14 9.383060e+20 8.804182e+41
1.246500e-14 9.408455e+20 8.851903e+41
1.248000e-14 9.394119e+20 8.824947e+41
1.249500e-14 9.340174e+20 8.723884e+41
1.251000e-14 9.246909e+20 8.550532e+41
1.252500e-14 9.114778e+20 8.307918e+41
1.254000e-14 8.944400e+20 8.000230e+41
1.255500e-14 8.736553e+20 7.632736e+41
1.257000e-14 8.492172e+20 7.211698e+41
1.258500e-14 8.212344e+20 6.744259e+41
1.260000e-14 7.898305e+20 6.238323e+41
1.261500e-14 7.551435e+20 5.702417e+41
1.263000e-14 7.173248e+20 5.145549e+41
1.264500e-14 6.765390e+20 4.577050e+41
1.266000e-14 6.329628e+20 4.006419e+41
1.267500e-14 5.867846e+20 3.443162e+41
1.269000e-14 5.382035e+20 2.896630e+41
1.270500e-14 4.874284e+20 2.375864e+41
1.272000e-14 4.346771e+20 1.889442e+41
1.273500e-14 3.801757e+20 1.445336e+41
1.275000e-14 3.241571e+20 1.050778e+41
1.276500e-14 2.668604e+20 7.121447e+40
1.278000e-14 2.085297e+20 4.348466e+40
1.279500e-14 1.494133e+20 2.232434e+40
1.281000e-14 8.976225e+19 8.057261e+39
1.282500e-14 2.982956e+19 8.898026e+38
1.284000e-14 -3.013088e+19 9.078701e+38
1.285500e-14 -8.986546e+19 8.075801e+39
1.287000e-14 -1.491219e+20 2.223733e+40
1.288500e-14 -2.076502e+20 4.311861e+40
1.290000e-14 -2.652040e+20 7.033315e+40
1.291500e-14 -3.215412e+20 1.033888e+41
1.293000e-14 -3.764254e+20 1.416961e+41
1.294500e-14 -4.296265e+20 1.845789e+41
1.296000e-14 -4.809219e+20 2.312859e+41
1.297500e-14 -5.300976e+20 2.810035e+41
1.299000e-14 -5.769486e+20 3.328697e+41
1.300500e-14 -6.212801e+20 3.859890e+41
1.302000e-14 -6.629084e+20 4.394475e+41
1.303500e-14 -7.016613e+20 4.923286e+41
1.305000e-14 -7.373793e+20 5.437282e+41
1.306500e-14 -7.699157e+20 5.927702e+41
1.308000e-14 -7.991377e+20 6.386210e+41
1.309500e-14 -8.249265e+20 6.805038e+41
1.311000e-14 -8.471784e+20 7.177112e+41
1.312500e-14 -8.658045e+20 7.496174e+41
1.314000e-14 -8.807315e+20 7.756879e+41
1.315500e-14 -8.919019e+20 7.954890e+41
1.317000e-14 -8.992743e+20 8.086942e+41
1.318500e-14 -9.028233e+20 8.150899e+41
1.320000e-14 -9.025398e+20 8.145781e+41
1.321500e-14 -8.984311e+20 8.071785e+41
1.323000e-14 -8.905206e+20 7.930269e+41
1.324500e-14 -8.788476e+20 7.723732e+41
1.326000e-14 -8.634678e+20 7.455766e+41
1.327500e-14 -8.444520e+20 7.130993e+41
1.329000e-14 -8.218868e+20 6.754979e+41
1.330500e-14 -7.958733e+20 6.334143e+41
1.332000e-14 -7.665273e+20 5.875642e+41
1.333500e-14 -7.339788e+20 5.387248e+41
1.335000e-14 -6.983707e+20 4.877216e+41
1.336500e-14 -6.598590e+20 4.354139e+41
1.338000e-14 -6.186119e+20 3.826806e+41
1.339500e-14 -5.748086e+20 3.304049e+41
1.341000e-14 -5.286391e+20 2.794593e+41
1.342500e-14 -4.803033e+20 2.306913e+41
1.344000e-14 -4.300098e+20 1.849084e+41
1.345500e-14 -3.779752e+20 1.428652e+41
1.347000e-14 -3.244232e+20 1.052504e+41
1.348500e-14 -2.695837e+20 7.267537e+40
1.350000e-14 -2.136916e+20 4.566411e+40
1.351500e-14 -1.569861e+20 2.464462e+40
1.353000e-14 -9.970916e+19 9.941916e+39
1.354500e-14 -4.210514e+19 1.772843e+39
1.356000e-14 1.558075e+19 2.427597e+38
1.357500e-14 7.310330e+19 5.344092e+39
1.359000e-14 1.302184e+20 1.695682e+40
1.360500e-14 1.866839e+20 3.485088e+40
1.362000e-14 2.422610e+20 5.869042e+40
1.363500e-14 2.967150e+20 8.803980e+40
1.365000e-14 3.498162e+20 1.223714e+41
1.366500e-14 4.013411e+20 1.610747e+41
1.368000e-14 4.510733e+20 2.034671e+41
1.369500e-14 4.988042e+20 2.488057e+41
1.371000e-14 5.443343e+20 2.962998e+41
1.372500e-14 5.874735e+20 3.451252e+41
1.374000e-14 6.280425e+20 3.944373e+41
1.375500e-14 6.658727e+20 4.433865e+41
1.377000e-14 7.008081e+20 4.911319e+41
1.378500e-14 7.327046e+20 5.368560e+41
1.380000e-14 7.614318e+20 5.797783e+41
1.381500e-14 7.868726e+20 6.191684e+41
1.383000e-14 8.089243e+20 6.543585e+41
1.384500e-14 8.274988e+20 6.847542e+41
1.386000e-14 8.425228e+20 7.098447e+41
1.387500e-14 8.539384e+20 7.292107e+41
1.389000e-14 8.617030e+20 7.425320e+41
1.390500e-14 8.657897e+20 7.495918e+41
1.392000e-14 8.661873e+20 7.502805e+41
1.393500e-14 8.629004e+20 7.445971e+41
1.395000e-14 8.559491e+20 7.326489e+41
1.396500e-14 8.453693e+20 7.146493e+41
1.398000e-14 8.312122e+20 6.909137e+41
1.399500e-14 8.135440e+20 6.618539e+41
1.401000e-14 7.924461e+20 6.279707e+41
1.402500e-14 7.680139e+20 5.898454e+41
1.404000e-14 7.403574e+20 5.481291e+41
1.405500e-14 7.095998e+20 5.035318e+41
1.407000e-14 6.758773e+20 4.568101e+41
1.408500e-14 6.393387e+20 4.087539e+41
1.410000e-14 6.001444e+20 3.601733e+41
1.411500e-14 5.584660e+20 3.118842e+41
1.413000e-14 5.144852e+20 2.646950e+41
1.414500e-14 4.683933e+20 2.193923e+41
1.416000e-14 4.203905e+20 1.767281e+41
1.417500e-14 3.706843e+20 1.374069e+41
1.419000e-14 3.194897e+20 1.020737e+41
1.420500e-14 2.670272e+20 7.130354e+40
1.422000e-14 2.135227e+20 4.559192e+40
1.423500e-14 1.592058e+20 2.534647e+40
1.425000e-14 1.043094e+20 1.088044e+40
1.426500e-14 4.906843e+19 2.407711e+39
1.428000e-14 -6.281074e+18 3.945189e+37
1.429500e-14 -6.150311e+19 3.782633e+39
1.431000e-14 -1.163626e+20 1.354025e+40
1.432500e-14 -1.706264e+20 2.911337e+40
1.434000e-14 -2.240643e+20 5.020482e+40
1.435500e-14 -2.764501e+20 7.642467e+40
1.437000e-14 -3.275624e+20 1.072971e+41
1.438500e-14 -3.771857e+20 1.422690e+41
1.440000e-14 -4.251111e+20 1.807194e+41
1.441500e-14 -4.711374e+20 2.219704e+41
1.443000e-14 -5.150719e+20 2.652991e+41
1.444500e-14 -5.567312e+20 3.099496e+41
1.446000e-14 -5.959417e+20 3.551465e+41
1.447500e-14 -6.325408e+20 4.001079e+41
1.449000e-14 -6.663773e+20 4.440587e+41
1.450500e-14 -6.973120e+20 4.862440e+41
1.452000e-14 -7.252183e+20 5.259416e+41
1.453500e-14 -7.499829e+20 5.624743e+41
1.455000e-14 -7.715059e+20 5.952214e+41
1.456500e-14 -7.897017e+20 6.236287e+41
1.458000e-14 -8.044988e+20 6.472182e+41
1.459500e-14 -8.158404e+20 6.655955e+41
1.461000e-14 -8.236847e+20 6.784564e+41
1.462500e-14 -8.280047e+20 6.855918e+41
1.464000e-14 -8.287887e+20 6.868907e+41
1.465500e-14 -8.260399e+20 6.823419e+41
1.467000e-14 -8.197767e+20 6.720339e+41
1.468500e-14 -8.100326e+20 6.561528e+41
1.470000e-14 -7.968555e+20 6.349787e+41
1.471500e-14 -7.803083e+20 6.088811e+41
1.473000e-14 -7.604680e+20 5.783116e+41
1.474500e-14 -7.374254e+20 5.437962e+41
1.476000e-14 -7.112849e+20 5.059263e+41
1.477500e-14 -6.821640e+20 4.653478e+41
1.479000e-14 -6.501927e+20 4.227505e+41
1.480500e-14 -6.155127e+20 3.788559e+41
1.482000e-14 -5.782772e+20 3.344045e+41
1.483500e-14 -5.386500e+20 2.901439e+41
1.485000e-14 -4.968048e+20 2.468150e+41
1.486500e-14 -4.529244e+20 2.051405e+41
1.488000e-14 -4.071998e+20 1.658117e+41
1.489500e-14 -3.598298e+20 1.294775e+41
1.491000e-14 -3.110197e+20 9.673324e+40
1.492500e-14 -2.609804e+20 6.811077e+40
1.494000e-14 -2.099279e+20 4.406971e+40
1.495500e-14 -1.580819e+20 2.498988e+40
1.497000e-14 -1.056651e+20 1.116512e+40
1.498500e-14 -5.290237e+19 2.798661e+39
