0.000000e+00 nan nan
1.500000e-17 -1.092194e+17 1.192888e+34
3.000000e-17 -8.731787e+17 7.624411e+35
4.500000e-17 -2.943737e+18 8.665590e+36
6.000000e-17 -6.967005e+18 4.853916e+37
7.500000e-17 -1.358049e+19 1.844298e+38
9.000000e-17 -2.341030e+19 5.480423e+38
1.050000e-16 -3.706835e+19 1.374063e+39
1.200000e-16 -5.514966e+19 3.041485e+39
1.350000e-16 -7.822968e+19 6.119883e+39
1.500000e-16 -1.068618e+20 1.141944e+40
1.650000e-16 -1.415746e+20 2.004337e+40
1.800000e-16 -1.828699e+20 3.344142e+40
1.950000e-16 -2.312201e+20 5.346274e+40
2.100000e-16 -2.870660e+20 8.240690e+40
2.250000e-16 -3.508150e+20 1.230711e+41
2.400000e-16 -4.228388e+20 1.787926e+41
2.550000e-16 -5.034720e+20 2.534841e+41
2.700000e-16 -5.930102e+20 3.516611e+41
2.850000e-16 -6.917086e+20 4.784607e+41
3.000000e-16 -7.997804e+20 6.396487e+41
3.150000e-16 -9.173960e+20 8.416154e+41
3.300000e-16 -1.044682e+21 1.091360e+42
3.450000e-16 -1.181719e+21 1.396460e+42
3.600000e-16 -1.328544e+21 1.765029e+42
3.750000e-16 -1.485146e+21 2.205659e+42
3.900000e-16 -1.651469e+21 2.727350e+42
4.050000e-16 -1.827410e+21 3.339426e+42
4.200000e-16 -2.012818e+21 4.051438e+42
4.350000e-16 -2.207499e+21 4.873054e+42
4.500000e-16 -2.411211e+21 5.813937e+42
4.650000e-16 -2.623665e+21 6.883619e+42
4.800000e-16 -2.844531e+21 8.091358e+42
4.950000e-16 -3.073433e+21 9.445991e+42
5.100000e-16 -3.309953e+21 1.095579e+43
5.250000e-16 -3.553631e+21 1.262830e+43
5.400000e-16 -3.803969e+21 1.447018e+43
5.550000e-16 -4.060428e+21 1.648707e+43
5.700000e-16 -4.322434e+21 1.868343e+43
5.850000e-16 -4.589378e+21 2.106239e+43
6.000000e-16 -4.860618e+21 2.362561e+43
6.150000e-16 -5.135482e+21 2.637318e+43
6.300000e-16 -5.413269e+21 2.930348e+43
6.450000e-16 -5.693252e+21 3.241311e+43
6.600000e-16 -5.974680e+21 3.569680e+43
6.750000e-16 -6.256783e+21 3.914734e+43
6.900000e-16 -6.538771e+21 4.275553e+43
7.050000e-16 -6.819840e+21 4.651022e+43
7.200000e-16 -7.099171e+21 5.039822e+43
7.350000e-16 -7.375936e+21 5.440443e+43
7.500000e-16 -7.649303e+21 5.851184e+43
7.650000e-16 -7.918433e+21 6.270157e+43
7.800000e-16 -8.182487e+21 6.695310e+43
7.950000e-16 -8.440627e+21 7.124419e+43
8.100000e-16 -8.692022e+21 7.555125e+43
8.250000e-16 -8.935847e+21 7.984936e+43
8.400000e-16 -9.171291e+21 8.411258e+43
8.550000e-16 -9.397554e+21 8.831402e+43
8.700000e-16 -9.613855e+21 9.242621e+43
8.850000e-16 -9.819432e+21 9.642124e+43
9.000000e-16 -1.001355e+22 1.002711e+44
9.150000e-16 -1.019548e+22 1.039479e+44
9.300000e-16 -1.036456e+22 1.074240e+44
9.450000e-16 -1.052011e+22 1.106727e+44
9.600000e-16 -1.066152e+22 1.136681e+44
9.750000e-16 -1.078821e+22 1.163855e+44
9.900000e-16 -1.089962e+22 1.188018e+44
1.005000e-15 -1.099525e+22 1.208955e+44
1.020000e-15 -1.107462e+22 1.226473e+44
1.035000e-15 -1.113732e+22 1.240399e+44
1.050000e-15 -1.118296e+22 1.250587e+44
1.065000e-15 -1.121122e+22 1.256915e+44
1.080000e-15 -1.122181e+22 1.259290e+44
1.095000e-15 -1.121449e+22 1.257649e+44
1.110000e-15 -1.118909e+22 1.251958e+44
1.125000e-15 -1.114548e+22 1.242217e+44
1.140000e-15 -1.108356e+22 1.228454e+44
1.155000e-15 -1.100333e+22 1.210732e+44
1.170000e-15 -1.090480e+22 1.189146e+44
1.185000e-15 -1.078805e+22 1.163820e+44
1.200000e-15 -1.065322e+22 1.134911e+44
1.215000e-15 -1.050050e+22 1.102604e+44
1.230000e-15 -1.033011e+22 1.067113e+44
1.245000e-15 -1.014237e+22 1.028677e+44
1.260000e-15 -9.937603e+21 9.875596e+43
1.275000e-15 -9.716209e+21 9.440472e+43
1.290000e-15 -9.478631e+21 8.984445e+43
1.305000e-15 -9.225362e+21 8.510730e+43
1.320000e-15 -8.956939e+21 8.022675e+43
1.335000e-15 -8.673947e+21 7.523736e+43
1.350000e-15 -8.377015e+21 7.017438e+43
1.365000e-15 -8.066812e+21 6.507346e+43
1.380000e-15 -7.744048e+21 5.997029e+43
1.395000e-15 -7.409471e+21 5.490027e+43
1.410000e-15 -7.063865e+21 4.989818e+43
1.425000e-15 -6.708044e+21 4.499786e+43
1.440000e-15 -6.342857e+21 4.023184e+43
1.455000e-15 -5.969179e+21 3.563110e+43
1.470000e-15 -5.587910e+21 3.122474e+43
1.485000e-15 -5.199974e+21 2.703973e+43
1.500000e-15 -4.806313e+21 2.310065e+43
1.515000e-15 -4.407889e+21 1.942949e+43
1.530000e-15 -4.005675e+21 1.604543e+43
1.545000e-15 -3.600656e+21 1.296472e+43
1.560000e-15 -3.193825e+21 1.020052e+43
1.575000e-15 -2.786181e+21 7.762804e+42
1.590000e-15 -2.378724e+21 5.658326e+42
1.605000e-15 -1.972452e+21 3.890566e+42
1.620000e-15 -1.568360e+21 2.459753e+42
1.635000e-15 -1.167435e+21 1.362905e+42
1.650000e-15 -7.706553e+20 5.939097e+41
1.665000e-15 -3.789835e+20 1.436285e+41
1.680000e-15 6.632555e+18 4.399078e+37
1.695000e-15 3.852643e+20 1.484286e+41
1.710000e-15 7.560052e+20 5.715438e+41
1.725000e-15 1.117973e+21 1.249864e+42
1.740000e-15 1.470313e+21 2.161821e+42
1.755000e-15 1.812200e+21 3.284070e+42
1.770000e-15 2.142842e+21 4.591771e+42
1.785000e-15 2.461479e+21 6.058880e+42
1.800000e-15 2.767391e+21 7.658455e+42
1.815000e-15 3.059895e+21 9.362960e+42
1.830000e-15 3.338350e+21 1.114458e+43
1.845000e-15 3.602155e+21 1.297552e+43
1.860000e-15 3.850756e+21 1.482832e+43
1.875000e-15 4.083645e+21 1.667616e+43
1.890000e-15 4.300360e+21 1.849310e+43
1.905000e-15 4.500488e+21 2.025439e+43
1.920000e-15 4.683664e+21 2.193671e+43
1.935000e-15 4.849577e+21 2.351839e+43
1.950000e-15 4.997964e+21 2.497964e+43
1.965000e-15 5.128615e+21 2.630269e+43
1.980000e-15 5.241372e+21 2.747198e+43
1.995000e-15 5.336131e+21 2.847429e+43
2.010000e-15 5.412837e+21 2.929880e+43
2.025000e-15 5.471491e+21 2.993721e+43
2.040000e-15 5.512144e+21 3.038374e+43
2.055000e-15 5.534901e+21 3.063512e+43
2.070000e-15 5.539914e+21 3.069065e+43
2.085000e-15 5.527390e+21 3.055204e+43
2.100000e-15 5.497583e+21 3.022342e+43
2.115000e-15 5.450796e+21 2.971117e+43
2.130000e-15 5.387378e+21 2.902385e+43
2.145000e-15 5.307727e+21 2.817197e+43
2.160000e-15 5.212283e+21 2.716790e+43
2.175000e-15 5.101529e+21 2.602559e+43
2.190000e-15 4.975988e+21 2.476046e+43
2.205000e-15 4.836226e+21 2.338908e+43
2.220000e-15 4.682842e+21 2.192901e+43
2.235000e-15 4.516472e+21 2.039852e+43
2.250000e-15 4.337785e+21 1.881638e+43
2.265000e-15 4.147480e+21 1.720159e+43
2.280000e-15 3.946285e+21 1.557317e+43
2.295000e-15 3.734954e+21 1.394988e+43
2.310000e-15 3.514262e+21 1.235004e+43
2.325000e-15 3.285009e+21 1.079128e+43
2.340000e-15 3.048009e+21 9.290356e+42
2.355000e-15 2.804094e+21 7.862942e+42
2.370000e-15 2.554108e+21 6.523469e+42
2.385000e-15 2.298906e+21 5.284971e+42
2.400000e-15 2.039350e+21 4.158949e+42
2.415000e-15 1.776306e+21 3.155264e+42
2.430000e-15 1.510643e+21 2.282042e+42
2.445000e-15 1.243229e+21 1.545617e+42
2.460000e-15 9.749277e+20 9.504840e+41
2.475000e-15 7.065988e+20 4.992818e+41
2.490000e-15 4.390919e+20 1.928017e+41
2.505000e-15 1.732458e+20 3.001412e+40
2.520000e-15 -9.011419e+19 8.120567e+39
2.535000e-15 -3.501792e+20 1.226255e+41
2.550000e-15 -6.061586e+20 3.674282e+41
2.565000e-15 -8.572827e+20 7.349335e+41
2.580000e-15 -1.102805e+21 1.216178e+42
2.595000e-15 -1.342003e+21 1.800972e+42
2.610000e-15 -1.574183e+21 2.478052e+42
2.625000e-15 -1.798680e+21 3.235248e+42
2.640000e-15 -2.014858e+21 4.059653e+42
2.655000e-15 -2.222116e+21 4.937801e+42
2.670000e-15 -2.419887e+21 5.855853e+42
2.685000e-15 -2.607638e+21 6.799774e+42
2.700000e-15 -2.784873e+21 7.755519e+42
2.715000e-15 -2.951137e+21 8.709208e+42
2.730000e-15 -3.106010e+21 9.647301e+42
2.745000e-15 -3.249117e+21 1.055676e+43
2.760000e-15 -3.380119e+21 1.142521e+43
2.775000e-15 -3.498723e+21 1.224106e+43
2.790000e-15 -3.604675e+21 1.299368e+43
2.805000e-15 -3.697766e+21 1.367347e+43
2.820000e-15 -3.777828e+21 1.427199e+43
2.835000e-15 -3.844737e+21 1.478201e+43
2.850000e-15 -3.898412e+21 1.519762e+43
2.865000e-15 -3.938815e+21 1.551426e+43
2.880000e-15 -3.965948e+21 1.572874e+43
2.895000e-15 -3.979859e+21 1.583928e+43
2.910000e-15 -3.980635e+21 1.584545e+43
2.925000e-15 -3.968404e+21 1.574823e+43
2.940000e-15 -3.943336e+21 1.554990e+43
2.955000e-15 -3.905636e+21 1.525400e+43
2.970000e-15 -3.855552e+21 1.486528e+43
2.985000e-15 -3.793366e+21 1.438963e+43
3.000000e-15 -3.719397e+21 1.383391e+43
3.015000e-15 -3.633996e+21 1.320593e+43
3.030000e-15 -3.537550e+21 1.251426e+43
3.045000e-15 -3.430475e+21 1.176816e+43
3.060000e-15 -3.313218e+21 1.097741e+43
3.075000e-15 -3.186253e+21 1.015221e+43
3.090000e-15 -3.050082e+21 9.303001e+42
3.105000e-15 -2.905230e+21 8.440360e+42
3.120000e-15 -2.752244e+21 7.574846e+42
3.135000e-15 -2.591692e+21 6.716869e+42
3.150000e-15 -2.424162e+21 5.876564e+42
3.165000e-15 -2.250257e+21 5.063658e+42
3.180000e-15 -2.070594e+21 4.287361e+42
3.195000e-15 -1.885804e+21 3.556257e+42
3.210000e-15 -1.696527e+21 2.878203e+42
3.225000e-15 -1.503410e+21 2.260243e+42
3.240000e-15 -1.307110e+21 1.708535e+42
3.255000e-15 -1.108282e+21 1.228290e+42
3.270000e-15 -9.075886e+20 8.237172e+41
3.285000e-15 -7.056880e+20 4.979955e+41
3.300000e-15 -5.032373e+20 2.532478e+41
3.315000e-15 -3.008892e+20 9.053434e+40
3.330000e-15 -9.928967e+19 9.858438e+39
3.345000e-15 1.009239e+20 1.018564e+40
3.360000e-15 2.991246e+20 8.947551e+40
3.375000e-15 4.946975e+20 2.447257e+41
3.390000e-15 6.870423e+20 4.720271e+41
3.405000e-15 8.755741e+20 7.666301e+41
3.420000e-15 1.059726e+21 1.123019e+42
3.435000e-15 1.238950e+21 1.534997e+42
3.450000e-15 1.412719e+21 1.995776e+42
3.465000e-15 1.580528e+21 2.498070e+42
3.480000e-15 1.741897e+21 3.034203e+42
3.495000e-15 1.896367e+21 3.596207e+42
3.510000e-15 2.043509e+21 4.175929e+42
3.525000e-15 2.182920e+21 4.765139e+42
3.540000e-15 2.314224e+21 5.355633e+42
3.555000e-15 2.437076e+21 5.939339e+42
3.570000e-15 2.551159e+21 6.508412e+42
3.585000e-15 2.656188e+21 7.055334e+42
3.600000e-15 2.751908e+21 7.572998e+42
3.615000e-15 2.838097e+21 8.054795e+42
3.630000e-15 2.914564e+21 8.494685e+42
3.645000e-15 2.981151e+21 8.887263e+42
3.660000e-15 3.037733e+21 9.227819e+42
3.675000e-15 3.084215e+21 9.512382e+42
3.690000e-15 3.120538e+21 9.737759e+42
3.705000e-15 3.146675e+21 9.901561e+42
3.720000e-15 3.162628e+21 1.000222e+43
3.735000e-15 3.168435e+21 1.003898e+43
3.750000e-15 3.164164e+21 1.001193e+43
3.765000e-15 3.149913e+21 9.921952e+42
3.780000e-15 3.125812e+21 9.770700e+42
3.795000e-15 3.092020e+21 9.560586e+42
3.810000e-15 3.048725e+21 9.294722e+42
3.825000e-15 2.996143e+21 8.976871e+42
3.840000e-15 2.934517e+21 8.611392e+42
3.855000e-15 2.864118e+21 8.203172e+42
3.870000e-15 2.785239e+21 7.757559e+42
3.885000e-15 2.698200e+21 7.280284e+42
3.900000e-15 2.603342e+21 6.777387e+42
3.915000e-15 2.501026e+21 6.255132e+42
3.930000e-15 2.391637e+21 5.719928e+42
3.945000e-15 2.275576e+21 5.178245e+42
3.960000e-15 2.153261e+21 4.636534e+42
3.975000e-15 2.025128e+21 4.101145e+42
3.990000e-15 1.891627e+21 3.578251e+42
4.005000e-15 1.753218e+21 3.073773e+42
4.020000e-15 1.610376e+21 2.593310e+42
4.035000e-15 1.463583e+21 2.142076e+42
4.050000e-15 1.313332e+21 1.724841e+42
4.065000e-15 1.160120e+21 1.345879e+42
4.080000e-15 1.004450e+21 1.008921e+42
4.095000e-15 8.468293e+20 7.171198e+41
4.110000e-15 6.877648e+20 4.730205e+41
4.125000e-15 5.277656e+20 2.785365e+41
4.140000e-15 3.673386e+20 1.349377e+41
4.155000e-15 2.069881e+20 4.284408e+40
4.170000e-15 4.721379e+19 2.229142e+39
4.185000e-15 -1.114905e+20 1.243013e+40
4.200000e-15 -2.686383e+20 7.216655e+40
4.215000e-15 -4.237520e+20 1.795658e+41
4.230000e-15 -5.763642e+20 3.321957e+41
4.245000e-15 -7.260189e+20 5.271034e+41
4.260000e-15 -8.722731e+20 7.608604e+41
4.275000e-15 -1.014698e+21 1.029612e+42
4.290000e-15 -1.152880e+21 1.329132e+42
4.305000e-15 -1.286422e+21 1.654880e+42
4.320000e-15 -1.414943e+21 2.002065e+42
4.335000e-15 -1.538084e+21 2.365703e+42
4.350000e-15 -1.655502e+21 2.740687e+42
4.365000e-15 -1.766876e+21 3.121850e+42
4.380000e-15 -1.871906e+21 3.504030e+42
4.395000e-15 -1.970313e+21 3.882132e+42
4.410000e-15 -2.061842e+21 4.251191e+42
4.425000e-15 -2.146260e+21 4.606432e+42
4.440000e-15 -2.223359e+21 4.943325e+42
4.455000e-15 -2.292954e+21 5.257637e+42
4.470000e-15 -2.354884e+21 5.545481e+42
4.485000e-15 -2.409016e+21 5.803356e+42
4.500000e-15 -2.455237e+21 6.028187e+42
4.515000e-15 -2.493463e+21 6.217357e+42
4.530000e-15 -2.523634e+21 6.368729e+42
4.545000e-15 -2.545715e+21 6.480667e+42
4.560000e-15 -2.559698e+21 6.552051e+42
4.575000e-15 -2.565595e+21 6.582280e+42
4.590000e-15 -2.563449e+21 6.571273e+42
4.605000e-15 -2.553324e+21 6.519461e+42
4.620000e-15 -2.535307e+21 6.427779e+42
4.635000e-15 -2.509510e+21 6.297641e+42
4.650000e-15 -2.476070e+21 6.130921e+42
4.665000e-15 -2.435142e+21 5.929917e+42
4.680000e-15 -2.386907e+21 5.697326e+42
4.695000e-15 -2.331565e+21 5.436196e+42
4.710000e-15 -2.269337e+21 5.149888e+42
4.725000e-15 -2.200462e+21 4.842033e+42
4.740000e-15 -2.125200e+21 4.516476e+42
4.755000e-15 -2.043828e+21 4.177232e+42
4.770000e-15 -1.956638e+21 3.828434e+42
4.785000e-15 -1.863941e+21 3.474276e+42
4.800000e-15 -1.766060e+21 3.118968e+42
4.815000e-15 -1.663332e+21 2.766674e+42
4.830000e-15 -1.556108e+21 2.421474e+42
4.845000e-15 -1.444750e+21 2.087302e+42
4.860000e-15 -1.329628e+21 1.767910e+42
4.875000e-15 -1.211124e+21 1.466820e+42
4.890000e-15 -1.089625e+21 1.187283e+42
4.905000e-15 -9.655277e+20 9.322438e+41
4.920000e-15 -8.392316e+20 7.043098e+41
4.935000e-15 -7.111414e+20 5.057220e+41
4.950000e-15 -5.816642e+20 3.383332e+41
4.965000e-15 -4.512089e+20 2.035895e+41
4.980000e-15 -3.201848e+20 1.025183e+41
4.995000e-15 -1.890001e+20 3.572105e+40
5.010000e-15 -5.806112e+19 3.371094e+39
5.025000e-15 7.222937e+19 5.217082e+39
5.040000e-15 2.014730e+20 4.059138e+40
5.055000e-15 3.292773e+20 1.084235e+41
5.070000e-15 4.552563e+20 2.072583e+41
5.085000e-15 5.790324e+20 3.352785e+41
5.100000e-15 7.002368e+20 4.903315e+41
5.115000e-15 8.185109e+20 6.699601e+41
5.130000e-15 9.335074e+20 8.714360e+41
5.145000e-15 1.044891e+21 1.091797e+42
5.160000e-15 1.152339e+21 1.327886e+42
5.175000e-15 1.255544e+21 1.576391e+42
5.190000e-15 1.354212e+21 1.833890e+42
5.205000e-15 1.448065e+21 2.096893e+42
5.220000e-15 1.536842e+21 2.361885e+42
5.235000e-15 1.620299e+21 2.625369e+42
5.250000e-15 1.698208e+21 2.883912e+42
5.265000e-15 1.770362e+21 3.134182e+42
5.280000e-15 1.836570e+21 3.372991e+42
5.295000e-15 1.896663e+21 3.597332e+42
5.310000e-15 1.950490e+21 3.804412e+42
5.325000e-15 1.997920e+21 3.991685e+42
5.340000e-15 2.038843e+21 4.156881e+42
5.355000e-15 2.073169e+21 4.298030e+42
5.370000e-15 2.100830e+21 4.413485e+42
5.385000e-15 2.121776e+21 4.501934e+42
5.400000e-15 2.135981e+21 4.562416e+42
5.415000e-15 2.143439e+21 4.594329e+42
5.430000e-15 2.144162e+21 4.597432e+42
5.445000e-15 2.138187e+21 4.571843e+42
5.460000e-15 2.125568e+21 4.518039e+42
5.475000e-15 2.106380e+21 4.436837e+42
5.490000e-15 2.080719e+21 4.329390e+42
5.505000e-15 2.048698e+21 4.197163e+42
5.520000e-15 2.010451e+21 4.041914e+42
5.535000e-15 1.966130e+21 3.865668e+42
5.550000e-15 1.915904e+21 3.670690e+42
5.565000e-15 1.859961e+21 3.459455e+42
5.580000e-15 1.798503e+21 3.234613e+42
5.595000e-15 1.731750e+21 2.998959e+42
5.610000e-15 1.659937e+21 2.755391e+42
5.625000e-15 1.583313e+21 2.506879e+42
5.640000e-15 1.502140e+21 2.256424e+42
5.655000e-15 1.416693e+21 2.007020e+42
5.670000e-15 1.327261e+21 1.761621e+42
5.685000e-15 1.234140e+21 1.523101e+42
5.700000e-15 1.137639e+21 1.294222e+42
5.715000e-15 1.038074e+21 1.077598e+42
5.730000e-15 9.357708e+20 8.756670e+41
5.745000e-15 8.310607e+20 6.906619e+41
5.760000e-15 7.242813e+20 5.245834e+41
5.775000e-15 6.157750e+20 3.791789e+41
5.790000e-15 5.058879e+20 2.559225e+41
5.805000e-15 3.949688e+20 1.560003e+41
5.820000e-15 2.833680e+20 8.029742e+40
5.835000e-15 1.714365e+20 2.939046e+40
5.850000e-15 5.952449e+19 3.543165e+39
5.865000e-15 -5.201928e+19 2.706006e+39
5.880000e-15 -1.628489e+20 2.651976e+40
5.895000e-15 -2.726222e+20 7.432284e+40
5.910000e-15 -3.810017e+20 1.451623e+41
5.925000e-15 -4.876558e+20 2.378082e+41
5.940000e-15 -5.922599e+20 3.507717e+41
5.955000e-15 -6.944967e+20 4.823257e+41
5.970000e-15 -7.940582e+20 6.305284e+41
5.985000e-15 -8.906455e+20 7.932494e+41
6.000000e-15 -9.839706e+20 9.681981e+41
6.015000e-15 -1.073757e+21 1.152953e+42
6.030000e-15 -1.159739e+21 1.344995e+42
6.045000e-15 -1.241666e+21 1.541735e+42
6.060000e-15 -1.319300e+21 1.740552e+42
6.075000e-15 -1.392417e+21 1.938825e+42
6.090000e-15 -1.460808e+21 2.133960e+42
6.105000e-15 -1.524280e+21 2.323431e+42
6.120000e-15 -1.582657e+21 2.504804e+42
6.135000e-15 -1.635778e+21 2.675769e+42
6.150000e-15 -1.683499e+21 2.834168e+42
6.165000e-15 -1.725694e+21 2.978021e+42
6.180000e-15 -1.762256e+21 3.105548e+42
6.195000e-15 -1.793095e+21 3.215188e+42
6.210000e-15 -1.818137e+21 3.305622e+42
6.225000e-15 -1.837330e+21 3.375781e+42
6.240000e-15 -1.850638e+21 3.424862e+42
6.255000e-15 -1.858046e+21 3.452334e+42
6.270000e-15 -1.859554e+21 3.457940e+42
6.285000e-15 -1.855183e+21 3.441704e+42
6.300000e-15 -1.844972e+21 3.403921e+42
6.315000e-15 -1.828977e+21 3.345158e+42
6.330000e-15 -1.807274e+21 3.266240e+42
6.345000e-15 -1.779954e+21 3.168237e+42
6.360000e-15 -1.747127e+21 3.052454e+42
6.375000e-15 -1.708919e+21 2.920406e+42
6.390000e-15 -1.665474e+21 2.773802e+42
6.405000e-15 -1.616948e+21 2.614521e+42
6.420000e-15 -1.563517e+21 2.444585e+42
6.435000e-15 -1.505369e+21 2.266135e+42
6.450000e-15 -1.442706e+21 2.081401e+42
6.465000e-15 -1.375745e+21 1.892675e+42
6.480000e-15 -1.304715e+21 1.702281e+42
6.495000e-15 -1.229856e+21 1.512545e+42
6.510000e-15 -1.151420e+21 1.325768e+42
6.525000e-15 -1.069669e+21 1.144192e+42
6.540000e-15 -9.848753e+20 9.699793e+41
6.555000e-15 -8.973184e+20 8.051803e+41
6.570000e-15 -8.072863e+20 6.517112e+41
6.585000e-15 -7.150736e+20 5.113302e+41
6.600000e-15 -6.209805e+20 3.856168e+41
6.615000e-15 -5.253122e+20 2.759529e+41
6.630000e-15 -4.283775e+20 1.835073e+41
6.645000e-15 -3.304884e+20 1.092226e+41
6.660000e-15 -2.319585e+20 5.380475e+40
6.675000e-15 -1.331023e+20 1.771621e+40
6.690000e-15 -3.423412e+19 1.171975e+39
6.705000e-15 6.433266e+19 4.138691e+39
6.720000e-15 1.622869e+20 2.633704e+40
6.735000e-15 2.593205e+20 6.724713e+40
6.750000e-15 3.551294e+20 1.261169e+41
6.765000e-15 4.494146e+20 2.019735e+41
6.780000e-15 5.418829e+20 2.936371e+41
6.795000e-15 6.322480e+20 3.997376e+41
6.810000e-15 7.202313e+20 5.187331e+41
6.825000e-15 8.055626e+20 6.489312e+41
6.840000e-15 8.879814e+20 7.885110e+41
6.855000e-15 9.672372e+20 9.355478e+41
6.870000e-15 1.043090e+21 1.088037e+42
6.885000e-15 1.115313e+21 1.243923e+42
6.900000e-15 1.183690e+21 1.401121e+42
6.915000e-15 1.248018e+21 1.557548e+42
6.930000e-15 1.308108e+21 1.711147e+42
6.945000e-15 1.363787e+21 1.859914e+42
6.960000e-15 1.414892e+21 2.001920e+42
6.975000e-15 1.461280e+21 2.135340e+42
6.990000e-15 1.502821e+21 2.258472e+42
7.005000e-15 1.539402e+21 2.369757e+42
7.020000e-15 1.570923e+21 2.467801e+42
7.035000e-15 1.597306e+21 2.551387e+42
7.050000e-15 1.618485e+21 2.619494e+42
7.065000e-15 1.634413e+21 2.671305e+42
7.080000e-15 1.645059e+21 2.706218e+42
7.095000e-15 1.650409e+21 2.723849e+42
7.110000e-15 1.650466e+21 2.724039e+42
7.125000e-15 1.645251e+21 2.706851e+42
7.140000e-15 1.634800e+21 2.672571e+42
7.155000e-15 1.619167e+21 2.621701e+42
7.170000e-15 1.598420e+21 2.554947e+42
7.185000e-15 1.572647e+21 2.473217e+42
7.200000e-15 1.541947e+21 2.377601e+42
7.215000e-15 1.506438e+21 2.269357e+42
7.230000e-15 1.466252e+21 2.149896e+42
7.245000e-15 1.421535e+21 2.020761e+42
7.260000e-15 1.372446e+21 1.883608e+42
7.275000e-15 1.319160e+21 1.740182e+42
7.290000e-15 1.261861e+21 1.592294e+42
7.305000e-15 1.200750e+21 1.441801e+42
7.320000e-15 1.136035e+21 1.290576e+42
7.335000e-15 1.067937e+21 1.140490e+42
7.350000e-15 9.966872e+20 9.933855e+41
7.365000e-15 9.225246e+20 8.510516e+41
7.380000e-15 8.456977e+20 7.152046e+41
7.395000e-15 7.664624e+20 5.874646e+41
7.410000e-15 6.850813e+20 4.693364e+41
7.425000e-15 6.018230e+20 3.621909e+41
7.440000e-15 5.169610e+20 2.672487e+41
7.455000e-15 4.307730e+20 1.855654e+41
7.470000e-15 3.435400e+20 1.180197e+41
7.485000e-15 2.555451e+20 6.530328e+40
7.500000e-15 1.670730e+20 2.791338e+40
7.515000e-15 7.840876e+19 6.147934e+39
7.530000e-15 -1.016285e+19 1.032835e+38
7.545000e-15 -9.835854e+19 9.674402e+39
7.560000e-15 -1.858972e+20 3.455778e+40
7.575000e-15 -2.725009e+20 7.425676e+40
7.590000e-15 -3.578958e+20 1.280894e+41
7.605000e-15 -4.418127e+20 1.951984e+41
7.620000e-15 -5.239883e+20 2.745637e+41
7.635000e-15 -6.041660e+20 3.650165e+41
7.650000e-15 -6.820962e+20 4.652552e+41
7.665000e-15 -7.575377e+20 5.738634e+41
7.680000e-15 -8.302582e+20 6.893287e+41
7.695000e-15 -9.000348e+20 8.100626e+41
7.710000e-15 -9.666549e+20 9.344217e+41
7.725000e-15 -1.029917e+21 1.060729e+42
7.740000e-15 -1.089631e+21 1.187295e+42
7.755000e-15 -1.145618e+21 1.312441e+42
7.770000e-15 -1.197714e+21 1.434520e+42
7.785000e-15 -1.245766e+21 1.551934e+42
7.800000e-15 -1.289636e+21 1.663160e+42
7.815000e-15 -1.329197e+21 1.766765e+42
7.830000e-15 -1.364341e+21 1.861426e+42
7.845000e-15 -1.394970e+21 1.945942e+42
7.860000e-15 -1.421004e+21 2.019254e+42
7.875000e-15 -1.442377e+21 2.080453e+42
7.890000e-15 -1.459038e+21 2.128792e+42
7.905000e-15 -1.470951e+21 2.163697e+42
7.920000e-15 -1.478096e+21 2.184769e+42
7.935000e-15 -1.480469e+21 2.191788e+42
7.950000e-15 -1.478079e+21 2.184717e+42
7.965000e-15 -1.470953e+21 2.163701e+42
7.980000e-15 -1.459131e+21 2.129062e+42
7.995000e-15 -1.442669e+21 2.081293e+42
8.010000e-15 -1.421638e+21 2.021054e+42
8.025000e-15 -1.396122e+21 1.949157e+42
8.040000e-15 -1.366221e+21 1.866559e+42
8.055000e-15 -1.332046e+21 1.774347e+42
8.070000e-15 -1.293725e+21 1.673724e+42
8.085000e-15 -1.251395e+21 1.565989e+42
8.100000e-15 -1.205208e+21 1.452525e+42
8.115000e-15 -1.155326e+21 1.334778e+42
8.130000e-15 -1.101924e+21 1.214236e+42
8.145000e-15 -1.045186e+21 1.092413e+42
8.160000e-15 -9.853072e+20 9.708303e+41
8.175000e-15 -9.224917e+20 8.509909e+41
8.190000e-15 -8.569520e+20 7.343668e+41
8.205000e-15 -7.889089e+20 6.223773e+41
8.220000e-15 -7.185902e+20 5.163719e+41
8.235000e-15 -6.462301e+20 4.176133e+41
8.250000e-15 -5.720685e+20 3.272623e+41
8.265000e-15 -4.963502e+20 2.463635e+41
8.280000e-15 -4.193241e+20 1.758327e+41
8.295000e-15 -3.412423e+20 1.164463e+41
8.310000e-15 -2.623593e+20 6.883239e+40
8.325000e-15 -1.829311e+20 3.346379e+40
8.340000e-15 -1.032147e+20 1.065328e+40
8.355000e-15 -2.346689e+19 5.506950e+38
8.370000e-15 5.605641e+19 3.142321e+39
8.385000e-15 1.351010e+20 1.825227e+40
8.400000e-15 2.134150e+20 4.554596e+40
8.415000e-15 2.907501e+20 8.453562e+40
8.430000e-15 3.668619e+20 1.345877e+41
8.445000e-15 4.415110e+20 1.949320e+41
8.460000e-15 5.144634e+20 2.646726e+41
8.475000e-15 5.854917e+20 3.428005e+41
8.490000e-15 6.543752e+20 4.282069e+41
8.505000e-15 7.209011e+20 5.196985e+41
8.520000e-15 7.848652e+20 6.160133e+41
8.535000e-15 8.460718e+20 7.158374e+41
8.550000e-15 9.043351e+20 8.178220e+41
8.565000e-15 9.594794e+20 9.206008e+41
8.580000e-15 1.011340e+21 1.022808e+42
8.595000e-15 1.059762e+21 1.123095e+42
8.610000e-15 1.104604e+21 1.220150e+42
8.625000e-15 1.145735e+21 1.312709e+42
8.640000e-15 1.183038e+21 1.399578e+42
8.655000e-15 1.216407e+21 1.479645e+42
8.670000e-15 1.245749e+21 1.551891e+42
8.685000e-15 1.270987e+21 1.615408e+42
8.700000e-15 1.292054e+21 1.669404e+42
8.715000e-15 1.308898e+21 1.713215e+42
8.730000e-15 1.321482e+21 1.746315e+42
8.745000e-15 1.329780e+21 1.768315e+42
8.760000e-15 1.333782e+21 1.778975e+42
8.775000e-15 1.333492e+21 1.778200e+42
8.790000e-15 1.328925e+21 1.766041e+42
8.805000e-15 1.320112e+21 1.742696e+42
8.820000e-15 1.307098e+21 1.708505e+42
8.835000e-15 1.289939e+21 1.663942e+42
8.850000e-15 1.268706e+21 1.609614e+42
8.865000e-15 1.243481e+21 1.546244e+42
8.880000e-15 1.214360e+21 1.474670e+42
8.895000e-15 1.181451e+21 1.395826e+42
8.910000e-15 1.144872e+21 1.310732e+42
8.925000e-15 1.104755e+21 1.220483e+42
8.940000e-15 1.061240e+21 1.126231e+42
8.955000e-15 1.014480e+21 1.029169e+42
8.970000e-15 9.646348e+20 9.305203e+41
8.985000e-15 9.118763e+20 8.315183e+41
9.000000e-15 8.563835e+20 7.333927e+41
9.015000e-15 7.983439e+20 6.373531e+41
9.030000e-15 7.379525e+20 5.445738e+41
9.045000e-15 6.754108e+20 4.561797e+41
9.060000e-15 6.109266e+20 3.732313e+41
9.075000e-15 5.447133e+20 2.967126e+41
9.090000e-15 4.769887e+20 2.275182e+41
9.105000e-15 4.079749e+20 1.664436e+41
9.120000e-15 3.378973e+20 1.141746e+41
9.135000e-15 2.669836e+20 7.128022e+40
9.150000e-15 1.954635e+20 3.820599e+40
9.165000e-15 1.235680e+20 1.526904e+40
9.180000e-15 5.152811e+19 2.655146e+39
9.195000e-15 -2.042529e+19 4.171924e+38
9.210000e-15 -9.206252e+19 8.475508e+39
9.225000e-15 -1.631557e+20 2.661979e+40
9.240000e-15 -2.334796e+20 5.451273e+40
9.255000e-15 -3.028121e+20 9.169520e+40
9.270000e-15 -3.709352e+20 1.375929e+41
9.285000e-15 -4.376354e+20 1.915247e+41
9.300000e-15 -5.027045e+20 2.527118e+41
9.315000e-15 -5.659403e+20 3.202884e+41
9.330000e-15 -6.271471e+20 3.933135e+41
9.345000e-15 -6.861365e+20 4.707833e+41
9.360000e-15 -7.427277e+20 5.516444e+41
9.375000e-15 -7.967481e+20 6.348075e+41
9.390000e-15 -8.480341e+20 7.191618e+41
9.405000e-15 -8.964312e+20 8.035888e+41
9.420000e-15 -9.417947e+20 8.869773e+41
9.435000e-15 -9.839902e+20 9.682367e+41
9.450000e-15 -1.022894e+21 1.046311e+42
9.465000e-15 -1.058392e+21 1.120194e+42
9.480000e-15 -1.090383e+21 1.188936e+42
9.495000e-15 -1.118778e+21 1.251663e+42
9.510000e-15 -1.143496e+21 1.307583e+42
9.525000e-15 -1.164472e+21 1.355996e+42
9.540000e-15 -1.181652e+21 1.396301e+42
9.555000e-15 -1.194992e+21 1.428006e+42
9.570000e-15 -1.204464e+21 1.450733e+42
9.585000e-15 -1.210050e+21 1.464220e+42
9.600000e-15 -1.211744e+21 1.468324e+42
9.615000e-15 -1.209555e+21 1.463024e+42
9.630000e-15 -1.203502e+21 1.448418e+42
9.645000e-15 -1.193618e+21 1.424723e+42
9.660000e-15 -1.179945e+21 1.392271e+42
9.675000e-15 -1.162541e+21 1.351502e+42
9.690000e-15 -1.141473e+21 1.302961e+42
9.705000e-15 -1.116820e+21 1.247287e+42
9.720000e-15 -1.088673e+21 1.185208e+42
9.735000e-15 -1.057131e+21 1.117527e+42
9.750000e-15 -1.022308e+21 1.045114e+42
9.765000e-15 -9.843249e+20 9.688954e+41
9.780000e-15 -9.433124e+20 8.898383e+41
9.795000e-15 -8.994115e+20 8.089411e+41
9.810000e-15 -8.527714e+20 7.272191e+41
9.825000e-15 -8.035496e+20 6.456919e+41
9.840000e-15 -7.519113e+20 5.653705e+41
9.855000e-15 -6.980288e+20 4.872442e+41
9.870000e-15 -6.420812e+20 4.122683e+41
9.885000e-15 -5.842535e+20 3.413521e+41
9.900000e-15 -5.247360e+20 2.753478e+41
9.915000e-15 -4.637238e+20 2.150398e+41
9.930000e-15 -4.014164e+20 1.611351e+41
9.945000e-15 -3.380165e+20 1.142551e+41
9.960000e-15 -2.737298e+20 7.492798e+40
9.975000e-15 -2.087641e+20 4.358245e+40
9.990000e-15 -1.433289e+20 2.054317e+40
1.000500e-14 -7.763436e+19 6.027093e+39
1.002000e-14 -1.189096e+19 1.413949e+38
1.003500e-14 5.369136e+19 2.882762e+39
1.005000e-14 1.189038e+20 1.413811e+40
1.006500e-14 1.835393e+20 3.368667e+40
1.008000e-14 2.473933e+20 6.120347e+40
1.009500e-14 3.102645e+20 9.626404e+40
1.011000e-14 3.719549e+20 1.383504e+41
1.012500e-14 4.322712e+20 1.868584e+41
1.014000e-14 4.910250e+20 2.411056e+41
1.015500e-14 5.480333e+20 3.003405e+41
1.017000e-14 6.031192e+20 3.637527e+41
1.018500e-14 6.561124e+20 4.304835e+41
1.020000e-14 7.068500e+20 4.996370e+41
1.021500e-14 7.551765e+20 5.702915e+41
1.023000e-14 8.009444e+20 6.415120e+41
1.024500e-14 8.440152e+20 7.123616e+41
1.026000e-14 8.842589e+20 7.819138e+41
1.027500e-14 9.215552e+20 8.492640e+41
1.029000e-14 9.557933e+20 9.135409e+41
1.030500e-14 9.868727e+20 9.739177e+41
1.032000e-14 1.014703e+21 1.029622e+42
1.033500e-14 1.039204e+21 1.079946e+42
1.035000e-14 1.060308e+21 1.124253e+42
1.036500e-14 1.077956e+21 1.161989e+42
1.038000e-14 1.092102e+21 1.192686e+42
1.039500e-14 1.102710e+21 1.215968e+42
1.041000e-14 1.109755e+21 1.231557e+42
1.042500e-14 1.113227e+21 1.239274e+42
1.044000e-14 1.113122e+21 1.239041e+42
1.045500e-14 1.109452e+21 1.230884e+42
1.047000e-14 1.102238e+21 1.214928e+42
1.048500e-14 1.091512e+21 1.191398e+42
1.050000e-14 1.077318e+21 1.160614e+42
1.051500e-14 1.059711e+21 1.122988e+42
1.053000e-14 1.038757e+21 1.079017e+42
1.054500e-14 1.014532e+21 1.029275e+42
1.056000e-14 9.871209e+20 9.744077e+41
1.057500e-14 9.566210e+20 9.151236e+41
1.059000e-14 9.231376e+20 8.521831e+41
1.060500e-14 8.867860e+20 7.863893e+41
1.062000e-14 8.476897e+20 7.185779e+41
1.063500e-14 8.059813e+20 6.496058e+41
1.065000e-14 7.618009e+20 5.803406e+41
1.066500e-14 7.152963e+20 5.116488e+41
1.068000e-14 6.666224e+20 4.443855e+41
1.069500e-14 6.159407e+20 3.793829e+41
1.071000e-14 5.634184e+20 3.174402e+41
1.072500e-14 5.092284e+20 2.593135e+41
1.074000e-14 4.535485e+20 2.057062e+41
1.075500e-14 3.965607e+20 1.572604e+41
1.077000e-14 3.384508e+20 1.145490e+41
1.078500e-14 2.794078e+20 7.806872e+40
1.080000e-14 2.196230e+20 4.823427e+40
1.081500e-14 1.592898e+20 2.537325e+40
1.083000e-14 9.860280e+19 9.722513e+39
1.084500e-14 3.775724e+19 1.425609e+39
1.086000e-14 -2.305156e+19 5.313743e+38
1.087500e-14 -8.362889e+19 6.993791e+39
1.089000e-14 -1.437812e+20 2.067305e+40
1.090500e-14 -2.033169e+20 4.133778e+40
1.092000e-14 -2.620467e+20 6.866850e+40
1.093500e-14 -3.197844e+20 1.022621e+41
1.095000e-14 -3.763473e+20 1.416373e+41
1.096500e-14 -4.315571e+20 1.862416e+41
1.098000e-14 -4.852401e+20 2.354580e+41
1.099500e-14 -5.372279e+20 2.886138e+41
1.101000e-14 -5.873580e+20 3.449894e+41
1.102500e-14 -6.354741e+20 4.038273e+41
1.104000e-14 -6.814268e+20 4.643425e+41
1.105500e-14 -7.250741e+20 5.257324e+41
1.107000e-14 -7.662814e+20 5.871872e+41
1.108500e-14 -8.049226e+20 6.479003e+41
1.110000e-14 -8.408797e+20 7.070787e+41
1.111500e-14 -8.740440e+20 7.639529e+41
1.113000e-14 -9.043156e+20 8.177868e+41
1.114500e-14 -9.316045e+20 8.678869e+41
1.116000e-14 -9.558301e+20 9.136111e+41
1.117500e-14 -9.769219e+20 9.543765e+41
1.119000e-14 -9.948199e+20 9.896667e+41
1.120500e-14 -1.009474e+21 1.019038e+42
1.122000e-14 -1.020845e+21 1.042125e+42
1.123500e-14 -1.028904e+21 1.058644e+42
1.125000e-14 -1.033634e+21 1.068399e+42
1.126500e-14 -1.035026e+21 1.071279e+42
1.128000e-14 -1.033085e+21 1.067264e+42
1.129500e-14 -1.027824e+21 1.056422e+42
1.131000e-14 -1.019268e+21 1.038907e+42
1.132500e-14 -1.007453e+21 1.014961e+42
1.134000e-14 -9.924232e+20 9.849039e+41
1.135500e-14 -9.742359e+20 9.491356e+41
1.137000e-14 -9.529565e+20 9.081260e+41
1.138500e-14 -9.286606e+20 8.624105e+41
1.140000e-14 -9.014335e+20 8.125823e+41
1.141500e-14 -8.713696e+20 7.592850e+41
1.143000e-14 -8.385723e+20 7.032035e+41
1.144500e-14 -8.031535e+20 6.450555e+41
1.146000e-14 -7.652332e+20 5.855818e+41
1.147500e-14 -7.249393e+20 5.255370e+41
1.149000e-14 -6.824071e+20 4.656795e+41
1.150500e-14 -6.377787e+20 4.067616e+41
1.152000e-14 -5.912025e+20 3.495204e+41
1.153500e-14 -5.428332e+20 2.946678e+41
1.155000e-14 -4.928305e+20 2.428819e+41
1.156500e-14 -4.413594e+20 1.947981e+41
1.158000e-14 -3.885890e+20 1.510014e+41
1.159500e-14 -3.346922e+20 1.120189e+41
1.161000e-14 -2.798454e+20 7.831345e+40
1.162500e-14 -2.242274e+20 5.027794e+40
1.164000e-14 -1.680193e+20 2.823048e+40
1.165500e-14 -1.114034e+20 1.241073e+40
1.167000e-14 -5.456337e+19 2.977161e+39
1.168500e-14 2.317245e+18 5.369625e+36
1.170000e-14 5.905494e+19 3.487485e+39
1.171500e-14 1.154671e+20 1.333265e+40
1.173000e-14 1.713726e+20 2.936858e+40
1.174500e-14 2.265924e+20 5.134412e+40
1.176000e-14 2.809499e+20 7.893286e+40
1.177500e-14 3.342718e+20 1.117377e+41
1.179000e-14 3.863886e+20 1.492961e+41
1.180500e-14 4.371347e+20 1.910868e+41
1.182000e-14 4.863498e+20 2.365361e+41
1.183500e-14 5.338785e+20 2.850262e+41
1.185000e-14 5.795713e+20 3.359029e+41
1.186500e-14 6.232850e+20 3.884842e+41
1.188000e-14 6.648831e+20 4.420695e+41
1.189500e-14 7.042362e+20 4.959486e+41
1.191000e-14 7.412224e+20 5.494106e+41
1.192500e-14 7.757277e+20 6.017535e+41
1.194000e-14 8.076466e+20 6.522930e+41
1.195500e-14 8.368818e+20 7.003712e+41
1.197000e-14 8.633452e+20 7.453650e+41
1.198500e-14 8.869577e+20 7.866939e+41
1.200000e-14 9.076495e+20 8.238277e+41
1.201500e-14 9.253607e+20 8.562925e+41
1.203000e-14 9.400408e+20 8.836768e+41
1.204500e-14 9.516495e+20 9.056368e+41
1.206000e-14 9.601563e+20 9.219002e+41
1.207500e-14 9.655409e+20 9.322693e+41
1.209000e-14 9.677931e+20 9.366236e+41
1.210500e-14 9.669130e+20 9.349207e+41
1.212000e-14 9.629104e+20 9.271965e+41
1.213500e-14 9.558057e+20 9.135646e+41
1.215000e-14 9.456290e+20 8.942142e+41
1.216500e-14 9.324203e+20 8.694076e+41
1.218000e-14 9.162292e+20 8.394760e+41
1.219500e-14 8.971151e+20 8.048156e+41
1.221000e-14 8.751466e+20 7.658815e+41
1.222500e-14 8.504012e+20 7.231822e+41
1.224000e-14 8.229654e+20 6.772721e+41
1.225500e-14 7.929343e+20 6.287448e+41
1.227000e-14 7.604108e+20 5.782246e+41
1.228500e-14 7.255061e+20 5.263591e+41
1.230000e-14 6.883385e+20 4.738098e+41
1.231500e-14 6.490334e+20 4.212444e+41
1.233000e-14 6.077230e+20 3.693273e+41
1.234500e-14 5.645456e+20 3.187118e+41
1.236000e-14 5.196452e+20 2.700311e+41
1.237500e-14 4.731710e+20 2.238908e+41
1.239000e-14 4.252770e+20 1.808605e+41
1.240500e-14 3.761214e+20 1.414673e+41
1.242000e-14 3.258663e+20 1.061888e+41
1.243500e-14 2.746767e+20 7.544731e+40
1.245000e-14 2.227205e+20 4.960443e+40
1.246500e-14 1.701675e+20 2.895699e+40
1.248000e-14 1.171892e+20 1.373330e+40
1.249500e-14 6.395781e+19 4.090601e+39
1.251000e-14 1.064628e+19 1.133433e+38
1.252500e-14 -4.257276e+19 1.812440e+39
1.254000e-14 -9.552735e+19 9.125475e+39
1.255500e-14 -1.480468e+20 2.191786e+40
1.257000e-14 -1.999622e+20 3.998490e+40
1.258500e-14 -2.511071e+20 6.305478e+40
1.260000e-14 -3.013178e+20 9.079240e+40
1.261500e-14 -3.504340e+20 1.228040e+41
1.263000e-14 -3.982994e+20 1.586424e+41
1.264500e-14 -4.447623e+20 1.978135e+41
1.266000e-14 -4.896754e+20 2.397820e+41
1.267500e-14 -5.328973e+20 2.839796e+41
1.269000e-14 -5.742921e+20 3.298115e+41
1.270500e-14 -6.137303e+20 3.766649e+41
1.272000e-14 -6.510889e+20 4.239168e+41
1.273500e-14 -6.862520e+20 4.709419e+41
1.275000e-14 -7.191112e+20 5.171209e+41
1.276500e-14 -7.495655e+20 5.618485e+41
1.278000e-14 -7.775223e+20 6.045410e+41
1.279500e-14 -8.028971e+20 6.446438e+41
1.281000e-14 -8.256140e+20 6.816385e+41
1.282500e-14 -8.456059e+20 7.150494e+41
1.284000e-14 -8.628147e+20 7.444492e+41
1.285500e-14 -8.771914e+20 7.694647e+41
1.287000e-14 -8.886963e+20 7.897811e+41
1.288500e-14 -8.972991e+20 8.051457e+41
1.290000e-14 -9.029791e+20 8.153712e+41
1.291500e-14 -9.057248e+20 8.203374e+41
1.293000e-14 -9.055345e+20 8.199928e+41
1.294500e-14 -9.024160e+20 8.143546e+41
1.296000e-14 -8.963864e+20 8.035086e+41
1.297500e-14 -8.874722e+20 7.876070e+41
1.299000e-14 -8.757094e+20 7.668670e+41
1.300500e-14 -8.611428e+20 7.415670e+41
1.302000e-14 -8.438264e+20 7.120430e+41
1.303500e-14 -8.238229e+20 6.786842e+41
1.305000e-14 -8.012035e+20 6.419271e+41
1.306500e-14 -7.760477e+20 6.022501e+41
1.308000e-14 -7.484431e+20 5.601670e+41
1.309500e-14 -7.184848e+20 5.162204e+41
1.311000e-14 -6.862756e+20 4.709741e+41
1.312500e-14 -6.519249e+20 4.250061e+41
1.314000e-14 -6.155492e+20 3.789008e+41
1.315500e-14 -5.772710e+20 3.332418e+41
1.317000e-14 -5.372187e+20 2.886039e+41
1.318500e-14 -4.955260e+20 2.455461e+41
1.320000e-14 -4.523319e+20 2.046042e+41
1.321500e-14 -4.077796e+20 1.662842e+41
1.323000e-14 -3.620164e+20 1.310559e+41
1.324500e-14 -3.151933e+20 9.934680e+40
1.326000e-14 -2.674641e+20 7.153704e+40
1.327500e-14 -2.189853e+20 4.795458e+40
1.329000e-14 -1.699155e+20 2.887129e+40
1.330500e-14 -1.204147e+20 1.449970e+40
1.332000e-14 -7.064385e+19 4.990553e+39
1.333500e-14 -2.076448e+19 4.311635e+38
1.335000e-14 2.906199e+19 8.445994e+38
1.336500e-14 7.867470e+19 6.189709e+39
1.338000e-14 1.279139e+20 1.636196e+40
1.339500e-14 1.766214e+20 3.119512e+40
1.341000e-14 2.246412e+20 5.046368e+40
1.342500e-14 2.718199e+20 7.388605e+40
1.344000e-14 3.180071e+20 1.011285e+41
1.345500e-14 3.630561e+20 1.318097e+41
1.347000e-14 4.068242e+20 1.655059e+41
1.348500e-14 4.491732e+20 2.017566e+41
1.350000e-14 4.899699e+20 2.400705e+41
1.351500e-14 5.290862e+20 2.799322e+41
1.353000e-14 5.664000e+20 3.208090e+41
1.354500e-14 6.017953e+20 3.621576e+41
1.356000e-14 6.351625e+20 4.034314e+41
1.357500e-14 6.663988e+20 4.440873e+41
1.359000e-14 6.954086e+20 4.835931e+41
1.360500e-14 7.221037e+20 5.214338e+41
1.362000e-14 7.464037e+20 5.571184e+41
1.363500e-14 7.682358e+20 5.901863e+41
1.365000e-14 7.875358e+20 6.202127e+41
1.366500e-14 8.042475e+20 6.468141e+41
1.368000e-14 8.183233e+20 6.696531e+41
1.369500e-14 8.297242e+20 6.884422e+41
1.371000e-14 8.384199e+20 7.029479e+41
1.372500e-14 8.443889e+20 7.129926e+41
1.374000e-14 8.476186e+20 7.184573e+41
1.375500e-14 8.481053e+20 7.192825e+41
1.377000e-14 8.458539e+20 7.154689e+41
1.378500e-14 8.408785e+20 7.070766e+41
1.380000e-14 8.332016e+20 6.942249e+41
1.381500e-14 8.228545e+20 6.770895e+41
1.383000e-14 8.098770e+20 6.559008e+41
1.384500e-14 7.943173e+20 6.309400e+41
1.386000e-14 7.762318e+20 6.025358e+41
1.387500e-14 7.556849e+20 5.710596e+41
1.389000e-14 7.327486e+20 5.369205e+41
1.390500e-14 7.075026e+20 5.005600e+41
1.392000e-14 6.800340e+20 4.624462e+41
1.393500e-14 6.504363e+20 4.230674e+41
1.395000e-14 6.188102e+20 3.829261e+41
1.396500e-14 5.852624e+20 3.425321e+41
1.398000e-14 5.499055e+20 3.023961e+41
1.399500e-14 5.128578e+20 2.630231e+41
1.401000e-14 4.742425e+20 2.249060e+41
1.402500e-14 4.341879e+20 1.885191e+41
1.404000e-14 3.928262e+20 1.543124e+41
1.405500e-14 3.502939e+20 1.227058e+41
1.407000e-14 3.067305e+20 9.408363e+40
1.408500e-14 2.622790e+20 6.879026e+40
1.410000e-14 2.170844e+20 4.712562e+40
1.411500e-14 1.712940e+20 2.934163e+40
1.413000e-14 1.250566e+20 1.563916e+40
1.414500e-14 7.852217e+19 6.165730e+39
1.416000e-14 3.184112e+19 1.013857e+39
1.417500e-14 -1.483592e+19 2.201045e+38
1.419000e-14 -6.135874e+19 3.764895e+39
1.420500e-14 -1.075780e+20 1.157302e+40
1.422000e-14 -1.533456e+20 2.351488e+40
1.423500e-14 -1.985154e+20 3.940836e+40
1.425000e-14 -2.429434e+20 5.902148e+40
1.426500e-14 -2.864883e+20 8.207555e+40
1.428000e-14 -3.290121e+20 1.082490e+41
1.429500e-14 -3.703804e+20 1.371817e+41
1.431000e-14 -4.104627e+20 1.684796e+41
1.432500e-14 -4.491330e+20 2.017205e+41
1.434000e-14 -4.862702e+20 2.364587e+41
1.435500e-14 -5.217582e+20 2.722316e+41
1.437000e-14 -5.554868e+20 3.085656e+41
1.438500e-14 -5.873514e+20 3.449816e+41
1.440000e-14 -6.172537e+20 3.810021e+41
1.441500e-14 -6.451021e+20 4.161567e+41
1.443000e-14 -6.708115e+20 4.499881e+41
1.444500e-14 -6.943042e+20 4.820584e+41
1.446000e-14 -7.155096e+20 5.119540e+41
1.447500e-14 -7.343645e+20 5.392913e+41
1.449000e-14 -7.508137e+20 5.637212e+41
1.450500e-14 -7.648094e+20 5.849335e+41
1.452000e-14 -7.763123e+20 6.026608e+41
1.453500e-14 -7.852908e+20 6.166817e+41
1.455000e-14 -7.917217e+20 6.268232e+41
1.456500e-14 -7.955897e+20 6.329630e+41
1.458000e-14 -7.968882e+20 6.350309e+41
1.459500e-14 -7.956186e+20 6.330090e+41
1.461000e-14 -7.917905e+20 6.269322e+41
1.462500e-14 -7.854218e+20 6.168873e+41
1.464000e-14 -7.765384e+20 6.030119e+41
1.465500e-14 -7.651743e+20 5.854918e+41
1.467000e-14 -7.513715e+20 5.645591e+41
1.468500e-14 -7.351794e+20 5.404887e+41
1.470000e-14 -7.166552e+20 5.135946e+41
1.471500e-14 -6.958634e+20 4.842259e+41
1.473000e-14 -6.728756e+20 4.527616e+41
1.474500e-14 -6.477704e+20 4.196065e+41
1.476000e-14 -6.206329e+20 3.851852e+41
1.477500e-14 -5.915545e+20 3.499368e+41
1.479000e-14 -5.606328e+20 3.143092e+41
1.480500e-14 -5.279710e+20 2.787534e+41
1.482000e-14 -4.936776e+20 2.437175e+41
1.483500e-14 -4.578662e+20 2.096414e+41
1.485000e-14 -4.206550e+20 1.769506e+41
1.486500e-14 -3.821664e+20 1.460512e+41
1.488000e-14 -3.425268e+20 1.173246e+41
1.489500e-14 -3.018658e+20 9.112295e+40
1.491000e-14 -2.603162e+20 6.776450e+40
1.492500e-14 -2.180132e+20 4.752976e+40
1.494000e-14 -1.750943e+20 3.065803e+40
1.495500e-14 -1.316987e+20 1.734455e+40
1.497000e-14 -8.796672e+19 7.738145e+39
1.498500e-14 -4.403952e+19 1.939479e+39
