0.000000e+00 nan nan
1.000000e-17 7.228814e+22 5.225576e+45
2.000000e-17 7.218969e+22 5.211351e+45
3.000000e-17 7.202578e+22 5.187713e+45
4.000000e-17 7.179667e+22 5.154762e+45
5.000000e-17 7.150275e+22 5.112644e+45
6.000000e-17 7.114449e+22 5.061539e+45
7.000000e-17 7.072248e+22 5.001669e+45
8.000000e-17 7.023740e+22 4.933292e+45
9.000000e-17 6.969003e+22 4.856701e+45
1.000000e-16 6.908128e+22 4.772223e+45
1.100000e-16 6.841212e+22 4.680219e+45
1.200000e-16 6.768365e+22 4.581077e+45
1.300000e-16 6.689704e+22 4.475214e+45
1.400000e-16 6.605357e+22 4.363074e+45
1.500000e-16 6.515459e+22 4.245121e+45
1.600000e-16 6.420156e+22 4.121841e+45
1.700000e-16 6.319602e+22 3.993737e+45
1.800000e-16 6.213957e+22 3.861327e+45
1.900000e-16 6.103392e+22 3.725140e+45
2.000000e-16 5.988084e+22 3.585715e+45
2.100000e-16 5.868216e+22 3.443596e+45
2.200000e-16 5.743981e+22 3.299331e+45
2.300000e-16 5.615575e+22 3.153468e+45
2.400000e-16 5.483202e+22 3.006550e+45
2.500000e-16 5.347071e+22 2.859117e+45
2.600000e-16 5.207399e+22 2.711700e+45
2.700000e-16 5.064403e+22 2.564818e+45
2.800000e-16 4.918308e+22 2.418976e+45
2.900000e-16 4.769343e+22 2.274664e+45
3.000000e-16 4.617740e+22 2.132352e+45
3.100000e-16 4.463732e+22 1.992491e+45
3.200000e-16 4.307559e+22 1.855507e+45
3.300000e-16 4.149461e+22 1.721802e+45
3.400000e-16 3.989678e+22 1.591753e+45
3.500000e-16 3.828456e+22 1.465708e+45
3.600000e-16 3.666038e+22 1.343983e+45
3.700000e-16 3.502668e+22 1.226869e+45
3.800000e-16 3.338593e+22 1.114620e+45
3.900000e-16 3.174056e+22 1.007463e+45
4.000000e-16 3.009302e+22 9.055898e+44
4.100000e-16 2.844572e+22 8.091590e+44
4.200000e-16 2.680107e+22 7.182975e+44
4.300000e-16 2.516146e+22 6.330991e+44
4.400000e-16 2.352924e+22 5.536253e+44
4.500000e-16 2.190675e+22 4.799057e+44
4.600000e-16 2.029627e+22 4.119386e+44
4.700000e-16 1.870006e+22 3.496923e+44
4.800000e-16 1.712034e+22 2.931059e+44
4.900000e-16 1.555926e+22 2.420906e+44
5.000000e-16 1.401894e+22 1.965308e+44
5.100000e-16 1.250145e+22 1.562863e+44
5.200000e-16 1.100879e+22 1.211935e+44
5.300000e-16 9.542896e+21 9.106686e+43
5.400000e-16 8.105649e+21 6.570155e+43
5.500000e-16 6.698862e+21 4.487475e+43
5.600000e-16 5.324272e+21 2.834787e+43
5.700000e-16 3.983548e+21 1.586865e+43
5.800000e-16 2.678280e+21 7.173185e+42
5.900000e-16 1.409981e+21 1.988047e+42
6.000000e-16 1.800825e+20 3.242972e+40
6.100000e-16 -1.010067e+21 1.020236e+42
6.200000e-16 -2.159204e+21 4.662163e+42
6.300000e-16 -3.266152e+21 1.066775e+43
6.400000e-16 -4.329822e+21 1.874735e+43
6.500000e-16 -5.349215e+21 2.861410e+43
6.600000e-16 -6.323424e+21 3.998570e+43
6.700000e-16 -7.251635e+21 5.258620e+43
6.800000e-16 -8.133123e+21 6.614770e+43
6.900000e-16 -8.967262e+21 8.041179e+43
7.000000e-16 -9.753517e+21 9.513109e+43
7.100000e-16 -1.049145e+22 1.100705e+44
7.200000e-16 -1.118071e+22 1.250082e+44
7.300000e-16 -1.182105e+22 1.397372e+44
7.400000e-16 -1.241231e+22 1.540655e+44
7.500000e-16 -1.295443e+22 1.678173e+44
7.600000e-16 -1.344744e+22 1.808338e+44
7.700000e-16 -1.389147e+22 1.929729e+44
7.800000e-16 -1.428671e+22 2.041102e+44
7.900000e-16 -1.463349e+22 2.141390e+44
8.000000e-16 -1.493218e+22 2.229700e+44
8.100000e-16 -1.518327e+22 2.305316e+44
8.200000e-16 -1.538731e+22 2.367695e+44
8.300000e-16 -1.554497e+22 2.416460e+44
8.400000e-16 -1.565695e+22 2.451401e+44
8.500000e-16 -1.572407e+22 2.472465e+44
8.600000e-16 -1.574722e+22 2.479749e+44
8.700000e-16 -1.572734e+22 2.473493e+44
8.800000e-16 -1.566547e+22 2.454069e+44
8.900000e-16 -1.556270e+22 2.421975e+44
9.000000e-16 -1.542019e+22 2.377822e+44
9.100000e-16 -1.523917e+22 2.322322e+44
9.200000e-16 -1.502092e+22 2.256279e+44
9.300000e-16 -1.476678e+22 2.180577e+44
9.400000e-16 -1.447814e+22 2.096165e+44
9.500000e-16 -1.415645e+22 2.004049e+44
9.600000e-16 -1.380318e+22 1.905279e+44
9.700000e-16 -1.341989e+22 1.800934e+44
9.800000e-16 -1.300812e+22 1.692112e+44
9.900000e-16 -1.256949e+22 1.579920e+44
1.000000e-15 -1.210562e+22 1.465460e+44
1.010000e-15 -1.161819e+22 1.349823e+44
1.020000e-15 -1.110887e+22 1.234070e+44
1.030000e-15 -1.057937e+22 1.119231e+44
1.040000e-15 -1.003142e+22 1.006294e+44
1.050000e-15 -9.466744e+21 8.961925e+43
1.060000e-15 -8.887087e+21 7.898031e+43
1.070000e-15 -8.294194e+21 6.879365e+43
1.080000e-15 -7.689812e+21 5.913321e+43
1.090000e-15 -7.075686e+21 5.006533e+43
1.100000e-15 -6.453551e+21 4.164833e+43
1.110000e-15 -5.825136e+21 3.393220e+43
1.120000e-15 -5.192150e+21 2.695842e+43
1.130000e-15 -4.556290e+21 2.075978e+43
1.140000e-15 -3.919228e+21 1.536035e+43
1.150000e-15 -3.282613e+21 1.077555e+43
1.160000e-15 -2.648066e+21 7.012252e+42
1.170000e-15 -2.017176e+21 4.068998e+42
1.180000e-15 -1.391498e+21 1.936266e+42
1.190000e-15 -7.725503e+20 5.968340e+41
1.200000e-15 -1.618103e+20 2.618258e+40
1.210000e-15 4.392877e+20 1.929737e+41
1.220000e-15 1.029355e+21 1.059572e+42
1.230000e-15 1.607052e+21 2.582615e+42
1.240000e-15 2.171088e+21 4.713624e+42
1.250000e-15 2.720228e+21 7.399641e+42
1.260000e-15 3.253290e+21 1.058390e+43
1.270000e-15 3.769151e+21 1.420650e+43
1.280000e-15 4.266745e+21 1.820511e+43
1.290000e-15 4.745068e+21 2.251567e+43
1.300000e-15 5.203179e+21 2.707307e+43
1.310000e-15 5.640200e+21 3.181186e+43
1.320000e-15 6.055318e+21 3.666687e+43
1.330000e-15 6.447785e+21 4.157393e+43
1.340000e-15 6.816922e+21 4.647043e+43
1.350000e-15 7.162117e+21 5.129591e+43
1.360000e-15 7.482824e+21 5.599266e+43
1.370000e-15 7.778569e+21 6.050614e+43
1.380000e-15 8.048946e+21 6.478553e+43
1.390000e-15 8.293617e+21 6.878408e+43
1.400000e-15 8.512313e+21 7.245948e+43
1.410000e-15 8.704835e+21 7.577416e+43
1.420000e-15 8.871052e+21 7.869557e+43
1.430000e-15 9.010901e+21 8.119633e+43
1.440000e-15 9.124384e+21 8.325439e+43
1.450000e-15 9.211573e+21 8.485307e+43
1.460000e-15 9.272602e+21 8.598114e+43
1.470000e-15 9.307671e+21 8.663274e+43
1.480000e-15 9.317043e+21 8.680728e+43
1.490000e-15 9.301041e+21 8.650936e+43
1.500000e-15 9.260050e+21 8.574852e+43
1.510000e-15 9.194511e+21 8.453904e+43
1.520000e-15 9.104924e+21 8.289965e+43
1.530000e-15 8.991843e+21 8.085323e+43
1.540000e-15 8.855872e+21 7.842646e+43
1.550000e-15 8.697668e+21 7.564943e+43
1.560000e-15 8.517937e+21 7.255525e+43
1.570000e-15 8.317428e+21 6.917961e+43
1.580000e-15 8.096936e+21 6.556038e+43
1.590000e-15 7.857297e+21 6.173711e+43
1.600000e-15 7.599383e+21 5.775063e+43
1.610000e-15 7.324105e+21 5.364252e+43
1.620000e-15 7.032406e+21 4.945473e+43
1.630000e-15 6.725259e+21 4.522910e+43
1.640000e-15 6.403664e+21 4.100691e+43
1.650000e-15 6.068649e+21 3.682850e+43
1.660000e-15 5.721260e+21 3.273282e+43
1.670000e-15 5.362566e+21 2.875712e+43
1.680000e-15 4.993650e+21 2.493654e+43
1.690000e-15 4.615608e+21 2.130384e+43
1.700000e-15 4.229548e+21 1.788907e+43
1.710000e-15 3.836585e+21 1.471938e+43
1.720000e-15 3.437838e+21 1.181873e+43
1.730000e-15 3.034429e+21 9.207761e+42
1.740000e-15 2.627479e+21 6.903646e+42
1.750000e-15 2.218104e+21 4.919984e+42
1.760000e-15 1.807413e+21 3.266743e+42
1.770000e-15 1.396509e+21 1.950237e+42
1.780000e-15 9.864788e+20 9.731403e+41
1.790000e-15 5.783971e+20 3.345432e+41
1.800000e-15 1.733208e+20 3.004011e+40
1.810000e-15 -2.277129e+20 5.185316e+40
1.820000e-15 -6.236889e+20 3.889879e+41
1.830000e-15 -1.013617e+21 1.027419e+42
1.840000e-15 -1.396532e+21 1.950302e+42
1.850000e-15 -1.771500e+21 3.138211e+42
1.860000e-15 -2.137616e+21 4.569401e+42
1.870000e-15 -2.494008e+21 6.220078e+42
1.880000e-15 -2.839841e+21 8.064698e+42
1.890000e-15 -3.174314e+21 1.007627e+43
1.900000e-15 -3.496665e+21 1.222666e+43
1.910000e-15 -3.806171e+21 1.448694e+43
1.920000e-15 -4.102151e+21 1.682764e+43
1.930000e-15 -4.383967e+21 1.921917e+43
1.940000e-15 -4.651023e+21 2.163202e+43
1.950000e-15 -4.902769e+21 2.403715e+43
1.960000e-15 -5.138700e+21 2.640624e+43
1.970000e-15 -5.358357e+21 2.871199e+43
1.980000e-15 -5.561330e+21 3.092839e+43
1.990000e-15 -5.747253e+21 3.303092e+43
2.000000e-15 -5.915812e+21 3.499683e+43
2.010000e-15 -6.066740e+21 3.680533e+43
2.020000e-15 -6.199818e+21 3.843774e+43
2.030000e-15 -6.314876e+21 3.987766e+43
2.040000e-15 -6.411793e+21 4.111109e+43
2.050000e-15 -6.490497e+21 4.212655e+43
2.060000e-15 -6.550962e+21 4.291510e+43
2.070000e-15 -6.593212e+21 4.347045e+43
2.080000e-15 -6.617318e+21 4.378889e+43
2.090000e-15 -6.623395e+21 4.386937e+43
2.100000e-15 -6.611608e+21 4.371336e+43
2.110000e-15 -6.582162e+21 4.332486e+43
2.120000e-15 -6.535310e+21 4.271028e+43
2.130000e-15 -6.471346e+21 4.187832e+43
2.140000e-15 -6.390606e+21 4.083984e+43
2.150000e-15 -6.293465e+21 3.960770e+43
2.160000e-15 -6.180340e+21 3.819660e+43
2.170000e-15 -6.051682e+21 3.662286e+43
2.180000e-15 -5.907981e+21 3.490424e+43
2.190000e-15 -5.749760e+21 3.305974e+43
2.200000e-15 -5.577575e+21 3.110934e+43
2.210000e-15 -5.392012e+21 2.907380e+43
2.220000e-15 -5.193688e+21 2.697440e+43
2.230000e-15 -4.983246e+21 2.483274e+43
2.240000e-15 -4.761355e+21 2.267050e+43
2.250000e-15 -4.528707e+21 2.050919e+43
2.260000e-15 -4.286015e+21 1.836993e+43
2.270000e-15 -4.034013e+21 1.627326e+43
2.280000e-15 -3.773450e+21 1.423892e+43
2.290000e-15 -3.505092e+21 1.228567e+43
2.300000e-15 -3.229717e+21 1.043107e+43
2.310000e-15 -2.948114e+21 8.691378e+42
2.320000e-15 -2.661083e+21 7.081363e+42
2.330000e-15 -2.369427e+21 5.614186e+42
2.340000e-15 -2.073957e+21 4.301297e+42
2.350000e-15 -1.775483e+21 3.152341e+42
2.360000e-15 -1.474819e+21 2.175091e+42
2.370000e-15 -1.172774e+21 1.375399e+42
2.380000e-15 -8.701548e+20 7.571693e+41
2.390000e-15 -5.677621e+20 3.223538e+41
2.400000e-15 -2.663886e+20 7.096287e+40
2.410000e-15 3.318305e+19 1.101115e+39
2.420000e-15 3.301817e+20 1.090200e+41
2.430000e-15 6.238501e+20 3.891889e+41
2.440000e-15 9.134463e+20 8.343842e+41
2.450000e-15 1.198246e+21 1.435793e+42
2.460000e-15 1.477543e+21 2.183133e+42
2.470000e-15 1.750652e+21 3.064784e+42
2.480000e-15 2.016911e+21 4.067932e+42
2.490000e-15 2.275681e+21 5.178723e+42
2.500000e-15 2.526347e+21 6.382427e+42
2.510000e-15 2.768321e+21 7.663599e+42
2.520000e-15 3.001043e+21 9.006259e+42
2.530000e-15 3.223983e+21 1.039407e+43
2.540000e-15 3.436639e+21 1.181049e+43
2.550000e-15 3.638541e+21 1.323898e+43
2.560000e-15 3.829250e+21 1.466316e+43
2.570000e-15 4.008362e+21 1.606697e+43
2.580000e-15 4.175505e+21 1.743484e+43
2.590000e-15 4.330340e+21 1.875184e+43
2.600000e-15 4.472564e+21 2.000383e+43
2.610000e-15 4.601910e+21 2.117758e+43
2.620000e-15 4.718146e+21 2.226090e+43
2.630000e-15 4.821074e+21 2.324276e+43
2.640000e-15 4.910535e+21 2.411336e+43
2.650000e-15 4.986404e+21 2.486423e+43
2.660000e-15 5.048593e+21 2.548829e+43
2.670000e-15 5.097049e+21 2.597991e+43
2.680000e-15 5.131757e+21 2.633493e+43
2.690000e-15 5.152734e+21 2.655067e+43
2.700000e-15 5.160037e+21 2.662598e+43
2.710000e-15 5.153753e+21 2.656117e+43
2.720000e-15 5.134006e+21 2.635802e+43
2.730000e-15 5.100953e+21 2.601972e+43
2.740000e-15 5.054784e+21 2.555084e+43
2.750000e-15 4.995720e+21 2.495722e+43
2.760000e-15 4.924015e+21 2.424593e+43
2.770000e-15 4.839953e+21 2.342514e+43
2.780000e-15 4.743846e+21 2.250407e+43
2.790000e-15 4.636036e+21 2.149283e+43
2.800000e-15 4.516891e+21 2.040230e+43
2.810000e-15 4.386805e+21 1.924406e+43
2.820000e-15 4.246199e+21 1.803021e+43
2.830000e-15 4.095515e+21 1.677325e+43
2.840000e-15 3.935219e+21 1.548595e+43
2.850000e-15 3.765795e+21 1.418121e+43
2.860000e-15 3.587751e+21 1.287195e+43
2.870000e-15 3.401608e+21 1.157094e+43
2.880000e-15 3.207907e+21 1.029067e+43
2.890000e-15 3.007203e+21 9.043272e+42
2.900000e-15 2.800065e+21 7.840363e+42
2.910000e-15 2.587072e+21 6.692940e+42
2.920000e-15 2.368815e+21 5.611283e+42
2.930000e-15 2.145893e+21 4.604857e+42
2.940000e-15 1.918914e+21 3.682229e+42
2.950000e-15 1.688488e+21 2.850992e+42
2.960000e-15 1.455232e+21 2.117701e+42
2.970000e-15 1.219765e+21 1.487828e+42
2.980000e-15 9.827063e+20 9.657116e+41
2.990000e-15 7.446733e+20 5.545383e+41
3.000000e-15 5.062828e+20 2.563222e+41
3.010000e-15 2.681469e+20 7.190276e+40
3.020000e-15 3.087268e+19 9.531221e+38
3.030000e-15 -2.049398e+20 4.200034e+40
3.040000e-15 -4.386989e+20 1.924567e+41
3.050000e-15 -6.698224e+20 4.486621e+41
3.060000e-15 -8.977395e+20 8.059362e+41
3.070000e-15 -1.121892e+21 1.258641e+42
3.080000e-15 -1.341734e+21 1.800251e+42
3.090000e-15 -1.556738e+21 2.423432e+42
3.100000e-15 -1.766388e+21 3.120127e+42
3.110000e-15 -1.970190e+21 3.881649e+42
3.120000e-15 -2.167666e+21 4.698774e+42
3.130000e-15 -2.358357e+21 5.561846e+42
3.140000e-15 -2.541826e+21 6.460879e+42
3.150000e-15 -2.717657e+21 7.385661e+42
3.160000e-15 -2.885457e+21 8.325863e+42
3.170000e-15 -3.044855e+21 9.271141e+42
3.180000e-15 -3.195504e+21 1.021124e+43
3.190000e-15 -3.337082e+21 1.113611e+43
3.200000e-15 -3.469292e+21 1.203599e+43
3.210000e-15 -3.591863e+21 1.290148e+43
3.220000e-15 -3.704550e+21 1.372369e+43
3.230000e-15 -3.807135e+21 1.449428e+43
3.240000e-15 -3.899426e+21 1.520552e+43
3.250000e-15 -3.981259e+21 1.585042e+43
3.260000e-15 -4.052497e+21 1.642273e+43
3.270000e-15 -4.113030e+21 1.691702e+43
3.280000e-15 -4.162778e+21 1.732872e+43
3.290000e-15 -4.201685e+21 1.765416e+43
3.300000e-15 -4.229726e+21 1.789058e+43
3.310000e-15 -4.246901e+21 1.803617e+43
3.320000e-15 -4.253237e+21 1.809003e+43
3.330000e-15 -4.248791e+21 1.805222e+43
3.340000e-15 -4.233642e+21 1.792373e+43
3.350000e-15 -4.207899e+21 1.770641e+43
3.360000e-15 -4.171694e+21 1.740303e+43
3.370000e-15 -4.125186e+21 1.701716e+43
3.380000e-15 -4.068558e+21 1.655317e+43
3.390000e-15 -4.002017e+21 1.601614e+43
3.400000e-15 -3.925792e+21 1.541185e+43
3.410000e-15 -3.840137e+21 1.474665e+43
3.420000e-15 -3.745325e+21 1.402746e+43
3.430000e-15 -3.641651e+21 1.326162e+43
3.440000e-15 -3.529432e+21 1.245689e+43
3.450000e-15 -3.409000e+21 1.162128e+43
3.460000e-15 -3.280709e+21 1.076305e+43
3.470000e-15 -3.144928e+21 9.890575e+42
3.480000e-15 -3.002043e+21 9.012263e+42
3.490000e-15 -2.852454e+21 8.136493e+42
3.500000e-15 -2.696575e+21 7.271518e+42
3.510000e-15 -2.534835e+21 6.425387e+42
3.520000e-15 -2.367671e+21 5.605866e+42
3.530000e-15 -2.195534e+21 4.820369e+42
3.540000e-15 -2.018882e+21 4.075885e+42
3.550000e-15 -1.838183e+21 3.378916e+42
3.560000e-15 -1.653909e+21 2.735416e+42
3.570000e-15 -1.466542e+21 2.150745e+42
3.580000e-15 -1.276564e+21 1.629617e+42
3.590000e-15 -1.084464e+21 1.176063e+42
3.600000e-15 -8.907309e+20 7.934015e+41
3.610000e-15 -6.958548e+20 4.842139e+41
3.620000e-15 -5.003260e+20 2.503261e+41
3.630000e-15 -3.046329e+20 9.280120e+40
3.640000e-15 -1.092613e+20 1.193803e+40
3.650000e-15 8.530687e+19 7.277262e+39
3.660000e-15 2.785948e+20 7.761507e+40
3.670000e-15 4.701318e+20 2.210239e+41
3.680000e-15 6.594545e+20 4.348802e+41
3.690000e-15 8.461078e+20 7.158984e+41
3.700000e-15 1.029646e+21 1.060171e+42
3.710000e-15 1.209634e+21 1.463214e+42
3.720000e-15 1.385648e+21 1.920020e+42
3.730000e-15 1.557276e+21 2.425109e+42
3.740000e-15 1.724121e+21 2.972592e+42
3.750000e-15 1.885798e+21 3.556233e+42
3.760000e-15 2.041938e+21 4.169512e+42
3.770000e-15 2.192189e+21 4.805692e+42
3.780000e-15 2.336213e+21 5.457893e+42
3.790000e-15 2.473692e+21 6.119153e+42
3.800000e-15 2.604324e+21 6.782504e+42
3.810000e-15 2.727826e+21 7.441036e+42
3.820000e-15 2.843935e+21 8.087966e+42
3.830000e-15 2.952406e+21 8.716703e+42
3.840000e-15 3.053016e+21 9.320909e+42
3.850000e-15 3.145562e+21 9.894558e+42
3.860000e-15 3.229860e+21 1.043199e+43
3.870000e-15 3.305750e+21 1.092798e+43
3.880000e-15 3.373091e+21 1.137774e+43
3.890000e-15 3.431766e+21 1.177702e+43
3.900000e-15 3.481679e+21 1.212209e+43
3.910000e-15 3.522754e+21 1.240979e+43
3.920000e-15 3.554939e+21 1.263759e+43
3.930000e-15 3.578205e+21 1.280355e+43
3.940000e-15 3.592542e+21 1.290636e+43
3.950000e-15 3.597963e+21 1.294534e+43
3.960000e-15 3.594504e+21 1.292046e+43
3.970000e-15 3.582220e+21 1.283230e+43
3.980000e-15 3.561190e+21 1.268207e+43
3.990000e-15 3.531510e+21 1.247156e+43
4.000000e-15 3.493301e+21 1.220315e+43
4.010000e-15 3.446700e+21 1.187974e+43
4.020000e-15 3.391867e+21 1.150476e+43
4.030000e-15 3.328978e+21 1.108209e+43
4.040000e-15 3.258230e+21 1.061606e+43
4.050000e-15 3.179837e+21 1.011136e+43
4.060000e-15 3.094030e+21 9.573024e+42
4.070000e-15 3.001058e+21 9.006352e+42
4.080000e-15 2.901186e+21 8.416878e+42
4.090000e-15 2.794691e+21 7.810300e+42
4.100000e-15 2.681870e+21 7.192427e+42
4.110000e-15 2.563029e+21 6.569119e+42
4.120000e-15 2.438490e+21 5.946234e+42
4.130000e-15 2.308586e+21 5.329568e+42
4.140000e-15 2.173660e+21 4.724797e+42
4.150000e-15 2.034067e+21 4.137430e+42
4.160000e-15 1.890172e+21 3.572752e+42
4.170000e-15 1.742347e+21 3.035774e+42
4.180000e-15 1.590972e+21 2.531193e+42
4.190000e-15 1.436434e+21 2.063342e+42
4.200000e-15 1.279124e+21 1.636159e+42
4.210000e-15 1.119441e+21 1.253149e+42
4.220000e-15 9.577849e+20 9.173519e+41
4.230000e-15 7.945589e+20 6.313239e+41
4.240000e-15 6.301685e+20 3.971124e+41
4.250000e-15 4.650196e+20 2.162433e+41
4.260000e-15 2.995181e+20 8.971108e+40
4.270000e-15 1.340683e+20 1.797432e+40
4.280000e-15 -3.092716e+19 9.564890e+38
4.290000e-15 -1.950691e+20 3.805197e+40
4.300000e-15 -3.579624e+20 1.281371e+41
4.310000e-15 -5.192166e+20 2.695859e+41
4.320000e-15 -6.784476e+20 4.602911e+41
4.330000e-15 -8.352776e+20 6.976887e+41
4.340000e-15 -9.893369e+20 9.787874e+41
4.350000e-15 -1.140264e+21 1.300202e+42
4.360000e-15 -1.287707e+21 1.658189e+42
4.370000e-15 -1.431323e+21 2.048687e+42
4.380000e-15 -1.570783e+21 2.467359e+42
4.390000e-15 -1.705766e+21 2.909637e+42
4.400000e-15 -1.835965e+21 3.370767e+42
4.410000e-15 -1.961087e+21 3.845861e+42
4.420000e-15 -2.080850e+21 4.329937e+42
4.430000e-15 -2.194990e+21 4.817980e+42
4.440000e-15 -2.303254e+21 5.304979e+42
4.450000e-15 -2.405407e+21 5.785983e+42
4.460000e-15 -2.501229e+21 6.256146e+42
4.470000e-15 -2.590516e+21 6.710773e+42
4.480000e-15 -2.673081e+21 7.145364e+42
4.490000e-15 -2.748755e+21 7.555655e+42
4.500000e-15 -2.817385e+21 7.937659e+42
4.510000e-15 -2.878836e+21 8.287698e+42
4.520000e-15 -2.932992e+21 8.602442e+42
4.530000e-15 -2.979754e+21 8.878932e+42
4.540000e-15 -3.019041e+21 9.114610e+42
4.550000e-15 -3.050792e+21 9.307335e+42
4.560000e-15 -3.074964e+21 9.455405e+42
4.570000e-15 -3.091531e+21 9.557567e+42
4.580000e-15 -3.100488e+21 9.613025e+42
4.590000e-15 -3.101845e+21 9.621444e+42
4.600000e-15 -3.095634e+21 9.582951e+42
4.610000e-15 -3.081903e+21 9.498125e+42
4.620000e-15 -3.060718e+21 9.367992e+42
4.630000e-15 -3.032163e+21 9.194010e+42
4.640000e-15 -2.996339e+21 8.978049e+42
4.650000e-15 -2.953366e+21 8.722372e+42
4.660000e-15 -2.903379e+21 8.429608e+42
4.670000e-15 -2.846529e+21 8.102725e+42
4.680000e-15 -2.782983e+21 7.744997e+42
4.690000e-15 -2.712926e+21 7.359968e+42
4.700000e-15 -2.636555e+21 6.951421e+42
4.710000e-15 -2.554082e+21 6.523334e+42
4.720000e-15 -2.465733e+21 6.079840e+42
4.730000e-15 -2.371749e+21 5.625191e+42
4.740000e-15 -2.272380e+21 5.163710e+42
4.750000e-15 -2.167891e+21 4.699751e+42
4.760000e-15 -2.058557e+21 4.237657e+42
4.770000e-15 -1.944664e+21 3.781718e+42
4.780000e-15 -1.826507e+21 3.336129e+42
4.790000e-15 -1.704392e+21 2.904951e+42
4.800000e-15 -1.578630e+21 2.492072e+42
4.810000e-15 -1.449542e+21 2.101172e+42
4.820000e-15 -1.317456e+21 1.735690e+42
4.830000e-15 -1.182704e+21 1.398788e+42
4.840000e-15 -1.045624e+21 1.093330e+42
4.850000e-15 -9.065592e+20 8.218495e+41
4.860000e-15 -7.658546e+20 5.865332e+41
4.870000e-15 -6.238586e+20 3.891995e+41
4.880000e-15 -4.809211e+20 2.312851e+41
4.890000e-15 -3.373929e+20 1.138340e+41
4.900000e-15 -1.936248e+20 3.749056e+40
4.910000e-15 -4.996668e+19 2.496669e+39
4.920000e-15 9.323319e+19 8.692427e+39
4.930000e-15 2.356290e+20 5.552104e+40
4.940000e-15 3.768785e+20 1.420374e+41
4.950000e-15 5.166432e+20 2.669202e+41
4.960000e-15 6.545899e+20 4.284879e+41
4.970000e-15 7.903909e+20 6.247178e+41
4.980000e-15 9.237252e+20 8.532683e+41
4.990000e-15 1.054279e+21 1.111504e+42
5.000000e-15 1.181746e+21 1.396524e+42
5.010000e-15 1.305829e+21 1.705190e+42
5.020000e-15 1.426241e+21 2.034163e+42
5.030000e-15 1.542703e+21 2.379933e+42
5.040000e-15 1.654948e+21 2.738854e+42
5.050000e-15 1.762721e+21 3.107185e+42
5.060000e-15 1.865776e+21 3.481121e+42
5.070000e-15 1.963883e+21 3.856837e+42
5.080000e-15 2.056822e+21 4.230517e+42
5.090000e-15 2.144388e+21 4.598400e+42
5.100000e-15 2.226389e+21 4.956806e+42
5.110000e-15 2.302647e+21 5.302182e+42
5.120000e-15 2.372999e+21 5.631124e+42
5.130000e-15 2.437298e+21 5.940420e+42
5.140000e-15 2.495410e+21 6.227069e+42
5.150000e-15 2.547218e+21 6.488318e+42
5.160000e-15 2.592620e+21 6.721679e+42
5.170000e-15 2.631531e+21 6.924955e+42
5.180000e-15 2.663881e+21 7.096261e+42
5.190000e-15 2.689616e+21 7.234033e+42
5.200000e-15 2.708699e+21 7.337049e+42
5.210000e-15 2.721108e+21 7.404431e+42
5.220000e-15 2.726840e+21 7.435657e+42
5.230000e-15 2.725905e+21 7.430558e+42
5.240000e-15 2.718330e+21 7.389320e+42
5.250000e-15 2.704160e+21 7.312482e+42
5.260000e-15 2.683453e+21 7.200920e+42
5.270000e-15 2.656284e+21 7.055845e+42
5.280000e-15 2.622744e+21 6.878784e+42
5.290000e-15 2.582937e+21 6.671562e+42
5.300000e-15 2.536984e+21 6.436286e+42
5.310000e-15 2.485019e+21 6.175319e+42
5.320000e-15 2.427191e+21 5.891257e+42
5.330000e-15 2.363663e+21 5.586902e+42
5.340000e-15 2.294609e+21 5.265232e+42
5.350000e-15 2.220219e+21 4.929372e+42
5.360000e-15 2.140692e+21 4.582563e+42
5.370000e-15 2.056241e+21 4.228127e+42
5.380000e-15 1.967089e+21 3.869440e+42
5.390000e-15 1.873471e+21 3.509893e+42
5.400000e-15 1.775629e+21 3.152860e+42
5.410000e-15 1.673818e+21 2.801668e+42
5.420000e-15 1.568300e+21 2.459565e+42
5.430000e-15 1.459344e+21 2.129685e+42
5.440000e-15 1.347228e+21 1.815023e+42
5.450000e-15 1.232236e+21 1.518406e+42
5.460000e-15 1.114658e+21 1.242463e+42
5.470000e-15 9.947894e+20 9.896059e+41
5.480000e-15 8.729297e+20 7.620062e+41
5.490000e-15 7.493825e+20 5.615742e+41
5.500000e-15 6.244544e+20 3.899433e+41
5.510000e-15 4.984540e+20 2.484564e+41
5.520000e-15 3.716917e+20 1.381547e+41
5.530000e-15 2.444784e+20 5.976970e+40
5.540000e-15 1.171251e+20 1.371830e+40
5.550000e-15 -1.005790e+19 1.011614e+38
5.560000e-15 -1.367620e+20 1.870385e+40
5.570000e-15 -2.626808e+20 6.900118e+40
5.580000e-15 -3.875107e+20 1.501645e+41
5.590000e-15 -5.109520e+20 2.610720e+41
5.600000e-15 -6.327095e+20 4.003213e+41
5.610000e-15 -7.524929e+20 5.662456e+41
5.620000e-15 -8.700179e+20 7.569312e+41
5.630000e-15 -9.850066e+20 9.702380e+41
5.640000e-15 -1.097188e+21 1.203822e+42
5.650000e-15 -1.206300e+21 1.455159e+42
5.660000e-15 -1.312087e+21 1.721572e+42
5.670000e-15 -1.414303e+21 2.000254e+42
5.680000e-15 -1.512714e+21 2.288302e+42
5.690000e-15 -1.607091e+21 2.582742e+42
5.700000e-15 -1.697221e+21 2.880558e+42
5.710000e-15 -1.782898e+21 3.178725e+42
5.720000e-15 -1.863930e+21 3.474234e+42
5.730000e-15 -1.940135e+21 3.764125e+42
5.740000e-15 -2.011346e+21 4.045512e+42
5.750000e-15 -2.077406e+21 4.315614e+42
5.760000e-15 -2.138172e+21 4.571778e+42
5.770000e-15 -2.193514e+21 4.811505e+42
5.780000e-15 -2.243318e+21 5.032476e+42
5.790000e-15 -2.287480e+21 5.232567e+42
5.800000e-15 -2.325914e+21 5.409875e+42
5.810000e-15 -2.358544e+21 5.562730e+42
5.820000e-15 -2.385312e+21 5.689712e+42
5.830000e-15 -2.406172e+21 5.789664e+42
5.840000e-15 -2.421095e+21 5.861699e+42
5.850000e-15 -2.430063e+21 5.905206e+42
5.860000e-15 -2.433076e+21 5.919858e+42
5.870000e-15 -2.430146e+21 5.905612e+42
5.880000e-15 -2.421302e+21 5.862703e+42
5.890000e-15 -2.406584e+21 5.791646e+42
5.900000e-15 -2.386048e+21 5.693225e+42
5.910000e-15 -2.359764e+21 5.568488e+42
5.920000e-15 -2.327816e+21 5.418728e+42
5.930000e-15 -2.290300e+21 5.245474e+42
5.940000e-15 -2.247327e+21 5.050477e+42
5.950000e-15 -2.199018e+21 4.835682e+42
5.960000e-15 -2.145511e+21 4.603218e+42
5.970000e-15 -2.086952e+21 4.355370e+42
5.980000e-15 -2.023502e+21 4.094559e+42
5.990000e-15 -1.955330e+21 3.823315e+42
6.000000e-15 -1.882619e+21 3.544253e+42
6.010000e-15 -1.805560e+21 3.260046e+42
6.020000e-15 -1.724356e+21 2.973403e+42
6.030000e-15 -1.639218e+21 2.687035e+42
6.040000e-15 -1.550366e+21 2.403634e+42
6.050000e-15 -1.458029e+21 2.125848e+42
6.060000e-15 -1.362443e+21 1.856251e+42
6.070000e-15 -1.263851e+21 1.597321e+42
6.080000e-15 -1.162504e+21 1.351416e+42
6.090000e-15 -1.058657e+21 1.120755e+42
6.100000e-15 -9.525705e+20 9.073906e+41
6.110000e-15 -8.445105e+20 7.131979e+41
6.120000e-15 -7.347462e+20 5.398520e+41
6.130000e-15 -6.235504e+20 3.888151e+41
6.140000e-15 -5.111983e+20 2.613237e+41
6.150000e-15 -3.979671e+20 1.583778e+41
6.160000e-15 -2.841351e+20 8.073273e+40
6.170000e-15 -1.699812e+20 2.889360e+40
6.180000e-15 -5.578421e+19 3.111878e+39
6.190000e-15 5.817786e+19 3.384664e+39
6.200000e-15 1.716285e+20 2.945635e+40
6.210000e-15 2.842935e+20 8.082277e+40
6.220000e-15 3.959011e+20 1.567377e+41
6.230000e-15 5.061833e+20 2.562215e+41
6.240000e-15 6.148761e+20 3.780726e+41
6.250000e-15 7.217202e+20 5.208800e+41
6.260000e-15 8.264616e+20 6.830388e+41
6.270000e-15 9.288523e+20 8.627666e+41
6.280000e-15 1.028651e+21 1.058122e+42
6.290000e-15 1.125623e+21 1.267026e+42
6.300000e-15 1.219541e+21 1.487280e+42
6.310000e-15 1.310187e+21 1.716589e+42
6.320000e-15 1.397350e+21 1.952588e+42
6.330000e-15 1.480831e+21 2.192860e+42
6.340000e-15 1.560437e+21 2.434963e+42
6.350000e-15 1.635987e+21 2.676453e+42
6.360000e-15 1.707310e+21 2.914909e+42
6.370000e-15 1.774247e+21 3.147952e+42
6.380000e-15 1.836648e+21 3.373275e+42
6.390000e-15 1.894375e+21 3.588658e+42
6.400000e-15 1.947304e+21 3.791994e+42
6.410000e-15 1.995321e+21 3.981305e+42
6.420000e-15 2.038324e+21 4.154763e+42
6.430000e-15 2.076224e+21 4.310705e+42
6.440000e-15 2.108945e+21 4.447650e+42
6.450000e-15 2.136425e+21 4.564310e+42
6.460000e-15 2.158611e+21 4.659604e+42
6.470000e-15 2.175468e+21 4.732663e+42
6.480000e-15 2.186971e+21 4.782843e+42
6.490000e-15 2.193108e+21 4.809725e+42
6.500000e-15 2.193882e+21 4.813118e+42
6.510000e-15 2.189306e+21 4.793062e+42
6.520000e-15 2.179410e+21 4.749826e+42
6.530000e-15 2.164232e+21 4.683901e+42
6.540000e-15 2.143827e+21 4.595995e+42
6.550000e-15 2.118261e+21 4.487028e+42
6.560000e-15 2.087611e+21 4.358118e+42
6.570000e-15 2.051967e+21 4.210569e+42
6.580000e-15 2.011432e+21 4.045860e+42
6.590000e-15 1.966120e+21 3.865628e+42
6.600000e-15 1.916155e+21 3.671648e+42
6.610000e-15 1.861672e+21 3.465823e+42
6.620000e-15 1.802819e+21 3.250156e+42
6.630000e-15 1.739751e+21 3.026735e+42
6.640000e-15 1.672636e+21 2.797710e+42
6.650000e-15 1.601647e+21 2.565274e+42
6.660000e-15 1.526971e+21 2.331640e+42
6.670000e-15 1.448799e+21 2.099019e+42
6.680000e-15 1.367332e+21 1.869598e+42
6.690000e-15 1.282779e+21 1.645523e+42
6.700000e-15 1.195354e+21 1.428872e+42
6.710000e-15 1.105279e+21 1.221642e+42
6.720000e-15 1.012780e+21 1.025724e+42
6.730000e-15 9.180906e+20 8.428903e+41
6.740000e-15 8.214464e+20 6.747742e+41
6.750000e-15 7.230887e+20 5.228573e+41
6.760000e-15 6.232620e+20 3.884555e+41
6.770000e-15 5.222132e+20 2.727066e+41
6.780000e-15 4.201918e+20 1.765612e+41
6.790000e-15 3.174488e+20 1.007737e+41
6.800000e-15 2.142362e+20 4.589714e+40
6.810000e-15 1.108063e+20 1.227804e+40
6.820000e-15 7.411375e+18 5.492848e+37
6.830000e-15 -9.569728e+19 9.157969e+39
6.840000e-15 -1.982698e+20 3.931090e+40
6.850000e-15 -3.000582e+20 9.003493e+40
6.860000e-15 -4.008174e+20 1.606546e+41
6.870000e-15 -5.003053e+20 2.503054e+41
6.880000e-15 -5.982837e+20 3.579434e+41
6.890000e-15 -6.945188e+20 4.823563e+41
6.900000e-15 -7.887816e+20 6.221763e+41
6.910000e-15 -8.808486e+20 7.758942e+41
6.920000e-15 -9.705023e+20 9.418748e+41
6.930000e-15 -1.057532e+21 1.118374e+42
6.940000e-15 -1.141733e+21 1.303554e+42
6.950000e-15 -1.222909e+21 1.495507e+42
6.960000e-15 -1.300872e+21 1.692268e+42
6.970000e-15 -1.375441e+21 1.891837e+42
6.980000e-15 -1.446444e+21 2.092201e+42
6.990000e-15 -1.513720e+21 2.291347e+42
7.000000e-15 -1.577114e+21 2.487290e+42
7.010000e-15 -1.636485e+21 2.678085e+42
7.020000e-15 -1.691700e+21 2.861848e+42
7.030000e-15 -1.742635e+21 3.036777e+42
7.040000e-15 -1.789180e+21 3.201163e+42
7.050000e-15 -1.831233e+21 3.353413e+42
7.060000e-15 -1.868705e+21 3.492058e+42
7.070000e-15 -1.901518e+21 3.615770e+42
7.080000e-15 -1.929605e+21 3.723377e+42
7.090000e-15 -1.952912e+21 3.813866e+42
7.100000e-15 -1.971395e+21 3.886400e+42
7.110000e-15 -1.985023e+21 3.940318e+42
7.120000e-15 -1.993777e+21 3.975146e+42
7.130000e-15 -1.997648e+21 3.990598e+42
7.140000e-15 -1.996642e+21 3.986577e+42
7.150000e-15 -1.990773e+21 3.963178e+42
7.160000e-15 -1.980071e+21 3.920680e+42
7.170000e-15 -1.964574e+21 3.859551e+42
7.180000e-15 -1.944334e+21 3.780435e+42
7.190000e-15 -1.919413e+21 3.684147e+42
7.200000e-15 -1.889885e+21 3.571665e+42
7.210000e-15 -1.855834e+21 3.444120e+42
7.220000e-15 -1.817356e+21 3.302783e+42
7.230000e-15 -1.774556e+21 3.149050e+42
7.240000e-15 -1.727551e+21 2.984433e+42
7.250000e-15 -1.676466e+21 2.810540e+42
7.260000e-15 -1.621438e+21 2.629060e+42
7.270000e-15 -1.562610e+21 2.441749e+42
7.280000e-15 -1.500136e+21 2.250407e+42
7.290000e-15 -1.434178e+21 2.056866e+42
7.300000e-15 -1.364906e+21 1.862968e+42
7.310000e-15 -1.292498e+21 1.670550e+42
7.320000e-15 -1.217138e+21 1.481424e+42
7.330000e-15 -1.139017e+21 1.297360e+42
7.340000e-15 -1.058334e+21 1.120071e+42
7.350000e-15 -9.752910e+20 9.511924e+41
7.360000e-15 -8.900968e+20 7.922723e+41
7.370000e-15 -8.029645e+20 6.447520e+41
7.380000e-15 -7.141112e+20 5.099548e+41
7.390000e-15 -6.237577e+20 3.890737e+41
7.400000e-15 -5.321278e+20 2.831600e+41
7.410000e-15 -4.394479e+20 1.931145e+41
7.420000e-15 -3.459463e+20 1.196789e+41
7.430000e-15 -2.518526e+20 6.342975e+40
7.440000e-15 -1.573974e+20 2.477393e+40
7.450000e-15 -6.281130e+19 3.945259e+39
7.460000e-15 3.167513e+19 1.003314e+39
7.470000e-15 1.258323e+20 1.583377e+40
7.480000e-15 2.194320e+20 4.815041e+40
7.490000e-15 3.122480e+20 9.749884e+40
7.500000e-15 4.040566e+20 1.632618e+41
7.510000e-15 4.946371e+20 2.446658e+41
7.520000e-15 5.837722e+20 3.407900e+41
7.530000e-15 6.712490e+20 4.505752e+41
7.540000e-15 7.568590e+20 5.728356e+41
7.550000e-15 8.403988e+20 7.062702e+41
7.560000e-15 9.216706e+20 8.494768e+41
7.570000e-15 1.000483e+21 1.000965e+42
7.580000e-15 1.076649e+21 1.159174e+42
7.590000e-15 1.149993e+21 1.322483e+42
7.600000e-15 1.220341e+21 1.489233e+42
7.610000e-15 1.287532e+21 1.657739e+42
7.620000e-15 1.351409e+21 1.826308e+42
7.630000e-15 1.411827e+21 1.993255e+42
7.640000e-15 1.468646e+21 2.156921e+42
7.650000e-15 1.521738e+21 2.315687e+42
7.660000e-15 1.570984e+21 2.467990e+42
7.670000e-15 1.616273e+21 2.612338e+42
7.680000e-15 1.657505e+21 2.747324e+42
7.690000e-15 1.694592e+21 2.871641e+42
7.700000e-15 1.727452e+21 2.984091e+42
7.710000e-15 1.756018e+21 3.083598e+42
7.720000e-15 1.780230e+21 3.169217e+42
7.730000e-15 1.800040e+21 3.240145e+42
7.740000e-15 1.815413e+21 3.295724e+42
7.750000e-15 1.826322e+21 3.335450e+42
7.760000e-15 1.832751e+21 3.358975e+42
7.770000e-15 1.834696e+21 3.366110e+42
7.780000e-15 1.832165e+21 3.356829e+42
7.790000e-15 1.825175e+21 3.331263e+42
7.800000e-15 1.813753e+21 3.289701e+42
7.810000e-15 1.797940e+21 3.232589e+42
7.820000e-15 1.777785e+21 3.160519e+42
7.830000e-15 1.753347e+21 3.074227e+42
7.840000e-15 1.724698e+21 2.974584e+42
7.850000e-15 1.691917e+21 2.862585e+42
7.860000e-15 1.655096e+21 2.739342e+42
7.870000e-15 1.614333e+21 2.606069e+42
7.880000e-15 1.569737e+21 2.464075e+42
7.890000e-15 1.521428e+21 2.314743e+42
7.900000e-15 1.469531e+21 2.159523e+42
7.910000e-15 1.414183e+21 1.999915e+42
7.920000e-15 1.355527e+21 1.837453e+42
7.930000e-15 1.293713e+21 1.673694e+42
7.940000e-15 1.228901e+21 1.510198e+42
7.950000e-15 1.161255e+21 1.348513e+42
7.960000e-15 1.090947e+21 1.190166e+42
7.970000e-15 1.018155e+21 1.036641e+42
7.980000e-15 9.430631e+20 8.893681e+41
7.990000e-15 8.658588e+20 7.497114e+41
8.000000e-15 7.867356e+20 6.189529e+41
8.010000e-15 7.058911e+20 4.982822e+41
8.020000e-15 6.235262e+20 3.887849e+41
8.030000e-15 5.398454e+20 2.914330e+41
8.040000e-15 4.550556e+20 2.070756e+41
8.050000e-15 3.693660e+20 1.364312e+41
8.060000e-15 2.829875e+20 8.008190e+40
8.070000e-15 1.961321e+20 3.846779e+40
8.080000e-15 1.090125e+20 1.188372e+40
8.090000e-15 2.184143e+19 4.770480e+38
8.100000e-15 -6.516863e+19 4.246950e+39
8.110000e-15 -1.518062e+20 2.304513e+40
8.120000e-15 -2.378613e+20 5.657801e+40
8.130000e-15 -3.231257e+20 1.044102e+41
8.140000e-15 -4.073938e+20 1.659697e+41
8.150000e-15 -4.904627e+20 2.405537e+41
8.160000e-15 -5.721332e+20 3.273364e+41
8.170000e-15 -6.522096e+20 4.253774e+41
8.180000e-15 -7.305009e+20 5.336315e+41
8.190000e-15 -8.068207e+20 6.509597e+41
8.200000e-15 -8.809880e+20 7.761399e+41
8.210000e-15 -9.528273e+20 9.078799e+41
8.220000e-15 -1.022169e+21 1.044830e+42
8.230000e-15 -1.088851e+21 1.185597e+42
8.240000e-15 -1.152717e+21 1.328757e+42
8.250000e-15 -1.213618e+21 1.472869e+42
8.260000e-15 -1.271413e+21 1.616492e+42
8.270000e-15 -1.325969e+21 1.758194e+42
8.280000e-15 -1.377160e+21 1.896571e+42
8.290000e-15 -1.424871e+21 2.030257e+42
8.300000e-15 -1.468993e+21 2.157939e+42
8.310000e-15 -1.509427e+21 2.278368e+42
8.320000e-15 -1.546083e+21 2.390373e+42
8.330000e-15 -1.578882e+21 2.492869e+42
8.340000e-15 -1.607753e+21 2.584870e+42
8.350000e-15 -1.632635e+21 2.665497e+42
8.360000e-15 -1.653476e+21 2.733984e+42
8.370000e-15 -1.670237e+21 2.789690e+42
8.380000e-15 -1.682884e+21 2.832099e+42
8.390000e-15 -1.691398e+21 2.860828e+42
8.400000e-15 -1.695768e+21 2.875629e+42
8.410000e-15 -1.695992e+21 2.876391e+42
8.420000e-15 -1.692081e+21 2.863138e+42
8.430000e-15 -1.684053e+21 2.836034e+42
8.440000e-15 -1.671937e+21 2.795375e+42
8.450000e-15 -1.655774e+21 2.741587e+42
8.460000e-15 -1.635611e+21 2.675223e+42
8.470000e-15 -1.611508e+21 2.596956e+42
8.480000e-15 -1.583531e+21 2.507571e+42
8.490000e-15 -1.551760e+21 2.407958e+42
8.500000e-15 -1.516279e+21 2.299102e+42
8.510000e-15 -1.477184e+21 2.182074e+42
8.520000e-15 -1.434579e+21 2.058018e+42
8.530000e-15 -1.388576e+21 1.928144e+42
8.540000e-15 -1.339295e+21 1.793711e+42
8.550000e-15 -1.286863e+21 1.656017e+42
8.560000e-15 -1.231416e+21 1.516385e+42
8.570000e-15 -1.173095e+21 1.376153e+42
8.580000e-15 -1.112050e+21 1.236656e+42
8.590000e-15 -1.048436e+21 1.099217e+42
8.600000e-15 -9.824126e+20 9.651345e+41
8.610000e-15 -9.141474e+20 8.356655e+41
8.620000e-15 -8.438116e+20 7.120181e+41
8.630000e-15 -7.715814e+20 5.953379e+41
8.640000e-15 -6.976371e+20 4.866975e+41
8.650000e-15 -6.221627e+20 3.870865e+41
8.660000e-15 -5.453458e+20 2.974020e+41
8.670000e-15 -4.673765e+20 2.184408e+41
8.680000e-15 -3.884474e+20 1.508914e+41
8.690000e-15 -3.087530e+20 9.532839e+40
8.700000e-15 -2.284892e+20 5.220730e+40
8.710000e-15 -1.478528e+20 2.186045e+40
8.720000e-15 -6.704118e+19 4.494519e+39
8.730000e-15 1.374846e+19 1.890202e+38
8.740000e-15 9.431936e+19 8.896141e+39
8.750000e-15 1.744757e+20 3.044178e+40
8.760000e-15 2.540233e+20 6.452783e+40
8.770000e-15 3.327696e+20 1.107356e+41
8.780000e-15 4.105247e+20 1.685306e+41
8.790000e-15 4.871015e+20 2.372679e+41
8.800000e-15 5.623161e+20 3.161994e+41
8.810000e-15 6.359883e+20 4.044811e+41
8.820000e-15 7.079422e+20 5.011822e+41
8.830000e-15 7.780065e+20 6.052942e+41
8.840000e-15 8.460148e+20 7.157410e+41
8.850000e-15 9.118060e+20 8.313902e+41
8.860000e-15 9.752250e+20 9.510637e+41
8.870000e-15 1.036123e+21 1.073550e+42
8.880000e-15 1.094356e+21 1.197615e+42
8.890000e-15 1.149790e+21 1.322017e+42
8.900000e-15 1.202295e+21 1.445513e+42
8.910000e-15 1.251750e+21 1.566878e+42
8.920000e-15 1.298042e+21 1.684913e+42
8.930000e-15 1.341065e+21 1.798455e+42
8.940000e-15 1.380721e+21 1.906390e+42
8.950000e-15 1.416922e+21 2.007667e+42
8.960000e-15 1.449586e+21 2.101300e+42
8.970000e-15 1.478643e+21 2.186386e+42
8.980000e-15 1.504030e+21 2.262106e+42
8.990000e-15 1.525693e+21 2.327738e+42
9.000000e-15 1.543587e+21 2.382661e+42
9.010000e-15 1.557678e+21 2.426360e+42
9.020000e-15 1.567939e+21 2.458433e+42
9.030000e-15 1.574355e+21 2.478593e+42
9.040000e-15 1.576917e+21 2.486668e+42
9.050000e-15 1.575629e+21 2.482608e+42
9.060000e-15 1.570503e+21 2.466478e+42
9.070000e-15 1.561558e+21 2.438463e+42
9.080000e-15 1.548826e+21 2.398861e+42
9.090000e-15 1.532345e+21 2.348081e+42
9.100000e-15 1.512165e+21 2.286642e+42
9.110000e-15 1.488342e+21 2.215162e+42
9.120000e-15 1.460943e+21 2.134355e+42
9.130000e-15 1.430042e+21 2.045021e+42
9.140000e-15 1.395723e+21 1.948042e+42
9.150000e-15 1.358076e+21 1.844369e+42
9.160000e-15 1.317200e+21 1.735016e+42
9.170000e-15 1.273202e+21 1.621044e+42
9.180000e-15 1.226197e+21 1.503558e+42
9.190000e-15 1.176304e+21 1.383692e+42
9.200000e-15 1.123653e+21 1.262596e+42
9.210000e-15 1.068377e+21 1.141429e+42
9.220000e-15 1.010617e+21 1.021346e+42
9.230000e-15 9.505181e+20 9.034847e+41
9.240000e-15 8.882329e+20 7.889577e+41
9.250000e-15 8.239175e+20 6.788400e+41
9.260000e-15 7.577329e+20 5.741591e+41
9.270000e-15 6.898444e+20 4.758853e+41
9.280000e-15 6.204210e+20 3.849223e+41
9.290000e-15 5.496353e+20 3.020990e+41
9.300000e-15 4.776625e+20 2.281615e+41
9.310000e-15 4.046806e+20 1.637664e+41
9.320000e-15 3.308694e+20 1.094746e+41
9.330000e-15 2.564106e+20 6.574640e+40
9.340000e-15 1.814869e+20 3.293749e+40
9.350000e-15 1.062818e+20 1.129581e+40
9.360000e-15 3.097900e+19 9.596982e+38
9.370000e-15 -4.423778e+19 1.956981e+39
9.380000e-15 -1.191856e+20 1.420520e+40
9.390000e-15 -1.936824e+20 3.751286e+40
9.400000e-15 -2.675477e+20 7.158178e+40
9.410000e-15 -3.406031e+20 1.160104e+41
9.420000e-15 -4.126722e+20 1.702983e+41
9.430000e-15 -4.835817e+20 2.338513e+41
9.440000e-15 -5.531614e+20 3.059875e+41
9.450000e-15 -6.212445e+20 3.859448e+41
9.460000e-15 -6.876686e+20 4.728881e+41
9.470000e-15 -7.522752e+20 5.659180e+41
9.480000e-15 -8.149110e+20 6.640800e+41
9.490000e-15 -8.754276e+20 7.663734e+41
9.500000e-15 -9.336820e+20 8.717621e+41
9.510000e-15 -9.895372e+20 9.791838e+41
9.520000e-15 -1.042862e+21 1.087562e+42
9.530000e-15 -1.093532e+21 1.195813e+42
9.540000e-15 -1.141430e+21 1.302863e+42
9.550000e-15 -1.186445e+21 1.407651e+42
9.560000e-15 -1.228472e+21 1.509144e+42
9.570000e-15 -1.267417e+21 1.606345e+42
9.580000e-15 -1.303190e+21 1.698304e+42
9.590000e-15 -1.335711e+21 1.784125e+42
9.600000e-15 -1.364908e+21 1.862975e+42
9.610000e-15 -1.390717e+21 1.934094e+42
9.620000e-15 -1.413082e+21 1.996801e+42
9.630000e-15 -1.431955e+21 2.050496e+42
9.640000e-15 -1.447298e+21 2.094673e+42
9.650000e-15 -1.459082e+21 2.128919e+42
9.660000e-15 -1.467283e+21 2.152920e+42
9.670000e-15 -1.471891e+21 2.166464e+42
9.680000e-15 -1.472901e+21 2.169438e+42
9.690000e-15 -1.470319e+21 2.161837e+42
9.700000e-15 -1.464157e+21 2.143757e+42
9.710000e-15 -1.454439e+21 2.115394e+42
9.720000e-15 -1.441196e+21 2.077046e+42
9.730000e-15 -1.424467e+21 2.029105e+42
9.740000e-15 -1.404299e+21 1.972056e+42
9.750000e-15 -1.380750e+21 1.906471e+42
9.760000e-15 -1.353883e+21 1.833000e+42
9.770000e-15 -1.323771e+21 1.752370e+42
9.780000e-15 -1.290494e+21 1.665375e+42
9.790000e-15 -1.254139e+21 1.572865e+42
9.800000e-15 -1.214801e+21 1.475742e+42
9.810000e-15 -1.172582e+21 1.374949e+42
9.820000e-15 -1.127591e+21 1.271462e+42
9.830000e-15 -1.079943e+21 1.166277e+42
9.840000e-15 -1.029759e+21 1.060405e+42
9.850000e-15 -9.771676e+20 9.548564e+41
9.860000e-15 -9.223005e+20 8.506382e+41
9.870000e-15 -8.652964e+20 7.487379e+41
9.880000e-15 -8.062986e+20 6.501174e+41
9.890000e-15 -7.454547e+20 5.557027e+41
9.900000e-15 -6.829167e+20 4.663752e+41
9.910000e-15 -6.188403e+20 3.829633e+41
9.920000e-15 -5.533846e+20 3.062345e+41
9.930000e-15 -4.867119e+20 2.368885e+41
9.940000e-15 -4.189870e+20 1.755501e+41
9.950000e-15 -3.503769e+20 1.227640e+41
9.960000e-15 -2.810506e+20 7.898943e+40
9.970000e-15 -2.111783e+20 4.459626e+40
9.980000e-15 -1.409312e+20 1.986161e+40
9.990000e-15 -7.048128e+19 4.967611e+39
1.000000e-14 -4.510111e+14 2.034110e+29
