0.000000e+00 nan nan
1.000000e-17 7.066593e+19 4.993673e+39
2.000000e-17 1.413187e+20 1.997099e+40
3.000000e-17 2.119453e+20 4.492082e+40
4.000000e-17 2.825326e+20 7.982467e+40
5.000000e-17 3.530674e+20 1.246566e+41
6.000000e-17 4.235368e+20 1.793834e+41
7.000000e-17 4.939276e+20 2.439644e+41
8.000000e-17 5.642267e+20 3.183518e+41
9.000000e-17 6.344212e+20 4.024903e+41
1.000000e-16 7.044981e+20 4.963176e+41
1.100000e-16 7.744443e+20 5.997640e+41
1.200000e-16 8.442470e+20 7.127530e+41
1.300000e-16 9.138931e+20 8.352007e+41
1.400000e-16 9.833699e+20 9.670164e+41
1.500000e-16 1.052664e+21 1.108103e+42
1.600000e-16 1.121764e+21 1.258355e+42
1.700000e-16 1.190656e+21 1.417661e+42
1.800000e-16 1.259327e+21 1.585905e+42
1.900000e-16 1.327765e+21 1.762961e+42
2.000000e-16 1.395958e+21 1.948698e+42
2.100000e-16 1.463892e+21 2.142979e+42
2.200000e-16 1.531555e+21 2.345661e+42
2.300000e-16 1.598935e+21 2.556593e+42
2.400000e-16 1.666020e+21 2.775621e+42
2.500000e-16 1.732796e+21 3.002583e+42
2.600000e-16 1.799253e+21 3.237310e+42
2.700000e-16 1.865377e+21 3.479631e+42
2.800000e-16 1.931157e+21 3.729366e+42
2.900000e-16 1.996580e+21 3.986332e+42
3.000000e-16 2.061635e+21 4.250340e+42
3.100000e-16 2.126310e+21 4.521196e+42
3.200000e-16 2.190593e+21 4.798700e+42
3.300000e-16 2.254473e+21 5.082649e+42
3.400000e-16 2.317937e+21 5.372834e+42
3.500000e-16 2.380975e+21 5.669043e+42
3.600000e-16 2.443575e+21 5.971059e+42
3.700000e-16 2.505726e+21 6.278660e+42
3.800000e-16 2.567415e+21 6.591622e+42
3.900000e-16 2.628634e+21 6.909716e+42
4.000000e-16 2.689370e+21 7.232709e+42
4.100000e-16 2.749612e+21 7.560366e+42
4.200000e-16 2.809350e+21 7.892449e+42
4.300000e-16 2.868574e+21 8.228714e+42
4.400000e-16 2.927271e+21 8.568918e+42
4.500000e-16 2.985434e+21 8.912813e+42
4.600000e-16 3.043050e+21 9.260150e+42
4.700000e-16 3.100109e+21 9.610677e+42
4.800000e-16 3.156603e+21 9.964140e+42
4.900000e-16 3.212520e+21 1.032028e+43
5.000000e-16 3.267851e+21 1.067885e+43
5.100000e-16 3.322586e+21 1.103958e+43
5.200000e-16 3.376716e+21 1.140221e+43
5.300000e-16 3.430231e+21 1.176648e+43
5.400000e-16 3.483122e+21 1.213214e+43
5.500000e-16 3.535381e+21 1.249892e+43
5.600000e-16 3.586997e+21 1.286655e+43
5.700000e-16 3.637962e+21 1.323477e+43
5.800000e-16 3.688267e+21 1.360332e+43
5.900000e-16 3.737905e+21 1.397193e+43
6.000000e-16 3.786866e+21 1.434035e+43
6.100000e-16 3.835142e+21 1.470831e+43
6.200000e-16 3.882725e+21 1.507555e+43
6.300000e-16 3.929607e+21 1.544181e+43
6.400000e-16 3.975780e+21 1.580683e+43
6.500000e-16 4.021237e+21 1.617035e+43
6.600000e-16 4.065970e+21 1.653211e+43
6.700000e-16 4.109972e+21 1.689187e+43
6.800000e-16 4.153235e+21 1.724936e+43
6.900000e-16 4.195753e+21 1.760435e+43
7.000000e-16 4.237519e+21 1.795657e+43
7.100000e-16 4.278526e+21 1.830579e+43
7.200000e-16 4.318768e+21 1.865175e+43
7.300000e-16 4.358237e+21 1.899423e+43
7.400000e-16 4.396929e+21 1.933299e+43
7.500000e-16 4.434837e+21 1.966778e+43
7.600000e-16 4.471955e+21 1.999838e+43
7.700000e-16 4.508278e+21 2.032457e+43
7.800000e-16 4.543800e+21 2.064611e+43
7.900000e-16 4.578515e+21 2.096280e+43
8.000000e-16 4.612419e+21 2.127441e+43
8.100000e-16 4.645507e+21 2.158073e+43
8.200000e-16 4.677774e+21 2.188157e+43
8.300000e-16 4.709215e+21 2.217670e+43
8.400000e-16 4.739825e+21 2.246594e+43
8.500000e-16 4.769602e+21 2.274910e+43
8.600000e-16 4.798540e+21 2.302598e+43
8.700000e-16 4.826635e+21 2.329641e+43
8.800000e-16 4.853885e+21 2.356020e+43
8.900000e-16 4.880285e+21 2.381719e+43
9.000000e-16 4.905833e+21 2.406719e+43
9.100000e-16 4.930524e+21 2.431007e+43
9.200000e-16 4.954357e+21 2.454565e+43
9.300000e-16 4.977327e+21 2.477379e+43
9.400000e-16 4.999434e+21 2.499434e+43
9.500000e-16 5.020674e+21 2.520717e+43
9.600000e-16 5.041045e+21 2.541214e+43
9.700000e-16 5.060545e+21 2.560912e+43
9.800000e-16 5.079173e+21 2.579800e+43
9.900000e-16 5.096926e+21 2.597866e+43
1.000000e-15 5.113804e+21 2.615099e+43
1.010000e-15 5.129804e+21 2.631489e+43
1.020000e-15 5.144927e+21 2.647027e+43
1.030000e-15 5.159171e+21 2.661704e+43
1.040000e-15 5.172535e+21 2.675511e+43
1.050000e-15 5.185019e+21 2.688442e+43
1.060000e-15 5.196622e+21 2.700488e+43
1.070000e-15 5.207345e+21 2.711644e+43
1.080000e-15 5.217188e+21 2.721905e+43
1.090000e-15 5.226151e+21 2.731265e+43
1.100000e-15 5.234233e+21 2.739720e+43
1.110000e-15 5.241437e+21 2.747266e+43
1.120000e-15 5.247763e+21 2.753902e+43
1.130000e-15 5.253211e+21 2.759623e+43
1.140000e-15 5.257784e+21 2.764429e+43
1.150000e-15 5.261482e+21 2.768319e+43
1.160000e-15 5.264307e+21 2.771293e+43
1.170000e-15 5.266261e+21 2.773351e+43
1.180000e-15 5.267346e+21 2.774493e+43
1.190000e-15 5.267564e+21 2.774723e+43
1.200000e-15 5.266917e+21 2.774041e+43
1.210000e-15 5.265408e+21 2.772452e+43
1.220000e-15 5.263039e+21 2.769958e+43
1.230000e-15 5.259814e+21 2.766565e+43
1.240000e-15 5.255736e+21 2.762276e+43
1.250000e-15 5.250807e+21 2.757098e+43
1.260000e-15 5.245032e+21 2.751036e+43
1.270000e-15 5.238413e+21 2.744097e+43
1.280000e-15 5.230955e+21 2.736289e+43
1.290000e-15 5.222661e+21 2.727619e+43
1.300000e-15 5.213537e+21 2.718096e+43
1.310000e-15 5.203585e+21 2.707730e+43
1.320000e-15 5.192811e+21 2.696529e+43
1.330000e-15 5.181219e+21 2.684503e+43
1.340000e-15 5.168814e+21 2.671664e+43
1.350000e-15 5.155602e+21 2.658023e+43
1.360000e-15 5.141586e+21 2.643591e+43
1.370000e-15 5.126773e+21 2.628380e+43
1.380000e-15 5.111169e+21 2.612404e+43
1.390000e-15 5.094778e+21 2.595676e+43
1.400000e-15 5.077606e+21 2.578208e+43
1.410000e-15 5.059660e+21 2.560016e+43
1.420000e-15 5.040946e+21 2.541114e+43
1.430000e-15 5.021470e+21 2.521517e+43
1.440000e-15 5.001239e+21 2.501239e+43
1.450000e-15 4.980259e+21 2.480298e+43
1.460000e-15 4.958536e+21 2.458708e+43
1.470000e-15 4.936079e+21 2.436487e+43
1.480000e-15 4.912893e+21 2.413652e+43
1.490000e-15 4.888986e+21 2.390219e+43
1.500000e-15 4.864366e+21 2.366206e+43
1.510000e-15 4.839040e+21 2.341631e+43
1.520000e-15 4.813016e+21 2.316512e+43
1.530000e-15 4.786300e+21 2.290867e+43
1.540000e-15 4.758902e+21 2.264715e+43
1.550000e-15 4.730830e+21 2.238075e+43
1.560000e-15 4.702090e+21 2.210965e+43
1.570000e-15 4.672693e+21 2.183406e+43
1.580000e-15 4.642645e+21 2.155416e+43
1.590000e-15 4.611957e+21 2.127015e+43
1.600000e-15 4.580635e+21 2.098222e+43
1.610000e-15 4.548690e+21 2.069058e+43
1.620000e-15 4.516130e+21 2.039543e+43
1.630000e-15 4.482964e+21 2.009697e+43
1.640000e-15 4.449202e+21 1.979539e+43
1.650000e-15 4.414851e+21 1.949091e+43
1.660000e-15 4.379923e+21 1.918372e+43
1.670000e-15 4.344425e+21 1.887403e+43
1.680000e-15 4.308369e+21 1.856204e+43
1.690000e-15 4.271762e+21 1.824795e+43
1.700000e-15 4.234616e+21 1.793197e+43
1.710000e-15 4.196940e+21 1.761431e+43
1.720000e-15 4.158744e+21 1.729515e+43
1.730000e-15 4.120037e+21 1.697471e+43
1.740000e-15 4.080831e+21 1.665318e+43
1.750000e-15 4.041134e+21 1.633077e+43
1.760000e-15 4.000958e+21 1.600767e+43
1.770000e-15 3.960313e+21 1.568408e+43
1.780000e-15 3.919208e+21 1.536019e+43
1.790000e-15 3.877656e+21 1.503621e+43
1.800000e-15 3.835665e+21 1.471233e+43
1.810000e-15 3.793247e+21 1.438872e+43
1.820000e-15 3.750412e+21 1.406559e+43
1.830000e-15 3.707171e+21 1.374312e+43
1.840000e-15 3.663535e+21 1.342149e+43
1.850000e-15 3.619515e+21 1.310089e+43
1.860000e-15 3.575121e+21 1.278149e+43
1.870000e-15 3.530364e+21 1.246347e+43
1.880000e-15 3.485256e+21 1.214701e+43
1.890000e-15 3.439807e+21 1.183227e+43
1.900000e-15 3.394028e+21 1.151943e+43
1.910000e-15 3.347931e+21 1.120864e+43
1.920000e-15 3.301526e+21 1.090007e+43
1.930000e-15 3.254824e+21 1.059388e+43
1.940000e-15 3.207838e+21 1.029022e+43
1.950000e-15 3.160577e+21 9.989244e+42
1.960000e-15 3.113052e+21 9.691096e+42
1.970000e-15 3.065277e+21 9.395921e+42
1.980000e-15 3.017260e+21 9.103858e+42
1.990000e-15 2.969014e+21 8.815043e+42
2.000000e-15 2.920549e+21 8.529609e+42
2.010000e-15 2.871878e+21 8.247682e+42
2.020000e-15 2.823010e+21 7.969387e+42
2.030000e-15 2.773958e+21 7.694842e+42
2.040000e-15 2.724732e+21 7.424164e+42
2.050000e-15 2.675343e+21 7.157462e+42
2.060000e-15 2.625803e+21 6.894843e+42
2.070000e-15 2.576123e+21 6.636410e+42
2.080000e-15 2.526314e+21 6.382261e+42
2.090000e-15 2.476386e+21 6.132487e+42
2.100000e-15 2.426351e+21 5.887179e+42
2.110000e-15 2.376220e+21 5.646421e+42
2.120000e-15 2.326003e+21 5.410292e+42
2.130000e-15 2.275712e+21 5.178867e+42
2.140000e-15 2.225358e+21 4.952218e+42
2.150000e-15 2.174951e+21 4.730410e+42
2.160000e-15 2.124501e+21 4.513504e+42
2.170000e-15 2.074020e+21 4.301559e+42
2.180000e-15 2.023518e+21 4.094626e+42
2.190000e-15 1.973006e+21 3.892753e+42
2.200000e-15 1.922494e+21 3.695983e+42
2.210000e-15 1.871992e+21 3.504355e+42
2.220000e-15 1.821512e+21 3.317904e+42
2.230000e-15 1.771062e+21 3.136660e+42
2.240000e-15 1.720653e+21 2.960648e+42
2.250000e-15 1.670296e+21 2.789889e+42
2.260000e-15 1.620000e+21 2.624400e+42
2.270000e-15 1.569775e+21 2.464194e+42
2.280000e-15 1.519631e+21 2.309278e+42
2.290000e-15 1.469577e+21 2.159657e+42
2.300000e-15 1.419624e+21 2.015331e+42
2.310000e-15 1.369780e+21 1.876296e+42
2.320000e-15 1.320055e+21 1.742544e+42
2.330000e-15 1.270458e+21 1.614062e+42
2.340000e-15 1.220998e+21 1.490835e+42
2.350000e-15 1.171684e+21 1.372844e+42
2.360000e-15 1.122526e+21 1.260064e+42
2.370000e-15 1.073531e+21 1.152469e+42
2.380000e-15 1.024709e+21 1.050028e+42
2.390000e-15 9.760673e+20 9.527073e+41
2.400000e-15 9.276152e+20 8.604699e+41
2.410000e-15 8.793605e+20 7.732748e+41
2.420000e-15 8.313113e+20 6.910784e+41
2.430000e-15 7.834755e+20 6.138339e+41
2.440000e-15 7.358609e+20 5.414913e+41
2.450000e-15 6.884751e+20 4.739980e+41
2.460000e-15 6.413256e+20 4.112985e+41
2.470000e-15 5.944196e+20 3.533347e+41
2.480000e-15 5.477644e+20 3.000459e+41
2.490000e-15 5.013670e+20 2.513688e+41
2.500000e-15 4.552341e+20 2.072381e+41
2.510000e-15 4.093724e+20 1.675858e+41
2.520000e-15 3.637885e+20 1.323421e+41
2.530000e-15 3.184887e+20 1.014351e+41
2.540000e-15 2.734792e+20 7.479088e+40
2.550000e-15 2.287660e+20 5.233388e+40
2.560000e-15 1.843549e+20 3.398673e+40
2.570000e-15 1.402516e+20 1.967050e+40
2.580000e-15 9.646153e+19 9.304827e+39
2.590000e-15 5.299007e+19 2.807948e+39
2.600000e-15 9.842350e+18 9.687185e+37
2.610000e-15 -3.297668e+19 1.087462e+39
2.620000e-15 -7.546224e+19 5.694550e+39
2.630000e-15 -1.176097e+20 1.383204e+40
2.640000e-15 -1.594147e+20 2.541304e+40
2.650000e-15 -2.008729e+20 4.034991e+40
2.660000e-15 -2.419802e+20 5.855444e+40
2.670000e-15 -2.827329e+20 7.993789e+40
2.680000e-15 -3.231271e+20 1.044111e+41
2.690000e-15 -3.631594e+20 1.318847e+41
2.700000e-15 -4.028263e+20 1.622691e+41
2.710000e-15 -4.421248e+20 1.954744e+41
2.720000e-15 -4.810518e+20 2.314109e+41
2.730000e-15 -5.196046e+20 2.699889e+41
2.740000e-15 -5.577804e+20 3.111189e+41
2.750000e-15 -5.955768e+20 3.547117e+41
2.760000e-15 -6.329916e+20 4.006783e+41
2.770000e-15 -6.700226e+20 4.489303e+41
2.780000e-15 -7.066679e+20 4.993795e+41
2.790000e-15 -7.429258e+20 5.519387e+41
2.800000e-15 -7.787946e+20 6.065210e+41
2.810000e-15 -8.142729e+20 6.630404e+41
2.820000e-15 -8.493595e+20 7.214116e+41
2.830000e-15 -8.840534e+20 7.815504e+41
2.840000e-15 -9.183535e+20 8.433732e+41
2.850000e-15 -9.522592e+20 9.067975e+41
2.860000e-15 -9.857698e+20 9.717420e+41
2.870000e-15 -1.018885e+21 1.038126e+42
2.880000e-15 -1.051604e+21 1.105871e+42
2.890000e-15 -1.083928e+21 1.174899e+42
2.900000e-15 -1.115855e+21 1.245133e+42
2.910000e-15 -1.147387e+21 1.316497e+42
2.920000e-15 -1.178523e+21 1.388918e+42
2.930000e-15 -1.209265e+21 1.462322e+42
2.940000e-15 -1.239612e+21 1.536639e+42
2.950000e-15 -1.269566e+21 1.611798e+42
2.960000e-15 -1.299127e+21 1.687732e+42
2.970000e-15 -1.328297e+21 1.764372e+42
2.980000e-15 -1.357076e+21 1.841654e+42
2.990000e-15 -1.385465e+21 1.919514e+42
3.000000e-15 -1.413467e+21 1.997890e+42
3.010000e-15 -1.441083e+21 2.076720e+42
3.020000e-15 -1.468314e+21 2.155946e+42
3.030000e-15 -1.495162e+21 2.235510e+42
3.040000e-15 -1.521629e+21 2.315355e+42
3.050000e-15 -1.547717e+21 2.395428e+42
3.060000e-15 -1.573428e+21 2.475676e+42
3.070000e-15 -1.598764e+21 2.556046e+42
3.080000e-15 -1.623728e+21 2.636491e+42
3.090000e-15 -1.648321e+21 2.716962e+42
3.100000e-15 -1.672546e+21 2.797412e+42
3.110000e-15 -1.696407e+21 2.877796e+42
3.120000e-15 -1.719905e+21 2.958072e+42
3.130000e-15 -1.743043e+21 3.038197e+42
3.140000e-15 -1.765823e+21 3.118132e+42
3.150000e-15 -1.788250e+21 3.197838e+42
3.160000e-15 -1.810325e+21 3.277277e+42
3.170000e-15 -1.832052e+21 3.356415e+42
3.180000e-15 -1.853434e+21 3.435216e+42
3.190000e-15 -1.874473e+21 3.513649e+42
3.200000e-15 -1.895173e+21 3.591682e+42
3.210000e-15 -1.915538e+21 3.669286e+42
3.220000e-15 -1.935570e+21 3.746431e+42
3.230000e-15 -1.955273e+21 3.823092e+42
3.240000e-15 -1.974650e+21 3.899242e+42
3.250000e-15 -1.993704e+21 3.974856e+42
3.260000e-15 -2.012440e+21 4.049913e+42
3.270000e-15 -2.030859e+21 4.124390e+42
3.280000e-15 -2.048967e+21 4.198266e+42
3.290000e-15 -2.066766e+21 4.271523e+42
3.300000e-15 -2.084260e+21 4.344141e+42
3.310000e-15 -2.101453e+21 4.416104e+42
3.320000e-15 -2.118348e+21 4.487396e+42
3.330000e-15 -2.134948e+21 4.558002e+42
3.340000e-15 -2.151257e+21 4.627909e+42
3.350000e-15 -2.167280e+21 4.697103e+42
3.360000e-15 -2.183019e+21 4.765572e+42
3.370000e-15 -2.198478e+21 4.833307e+42
3.380000e-15 -2.213661e+21 4.900296e+42
3.390000e-15 -2.228572e+21 4.966532e+42
3.400000e-15 -2.243213e+21 5.032005e+42
3.410000e-15 -2.257589e+21 5.096709e+42
3.420000e-15 -2.271704e+21 5.160638e+42
3.430000e-15 -2.285560e+21 5.223784e+42
3.440000e-15 -2.299162e+21 5.286145e+42
3.450000e-15 -2.312513e+21 5.347714e+42
3.460000e-15 -2.325616e+21 5.408490e+42
3.470000e-15 -2.338476e+21 5.468468e+42
3.480000e-15 -2.351095e+21 5.527647e+42
3.490000e-15 -2.363477e+21 5.586026e+42
3.500000e-15 -2.375627e+21 5.643602e+42
3.510000e-15 -2.387546e+21 5.700376e+42
3.520000e-15 -2.399239e+21 5.756348e+42
3.530000e-15 -2.410709e+21 5.811519e+42
3.540000e-15 -2.421960e+21 5.865889e+42
3.550000e-15 -2.432994e+21 5.919459e+42
3.560000e-15 -2.443815e+21 5.972233e+42
3.570000e-15 -2.454427e+21 6.024212e+42
3.580000e-15 -2.464832e+21 6.075399e+42
3.590000e-15 -2.475035e+21 6.125797e+42
3.600000e-15 -2.485037e+21 6.175410e+42
3.610000e-15 -2.494843e+21 6.224242e+42
3.620000e-15 -2.504455e+21 6.272296e+42
3.630000e-15 -2.513877e+21 6.319577e+42
3.640000e-15 -2.523111e+21 6.366090e+42
3.650000e-15 -2.532161e+21 6.411840e+42
3.660000e-15 -2.541030e+21 6.456831e+42
3.670000e-15 -2.549720e+21 6.501070e+42
3.680000e-15 -2.558234e+21 6.544561e+42
3.690000e-15 -2.566576e+21 6.587311e+42
3.700000e-15 -2.574748e+21 6.629326e+42
3.710000e-15 -2.582753e+21 6.670611e+42
3.720000e-15 -2.590593e+21 6.711173e+42
3.730000e-15 -2.598272e+21 6.751018e+42
3.740000e-15 -2.605792e+21 6.790154e+42
3.750000e-15 -2.613156e+21 6.828585e+42
3.760000e-15 -2.620366e+21 6.866320e+42
3.770000e-15 -2.627426e+21 6.903365e+42
3.780000e-15 -2.634336e+21 6.939727e+42
3.790000e-15 -2.641101e+21 6.975412e+42
3.800000e-15 -2.647721e+21 7.010429e+42
3.810000e-15 -2.654201e+21 7.044783e+42
3.820000e-15 -2.660542e+21 7.078482e+42
3.830000e-15 -2.666746e+21 7.111533e+42
3.840000e-15 -2.672816e+21 7.143943e+42
3.850000e-15 -2.678753e+21 7.175719e+42
3.860000e-15 -2.684561e+21 7.206869e+42
3.870000e-15 -2.690242e+21 7.237400e+42
3.880000e-15 -2.695796e+21 7.267318e+42
3.890000e-15 -2.701228e+21 7.296631e+42
3.900000e-15 -2.706538e+21 7.325346e+42
3.910000e-15 -2.711728e+21 7.353470e+42
3.920000e-15 -2.716802e+21 7.381011e+42
3.930000e-15 -2.721759e+21 7.407974e+42
3.940000e-15 -2.726604e+21 7.434368e+42
3.950000e-15 -2.731336e+21 7.460199e+42
3.960000e-15 -2.735959e+21 7.485474e+42
3.970000e-15 -2.740474e+21 7.510200e+42
3.980000e-15 -2.744883e+21 7.534384e+42
3.990000e-15 -2.749188e+21 7.558032e+42
4.000000e-15 -2.753389e+21 7.581152e+42
4.010000e-15 -2.757490e+21 7.603750e+42
4.020000e-15 -2.761491e+21 7.625832e+42
4.030000e-15 -2.765394e+21 7.647405e+42
4.040000e-15 -2.769201e+21 7.668476e+42
4.050000e-15 -2.772914e+21 7.689051e+42
4.060000e-15 -2.776533e+21 7.709136e+42
4.070000e-15 -2.780061e+21 7.728737e+42
4.080000e-15 -2.783498e+21 7.747862e+42
4.090000e-15 -2.786847e+21 7.766515e+42
4.100000e-15 -2.790108e+21 7.784702e+42
4.110000e-15 -2.793283e+21 7.802431e+42
4.120000e-15 -2.796374e+21 7.819706e+42
4.130000e-15 -2.799381e+21 7.836534e+42
4.140000e-15 -2.802306e+21 7.852920e+42
4.150000e-15 -2.805151e+21 7.868869e+42
4.160000e-15 -2.807915e+21 7.884388e+42
4.170000e-15 -2.810602e+21 7.899482e+42
4.180000e-15 -2.813211e+21 7.914157e+42
4.190000e-15 -2.815744e+21 7.928417e+42
4.200000e-15 -2.818203e+21 7.942267e+42
4.210000e-15 -2.820588e+21 7.955714e+42
4.220000e-15 -2.822900e+21 7.968762e+42
4.230000e-15 -2.825140e+21 7.981416e+42
4.240000e-15 -2.827310e+21 7.993681e+42
4.250000e-15 -2.829410e+21 8.005562e+42
4.260000e-15 -2.831442e+21 8.017063e+42
4.270000e-15 -2.833406e+21 8.028190e+42
4.280000e-15 -2.835304e+21 8.038947e+42
4.290000e-15 -2.837136e+21 8.049338e+42
4.300000e-15 -2.838903e+21 8.059368e+42
4.310000e-15 -2.840606e+21 8.069042e+42
4.320000e-15 -2.842246e+21 8.078363e+42
4.330000e-15 -2.843824e+21 8.087336e+42
4.340000e-15 -2.845341e+21 8.095964e+42
4.350000e-15 -2.846797e+21 8.104253e+42
4.360000e-15 -2.848193e+21 8.112206e+42
4.370000e-15 -2.849531e+21 8.119827e+42
4.380000e-15 -2.850810e+21 8.127120e+42
4.390000e-15 -2.852032e+21 8.134088e+42
4.400000e-15 -2.853197e+21 8.140735e+42
4.410000e-15 -2.854307e+21 8.147066e+42
4.420000e-15 -2.855360e+21 8.153083e+42
4.430000e-15 -2.856360e+21 8.158790e+42
4.440000e-15 -2.857305e+21 8.164191e+42
4.450000e-15 -2.858197e+21 8.169288e+42
4.460000e-15 -2.859036e+21 8.174086e+42
4.470000e-15 -2.859823e+21 8.178587e+42
4.480000e-15 -2.860558e+21 8.182795e+42
4.490000e-15 -2.861243e+21 8.186712e+42
4.500000e-15 -2.861877e+21 8.190343e+42
4.510000e-15 -2.862462e+21 8.193689e+42
4.520000e-15 -2.862997e+21 8.196754e+42
4.530000e-15 -2.863484e+21 8.199541e+42
4.540000e-15 -2.863923e+21 8.202052e+42
4.550000e-15 -2.864313e+21 8.204291e+42
4.560000e-15 -2.864657e+21 8.206260e+42
4.570000e-15 -2.864954e+21 8.207962e+42
4.580000e-15 -2.865205e+21 8.209399e+42
4.590000e-15 -2.865410e+21 8.210574e+42
4.600000e-15 -2.865570e+21 8.211490e+42
4.610000e-15 -2.865685e+21 8.212149e+42
4.620000e-15 -2.865755e+21 8.212553e+42
4.630000e-15 -2.865782e+21 8.212706e+42
4.640000e-15 -2.865765e+21 8.212609e+42
4.650000e-15 -2.865705e+21 8.212264e+42
4.660000e-15 -2.865602e+21 8.211674e+42
4.670000e-15 -2.865457e+21 8.210842e+42
4.680000e-15 -2.865269e+21 8.209769e+42
4.690000e-15 -2.865040e+21 8.208457e+42
4.700000e-15 -2.864770e+21 8.206909e+42
4.710000e-15 -2.864459e+21 8.205127e+42
4.720000e-15 -2.864108e+21 8.203112e+42
4.730000e-15 -2.863716e+21 8.200868e+42
4.740000e-15 -2.863284e+21 8.198395e+42
4.750000e-15 -2.862813e+21 8.195696e+42
4.760000e-15 -2.862302e+21 8.192773e+42
4.770000e-15 -2.861752e+21 8.189627e+42
4.780000e-15 -2.861164e+21 8.186261e+42
4.790000e-15 -2.860538e+21 8.182676e+42
4.800000e-15 -2.859873e+21 8.178874e+42
4.810000e-15 -2.859171e+21 8.174857e+42
4.820000e-15 -2.858431e+21 8.170627e+42
4.830000e-15 -2.857654e+21 8.166185e+42
4.840000e-15 -2.856840e+21 8.161533e+42
4.850000e-15 -2.855989e+21 8.156673e+42
4.860000e-15 -2.855102e+21 8.151606e+42
4.870000e-15 -2.854178e+21 8.146334e+42
4.880000e-15 -2.853219e+21 8.140859e+42
4.890000e-15 -2.852224e+21 8.135183e+42
4.900000e-15 -2.851194e+21 8.129306e+42
4.910000e-15 -2.850128e+21 8.123230e+42
4.920000e-15 -2.849027e+21 8.116957e+42
4.930000e-15 -2.847892e+21 8.110488e+42
4.940000e-15 -2.846722e+21 8.103826e+42
4.950000e-15 -2.845518e+21 8.096970e+42
4.960000e-15 -2.844279e+21 8.089924e+42
4.970000e-15 -2.843007e+21 8.082687e+42
4.980000e-15 -2.841701e+21 8.075262e+42
4.990000e-15 -2.840361e+21 8.067650e+42
5.000000e-15 -2.838988e+21 8.059852e+42
5.010000e-15 -2.837582e+21 8.051871e+42
5.020000e-15 -2.836143e+21 8.043706e+42
5.030000e-15 -2.834671e+21 8.035359e+42
5.040000e-15 -2.833166e+21 8.026832e+42
5.050000e-15 -2.831630e+21 8.018127e+42
5.060000e-15 -2.830061e+21 8.009243e+42
5.070000e-15 -2.828459e+21 8.000183e+42
5.080000e-15 -2.826826e+21 7.990948e+42
5.090000e-15 -2.825162e+21 7.981538e+42
5.100000e-15 -2.823465e+21 7.971956e+42
5.110000e-15 -2.821738e+21 7.962203e+42
5.120000e-15 -2.819979e+21 7.952279e+42
5.130000e-15 -2.818188e+21 7.942186e+42
5.140000e-15 -2.816367e+21 7.931925e+42
5.150000e-15 -2.814515e+21 7.921497e+42
5.160000e-15 -2.812633e+21 7.910903e+42
5.170000e-15 -2.810720e+21 7.900145e+42
5.180000e-15 -2.808776e+21 7.889224e+42
5.190000e-15 -2.806803e+21 7.878140e+42
5.200000e-15 -2.804799e+21 7.866896e+42
5.210000e-15 -2.802765e+21 7.855491e+42
5.220000e-15 -2.800701e+21 7.843927e+42
5.230000e-15 -2.798608e+21 7.832205e+42
5.240000e-15 -2.796485e+21 7.820327e+42
5.250000e-15 -2.794332e+21 7.808293e+42
5.260000e-15 -2.792150e+21 7.796104e+42
5.270000e-15 -2.789939e+21 7.783761e+42
5.280000e-15 -2.787699e+21 7.771266e+42
5.290000e-15 -2.785430e+21 7.758619e+42
5.300000e-15 -2.783132e+21 7.745822e+42
5.310000e-15 -2.780805e+21 7.732875e+42
5.320000e-15 -2.778449e+21 7.719780e+42
5.330000e-15 -2.776065e+21 7.706537e+42
5.340000e-15 -2.773652e+21 7.693148e+42
5.350000e-15 -2.771212e+21 7.679613e+42
5.360000e-15 -2.768742e+21 7.665934e+42
5.370000e-15 -2.766245e+21 7.652111e+42
5.380000e-15 -2.763720e+21 7.638146e+42
5.390000e-15 -2.761166e+21 7.624039e+42
5.400000e-15 -2.758585e+21 7.609791e+42
5.410000e-15 -2.755976e+21 7.595404e+42
5.420000e-15 -2.753339e+21 7.580878e+42
5.430000e-15 -2.750675e+21 7.566214e+42
5.440000e-15 -2.747984e+21 7.551414e+42
5.450000e-15 -2.745265e+21 7.536478e+42
5.460000e-15 -2.742518e+21 7.521407e+42
5.470000e-15 -2.739745e+21 7.506202e+42
5.480000e-15 -2.736944e+21 7.490864e+42
5.490000e-15 -2.734117e+21 7.475394e+42
5.500000e-15 -2.731262e+21 7.459793e+42
5.510000e-15 -2.728381e+21 7.444062e+42
5.520000e-15 -2.725473e+21 7.428201e+42
5.530000e-15 -2.722538e+21 7.412212e+42
5.540000e-15 -2.719577e+21 7.396096e+42
5.550000e-15 -2.716589e+21 7.379854e+42
5.560000e-15 -2.713574e+21 7.363486e+42
5.570000e-15 -2.710534e+21 7.346994e+42
5.580000e-15 -2.707467e+21 7.330378e+42
5.590000e-15 -2.704374e+21 7.313639e+42
5.600000e-15 -2.701255e+21 7.296779e+42
5.610000e-15 -2.698110e+21 7.279798e+42
5.620000e-15 -2.694939e+21 7.262697e+42
5.630000e-15 -2.691742e+21 7.245477e+42
5.640000e-15 -2.688520e+21 7.228139e+42
5.650000e-15 -2.685272e+21 7.210685e+42
5.660000e-15 -2.681998e+21 7.193114e+42
5.670000e-15 -2.678699e+21 7.175427e+42
5.680000e-15 -2.675374e+21 7.157627e+42
5.690000e-15 -2.672024e+21 7.139714e+42
5.700000e-15 -2.668649e+21 7.121688e+42
5.710000e-15 -2.665249e+21 7.103550e+42
5.720000e-15 -2.661823e+21 7.085302e+42
5.730000e-15 -2.658373e+21 7.066945e+42
5.740000e-15 -2.654897e+21 7.048479e+42
5.750000e-15 -2.651397e+21 7.029906e+42
5.760000e-15 -2.647872e+21 7.011225e+42
5.770000e-15 -2.644322e+21 6.992439e+42
5.780000e-15 -2.640748e+21 6.973549e+42
5.790000e-15 -2.637149e+21 6.954554e+42
5.800000e-15 -2.633525e+21 6.935456e+42
5.810000e-15 -2.629878e+21 6.916257e+42
5.820000e-15 -2.626206e+21 6.896956e+42
5.830000e-15 -2.622509e+21 6.877556e+42
5.840000e-15 -2.618789e+21 6.858056e+42
5.850000e-15 -2.615045e+21 6.838458e+42
5.860000e-15 -2.611276e+21 6.818763e+42
5.870000e-15 -2.607484e+21 6.798971e+42
5.880000e-15 -2.603668e+21 6.779085e+42
5.890000e-15 -2.599828e+21 6.759103e+42
5.900000e-15 -2.595964e+21 6.739029e+42
5.910000e-15 -2.592077e+21 6.718862e+42
5.920000e-15 -2.588166e+21 6.698603e+42
5.930000e-15 -2.584232e+21 6.678254e+42
5.940000e-15 -2.580274e+21 6.657815e+42
5.950000e-15 -2.576293e+21 6.637288e+42
5.960000e-15 -2.572289e+21 6.616673e+42
5.970000e-15 -2.568262e+21 6.595971e+42
5.980000e-15 -2.564212e+21 6.575183e+42
5.990000e-15 -2.560139e+21 6.554310e+42
6.000000e-15 -2.556043e+21 6.533354e+42
6.010000e-15 -2.551924e+21 6.512314e+42
6.020000e-15 -2.547782e+21 6.491192e+42
6.030000e-15 -2.543617e+21 6.469990e+42
6.040000e-15 -2.539430e+21 6.448707e+42
6.050000e-15 -2.535221e+21 6.427345e+42
6.060000e-15 -2.530989e+21 6.405904e+42
6.070000e-15 -2.526734e+21 6.384387e+42
6.080000e-15 -2.522458e+21 6.362793e+42
6.090000e-15 -2.518159e+21 6.341124e+42
6.100000e-15 -2.513838e+21 6.319380e+42
6.110000e-15 -2.509495e+21 6.297563e+42
6.120000e-15 -2.505129e+21 6.275673e+42
6.130000e-15 -2.500742e+21 6.253712e+42
6.140000e-15 -2.496333e+21 6.231680e+42
6.150000e-15 -2.491903e+21 6.209578e+42
6.160000e-15 -2.487450e+21 6.187408e+42
6.170000e-15 -2.482976e+21 6.165170e+42
6.180000e-15 -2.478480e+21 6.142864e+42
6.190000e-15 -2.473963e+21 6.120493e+42
6.200000e-15 -2.469425e+21 6.098058e+42
6.210000e-15 -2.464865e+21 6.075558e+42
6.220000e-15 -2.460283e+21 6.052995e+42
6.230000e-15 -2.455681e+21 6.030369e+42
6.240000e-15 -2.451058e+21 6.007683e+42
6.250000e-15 -2.446413e+21 5.984937e+42
6.260000e-15 -2.441748e+21 5.962131e+42
6.270000e-15 -2.437061e+21 5.939267e+42
6.280000e-15 -2.432354e+21 5.916345e+42
6.290000e-15 -2.427626e+21 5.893368e+42
6.300000e-15 -2.422877e+21 5.870334e+42
6.310000e-15 -2.418108e+21 5.847246e+42
6.320000e-15 -2.413318e+21 5.824105e+42
6.330000e-15 -2.408508e+21 5.800911e+42
6.340000e-15 -2.403678e+21 5.777666e+42
6.350000e-15 -2.398827e+21 5.754369e+42
6.360000e-15 -2.393956e+21 5.731023e+42
6.370000e-15 -2.389064e+21 5.707629e+42
6.380000e-15 -2.384153e+21 5.684186e+42
6.390000e-15 -2.379222e+21 5.660697e+42
6.400000e-15 -2.374271e+21 5.637161e+42
6.410000e-15 -2.369300e+21 5.613581e+42
6.420000e-15 -2.364309e+21 5.589957e+42
6.430000e-15 -2.359299e+21 5.566290e+42
6.440000e-15 -2.354269e+21 5.542580e+42
6.450000e-15 -2.349219e+21 5.518830e+42
6.460000e-15 -2.344150e+21 5.495039e+42
6.470000e-15 -2.339062e+21 5.471210e+42
6.480000e-15 -2.333954e+21 5.447342e+42
6.490000e-15 -2.328827e+21 5.423437e+42
6.500000e-15 -2.323681e+21 5.399495e+42
6.510000e-15 -2.318516e+21 5.375518e+42
6.520000e-15 -2.313332e+21 5.351507e+42
6.530000e-15 -2.308130e+21 5.327463e+42
6.540000e-15 -2.302908e+21 5.303386e+42
6.550000e-15 -2.297668e+21 5.279277e+42
6.560000e-15 -2.292409e+21 5.255139e+42
6.570000e-15 -2.287131e+21 5.230970e+42
6.580000e-15 -2.281835e+21 5.206773e+42
6.590000e-15 -2.276521e+21 5.182549e+42
6.600000e-15 -2.271189e+21 5.158297e+42
6.610000e-15 -2.265838e+21 5.134021e+42
6.620000e-15 -2.260469e+21 5.109719e+42
6.630000e-15 -2.255082e+21 5.085394e+42
6.640000e-15 -2.249677e+21 5.061046e+42
6.650000e-15 -2.244254e+21 5.036676e+42
6.660000e-15 -2.238813e+21 5.012285e+42
6.670000e-15 -2.233355e+21 4.987874e+42
6.680000e-15 -2.227879e+21 4.963444e+42
6.690000e-15 -2.222385e+21 4.938997e+42
6.700000e-15 -2.216874e+21 4.914532e+42
6.710000e-15 -2.211346e+21 4.890051e+42
6.720000e-15 -2.205800e+21 4.865555e+42
6.730000e-15 -2.200237e+21 4.841045e+42
6.740000e-15 -2.194658e+21 4.816522e+42
6.750000e-15 -2.189061e+21 4.791986e+42
6.760000e-15 -2.183447e+21 4.767439e+42
6.770000e-15 -2.177816e+21 4.742882e+42
6.780000e-15 -2.172168e+21 4.718315e+42
6.790000e-15 -2.166504e+21 4.693739e+42
6.800000e-15 -2.160823e+21 4.669157e+42
6.810000e-15 -2.155126e+21 4.644567e+42
6.820000e-15 -2.149412e+21 4.619972e+42
6.830000e-15 -2.143682e+21 4.595372e+42
6.840000e-15 -2.137935e+21 4.570768e+42
6.850000e-15 -2.132173e+21 4.546161e+42
6.860000e-15 -2.126394e+21 4.521552e+42
6.870000e-15 -2.120600e+21 4.496943e+42
6.880000e-15 -2.114789e+21 4.472333e+42
6.890000e-15 -2.108963e+21 4.447724e+42
6.900000e-15 -2.103121e+21 4.423116e+42
6.910000e-15 -2.097263e+21 4.398511e+42
6.920000e-15 -2.091390e+21 4.373910e+42
6.930000e-15 -2.085501e+21 4.349313e+42
6.940000e-15 -2.079597e+21 4.324722e+42
6.950000e-15 -2.073677e+21 4.300136e+42
6.960000e-15 -2.067742e+21 4.275558e+42
6.970000e-15 -2.061793e+21 4.250988e+42
6.980000e-15 -2.055828e+21 4.226427e+42
6.990000e-15 -2.049848e+21 4.201876e+42
7.000000e-15 -2.043853e+21 4.177336e+42
7.010000e-15 -2.037844e+21 4.152807e+42
7.020000e-15 -2.031819e+21 4.128290e+42
7.030000e-15 -2.025781e+21 4.103787e+42
7.040000e-15 -2.019727e+21 4.079299e+42
7.050000e-15 -2.013660e+21 4.054825e+42
7.060000e-15 -2.007578e+21 4.030368e+42
7.070000e-15 -2.001481e+21 4.005927e+42
7.080000e-15 -1.995371e+21 3.981504e+42
7.090000e-15 -1.989246e+21 3.957100e+42
7.100000e-15 -1.983108e+21 3.932716e+42
7.110000e-15 -1.976955e+21 3.908351e+42
7.120000e-15 -1.970789e+21 3.884009e+42
7.130000e-15 -1.964609e+21 3.859688e+42
7.140000e-15 -1.958415e+21 3.835390e+42
7.150000e-15 -1.952208e+21 3.811116e+42
7.160000e-15 -1.945987e+21 3.786866e+42
7.170000e-15 -1.939753e+21 3.762642e+42
7.180000e-15 -1.933506e+21 3.738445e+42
7.190000e-15 -1.927245e+21 3.714275e+42
7.200000e-15 -1.920972e+21 3.690132e+42
7.210000e-15 -1.914685e+21 3.666019e+42
7.220000e-15 -1.908386e+21 3.641935e+42
7.230000e-15 -1.902073e+21 3.617882e+42
7.240000e-15 -1.895748e+21 3.593861e+42
7.250000e-15 -1.889410e+21 3.569871e+42
7.260000e-15 -1.883060e+21 3.545915e+42
7.270000e-15 -1.876697e+21 3.521992e+42
7.280000e-15 -1.870322e+21 3.498104e+42
7.290000e-15 -1.863934e+21 3.474252e+42
7.300000e-15 -1.857535e+21 3.450436e+42
7.310000e-15 -1.851123e+21 3.426657e+42
7.320000e-15 -1.844699e+21 3.402916e+42
7.330000e-15 -1.838264e+21 3.379213e+42
7.340000e-15 -1.831816e+21 3.355550e+42
7.350000e-15 -1.825357e+21 3.331928e+42
7.360000e-15 -1.818886e+21 3.308347e+42
7.370000e-15 -1.812404e+21 3.284807e+42
7.380000e-15 -1.805910e+21 3.261310e+42
7.390000e-15 -1.799405e+21 3.237857e+42
7.400000e-15 -1.792888e+21 3.214448e+42
7.410000e-15 -1.786361e+21 3.191084e+42
7.420000e-15 -1.779822e+21 3.167766e+42
7.430000e-15 -1.773272e+21 3.144495e+42
7.440000e-15 -1.766712e+21 3.121271e+42
7.450000e-15 -1.760140e+21 3.098094e+42
7.460000e-15 -1.753558e+21 3.074967e+42
7.470000e-15 -1.746966e+21 3.051890e+42
7.480000e-15 -1.740363e+21 3.028863e+42
7.490000e-15 -1.733749e+21 3.005887e+42
7.500000e-15 -1.727126e+21 2.982963e+42
7.510000e-15 -1.720492e+21 2.960091e+42
7.520000e-15 -1.713847e+21 2.937273e+42
7.530000e-15 -1.707193e+21 2.914509e+42
7.540000e-15 -1.700529e+21 2.891800e+42
7.550000e-15 -1.693855e+21 2.869146e+42
7.560000e-15 -1.687172e+21 2.846549e+42
7.570000e-15 -1.680479e+21 2.824008e+42
7.580000e-15 -1.673776e+21 2.801525e+42
7.590000e-15 -1.667064e+21 2.779101e+42
7.600000e-15 -1.660342e+21 2.756736e+42
7.610000e-15 -1.653611e+21 2.734430e+42
7.620000e-15 -1.646871e+21 2.712185e+42
7.630000e-15 -1.640122e+21 2.690001e+42
7.640000e-15 -1.633364e+21 2.667879e+42
7.650000e-15 -1.626597e+21 2.645819e+42
7.660000e-15 -1.619822e+21 2.623823e+42
7.670000e-15 -1.613038e+21 2.601890e+42
7.680000e-15 -1.606245e+21 2.580022e+42
7.690000e-15 -1.599443e+21 2.558219e+42
7.700000e-15 -1.592634e+21 2.536482e+42
7.710000e-15 -1.585816e+21 2.514812e+42
7.720000e-15 -1.578990e+21 2.493208e+42
7.730000e-15 -1.572155e+21 2.471672e+42
7.740000e-15 -1.565313e+21 2.450205e+42
7.750000e-15 -1.558463e+21 2.428807e+42
7.760000e-15 -1.551605e+21 2.407478e+42
7.770000e-15 -1.544739e+21 2.386219e+42
7.780000e-15 -1.537866e+21 2.365032e+42
7.790000e-15 -1.530985e+21 2.343916e+42
7.800000e-15 -1.524097e+21 2.322872e+42
7.810000e-15 -1.517201e+21 2.301900e+42
7.820000e-15 -1.510299e+21 2.281002e+42
7.830000e-15 -1.503389e+21 2.260178e+42
7.840000e-15 -1.496472e+21 2.239428e+42
7.850000e-15 -1.489548e+21 2.218753e+42
7.860000e-15 -1.482617e+21 2.198154e+42
7.870000e-15 -1.475680e+21 2.177631e+42
7.880000e-15 -1.468736e+21 2.157184e+42
7.890000e-15 -1.461785e+21 2.136815e+42
7.900000e-15 -1.454828e+21 2.116524e+42
7.910000e-15 -1.447864e+21 2.096311e+42
7.920000e-15 -1.440894e+21 2.076176e+42
7.930000e-15 -1.433918e+21 2.056122e+42
7.940000e-15 -1.426936e+21 2.036147e+42
7.950000e-15 -1.419948e+21 2.016253e+42
7.960000e-15 -1.412954e+21 1.996440e+42
7.970000e-15 -1.405955e+21 1.976708e+42
7.980000e-15 -1.398949e+21 1.957059e+42
7.990000e-15 -1.391938e+21 1.937492e+42
8.000000e-15 -1.384921e+21 1.918008e+42
8.010000e-15 -1.377900e+21 1.898607e+42
8.020000e-15 -1.370872e+21 1.879291e+42
8.030000e-15 -1.363840e+21 1.860059e+42
8.040000e-15 -1.356802e+21 1.840912e+42
8.050000e-15 -1.349760e+21 1.821851e+42
8.060000e-15 -1.342712e+21 1.802875e+42
8.070000e-15 -1.335660e+21 1.783986e+42
8.080000e-15 -1.328602e+21 1.765184e+42
8.090000e-15 -1.321541e+21 1.746470e+42
8.100000e-15 -1.314474e+21 1.727843e+42
8.110000e-15 -1.307404e+21 1.709304e+42
8.120000e-15 -1.300329e+21 1.690854e+42
8.130000e-15 -1.293249e+21 1.672493e+42
8.140000e-15 -1.286166e+21 1.654222e+42
8.150000e-15 -1.279078e+21 1.636041e+42
8.160000e-15 -1.271987e+21 1.617950e+42
8.170000e-15 -1.264891e+21 1.599950e+42
8.180000e-15 -1.257792e+21 1.582041e+42
8.190000e-15 -1.250689e+21 1.564224e+42
8.200000e-15 -1.243583e+21 1.546498e+42
8.210000e-15 -1.236473e+21 1.528866e+42
8.220000e-15 -1.229360e+21 1.511326e+42
8.230000e-15 -1.222243e+21 1.493879e+42
8.240000e-15 -1.215124e+21 1.476526e+42
8.250000e-15 -1.208001e+21 1.459266e+42
8.260000e-15 -1.200875e+21 1.442101e+42
8.270000e-15 -1.193747e+21 1.425031e+42
8.280000e-15 -1.186615e+21 1.408056e+42
8.290000e-15 -1.179481e+21 1.391176e+42
8.300000e-15 -1.172345e+21 1.374392e+42
8.310000e-15 -1.165206e+21 1.357704e+42
8.320000e-15 -1.158064e+21 1.341112e+42
8.330000e-15 -1.150920e+21 1.324617e+42
8.340000e-15 -1.143774e+21 1.308219e+42
8.350000e-15 -1.136626e+21 1.291919e+42
8.360000e-15 -1.129476e+21 1.275716e+42
8.370000e-15 -1.122324e+21 1.259611e+42
8.380000e-15 -1.115170e+21 1.243605e+42
8.390000e-15 -1.108015e+21 1.227697e+42
8.400000e-15 -1.100858e+21 1.211887e+42
8.410000e-15 -1.093699e+21 1.196177e+42
8.420000e-15 -1.086539e+21 1.180567e+42
8.430000e-15 -1.079378e+21 1.165056e+42
8.440000e-15 -1.072215e+21 1.149645e+42
8.450000e-15 -1.065051e+21 1.134335e+42
8.460000e-15 -1.057887e+21 1.119124e+42
8.470000e-15 -1.050721e+21 1.104015e+42
8.480000e-15 -1.043555e+21 1.089006e+42
8.490000e-15 -1.036388e+21 1.074099e+42
8.500000e-15 -1.029220e+21 1.059293e+42
8.510000e-15 -1.022051e+21 1.044589e+42
8.520000e-15 -1.014883e+21 1.029987e+42
8.530000e-15 -1.007713e+21 1.015486e+42
8.540000e-15 -1.000544e+21 1.001089e+42
8.550000e-15 -9.933746e+20 9.867931e+41
8.560000e-15 -9.862051e+20 9.726004e+41
8.570000e-15 -9.790355e+20 9.585106e+41
8.580000e-15 -9.718661e+20 9.445238e+41
8.590000e-15 -9.646970e+20 9.306402e+41
8.600000e-15 -9.575281e+20 9.168601e+41
8.610000e-15 -9.503597e+20 9.031836e+41
8.620000e-15 -9.431918e+20 8.896108e+41
8.630000e-15 -9.360246e+20 8.761420e+41
8.640000e-15 -9.288580e+20 8.627771e+41
8.650000e-15 -9.216922e+20 8.495165e+41
8.660000e-15 -9.145273e+20 8.363602e+41
8.670000e-15 -9.073634e+20 8.233084e+41
8.680000e-15 -9.002006e+20 8.103612e+41
8.690000e-15 -8.930390e+20 7.975187e+41
8.700000e-15 -8.858787e+20 7.847810e+41
8.710000e-15 -8.787197e+20 7.721483e+41
8.720000e-15 -8.715621e+20 7.596206e+41
8.730000e-15 -8.644062e+20 7.471980e+41
8.740000e-15 -8.572518e+20 7.348807e+41
8.750000e-15 -8.500992e+20 7.226687e+41
8.760000e-15 -8.429485e+20 7.105622e+41
8.770000e-15 -8.357997e+20 6.985611e+41
8.780000e-15 -8.286528e+20 6.866655e+41
8.790000e-15 -8.215081e+20 6.748756e+41
8.800000e-15 -8.143657e+20 6.631914e+41
8.810000e-15 -8.072255e+20 6.516129e+41
8.820000e-15 -8.000877e+20 6.401403e+41
8.830000e-15 -7.929523e+20 6.287734e+41
8.840000e-15 -7.858196e+20 6.175124e+41
8.850000e-15 -7.786895e+20 6.063574e+41
8.860000e-15 -7.715622e+20 5.953082e+41
8.870000e-15 -7.644378e+20 5.843651e+41
8.880000e-15 -7.573162e+20 5.735279e+41
8.890000e-15 -7.501978e+20 5.627967e+41
8.900000e-15 -7.430824e+20 5.521715e+41
8.910000e-15 -7.359703e+20 5.416523e+41
8.920000e-15 -7.288615e+20 5.312391e+41
8.930000e-15 -7.217561e+20 5.209319e+41
8.940000e-15 -7.146542e+20 5.107307e+41
8.950000e-15 -7.075559e+20 5.006354e+41
8.960000e-15 -7.004613e+20 4.906461e+41
8.970000e-15 -6.933705e+20 4.807626e+41
8.980000e-15 -6.862835e+20 4.709851e+41
8.990000e-15 -6.792005e+20 4.613133e+41
9.000000e-15 -6.721216e+20 4.517474e+41
9.010000e-15 -6.650468e+20 4.422872e+41
9.020000e-15 -6.579762e+20 4.329327e+41
9.030000e-15 -6.509100e+20 4.236838e+41
9.040000e-15 -6.438481e+20 4.145404e+41
9.050000e-15 -6.367908e+20 4.055026e+41
9.060000e-15 -6.297381e+20 3.965701e+41
9.070000e-15 -6.226901e+20 3.877430e+41
9.080000e-15 -6.156469e+20 3.790211e+41
9.090000e-15 -6.086086e+20 3.704044e+41
9.100000e-15 -6.015752e+20 3.618927e+41
9.110000e-15 -5.945469e+20 3.534860e+41
9.120000e-15 -5.875238e+20 3.451842e+41
9.130000e-15 -5.805059e+20 3.369870e+41
9.140000e-15 -5.734933e+20 3.288945e+41
9.150000e-15 -5.664861e+20 3.209065e+41
9.160000e-15 -5.594845e+20 3.130229e+41
9.170000e-15 -5.524885e+20 3.052435e+41
9.180000e-15 -5.454981e+20 2.975682e+41
9.190000e-15 -5.385136e+20 2.899969e+41
9.200000e-15 -5.315349e+20 2.825294e+41
9.210000e-15 -5.245622e+20 2.751656e+41
9.220000e-15 -5.175956e+20 2.679052e+41
9.230000e-15 -5.106351e+20 2.607482e+41
9.240000e-15 -5.036809e+20 2.536944e+41
9.250000e-15 -4.967329e+20 2.467436e+41
9.260000e-15 -4.897914e+20 2.398956e+41
9.270000e-15 -4.828564e+20 2.331503e+41
9.280000e-15 -4.759280e+20 2.265074e+41
9.290000e-15 -4.690062e+20 2.199668e+41
9.300000e-15 -4.620912e+20 2.135283e+41
9.310000e-15 -4.551831e+20 2.071917e+41
9.320000e-15 -4.482819e+20 2.009567e+41
9.330000e-15 -4.413878e+20 1.948232e+41
9.340000e-15 -4.345007e+20 1.887909e+41
9.350000e-15 -4.276209e+20 1.828596e+41
9.360000e-15 -4.207484e+20 1.770292e+41
9.370000e-15 -4.138832e+20 1.712993e+41
9.380000e-15 -4.070255e+20 1.656698e+41
9.390000e-15 -4.001753e+20 1.601403e+41
9.400000e-15 -3.933328e+20 1.547107e+41
9.410000e-15 -3.864980e+20 1.493807e+41
9.420000e-15 -3.796710e+20 1.441501e+41
9.430000e-15 -3.728519e+20 1.390186e+41
9.440000e-15 -3.660408e+20 1.339859e+41
9.450000e-15 -3.592378e+20 1.290518e+41
9.460000e-15 -3.524428e+20 1.242160e+41
9.470000e-15 -3.456561e+20 1.194782e+41
9.480000e-15 -3.388778e+20 1.148381e+41
9.490000e-15 -3.321078e+20 1.102956e+41
9.500000e-15 -3.253463e+20 1.058502e+41
9.510000e-15 -3.185933e+20 1.015017e+41
9.520000e-15 -3.118490e+20 9.724980e+40
9.530000e-15 -3.051134e+20 9.309420e+40
9.540000e-15 -2.983866e+20 8.903459e+40
9.550000e-15 -2.916688e+20 8.507067e+40
9.560000e-15 -2.849598e+20 8.120212e+40
9.570000e-15 -2.782600e+20 7.742862e+40
9.580000e-15 -2.715693e+20 7.374987e+40
9.590000e-15 -2.648878e+20 7.016553e+40
9.600000e-15 -2.582156e+20 6.667527e+40
9.610000e-15 -2.515527e+20 6.327877e+40
9.620000e-15 -2.448994e+20 5.997569e+40
9.630000e-15 -2.382555e+20 5.676570e+40
9.640000e-15 -2.316213e+20 5.364843e+40
9.650000e-15 -2.249968e+20 5.062356e+40
9.660000e-15 -2.183821e+20 4.769073e+40
9.670000e-15 -2.117772e+20 4.484958e+40
9.680000e-15 -2.051823e+20 4.209976e+40
9.690000e-15 -1.985973e+20 3.944091e+40
9.700000e-15 -1.920225e+20 3.687265e+40
9.710000e-15 -1.854579e+20 3.439463e+40
9.720000e-15 -1.789035e+20 3.200646e+40
9.730000e-15 -1.723595e+20 2.970778e+40
9.740000e-15 -1.658258e+20 2.749820e+40
9.750000e-15 -1.593027e+20 2.537734e+40
9.760000e-15 -1.527901e+20 2.334482e+40
9.770000e-15 -1.462882e+20 2.140023e+40
9.780000e-15 -1.397970e+20 1.954319e+40
9.790000e-15 -1.333166e+20 1.777331e+40
9.800000e-15 -1.268471e+20 1.609018e+40
9.810000e-15 -1.203885e+20 1.449340e+40
9.820000e-15 -1.139410e+20 1.298255e+40
9.830000e-15 -1.075046e+20 1.155724e+40
9.840000e-15 -1.010794e+20 1.021704e+40
9.850000e-15 -9.466546e+19 8.961549e+39
9.860000e-15 -8.826287e+19 7.790334e+39
9.870000e-15 -8.187170e+19 6.702975e+39
9.880000e-15 -7.549203e+19 5.699046e+39
9.890000e-15 -6.912393e+19 4.778118e+39
9.900000e-15 -6.276749e+19 3.939757e+39
9.910000e-15 -5.642277e+19 3.183529e+39
9.920000e-15 -5.008986e+19 2.508994e+39
9.930000e-15 -4.376882e+19 1.915710e+39
9.940000e-15 -3.745974e+19 1.403232e+39
9.950000e-15 -3.116269e+19 9.711135e+38
9.960000e-15 -2.487775e+19 6.189024e+38
9.970000e-15 -1.860498e+19 3.461454e+38
9.980000e-15 -1.234447e+19 1.523860e+38
9.990000e-15 -6.096288e+18 3.716473e+37
1.000000e-14 1.394929e+17 1.945828e+34
