0.000000e+00 nan nan
1.000000e-17 2.622592e+20 6.877989e+40
2.000000e-17 5.244197e+20 2.750160e+41
3.000000e-17 7.863828e+20 6.183979e+41
4.000000e-17 1.048050e+21 1.098409e+42
5.000000e-17 1.309323e+21 1.714326e+42
6.000000e-17 1.570103e+21 2.465223e+42
7.000000e-17 1.830292e+21 3.349971e+42
8.000000e-17 2.089794e+21 4.367237e+42
9.000000e-17 2.348509e+21 5.515493e+42
1.000000e-16 2.606341e+21 6.793013e+42
1.100000e-16 2.863193e+21 8.197876e+42
1.200000e-16 3.118970e+21 9.727973e+42
1.300000e-16 3.373575e+21 1.138100e+43
1.400000e-16 3.626912e+21 1.315449e+43
1.500000e-16 3.878888e+21 1.504577e+43
1.600000e-16 4.129409e+21 1.705201e+43
1.700000e-16 4.378380e+21 1.917021e+43
1.800000e-16 4.625709e+21 2.139718e+43
1.900000e-16 4.871304e+21 2.372961e+43
2.000000e-16 5.115075e+21 2.616399e+43
2.100000e-16 5.356930e+21 2.869670e+43
2.200000e-16 5.596780e+21 3.132394e+43
2.300000e-16 5.834536e+21 3.404181e+43
2.400000e-16 6.070112e+21 3.684626e+43
2.500000e-16 6.303419e+21 3.973310e+43
2.600000e-16 6.534373e+21 4.269804e+43
2.700000e-16 6.762889e+21 4.573667e+43
2.800000e-16 6.988883e+21 4.884449e+43
2.900000e-16 7.212274e+21 5.201689e+43
3.000000e-16 7.432979e+21 5.524917e+43
3.100000e-16 7.650918e+21 5.853655e+43
3.200000e-16 7.866014e+21 6.187417e+43
3.300000e-16 8.078188e+21 6.525712e+43
3.400000e-16 8.287364e+21 6.868040e+43
3.500000e-16 8.493468e+21 7.213899e+43
3.600000e-16 8.696425e+21 7.562781e+43
3.700000e-16 8.896164e+21 7.914174e+43
3.800000e-16 9.092614e+21 8.267564e+43
3.900000e-16 9.285707e+21 8.622435e+43
4.000000e-16 9.475373e+21 8.978270e+43
4.100000e-16 9.661548e+21 9.334550e+43
4.200000e-16 9.844166e+21 9.690760e+43
4.300000e-16 1.002316e+22 1.004638e+44
4.400000e-16 1.019848e+22 1.040090e+44
4.500000e-16 1.037006e+22 1.075381e+44
4.600000e-16 1.053783e+22 1.110460e+44
4.700000e-16 1.070176e+22 1.145276e+44
4.800000e-16 1.086177e+22 1.179780e+44
4.900000e-16 1.101782e+22 1.213923e+44
5.000000e-16 1.116985e+22 1.247656e+44
5.100000e-16 1.131782e+22 1.280930e+44
5.200000e-16 1.146168e+22 1.313701e+44
5.300000e-16 1.160138e+22 1.345920e+44
5.400000e-16 1.173688e+22 1.377543e+44
5.500000e-16 1.186813e+22 1.408525e+44
5.600000e-16 1.199510e+22 1.438824e+44
5.700000e-16 1.211775e+22 1.468398e+44
5.800000e-16 1.223603e+22 1.497205e+44
5.900000e-16 1.234993e+22 1.525207e+44
6.000000e-16 1.245939e+22 1.552364e+44
6.100000e-16 1.256440e+22 1.578641e+44
6.200000e-16 1.266492e+22 1.604002e+44
6.300000e-16 1.276093e+22 1.628413e+44
6.400000e-16 1.285240e+22 1.651841e+44
6.500000e-16 1.293930e+22 1.674255e+44
6.600000e-16 1.302163e+22 1.695627e+44
6.700000e-16 1.309935e+22 1.715929e+44
6.800000e-16 1.317245e+22 1.735134e+44
6.900000e-16 1.324092e+22 1.753219e+44
7.000000e-16 1.330474e+22 1.770161e+44
7.100000e-16 1.336390e+22 1.785939e+44
7.200000e-16 1.341840e+22 1.800534e+44
7.300000e-16 1.346822e+22 1.813930e+44
7.400000e-16 1.351336e+22 1.826110e+44
7.500000e-16 1.355382e+22 1.837061e+44
7.600000e-16 1.358960e+22 1.846772e+44
7.700000e-16 1.362069e+22 1.855233e+44
7.800000e-16 1.364711e+22 1.862435e+44
7.900000e-16 1.366885e+22 1.868374e+44
8.000000e-16 1.368592e+22 1.873044e+44
8.100000e-16 1.369833e+22 1.876443e+44
8.200000e-16 1.370610e+22 1.878571e+44
8.300000e-16 1.370923e+22 1.879430e+44
8.400000e-16 1.370774e+22 1.879021e+44
8.500000e-16 1.370165e+22 1.877351e+44
8.600000e-16 1.369097e+22 1.874427e+44
8.700000e-16 1.367573e+22 1.870255e+44
8.800000e-16 1.365595e+22 1.864848e+44
8.900000e-16 1.363165e+22 1.858218e+44
9.000000e-16 1.360285e+22 1.850376e+44
9.100000e-16 1.356960e+22 1.841341e+44
9.200000e-16 1.353191e+22 1.831127e+44
9.300000e-16 1.348983e+22 1.819754e+44
9.400000e-16 1.344337e+22 1.807243e+44
9.500000e-16 1.339259e+22 1.793614e+44
9.600000e-16 1.333751e+22 1.778891e+44
9.700000e-16 1.327817e+22 1.763098e+44
9.800000e-16 1.321462e+22 1.746262e+44
9.900000e-16 1.314690e+22 1.728409e+44
1.000000e-15 1.307505e+22 1.709568e+44
1.010000e-15 1.299911e+22 1.689769e+44
1.020000e-15 1.291914e+22 1.669043e+44
1.030000e-15 1.283519e+22 1.647421e+44
1.040000e-15 1.274730e+22 1.624936e+44
1.050000e-15 1.265553e+22 1.601623e+44
1.060000e-15 1.255992e+22 1.577517e+44
1.070000e-15 1.246055e+22 1.552652e+44
1.080000e-15 1.235745e+22 1.527066e+44
1.090000e-15 1.225070e+22 1.500796e+44
1.100000e-15 1.214034e+22 1.473879e+44
1.110000e-15 1.202645e+22 1.446355e+44
1.120000e-15 1.190908e+22 1.418261e+44
1.130000e-15 1.178829e+22 1.389639e+44
1.140000e-15 1.166416e+22 1.360527e+44
1.150000e-15 1.153675e+22 1.330965e+44
1.160000e-15 1.140612e+22 1.300995e+44
1.170000e-15 1.127234e+22 1.270657e+44
1.180000e-15 1.113549e+22 1.239991e+44
1.190000e-15 1.099563e+22 1.209039e+44
1.200000e-15 1.085284e+22 1.177841e+44
1.210000e-15 1.070718e+22 1.146438e+44
1.220000e-15 1.055874e+22 1.114870e+44
1.230000e-15 1.040759e+22 1.083179e+44
1.240000e-15 1.025379e+22 1.051403e+44
1.250000e-15 1.009744e+22 1.019584e+44
1.260000e-15 9.938609e+21 9.877595e+43
1.270000e-15 9.777370e+21 9.559697e+43
1.280000e-15 9.613806e+21 9.242527e+43
1.290000e-15 9.447997e+21 8.926464e+43
1.300000e-15 9.280022e+21 8.611881e+43
1.310000e-15 9.109963e+21 8.299143e+43
1.320000e-15 8.937903e+21 7.988610e+43
1.330000e-15 8.763922e+21 7.680633e+43
1.340000e-15 8.588105e+21 7.375554e+43
1.350000e-15 8.410533e+21 7.073707e+43
1.360000e-15 8.231292e+21 6.775417e+43
1.370000e-15 8.050465e+21 6.480999e+43
1.380000e-15 7.868137e+21 6.190758e+43
1.390000e-15 7.684392e+21 5.904988e+43
1.400000e-15 7.499316e+21 5.623975e+43
1.410000e-15 7.312995e+21 5.347989e+43
1.420000e-15 7.125512e+21 5.077293e+43
1.430000e-15 6.936956e+21 4.812135e+43
1.440000e-15 6.747410e+21 4.552754e+43
1.450000e-15 6.556961e+21 4.299374e+43
1.460000e-15 6.365696e+21 4.052208e+43
1.470000e-15 6.173699e+21 3.811455e+43
1.480000e-15 5.981056e+21 3.577303e+43
1.490000e-15 5.787854e+21 3.349926e+43
1.500000e-15 5.594178e+21 3.129483e+43
1.510000e-15 5.400113e+21 2.916122e+43
1.520000e-15 5.205745e+21 2.709978e+43
1.530000e-15 5.011158e+21 2.511171e+43
1.540000e-15 4.816438e+21 2.319807e+43
1.550000e-15 4.621667e+21 2.135981e+43
1.560000e-15 4.426931e+21 1.959772e+43
1.570000e-15 4.232313e+21 1.791247e+43
1.580000e-15 4.037895e+21 1.630460e+43
1.590000e-15 3.843761e+21 1.477450e+43
1.600000e-15 3.649992e+21 1.332244e+43
1.610000e-15 3.456669e+21 1.194856e+43
1.620000e-15 3.263874e+21 1.065287e+43
1.630000e-15 3.071686e+21 9.435254e+42
1.640000e-15 2.880185e+21 8.295466e+42
1.650000e-15 2.689450e+21 7.233140e+42
1.660000e-15 2.499558e+21 6.247791e+42
1.670000e-15 2.310587e+21 5.338813e+42
1.680000e-15 2.122613e+21 4.505487e+42
1.690000e-15 1.935712e+21 3.746981e+42
1.700000e-15 1.749958e+21 3.062352e+42
1.710000e-15 1.565424e+21 2.450552e+42
1.720000e-15 1.382184e+21 1.910431e+42
1.730000e-15 1.200308e+21 1.440740e+42
1.740000e-15 1.019868e+21 1.040131e+42
1.750000e-15 8.409336e+20 7.071693e+41
1.760000e-15 6.635724e+20 4.403284e+41
1.770000e-15 4.878522e+20 2.379998e+41
1.780000e-15 3.138391e+20 9.849495e+40
1.790000e-15 1.415980e+20 2.005000e+40
1.800000e-15 -2.880710e+19 8.298489e+38
1.810000e-15 -1.973138e+20 3.893272e+40
1.820000e-15 -3.638607e+20 1.323946e+41
1.830000e-15 -5.283878e+20 2.791937e+41
1.840000e-15 -6.908364e+20 4.772550e+41
1.850000e-15 -8.511493e+20 7.244550e+41
1.860000e-15 -1.009270e+21 1.018626e+42
1.870000e-15 -1.165145e+21 1.357562e+42
1.880000e-15 -1.318720e+21 1.739021e+42
1.890000e-15 -1.469943e+21 2.160732e+42
1.900000e-15 -1.618764e+21 2.620398e+42
1.910000e-15 -1.765135e+21 3.115703e+42
1.920000e-15 -1.909008e+21 3.644312e+42
1.930000e-15 -2.050337e+21 4.203881e+42
1.940000e-15 -2.189077e+21 4.792058e+42
1.950000e-15 -2.325186e+21 5.406491e+42
1.960000e-15 -2.458623e+21 6.044826e+42
1.970000e-15 -2.589347e+21 6.704718e+42
1.980000e-15 -2.717321e+21 7.383833e+42
1.990000e-15 -2.842508e+21 8.079851e+42
2.000000e-15 -2.964873e+21 8.790471e+42
2.010000e-15 -3.084382e+21 9.513415e+42
2.020000e-15 -3.201005e+21 1.024643e+43
2.030000e-15 -3.314710e+21 1.098730e+43
2.040000e-15 -3.425470e+21 1.173384e+43
2.050000e-15 -3.533257e+21 1.248390e+43
2.060000e-15 -3.638046e+21 1.323538e+43
2.070000e-15 -3.739814e+21 1.398621e+43
2.080000e-15 -3.838539e+21 1.473438e+43
2.090000e-15 -3.934201e+21 1.547794e+43
2.100000e-15 -4.026781e+21 1.621496e+43
2.110000e-15 -4.116262e+21 1.694361e+43
2.120000e-15 -4.202628e+21 1.766209e+43
2.130000e-15 -4.285868e+21 1.836866e+43
2.140000e-15 -4.365967e+21 1.906167e+43
2.150000e-15 -4.442917e+21 1.973951e+43
2.160000e-15 -4.516708e+21 2.040065e+43
2.170000e-15 -4.587334e+21 2.104364e+43
2.180000e-15 -4.654790e+21 2.166707e+43
2.190000e-15 -4.719070e+21 2.226962e+43
2.200000e-15 -4.780175e+21 2.285007e+43
2.210000e-15 -4.838102e+21 2.340723e+43
2.220000e-15 -4.892853e+21 2.394001e+43
2.230000e-15 -4.944432e+21 2.444740e+43
2.240000e-15 -4.992841e+21 2.492846e+43
2.250000e-15 -5.038088e+21 2.538233e+43
2.260000e-15 -5.080180e+21 2.580822e+43
2.270000e-15 -5.119124e+21 2.620544e+43
2.280000e-15 -5.154934e+21 2.657334e+43
2.290000e-15 -5.187619e+21 2.691139e+43
2.300000e-15 -5.217194e+21 2.721911e+43
2.310000e-15 -5.243673e+21 2.749611e+43
2.320000e-15 -5.267074e+21 2.774206e+43
2.330000e-15 -5.287413e+21 2.795674e+43
2.340000e-15 -5.304711e+21 2.813996e+43
2.350000e-15 -5.318987e+21 2.829163e+43
2.360000e-15 -5.330265e+21 2.841172e+43
2.370000e-15 -5.338567e+21 2.850030e+43
2.380000e-15 -5.343918e+21 2.855746e+43
2.390000e-15 -5.346344e+21 2.858339e+43
2.400000e-15 -5.345872e+21 2.857835e+43
2.410000e-15 -5.342531e+21 2.854264e+43
2.420000e-15 -5.336351e+21 2.847664e+43
2.430000e-15 -5.327362e+21 2.838079e+43
2.440000e-15 -5.315597e+21 2.825557e+43
2.450000e-15 -5.301089e+21 2.810154e+43
2.460000e-15 -5.283871e+21 2.791930e+43
2.470000e-15 -5.263981e+21 2.770949e+43
2.480000e-15 -5.241453e+21 2.747283e+43
2.490000e-15 -5.216325e+21 2.721005e+43
2.500000e-15 -5.188636e+21 2.692194e+43
2.510000e-15 -5.158425e+21 2.660935e+43
2.520000e-15 -5.125733e+21 2.627314e+43
2.530000e-15 -5.090600e+21 2.591421e+43
2.540000e-15 -5.053069e+21 2.553350e+43
2.550000e-15 -5.013181e+21 2.513199e+43
2.560000e-15 -4.970982e+21 2.471066e+43
2.570000e-15 -4.926515e+21 2.427055e+43
2.580000e-15 -4.879825e+21 2.381270e+43
2.590000e-15 -4.830959e+21 2.333816e+43
2.600000e-15 -4.779961e+21 2.284803e+43
2.610000e-15 -4.726880e+21 2.234340e+43
2.620000e-15 -4.671763e+21 2.182537e+43
2.630000e-15 -4.614657e+21 2.129506e+43
2.640000e-15 -4.555613e+21 2.075361e+43
2.650000e-15 -4.494677e+21 2.020212e+43
2.660000e-15 -4.431901e+21 1.964175e+43
2.670000e-15 -4.367334e+21 1.907360e+43
2.680000e-15 -4.301025e+21 1.849882e+43
2.690000e-15 -4.233027e+21 1.791852e+43
2.700000e-15 -4.163389e+21 1.733381e+43
2.710000e-15 -4.092163e+21 1.674580e+43
2.720000e-15 -4.019399e+21 1.615557e+43
2.730000e-15 -3.945151e+21 1.556421e+43
2.740000e-15 -3.869468e+21 1.497278e+43
2.750000e-15 -3.792404e+21 1.438233e+43
2.760000e-15 -3.714009e+21 1.379386e+43
2.770000e-15 -3.634337e+21 1.320840e+43
2.780000e-15 -3.553438e+21 1.262692e+43
2.790000e-15 -3.471365e+21 1.205038e+43
2.800000e-15 -3.388171e+21 1.147970e+43
2.810000e-15 -3.303906e+21 1.091579e+43
2.820000e-15 -3.218622e+21 1.035953e+43
2.830000e-15 -3.132372e+21 9.811754e+42
2.840000e-15 -3.045207e+21 9.273283e+42
2.850000e-15 -2.957177e+21 8.744897e+42
2.860000e-15 -2.868335e+21 8.227346e+42
2.870000e-15 -2.778731e+21 7.721347e+42
2.880000e-15 -2.688416e+21 7.227580e+42
2.890000e-15 -2.597440e+21 6.746693e+42
2.900000e-15 -2.505853e+21 6.279298e+42
2.910000e-15 -2.413704e+21 5.825969e+42
2.920000e-15 -2.321044e+21 5.387247e+42
2.930000e-15 -2.227921e+21 4.963633e+42
2.940000e-15 -2.134384e+21 4.555594e+42
2.950000e-15 -2.040480e+21 4.163559e+42
2.960000e-15 -1.946258e+21 3.787918e+42
2.970000e-15 -1.851764e+21 3.429028e+42
2.980000e-15 -1.757045e+21 3.087207e+42
2.990000e-15 -1.662148e+21 2.762734e+42
3.000000e-15 -1.567117e+21 2.455856e+42
3.010000e-15 -1.471999e+21 2.166781e+42
3.020000e-15 -1.376838e+21 1.895682e+42
3.030000e-15 -1.281677e+21 1.642696e+42
3.040000e-15 -1.186560e+21 1.407925e+42
3.050000e-15 -1.091531e+21 1.191439e+42
3.060000e-15 -9.966299e+20 9.932712e+41
3.070000e-15 -9.018998e+20 8.134233e+41
3.080000e-15 -8.073812e+20 6.518644e+41
3.090000e-15 -7.131144e+20 5.085321e+41
3.100000e-15 -6.191389e+20 3.833330e+41
3.110000e-15 -5.254937e+20 2.761436e+41
3.120000e-15 -4.322169e+20 1.868115e+41
3.130000e-15 -3.393463e+20 1.151559e+41
3.140000e-15 -2.469186e+20 6.096879e+40
3.150000e-15 -1.549700e+20 2.401570e+40
3.160000e-15 -6.353591e+19 4.036812e+39
3.170000e-15 2.734888e+19 7.479611e+38
3.180000e-15 1.176503e+20 1.384160e+40
3.190000e-15 2.073352e+20 4.298789e+40
3.200000e-15 2.963709e+20 8.783568e+40
3.210000e-15 3.847255e+20 1.480137e+41
3.220000e-15 4.723679e+20 2.231314e+41
3.230000e-15 5.592677e+20 3.127804e+41
3.240000e-15 6.453953e+20 4.165351e+41
3.250000e-15 7.307217e+20 5.339542e+41
3.260000e-15 8.152187e+20 6.645816e+41
3.270000e-15 8.988589e+20 8.079473e+41
3.280000e-15 9.816155e+20 9.635689e+41
3.290000e-15 1.063462e+21 1.130952e+42
3.300000e-15 1.144374e+21 1.309593e+42
3.310000e-15 1.224327e+21 1.498977e+42
3.320000e-15 1.303296e+21 1.698581e+42
3.330000e-15 1.381259e+21 1.907877e+42
3.340000e-15 1.458193e+21 2.126327e+42
3.350000e-15 1.534077e+21 2.353391e+42
3.360000e-15 1.608888e+21 2.588522e+42
3.370000e-15 1.682608e+21 2.831171e+42
3.380000e-15 1.755217e+21 3.080787e+42
3.390000e-15 1.826695e+21 3.336816e+42
3.400000e-15 1.897025e+21 3.598704e+42
3.410000e-15 1.966189e+21 3.865898e+42
3.420000e-15 2.034169e+21 4.137845e+42
3.430000e-15 2.100951e+21 4.413994e+42
3.440000e-15 2.166518e+21 4.693799e+42
3.450000e-15 2.230855e+21 4.976714e+42
3.460000e-15 2.293948e+21 5.262200e+42
3.470000e-15 2.355785e+21 5.549721e+42
3.480000e-15 2.416350e+21 5.838750e+42
3.490000e-15 2.475634e+21 6.128762e+42
3.500000e-15 2.533623e+21 6.419244e+42
3.510000e-15 2.590306e+21 6.709686e+42
3.520000e-15 2.645674e+21 6.999591e+42
3.530000e-15 2.699716e+21 7.288467e+42
3.540000e-15 2.752423e+21 7.575833e+42
3.550000e-15 2.803787e+21 7.861219e+42
3.560000e-15 2.853798e+21 8.144165e+42
3.570000e-15 2.902451e+21 8.424220e+42
3.580000e-15 2.949737e+21 8.700948e+42
3.590000e-15 2.995650e+21 8.973922e+42
3.600000e-15 3.040186e+21 9.242728e+42
3.610000e-15 3.083337e+21 9.506966e+42
3.620000e-15 3.125099e+21 9.766247e+42
3.630000e-15 3.165469e+21 1.002020e+43
3.640000e-15 3.204443e+21 1.026845e+43
3.650000e-15 3.242016e+21 1.051067e+43
3.660000e-15 3.278188e+21 1.074651e+43
3.670000e-15 3.312954e+21 1.097567e+43
3.680000e-15 3.346314e+21 1.119782e+43
3.690000e-15 3.378267e+21 1.141269e+43
3.700000e-15 3.408812e+21 1.162000e+43
3.710000e-15 3.437947e+21 1.181948e+43
3.720000e-15 3.465675e+21 1.201090e+43
3.730000e-15 3.491995e+21 1.219403e+43
3.740000e-15 3.516908e+21 1.236864e+43
3.750000e-15 3.540417e+21 1.253455e+43
3.760000e-15 3.562522e+21 1.269157e+43
3.770000e-15 3.583227e+21 1.283952e+43
3.780000e-15 3.602535e+21 1.297826e+43
3.790000e-15 3.620448e+21 1.310764e+43
3.800000e-15 3.636970e+21 1.322755e+43
3.810000e-15 3.652107e+21 1.333788e+43
3.820000e-15 3.665861e+21 1.343853e+43
3.830000e-15 3.678238e+21 1.352943e+43
3.840000e-15 3.689243e+21 1.361051e+43
3.850000e-15 3.698882e+21 1.368173e+43
3.860000e-15 3.707162e+21 1.374305e+43
3.870000e-15 3.714088e+21 1.379445e+43
3.880000e-15 3.719667e+21 1.383593e+43
3.890000e-15 3.723908e+21 1.386749e+43
3.900000e-15 3.726816e+21 1.388916e+43
3.910000e-15 3.728400e+21 1.390097e+43
3.920000e-15 3.728669e+21 1.390297e+43
3.930000e-15 3.727630e+21 1.389523e+43
3.940000e-15 3.725293e+21 1.387781e+43
3.950000e-15 3.721668e+21 1.385081e+43
3.960000e-15 3.716763e+21 1.381433e+43
3.970000e-15 3.710588e+21 1.376847e+43
3.980000e-15 3.703155e+21 1.371336e+43
3.990000e-15 3.694473e+21 1.364913e+43
4.000000e-15 3.684553e+21 1.357593e+43
4.010000e-15 3.673406e+21 1.349391e+43
4.020000e-15 3.661044e+21 1.340324e+43
4.030000e-15 3.647479e+21 1.330410e+43
4.040000e-15 3.632721e+21 1.319667e+43
4.050000e-15 3.616785e+21 1.308113e+43
4.060000e-15 3.599682e+21 1.295771e+43
4.070000e-15 3.581425e+21 1.282661e+43
4.080000e-15 3.562027e+21 1.268804e+43
4.090000e-15 3.541502e+21 1.254224e+43
4.100000e-15 3.519863e+21 1.238943e+43
4.110000e-15 3.497124e+21 1.222987e+43
4.120000e-15 3.473298e+21 1.206380e+43
4.130000e-15 3.448401e+21 1.189147e+43
4.140000e-15 3.422447e+21 1.171314e+43
4.150000e-15 3.395450e+21 1.152908e+43
4.160000e-15 3.367426e+21 1.133956e+43
4.170000e-15 3.338390e+21 1.114485e+43
4.180000e-15 3.308357e+21 1.094523e+43
4.190000e-15 3.277343e+21 1.074097e+43
4.200000e-15 3.245363e+21 1.053238e+43
4.210000e-15 3.212434e+21 1.031973e+43
4.220000e-15 3.178571e+21 1.010331e+43
4.230000e-15 3.143792e+21 9.883426e+42
4.240000e-15 3.108112e+21 9.660359e+42
4.250000e-15 3.071548e+21 9.434410e+42
4.260000e-15 3.034118e+21 9.205874e+42
4.270000e-15 2.995838e+21 8.975048e+42
4.280000e-15 2.956726e+21 8.742229e+42
4.290000e-15 2.916798e+21 8.507713e+42
4.300000e-15 2.876073e+21 8.271796e+42
4.310000e-15 2.834568e+21 8.034774e+42
4.320000e-15 2.792300e+21 7.796939e+42
4.330000e-15 2.749288e+21 7.558583e+42
4.340000e-15 2.705549e+21 7.319996e+42
4.350000e-15 2.661102e+21 7.081465e+42
4.360000e-15 2.615965e+21 6.843274e+42
4.370000e-15 2.570156e+21 6.605704e+42
4.380000e-15 2.523694e+21 6.369033e+42
4.390000e-15 2.476597e+21 6.133535e+42
4.400000e-15 2.428884e+21 5.899480e+42
4.410000e-15 2.380574e+21 5.667133e+42
4.420000e-15 2.331685e+21 5.436754e+42
4.430000e-15 2.282236e+21 5.208601e+42
4.440000e-15 2.232246e+21 4.982922e+42
4.450000e-15 2.181734e+21 4.759965e+42
4.460000e-15 2.130720e+21 4.539967e+42
4.470000e-15 2.079221e+21 4.323161e+42
4.480000e-15 2.027258e+21 4.109776e+42
4.490000e-15 1.974850e+21 3.900032e+42
4.500000e-15 1.922015e+21 3.694143e+42
4.510000e-15 1.868774e+21 3.492315e+42
4.520000e-15 1.815144e+21 3.294748e+42
4.530000e-15 1.761146e+21 3.101636e+42
4.540000e-15 1.706799e+21 2.913164e+42
4.550000e-15 1.652122e+21 2.729509e+42
4.560000e-15 1.597135e+21 2.550841e+42
4.570000e-15 1.541857e+21 2.377322e+42
4.580000e-15 1.486306e+21 2.209106e+42
4.590000e-15 1.430503e+21 2.046339e+42
4.600000e-15 1.374466e+21 1.889158e+42
4.610000e-15 1.318216e+21 1.737693e+42
4.620000e-15 1.261770e+21 1.592065e+42
4.630000e-15 1.205149e+21 1.452385e+42
4.640000e-15 1.148371e+21 1.318757e+42
4.650000e-15 1.091456e+21 1.191277e+42
4.660000e-15 1.034423e+21 1.070030e+42
4.670000e-15 9.772896e+20 9.550949e+41
4.680000e-15 9.200760e+20 8.465399e+41
4.690000e-15 8.628009e+20 7.444255e+41
4.700000e-15 8.054831e+20 6.488030e+41
4.710000e-15 7.481411e+20 5.597152e+41
4.720000e-15 6.907938e+20 4.771961e+41
4.730000e-15 6.334597e+20 4.012712e+41
4.740000e-15 5.761572e+20 3.319571e+41
4.750000e-15 5.189048e+20 2.692622e+41
4.760000e-15 4.617207e+20 2.131860e+41
4.770000e-15 4.046232e+20 1.637199e+41
4.780000e-15 3.476302e+20 1.208468e+41
4.790000e-15 2.907599e+20 8.454133e+40
4.800000e-15 2.340301e+20 5.477007e+40
4.810000e-15 1.774584e+20 3.149147e+40
4.820000e-15 1.210625e+20 1.465612e+40
4.830000e-15 6.485985e+19 4.206800e+39
4.840000e-15 8.867828e+18 7.863838e+37
4.850000e-15 -4.689638e+19 2.199270e+39
4.860000e-15 -1.024157e+20 1.048898e+40
4.870000e-15 -1.576733e+20 2.486085e+40
4.880000e-15 -2.126523e+20 4.522098e+40
4.890000e-15 -2.673361e+20 7.146859e+40
4.900000e-15 -3.217084e+20 1.034963e+41
4.910000e-15 -3.757528e+20 1.411901e+41
4.920000e-15 -4.294532e+20 1.844300e+41
4.930000e-15 -4.827937e+20 2.330898e+41
4.940000e-15 -5.357586e+20 2.870372e+41
4.950000e-15 -5.883322e+20 3.461348e+41
4.960000e-15 -6.404992e+20 4.102392e+41
4.970000e-15 -6.922443e+20 4.792022e+41
4.980000e-15 -7.435526e+20 5.528705e+41
4.990000e-15 -7.944093e+20 6.310861e+41
5.000000e-15 -8.447996e+20 7.136864e+41
5.010000e-15 -8.947094e+20 8.005048e+41
5.020000e-15 -9.441242e+20 8.913705e+41
5.030000e-15 -9.930302e+20 9.861089e+41
5.040000e-15 -1.041413e+21 1.084542e+42
5.050000e-15 -1.089261e+21 1.186489e+42
5.060000e-15 -1.136558e+21 1.291765e+42
5.070000e-15 -1.183293e+21 1.400183e+42
5.080000e-15 -1.229453e+21 1.511554e+42
5.090000e-15 -1.275024e+21 1.625686e+42
5.100000e-15 -1.319994e+21 1.742385e+42
5.110000e-15 -1.364352e+21 1.861457e+42
5.120000e-15 -1.408085e+21 1.982705e+42
5.130000e-15 -1.451182e+21 2.105930e+42
5.140000e-15 -1.493631e+21 2.230933e+42
5.150000e-15 -1.535421e+21 2.357516e+42
5.160000e-15 -1.576540e+21 2.485479e+42
5.170000e-15 -1.616979e+21 2.614621e+42
5.180000e-15 -1.656727e+21 2.744743e+42
5.190000e-15 -1.695773e+21 2.875646e+42
5.200000e-15 -1.734108e+21 3.007130e+42
5.210000e-15 -1.771722e+21 3.138998e+42
5.220000e-15 -1.808605e+21 3.271053e+42
5.230000e-15 -1.844749e+21 3.403099e+42
5.240000e-15 -1.880144e+21 3.534943e+42
5.250000e-15 -1.914783e+21 3.666393e+42
5.260000e-15 -1.948656e+21 3.797259e+42
5.270000e-15 -1.981755e+21 3.927354e+42
5.280000e-15 -2.014073e+21 4.056492e+42
5.290000e-15 -2.045603e+21 4.184491e+42
5.300000e-15 -2.076336e+21 4.311173e+42
5.310000e-15 -2.106267e+21 4.436361e+42
5.320000e-15 -2.135388e+21 4.559882e+42
5.330000e-15 -2.163693e+21 4.681567e+42
5.340000e-15 -2.191176e+21 4.801250e+42
5.350000e-15 -2.217830e+21 4.918771e+42
5.360000e-15 -2.243652e+21 5.033972e+42
5.370000e-15 -2.268634e+21 5.146700e+42
5.380000e-15 -2.292773e+21 5.256806e+42
5.390000e-15 -2.316063e+21 5.364147e+42
5.400000e-15 -2.338500e+21 5.468583e+42
5.410000e-15 -2.360080e+21 5.569979e+42
5.420000e-15 -2.380800e+21 5.668207e+42
5.430000e-15 -2.400655e+21 5.763143e+42
5.440000e-15 -2.419642e+21 5.854668e+42
5.450000e-15 -2.437759e+21 5.942667e+42
5.460000e-15 -2.455002e+21 6.027035e+42
5.470000e-15 -2.471369e+21 6.107667e+42
5.480000e-15 -2.486859e+21 6.184468e+42
5.490000e-15 -2.501469e+21 6.257347e+42
5.500000e-15 -2.515198e+21 6.326219e+42
5.510000e-15 -2.528044e+21 6.391005e+42
5.520000e-15 -2.540006e+21 6.451632e+42
5.530000e-15 -2.551085e+21 6.508033e+42
5.540000e-15 -2.561278e+21 6.560146e+42
5.550000e-15 -2.570587e+21 6.607918e+42
5.560000e-15 -2.579011e+21 6.651300e+42
5.570000e-15 -2.586551e+21 6.690249e+42
5.580000e-15 -2.593208e+21 6.724728e+42
5.590000e-15 -2.598982e+21 6.754707e+42
5.600000e-15 -2.603875e+21 6.780164e+42
5.610000e-15 -2.607888e+21 6.801078e+42
5.620000e-15 -2.611023e+21 6.817440e+42
5.630000e-15 -2.613282e+21 6.829242e+42
5.640000e-15 -2.614668e+21 6.836486e+42
5.650000e-15 -2.615182e+21 6.839179e+42
5.660000e-15 -2.614829e+21 6.837331e+42
5.670000e-15 -2.613611e+21 6.830962e+42
5.680000e-15 -2.611531e+21 6.820096e+42
5.690000e-15 -2.608594e+21 6.804763e+42
5.700000e-15 -2.604803e+21 6.784998e+42
5.710000e-15 -2.600162e+21 6.760843e+42
5.720000e-15 -2.594676e+21 6.732344e+42
5.730000e-15 -2.588350e+21 6.699554e+42
5.740000e-15 -2.581188e+21 6.662529e+42
5.750000e-15 -2.573195e+21 6.621334e+42
5.760000e-15 -2.564378e+21 6.576034e+42
5.770000e-15 -2.554741e+21 6.526704e+42
5.780000e-15 -2.544292e+21 6.473420e+42
5.790000e-15 -2.533035e+21 6.416266e+42
5.800000e-15 -2.520977e+21 6.355327e+42
5.810000e-15 -2.508126e+21 6.290695e+42
5.820000e-15 -2.494487e+21 6.222466e+42
5.830000e-15 -2.480068e+21 6.150739e+42
5.840000e-15 -2.464877e+21 6.075618e+42
5.850000e-15 -2.448920e+21 5.997210e+42
5.860000e-15 -2.432206e+21 5.915626e+42
5.870000e-15 -2.414742e+21 5.830981e+42
5.880000e-15 -2.396538e+21 5.743393e+42
5.890000e-15 -2.377600e+21 5.652982e+42
5.900000e-15 -2.357938e+21 5.559872e+42
5.910000e-15 -2.337561e+21 5.464191e+42
5.920000e-15 -2.316477e+21 5.366067e+42
5.930000e-15 -2.294697e+21 5.265632e+42
5.940000e-15 -2.272228e+21 5.163020e+42
5.950000e-15 -2.249081e+21 5.058367e+42
5.960000e-15 -2.225266e+21 4.951810e+42
5.970000e-15 -2.200793e+21 4.843489e+42
5.980000e-15 -2.175671e+21 4.733545e+42
5.990000e-15 -2.149911e+21 4.622119e+42
6.000000e-15 -2.123524e+21 4.509356e+42
6.010000e-15 -2.096520e+21 4.395398e+42
6.020000e-15 -2.068911e+21 4.280391e+42
6.030000e-15 -2.040706e+21 4.164480e+42
6.040000e-15 -2.011917e+21 4.047810e+42
6.050000e-15 -1.982556e+21 3.930528e+42
6.060000e-15 -1.952634e+21 3.812778e+42
6.070000e-15 -1.922162e+21 3.694706e+42
6.080000e-15 -1.891152e+21 3.576456e+42
6.090000e-15 -1.859617e+21 3.458174e+42
6.100000e-15 -1.827567e+21 3.340002e+42
6.110000e-15 -1.795016e+21 3.222082e+42
6.120000e-15 -1.761975e+21 3.104556e+42
6.130000e-15 -1.728457e+21 2.987564e+42
6.140000e-15 -1.694474e+21 2.871243e+42
6.150000e-15 -1.660039e+21 2.755731e+42
6.160000e-15 -1.625165e+21 2.641161e+42
6.170000e-15 -1.589864e+21 2.527668e+42
6.180000e-15 -1.554149e+21 2.415380e+42
6.190000e-15 -1.518034e+21 2.304427e+42
6.200000e-15 -1.481531e+21 2.194934e+42
6.210000e-15 -1.444653e+21 2.087023e+42
6.220000e-15 -1.407414e+21 1.980815e+42
6.230000e-15 -1.369828e+21 1.876428e+42
6.240000e-15 -1.331906e+21 1.773975e+42
6.250000e-15 -1.293664e+21 1.673566e+42
6.260000e-15 -1.255114e+21 1.575311e+42
6.270000e-15 -1.216270e+21 1.479313e+42
6.280000e-15 -1.177146e+21 1.385672e+42
6.290000e-15 -1.137755e+21 1.294486e+42
6.300000e-15 -1.098111e+21 1.205848e+42
6.310000e-15 -1.058228e+21 1.119846e+42
6.320000e-15 -1.018119e+21 1.036567e+42
6.330000e-15 -9.777994e+20 9.560917e+41
6.340000e-15 -9.372817e+20 8.784970e+41
6.350000e-15 -8.965802e+20 8.038561e+41
6.360000e-15 -8.557088e+20 7.322376e+41
6.370000e-15 -8.146814e+20 6.637058e+41
6.380000e-15 -7.735119e+20 5.983207e+41
6.390000e-15 -7.322142e+20 5.361377e+41
6.400000e-15 -6.908023e+20 4.772079e+41
6.410000e-15 -6.492901e+20 4.215776e+41
6.420000e-15 -6.076914e+20 3.692888e+41
6.430000e-15 -5.660202e+20 3.203789e+41
6.440000e-15 -5.242903e+20 2.748803e+41
6.450000e-15 -4.825156e+20 2.328213e+41
6.460000e-15 -4.407100e+20 1.942253e+41
6.470000e-15 -3.988871e+20 1.591109e+41
6.480000e-15 -3.570608e+20 1.274924e+41
6.490000e-15 -3.152447e+20 9.937923e+40
6.500000e-15 -2.734526e+20 7.477633e+40
6.510000e-15 -2.316981e+20 5.368400e+40
6.520000e-15 -1.899947e+20 3.609797e+40
6.530000e-15 -1.483559e+20 2.200948e+40
6.540000e-15 -1.067953e+20 1.140523e+40
6.550000e-15 -6.532609e+19 4.267498e+39
6.560000e-15 -2.396173e+19 5.741645e+38
6.570000e-15 1.728459e+19 2.987569e+38
6.580000e-15 5.839969e+19 3.410523e+39
6.590000e-15 9.937049e+19 9.874494e+39
6.600000e-15 1.401840e+20 1.965155e+40
6.610000e-15 1.808273e+20 3.269850e+40
6.620000e-15 2.212875e+20 4.896817e+40
6.630000e-15 2.615520e+20 6.840947e+40
6.640000e-15 3.016082e+20 9.096750e+40
6.650000e-15 3.414434e+20 1.165836e+41
6.660000e-15 3.810454e+20 1.451956e+41
6.670000e-15 4.204017e+20 1.767376e+41
6.680000e-15 4.595003e+20 2.111405e+41
6.690000e-15 4.983290e+20 2.483318e+41
6.700000e-15 5.368760e+20 2.882358e+41
6.710000e-15 5.751293e+20 3.307738e+41
6.720000e-15 6.130774e+20 3.758639e+41
6.730000e-15 6.507086e+20 4.234217e+41
6.740000e-15 6.880116e+20 4.733599e+41
6.750000e-15 7.249750e+20 5.255887e+41
6.760000e-15 7.615877e+20 5.800159e+41
6.770000e-15 7.978388e+20 6.365467e+41
6.780000e-15 8.337173e+20 6.950846e+41
6.790000e-15 8.692126e+20 7.555306e+41
6.800000e-15 9.043142e+20 8.177842e+41
6.810000e-15 9.390116e+20 8.817429e+41
6.820000e-15 9.732947e+20 9.473026e+41
6.830000e-15 1.007153e+21 1.014358e+42
6.840000e-15 1.040578e+21 1.082802e+42
6.850000e-15 1.073558e+21 1.152527e+42
6.860000e-15 1.106085e+21 1.223423e+42
6.870000e-15 1.138148e+21 1.295382e+42
6.880000e-15 1.169740e+21 1.368292e+42
6.890000e-15 1.200850e+21 1.442041e+42
6.900000e-15 1.231471e+21 1.516520e+42
6.910000e-15 1.261592e+21 1.591615e+42
6.920000e-15 1.291206e+21 1.667214e+42
6.930000e-15 1.320305e+21 1.743206e+42
6.940000e-15 1.348881e+21 1.819479e+42
6.950000e-15 1.376924e+21 1.895921e+42
6.960000e-15 1.404429e+21 1.972421e+42
6.970000e-15 1.431387e+21 2.048868e+42
6.980000e-15 1.457791e+21 2.125154e+42
6.990000e-15 1.483633e+21 2.201168e+42
7.000000e-15 1.508908e+21 2.276803e+42
7.010000e-15 1.533608e+21 2.351952e+42
7.020000e-15 1.557726e+21 2.426510e+42
7.030000e-15 1.581257e+21 2.500373e+42
7.040000e-15 1.604194e+21 2.573438e+42
7.050000e-15 1.626531e+21 2.645604e+42
7.060000e-15 1.648264e+21 2.716773e+42
7.070000e-15 1.669385e+21 2.786846e+42
7.080000e-15 1.689891e+21 2.855730e+42
7.090000e-15 1.709775e+21 2.923330e+42
7.100000e-15 1.729034e+21 2.989557e+42
7.110000e-15 1.747662e+21 3.054321e+42
7.120000e-15 1.765655e+21 3.117537e+42
7.130000e-15 1.783009e+21 3.179122e+42
7.140000e-15 1.799721e+21 3.238994e+42
7.150000e-15 1.815785e+21 3.297076e+42
7.160000e-15 1.831199e+21 3.353292e+42
7.170000e-15 1.845960e+21 3.407570e+42
7.180000e-15 1.860065e+21 3.459841e+42
7.190000e-15 1.873510e+21 3.510038e+42
7.200000e-15 1.886293e+21 3.558100e+42
7.210000e-15 1.898411e+21 3.603965e+42
7.220000e-15 1.909863e+21 3.647576e+42
7.230000e-15 1.920646e+21 3.688882e+42
7.240000e-15 1.930759e+21 3.727831e+42
7.250000e-15 1.940200e+21 3.764378e+42
7.260000e-15 1.948969e+21 3.798479e+42
7.270000e-15 1.957063e+21 3.830094e+42
7.280000e-15 1.964482e+21 3.859188e+42
7.290000e-15 1.971225e+21 3.885729e+42
7.300000e-15 1.977293e+21 3.909686e+42
7.310000e-15 1.982684e+21 3.931035e+42
7.320000e-15 1.987399e+21 3.949755e+42
7.330000e-15 1.991438e+21 3.965827e+42
7.340000e-15 1.994802e+21 3.979237e+42
7.350000e-15 1.997492e+21 3.989973e+42
7.360000e-15 1.999507e+21 3.998030e+42
7.370000e-15 2.000851e+21 4.003403e+42
7.380000e-15 2.001522e+21 4.006092e+42
7.390000e-15 2.001525e+21 4.006101e+42
7.400000e-15 2.000859e+21 4.003437e+42
7.410000e-15 1.999528e+21 3.998111e+42
7.420000e-15 1.997533e+21 3.990137e+42
7.430000e-15 1.994877e+21 3.979533e+42
7.440000e-15 1.991562e+21 3.966319e+42
7.450000e-15 1.987592e+21 3.950520e+42
7.460000e-15 1.982968e+21 3.932164e+42
7.470000e-15 1.977696e+21 3.911282e+42
7.480000e-15 1.971778e+21 3.887908e+42
7.490000e-15 1.965217e+21 3.862079e+42
7.500000e-15 1.958018e+21 3.833836e+42
7.510000e-15 1.950185e+21 3.803222e+42
7.520000e-15 1.941722e+21 3.770283e+42
7.530000e-15 1.932633e+21 3.735070e+42
7.540000e-15 1.922923e+21 3.697633e+42
7.550000e-15 1.912597e+21 3.658028e+42
7.560000e-15 1.901660e+21 3.616311e+42
7.570000e-15 1.890117e+21 3.572543e+42
7.580000e-15 1.877974e+21 3.526786e+42
7.590000e-15 1.865236e+21 3.479104e+42
7.600000e-15 1.851908e+21 3.429564e+42
7.610000e-15 1.837998e+21 3.378236e+42
7.620000e-15 1.823510e+21 3.325190e+42
7.630000e-15 1.808452e+21 3.270498e+42
7.640000e-15 1.792829e+21 3.214237e+42
7.650000e-15 1.776649e+21 3.156481e+42
7.660000e-15 1.759918e+21 3.097310e+42
7.670000e-15 1.742643e+21 3.036803e+42
7.680000e-15 1.724830e+21 2.975040e+42
7.690000e-15 1.706489e+21 2.912104e+42
7.700000e-15 1.687625e+21 2.848079e+42
7.710000e-15 1.668247e+21 2.783048e+42
7.720000e-15 1.648362e+21 2.717097e+42
7.730000e-15 1.627978e+21 2.650312e+42
7.740000e-15 1.607103e+21 2.582780e+42
7.750000e-15 1.585745e+21 2.514588e+42
7.760000e-15 1.563913e+21 2.445824e+42
7.770000e-15 1.541615e+21 2.376576e+42
7.780000e-15 1.518859e+21 2.306932e+42
7.790000e-15 1.495654e+21 2.236982e+42
7.800000e-15 1.472010e+21 2.166813e+42
7.810000e-15 1.447934e+21 2.096513e+42
7.820000e-15 1.423436e+21 2.026171e+42
7.830000e-15 1.398526e+21 1.955874e+42
7.840000e-15 1.373212e+21 1.885710e+42
7.850000e-15 1.347503e+21 1.815765e+42
7.860000e-15 1.321410e+21 1.746125e+42
7.870000e-15 1.294942e+21 1.676875e+42
7.880000e-15 1.268109e+21 1.608100e+42
7.890000e-15 1.240920e+21 1.539882e+42
7.900000e-15 1.213385e+21 1.472303e+42
7.910000e-15 1.185514e+21 1.405444e+42
7.920000e-15 1.157318e+21 1.339385e+42
7.930000e-15 1.128806e+21 1.274203e+42
7.940000e-15 1.099989e+21 1.209976e+42
7.950000e-15 1.070877e+21 1.146777e+42
7.960000e-15 1.041480e+21 1.084680e+42
7.970000e-15 1.011809e+21 1.023757e+42
7.980000e-15 9.818736e+20 9.640758e+41
7.990000e-15 9.516855e+20 9.057053e+41
8.000000e-15 9.212548e+20 8.487103e+41
8.010000e-15 8.905921e+20 7.931543e+41
8.020000e-15 8.597083e+20 7.390984e+41
8.030000e-15 8.286140e+20 6.866012e+41
8.040000e-15 7.973202e+20 6.357194e+41
8.050000e-15 7.658375e+20 5.865071e+41
8.060000e-15 7.341769e+20 5.390158e+41
8.070000e-15 7.023494e+20 4.932947e+41
8.080000e-15 6.703659e+20 4.493904e+41
8.090000e-15 6.382373e+20 4.073468e+41
8.100000e-15 6.059746e+20 3.672052e+41
8.110000e-15 5.735889e+20 3.290042e+41
8.120000e-15 5.410912e+20 2.927797e+41
8.130000e-15 5.084924e+20 2.585646e+41
8.140000e-15 4.758038e+20 2.263892e+41
8.150000e-15 4.430362e+20 1.962811e+41
8.160000e-15 4.102007e+20 1.682646e+41
8.170000e-15 3.773085e+20 1.423617e+41
8.180000e-15 3.443704e+20 1.185910e+41
8.190000e-15 3.113976e+20 9.696848e+40
8.200000e-15 2.784011e+20 7.750716e+40
8.210000e-15 2.453918e+20 6.021712e+40
8.220000e-15 2.123807e+20 4.510555e+40
8.230000e-15 1.793787e+20 3.217674e+40
8.240000e-15 1.463969e+20 2.143205e+40
8.250000e-15 1.134460e+20 1.286999e+40
8.260000e-15 8.053689e+19 6.486191e+39
8.270000e-15 4.768041e+19 2.273421e+39
8.280000e-15 1.488731e+19 2.216321e+38
8.290000e-15 -1.783168e+19 3.179688e+38
8.300000e-15 -5.046590e+19 2.546807e+39
8.310000e-15 -8.300472e+19 6.889783e+39
8.320000e-15 -1.154376e+20 1.332584e+40
8.330000e-15 -1.477540e+20 2.183124e+40
8.340000e-15 -1.799435e+20 3.237966e+40
8.350000e-15 -2.119957e+20 4.494218e+40
8.360000e-15 -2.439004e+20 5.948738e+40
8.370000e-15 -2.756472e+20 7.598137e+40
8.380000e-15 -3.072260e+20 9.438784e+40
8.390000e-15 -3.386268e+20 1.146681e+41
8.400000e-15 -3.698396e+20 1.367813e+41
8.410000e-15 -4.008544e+20 1.606843e+41
8.420000e-15 -4.316614e+20 1.863316e+41
8.430000e-15 -4.622509e+20 2.136759e+41
8.440000e-15 -4.926133e+20 2.426679e+41
8.450000e-15 -5.227390e+20 2.732560e+41
8.460000e-15 -5.526185e+20 3.053872e+41
8.470000e-15 -5.822426e+20 3.390064e+41
8.480000e-15 -6.116019e+20 3.740569e+41
8.490000e-15 -6.406875e+20 4.104804e+41
8.500000e-15 -6.694902e+20 4.482171e+41
8.510000e-15 -6.980011e+20 4.872056e+41
8.520000e-15 -7.262116e+20 5.273833e+41
8.530000e-15 -7.541129e+20 5.686862e+41
8.540000e-15 -7.816964e+20 6.110493e+41
8.550000e-15 -8.089539e+20 6.544063e+41
8.560000e-15 -8.358769e+20 6.986901e+41
8.570000e-15 -8.624573e+20 7.438326e+41
8.580000e-15 -8.886871e+20 7.897647e+41
8.590000e-15 -9.145584e+20 8.364170e+41
8.600000e-15 -9.400634e+20 8.837192e+41
8.610000e-15 -9.651946e+20 9.316006e+41
8.620000e-15 -9.899444e+20 9.799899e+41
8.630000e-15 -1.014305e+21 1.028816e+42
8.640000e-15 -1.038271e+21 1.078006e+42
8.650000e-15 -1.061833e+21 1.127489e+42
8.660000e-15 -1.084985e+21 1.177193e+42
8.670000e-15 -1.107721e+21 1.227046e+42
8.680000e-15 -1.130034e+21 1.276977e+42
8.690000e-15 -1.151917e+21 1.326913e+42
8.700000e-15 -1.173364e+21 1.376784e+42
8.710000e-15 -1.194370e+21 1.426519e+42
8.720000e-15 -1.214927e+21 1.476047e+42
8.730000e-15 -1.235030e+21 1.525300e+42
8.740000e-15 -1.254674e+21 1.574207e+42
8.750000e-15 -1.273853e+21 1.622702e+42
8.760000e-15 -1.292562e+21 1.670717e+42
8.770000e-15 -1.310796e+21 1.718186e+42
8.780000e-15 -1.328549e+21 1.765043e+42
8.790000e-15 -1.345817e+21 1.811224e+42
8.800000e-15 -1.362596e+21 1.856667e+42
8.810000e-15 -1.378880e+21 1.901309e+42
8.820000e-15 -1.394665e+21 1.945092e+42
8.830000e-15 -1.409948e+21 1.987954e+42
8.840000e-15 -1.424725e+21 2.029840e+42
8.850000e-15 -1.438991e+21 2.070694e+42
8.860000e-15 -1.452743e+21 2.110461e+42
8.870000e-15 -1.465977e+21 2.149090e+42
8.880000e-15 -1.478691e+21 2.186529e+42
8.890000e-15 -1.490882e+21 2.222729e+42
8.900000e-15 -1.502546e+21 2.257644e+42
8.910000e-15 -1.513680e+21 2.291228e+42
8.920000e-15 -1.524283e+21 2.323440e+42
8.930000e-15 -1.534352e+21 2.354236e+42
8.940000e-15 -1.543885e+21 2.383580e+42
8.950000e-15 -1.552879e+21 2.411433e+42
8.960000e-15 -1.561333e+21 2.437761e+42
8.970000e-15 -1.569246e+21 2.462532e+42
8.980000e-15 -1.576615e+21 2.485716e+42
8.990000e-15 -1.583440e+21 2.507284e+42
9.000000e-15 -1.589720e+21 2.527211e+42
9.010000e-15 -1.595454e+21 2.545473e+42
9.020000e-15 -1.600640e+21 2.562050e+42
9.030000e-15 -1.605279e+21 2.576922e+42
9.040000e-15 -1.609371e+21 2.590074e+42
9.050000e-15 -1.612914e+21 2.601491e+42
9.060000e-15 -1.615909e+21 2.611162e+42
9.070000e-15 -1.618357e+21 2.619078e+42
9.080000e-15 -1.620257e+21 2.625231e+42
9.090000e-15 -1.621610e+21 2.629618e+42
9.100000e-15 -1.622417e+21 2.632237e+42
9.110000e-15 -1.622679e+21 2.633087e+42
9.120000e-15 -1.622397e+21 2.632171e+42
9.130000e-15 -1.621572e+21 2.629495e+42
9.140000e-15 -1.620206e+21 2.625066e+42
9.150000e-15 -1.618300e+21 2.618893e+42
9.160000e-15 -1.615856e+21 2.610989e+42
9.170000e-15 -1.612876e+21 2.601368e+42
9.180000e-15 -1.609362e+21 2.590046e+42
9.190000e-15 -1.605317e+21 2.577042e+42
9.200000e-15 -1.600743e+21 2.562377e+42
9.210000e-15 -1.595642e+21 2.546074e+42
9.220000e-15 -1.590018e+21 2.528158e+42
9.230000e-15 -1.583874e+21 2.508655e+42
9.240000e-15 -1.577212e+21 2.487597e+42
9.250000e-15 -1.570036e+21 2.465012e+42
9.260000e-15 -1.562349e+21 2.440935e+42
9.270000e-15 -1.554156e+21 2.415400e+42
9.280000e-15 -1.545459e+21 2.388445e+42
9.290000e-15 -1.536264e+21 2.360106e+42
9.300000e-15 -1.526573e+21 2.330426e+42
9.310000e-15 -1.516392e+21 2.299444e+42
9.320000e-15 -1.505724e+21 2.267205e+42
9.330000e-15 -1.494575e+21 2.233754e+42
9.340000e-15 -1.482949e+21 2.199137e+42
9.350000e-15 -1.470850e+21 2.163400e+42
9.360000e-15 -1.458285e+21 2.126594e+42
9.370000e-15 -1.445257e+21 2.088769e+42
9.380000e-15 -1.431773e+21 2.049975e+42
9.390000e-15 -1.417838e+21 2.010266e+42
9.400000e-15 -1.403458e+21 1.969694e+42
9.410000e-15 -1.388637e+21 1.928314e+42
9.420000e-15 -1.373383e+21 1.886181e+42
9.430000e-15 -1.357701e+21 1.843351e+42
9.440000e-15 -1.341597e+21 1.799882e+42
9.450000e-15 -1.325077e+21 1.755829e+42
9.460000e-15 -1.308148e+21 1.711251e+42
9.470000e-15 -1.290816e+21 1.666207e+42
9.480000e-15 -1.273089e+21 1.620755e+42
9.490000e-15 -1.254971e+21 1.574953e+42
9.500000e-15 -1.236472e+21 1.528863e+42
9.510000e-15 -1.217597e+21 1.482542e+42
9.520000e-15 -1.198353e+21 1.436050e+42
9.530000e-15 -1.178748e+21 1.389447e+42
9.540000e-15 -1.158789e+21 1.342792e+42
9.550000e-15 -1.138483e+21 1.296145e+42
9.560000e-15 -1.117839e+21 1.249563e+42
9.570000e-15 -1.096862e+21 1.203107e+42
9.580000e-15 -1.075562e+21 1.156834e+42
9.590000e-15 -1.053946e+21 1.110802e+42
9.600000e-15 -1.032021e+21 1.065068e+42
9.610000e-15 -1.009796e+21 1.019688e+42
9.620000e-15 -9.872789e+20 9.747196e+41
9.630000e-15 -9.644775e+20 9.302168e+41
9.640000e-15 -9.414000e+20 8.862339e+41
9.650000e-15 -9.180548e+20 8.428246e+41
9.660000e-15 -8.944502e+20 8.000411e+41
9.670000e-15 -8.705945e+20 7.579348e+41
9.680000e-15 -8.464963e+20 7.165559e+41
9.690000e-15 -8.221640e+20 6.759537e+41
9.700000e-15 -7.976063e+20 6.361759e+41
9.710000e-15 -7.728318e+20 5.972691e+41
9.720000e-15 -7.478492e+20 5.592785e+41
9.730000e-15 -7.226673e+20 5.222480e+41
9.740000e-15 -6.972948e+20 4.862200e+41
9.750000e-15 -6.717406e+20 4.512354e+41
9.760000e-15 -6.460135e+20 4.173335e+41
9.770000e-15 -6.201226e+20 3.845520e+41
9.780000e-15 -5.940767e+20 3.529271e+41
9.790000e-15 -5.678848e+20 3.224932e+41
9.800000e-15 -5.415561e+20 2.932830e+41
9.810000e-15 -5.150994e+20 2.653274e+41
9.820000e-15 -4.885240e+20 2.386557e+41
9.830000e-15 -4.618388e+20 2.132951e+41
9.840000e-15 -4.350531e+20 1.892712e+41
9.850000e-15 -4.081759e+20 1.666075e+41
9.860000e-15 -3.812163e+20 1.453259e+41
9.870000e-15 -3.541836e+20 1.254460e+41
9.880000e-15 -3.270869e+20 1.069858e+41
9.890000e-15 -2.999353e+20 8.996116e+40
9.900000e-15 -2.727379e+20 7.438598e+40
9.910000e-15 -2.455041e+20 6.027224e+40
9.920000e-15 -2.182428e+20 4.762991e+40
9.930000e-15 -1.909632e+20 3.646695e+40
9.940000e-15 -1.636745e+20 2.678935e+40
9.950000e-15 -1.363858e+20 1.860108e+40
9.960000e-15 -1.091061e+20 1.190414e+40
9.970000e-15 -8.184457e+19 6.698534e+39
9.980000e-15 -5.461021e+19 2.982275e+39
9.990000e-15 -2.741205e+19 7.514206e+38
1.000000e-14 -2.590837e+17 6.712437e+34
