0.000000e+00 nan nan
1.000000e-17 1.094600e+19 1.198149e+38
2.000000e-17 4.376136e+19 1.915057e+39
3.000000e-17 9.837824e+19 9.678278e+39
4.000000e-17 1.746837e+20 3.051438e+40
5.000000e-17 2.725197e+20 7.426700e+40
6.000000e-17 3.916838e+20 1.534162e+41
7.000000e-17 5.319289e+20 2.829483e+41
8.000000e-17 6.929640e+20 4.801991e+41
9.000000e-17 8.744544e+20 7.646706e+41
1.000000e-16 1.076023e+21 1.157825e+42
1.100000e-16 1.297248e+21 1.682853e+42
1.200000e-16 1.537669e+21 2.364427e+42
1.300000e-16 1.796783e+21 3.228428e+42
1.400000e-16 2.074044e+21 4.301659e+42
1.500000e-16 2.368870e+21 5.611546e+42
1.600000e-16 2.680638e+21 7.185823e+42
1.700000e-16 3.008688e+21 9.052204e+42
1.800000e-16 3.352321e+21 1.123806e+43
1.900000e-16 3.710804e+21 1.377006e+43
2.000000e-16 4.083365e+21 1.667387e+43
2.100000e-16 4.469201e+21 1.997376e+43
2.200000e-16 4.867474e+21 2.369231e+43
2.300000e-16 5.277313e+21 2.785003e+43
2.400000e-16 5.697813e+21 3.246508e+43
2.500000e-16 6.128041e+21 3.755289e+43
2.600000e-16 6.567032e+21 4.312591e+43
2.700000e-16 7.013789e+21 4.919324e+43
2.800000e-16 7.467438e+21 5.576263e+43
2.900000e-16 7.926455e+21 6.282869e+43
3.000000e-16 8.390242e+21 7.039616e+43
3.100000e-16 8.856539e+21 7.843828e+43
3.200000e-16 9.324704e+21 8.695010e+43
3.300000e-16 9.794914e+21 9.594034e+43
3.400000e-16 1.026515e+22 1.053733e+44
3.500000e-16 1.073381e+22 1.152146e+44
3.600000e-16 1.120558e+22 1.255650e+44
3.700000e-16 1.166863e+22 1.361570e+44
3.800000e-16 1.214428e+22 1.474835e+44
3.900000e-16 1.259890e+22 1.587322e+44
4.000000e-16 1.308575e+22 1.712369e+44
4.100000e-16 1.353122e+22 1.830938e+44
4.200000e-16 1.396742e+22 1.950888e+44
4.300000e-16 1.456909e+22 2.122583e+44
4.400000e-16 1.501300e+22 2.253901e+44
4.500000e-16 1.544817e+22 2.386458e+44
4.600000e-16 1.582935e+22 2.505684e+44
4.700000e-16 1.623749e+22 2.636561e+44
4.800000e-16 1.663349e+22 2.766729e+44
4.900000e-16 1.701649e+22 2.895610e+44
5.000000e-16 1.737923e+22 3.020376e+44
5.100000e-16 1.773284e+22 3.144535e+44
5.200000e-16 1.807092e+22 3.265582e+44
5.300000e-16 1.839272e+22 3.382923e+44
5.400000e-16 1.869874e+22 3.496429e+44
5.500000e-16 1.898600e+22 3.604680e+44
5.600000e-16 1.925490e+22 3.707513e+44
5.700000e-16 1.950484e+22 3.804388e+44
5.800000e-16 1.973522e+22 3.894787e+44
5.900000e-16 1.994726e+22 3.978933e+44
6.000000e-16 2.013711e+22 4.055033e+44
6.100000e-16 2.030588e+22 4.123288e+44
6.200000e-16 2.045314e+22 4.183308e+44
6.300000e-16 2.057848e+22 4.234739e+44
6.400000e-16 2.068227e+22 4.277563e+44
6.500000e-16 2.076287e+22 4.310967e+44
6.600000e-16 2.082064e+22 4.334991e+44
6.700000e-16 2.085537e+22 4.349463e+44
6.800000e-16 2.086687e+22 4.354261e+44
6.900000e-16 2.085501e+22 4.349314e+44
7.000000e-16 2.081970e+22 4.334599e+44
7.100000e-16 2.076090e+22 4.310149e+44
7.200000e-16 2.067862e+22 4.276054e+44
7.300000e-16 2.057288e+22 4.232433e+44
7.400000e-16 2.044377e+22 4.179478e+44
7.500000e-16 2.029144e+22 4.117425e+44
7.600000e-16 2.011605e+22 4.046556e+44
7.700000e-16 1.991784e+22 3.967202e+44
7.800000e-16 1.969705e+22 3.879738e+44
7.900000e-16 1.945400e+22 3.784581e+44
8.000000e-16 1.918885e+22 3.682121e+44
8.100000e-16 1.890234e+22 3.572986e+44
8.200000e-16 1.859473e+22 3.457642e+44
8.300000e-16 1.826649e+22 3.336647e+44
8.400000e-16 1.791812e+22 3.210591e+44
8.500000e-16 1.755017e+22 3.080085e+44
8.600000e-16 1.716321e+22 2.945759e+44
8.700000e-16 1.675787e+22 2.808263e+44
8.800000e-16 1.633479e+22 2.668253e+44
8.900000e-16 1.589465e+22 2.526398e+44
9.000000e-16 1.543816e+22 2.383368e+44
9.100000e-16 1.496607e+22 2.239831e+44
9.200000e-16 1.447902e+22 2.096420e+44
9.300000e-16 1.397804e+22 1.953857e+44
9.400000e-16 1.346385e+22 1.812752e+44
9.500000e-16 1.293728e+22 1.673733e+44
9.600000e-16 1.239921e+22 1.537404e+44
9.700000e-16 1.185051e+22 1.404347e+44
9.800000e-16 1.129210e+22 1.275116e+44
9.900000e-16 1.072490e+22 1.150234e+44
1.000000e-15 1.014983e+22 1.030190e+44
1.010000e-15 9.567846e+21 9.154368e+43
1.020000e-15 8.979909e+21 8.063876e+43
1.030000e-15 8.386983e+21 7.034149e+43
1.040000e-15 7.790044e+21 6.068478e+43
1.050000e-15 7.190069e+21 5.169709e+43
1.060000e-15 6.588041e+21 4.340229e+43
1.070000e-15 5.984943e+21 3.581955e+43
1.080000e-15 5.381731e+21 2.896303e+43
1.090000e-15 4.779436e+21 2.284301e+43
1.100000e-15 4.179009e+21 1.746412e+43
1.110000e-15 3.581418e+21 1.282656e+43
1.120000e-15 2.987623e+21 8.925894e+42
1.130000e-15 2.398575e+21 5.753163e+42
1.140000e-15 1.815211e+21 3.294992e+42
1.150000e-15 1.238456e+21 1.533774e+42
1.160000e-15 6.692180e+20 4.478527e+41
1.170000e-15 1.083882e+20 1.174799e+40
1.180000e-15 -4.431612e+20 1.963919e+41
1.190000e-15 -9.845786e+20 9.693951e+41
1.200000e-15 -1.515035e+21 2.295331e+42
1.210000e-15 -2.033724e+21 4.136035e+42
1.220000e-15 -2.539867e+21 6.450926e+42
1.230000e-15 -3.032710e+21 9.197331e+42
1.240000e-15 -3.511528e+21 1.233083e+43
1.250000e-15 -3.975624e+21 1.580559e+43
1.260000e-15 -4.424335e+21 1.957474e+43
1.270000e-15 -4.857026e+21 2.359070e+43
1.280000e-15 -5.273097e+21 2.780555e+43
1.290000e-15 -5.671968e+21 3.217122e+43
1.300000e-15 -6.053137e+21 3.664046e+43
1.310000e-15 -6.416093e+21 4.116625e+43
1.320000e-15 -6.760379e+21 4.570272e+43
1.330000e-15 -7.085574e+21 5.020535e+43
1.340000e-15 -7.391294e+21 5.463123e+43
1.350000e-15 -7.677197e+21 5.893935e+43
1.360000e-15 -7.942976e+21 6.309087e+43
1.370000e-15 -8.188368e+21 6.704937e+43
1.380000e-15 -8.413146e+21 7.078103e+43
1.390000e-15 -8.617127e+21 7.425488e+43
1.400000e-15 -8.800165e+21 7.744291e+43
1.410000e-15 -8.962158e+21 8.032027e+43
1.420000e-15 -9.103041e+21 8.286536e+43
1.430000e-15 -9.222792e+21 8.505990e+43
1.440000e-15 -9.321429e+21 8.688904e+43
1.450000e-15 -9.399009e+21 8.834137e+43
1.460000e-15 -9.455629e+21 8.940892e+43
1.470000e-15 -9.491427e+21 9.008718e+43
1.480000e-15 -9.506577e+21 9.037500e+43
1.490000e-15 -9.501294e+21 9.027459e+43
1.500000e-15 -9.475829e+21 8.979134e+43
1.510000e-15 -9.430472e+21 8.893380e+43
1.520000e-15 -9.365546e+21 8.771345e+43
1.530000e-15 -9.281411e+21 8.614460e+43
1.540000e-15 -9.178464e+21 8.424419e+43
1.550000e-15 -9.057130e+21 8.203161e+43
1.560000e-15 -8.917871e+21 7.952843e+43
1.570000e-15 -8.761179e+21 7.675826e+43
1.580000e-15 -8.587575e+21 7.374644e+43
1.590000e-15 -8.397609e+21 7.051983e+43
1.600000e-15 -8.191860e+21 6.710657e+43
1.610000e-15 -7.970932e+21 6.353576e+43
1.620000e-15 -7.735455e+21 5.983727e+43
1.630000e-15 -7.486066e+21 5.604119e+43
1.640000e-15 -7.223470e+21 5.217852e+43
1.650000e-15 -6.948347e+21 4.827953e+43
1.660000e-15 -6.661412e+21 4.437441e+43
1.670000e-15 -6.363396e+21 4.049281e+43
1.680000e-15 -6.055046e+21 3.666359e+43
1.690000e-15 -5.737125e+21 3.291460e+43
1.700000e-15 -5.410405e+21 2.927248e+43
1.710000e-15 -5.075671e+21 2.576244e+43
1.720000e-15 -4.733719e+21 2.240809e+43
1.730000e-15 -4.385348e+21 1.923128e+43
1.740000e-15 -4.031367e+21 1.625192e+43
1.750000e-15 -3.672587e+21 1.348790e+43
1.760000e-15 -3.309822e+21 1.095492e+43
1.770000e-15 -2.943886e+21 8.666465e+42
1.780000e-15 -2.575593e+21 6.633681e+42
1.790000e-15 -2.205755e+21 4.865353e+42
1.800000e-15 -1.835177e+21 3.367873e+42
1.810000e-15 -1.464661e+21 2.145230e+42
1.820000e-15 -1.095000e+21 1.199024e+42
1.830000e-15 -7.269783e+20 5.284974e+41
1.840000e-15 -3.613702e+20 1.305884e+41
1.850000e-15 1.063081e+18 1.130141e+36
1.860000e-15 3.595736e+20 1.292932e+41
1.870000e-15 7.134286e+20 5.089804e+41
1.880000e-15 1.061912e+21 1.127657e+42
1.890000e-15 1.404325e+21 1.972128e+42
1.900000e-15 1.739988e+21 3.027558e+42
1.910000e-15 2.068243e+21 4.277629e+42
1.920000e-15 2.388452e+21 5.704705e+42
1.930000e-15 2.700002e+21 7.290012e+42
1.940000e-15 3.002302e+21 9.013817e+42
1.950000e-15 3.294786e+21 1.085562e+43
1.960000e-15 3.576916e+21 1.279433e+43
1.970000e-15 3.848179e+21 1.480848e+43
1.980000e-15 4.108090e+21 1.687640e+43
1.990000e-15 4.356193e+21 1.897642e+43
2.000000e-15 4.592062e+21 2.108703e+43
2.010000e-15 4.815300e+21 2.318711e+43
2.020000e-15 5.025541e+21 2.525606e+43
2.030000e-15 5.222450e+21 2.727399e+43
2.040000e-15 5.405724e+21 2.922185e+43
2.050000e-15 5.575091e+21 3.108164e+43
2.060000e-15 5.730313e+21 3.283648e+43
2.070000e-15 5.871182e+21 3.447078e+43
2.080000e-15 5.997525e+21 3.597031e+43
2.090000e-15 6.109201e+21 3.732234e+43
2.100000e-15 6.206103e+21 3.851571e+43
2.110000e-15 6.288154e+21 3.954088e+43
2.120000e-15 6.355312e+21 4.039000e+43
2.130000e-15 6.407568e+21 4.105693e+43
2.140000e-15 6.444944e+21 4.153730e+43
2.150000e-15 6.467494e+21 4.182847e+43
2.160000e-15 6.475303e+21 4.192955e+43
2.170000e-15 6.468490e+21 4.184137e+43
2.180000e-15 6.447203e+21 4.156642e+43
2.190000e-15 6.411618e+21 4.110884e+43
2.200000e-15 6.361951e+21 4.047442e+43
2.210000e-15 6.298424e+21 3.967015e+43
2.220000e-15 6.221308e+21 3.870468e+43
2.230000e-15 6.130895e+21 3.758787e+43
2.240000e-15 6.027502e+21 3.633078e+43
2.250000e-15 5.911473e+21 3.494551e+43
2.260000e-15 5.783176e+21 3.344513e+43
2.270000e-15 5.643003e+21 3.184348e+43
2.280000e-15 5.491367e+21 3.015511e+43
2.290000e-15 5.328705e+21 2.839509e+43
2.300000e-15 5.155471e+21 2.657888e+43
2.310000e-15 4.972141e+21 2.472219e+43
2.320000e-15 4.779208e+21 2.284083e+43
2.330000e-15 4.577181e+21 2.095059e+43
2.340000e-15 4.366587e+21 1.906708e+43
2.350000e-15 4.147963e+21 1.720560e+43
2.360000e-15 3.921864e+21 1.538101e+43
2.370000e-15 3.688852e+21 1.360763e+43
2.380000e-15 3.449502e+21 1.189906e+43
2.390000e-15 3.204398e+21 1.026817e+43
2.400000e-15 2.954132e+21 8.726894e+42
2.410000e-15 2.699299e+21 7.286217e+42
2.420000e-15 2.440504e+21 5.956060e+42
2.430000e-15 2.178352e+21 4.745217e+42
2.440000e-15 1.913451e+21 3.661295e+42
2.450000e-15 1.646411e+21 2.710669e+42
2.460000e-15 1.377841e+21 1.898445e+42
2.470000e-15 1.108347e+21 1.228433e+42
2.480000e-15 8.385346e+20 7.031403e+41
2.490000e-15 5.690032e+20 3.237646e+41
2.500000e-15 3.003470e+20 9.020834e+40
2.510000e-15 3.315366e+19 1.099165e+39
2.520000e-15 -2.319975e+20 5.382284e+40
2.530000e-15 -4.945362e+20 2.445661e+41
2.540000e-15 -7.539028e+20 5.683694e+41
2.550000e-15 -1.009549e+21 1.019189e+42
2.560000e-15 -1.260939e+21 1.589967e+42
2.570000e-15 -1.507551e+21 2.272710e+42
2.580000e-15 -1.748878e+21 3.058573e+42
2.590000e-15 -1.984428e+21 3.937954e+42
2.600000e-15 -2.213726e+21 4.900585e+42
2.610000e-15 -2.436316e+21 5.935637e+42
2.620000e-15 -2.651758e+21 7.031823e+42
2.630000e-15 -2.859633e+21 8.177501e+42
2.640000e-15 -3.059541e+21 9.360789e+42
2.650000e-15 -3.251102e+21 1.056966e+43
2.660000e-15 -3.433959e+21 1.179208e+43
2.670000e-15 -3.607777e+21 1.301605e+43
2.680000e-15 -3.772241e+21 1.422980e+43
2.690000e-15 -3.927062e+21 1.542181e+43
2.700000e-15 -4.071972e+21 1.658095e+43
2.710000e-15 -4.206728e+21 1.769656e+43
2.720000e-15 -4.331112e+21 1.875853e+43
2.730000e-15 -4.444928e+21 1.975738e+43
2.740000e-15 -4.548006e+21 2.068436e+43
2.750000e-15 -4.640202e+21 2.153148e+43
2.760000e-15 -4.721396e+21 2.229158e+43
2.770000e-15 -4.791491e+21 2.295838e+43
2.780000e-15 -4.850418e+21 2.352655e+43
2.790000e-15 -4.898131e+21 2.399168e+43
2.800000e-15 -4.934609e+21 2.435037e+43
2.810000e-15 -4.959858e+21 2.460019e+43
2.820000e-15 -4.973905e+21 2.473974e+43
2.830000e-15 -4.976804e+21 2.476858e+43
2.840000e-15 -4.968631e+21 2.468729e+43
2.850000e-15 -4.949486e+21 2.449741e+43
2.860000e-15 -4.919493e+21 2.420141e+43
2.870000e-15 -4.878797e+21 2.380266e+43
2.880000e-15 -4.827568e+21 2.330541e+43
2.890000e-15 -4.765994e+21 2.271470e+43
2.900000e-15 -4.694287e+21 2.203633e+43
2.910000e-15 -4.612678e+21 2.127680e+43
2.920000e-15 -4.521418e+21 2.044322e+43
2.930000e-15 -4.420777e+21 1.954327e+43
2.940000e-15 -4.311044e+21 1.858510e+43
2.950000e-15 -4.192524e+21 1.757726e+43
2.960000e-15 -4.065540e+21 1.652862e+43
2.970000e-15 -3.930432e+21 1.544829e+43
2.980000e-15 -3.787551e+21 1.434555e+43
2.990000e-15 -3.637268e+21 1.322972e+43
3.000000e-15 -3.479961e+21 1.211013e+43
3.010000e-15 -3.316026e+21 1.099603e+43
3.020000e-15 -3.145866e+21 9.896472e+42
3.030000e-15 -2.969897e+21 8.820288e+42
3.040000e-15 -2.788544e+21 7.775976e+42
3.050000e-15 -2.602239e+21 6.771650e+42
3.060000e-15 -2.411425e+21 5.814968e+42
3.070000e-15 -2.216546e+21 4.913077e+42
3.080000e-15 -2.018057e+21 4.072554e+42
3.090000e-15 -1.816414e+21 3.299359e+42
3.100000e-15 -1.612077e+21 2.598793e+42
3.110000e-15 -1.405510e+21 1.975457e+42
3.120000e-15 -1.197176e+21 1.433230e+42
3.130000e-15 -9.875396e+20 9.752345e+41
3.140000e-15 -7.770655e+20 6.038308e+41
3.150000e-15 -5.662157e+20 3.206003e+41
3.160000e-15 -3.554500e+20 1.263447e+41
3.170000e-15 -1.452246e+20 2.109017e+40
3.180000e-15 6.400886e+19 4.097134e+39
3.190000e-15 2.718039e+20 7.387737e+40
3.200000e-15 4.777206e+20 2.282170e+41
3.210000e-15 6.813262e+20 4.642054e+41
3.220000e-15 8.821960e+20 7.782699e+41
3.230000e-15 1.079914e+21 1.166215e+42
3.240000e-15 1.274075e+21 1.623267e+42
3.250000e-15 1.464283e+21 2.144124e+42
3.260000e-15 1.650153e+21 2.723006e+42
3.270000e-15 1.831315e+21 3.353713e+42
3.280000e-15 2.007407e+21 4.029683e+42
3.290000e-15 2.178085e+21 4.744054e+42
3.300000e-15 2.343016e+21 5.489724e+42
3.310000e-15 2.501883e+21 6.259420e+42
3.320000e-15 2.654384e+21 7.045755e+42
3.330000e-15 2.800232e+21 7.841302e+42
3.340000e-15 2.939158e+21 8.638649e+42
3.350000e-15 3.070907e+21 9.430469e+42
3.360000e-15 3.195243e+21 1.020958e+43
3.370000e-15 3.311947e+21 1.096899e+43
3.380000e-15 3.420818e+21 1.170199e+43
3.390000e-15 3.521672e+21 1.240217e+43
3.400000e-15 3.614345e+21 1.306349e+43
3.410000e-15 3.698690e+21 1.368031e+43
3.420000e-15 3.774579e+21 1.424745e+43
3.430000e-15 3.841905e+21 1.476023e+43
3.440000e-15 3.900576e+21 1.521449e+43
3.450000e-15 3.950522e+21 1.560663e+43
3.460000e-15 3.991691e+21 1.593360e+43
3.470000e-15 4.024051e+21 1.619298e+43
3.480000e-15 4.047587e+21 1.638296e+43
3.490000e-15 4.062304e+21 1.650231e+43
3.500000e-15 4.068224e+21 1.655045e+43
3.510000e-15 4.065390e+21 1.652740e+43
3.520000e-15 4.053863e+21 1.643381e+43
3.530000e-15 4.033720e+21 1.627089e+43
3.540000e-15 4.005057e+21 1.604048e+43
3.550000e-15 3.967986e+21 1.574492e+43
3.560000e-15 3.922640e+21 1.538710e+43
3.570000e-15 3.869163e+21 1.497042e+43
3.580000e-15 3.807719e+21 1.449873e+43
3.590000e-15 3.738488e+21 1.397629e+43
3.600000e-15 3.661662e+21 1.340777e+43
3.610000e-15 3.577450e+21 1.279815e+43
3.620000e-15 3.486076e+21 1.215273e+43
3.630000e-15 3.387777e+21 1.147703e+43
3.640000e-15 3.282801e+21 1.077678e+43
3.650000e-15 3.171410e+21 1.005784e+43
3.660000e-15 3.053880e+21 9.326185e+42
3.670000e-15 2.930495e+21 8.587802e+42
3.680000e-15 2.801551e+21 7.848686e+42
3.690000e-15 2.667352e+21 7.114769e+42
3.700000e-15 2.528215e+21 6.391870e+42
3.710000e-15 2.384461e+21 5.685654e+42
3.720000e-15 2.236422e+21 5.001581e+42
3.730000e-15 2.084434e+21 4.344866e+42
3.740000e-15 1.928843e+21 3.720434e+42
3.750000e-15 1.769996e+21 3.132887e+42
3.760000e-15 1.608249e+21 2.586466e+42
3.770000e-15 1.443959e+21 2.085018e+42
3.780000e-15 1.277487e+21 1.631973e+42
3.790000e-15 1.109196e+21 1.230317e+42
3.800000e-15 9.394524e+20 8.825708e+41
3.810000e-15 7.686208e+20 5.907780e+41
3.820000e-15 5.970678e+20 3.564899e+41
3.830000e-15 4.251585e+20 1.807598e+41
3.840000e-15 2.532571e+20 6.413914e+40
3.850000e-15 8.172515e+19 6.679001e+39
3.860000e-15 -8.907833e+19 7.934948e+39
3.870000e-15 -2.587981e+20 6.697645e+40
3.880000e-15 -4.270832e+20 1.824001e+41
3.890000e-15 -5.935877e+20 3.523464e+41
3.900000e-15 -7.579714e+20 5.745206e+41
3.910000e-15 -9.199004e+20 8.462167e+41
3.920000e-15 -1.079048e+21 1.164344e+42
3.930000e-15 -1.235095e+21 1.525459e+42
3.940000e-15 -1.387730e+21 1.925794e+42
3.950000e-15 -1.536651e+21 2.361297e+42
3.960000e-15 -1.681566e+21 2.827665e+42
3.970000e-15 -1.822192e+21 3.320385e+42
3.980000e-15 -1.958257e+21 3.834772e+42
3.990000e-15 -2.089500e+21 4.366010e+42
4.000000e-15 -2.215670e+21 4.909195e+42
4.010000e-15 -2.336531e+21 5.459377e+42
4.020000e-15 -2.451856e+21 6.011599e+42
4.030000e-15 -2.561433e+21 6.560941e+42
4.040000e-15 -2.665063e+21 7.102560e+42
4.050000e-15 -2.762559e+21 7.631730e+42
4.060000e-15 -2.853748e+21 8.143876e+42
4.070000e-15 -2.938472e+21 8.634619e+42
4.080000e-15 -3.016588e+21 9.099801e+42
4.090000e-15 -3.087964e+21 9.535524e+42
4.100000e-15 -3.152488e+21 9.938178e+42
4.110000e-15 -3.210057e+21 1.030446e+43
4.120000e-15 -3.260587e+21 1.063143e+43
4.130000e-15 -3.304007e+21 1.091647e+43
4.140000e-15 -3.340264e+21 1.115736e+43
4.150000e-15 -3.369316e+21 1.135229e+43
4.160000e-15 -3.391138e+21 1.149982e+43
4.170000e-15 -3.405722e+21 1.159895e+43
4.180000e-15 -3.413073e+21 1.164907e+43
4.190000e-15 -3.413211e+21 1.165001e+43
4.200000e-15 -3.406170e+21 1.160200e+43
4.210000e-15 -3.392002e+21 1.150568e+43
4.220000e-15 -3.370770e+21 1.136209e+43
4.230000e-15 -3.342554e+21 1.117267e+43
4.240000e-15 -3.307445e+21 1.093919e+43
4.250000e-15 -3.265552e+21 1.066383e+43
4.260000e-15 -3.216993e+21 1.034905e+43
4.270000e-15 -3.161903e+21 9.997632e+42
4.280000e-15 -3.100428e+21 9.612654e+42
4.290000e-15 -3.032726e+21 9.197429e+42
4.300000e-15 -2.958969e+21 8.755500e+42
4.310000e-15 -2.879340e+21 8.290597e+42
4.320000e-15 -2.794031e+21 7.806612e+42
4.330000e-15 -2.703249e+21 7.307557e+42
4.340000e-15 -2.607209e+21 6.797537e+42
4.350000e-15 -2.506135e+21 6.280711e+42
4.360000e-15 -2.400262e+21 5.761256e+42
4.370000e-15 -2.289833e+21 5.243335e+42
4.380000e-15 -2.175100e+21 4.731062e+42
4.390000e-15 -2.056323e+21 4.228465e+42
4.400000e-15 -1.933768e+21 3.739458e+42
4.410000e-15 -1.807708e+21 3.267807e+42
4.420000e-15 -1.678422e+21 2.817100e+42
4.430000e-15 -1.546195e+21 2.390719e+42
4.440000e-15 -1.411317e+21 1.991815e+42
4.450000e-15 -1.274080e+21 1.623280e+42
4.460000e-15 -1.134783e+21 1.287732e+42
4.470000e-15 -9.937248e+20 9.874890e+41
4.480000e-15 -8.512084e+20 7.245557e+41
4.490000e-15 -7.075377e+20 5.006096e+41
4.500000e-15 -5.630179e+20 3.169892e+41
4.510000e-15 -4.179546e+20 1.746861e+41
4.520000e-15 -2.726531e+20 7.433971e+40
4.530000e-15 -1.274179e+20 1.623532e+40
4.540000e-15 1.744802e+19 3.044334e+38
4.550000e-15 1.616436e+20 2.612867e+40
4.560000e-15 3.048707e+20 9.294617e+40
4.570000e-15 4.468344e+20 1.996609e+41
4.580000e-15 5.872434e+20 3.448548e+41
4.590000e-15 7.258113e+20 5.268021e+41
4.600000e-15 8.622565e+20 7.434863e+41
4.610000e-15 9.963030e+20 9.926198e+41
4.620000e-15 1.127681e+21 1.271665e+42
4.630000e-15 1.256128e+21 1.577857e+42
4.640000e-15 1.381387e+21 1.908229e+42
4.650000e-15 1.503210e+21 2.259640e+42
4.660000e-15 1.621357e+21 2.628800e+42
4.670000e-15 1.735598e+21 3.012299e+42
4.680000e-15 1.845708e+21 3.406639e+42
4.690000e-15 1.951477e+21 3.808261e+42
4.700000e-15 2.052700e+21 4.213576e+42
4.710000e-15 2.149185e+21 4.618995e+42
4.720000e-15 2.240750e+21 5.020959e+42
4.730000e-15 2.327223e+21 5.415969e+42
4.740000e-15 2.408447e+21 5.800615e+42
4.750000e-15 2.484271e+21 6.171601e+42
4.760000e-15 2.554559e+21 6.525774e+42
4.770000e-15 2.619188e+21 6.860148e+42
4.780000e-15 2.678046e+21 7.171930e+42
4.790000e-15 2.731032e+21 7.458536e+42
4.800000e-15 2.778060e+21 7.717618e+42
4.810000e-15 2.819056e+21 7.947076e+42
4.820000e-15 2.853958e+21 8.145077e+42
4.830000e-15 2.882718e+21 8.310064e+42
4.840000e-15 2.905301e+21 8.440772e+42
4.850000e-15 2.921684e+21 8.536235e+42
4.860000e-15 2.931857e+21 8.595786e+42
4.870000e-15 2.935825e+21 8.619068e+42
4.880000e-15 2.933604e+21 8.606031e+42
4.890000e-15 2.925223e+21 8.556928e+42
4.900000e-15 2.910724e+21 8.472315e+42
4.910000e-15 2.890162e+21 8.353038e+42
4.920000e-15 2.863605e+21 8.200231e+42
4.930000e-15 2.831130e+21 8.015298e+42
4.940000e-15 2.792831e+21 7.799903e+42
4.950000e-15 2.748809e+21 7.555951e+42
4.960000e-15 2.699180e+21 7.285573e+42
4.970000e-15 2.644070e+21 6.991106e+42
4.980000e-15 2.583615e+21 6.675068e+42
4.990000e-15 2.517964e+21 6.340142e+42
5.000000e-15 2.447274e+21 5.989149e+42
5.010000e-15 2.371712e+21 5.625019e+42
5.020000e-15 2.291457e+21 5.250776e+42
5.030000e-15 2.206695e+21 4.869502e+42
5.040000e-15 2.117620e+21 4.484316e+42
5.050000e-15 2.024437e+21 4.098346e+42
5.060000e-15 1.927357e+21 3.714704e+42
5.070000e-15 1.826597e+21 3.336458e+42
5.080000e-15 1.722385e+21 2.966610e+42
5.090000e-15 1.614951e+21 2.608067e+42
5.100000e-15 1.504534e+21 2.263621e+42
5.110000e-15 1.391376e+21 1.935926e+42
5.120000e-15 1.275725e+21 1.627474e+42
5.130000e-15 1.157834e+21 1.340579e+42
5.140000e-15 1.037959e+21 1.077358e+42
5.150000e-15 9.163578e+20 8.397116e+41
5.160000e-15 7.932936e+20 6.293147e+41
5.170000e-15 6.690298e+20 4.476008e+41
5.180000e-15 5.438319e+20 2.957531e+41
5.190000e-15 4.179662e+20 1.746958e+41
5.200000e-15 2.916997e+20 8.508871e+40
5.210000e-15 1.652990e+20 2.732375e+40
5.220000e-15 3.903000e+19 1.523341e+39
5.230000e-15 -8.684246e+19 7.541612e+39
5.240000e-15 -2.120555e+20 4.496753e+40
5.250000e-15 -3.363485e+20 1.131303e+41
5.260000e-15 -4.594638e+20 2.111070e+41
5.270000e-15 -5.811471e+20 3.377319e+41
5.280000e-15 -7.011480e+20 4.916085e+41
5.290000e-15 -8.192207e+20 6.711225e+41
5.300000e-15 -9.351241e+20 8.744570e+41
5.310000e-15 -1.048623e+21 1.099609e+42
5.320000e-15 -1.159487e+21 1.344409e+42
5.330000e-15 -1.267493e+21 1.606539e+42
5.340000e-15 -1.372425e+21 1.883551e+42
5.350000e-15 -1.474074e+21 2.172893e+42
5.360000e-15 -1.572237e+21 2.471929e+42
5.370000e-15 -1.666722e+21 2.777961e+42
5.380000e-15 -1.757342e+21 3.088252e+42
5.390000e-15 -1.843923e+21 3.400051e+42
5.400000e-15 -1.926296e+21 3.710615e+42
5.410000e-15 -2.004303e+21 4.017231e+42
5.420000e-15 -2.077797e+21 4.317240e+42
5.430000e-15 -2.146639e+21 4.608060e+42
5.440000e-15 -2.210702e+21 4.887203e+42
5.450000e-15 -2.269868e+21 5.152300e+42
5.460000e-15 -2.324030e+21 5.401116e+42
5.470000e-15 -2.373093e+21 5.631571e+42
5.480000e-15 -2.416972e+21 5.841754e+42
5.490000e-15 -2.455593e+21 6.029939e+42
5.500000e-15 -2.488895e+21 6.194597e+42
5.510000e-15 -2.516825e+21 6.334410e+42
5.520000e-15 -2.539346e+21 6.448277e+42
5.530000e-15 -2.556428e+21 6.535325e+42
5.540000e-15 -2.568056e+21 6.594913e+42
5.550000e-15 -2.574225e+21 6.626633e+42
5.560000e-15 -2.574941e+21 6.630319e+42
5.570000e-15 -2.570222e+21 6.606039e+42
5.580000e-15 -2.560097e+21 6.554098e+42
5.590000e-15 -2.544608e+21 6.475031e+42
5.600000e-15 -2.523806e+21 6.369597e+42
5.610000e-15 -2.497754e+21 6.238774e+42
5.620000e-15 -2.466524e+21 6.083743e+42
5.630000e-15 -2.430203e+21 5.905885e+42
5.640000e-15 -2.388883e+21 5.706760e+42
5.650000e-15 -2.342669e+21 5.488098e+42
5.660000e-15 -2.291677e+21 5.251782e+42
5.670000e-15 -2.236030e+21 4.999828e+42
5.680000e-15 -2.175861e+21 4.734373e+42
5.690000e-15 -2.111315e+21 4.457650e+42
5.700000e-15 -2.042541e+21 4.171973e+42
5.710000e-15 -1.969699e+21 3.879716e+42
5.720000e-15 -1.892958e+21 3.583290e+42
5.730000e-15 -1.812492e+21 3.285127e+42
5.740000e-15 -1.728484e+21 2.987655e+42
5.750000e-15 -1.641122e+21 2.693281e+42
5.760000e-15 -1.550603e+21 2.404370e+42
5.770000e-15 -1.457128e+21 2.123222e+42
5.780000e-15 -1.360904e+21 1.852061e+42
5.790000e-15 -1.262144e+21 1.593007e+42
5.800000e-15 -1.161064e+21 1.348069e+42
5.810000e-15 -1.057884e+21 1.119119e+42
5.820000e-15 -9.528298e+20 9.078846e+41
5.830000e-15 -8.461285e+20 7.159334e+41
5.840000e-15 -7.380105e+20 5.446595e+41
5.850000e-15 -6.287082e+20 3.952740e+41
5.860000e-15 -5.184559e+20 2.687965e+41
5.870000e-15 -4.074888e+20 1.660472e+41
5.880000e-15 -2.960431e+20 8.764153e+40
5.890000e-15 -1.843550e+20 3.398677e+40
5.900000e-15 -7.266041e+19 5.279536e+39
5.910000e-15 3.880550e+19 1.505867e+39
5.920000e-15 1.498089e+20 2.244270e+40
5.930000e-15 2.601176e+20 6.766117e+40
5.940000e-15 3.695019e+20 1.365316e+41
5.950000e-15 4.777346e+20 2.282303e+41
5.960000e-15 5.845917e+20 3.417475e+41
5.970000e-15 6.898531e+20 4.758973e+41
5.980000e-15 7.933026e+20 6.293290e+41
5.990000e-15 8.947284e+20 8.005389e+41
6.000000e-15 9.939240e+20 9.878848e+41
6.010000e-15 1.090688e+21 1.189600e+42
6.020000e-15 1.184825e+21 1.403810e+42
6.030000e-15 1.276145e+21 1.628547e+42
6.040000e-15 1.364467e+21 1.861770e+42
6.050000e-15 1.449613e+21 2.101378e+42
6.060000e-15 1.531416e+21 2.345234e+42
6.070000e-15 1.609714e+21 2.591178e+42
6.080000e-15 1.684354e+21 2.837048e+42
6.090000e-15 1.755191e+21 3.080696e+42
6.100000e-15 1.822089e+21 3.320010e+42
6.110000e-15 1.884921e+21 3.552925e+42
6.120000e-15 1.943566e+21 3.777448e+42
6.130000e-15 1.997916e+21 3.991667e+42
6.140000e-15 2.047870e+21 4.193771e+42
6.150000e-15 2.093338e+21 4.382064e+42
6.160000e-15 2.134239e+21 4.554974e+42
6.170000e-15 2.170501e+21 4.711074e+42
6.180000e-15 2.202063e+21 4.849083e+42
6.190000e-15 2.228876e+21 4.967886e+42
6.200000e-15 2.250896e+21 5.066533e+42
6.210000e-15 2.268094e+21 5.144252e+42
6.220000e-15 2.280450e+21 5.200451e+42
6.230000e-15 2.287952e+21 5.234725e+42
6.240000e-15 2.290601e+21 5.246855e+42
6.250000e-15 2.288407e+21 5.236809e+42
6.260000e-15 2.281391e+21 5.204744e+42
6.270000e-15 2.269582e+21 5.151001e+42
6.280000e-15 2.253020e+21 5.076100e+42
6.290000e-15 2.231756e+21 4.980737e+42
6.300000e-15 2.205851e+21 4.865777e+42
6.310000e-15 2.175372e+21 4.732242e+42
6.320000e-15 2.140399e+21 4.581306e+42
6.330000e-15 2.101019e+21 4.414281e+42
6.340000e-15 2.057330e+21 4.232608e+42
6.350000e-15 2.009438e+21 4.037840e+42
6.360000e-15 1.957455e+21 3.831632e+42
6.370000e-15 1.901506e+21 3.615725e+42
6.380000e-15 1.841719e+21 3.391930e+42
6.390000e-15 1.778234e+21 3.162115e+42
6.400000e-15 1.711194e+21 2.928185e+42
6.410000e-15 1.640753e+21 2.692070e+42
6.420000e-15 1.567069e+21 2.455705e+42
6.430000e-15 1.490308e+21 2.221017e+42
6.440000e-15 1.410640e+21 1.989906e+42
6.450000e-15 1.328243e+21 1.764230e+42
6.460000e-15 1.243299e+21 1.545792e+42
6.470000e-15 1.155993e+21 1.336321e+42
6.480000e-15 1.066518e+21 1.137461e+42
6.490000e-15 9.750684e+20 9.507583e+41
6.500000e-15 8.818425e+20 7.776461e+41
6.510000e-15 7.870422e+20 6.194355e+41
6.520000e-15 6.908721e+20 4.773043e+41
6.530000e-15 5.935387e+20 3.522882e+41
6.540000e-15 4.952506e+20 2.452732e+41
6.550000e-15 3.962176e+20 1.569884e+41
6.560000e-15 2.966505e+20 8.800155e+40
6.570000e-15 1.967607e+20 3.871476e+40
6.580000e-15 9.675932e+19 9.362367e+39
6.590000e-15 -3.142580e+18 9.875811e+36
6.600000e-15 -1.027350e+20 1.055447e+40
6.610000e-15 -2.018090e+20 4.072687e+40
6.620000e-15 -3.001576e+20 9.009460e+40
6.630000e-15 -3.975759e+20 1.580666e+41
6.640000e-15 -4.938613e+20 2.438990e+41
6.650000e-15 -5.888146e+20 3.467026e+41
6.660000e-15 -6.822396e+20 4.654509e+41
6.670000e-15 -7.739442e+20 5.989897e+41
6.680000e-15 -8.637403e+20 7.460473e+41
6.690000e-15 -9.514443e+20 9.052462e+41
6.700000e-15 -1.036878e+21 1.075115e+42
6.710000e-15 -1.119867e+21 1.254103e+42
6.720000e-15 -1.200245e+21 1.440588e+42
6.730000e-15 -1.277850e+21 1.632900e+42
6.740000e-15 -1.352526e+21 1.829327e+42
6.750000e-15 -1.424125e+21 2.028132e+42
6.760000e-15 -1.492505e+21 2.227570e+42
6.770000e-15 -1.557530e+21 2.425900e+42
6.780000e-15 -1.619075e+21 2.621403e+42
6.790000e-15 -1.677018e+21 2.812390e+42
6.800000e-15 -1.731249e+21 2.997225e+42
6.810000e-15 -1.781665e+21 3.174329e+42
6.820000e-15 -1.828168e+21 3.342200e+42
6.830000e-15 -1.870674e+21 3.499422e+42
6.840000e-15 -1.909104e+21 3.644678e+42
6.850000e-15 -1.943388e+21 3.776758e+42
6.860000e-15 -1.973467e+21 3.894571e+42
6.870000e-15 -1.999288e+21 3.997152e+42
6.880000e-15 -2.020810e+21 4.083672e+42
6.890000e-15 -2.037999e+21 4.153439e+42
6.900000e-15 -2.050831e+21 4.205910e+42
6.910000e-15 -2.059293e+21 4.240687e+42
6.920000e-15 -2.063377e+21 4.257527e+42
6.930000e-15 -2.063089e+21 4.256337e+42
6.940000e-15 -2.058441e+21 4.237179e+42
6.950000e-15 -2.049455e+21 4.200266e+42
6.960000e-15 -2.036162e+21 4.145956e+42
6.970000e-15 -2.018603e+21 4.074757e+42
6.980000e-15 -1.996826e+21 3.987314e+42
6.990000e-15 -1.970889e+21 3.884404e+42
7.000000e-15 -1.940859e+21 3.766933e+42
7.010000e-15 -1.906810e+21 3.635925e+42
7.020000e-15 -1.868825e+21 3.492509e+42
7.030000e-15 -1.826996e+21 3.337915e+42
7.040000e-15 -1.781421e+21 3.173463e+42
7.050000e-15 -1.732208e+21 3.000543e+42
7.060000e-15 -1.679469e+21 2.820615e+42
7.070000e-15 -1.623325e+21 2.635185e+42
7.080000e-15 -1.563906e+21 2.445802e+42
7.090000e-15 -1.501345e+21 2.254036e+42
7.100000e-15 -1.435782e+21 2.061471e+42
7.110000e-15 -1.367366e+21 1.869689e+42
7.120000e-15 -1.296247e+21 1.680256e+42
7.130000e-15 -1.222583e+21 1.494709e+42
7.140000e-15 -1.146537e+21 1.314548e+42
7.150000e-15 -1.068276e+21 1.141214e+42
7.160000e-15 -9.879715e+20 9.760877e+41
7.170000e-15 -9.057980e+20 8.204700e+41
7.180000e-15 -8.219344e+20 6.755762e+41
7.190000e-15 -7.365624e+20 5.425242e+41
7.200000e-15 -6.498664e+20 4.223263e+41
7.210000e-15 -5.620330e+20 3.158811e+41
7.220000e-15 -4.732509e+20 2.239664e+41
7.230000e-15 -3.837102e+20 1.472335e+41
7.240000e-15 -2.936020e+20 8.620212e+40
7.250000e-15 -2.031182e+20 4.125702e+40
7.260000e-15 -1.124511e+20 1.264524e+40
7.270000e-15 -2.179256e+19 4.749159e+38
7.280000e-15 6.866578e+19 4.714989e+39
7.290000e-15 1.587334e+20 2.519628e+40
7.300000e-15 2.482209e+20 6.161362e+40
7.310000e-15 3.369409e+20 1.135291e+41
7.320000e-15 4.247078e+20 1.803767e+41
7.330000e-15 5.113388e+20 2.614674e+41
7.340000e-15 5.966537e+20 3.559957e+41
7.350000e-15 6.804759e+20 4.630474e+41
7.360000e-15 7.626319e+20 5.816075e+41
7.370000e-15 8.429528e+20 7.105693e+41
7.380000e-15 9.212734e+20 8.487446e+41
7.390000e-15 9.974335e+20 9.948736e+41
7.400000e-15 1.071278e+21 1.147636e+42
7.410000e-15 1.142657e+21 1.305664e+42
7.420000e-15 1.211425e+21 1.467551e+42
7.430000e-15 1.277445e+21 1.631866e+42
7.440000e-15 1.340584e+21 1.797166e+42
7.450000e-15 1.400716e+21 1.962006e+42
7.460000e-15 1.457722e+21 2.124953e+42
7.470000e-15 1.511489e+21 2.284600e+42
7.480000e-15 1.561913e+21 2.439573e+42
7.490000e-15 1.608895e+21 2.588545e+42
7.500000e-15 1.652346e+21 2.730247e+42
7.510000e-15 1.692182e+21 2.863479e+42
7.520000e-15 1.728328e+21 2.987119e+42
7.530000e-15 1.760719e+21 3.100131e+42
7.540000e-15 1.789294e+21 3.201575e+42
7.550000e-15 1.814005e+21 3.290614e+42
7.560000e-15 1.834808e+21 3.366520e+42
7.570000e-15 1.851669e+21 3.428680e+42
7.580000e-15 1.864564e+21 3.476600e+42
7.590000e-15 1.873476e+21 3.509911e+42
7.600000e-15 1.878395e+21 3.528367e+42
7.610000e-15 1.879322e+21 3.531850e+42
7.620000e-15 1.876265e+21 3.520370e+42
7.630000e-15 1.869241e+21 3.494063e+42
7.640000e-15 1.858276e+21 3.453189e+42
7.650000e-15 1.843402e+21 3.398130e+42
7.660000e-15 1.824661e+21 3.329388e+42
7.670000e-15 1.802103e+21 3.247575e+42
7.680000e-15 1.775786e+21 3.153414e+42
7.690000e-15 1.745774e+21 3.047726e+42
7.700000e-15 1.712141e+21 2.931427e+42
7.710000e-15 1.674968e+21 2.805517e+42
7.720000e-15 1.634342e+21 2.671073e+42
7.730000e-15 1.590358e+21 2.529237e+42
7.740000e-15 1.543117e+21 2.381211e+42
7.750000e-15 1.492729e+21 2.228241e+42
7.760000e-15 1.439308e+21 2.071608e+42
7.770000e-15 1.382975e+21 1.912619e+42
7.780000e-15 1.323856e+21 1.752594e+42
7.790000e-15 1.262083e+21 1.592854e+42
7.800000e-15 1.197795e+21 1.434714e+42
7.810000e-15 1.131134e+21 1.279464e+42
7.820000e-15 1.062247e+21 1.128368e+42
7.830000e-15 9.912848e+20 9.826455e+41
7.840000e-15 9.184038e+20 8.434656e+41
7.850000e-15 8.437629e+20 7.119359e+41
7.860000e-15 7.675247e+20 5.890941e+41
7.870000e-15 6.898544e+20 4.758991e+41
7.880000e-15 6.109202e+20 3.732235e+41
7.890000e-15 5.308924e+20 2.818467e+41
7.900000e-15 4.499431e+20 2.024488e+41
7.910000e-15 3.682461e+20 1.356052e+41
7.920000e-15 2.859762e+20 8.178239e+40
7.930000e-15 2.033090e+20 4.133454e+40
7.940000e-15 1.204204e+20 1.450107e+40
7.950000e-15 3.748651e+19 1.405239e+39
7.960000e-15 -4.531702e+19 2.053632e+39
7.970000e-15 -1.278152e+20 1.633674e+40
7.980000e-15 -2.098343e+20 4.403044e+40
7.990000e-15 -2.912018e+20 8.479850e+40
8.000000e-15 -3.717472e+20 1.381960e+41
8.010000e-15 -4.513019e+20 2.036734e+41
8.020000e-15 -5.297002e+20 2.805823e+41
8.030000e-15 -6.067790e+20 3.681808e+41
8.040000e-15 -6.823784e+20 4.656403e+41
8.050000e-15 -7.563422e+20 5.720535e+41
8.060000e-15 -8.285178e+20 6.864418e+41
8.070000e-15 -8.987571e+20 8.077643e+41
8.080000e-15 -9.669161e+20 9.349268e+41
8.090000e-15 -1.032856e+21 1.066791e+42
8.100000e-15 -1.096442e+21 1.202186e+42
8.110000e-15 -1.157547e+21 1.339915e+42
8.120000e-15 -1.216046e+21 1.478768e+42
8.130000e-15 -1.271823e+21 1.617534e+42
8.140000e-15 -1.324766e+21 1.755005e+42
8.150000e-15 -1.374770e+21 1.889994e+42
8.160000e-15 -1.421737e+21 2.021337e+42
8.170000e-15 -1.465575e+21 2.147911e+42
8.180000e-15 -1.506199e+21 2.268636e+42
8.190000e-15 -1.543531e+21 2.382487e+42
8.200000e-15 -1.577499e+21 2.488505e+42
8.210000e-15 -1.608042e+21 2.585798e+42
8.220000e-15 -1.635101e+21 2.673555e+42
8.230000e-15 -1.658629e+21 2.751049e+42
8.240000e-15 -1.678584e+21 2.817645e+42
8.250000e-15 -1.694934e+21 2.872800e+42
8.260000e-15 -1.707651e+21 2.916073e+42
8.270000e-15 -1.716720e+21 2.947126e+42
8.280000e-15 -1.722128e+21 2.965724e+42
8.290000e-15 -1.723874e+21 2.971741e+42
8.300000e-15 -1.721963e+21 2.965155e+42
8.310000e-15 -1.716407e+21 2.946054e+42
8.320000e-15 -1.707229e+21 2.914630e+42
8.330000e-15 -1.694455e+21 2.871177e+42
8.340000e-15 -1.678122e+21 2.816092e+42
8.350000e-15 -1.658272e+21 2.749867e+42
8.360000e-15 -1.634957e+21 2.673086e+42
8.370000e-15 -1.608235e+21 2.586419e+42
8.380000e-15 -1.578169e+21 2.490617e+42
8.390000e-15 -1.544832e+21 2.386506e+42
8.400000e-15 -1.508302e+21 2.274975e+42
8.410000e-15 -1.468664e+21 2.156974e+42
8.420000e-15 -1.426010e+21 2.033504e+42
8.430000e-15 -1.380436e+21 1.905605e+42
8.440000e-15 -1.332048e+21 1.774351e+42
8.450000e-15 -1.280952e+21 1.640839e+42
8.460000e-15 -1.227265e+21 1.506180e+42
8.470000e-15 -1.171106e+21 1.371490e+42
8.480000e-15 -1.112600e+21 1.237878e+42
8.490000e-15 -1.051875e+21 1.106442e+42
8.500000e-15 -9.890670e+20 9.782536e+41
8.510000e-15 -9.243123e+20 8.543533e+41
8.520000e-15 -8.577529e+20 7.357401e+41
8.530000e-15 -7.895340e+20 6.233639e+41
8.540000e-15 -7.198037e+20 5.181173e+41
8.550000e-15 -6.487131e+20 4.208287e+41
8.560000e-15 -5.764160e+20 3.322554e+41
8.570000e-15 -5.030680e+20 2.530774e+41
8.580000e-15 -4.288268e+20 1.838924e+41
8.590000e-15 -3.538516e+20 1.252109e+41
8.600000e-15 -2.783026e+20 7.745234e+40
8.610000e-15 -2.023411e+20 4.094192e+40
8.620000e-15 -1.261287e+20 1.590845e+40
8.630000e-15 -4.982720e+19 2.482750e+39
8.640000e-15 2.640178e+19 6.970540e+38
8.650000e-15 1.023972e+20 1.048518e+40
8.660000e-15 1.779987e+20 3.168354e+40
8.670000e-15 2.530475e+20 6.403301e+40
8.680000e-15 3.273859e+20 1.071815e+41
8.690000e-15 4.008584e+20 1.606875e+41
8.700000e-15 4.733117e+20 2.240240e+41
8.710000e-15 5.445947e+20 2.965834e+41
8.720000e-15 6.145594e+20 3.776833e+41
8.730000e-15 6.830608e+20 4.665721e+41
8.740000e-15 7.499575e+20 5.624362e+41
8.750000e-15 8.151115e+20 6.644067e+41
8.760000e-15 8.783890e+20 7.715672e+41
8.770000e-15 9.396604e+20 8.829618e+41
8.780000e-15 9.988009e+20 9.976032e+41
8.790000e-15 1.055690e+21 1.114481e+42
8.800000e-15 1.110213e+21 1.232572e+42
8.810000e-15 1.162259e+21 1.350845e+42
8.820000e-15 1.211724e+21 1.468274e+42
8.830000e-15 1.258509e+21 1.583845e+42
8.840000e-15 1.302522e+21 1.696563e+42
8.850000e-15 1.343675e+21 1.805462e+42
8.860000e-15 1.381888e+21 1.909614e+42
8.870000e-15 1.417086e+21 2.008134e+42
8.880000e-15 1.449203e+21 2.100189e+42
8.890000e-15 1.478176e+21 2.185005e+42
8.900000e-15 1.503952e+21 2.261872e+42
8.910000e-15 1.526483e+21 2.330152e+42
8.920000e-15 1.545729e+21 2.389280e+42
8.930000e-15 1.561657e+21 2.438772e+42
8.940000e-15 1.574239e+21 2.478230e+42
8.950000e-15 1.583458e+21 2.507339e+42
8.960000e-15 1.589300e+21 2.525875e+42
8.970000e-15 1.591761e+21 2.533704e+42
8.980000e-15 1.590844e+21 2.530783e+42
8.990000e-15 1.586557e+21 2.517162e+42
9.000000e-15 1.578917e+21 2.492977e+42
9.010000e-15 1.567947e+21 2.458458e+42
9.020000e-15 1.553679e+21 2.413918e+42
9.030000e-15 1.536149e+21 2.359754e+42
9.040000e-15 1.515402e+21 2.296444e+42
9.050000e-15 1.491489e+21 2.224539e+42
9.060000e-15 1.464467e+21 2.144663e+42
9.070000e-15 1.434400e+21 2.057503e+42
9.080000e-15 1.401358e+21 1.963805e+42
9.090000e-15 1.365419e+21 1.864368e+42
9.100000e-15 1.326663e+21 1.760034e+42
9.110000e-15 1.285180e+21 1.651686e+42
9.120000e-15 1.241062e+21 1.540235e+42
9.130000e-15 1.194410e+21 1.426614e+42
9.140000e-15 1.145326e+21 1.311773e+42
9.150000e-15 1.093921e+21 1.196664e+42
9.160000e-15 1.040309e+21 1.082242e+42
9.170000e-15 9.846062e+20 9.694495e+41
9.180000e-15 9.269365e+20 8.592114e+41
9.190000e-15 8.674259e+20 7.524277e+41
9.200000e-15 8.062042e+20 6.499652e+41
9.210000e-15 7.434047e+20 5.526505e+41
9.220000e-15 6.791637e+20 4.612634e+41
9.230000e-15 6.136204e+20 3.765300e+41
9.240000e-15 5.469162e+20 2.991173e+41
9.250000e-15 4.791949e+20 2.296277e+41
9.260000e-15 4.106020e+20 1.685940e+41
9.270000e-15 3.412846e+20 1.164752e+41
9.280000e-15 2.713911e+20 7.365312e+40
9.290000e-15 2.010706e+20 4.042939e+40
9.300000e-15 1.304730e+20 1.702322e+40
9.310000e-15 5.974848e+19 3.569881e+39
9.320000e-15 -1.095301e+19 1.199685e+38
9.330000e-15 -8.148174e+19 6.639274e+39
9.340000e-15 -1.516887e+20 2.300945e+40
9.350000e-15 -2.214258e+20 4.902937e+40
9.360000e-15 -2.905463e+20 8.441713e+40
9.370000e-15 -3.589050e+20 1.288128e+41
9.380000e-15 -4.263588e+20 1.817819e+41
9.390000e-15 -4.927667e+20 2.428190e+41
9.400000e-15 -5.579900e+20 3.113528e+41
9.410000e-15 -6.218931e+20 3.867510e+41
9.420000e-15 -6.843433e+20 4.683257e+41
9.430000e-15 -7.452112e+20 5.553398e+41
9.440000e-15 -8.043713e+20 6.470131e+41
9.450000e-15 -8.617016e+20 7.425296e+41
9.460000e-15 -9.170844e+20 8.410438e+41
9.470000e-15 -9.704064e+20 9.416885e+41
9.480000e-15 -1.021559e+21 1.043582e+42
9.490000e-15 -1.070438e+21 1.145837e+42
9.500000e-15 -1.116944e+21 1.247564e+42
9.510000e-15 -1.160984e+21 1.347885e+42
9.520000e-15 -1.202470e+21 1.445935e+42
9.530000e-15 -1.241319e+21 1.540873e+42
9.540000e-15 -1.277453e+21 1.631887e+42
9.550000e-15 -1.310803e+21 1.718204e+42
9.560000e-15 -1.341302e+21 1.799092e+42
9.570000e-15 -1.368893e+21 1.873867e+42
9.580000e-15 -1.393521e+21 1.941902e+42
9.590000e-15 -1.415142e+21 2.002628e+42
9.600000e-15 -1.433716e+21 2.055541e+42
9.610000e-15 -1.449209e+21 2.100207e+42
9.620000e-15 -1.461595e+21 2.136259e+42
9.630000e-15 -1.470853e+21 2.163410e+42
9.640000e-15 -1.476972e+21 2.181445e+42
9.650000e-15 -1.479943e+21 2.190230e+42
9.660000e-15 -1.479767e+21 2.189710e+42
9.670000e-15 -1.476451e+21 2.179907e+42
9.680000e-15 -1.470008e+21 2.160923e+42
9.690000e-15 -1.460458e+21 2.132938e+42
9.700000e-15 -1.447828e+21 2.096207e+42
9.710000e-15 -1.432151e+21 2.051056e+42
9.720000e-15 -1.413466e+21 1.997885e+42
9.730000e-15 -1.391818e+21 1.937158e+42
9.740000e-15 -1.367261e+21 1.869402e+42
9.750000e-15 -1.339851e+21 1.795200e+42
9.760000e-15 -1.309652e+21 1.715189e+42
9.770000e-15 -1.276735e+21 1.630052e+42
9.780000e-15 -1.241174e+21 1.540514e+42
9.790000e-15 -1.203051e+21 1.447331e+42
9.800000e-15 -1.162451e+21 1.351292e+42
9.810000e-15 -1.119465e+21 1.253202e+42
9.820000e-15 -1.074190e+21 1.153883e+42
9.830000e-15 -1.026725e+21 1.054165e+42
9.840000e-15 -9.771771e+20 9.548750e+41
9.850000e-15 -9.256543e+20 8.568359e+41
9.860000e-15 -8.722703e+20 7.608554e+41
9.870000e-15 -8.171419e+20 6.677209e+41
9.880000e-15 -7.603897e+20 5.781926e+41
9.890000e-15 -7.021374e+20 4.929969e+41
9.900000e-15 -6.425115e+20 4.128210e+41
9.910000e-15 -5.816413e+20 3.383066e+41
9.920000e-15 -5.196584e+20 2.700449e+41
9.930000e-15 -4.566966e+20 2.085718e+41
9.940000e-15 -3.928915e+20 1.543638e+41
9.950000e-15 -3.283802e+20 1.078335e+41
9.960000e-15 -2.633008e+20 6.932734e+40
9.970000e-15 -1.977928e+20 3.912199e+40
9.980000e-15 -1.319959e+20 1.742292e+40
9.990000e-15 -6.605034e+19 4.362648e+39
1.000000e-14 -9.637764e+16 9.288649e+33
