0.000000e+00 nan nan
1.000000e-17 -1.029154e+14 1.059158e+28
2.000000e-17 -1.646333e+15 2.710411e+30
3.000000e-17 -8.331909e+15 6.942070e+31
4.000000e-17 -2.632123e+16 6.928069e+32
5.000000e-17 -6.422403e+16 4.124726e+33
6.000000e-17 -1.330818e+17 1.771076e+34
7.000000e-17 -2.463466e+17 6.068667e+34
8.000000e-17 -4.198556e+17 1.762787e+35
9.000000e-17 -6.718004e+17 4.513158e+35
1.000000e-16 -1.022692e+18 1.045900e+36
1.100000e-16 -1.495324e+18 2.235994e+36
1.200000e-16 -2.114723e+18 4.472055e+36
1.300000e-16 -2.908109e+18 8.457096e+36
1.400000e-16 -3.904833e+18 1.524772e+37
1.500000e-16 -5.136331e+18 2.638190e+37
1.600000e-16 -6.636055e+18 4.403723e+37
1.700000e-16 -8.439413e+18 7.122369e+37
1.800000e-16 -1.058370e+19 1.120146e+38
1.900000e-16 -1.310801e+19 1.718200e+38
2.000000e-16 -1.605321e+19 2.577055e+38
2.100000e-16 -1.946178e+19 3.787609e+38
2.200000e-16 -2.337781e+19 5.465220e+38
2.300000e-16 -2.784686e+19 7.754475e+38
2.400000e-16 -3.291589e+19 1.083456e+39
2.500000e-16 -3.863317e+19 1.492522e+39
2.600000e-16 -4.504818e+19 2.029338e+39
2.700000e-16 -5.221151e+19 2.726042e+39
2.800000e-16 -6.017476e+19 3.621001e+39
2.900000e-16 -6.899043e+19 4.759680e+39
3.000000e-16 -7.871184e+19 6.195554e+39
3.100000e-16 -8.939299e+19 7.991107e+39
3.200000e-16 -1.010885e+20 1.021888e+40
3.300000e-16 -1.138533e+20 1.296258e+40
3.400000e-16 -1.277430e+20 1.631827e+40
3.500000e-16 -1.428131e+20 2.039558e+40
3.600000e-16 -1.591194e+20 2.531900e+40
3.700000e-16 -1.767178e+20 3.122920e+40
3.800000e-16 -1.956640e+20 3.828439e+40
3.900000e-16 -2.160133e+20 4.666175e+40
4.000000e-16 -2.378209e+20 5.655880e+40
4.100000e-16 -2.611416e+20 6.819492e+40
4.200000e-16 -2.860292e+20 8.181271e+40
4.300000e-16 -3.125373e+20 9.767954e+40
4.400000e-16 -3.407183e+20 1.160889e+41
4.500000e-16 -3.706238e+20 1.373620e+41
4.600000e-16 -4.023044e+20 1.618488e+41
4.700000e-16 -4.358094e+20 1.899298e+41
4.800000e-16 -4.711868e+20 2.220170e+41
4.900000e-16 -5.084834e+20 2.585554e+41
5.000000e-16 -5.477443e+20 3.000238e+41
5.100000e-16 -5.890128e+20 3.469361e+41
5.200000e-16 -6.323307e+20 3.998422e+41
5.300000e-16 -6.777380e+20 4.593287e+41
5.400000e-16 -7.252724e+20 5.260200e+41
5.500000e-16 -7.749698e+20 6.005781e+41
5.600000e-16 -8.268638e+20 6.837037e+41
5.700000e-16 -8.809858e+20 7.761360e+41
5.800000e-16 -9.373648e+20 8.786529e+41
5.900000e-16 -9.960274e+20 9.920705e+41
6.000000e-16 -1.056997e+21 1.117243e+42
6.100000e-16 -1.120296e+21 1.255063e+42
6.200000e-16 -1.185942e+21 1.406459e+42
6.300000e-16 -1.253951e+21 1.572394e+42
6.400000e-16 -1.324337e+21 1.753867e+42
6.500000e-16 -1.397108e+21 1.951910e+42
6.600000e-16 -1.472271e+21 2.167583e+42
6.700000e-16 -1.549832e+21 2.401978e+42
6.800000e-16 -1.629789e+21 2.656211e+42
6.900000e-16 -1.712140e+21 2.931425e+42
7.000000e-16 -1.796880e+21 3.228779e+42
7.100000e-16 -1.884000e+21 3.549454e+42
7.200000e-16 -1.973485e+21 3.894644e+42
7.300000e-16 -2.065321e+21 4.265553e+42
7.400000e-16 -2.159489e+21 4.663391e+42
7.500000e-16 -2.255964e+21 5.089372e+42
7.600000e-16 -2.354720e+21 5.544707e+42
7.700000e-16 -2.455728e+21 6.030601e+42
7.800000e-16 -2.558954e+21 6.548245e+42
7.900000e-16 -2.664360e+21 7.098817e+42
8.000000e-16 -2.771907e+21 7.683468e+42
8.100000e-16 -2.881549e+21 8.303325e+42
8.200000e-16 -2.993239e+21 8.959480e+42
8.300000e-16 -3.106925e+21 9.652986e+42
8.400000e-16 -3.222553e+21 1.038485e+43
8.500000e-16 -3.340065e+21 1.115603e+43
8.600000e-16 -3.459397e+21 1.196743e+43
8.700000e-16 -3.580485e+21 1.281987e+43
8.800000e-16 -3.703259e+21 1.371413e+43
8.900000e-16 -3.827649e+21 1.465089e+43
9.000000e-16 -3.953577e+21 1.563077e+43
9.100000e-16 -4.080966e+21 1.665428e+43
9.200000e-16 -4.209732e+21 1.772185e+43
9.300000e-16 -4.339792e+21 1.883379e+43
9.400000e-16 -4.471055e+21 1.999033e+43
9.500000e-16 -4.603432e+21 2.119158e+43
9.600000e-16 -4.736827e+21 2.243753e+43
9.700000e-16 -4.871143e+21 2.372803e+43
9.800000e-16 -5.006280e+21 2.506284e+43
9.900000e-16 -5.142135e+21 2.644155e+43
1.000000e-15 -5.278602e+21 2.786364e+43
1.010000e-15 -5.415575e+21 2.932845e+43
1.020000e-15 -5.552941e+21 3.083516e+43
1.030000e-15 -5.690590e+21 3.238281e+43
1.040000e-15 -5.828404e+21 3.397029e+43
1.050000e-15 -5.966268e+21 3.559636e+43
1.060000e-15 -6.104063e+21 3.725958e+43
1.070000e-15 -6.241667e+21 3.895840e+43
1.080000e-15 -6.378958e+21 4.069110e+43
1.090000e-15 -6.515812e+21 4.245580e+43
1.100000e-15 -6.652103e+21 4.425047e+43
1.110000e-15 -6.787703e+21 4.607292e+43
1.120000e-15 -6.922486e+21 4.792082e+43
1.130000e-15 -7.056322e+21 4.979167e+43
1.140000e-15 -7.189079e+21 5.168286e+43
1.150000e-15 -7.320629e+21 5.359160e+43
1.160000e-15 -7.450838e+21 5.551498e+43
1.170000e-15 -7.579575e+21 5.744995e+43
1.180000e-15 -7.706707e+21 5.939333e+43
1.190000e-15 -7.832103e+21 6.134183e+43
1.200000e-15 -7.955628e+21 6.329202e+43
1.210000e-15 -8.077152e+21 6.524039e+43
1.220000e-15 -8.196543e+21 6.718331e+43
1.230000e-15 -8.313667e+21 6.911706e+43
1.240000e-15 -8.428395e+21 7.103784e+43
1.250000e-15 -8.540596e+21 7.294178e+43
1.260000e-15 -8.650141e+21 7.482494e+43
1.270000e-15 -8.756902e+21 7.668332e+43
1.280000e-15 -8.860751e+21 7.851291e+43
1.290000e-15 -8.961564e+21 8.030963e+43
1.300000e-15 -9.059217e+21 8.206941e+43
1.310000e-15 -9.153587e+21 8.378815e+43
1.320000e-15 -9.244554e+21 8.546177e+43
1.330000e-15 -9.332000e+21 8.708622e+43
1.340000e-15 -9.415808e+21 8.865745e+43
1.350000e-15 -9.495866e+21 9.017148e+43
1.360000e-15 -9.572063e+21 9.162438e+43
1.370000e-15 -9.644288e+21 9.301230e+43
1.380000e-15 -9.712438e+21 9.433146e+43
1.390000e-15 -9.776409e+21 9.557818e+43
1.400000e-15 -9.836102e+21 9.674891e+43
1.410000e-15 -9.891421e+21 9.784021e+43
1.420000e-15 -9.942272e+21 9.884877e+43
1.430000e-15 -9.988565e+21 9.977144e+43
1.440000e-15 -1.003022e+22 1.006052e+44
1.450000e-15 -1.006714e+22 1.013474e+44
1.460000e-15 -1.009927e+22 1.019952e+44
1.470000e-15 -1.012651e+22 1.025462e+44
1.480000e-15 -1.014881e+22 1.029983e+44
1.490000e-15 -1.016610e+22 1.033495e+44
1.500000e-15 -1.017831e+22 1.035979e+44
1.510000e-15 -1.018539e+22 1.037421e+44
1.520000e-15 -1.018728e+22 1.037807e+44
1.530000e-15 -1.018395e+22 1.037128e+44
1.540000e-15 -1.017534e+22 1.035375e+44
1.550000e-15 -1.016141e+22 1.032543e+44
1.560000e-15 -1.014214e+22 1.028631e+44
1.570000e-15 -1.011750e+22 1.023638e+44
1.580000e-15 -1.008746e+22 1.017568e+44
1.590000e-15 -1.005200e+22 1.010426e+44
1.600000e-15 -1.001111e+22 1.002223e+44
1.610000e-15 -9.964780e+21 9.929683e+43
1.620000e-15 -9.913012e+21 9.826781e+43
1.630000e-15 -9.855806e+21 9.713691e+43
1.640000e-15 -9.793170e+21 9.590618e+43
1.650000e-15 -9.725117e+21 9.457789e+43
1.660000e-15 -9.651665e+21 9.315463e+43
1.670000e-15 -9.572837e+21 9.163922e+43
1.680000e-15 -9.488665e+21 9.003476e+43
1.690000e-15 -9.399180e+21 8.834459e+43
1.700000e-15 -9.304425e+21 8.657232e+43
1.710000e-15 -9.204443e+21 8.472177e+43
1.720000e-15 -9.099285e+21 8.279699e+43
1.730000e-15 -8.989007e+21 8.080225e+43
1.740000e-15 -8.873671e+21 7.874203e+43
1.750000e-15 -8.753341e+21 7.662099e+43
1.760000e-15 -8.628091e+21 7.444395e+43
1.770000e-15 -8.497996e+21 7.221593e+43
1.780000e-15 -8.363137e+21 6.994207e+43
1.790000e-15 -8.223603e+21 6.762764e+43
1.800000e-15 -8.079483e+21 6.527804e+43
1.810000e-15 -7.930874e+21 6.289877e+43
1.820000e-15 -7.777879e+21 6.049540e+43
1.830000e-15 -7.620601e+21 5.807356e+43
1.840000e-15 -7.459153e+21 5.563896e+43
1.850000e-15 -7.293648e+21 5.319730e+43
1.860000e-15 -7.124205e+21 5.075430e+43
1.870000e-15 -6.950949e+21 4.831570e+43
1.880000e-15 -6.774007e+21 4.588718e+43
1.890000e-15 -6.593511e+21 4.347439e+43
1.900000e-15 -6.409595e+21 4.108291e+43
1.910000e-15 -6.222400e+21 3.871827e+43
1.920000e-15 -6.032068e+21 3.638585e+43
1.930000e-15 -5.838746e+21 3.409096e+43
1.940000e-15 -5.642583e+21 3.183874e+43
1.950000e-15 -5.443732e+21 2.963422e+43
1.960000e-15 -5.242349e+21 2.748222e+43
1.970000e-15 -5.038593e+21 2.538742e+43
1.980000e-15 -4.832624e+21 2.335426e+43
1.990000e-15 -4.624608e+21 2.138700e+43
2.000000e-15 -4.414710e+21 1.948966e+43
2.010000e-15 -4.203099e+21 1.766604e+43
2.020000e-15 -3.989944e+21 1.591966e+43
2.030000e-15 -3.775419e+21 1.425379e+43
2.040000e-15 -3.559698e+21 1.267145e+43
2.050000e-15 -3.342955e+21 1.117535e+43
2.060000e-15 -3.125367e+21 9.767919e+42
2.070000e-15 -2.907112e+21 8.451301e+42
2.080000e-15 -2.688369e+21 7.227327e+42
2.090000e-15 -2.469316e+21 6.097522e+42
2.100000e-15 -2.250134e+21 5.063103e+42
2.110000e-15 -2.031002e+21 4.124971e+42
2.120000e-15 -1.812102e+21 3.283712e+42
2.130000e-15 -1.593612e+21 2.539598e+42
2.140000e-15 -1.375712e+21 1.892584e+42
2.150000e-15 -1.158583e+21 1.342314e+42
2.160000e-15 -9.424019e+20 8.881213e+41
2.170000e-15 -7.273476e+20 5.290345e+41
2.180000e-15 -5.135965e+20 2.637814e+41
2.190000e-15 -3.013242e+20 9.079628e+40
2.200000e-15 -9.070477e+19 8.227356e+39
2.210000e-15 1.180893e+20 1.394509e+40
2.220000e-15 3.248874e+20 1.055518e+41
2.230000e-15 5.295208e+20 2.803923e+41
2.240000e-15 7.318231e+20 5.355650e+41
2.250000e-15 9.316299e+20 8.679343e+41
2.260000e-15 1.128780e+21 1.274144e+42
2.270000e-15 1.323114e+21 1.750630e+42
2.280000e-15 1.514476e+21 2.293636e+42
2.290000e-15 1.702712e+21 2.899230e+42
2.300000e-15 1.887674e+21 3.563315e+42
2.310000e-15 2.069215e+21 4.281651e+42
2.320000e-15 2.247191e+21 5.049868e+42
2.330000e-15 2.421464e+21 5.863487e+42
2.340000e-15 2.591897e+21 6.717930e+42
2.350000e-15 2.758360e+21 7.608548e+42
2.360000e-15 2.920724e+21 8.530628e+42
2.370000e-15 3.078866e+21 9.479419e+42
2.380000e-15 3.232669e+21 1.045015e+43
2.390000e-15 3.382016e+21 1.143803e+43
2.400000e-15 3.526798e+21 1.243830e+43
2.410000e-15 3.666910e+21 1.344623e+43
2.420000e-15 3.802251e+21 1.445711e+43
2.430000e-15 3.932726e+21 1.546633e+43
2.440000e-15 4.058243e+21 1.646934e+43
2.450000e-15 4.178719e+21 1.746169e+43
2.460000e-15 4.294071e+21 1.843905e+43
2.470000e-15 4.404225e+21 1.939720e+43
2.480000e-15 4.509111e+21 2.033209e+43
2.490000e-15 4.608665e+21 2.123979e+43
2.500000e-15 4.702826e+21 2.211657e+43
2.510000e-15 4.791541e+21 2.295887e+43
2.520000e-15 4.874763e+21 2.376331e+43
2.530000e-15 4.952447e+21 2.452673e+43
2.540000e-15 5.024557e+21 2.524617e+43
2.550000e-15 5.091061e+21 2.591890e+43
2.560000e-15 5.151932e+21 2.654241e+43
2.570000e-15 5.207151e+21 2.711442e+43
2.580000e-15 5.256702e+21 2.763292e+43
2.590000e-15 5.300576e+21 2.809611e+43
2.600000e-15 5.338769e+21 2.850245e+43
2.610000e-15 5.371282e+21 2.885068e+43
2.620000e-15 5.398124e+21 2.913974e+43
2.630000e-15 5.419305e+21 2.936887e+43
2.640000e-15 5.434846e+21 2.953755e+43
2.650000e-15 5.444769e+21 2.964551e+43
2.660000e-15 5.449102e+21 2.969272e+43
2.670000e-15 5.447882e+21 2.967942e+43
2.680000e-15 5.441146e+21 2.960607e+43
2.690000e-15 5.428940e+21 2.947339e+43
2.700000e-15 5.411313e+21 2.928231e+43
2.710000e-15 5.388320e+21 2.903400e+43
2.720000e-15 5.360022e+21 2.872984e+43
2.730000e-15 5.326482e+21 2.837141e+43
2.740000e-15 5.287770e+21 2.796051e+43
2.750000e-15 5.243961e+21 2.749912e+43
2.760000e-15 5.195132e+21 2.698940e+43
2.770000e-15 5.141367e+21 2.643366e+43
2.780000e-15 5.082754e+21 2.583439e+43
2.790000e-15 5.019384e+21 2.519421e+43
2.800000e-15 4.951353e+21 2.451590e+43
2.810000e-15 4.878761e+21 2.380231e+43
2.820000e-15 4.801712e+21 2.305644e+43
2.830000e-15 4.720313e+21 2.228136e+43
2.840000e-15 4.634676e+21 2.148022e+43
2.850000e-15 4.544915e+21 2.065625e+43
2.860000e-15 4.451147e+21 1.981271e+43
2.870000e-15 4.353494e+21 1.895291e+43
2.880000e-15 4.252081e+21 1.808019e+43
2.890000e-15 4.147034e+21 1.719789e+43
2.900000e-15 4.038483e+21 1.630934e+43
2.910000e-15 3.926560e+21 1.541788e+43
2.920000e-15 3.811401e+21 1.452678e+43
2.930000e-15 3.693143e+21 1.363930e+43
2.940000e-15 3.571924e+21 1.275864e+43
2.950000e-15 3.447887e+21 1.188792e+43
2.960000e-15 3.321174e+21 1.103020e+43
2.970000e-15 3.191931e+21 1.018842e+43
2.980000e-15 3.060303e+21 9.365454e+42
2.990000e-15 2.926438e+21 8.564042e+42
3.000000e-15 2.790486e+21 7.786813e+42
3.010000e-15 2.652596e+21 7.036266e+42
3.020000e-15 2.512919e+21 6.314763e+42
3.030000e-15 2.371607e+21 5.624519e+42
3.040000e-15 2.228811e+21 4.967600e+42
3.050000e-15 2.084685e+21 4.345911e+42
3.060000e-15 1.939381e+21 3.761197e+42
3.070000e-15 1.793051e+21 3.215033e+42
3.080000e-15 1.645850e+21 2.708821e+42
3.090000e-15 1.497928e+21 2.243790e+42
3.100000e-15 1.349440e+21 1.820988e+42
3.110000e-15 1.200536e+21 1.441286e+42
3.120000e-15 1.051367e+21 1.105373e+42
3.130000e-15 9.020846e+20 8.137566e+41
3.140000e-15 7.528371e+20 5.667637e+41
3.150000e-15 6.037731e+20 3.645420e+41
3.160000e-15 4.550397e+20 2.070612e+41
3.170000e-15 3.067826e+20 9.411558e+40
3.180000e-15 1.591461e+20 2.532747e+40
3.190000e-15 1.227261e+19 1.506170e+38
3.200000e-15 -1.336968e+20 1.787484e+40
3.210000e-15 -2.786233e+20 7.763095e+40
3.220000e-15 -4.223698e+20 1.783962e+41
3.230000e-15 -5.648014e+20 3.190006e+41
3.240000e-15 -7.057855e+20 4.981332e+41
3.250000e-15 -8.451918e+20 7.143492e+41
3.260000e-15 -9.828923e+20 9.660774e+41
3.270000e-15 -1.118762e+21 1.251628e+42
3.280000e-15 -1.252678e+21 1.569201e+42
3.290000e-15 -1.384520e+21 1.916896e+42
3.300000e-15 -1.514172e+21 2.292716e+42
3.310000e-15 -1.641518e+21 2.694583e+42
3.320000e-15 -1.766449e+21 3.120343e+42
3.330000e-15 -1.888856e+21 3.567779e+42
3.340000e-15 -2.008635e+21 4.034615e+42
3.350000e-15 -2.125683e+21 4.518530e+42
3.360000e-15 -2.239903e+21 5.017167e+42
3.370000e-15 -2.351200e+21 5.528143e+42
3.380000e-15 -2.459483e+21 6.049056e+42
3.390000e-15 -2.564663e+21 6.577497e+42
3.400000e-15 -2.666657e+21 7.111061e+42
3.410000e-15 -2.765385e+21 7.647351e+42
3.420000e-15 -2.860768e+21 8.183994e+42
3.430000e-15 -2.952735e+21 8.718643e+42
3.440000e-15 -3.041216e+21 9.248992e+42
3.450000e-15 -3.126145e+21 9.772781e+42
3.460000e-15 -3.207461e+21 1.028780e+43
3.470000e-15 -3.285106e+21 1.079192e+43
3.480000e-15 -3.359026e+21 1.128306e+43
3.490000e-15 -3.429172e+21 1.175922e+43
3.500000e-15 -3.495497e+21 1.221850e+43
3.510000e-15 -3.557959e+21 1.265907e+43
3.520000e-15 -3.616521e+21 1.307922e+43
3.530000e-15 -3.671148e+21 1.347733e+43
3.540000e-15 -3.721811e+21 1.385187e+43
3.550000e-15 -3.768482e+21 1.420146e+43
3.560000e-15 -3.811142e+21 1.452480e+43
3.570000e-15 -3.849770e+21 1.482073e+43
3.580000e-15 -3.884353e+21 1.508820e+43
3.590000e-15 -3.914882e+21 1.532630e+43
3.600000e-15 -3.941349e+21 1.553423e+43
3.610000e-15 -3.963753e+21 1.571134e+43
3.620000e-15 -3.982095e+21 1.585708e+43
3.630000e-15 -3.996381e+21 1.597106e+43
3.640000e-15 -4.006619e+21 1.605300e+43
3.650000e-15 -4.012824e+21 1.610276e+43
3.660000e-15 -4.015012e+21 1.612032e+43
3.670000e-15 -4.013204e+21 1.610580e+43
3.680000e-15 -4.007424e+21 1.605944e+43
3.690000e-15 -3.997699e+21 1.598160e+43
3.700000e-15 -3.984063e+21 1.587276e+43
3.710000e-15 -3.966549e+21 1.573351e+43
3.720000e-15 -3.945197e+21 1.556458e+43
3.730000e-15 -3.920048e+21 1.536678e+43
3.740000e-15 -3.891148e+21 1.514104e+43
3.750000e-15 -3.858546e+21 1.488838e+43
3.760000e-15 -3.822294e+21 1.460993e+43
3.770000e-15 -3.782447e+21 1.430691e+43
3.780000e-15 -3.739063e+21 1.398059e+43
3.790000e-15 -3.692204e+21 1.363237e+43
3.800000e-15 -3.641934e+21 1.326368e+43
3.810000e-15 -3.588320e+21 1.287604e+43
3.820000e-15 -3.531432e+21 1.247101e+43
3.830000e-15 -3.471344e+21 1.205023e+43
3.840000e-15 -3.408130e+21 1.161535e+43
3.850000e-15 -3.341869e+21 1.116809e+43
3.860000e-15 -3.272642e+21 1.071018e+43
3.870000e-15 -3.200531e+21 1.024340e+43
3.880000e-15 -3.125621e+21 9.769506e+42
3.890000e-15 -3.048000e+21 9.290306e+42
3.900000e-15 -2.967759e+21 8.807591e+42
3.910000e-15 -2.884987e+21 8.323151e+42
3.920000e-15 -2.799780e+21 7.838768e+42
3.930000e-15 -2.712233e+21 7.356205e+42
3.940000e-15 -2.622442e+21 6.877202e+42
3.950000e-15 -2.530507e+21 6.403466e+42
3.960000e-15 -2.436529e+21 5.936672e+42
3.970000e-15 -2.340609e+21 5.478449e+42
3.980000e-15 -2.242850e+21 5.030377e+42
3.990000e-15 -2.143358e+21 4.593983e+42
4.000000e-15 -2.042238e+21 4.170734e+42
4.010000e-15 -1.939596e+21 3.762033e+42
4.020000e-15 -1.835541e+21 3.369211e+42
4.030000e-15 -1.730181e+21 2.993527e+42
4.040000e-15 -1.623626e+21 2.636161e+42
4.050000e-15 -1.515985e+21 2.298210e+42
4.060000e-15 -1.407369e+21 1.980688e+42
4.070000e-15 -1.297889e+21 1.684516e+42
4.080000e-15 -1.187656e+21 1.410528e+42
4.090000e-15 -1.076783e+21 1.159461e+42
4.100000e-15 -9.653789e+20 9.319565e+41
4.110000e-15 -8.535574e+20 7.285602e+41
4.120000e-15 -7.414294e+20 5.497176e+41
4.130000e-15 -6.291063e+20 3.957748e+41
4.140000e-15 -5.166992e+20 2.669781e+41
4.150000e-15 -4.043187e+20 1.634736e+41
4.160000e-15 -2.920749e+20 8.530773e+40
4.170000e-15 -1.800773e+20 3.242785e+40
4.180000e-15 -6.843494e+19 4.683342e+39
4.190000e-15 4.274432e+19 1.827077e+39
4.200000e-15 1.533533e+20 2.351724e+40
4.210000e-15 2.632860e+20 6.931950e+40
4.220000e-15 3.724372e+20 1.387095e+41
4.230000e-15 4.807032e+20 2.310756e+41
4.240000e-15 5.879814e+20 3.457222e+41
4.250000e-15 6.941707e+20 4.818730e+41
4.260000e-15 7.991714e+20 6.386749e+41
4.270000e-15 9.028853e+20 8.152019e+41
4.280000e-15 1.005216e+21 1.010459e+42
4.290000e-15 1.106069e+21 1.223388e+42
4.300000e-15 1.205350e+21 1.452870e+42
4.310000e-15 1.302970e+21 1.697732e+42
4.320000e-15 1.398839e+21 1.956751e+42
4.330000e-15 1.492870e+21 2.228661e+42
4.340000e-15 1.584978e+21 2.512155e+42
4.350000e-15 1.675080e+21 2.805894e+42
4.360000e-15 1.763097e+21 3.108511e+42
4.370000e-15 1.848950e+21 3.418615e+42
4.380000e-15 1.932563e+21 3.734799e+42
4.390000e-15 2.013863e+21 4.055645e+42
4.400000e-15 2.092781e+21 4.379730e+42
4.410000e-15 2.169247e+21 4.705631e+42
4.420000e-15 2.243196e+21 5.031929e+42
4.430000e-15 2.314567e+21 5.357218e+42
4.440000e-15 2.383298e+21 5.680109e+42
4.450000e-15 2.449333e+21 5.999234e+42
4.460000e-15 2.512619e+21 6.313253e+42
4.470000e-15 2.573102e+21 6.620856e+42
4.480000e-15 2.630736e+21 6.920774e+42
4.490000e-15 2.685475e+21 7.211778e+42
4.500000e-15 2.737277e+21 7.492685e+42
4.510000e-15 2.786102e+21 7.762362e+42
4.520000e-15 2.831913e+21 8.019733e+42
4.530000e-15 2.874679e+21 8.263779e+42
4.540000e-15 2.914369e+21 8.493544e+42
4.550000e-15 2.950955e+21 8.708137e+42
4.560000e-15 2.984415e+21 8.906735e+42
4.570000e-15 3.014728e+21 9.088587e+42
4.580000e-15 3.041877e+21 9.253014e+42
4.590000e-15 3.065846e+21 9.399414e+42
4.600000e-15 3.086627e+21 9.527263e+42
4.610000e-15 3.104209e+21 9.636114e+42
4.620000e-15 3.118590e+21 9.725602e+42
4.630000e-15 3.129767e+21 9.795441e+42
4.640000e-15 3.137742e+21 9.845427e+42
4.650000e-15 3.142521e+21 9.875438e+42
4.660000e-15 3.144111e+21 9.885433e+42
4.670000e-15 3.142523e+21 9.875451e+42
4.680000e-15 3.137772e+21 9.845613e+42
4.690000e-15 3.129875e+21 9.796118e+42
4.700000e-15 3.118853e+21 9.727241e+42
4.710000e-15 3.104728e+21 9.639336e+42
4.720000e-15 3.087528e+21 9.532828e+42
4.730000e-15 3.067281e+21 9.408215e+42
4.740000e-15 3.044021e+21 9.266063e+42
4.750000e-15 3.017782e+21 9.107006e+42
4.760000e-15 2.988602e+21 8.931740e+42
4.770000e-15 2.956522e+21 8.741020e+42
4.780000e-15 2.921585e+21 8.535660e+42
4.790000e-15 2.883839e+21 8.316525e+42
4.800000e-15 2.843330e+21 8.084528e+42
4.810000e-15 2.800112e+21 7.840629e+42
4.820000e-15 2.754238e+21 7.585827e+42
4.830000e-15 2.705764e+21 7.321160e+42
4.840000e-15 2.654749e+21 7.047694e+42
4.850000e-15 2.601254e+21 6.766525e+42
4.860000e-15 2.545343e+21 6.478772e+42
4.870000e-15 2.487081e+21 6.185571e+42
4.880000e-15 2.426535e+21 5.888072e+42
4.890000e-15 2.363775e+21 5.587434e+42
4.900000e-15 2.298874e+21 5.284821e+42
4.910000e-15 2.231903e+21 4.981393e+42
4.920000e-15 2.162940e+21 4.678309e+42
4.930000e-15 2.092060e+21 4.376714e+42
4.940000e-15 2.019342e+21 4.077743e+42
4.950000e-15 1.944867e+21 3.782509e+42
4.960000e-15 1.868717e+21 3.492102e+42
4.970000e-15 1.790973e+21 3.207586e+42
4.980000e-15 1.711722e+21 2.929992e+42
4.990000e-15 1.631048e+21 2.660317e+42
5.000000e-15 1.549038e+21 2.399519e+42
5.010000e-15 1.465780e+21 2.148511e+42
5.020000e-15 1.381362e+21 1.908162e+42
5.030000e-15 1.295875e+21 1.679292e+42
5.040000e-15 1.209408e+21 1.462668e+42
5.050000e-15 1.122053e+21 1.259002e+42
5.060000e-15 1.033900e+21 1.068950e+42
5.070000e-15 9.450429e+20 8.931061e+41
5.080000e-15 8.555730e+20 7.320051e+41
5.090000e-15 7.655832e+20 5.861176e+41
5.100000e-15 6.751665e+20 4.558498e+41
5.110000e-15 5.844160e+20 3.415420e+41
5.120000e-15 4.934246e+20 2.434678e+41
5.130000e-15 4.022854e+20 1.618335e+41
5.140000e-15 3.110912e+20 9.677771e+40
5.150000e-15 2.199344e+20 4.837114e+40
5.160000e-15 1.289073e+20 1.661710e+40
5.170000e-15 3.810171e+19 1.451740e+39
5.180000e-15 -5.239129e+19 2.744847e+39
5.190000e-15 -1.424811e+20 2.030085e+40
5.200000e-15 -2.320777e+20 5.386007e+40
5.210000e-15 -3.210922e+20 1.031002e+41
5.220000e-15 -4.094363e+20 1.676381e+41
5.230000e-15 -4.970228e+20 2.470317e+41
5.240000e-15 -5.837655e+20 3.407822e+41
5.250000e-15 -6.695795e+20 4.483367e+41
5.260000e-15 -7.543808e+20 5.690904e+41
5.270000e-15 -8.380870e+20 7.023898e+41
5.280000e-15 -9.206170e+20 8.475356e+41
5.290000e-15 -1.001891e+21 1.003786e+42
5.300000e-15 -1.081831e+21 1.170358e+42
5.310000e-15 -1.160360e+21 1.346436e+42
5.320000e-15 -1.237404e+21 1.531169e+42
5.330000e-15 -1.312889e+21 1.723678e+42
5.340000e-15 -1.386744e+21 1.923060e+42
5.350000e-15 -1.458900e+21 2.128389e+42
5.360000e-15 -1.529289e+21 2.338725e+42
5.370000e-15 -1.597845e+21 2.553110e+42
5.380000e-15 -1.664506e+21 2.770581e+42
5.390000e-15 -1.729210e+21 2.990166e+42
5.400000e-15 -1.791897e+21 3.210895e+42
5.410000e-15 -1.852511e+21 3.431798e+42
5.420000e-15 -1.910998e+21 3.651912e+42
5.430000e-15 -1.967304e+21 3.870285e+42
5.440000e-15 -2.021380e+21 4.085979e+42
5.450000e-15 -2.073179e+21 4.298073e+42
5.460000e-15 -2.122656e+21 4.505667e+42
5.470000e-15 -2.169767e+21 4.707889e+42
5.480000e-15 -2.214473e+21 4.903892e+42
5.490000e-15 -2.256737e+21 5.092862e+42
5.500000e-15 -2.296523e+21 5.274020e+42
5.510000e-15 -2.333800e+21 5.446623e+42
5.520000e-15 -2.368538e+21 5.609971e+42
5.530000e-15 -2.400709e+21 5.763404e+42
5.540000e-15 -2.430290e+21 5.906311e+42
5.550000e-15 -2.457260e+21 6.038125e+42
5.560000e-15 -2.481598e+21 6.158330e+42
5.570000e-15 -2.503290e+21 6.266461e+42
5.580000e-15 -2.522322e+21 6.362108e+42
5.590000e-15 -2.538683e+21 6.444913e+42
5.600000e-15 -2.552366e+21 6.514573e+42
5.610000e-15 -2.563366e+21 6.570843e+42
5.620000e-15 -2.571679e+21 6.613534e+42
5.630000e-15 -2.577307e+21 6.642513e+42
5.640000e-15 -2.580253e+21 6.657707e+42
5.650000e-15 -2.580523e+21 6.659098e+42
5.660000e-15 -2.578124e+21 6.646726e+42
5.670000e-15 -2.573070e+21 6.620687e+42
5.680000e-15 -2.565372e+21 6.581134e+42
5.690000e-15 -2.555049e+21 6.528274e+42
5.700000e-15 -2.542119e+21 6.462367e+42
5.710000e-15 -2.526604e+21 6.383726e+42
5.720000e-15 -2.508528e+21 6.292714e+42
5.730000e-15 -2.487919e+21 6.189742e+42
5.740000e-15 -2.464806e+21 6.075269e+42
5.750000e-15 -2.439221e+21 5.949799e+42
5.760000e-15 -2.411198e+21 5.813876e+42
5.770000e-15 -2.380774e+21 5.668086e+42
5.780000e-15 -2.347988e+21 5.513050e+42
5.790000e-15 -2.312882e+21 5.349424e+42
5.800000e-15 -2.275499e+21 5.177896e+42
5.810000e-15 -2.235885e+21 4.999182e+42
5.820000e-15 -2.194088e+21 4.814023e+42
5.830000e-15 -2.150158e+21 4.623181e+42
5.840000e-15 -2.104148e+21 4.427439e+42
5.850000e-15 -2.056111e+21 4.227593e+42
5.860000e-15 -2.006104e+21 4.024452e+42
5.870000e-15 -1.954184e+21 3.818833e+42
5.880000e-15 -1.900411e+21 3.611560e+42
5.890000e-15 -1.844846e+21 3.403457e+42
5.900000e-15 -1.787553e+21 3.195346e+42
5.910000e-15 -1.728596e+21 2.988046e+42
5.920000e-15 -1.668042e+21 2.782365e+42
5.930000e-15 -1.605958e+21 2.579102e+42
5.940000e-15 -1.542413e+21 2.379038e+42
5.950000e-15 -1.477477e+21 2.182940e+42
5.960000e-15 -1.411223e+21 1.991550e+42
5.970000e-15 -1.343722e+21 1.805588e+42
5.980000e-15 -1.275048e+21 1.625747e+42
5.990000e-15 -1.205276e+21 1.452691e+42
6.000000e-15 -1.134482e+21 1.287050e+42
6.010000e-15 -1.062743e+21 1.129422e+42
6.020000e-15 -9.901346e+20 9.803665e+41
6.030000e-15 -9.167359e+20 8.404046e+41
6.040000e-15 -8.426250e+20 7.100169e+41
6.050000e-15 -7.678811e+20 5.896413e+41
6.060000e-15 -6.925835e+20 4.796718e+41
6.070000e-15 -6.168119e+20 3.804570e+41
6.080000e-15 -5.406465e+20 2.922987e+41
6.090000e-15 -4.641674e+20 2.154514e+41
6.100000e-15 -3.874549e+20 1.501213e+41
6.110000e-15 -3.105892e+20 9.646568e+40
6.120000e-15 -2.336507e+20 5.459265e+40
6.130000e-15 -1.567193e+20 2.456095e+40
6.140000e-15 -7.987494e+19 6.380007e+39
6.150000e-15 -3.197037e+18 1.022104e+37
6.160000e-15 7.323529e+19 5.363408e+39
6.170000e-15 1.493434e+20 2.230346e+40
6.180000e-15 2.250493e+20 5.064720e+40
6.190000e-15 3.002756e+20 9.016542e+40
6.200000e-15 3.749455e+20 1.405841e+41
6.210000e-15 4.489832e+20 2.015859e+41
6.220000e-15 5.223137e+20 2.728116e+41
6.230000e-15 5.948628e+20 3.538618e+41
6.240000e-15 6.665576e+20 4.442991e+41
6.250000e-15 7.373262e+20 5.436499e+41
6.260000e-15 8.070976e+20 6.514065e+41
6.270000e-15 8.758024e+20 7.670299e+41
6.280000e-15 9.433724e+20 8.899516e+41
6.290000e-15 1.009741e+21 1.019576e+42
6.300000e-15 1.074842e+21 1.155285e+42
6.310000e-15 1.138612e+21 1.296437e+42
6.320000e-15 1.200989e+21 1.442374e+42
6.330000e-15 1.261911e+21 1.592420e+42
6.340000e-15 1.321321e+21 1.745888e+42
6.350000e-15 1.379159e+21 1.902081e+42
6.360000e-15 1.435372e+21 2.060294e+42
6.370000e-15 1.489905e+21 2.219818e+42
6.380000e-15 1.542707e+21 2.379945e+42
6.390000e-15 1.593728e+21 2.539967e+42
6.400000e-15 1.642919e+21 2.699182e+42
6.410000e-15 1.690235e+21 2.856895e+42
6.420000e-15 1.735633e+21 3.012421e+42
6.430000e-15 1.779070e+21 3.165091e+42
6.440000e-15 1.820508e+21 3.314250e+42
6.450000e-15 1.859909e+21 3.459261e+42
6.460000e-15 1.897238e+21 3.599511e+42
6.470000e-15 1.932462e+21 3.734409e+42
6.480000e-15 1.965551e+21 3.863389e+42
6.490000e-15 1.996476e+21 3.985916e+42
6.500000e-15 2.025212e+21 4.101483e+42
6.510000e-15 2.051735e+21 4.209616e+42
6.520000e-15 2.076024e+21 4.309876e+42
6.530000e-15 2.098060e+21 4.401857e+42
6.540000e-15 2.117828e+21 4.485193e+42
6.550000e-15 2.135312e+21 4.559555e+42
6.560000e-15 2.150501e+21 4.624654e+42
6.570000e-15 2.163386e+21 4.680241e+42
6.580000e-15 2.173961e+21 4.726108e+42
6.590000e-15 2.182222e+21 4.762091e+42
6.600000e-15 2.188165e+21 4.788067e+42
6.610000e-15 2.191793e+21 4.803955e+42
6.620000e-15 2.193107e+21 4.809717e+42
6.630000e-15 2.192113e+21 4.805360e+42
6.640000e-15 2.188819e+21 4.790931e+42
6.650000e-15 2.183236e+21 4.766518e+42
6.660000e-15 2.175375e+21 4.732255e+42
6.670000e-15 2.165251e+21 4.688311e+42
6.680000e-15 2.152881e+21 4.634898e+42
6.690000e-15 2.138286e+21 4.572267e+42
6.700000e-15 2.121486e+21 4.500702e+42
6.710000e-15 2.102505e+21 4.420529e+42
6.720000e-15 2.081370e+21 4.332103e+42
6.730000e-15 2.058109e+21 4.235814e+42
6.740000e-15 2.032753e+21 4.132083e+42
6.750000e-15 2.005333e+21 4.021359e+42
6.760000e-15 1.975884e+21 3.904119e+42
6.770000e-15 1.944444e+21 3.780862e+42
6.780000e-15 1.911050e+21 3.652113e+42
6.790000e-15 1.875744e+21 3.518414e+42
6.800000e-15 1.838567e+21 3.380327e+42
6.810000e-15 1.799564e+21 3.238429e+42
6.820000e-15 1.758780e+21 3.093308e+42
6.830000e-15 1.716265e+21 2.945564e+42
6.840000e-15 1.672066e+21 2.795805e+42
6.850000e-15 1.626236e+21 2.644642e+42
6.860000e-15 1.578826e+21 2.492692e+42
6.870000e-15 1.529891e+21 2.340567e+42
6.880000e-15 1.479487e+21 2.188882e+42
6.890000e-15 1.427670e+21 2.038242e+42
6.900000e-15 1.374499e+21 1.889248e+42
6.910000e-15 1.320033e+21 1.742488e+42
6.920000e-15 1.264334e+21 1.598539e+42
6.930000e-15 1.207462e+21 1.457964e+42
6.940000e-15 1.149481e+21 1.321306e+42
6.950000e-15 1.090454e+21 1.189091e+42
6.960000e-15 1.030448e+21 1.061823e+42
6.970000e-15 9.695266e+20 9.399818e+41
6.980000e-15 9.077571e+20 8.240230e+41
6.990000e-15 8.452067e+20 7.143743e+41
7.000000e-15 7.819430e+20 6.114349e+41
7.010000e-15 7.180347e+20 5.155738e+41
7.020000e-15 6.535505e+20 4.271283e+41
7.030000e-15 5.885598e+20 3.464026e+41
7.040000e-15 5.231322e+20 2.736673e+41
7.050000e-15 4.573378e+20 2.091579e+41
7.060000e-15 3.912467e+20 1.530740e+41
7.070000e-15 3.249291e+20 1.055789e+41
7.080000e-15 2.584554e+20 6.679919e+40
7.090000e-15 1.918959e+20 3.682404e+40
7.100000e-15 1.253209e+20 1.570533e+40
7.110000e-15 5.880042e+19 3.457489e+39
7.120000e-15 -7.595716e+18 5.769490e+37
7.130000e-15 -7.379797e+19 5.446140e+39
7.140000e-15 -1.397372e+20 1.952648e+40
7.150000e-15 -2.053447e+20 4.216645e+40
7.160000e-15 -2.705523e+20 7.319857e+40
7.170000e-15 -3.352925e+20 1.124211e+41
7.180000e-15 -3.994983e+20 1.595989e+41
7.190000e-15 -4.631036e+20 2.144649e+41
7.200000e-15 -5.260429e+20 2.767211e+41
7.210000e-15 -5.882517e+20 3.460401e+41
7.220000e-15 -6.496665e+20 4.220665e+41
7.230000e-15 -7.102246e+20 5.044190e+41
7.240000e-15 -7.698645e+20 5.926914e+41
7.250000e-15 -8.285258e+20 6.864550e+41
7.260000e-15 -8.861492e+20 7.852604e+41
7.270000e-15 -9.426767e+20 8.886393e+41
7.280000e-15 -9.980516e+20 9.961070e+41
7.290000e-15 -1.052219e+21 1.107164e+42
7.300000e-15 -1.105124e+21 1.221298e+42
7.310000e-15 -1.156714e+21 1.337988e+42
7.320000e-15 -1.206940e+21 1.456703e+42
7.330000e-15 -1.255750e+21 1.576908e+42
7.340000e-15 -1.303098e+21 1.698064e+42
7.350000e-15 -1.348937e+21 1.819631e+42
7.360000e-15 -1.393223e+21 1.941070e+42
7.370000e-15 -1.435913e+21 2.061846e+42
7.380000e-15 -1.476966e+21 2.181429e+42
7.390000e-15 -1.516343e+21 2.299297e+42
7.400000e-15 -1.554007e+21 2.414939e+42
7.410000e-15 -1.589923e+21 2.527855e+42
7.420000e-15 -1.624057e+21 2.637560e+42
7.430000e-15 -1.656377e+21 2.743585e+42
7.440000e-15 -1.686854e+21 2.845478e+42
7.450000e-15 -1.715462e+21 2.942809e+42
7.460000e-15 -1.742173e+21 3.035168e+42
7.470000e-15 -1.766966e+21 3.122168e+42
7.480000e-15 -1.789818e+21 3.203448e+42
7.490000e-15 -1.810711e+21 3.278673e+42
7.500000e-15 -1.829627e+21 3.347534e+42
7.510000e-15 -1.846551e+21 3.409752e+42
7.520000e-15 -1.861472e+21 3.465077e+42
7.530000e-15 -1.874377e+21 3.513289e+42
7.540000e-15 -1.885259e+21 3.554201e+42
7.550000e-15 -1.894111e+21 3.587656e+42
7.560000e-15 -1.900929e+21 3.613531e+42
7.570000e-15 -1.905711e+21 3.631735e+42
7.580000e-15 -1.908457e+21 3.642209e+42
7.590000e-15 -1.909170e+21 3.644929e+42
7.600000e-15 -1.907853e+21 3.639903e+42
7.610000e-15 -1.904514e+21 3.627172e+42
7.620000e-15 -1.899160e+21 3.606810e+42
7.630000e-15 -1.891804e+21 3.578921e+42
7.640000e-15 -1.882457e+21 3.543643e+42
7.650000e-15 -1.871134e+21 3.501142e+42
7.660000e-15 -1.857853e+21 3.451618e+42
7.670000e-15 -1.842632e+21 3.395294e+42
7.680000e-15 -1.825493e+21 3.332426e+42
7.690000e-15 -1.806459e+21 3.263294e+42
7.700000e-15 -1.785554e+21 3.188203e+42
7.710000e-15 -1.762805e+21 3.107483e+42
7.720000e-15 -1.738242e+21 3.021485e+42
7.730000e-15 -1.711894e+21 2.930581e+42
7.740000e-15 -1.683794e+21 2.835162e+42
7.750000e-15 -1.653976e+21 2.735637e+42
7.760000e-15 -1.622477e+21 2.632431e+42
7.770000e-15 -1.589333e+21 2.525979e+42
7.780000e-15 -1.554584e+21 2.416732e+42
7.790000e-15 -1.518271e+21 2.305147e+42
7.800000e-15 -1.480436e+21 2.191692e+42
7.810000e-15 -1.441124e+21 2.076838e+42
7.820000e-15 -1.400379e+21 1.961061e+42
7.830000e-15 -1.358248e+21 1.844838e+42
7.840000e-15 -1.314780e+21 1.728646e+42
7.850000e-15 -1.270024e+21 1.612960e+42
7.860000e-15 -1.224030e+21 1.498249e+42
7.870000e-15 -1.176851e+21 1.384977e+42
7.880000e-15 -1.128539e+21 1.273600e+42
7.890000e-15 -1.079148e+21 1.164561e+42
7.900000e-15 -1.028735e+21 1.058295e+42
7.910000e-15 -9.773536e+20 9.552201e+41
7.920000e-15 -9.250621e+20 8.557398e+41
7.930000e-15 -8.719179e+20 7.602408e+41
7.940000e-15 -8.179795e+20 6.690904e+41
7.950000e-15 -7.633061e+20 5.826363e+41
7.960000e-15 -7.079577e+20 5.012041e+41
7.970000e-15 -6.519946e+20 4.250969e+41
7.980000e-15 -5.954777e+20 3.545937e+41
7.990000e-15 -5.384685e+20 2.899483e+41
8.000000e-15 -4.810287e+20 2.313886e+41
8.010000e-15 -4.232203e+20 1.791154e+41
8.020000e-15 -3.651056e+20 1.333021e+41
8.030000e-15 -3.067471e+20 9.409381e+40
8.040000e-15 -2.482075e+20 6.160696e+40
8.050000e-15 -1.895493e+20 3.592893e+40
8.060000e-15 -1.308351e+20 1.711783e+40
8.070000e-15 -7.212751e+19 5.202377e+39
8.080000e-15 -1.348882e+19 1.819482e+38
8.090000e-15 4.501880e+19 2.026693e+39
8.100000e-15 1.033335e+20 1.067781e+40
8.110000e-15 1.613938e+20 2.604795e+40
8.120000e-15 2.191385e+20 4.802169e+40
8.130000e-15 2.765071e+20 7.645620e+40
8.140000e-15 3.334395e+20 1.111819e+41
8.150000e-15 3.898763e+20 1.520035e+41
8.160000e-15 4.457585e+20 1.987007e+41
8.170000e-15 5.010282e+20 2.510293e+41
8.180000e-15 5.556280e+20 3.087225e+41
8.190000e-15 6.095016e+20 3.714922e+41
8.200000e-15 6.625933e+20 4.390298e+41
8.210000e-15 7.148485e+20 5.110084e+41
8.220000e-15 7.662137e+20 5.870835e+41
8.230000e-15 8.166364e+20 6.668950e+41
8.240000e-15 8.660652e+20 7.500690e+41
8.250000e-15 9.144499e+20 8.362186e+41
8.260000e-15 9.617414e+20 9.249466e+41
8.270000e-15 1.007892e+21 1.015847e+42
8.280000e-15 1.052856e+21 1.108505e+42
8.290000e-15 1.096587e+21 1.202503e+42
8.300000e-15 1.139042e+21 1.297417e+42
8.310000e-15 1.180180e+21 1.392824e+42
8.320000e-15 1.219958e+21 1.488298e+42
8.330000e-15 1.258339e+21 1.583417e+42
8.340000e-15 1.295284e+21 1.677761e+42
8.350000e-15 1.330758e+21 1.770917e+42
8.360000e-15 1.364726e+21 1.862478e+42
8.370000e-15 1.397156e+21 1.952046e+42
8.380000e-15 1.428017e+21 2.039232e+42
8.390000e-15 1.457279e+21 2.123662e+42
8.400000e-15 1.484915e+21 2.204973e+42
8.410000e-15 1.510900e+21 2.282819e+42
8.420000e-15 1.535209e+21 2.356867e+42
8.430000e-15 1.557821e+21 2.426807e+42
8.440000e-15 1.578716e+21 2.492343e+42
8.450000e-15 1.597874e+21 2.553201e+42
8.460000e-15 1.615280e+21 2.609130e+42
8.470000e-15 1.630920e+21 2.659899e+42
8.480000e-15 1.644780e+21 2.705301e+42
8.490000e-15 1.656850e+21 2.745152e+42
8.500000e-15 1.667121e+21 2.779294e+42
8.510000e-15 1.675587e+21 2.807593e+42
8.520000e-15 1.682242e+21 2.829940e+42
8.530000e-15 1.687084e+21 2.846253e+42
8.540000e-15 1.690112e+21 2.856477e+42
8.550000e-15 1.691325e+21 2.860581e+42
8.560000e-15 1.690728e+21 2.858562e+42
8.570000e-15 1.688325e+21 2.850442e+42
8.580000e-15 1.684123e+21 2.836270e+42
8.590000e-15 1.678130e+21 2.816119e+42
8.600000e-15 1.670356e+21 2.790089e+42
8.610000e-15 1.660814e+21 2.758304e+42
8.620000e-15 1.649519e+21 2.720912e+42
8.630000e-15 1.636485e+21 2.678084e+42
8.640000e-15 1.621732e+21 2.630014e+42
8.650000e-15 1.605278e+21 2.576916e+42
8.660000e-15 1.587144e+21 2.519027e+42
8.670000e-15 1.567355e+21 2.456602e+42
8.680000e-15 1.545935e+21 2.389914e+42
8.690000e-15 1.522909e+21 2.319253e+42
8.700000e-15 1.498308e+21 2.244925e+42
8.710000e-15 1.472159e+21 2.167252e+42
8.720000e-15 1.444495e+21 2.086565e+42
8.730000e-15 1.415348e+21 2.003210e+42
8.740000e-15 1.384753e+21 1.917541e+42
8.750000e-15 1.352746e+21 1.829921e+42
8.760000e-15 1.319363e+21 1.740719e+42
8.770000e-15 1.284645e+21 1.650312e+42
8.780000e-15 1.248629e+21 1.559076e+42
8.790000e-15 1.211359e+21 1.467392e+42
8.800000e-15 1.172877e+21 1.375640e+42
8.810000e-15 1.133225e+21 1.284200e+42
8.820000e-15 1.092450e+21 1.193448e+42
8.830000e-15 1.050598e+21 1.103755e+42
8.840000e-15 1.007714e+21 1.015487e+42
8.850000e-15 9.638478e+20 9.290025e+41
8.860000e-15 9.190480e+20 8.446491e+41
8.870000e-15 8.733644e+20 7.627654e+41
8.880000e-15 8.268479e+20 6.836774e+41
8.890000e-15 7.795499e+20 6.076981e+41
8.900000e-15 7.315227e+20 5.351255e+41
8.910000e-15 6.828193e+20 4.662422e+41
8.920000e-15 6.334931e+20 4.013135e+41
8.930000e-15 5.835982e+20 3.405868e+41
8.940000e-15 5.331892e+20 2.842907e+41
8.950000e-15 4.823211e+20 2.326337e+41
8.960000e-15 4.310493e+20 1.858035e+41
8.970000e-15 3.794295e+20 1.439668e+41
8.980000e-15 3.275177e+20 1.072678e+41
8.990000e-15 2.753699e+20 7.582858e+40
9.000000e-15 2.230425e+20 4.974796e+40
9.010000e-15 1.705918e+20 2.910157e+40
9.020000e-15 1.180743e+20 1.394153e+40
9.030000e-15 6.554612e+19 4.296294e+39
9.040000e-15 1.306362e+19 1.706583e+38
9.050000e-15 -3.931717e+19 1.545840e+39
9.060000e-15 -9.154042e+19 8.379649e+39
9.070000e-15 -1.435506e+20 2.060678e+40
9.080000e-15 -1.952925e+20 3.813916e+40
9.090000e-15 -2.467113e+20 6.086648e+40
9.100000e-15 -2.977527e+20 8.865668e+40
9.110000e-15 -3.483629e+20 1.213567e+41
9.120000e-15 -3.984885e+20 1.587931e+41
9.130000e-15 -4.480770e+20 2.007730e+41
9.140000e-15 -4.970764e+20 2.470850e+41
9.150000e-15 -5.454356e+20 2.975000e+41
9.160000e-15 -5.931041e+20 3.517724e+41
9.170000e-15 -6.400322e+20 4.096413e+41
9.180000e-15 -6.861715e+20 4.708313e+41
9.190000e-15 -7.314740e+20 5.350543e+41
9.200000e-15 -7.758932e+20 6.020102e+41
9.210000e-15 -8.193832e+20 6.713888e+41
9.220000e-15 -8.618994e+20 7.428706e+41
9.230000e-15 -9.033985e+20 8.161288e+41
9.240000e-15 -9.438380e+20 8.908302e+41
9.250000e-15 -9.831770e+20 9.666370e+41
9.260000e-15 -1.021376e+21 1.043208e+42
9.270000e-15 -1.058395e+21 1.120200e+42
9.280000e-15 -1.094199e+21 1.197271e+42
9.290000e-15 -1.128750e+21 1.274077e+42
9.300000e-15 -1.162015e+21 1.350280e+42
9.310000e-15 -1.193962e+21 1.425544e+42
9.320000e-15 -1.224557e+21 1.499540e+42
9.330000e-15 -1.253772e+21 1.571943e+42
9.340000e-15 -1.281577e+21 1.642441e+42
9.350000e-15 -1.307947e+21 1.710726e+42
9.360000e-15 -1.332856e+21 1.776505e+42
9.370000e-15 -1.356280e+21 1.839495e+42
9.380000e-15 -1.378197e+21 1.899427e+42
9.390000e-15 -1.398587e+21 1.956046e+42
9.400000e-15 -1.417432e+21 2.009112e+42
9.410000e-15 -1.434713e+21 2.058402e+42
9.420000e-15 -1.450417e+21 2.103709e+42
9.430000e-15 -1.464529e+21 2.144845e+42
9.440000e-15 -1.477038e+21 2.181640e+42
9.450000e-15 -1.487933e+21 2.213944e+42
9.460000e-15 -1.497206e+21 2.241627e+42
9.470000e-15 -1.504852e+21 2.264579e+42
9.480000e-15 -1.510864e+21 2.282710e+42
9.490000e-15 -1.515240e+21 2.295952e+42
9.500000e-15 -1.517979e+21 2.304259e+42
9.510000e-15 -1.519080e+21 2.307604e+42
9.520000e-15 -1.518547e+21 2.305985e+42
9.530000e-15 -1.516383e+21 2.299417e+42
9.540000e-15 -1.512594e+21 2.287940e+42
9.550000e-15 -1.507187e+21 2.271612e+42
9.560000e-15 -1.500171e+21 2.250514e+42
9.570000e-15 -1.491558e+21 2.224746e+42
9.580000e-15 -1.481360e+21 2.194427e+42
9.590000e-15 -1.469591e+21 2.159696e+42
9.600000e-15 -1.456266e+21 2.120711e+42
9.610000e-15 -1.441404e+21 2.077645e+42
9.620000e-15 -1.425023e+21 2.030692e+42
9.630000e-15 -1.407145e+21 1.980057e+42
9.640000e-15 -1.387791e+21 1.925964e+42
9.650000e-15 -1.366985e+21 1.868648e+42
9.660000e-15 -1.344753e+21 1.808360e+42
9.670000e-15 -1.321121e+21 1.745360e+42
9.680000e-15 -1.296117e+21 1.679920e+42
9.690000e-15 -1.269772e+21 1.612320e+42
9.700000e-15 -1.242115e+21 1.542851e+42
9.710000e-15 -1.213180e+21 1.471807e+42
9.720000e-15 -1.183001e+21 1.399491e+42
9.730000e-15 -1.151611e+21 1.326208e+42
9.740000e-15 -1.119047e+21 1.252267e+42
9.750000e-15 -1.085347e+21 1.177978e+42
9.760000e-15 -1.050549e+21 1.103653e+42
9.770000e-15 -1.014692e+21 1.029601e+42
9.780000e-15 -9.778178e+20 9.561276e+41
9.790000e-15 -9.399670e+20 8.835380e+41
9.800000e-15 -9.011826e+20 8.121301e+41
9.810000e-15 -8.615081e+20 7.421962e+41
9.820000e-15 -8.209878e+20 6.740210e+41
9.830000e-15 -7.796670e+20 6.078806e+41
9.840000e-15 -7.375915e+20 5.440412e+41
9.850000e-15 -6.948081e+20 4.827583e+41
9.860000e-15 -6.513642e+20 4.242753e+41
9.870000e-15 -6.073076e+20 3.688225e+41
9.880000e-15 -5.626869e+20 3.166165e+41
9.890000e-15 -5.175511e+20 2.678592e+41
9.900000e-15 -4.719498e+20 2.227366e+41
9.910000e-15 -4.259327e+20 1.814187e+41
9.920000e-15 -3.795502e+20 1.440583e+41
9.930000e-15 -3.328527e+20 1.107909e+41
9.940000e-15 -2.858911e+20 8.173371e+40
9.950000e-15 -2.387162e+20 5.698544e+40
9.960000e-15 -1.913792e+20 3.662601e+40
9.970000e-15 -1.439313e+20 2.071621e+40
9.980000e-15 -9.642349e+19 9.297489e+39
9.990000e-15 -4.890704e+19 2.391898e+39
1.000000e-14 -1.432974e+18 2.053414e+36
