898673049673520.000000 9.603894e-06
1545050157030437.750000 -1.350225e-07
2180619771111204.500000 9.341652e-05
2813143280635890.000000 -3.386301e-05
3444098951686821.000000 1.510267e-05
4074229097550064.500000 -7.720830e-06
4703870026959542.000000 4.348398e-06
5333196801143359.000000 -2.632708e-06
5962309700556979.000000 1.685918e-06
6591270362531479.000000 -1.129070e-06
7220118783768821.000000 7.843270e-07
7848882062103918.000000 -5.616976e-07
8477579213485721.000000 4.127555e-07
9106223978522092.000000 -3.100731e-07
9734826534567738.000000 2.374295e-07
10363394581227678.000000 -1.848691e-07
10991934051588180.000000 1.460820e-07
11620449591627798.000000 -1.169550e-07
12248944891462244.000000 9.473942e-08
12877422919253718.000000 -7.755723e-08
13505886089609078.000000 6.409982e-08
14134336386925848.000000 -5.343883e-08
14762275069908240.000000 3.393811e-05
