0.000000e+00 nan nan
1.500000e-17 4.299857e+22 1.848877e+45
3.000000e-17 4.288927e+22 1.839489e+45
4.500000e-17 4.270747e+22 1.823928e+45
6.000000e-17 4.245373e+22 1.802319e+45
7.500000e-17 4.212882e+22 1.774837e+45
9.000000e-17 4.173371e+22 1.741703e+45
1.050000e-16 4.126961e+22 1.703181e+45
1.200000e-16 4.073792e+22 1.659578e+45
1.350000e-16 4.014024e+22 1.611239e+45
1.500000e-16 3.947839e+22 1.558543e+45
1.650000e-16 3.875434e+22 1.501899e+45
1.800000e-16 3.797027e+22 1.441742e+45
1.950000e-16 3.712854e+22 1.378529e+45
2.100000e-16 3.623167e+22 1.312734e+45
2.250000e-16 3.528232e+22 1.244842e+45
2.400000e-16 3.428332e+22 1.175346e+45
2.550000e-16 3.323763e+22 1.104740e+45
2.700000e-16 3.214834e+22 1.033516e+45
2.850000e-16 3.101865e+22 9.621567e+44
3.000000e-16 2.985188e+22 8.911348e+44
3.150000e-16 2.865143e+22 8.209045e+44
3.300000e-16 2.742079e+22 7.518995e+44
3.450000e-16 2.616350e+22 6.845288e+44
3.600000e-16 2.488319e+22 6.191732e+44
3.750000e-16 2.358351e+22 5.561819e+44
3.900000e-16 2.226815e+22 4.958703e+44
4.050000e-16 2.094081e+22 4.385174e+44
4.200000e-16 1.960521e+22 3.843642e+44
4.350000e-16 1.826505e+22 3.336122e+44
4.500000e-16 1.692403e+22 2.864228e+44
4.650000e-16 1.558579e+22 2.429169e+44
4.800000e-16 1.425395e+22 2.031752e+44
4.950000e-16 1.293207e+22 1.672384e+44
5.100000e-16 1.162362e+22 1.351085e+44
5.250000e-16 1.033201e+22 1.067505e+44
5.400000e-16 9.060566e+21 8.209386e+43
5.550000e-16 7.812492e+21 6.103503e+43
5.700000e-16 6.590891e+21 4.343984e+43
5.850000e-16 5.398741e+21 2.914640e+43
6.000000e-16 4.238889e+21 1.796818e+43
6.150000e-16 3.114042e+21 9.697257e+42
6.300000e-16 2.026758e+21 4.107748e+42
6.450000e-16 9.794388e+20 9.593003e+41
6.600000e-16 -2.567773e+19 6.593456e+38
6.750000e-16 -9.865228e+20 9.732273e+41
6.900000e-16 -1.901203e+21 3.614574e+42
7.050000e-16 -2.768007e+21 7.661861e+42
7.200000e-16 -3.585405e+21 1.285513e+43
7.350000e-16 -4.352057e+21 1.894040e+43
7.500000e-16 -5.066817e+21 2.567263e+43
7.650000e-16 -5.728726e+21 3.281831e+43
7.800000e-16 -6.337026e+21 4.015790e+43
7.950000e-16 -6.891150e+21 4.748795e+43
8.100000e-16 -7.390728e+21 5.462285e+43
8.250000e-16 -7.835582e+21 6.139635e+43
8.400000e-16 -8.225730e+21 6.766263e+43
8.550000e-16 -8.561377e+21 7.329718e+43
8.700000e-16 -8.842918e+21 7.819719e+43
8.850000e-16 -9.070929e+21 8.228175e+43
9.000000e-16 -9.246168e+21 8.549161e+43
9.150000e-16 -9.369564e+21 8.778873e+43
9.300000e-16 -9.442218e+21 8.915548e+43
9.450000e-16 -9.465391e+21 8.959362e+43
9.600000e-16 -9.440500e+21 8.912304e+43
9.750000e-16 -9.369111e+21 8.778025e+43
9.900000e-16 -9.252931e+21 8.561673e+43
1.005000e-15 -9.093797e+21 8.269715e+43
1.020000e-15 -8.893672e+21 7.909740e+43
1.035000e-15 -8.654631e+21 7.490264e+43
1.050000e-15 -8.378856e+21 7.020522e+43
1.065000e-15 -8.068622e+21 6.510266e+43
1.080000e-15 -7.726291e+21 5.969557e+43
1.095000e-15 -7.354299e+21 5.408571e+43
1.110000e-15 -6.955146e+21 4.837406e+43
1.125000e-15 -6.531387e+21 4.265902e+43
1.140000e-15 -6.085618e+21 3.703475e+43
1.155000e-15 -5.620470e+21 3.158968e+43
1.170000e-15 -5.138593e+21 2.640514e+43
1.185000e-15 -4.642649e+21 2.155419e+43
1.200000e-15 -4.135300e+21 1.710070e+43
1.215000e-15 -3.619197e+21 1.309859e+43
1.230000e-15 -3.096972e+21 9.591237e+42
1.245000e-15 -2.571225e+21 6.611198e+42
1.260000e-15 -2.044514e+21 4.180038e+42
1.275000e-15 -1.519349e+21 2.308420e+42
1.290000e-15 -9.981768e+20 9.963570e+41
1.305000e-15 -4.833787e+20 2.336550e+41
1.320000e-15 2.274347e+19 5.172653e+38
1.335000e-15 5.179729e+20 2.682959e+41
1.350000e-15 1.000186e+21 1.000373e+42
1.365000e-15 1.467361e+21 2.153148e+42
1.380000e-15 1.917582e+21 3.677120e+42
1.395000e-15 2.349047e+21 5.518023e+42
1.410000e-15 2.760075e+21 7.618014e+42
1.425000e-15 3.149108e+21 9.916878e+42
1.440000e-15 3.514716e+21 1.235323e+43
1.455000e-15 3.855606e+21 1.486570e+43
1.470000e-15 4.170617e+21 1.739405e+43
1.485000e-15 4.458731e+21 1.988028e+43
1.500000e-15 4.719068e+21 2.226960e+43
1.515000e-15 4.950893e+21 2.451134e+43
1.530000e-15 5.153614e+21 2.655974e+43
1.545000e-15 5.326784e+21 2.837463e+43
1.560000e-15 5.470098e+21 2.992198e+43
1.575000e-15 5.583396e+21 3.117431e+43
1.590000e-15 5.666657e+21 3.211101e+43
1.605000e-15 5.720002e+21 3.271842e+43
1.620000e-15 5.743685e+21 3.298992e+43
1.635000e-15 5.738096e+21 3.292575e+43
1.650000e-15 5.703755e+21 3.253282e+43
1.665000e-15 5.641305e+21 3.182432e+43
1.680000e-15 5.551510e+21 3.081926e+43
1.695000e-15 5.435251e+21 2.954196e+43
1.710000e-15 5.293518e+21 2.802133e+43
1.725000e-15 5.127404e+21 2.629027e+43
1.740000e-15 4.938099e+21 2.438483e+43
1.755000e-15 4.726885e+21 2.234345e+43
1.770000e-15 4.495126e+21 2.020616e+43
1.785000e-15 4.244263e+21 1.801377e+43
1.800000e-15 3.975804e+21 1.580702e+43
1.815000e-15 3.691319e+21 1.362584e+43
1.830000e-15 3.392430e+21 1.150858e+43
1.845000e-15 3.080804e+21 9.491351e+42
1.860000e-15 2.758143e+21 7.607352e+42
1.875000e-15 2.426179e+21 5.886343e+42
1.890000e-15 2.086662e+21 4.354157e+42
1.905000e-15 1.741354e+21 3.032314e+42
1.920000e-15 1.392021e+21 1.937723e+42
1.935000e-15 1.040423e+21 1.082480e+42
1.950000e-15 6.883070e+20 4.737666e+41
1.965000e-15 3.373999e+20 1.138387e+41
1.980000e-15 -1.060077e+19 1.123764e+38
1.995000e-15 -3.540331e+20 1.253394e+41
2.010000e-15 -6.912787e+20 4.778662e+41
2.025000e-15 -1.020769e+21 1.041970e+42
2.040000e-15 -1.340994e+21 1.798264e+42
2.055000e-15 -1.650504e+21 2.724163e+42
2.070000e-15 -1.947921e+21 3.794395e+42
2.085000e-15 -2.231940e+21 4.981556e+42
2.100000e-15 -2.501338e+21 6.256691e+42
2.115000e-15 -2.754975e+21 7.589885e+42
2.130000e-15 -2.991800e+21 8.950866e+42
2.145000e-15 -3.210855e+21 1.030959e+43
2.160000e-15 -3.411280e+21 1.163683e+43
2.175000e-15 -3.592312e+21 1.290471e+43
2.190000e-15 -3.753290e+21 1.408719e+43
2.205000e-15 -3.893658e+21 1.516057e+43
2.220000e-15 -4.012962e+21 1.610386e+43
2.235000e-15 -4.110857e+21 1.689914e+43
2.250000e-15 -4.187103e+21 1.753183e+43
2.265000e-15 -4.241567e+21 1.799089e+43
2.280000e-15 -4.274221e+21 1.826896e+43
2.295000e-15 -4.285142e+21 1.836244e+43
2.310000e-15 -4.274511e+21 1.827144e+43
2.325000e-15 -4.242609e+21 1.799973e+43
2.340000e-15 -4.189819e+21 1.755458e+43
2.355000e-15 -4.116616e+21 1.694653e+43
2.370000e-15 -4.023571e+21 1.618912e+43
2.385000e-15 -3.911343e+21 1.529860e+43
2.400000e-15 -3.780677e+21 1.429352e+43
2.415000e-15 -3.632398e+21 1.319431e+43
2.430000e-15 -3.467407e+21 1.202291e+43
2.445000e-15 -3.286679e+21 1.080226e+43
2.460000e-15 -3.091251e+21 9.555830e+42
2.475000e-15 -2.882222e+21 8.307202e+42
2.490000e-15 -2.660746e+21 7.079568e+42
2.505000e-15 -2.428025e+21 5.895304e+42
2.520000e-15 -2.185303e+21 4.775550e+42
2.535000e-15 -1.933862e+21 3.739822e+42
2.550000e-15 -1.675011e+21 2.805663e+42
2.565000e-15 -1.410085e+21 1.988339e+42
2.580000e-15 -1.140432e+21 1.300586e+42
2.595000e-15 -8.674151e+20 7.524089e+41
2.610000e-15 -5.923968e+20 3.509339e+41
2.625000e-15 -3.167388e+20 1.003234e+41
2.640000e-15 -4.179297e+19 1.746653e+39
2.655000e-15 2.311042e+20 5.340917e+40
2.670000e-15 5.006383e+20 2.506387e+41
2.685000e-15 7.655225e+20 5.860247e+41
2.700000e-15 1.024504e+21 1.049608e+42
2.715000e-15 1.276369e+21 1.629117e+42
2.730000e-15 1.519948e+21 2.310242e+42
2.745000e-15 1.754123e+21 3.076947e+42
2.760000e-15 1.977829e+21 3.911807e+42
2.775000e-15 2.190061e+21 4.796368e+42
2.790000e-15 2.389879e+21 5.711521e+42
2.805000e-15 2.576408e+21 6.637878e+42
2.820000e-15 2.748846e+21 7.556154e+42
2.835000e-15 2.906465e+21 8.447538e+42
2.850000e-15 3.048614e+21 9.294045e+42
2.865000e-15 3.174721e+21 1.007885e+43
2.880000e-15 3.284297e+21 1.078661e+43
2.895000e-15 3.376936e+21 1.140370e+43
2.910000e-15 3.452317e+21 1.191849e+43
2.925000e-15 3.510203e+21 1.232152e+43
2.940000e-15 3.550443e+21 1.260565e+43
2.955000e-15 3.572975e+21 1.276615e+43
2.970000e-15 3.577819e+21 1.280079e+43
2.985000e-15 3.565081e+21 1.270981e+43
3.000000e-15 3.534952e+21 1.249589e+43
3.015000e-15 3.487704e+21 1.216408e+43
3.030000e-15 3.423688e+21 1.172164e+43
3.045000e-15 3.343334e+21 1.117788e+43
3.060000e-15 3.247148e+21 1.054397e+43
3.075000e-15 3.135708e+21 9.832663e+42
3.090000e-15 3.009659e+21 9.058048e+42
3.105000e-15 2.869714e+21 8.235260e+42
3.120000e-15 2.716647e+21 7.380169e+42
3.135000e-15 2.551287e+21 6.509066e+42
3.150000e-15 2.374519e+21 5.638342e+42
3.165000e-15 2.187276e+21 4.784175e+42
3.180000e-15 1.990532e+21 3.962217e+42
3.195000e-15 1.785303e+21 3.187306e+42
3.210000e-15 1.572636e+21 2.473185e+42
3.225000e-15 1.353609e+21 1.832258e+42
3.240000e-15 1.129321e+21 1.275365e+42
3.255000e-15 9.008880e+20 8.115992e+41
3.270000e-15 6.694406e+20 4.481507e+41
3.285000e-15 4.361145e+20 1.901959e+41
3.300000e-15 2.020471e+20 4.082305e+40
3.315000e-15 -3.162821e+19 1.000343e+39
3.330000e-15 -2.637878e+20 6.958399e+40
3.345000e-15 -4.933226e+20 2.433671e+41
3.360000e-15 -7.191435e+20 5.171673e+41
3.375000e-15 -9.401864e+20 8.839504e+41
3.390000e-15 -1.155417e+21 1.334989e+42
3.405000e-15 -1.363836e+21 1.860048e+42
3.420000e-15 -1.564482e+21 2.447605e+42
3.435000e-15 -1.756439e+21 3.085079e+42
3.450000e-15 -1.938837e+21 3.759089e+42
3.465000e-15 -2.110857e+21 4.455719e+42
3.480000e-15 -2.271737e+21 5.160788e+42
3.495000e-15 -2.420770e+21 5.860126e+42
3.510000e-15 -2.557312e+21 6.539845e+42
3.525000e-15 -2.680783e+21 7.186599e+42
3.540000e-15 -2.790669e+21 7.787834e+42
3.555000e-15 -2.886523e+21 8.332015e+42
3.570000e-15 -2.967969e+21 8.808839e+42
3.585000e-15 -3.034701e+21 9.209411e+42
3.600000e-15 -3.086487e+21 9.526400e+42
3.615000e-15 -3.123165e+21 9.754162e+42
3.630000e-15 -3.144650e+21 9.888821e+42
3.645000e-15 -3.150926e+21 9.928332e+42
3.660000e-15 -3.142051e+21 9.872487e+42
3.675000e-15 -3.118158e+21 9.722907e+42
3.690000e-15 -3.079445e+21 9.482984e+42
3.705000e-15 -3.026186e+21 9.157800e+42
3.720000e-15 -2.958717e+21 8.754006e+42
3.735000e-15 -2.877443e+21 8.279679e+42
3.750000e-15 -2.782832e+21 7.744155e+42
3.765000e-15 -2.675412e+21 7.157831e+42
3.780000e-15 -2.555770e+21 6.531961e+42
3.795000e-15 -2.424546e+21 5.878425e+42
3.810000e-15 -2.282434e+21 5.209505e+42
3.825000e-15 -2.130173e+21 4.537637e+42
3.840000e-15 -1.968548e+21 3.875182e+42
3.855000e-15 -1.798383e+21 3.234183e+42
3.870000e-15 -1.620539e+21 2.626148e+42
3.885000e-15 -1.435908e+21 2.061831e+42
3.900000e-15 -1.245408e+21 1.551040e+42
3.915000e-15 -1.049981e+21 1.102459e+42
3.930000e-15 -8.505864e+20 7.234972e+41
3.945000e-15 -6.481979e+20 4.201605e+41
3.960000e-15 -4.437969e+20 1.969557e+41
3.975000e-15 -2.383692e+20 5.681985e+40
3.990000e-15 -3.289959e+19 1.082383e+39
4.005000e-15 1.716322e+20 2.945761e+40
4.020000e-15 3.742566e+20 1.400680e+41
4.035000e-15 5.740188e+20 3.294975e+41
4.050000e-15 7.699825e+20 5.928730e+41
4.065000e-15 9.612352e+20 9.239731e+41
4.080000e-15 1.146892e+21 1.315360e+42
4.095000e-15 1.326098e+21 1.758537e+42
4.110000e-15 1.498037e+21 2.244114e+42
4.125000e-15 1.661928e+21 2.762006e+42
4.140000e-15 1.817036e+21 3.301620e+42
4.155000e-15 1.962670e+21 3.852072e+42
4.170000e-15 2.098187e+21 4.402389e+42
4.185000e-15 2.222998e+21 4.941721e+42
4.200000e-15 2.336567e+21 5.459544e+42
4.215000e-15 2.438413e+21 5.945859e+42
4.230000e-15 2.528116e+21 6.391370e+42
4.245000e-15 2.605313e+21 6.787658e+42
4.260000e-15 2.669706e+21 7.127329e+42
4.275000e-15 2.721055e+21 7.404141e+42
4.290000e-15 2.759187e+21 7.613114e+42
4.305000e-15 2.783991e+21 7.750607e+42
4.320000e-15 2.795420e+21 7.814375e+42
4.335000e-15 2.793491e+21 7.803594e+42
4.350000e-15 2.778284e+21 7.718865e+42
4.365000e-15 2.749943e+21 7.562184e+42
4.380000e-15 2.708670e+21 7.336893e+42
4.395000e-15 2.654731e+21 7.047597e+42
4.410000e-15 2.588449e+21 6.700071e+42
4.425000e-15 2.510205e+21 6.301130e+42
4.440000e-15 2.420433e+21 5.858495e+42
4.455000e-15 2.319620e+21 5.380636e+42
4.470000e-15 2.208303e+21 4.876602e+42
4.485000e-15 2.087066e+21 4.355846e+42
4.500000e-15 1.956538e+21 3.828041e+42
4.515000e-15 1.817386e+21 3.302892e+42
4.530000e-15 1.670317e+21 2.789958e+42
4.545000e-15 1.516070e+21 2.298468e+42
4.560000e-15 1.355415e+21 1.837150e+42
4.575000e-15 1.189149e+21 1.414075e+42
4.590000e-15 1.018089e+21 1.036506e+42
4.605000e-15 8.430742e+20 7.107741e+41
4.620000e-15 6.649543e+20 4.421642e+41
4.635000e-15 4.845914e+20 2.348288e+41
4.650000e-15 3.028532e+20 9.172006e+40
4.665000e-15 1.206094e+20 1.454662e+40
4.680000e-15 -6.127252e+19 3.754322e+39
4.695000e-15 -2.419312e+20 5.853072e+40
4.710000e-15 -4.205157e+20 1.768335e+41
4.725000e-15 -5.961893e+20 3.554417e+41
4.740000e-15 -7.681334e+20 5.900290e+41
4.755000e-15 -9.355514e+20 8.752564e+41
4.770000e-15 -1.097672e+21 1.204884e+42
4.785000e-15 -1.253754e+21 1.571899e+42
4.800000e-15 -1.403087e+21 1.968653e+42
4.815000e-15 -1.544997e+21 2.387017e+42
4.830000e-15 -1.678850e+21 2.818538e+42
4.845000e-15 -1.804052e+21 3.254602e+42
4.860000e-15 -1.920052e+21 3.686599e+42
4.875000e-15 -2.026348e+21 4.106085e+42
4.890000e-15 -2.122485e+21 4.504941e+42
4.905000e-15 -2.208058e+21 4.875520e+42
4.920000e-15 -2.282716e+21 5.210792e+42
4.935000e-15 -2.346160e+21 5.504465e+42
4.950000e-15 -2.398145e+21 5.751101e+42
4.965000e-15 -2.438484e+21 5.946207e+42
4.980000e-15 -2.467045e+21 6.086310e+42
4.995000e-15 -2.483750e+21 6.169016e+42
5.010000e-15 -2.488582e+21 6.193040e+42
5.025000e-15 -2.481577e+21 6.158222e+42
5.040000e-15 -2.462827e+21 6.065517e+42
5.055000e-15 -2.432481e+21 5.916966e+42
5.070000e-15 -2.390742e+21 5.715647e+42
5.085000e-15 -2.337864e+21 5.465607e+42
5.100000e-15 -2.274154e+21 5.171775e+42
5.115000e-15 -2.199968e+21 4.839858e+42
5.130000e-15 -2.115710e+21 4.476230e+42
5.145000e-15 -2.021831e+21 4.087801e+42
5.160000e-15 -1.918823e+21 3.681883e+42
5.175000e-15 -1.807221e+21 3.266047e+42
5.190000e-15 -1.687596e+21 2.847979e+42
5.205000e-15 -1.560555e+21 2.435331e+42
5.220000e-15 -1.426737e+21 2.035579e+42
5.235000e-15 -1.286811e+21 1.655882e+42
5.250000e-15 -1.141469e+21 1.302952e+42
5.265000e-15 -9.914285e+20 9.829305e+41
5.280000e-15 -8.374228e+20 7.012769e+41
5.295000e-15 -6.802017e+20 4.626743e+41
5.310000e-15 -5.205262e+20 2.709475e+41
5.325000e-15 -3.591652e+20 1.289996e+41
5.340000e-15 -1.968918e+20 3.876637e+40
5.355000e-15 -3.447944e+19 1.188832e+39
5.370000e-15 1.273015e+20 1.620566e+40
5.385000e-15 2.876874e+20 8.276401e+40
5.400000e-15 4.459251e+20 1.988492e+41
5.415000e-15 6.012754e+20 3.615321e+41
5.430000e-15 7.530162e+20 5.670334e+41
5.445000e-15 9.004463e+20 8.108035e+41
5.460000e-15 1.042888e+21 1.087616e+42
5.475000e-15 1.179691e+21 1.391671e+42
5.490000e-15 1.310235e+21 1.716715e+42
5.505000e-15 1.433931e+21 2.056158e+42
5.520000e-15 1.550227e+21 2.403204e+42
5.535000e-15 1.658608e+21 2.750980e+42
5.550000e-15 1.758599e+21 3.092670e+42
5.565000e-15 1.849767e+21 3.421637e+42
5.580000e-15 1.931722e+21 3.731551e+42
5.595000e-15 2.004122e+21 4.016506e+42
5.610000e-15 2.066670e+21 4.271125e+42
5.625000e-15 2.119116e+21 4.490654e+42
5.640000e-15 2.161262e+21 4.671054e+42
5.655000e-15 2.192957e+21 4.809062e+42
5.670000e-15 2.214102e+21 4.902249e+42
5.685000e-15 2.224648e+21 4.949057e+42
5.700000e-15 2.224594e+21 4.948819e+42
5.715000e-15 2.213993e+21 4.901767e+42
5.730000e-15 2.192946e+21 4.809013e+42
5.745000e-15 2.161602e+21 4.672524e+42
5.760000e-15 2.120159e+21 4.495076e+42
5.775000e-15 2.068862e+21 4.280192e+42
5.790000e-15 2.008001e+21 4.032069e+42
5.805000e-15 1.937910e+21 3.755495e+42
5.820000e-15 1.858965e+21 3.455749e+42
5.835000e-15 1.771581e+21 3.138499e+42
5.850000e-15 1.676213e+21 2.809691e+42
5.865000e-15 1.573351e+21 2.475434e+42
5.880000e-15 1.463517e+21 2.141883e+42
5.895000e-15 1.347265e+21 1.815123e+42
5.910000e-15 1.225175e+21 1.501054e+42
5.925000e-15 1.097854e+21 1.205282e+42
5.940000e-15 9.659277e+20 9.330164e+41
5.955000e-15 8.300442e+20 6.889734e+41
5.970000e-15 6.908651e+20 4.772945e+41
5.985000e-15 5.490648e+20 3.014721e+41
6.000000e-15 4.053271e+20 1.642900e+41
6.015000e-15 2.603416e+20 6.777776e+40
6.030000e-15 1.148006e+20 1.317919e+40
6.045000e-15 -3.060423e+19 9.366188e+38
6.060000e-15 -1.751853e+20 3.068988e+40
6.075000e-15 -3.182620e+20 1.012907e+41
6.090000e-15 -4.591641e+20 2.108317e+41
6.105000e-15 -5.972348e+20 3.566894e+41
6.120000e-15 -7.318339e+20 5.355808e+41
6.135000e-15 -8.623404e+20 7.436310e+41
6.150000e-15 -9.881558e+20 9.764519e+41
6.165000e-15 -1.108707e+21 1.229230e+42
6.180000e-15 -1.223447e+21 1.496821e+42
6.195000e-15 -1.331860e+21 1.773851e+42
6.210000e-15 -1.433463e+21 2.054816e+42
6.225000e-15 -1.527806e+21 2.334193e+42
6.240000e-15 -1.614478e+21 2.606539e+42
6.255000e-15 -1.693102e+21 2.866596e+42
6.270000e-15 -1.763346e+21 3.109388e+42
6.285000e-15 -1.824914e+21 3.330311e+42
6.300000e-15 -1.877556e+21 3.525216e+42
6.315000e-15 -1.921064e+21 3.690487e+42
6.330000e-15 -1.955274e+21 3.823098e+42
6.345000e-15 -1.980068e+21 3.920671e+42
6.360000e-15 -1.995372e+21 3.981510e+42
6.375000e-15 -2.001157e+21 4.004628e+42
6.390000e-15 -1.997439e+21 3.989762e+42
6.405000e-15 -1.984280e+21 3.937366e+42
6.420000e-15 -1.961785e+21 3.848601e+42
6.435000e-15 -1.930104e+21 3.725302e+42
6.450000e-15 -1.889429e+21 3.569942e+42
6.465000e-15 -1.839994e+21 3.385576e+42
6.480000e-15 -1.782071e+21 3.175778e+42
6.495000e-15 -1.715976e+21 2.944572e+42
6.510000e-15 -1.642056e+21 2.696348e+42
6.525000e-15 -1.560698e+21 2.435779e+42
6.540000e-15 -1.472321e+21 2.167729e+42
6.555000e-15 -1.377374e+21 1.897160e+42
6.570000e-15 -1.276337e+21 1.629036e+42
6.585000e-15 -1.169715e+21 1.368232e+42
6.600000e-15 -1.058037e+21 1.119443e+42
6.615000e-15 -9.418555e+20 8.870918e+41
6.630000e-15 -8.217396e+20 6.752559e+41
6.645000e-15 -6.982752e+20 4.875883e+41
6.660000e-15 -5.720614e+20 3.272543e+41
6.675000e-15 -4.437075e+20 1.968763e+41
6.690000e-15 -3.138300e+20 9.848925e+40
6.705000e-15 -1.830498e+20 3.350724e+40
6.720000e-15 -5.198949e+19 2.702907e+39
6.735000e-15 7.873016e+19 6.198437e+39
6.750000e-15 2.084926e+20 4.346918e+40
6.765000e-15 3.366888e+20 1.133594e+41
6.780000e-15 4.627198e+20 2.141096e+41
6.795000e-15 5.859994e+20 3.433953e+41
6.810000e-15 7.059573e+20 4.983757e+41
6.825000e-15 8.220415e+20 6.757522e+41
6.840000e-15 9.337205e+20 8.718340e+41
6.855000e-15 1.040486e+21 1.082612e+42
6.870000e-15 1.141857e+21 1.303836e+42
6.885000e-15 1.237376e+21 1.531099e+42
6.900000e-15 1.326619e+21 1.759919e+42
6.915000e-15 1.409193e+21 1.985825e+42
6.930000e-15 1.484737e+21 2.204444e+42
6.945000e-15 1.552925e+21 2.411576e+42
6.960000e-15 1.613468e+21 2.603279e+42
6.975000e-15 1.666114e+21 2.775935e+42
6.990000e-15 1.710649e+21 2.926320e+42
7.005000e-15 1.746899e+21 3.051657e+42
7.020000e-15 1.774730e+21 3.149667e+42
7.035000e-15 1.794048e+21 3.218606e+42
7.050000e-15 1.804798e+21 3.257296e+42
7.065000e-15 1.806969e+21 3.265135e+42
7.080000e-15 1.800587e+21 3.242115e+42
7.095000e-15 1.785722e+21 3.188803e+42
7.110000e-15 1.762481e+21 3.106338e+42
7.125000e-15 1.731010e+21 2.996396e+42
7.140000e-15 1.691495e+21 2.861155e+42
7.155000e-15 1.644158e+21 2.703255e+42
7.170000e-15 1.589257e+21 2.525737e+42
7.185000e-15 1.527084e+21 2.331986e+42
7.200000e-15 1.457966e+21 2.125664e+42
7.215000e-15 1.382258e+21 1.910638e+42
7.230000e-15 1.300349e+21 1.690907e+42
7.245000e-15 1.212651e+21 1.470523e+42
7.260000e-15 1.119605e+21 1.253515e+42
7.275000e-15 1.021672e+21 1.043814e+42
7.290000e-15 9.193378e+20 8.451821e+41
7.305000e-15 8.131037e+20 6.611377e+41
7.320000e-15 7.034886e+20 4.948962e+41
7.335000e-15 5.910247e+20 3.493102e+41
7.350000e-15 4.762555e+20 2.268193e+41
7.365000e-15 3.597327e+20 1.294076e+41
7.380000e-15 2.420141e+20 5.857081e+40
7.395000e-15 1.236605e+20 1.529192e+40
7.410000e-15 5.233357e+18 2.738803e+37
7.425000e-15 -1.127081e+20 1.270311e+40
7.440000e-15 -2.296093e+20 5.272044e+40
7.455000e-15 -3.449231e+20 1.189720e+41
7.470000e-15 -4.581123e+20 2.098669e+41
7.485000e-15 -5.686518e+20 3.233649e+41
7.500000e-15 -6.760317e+20 4.570188e+41
7.515000e-15 -7.797588e+20 6.080238e+41
7.530000e-15 -8.793597e+20 7.732735e+41
7.545000e-15 -9.743822e+20 9.494207e+41
7.560000e-15 -1.064398e+21 1.132943e+42
7.575000e-15 -1.149004e+21 1.320210e+42
7.590000e-15 -1.227824e+21 1.507552e+42
7.605000e-15 -1.300512e+21 1.691331e+42
7.620000e-15 -1.366751e+21 1.868007e+42
7.635000e-15 -1.426256e+21 2.034206e+42
7.650000e-15 -1.478776e+21 2.186779e+42
7.665000e-15 -1.524094e+21 2.322862e+42
7.680000e-15 -1.562026e+21 2.439924e+42
7.695000e-15 -1.592425e+21 2.535817e+42
7.710000e-15 -1.615180e+21 2.608808e+42
7.725000e-15 -1.630218e+21 2.657611e+42
7.740000e-15 -1.637500e+21 2.681405e+42
7.755000e-15 -1.637024e+21 2.679848e+42
7.770000e-15 -1.628827e+21 2.653078e+42
7.785000e-15 -1.612981e+21 2.601706e+42
7.800000e-15 -1.589591e+21 2.526801e+42
7.815000e-15 -1.558803e+21 2.429866e+42
7.830000e-15 -1.520791e+21 2.312804e+42
7.845000e-15 -1.475766e+21 2.177884e+42
7.860000e-15 -1.423970e+21 2.027690e+42
7.875000e-15 -1.365676e+21 1.865071e+42
7.890000e-15 -1.301187e+21 1.693088e+42
7.905000e-15 -1.230833e+21 1.514950e+42
7.920000e-15 -1.154970e+21 1.333956e+42
7.935000e-15 -1.073980e+21 1.153433e+42
7.950000e-15 -9.882655e+20 9.766687e+41
7.965000e-15 -8.982509e+20 8.068546e+41
7.980000e-15 -8.043784e+20 6.470247e+41
7.995000e-15 -7.071069e+20 5.000002e+41
8.010000e-15 -6.069090e+20 3.683385e+41
8.025000e-15 -5.042690e+20 2.542873e+41
8.040000e-15 -3.996810e+20 1.597449e+41
8.055000e-15 -2.936459e+20 8.622791e+40
8.070000e-15 -1.866692e+20 3.484539e+40
8.085000e-15 -7.925886e+19 6.281967e+39
8.100000e-15 2.807740e+19 7.883404e+38
8.115000e-15 1.348343e+20 1.818030e+40
8.130000e-15 2.405116e+20 5.784584e+40
8.145000e-15 3.446161e+20 1.187603e+41
8.160000e-15 4.466642e+20 1.995089e+41
8.175000e-15 5.461839e+20 2.983168e+41
8.190000e-15 6.427173e+20 4.130855e+41
8.205000e-15 7.358224e+20 5.414347e+41
8.220000e-15 8.250753e+20 6.807493e+41
8.235000e-15 9.100719e+20 8.282309e+41
8.250000e-15 9.904299e+20 9.809513e+41
8.265000e-15 1.065790e+21 1.135909e+42
8.280000e-15 1.135820e+21 1.290086e+42
8.295000e-15 1.200210e+21 1.440505e+42
8.310000e-15 1.258683e+21 1.584282e+42
8.325000e-15 1.310987e+21 1.718686e+42
8.340000e-15 1.356902e+21 1.841182e+42
8.355000e-15 1.396238e+21 1.949481e+42
8.370000e-15 1.428839e+21 2.041580e+42
8.385000e-15 1.454578e+21 2.115796e+42
8.400000e-15 1.473363e+21 2.170797e+42
8.415000e-15 1.485134e+21 2.205624e+42
8.430000e-15 1.489866e+21 2.219701e+42
8.445000e-15 1.487565e+21 2.212851e+42
8.460000e-15 1.478272e+21 2.185289e+42
8.475000e-15 1.462059e+21 2.137617e+42
8.490000e-15 1.439031e+21 2.070810e+42
8.505000e-15 1.409324e+21 1.986195e+42
8.520000e-15 1.373107e+21 1.885423e+42
8.535000e-15 1.330576e+21 1.770432e+42
8.550000e-15 1.281957e+21 1.643414e+42
8.565000e-15 1.227505e+21 1.506768e+42
8.580000e-15 1.167499e+21 1.363053e+42
8.595000e-15 1.102244e+21 1.214942e+42
8.610000e-15 1.032069e+21 1.065167e+42
8.625000e-15 9.573245e+20 9.164702e+41
8.640000e-15 8.783802e+20 7.715518e+41
8.655000e-15 7.956247e+20 6.330186e+41
8.670000e-15 7.094626e+20 5.033371e+41
8.685000e-15 6.203129e+20 3.847881e+41
8.700000e-15 5.286070e+20 2.794253e+41
8.715000e-15 4.347863e+20 1.890391e+41
8.730000e-15 3.393005e+20 1.151248e+41
8.745000e-15 2.426051e+20 5.885724e+40
8.760000e-15 1.451595e+20 2.107127e+40
8.775000e-15 4.742455e+19 2.249088e+39
8.790000e-15 -5.013926e+19 2.513945e+39
8.805000e-15 -1.470742e+20 2.163083e+40
8.820000e-15 -2.429276e+20 5.901381e+40
8.835000e-15 -3.372534e+20 1.137398e+41
8.850000e-15 -4.296148e+20 1.845689e+41
8.865000e-15 -5.195859e+20 2.699695e+41
8.880000e-15 -6.067540e+20 3.681504e+41
8.895000e-15 -6.907209e+20 4.770954e+41
8.910000e-15 -7.711055e+20 5.946036e+41
8.925000e-15 -8.475447e+20 7.183319e+41
8.940000e-15 -9.196956e+20 8.458400e+41
8.955000e-15 -9.872368e+20 9.746366e+41
8.970000e-15 -1.049870e+21 1.102227e+42
8.985000e-15 -1.107321e+21 1.226160e+42
9.000000e-15 -1.159341e+21 1.344071e+42
9.015000e-15 -1.205708e+21 1.453731e+42
9.030000e-15 -1.246227e+21 1.553081e+42
9.045000e-15 -1.280731e+21 1.640272e+42
9.060000e-15 -1.309083e+21 1.713699e+42
9.075000e-15 -1.331175e+21 1.772027e+42
9.090000e-15 -1.346928e+21 1.814215e+42
9.105000e-15 -1.356294e+21 1.839533e+42
9.120000e-15 -1.359254e+21 1.847572e+42
9.135000e-15 -1.355821e+21 1.838251e+42
9.150000e-15 -1.346037e+21 1.811815e+42
9.165000e-15 -1.329972e+21 1.768825e+42
9.180000e-15 -1.307728e+21 1.710152e+42
9.195000e-15 -1.279433e+21 1.636949e+42
9.210000e-15 -1.245245e+21 1.550635e+42
9.225000e-15 -1.205347e+21 1.452862e+42
9.240000e-15 -1.159950e+21 1.345485e+42
9.255000e-15 -1.109289e+21 1.230522e+42
9.270000e-15 -1.053622e+21 1.110119e+42
9.285000e-15 -9.932302e+20 9.865061e+41
9.300000e-15 -9.284157e+20 8.619557e+41
9.315000e-15 -8.595001e+20 7.387405e+41
9.330000e-15 -7.868230e+20 6.190904e+41
9.345000e-15 -7.107399e+20 5.051513e+41
9.360000e-15 -6.316213e+20 3.989455e+41
9.375000e-15 -5.498500e+20 3.023350e+41
9.390000e-15 -4.658199e+20 2.169882e+41
9.405000e-15 -3.799339e+20 1.443497e+41
9.420000e-15 -2.926018e+20 8.561580e+40
9.435000e-15 -2.042387e+20 4.171344e+40
9.450000e-15 -1.152627e+20 1.328550e+40
9.465000e-15 -2.609334e+19 6.808624e+38
9.480000e-15 6.285095e+19 3.950241e+39
9.495000e-15 1.511543e+20 2.284761e+40
9.510000e-15 2.384055e+20 5.683716e+40
9.525000e-15 3.241999e+20 1.051056e+41
9.540000e-15 4.081415e+20 1.665795e+41
9.555000e-15 4.898443e+20 2.399474e+41
9.570000e-15 5.689345e+20 3.236865e+41
9.585000e-15 6.450519e+20 4.160920e+41
9.600000e-15 7.178518e+20 5.153113e+41
9.615000e-15 7.870064e+20 6.193790e+41
9.630000e-15 8.522060e+20 7.262550e+41
9.645000e-15 9.131610e+20 8.338630e+41
9.660000e-15 9.696026e+20 9.401292e+41
9.675000e-15 1.021284e+21 1.043022e+42
9.690000e-15 1.067983e+21 1.140587e+42
9.705000e-15 1.109499e+21 1.230988e+42
9.720000e-15 1.145659e+21 1.312534e+42
9.735000e-15 1.176314e+21 1.383715e+42
9.750000e-15 1.201343e+21 1.443224e+42
9.765000e-15 1.220650e+21 1.489985e+42
9.780000e-15 1.234167e+21 1.523167e+42
9.795000e-15 1.241853e+21 1.542200e+42
9.810000e-15 1.243696e+21 1.546780e+42
9.825000e-15 1.239709e+21 1.536880e+42
9.840000e-15 1.229934e+21 1.512739e+42
9.855000e-15 1.214439e+21 1.474863e+42
9.870000e-15 1.193319e+21 1.424010e+42
9.885000e-15 1.166694e+21 1.361175e+42
9.900000e-15 1.134710e+21 1.287567e+42
9.915000e-15 1.097537e+21 1.204588e+42
9.930000e-15 1.055370e+21 1.113806e+42
9.945000e-15 1.008425e+21 1.016921e+42
9.960000e-15 9.569398e+20 9.157337e+41
9.975000e-15 9.011726e+20 8.121121e+41
9.990000e-15 8.414008e+20 7.079554e+41
1.000500e-14 7.779193e+20 6.051585e+41
1.002000e-14 7.110391e+20 5.055766e+41
1.003500e-14 6.410859e+20 4.109912e+41
1.005000e-14 5.683986e+20 3.230769e+41
1.006500e-14 4.933272e+20 2.433717e+41
1.008000e-14 4.162319e+20 1.732490e+41
1.009500e-14 3.374806e+20 1.138932e+41
1.011000e-14 2.574477e+20 6.627934e+40
1.012500e-14 1.765122e+20 3.115654e+40
1.014000e-14 9.505542e+19 9.035533e+39
1.015500e-14 1.346010e+19 1.811743e+38
1.017000e-14 -6.789210e+19 4.609337e+39
1.018500e-14 -1.486221e+20 2.208852e+40
1.020000e-14 -2.283552e+20 5.214608e+40
1.021500e-14 -3.067227e+20 9.407881e+40
1.023000e-14 -3.833639e+20 1.469679e+41
1.024500e-14 -4.579274e+20 2.096975e+41
1.026000e-14 -5.300730e+20 2.809774e+41
1.027500e-14 -5.994729e+20 3.593678e+41
1.029000e-14 -6.658135e+20 4.433076e+41
1.030500e-14 -7.287967e+20 5.311447e+41
1.032000e-14 -7.881412e+20 6.211666e+41
1.033500e-14 -8.435837e+20 7.116335e+41
1.035000e-14 -8.948801e+20 8.008105e+41
1.036500e-14 -9.418068e+20 8.870000e+41
1.038000e-14 -9.841611e+20 9.685731e+41
1.039500e-14 -1.021763e+21 1.043999e+42
1.041000e-14 -1.054454e+21 1.111873e+42
1.042500e-14 -1.082101e+21 1.170942e+42
1.044000e-14 -1.104593e+21 1.220126e+42
1.045500e-14 -1.121845e+21 1.258537e+42
1.047000e-14 -1.133797e+21 1.285496e+42
1.048500e-14 -1.140412e+21 1.300539e+42
1.050000e-14 -1.141679e+21 1.303431e+42
1.051500e-14 -1.137613e+21 1.294163e+42
1.053000e-14 -1.128252e+21 1.272952e+42
1.054500e-14 -1.113660e+21 1.240238e+42
1.056000e-14 -1.093924e+21 1.196669e+42
1.057500e-14 -1.069156e+21 1.143094e+42
1.059000e-14 -1.039489e+21 1.080538e+42
1.060500e-14 -1.005081e+21 1.010188e+42
1.062000e-14 -9.661096e+20 9.333678e+41
1.063500e-14 -9.227729e+20 8.515098e+41
1.065000e-14 -8.752893e+20 7.661314e+41
1.066500e-14 -8.238956e+20 6.788039e+41
1.068000e-14 -7.688457e+20 5.911237e+41
1.069500e-14 -7.104097e+20 5.046819e+41
1.071000e-14 -6.488725e+20 4.210355e+41
1.072500e-14 -5.845321e+20 3.416778e+41
1.074000e-14 -5.176989e+20 2.680121e+41
1.075500e-14 -4.486932e+20 2.013256e+41
1.077000e-14 -3.778446e+20 1.427665e+41
1.078500e-14 -3.054899e+20 9.332407e+40
1.080000e-14 -2.319716e+20 5.381084e+40
1.081500e-14 -1.576365e+20 2.484927e+40
1.083000e-14 -8.283377e+19 6.861434e+39
1.084500e-14 -7.913445e+18 6.262262e+37
1.086000e-14 6.677513e+19 4.458918e+39
1.087500e-14 1.408850e+20 1.984859e+40
1.089000e-14 2.140733e+20 4.582737e+40
1.090500e-14 2.860025e+20 8.179743e+40
1.092000e-14 3.563424e+20 1.269799e+41
1.093500e-14 4.247714e+20 1.804307e+41
1.095000e-14 4.909777e+20 2.410591e+41
1.096500e-14 5.546614e+20 3.076493e+41
1.098000e-14 6.155353e+20 3.788836e+41
1.099500e-14 6.733260e+20 4.533679e+41
1.101000e-14 7.277760e+20 5.296579e+41
1.102500e-14 7.786438e+20 6.062862e+41
1.104000e-14 8.257058e+20 6.817901e+41
1.105500e-14 8.687567e+20 7.547382e+41
1.107000e-14 9.076106e+20 8.237571e+41
1.108500e-14 9.421020e+20 8.875561e+41
1.110000e-14 9.720859e+20 9.449511e+41
1.111500e-14 9.974392e+20 9.948851e+41
1.113000e-14 1.018061e+21 1.036447e+42
1.114500e-14 1.033871e+21 1.068889e+42
1.116000e-14 1.044814e+21 1.091637e+42
1.117500e-14 1.050856e+21 1.104299e+42
1.119000e-14 1.051988e+21 1.106678e+42
1.120500e-14 1.048219e+21 1.098764e+42
1.122000e-14 1.039587e+21 1.080741e+42
1.123500e-14 1.026148e+21 1.052980e+42
1.125000e-14 1.007982e+21 1.016027e+42
1.126500e-14 9.851896e+20 9.705986e+41
1.128000e-14 9.578937e+20 9.175603e+41
1.129500e-14 9.262368e+20 8.579146e+41
1.131000e-14 8.903816e+20 7.927794e+41
1.132500e-14 8.505094e+20 7.233663e+41
1.134000e-14 8.068197e+20 6.509581e+41
1.135500e-14 7.595289e+20 5.768842e+41
1.137000e-14 7.088694e+20 5.024958e+41
1.138500e-14 6.550883e+20 4.291406e+41
1.140000e-14 5.984463e+20 3.581380e+41
1.141500e-14 5.392168e+20 2.907547e+41
1.143000e-14 4.776836e+20 2.281816e+41
1.144500e-14 4.141408e+20 1.715126e+41
1.146000e-14 3.488903e+20 1.217244e+41
1.147500e-14 2.822411e+20 7.966006e+40
1.149000e-14 2.145076e+20 4.601353e+40
1.150500e-14 1.460081e+20 2.131835e+40
1.152000e-14 7.706306e+19 5.938716e+39
1.153500e-14 7.994256e+18 6.390813e+37
1.155000e-14 -6.087732e+19 3.706048e+39
1.156500e-14 -1.292327e+20 1.670108e+40
1.158000e-14 -1.967563e+20 3.871304e+40
1.159500e-14 -2.631377e+20 6.924146e+40
1.161000e-14 -3.280728e+20 1.076318e+41
1.162500e-14 -3.912652e+20 1.530885e+41
1.164000e-14 -4.524277e+20 2.046908e+41
1.165500e-14 -5.112835e+20 2.614108e+41
1.167000e-14 -5.675674e+20 3.221327e+41
1.168500e-14 -6.210270e+20 3.856746e+41
1.170000e-14 -6.714242e+20 4.508104e+41
1.171500e-14 -7.185355e+20 5.162932e+41
1.173000e-14 -7.621536e+20 5.808781e+41
1.174500e-14 -8.020881e+20 6.433453e+41
1.176000e-14 -8.381664e+20 7.025229e+41
1.177500e-14 -8.702341e+20 7.573074e+41
1.179000e-14 -8.981563e+20 8.066847e+41
1.180500e-14 -9.218174e+20 8.497473e+41
1.182000e-14 -9.411222e+20 8.857109e+41
1.183500e-14 -9.559958e+20 9.139279e+41
1.185000e-14 -9.663842e+20 9.338984e+41
1.186500e-14 -9.722543e+20 9.452785e+41
1.188000e-14 -9.735942e+20 9.478856e+41
1.189500e-14 -9.704127e+20 9.417008e+41
1.191000e-14 -9.627398e+20 9.268679e+41
1.192500e-14 -9.506260e+20 9.036899e+41
1.194000e-14 -9.341424e+20 8.726220e+41
1.195500e-14 -9.133797e+20 8.342626e+41
1.197000e-14 -8.884486e+20 7.893409e+41
1.198500e-14 -8.594783e+20 7.387029e+41
1.200000e-14 -8.266164e+20 6.832946e+41
1.201500e-14 -7.900280e+20 6.241443e+41
1.203000e-14 -7.498950e+20 5.623426e+41
1.204500e-14 -7.064150e+20 4.990222e+41
1.206000e-14 -6.598003e+20 4.353365e+41
1.207500e-14 -6.102772e+20 3.724383e+41
1.209000e-14 -5.580846e+20 3.114584e+41
1.210500e-14 -5.034728e+20 2.534849e+41
1.212000e-14 -4.467027e+20 1.995433e+41
1.213500e-14 -3.880442e+20 1.505783e+41
1.215000e-14 -3.277750e+20 1.074365e+41
1.216500e-14 -2.661794e+20 7.085149e+40
1.218000e-14 -2.035469e+20 4.143133e+40
1.219500e-14 -1.401706e+20 1.964780e+40
1.221000e-14 -7.634639e+19 5.828771e+39
1.222500e-14 -1.237108e+19 1.530435e+38
1.224000e-14 5.145878e+19 2.648006e+39
1.225500e-14 1.148483e+20 1.319012e+40
1.227000e-14 1.775055e+20 3.150820e+40
1.228500e-14 2.391429e+20 5.718931e+40
1.230000e-14 2.994785e+20 8.968739e+40
1.231500e-14 3.582375e+20 1.283341e+41
1.233000e-14 4.151530e+20 1.723520e+41
1.234500e-14 4.699676e+20 2.208695e+41
1.236000e-14 5.224344e+20 2.729377e+41
1.237500e-14 5.723184e+20 3.275483e+41
1.239000e-14 6.193969e+20 3.836526e+41
1.240500e-14 6.634612e+20 4.401808e+41
1.242000e-14 7.043170e+20 4.960625e+41
1.243500e-14 7.417856e+20 5.502459e+41
1.245000e-14 7.757044e+20 6.017173e+41
1.246500e-14 8.059277e+20 6.495194e+41
1.248000e-14 8.323274e+20 6.927690e+41
1.249500e-14 8.547936e+20 7.306721e+41
1.251000e-14 8.732346e+20 7.625387e+41
1.252500e-14 8.875779e+20 7.877944e+41
1.254000e-14 8.977698e+20 8.059906e+41
1.255500e-14 9.037763e+20 8.168116e+41
1.257000e-14 9.055826e+20 8.200799e+41
1.258500e-14 9.031934e+20 8.157584e+41
1.260000e-14 8.966328e+20 8.039504e+41
1.261500e-14 8.859440e+20 7.848967e+41
1.263000e-14 8.711890e+20 7.589703e+41
1.264500e-14 8.524487e+20 7.266687e+41
1.266000e-14 8.298218e+20 6.886042e+41
1.267500e-14 8.034248e+20 6.454914e+41
1.269000e-14 7.733913e+20 5.981341e+41
1.270500e-14 7.398710e+20 5.474091e+41
1.272000e-14 7.030295e+20 4.942505e+41
1.273500e-14 6.630470e+20 4.396313e+41
1.275000e-14 6.201178e+20 3.845461e+41
1.276500e-14 5.744490e+20 3.299916e+41
1.278000e-14 5.262598e+20 2.769494e+41
1.279500e-14 4.757805e+20 2.263671e+41
1.281000e-14 4.232509e+20 1.791413e+41
1.282500e-14 3.689198e+20 1.361018e+41
1.284000e-14 3.130435e+20 9.799625e+40
1.285500e-14 2.558846e+20 6.547692e+40
1.287000e-14 1.977107e+20 3.908953e+40
1.288500e-14 1.387935e+20 1.926364e+40
1.290000e-14 7.940714e+19 6.305495e+39
1.291500e-14 1.982712e+19 3.931146e+38
1.293000e-14 -3.967099e+19 1.573788e+39
1.294500e-14 -9.881283e+19 9.763976e+39
1.296000e-14 -1.573265e+20 2.475163e+40
1.297500e-14 -2.149438e+20 4.620086e+40
1.299000e-14 -2.714016e+20 7.365883e+40
1.300500e-14 -3.264427e+20 1.065648e+41
1.302000e-14 -3.798172e+20 1.442611e+41
1.303500e-14 -4.312838e+20 1.860058e+41
1.305000e-14 -4.806107e+20 2.309867e+41
1.306500e-14 -5.275765e+20 2.783369e+41
1.308000e-14 -5.719713e+20 3.271512e+41
1.309500e-14 -6.135979e+20 3.765024e+41
1.311000e-14 -6.522722e+20 4.254590e+41
1.312500e-14 -6.878244e+20 4.731024e+41
1.314000e-14 -7.200995e+20 5.185433e+41
1.315500e-14 -7.489580e+20 5.609381e+41
1.317000e-14 -7.742767e+20 5.995044e+41
1.318500e-14 -7.959489e+20 6.335347e+41
1.320000e-14 -8.138851e+20 6.624090e+41
1.321500e-14 -8.280132e+20 6.856059e+41
1.323000e-14 -8.382789e+20 7.027116e+41
1.324500e-14 -8.446459e+20 7.134266e+41
1.326000e-14 -8.470957e+20 7.175711e+41
1.327500e-14 -8.456281e+20 7.150869e+41
1.329000e-14 -8.402610e+20 7.060386e+41
1.330500e-14 -8.310301e+20 6.906110e+41
1.332000e-14 -8.179886e+20 6.691053e+41
1.333500e-14 -8.012074e+20 6.419333e+41
1.335000e-14 -7.807743e+20 6.096085e+41
1.336500e-14 -7.567935e+20 5.727365e+41
1.338000e-14 -7.293856e+20 5.320033e+41
1.339500e-14 -6.986862e+20 4.881624e+41
1.341000e-14 -6.648459e+20 4.420201e+41
1.342500e-14 -6.280294e+20 3.944210e+41
1.344000e-14 -5.884145e+20 3.462316e+41
1.345500e-14 -5.461914e+20 2.983250e+41
1.347000e-14 -5.015618e+20 2.515642e+41
1.348500e-14 -4.547378e+20 2.067865e+41
1.350000e-14 -4.059413e+20 1.647883e+41
1.351500e-14 -3.554023e+20 1.263108e+41
1.353000e-14 -3.033584e+20 9.202634e+40
1.354500e-14 -2.500535e+20 6.252676e+40
1.356000e-14 -1.957365e+20 3.831278e+40
1.357500e-14 -1.406603e+20 1.978533e+40
1.359000e-14 -8.508070e+19 7.238725e+39
1.360500e-14 -2.925498e+19 8.558538e+38
1.362000e-14 2.655904e+19 7.053826e+38
1.363500e-14 8.210433e+19 6.741121e+39
1.365000e-14 1.371258e+20 1.880348e+40
1.366500e-14 1.913714e+20 3.662301e+40
1.368000e-14 2.445934e+20 5.982592e+40
1.369500e-14 2.965494e+20 8.794152e+40
1.371000e-14 3.470034e+20 1.204114e+41
1.372500e-14 3.957271e+20 1.566000e+41
1.374000e-14 4.425007e+20 1.958069e+41
1.375500e-14 4.871138e+20 2.372799e+41
1.377000e-14 5.293667e+20 2.802291e+41
1.378500e-14 5.690709e+20 3.238417e+41
1.380000e-14 6.060503e+20 3.672969e+41
1.381500e-14 6.401415e+20 4.097812e+41
1.383000e-14 6.711952e+20 4.505030e+41
1.384500e-14 6.990761e+20 4.887074e+41
1.386000e-14 7.236639e+20 5.236895e+41
1.387500e-14 7.448540e+20 5.548075e+41
1.389000e-14 7.625574e+20 5.814938e+41
1.390500e-14 7.767015e+20 6.032652e+41
1.392000e-14 7.872301e+20 6.197313e+41
1.393500e-14 7.941040e+20 6.306012e+41
1.395000e-14 7.973007e+20 6.356883e+41
1.396500e-14 7.968146e+20 6.349135e+41
1.398000e-14 7.926573e+20 6.283056e+41
1.399500e-14 7.848570e+20 6.160005e+41
1.401000e-14 7.734587e+20 5.982384e+41
1.402500e-14 7.585238e+20 5.753583e+41
1.404000e-14 7.401297e+20 5.477919e+41
1.405500e-14 7.183696e+20 5.160549e+41
1.407000e-14 6.933519e+20 4.807369e+41
1.408500e-14 6.651998e+20 4.424908e+41
1.410000e-14 6.340504e+20 4.020199e+41
1.411500e-14 6.000544e+20 3.600652e+41
1.413000e-14 5.633750e+20 3.173914e+41
1.414500e-14 5.241876e+20 2.747726e+41
1.416000e-14 4.826785e+20 2.329785e+41
1.417500e-14 4.390442e+20 1.927599e+41
1.419000e-14 3.934908e+20 1.548350e+41
1.420500e-14 3.462322e+20 1.198767e+41
1.422000e-14 2.974899e+20 8.850026e+40
1.423500e-14 2.474919e+20 6.125222e+40
1.425000e-14 1.964709e+20 3.860082e+40
1.426500e-14 1.446642e+20 2.092774e+40
1.428000e-14 9.231195e+19 8.521496e+39
1.429500e-14 3.965621e+19 1.572615e+39
1.431000e-14 -1.306007e+19 1.705654e+38
1.432500e-14 -6.559427e+19 4.302608e+39
1.434000e-14 -1.177052e+20 1.385450e+40
1.435500e-14 -1.691540e+20 2.861309e+40
1.437000e-14 -2.197058e+20 4.827063e+40
1.438500e-14 -2.691300e+20 7.243094e+40
1.440000e-14 -3.172018e+20 1.006170e+41
1.441500e-14 -3.637034e+20 1.322802e+41
1.443000e-14 -4.084244e+20 1.668105e+41
1.444500e-14 -4.511632e+20 2.035482e+41
1.446000e-14 -4.917277e+20 2.417961e+41
1.447500e-14 -5.299363e+20 2.808324e+41
1.449000e-14 -5.656185e+20 3.199243e+41
1.450500e-14 -5.986161e+20 3.583412e+41
1.452000e-14 -6.287831e+20 3.953682e+41
1.453500e-14 -6.559873e+20 4.303193e+41
1.455000e-14 -6.801101e+20 4.625497e+41
1.456500e-14 -7.010474e+20 4.914675e+41
1.458000e-14 -7.187100e+20 5.165441e+41
1.459500e-14 -7.330239e+20 5.373241e+41
1.461000e-14 -7.439307e+20 5.534328e+41
1.462500e-14 -7.513875e+20 5.645832e+41
1.464000e-14 -7.553678e+20 5.705805e+41
1.465500e-14 -7.558607e+20 5.713254e+41
1.467000e-14 -7.528715e+20 5.668156e+41
1.468500e-14 -7.464216e+20 5.571452e+41
1.470000e-14 -7.365480e+20 5.425030e+41
1.471500e-14 -7.233036e+20 5.231681e+41
1.473000e-14 -7.067563e+20 4.995045e+41
1.474500e-14 -6.869894e+20 4.719545e+41
1.476000e-14 -6.641007e+20 4.410297e+41
1.477500e-14 -6.382018e+20 4.073016e+41
1.479000e-14 -6.094184e+20 3.713908e+41
1.480500e-14 -5.778888e+20 3.339555e+41
1.482000e-14 -5.437638e+20 2.956791e+41
1.483500e-14 -5.072057e+20 2.572576e+41
1.485000e-14 -4.683876e+20 2.193870e+41
1.486500e-14 -4.274929e+20 1.827502e+41
1.488000e-14 -3.847137e+20 1.480046e+41
1.489500e-14 -3.402507e+20 1.157706e+41
1.491000e-14 -2.943118e+20 8.661946e+40
1.492500e-14 -2.471113e+20 6.106400e+40
1.494000e-14 -1.988687e+20 3.954878e+40
1.495500e-14 -1.498081e+20 2.244246e+40
1.497000e-14 -1.001566e+20 1.003134e+40
1.498500e-14 -5.014372e+19 2.514392e+39
