0.000000e+00 nan nan
1.500000e-17 -8.915003e+20 7.947727e+41
3.000000e-17 -1.781075e+21 3.172229e+42
4.500000e-17 -2.666805e+21 7.111848e+42
6.000000e-17 -3.546779e+21 1.257964e+43
7.500000e-17 -4.419102e+21 1.952846e+43
9.000000e-17 -5.281898e+21 2.789845e+43
1.050000e-16 -6.133317e+21 3.761758e+43
1.200000e-16 -6.971538e+21 4.860234e+43
1.350000e-16 -7.794774e+21 6.075850e+43
1.500000e-16 -8.601276e+21 7.398194e+43
1.650000e-16 -9.389339e+21 8.815969e+43
1.800000e-16 -1.015731e+22 1.031709e+44
1.950000e-16 -1.090357e+22 1.188879e+44
2.100000e-16 -1.162659e+22 1.351776e+44
2.250000e-16 -1.232487e+22 1.519024e+44
2.400000e-16 -1.299698e+22 1.689215e+44
2.550000e-16 -1.364157e+22 1.860925e+44
2.700000e-16 -1.425735e+22 2.032720e+44
2.850000e-16 -1.484310e+22 2.203177e+44
3.000000e-16 -1.539769e+22 2.370889e+44
3.150000e-16 -1.592006e+22 2.534483e+44
3.300000e-16 -1.640923e+22 2.692630e+44
3.450000e-16 -1.686432e+22 2.844053e+44
3.600000e-16 -1.728452e+22 2.987545e+44
3.750000e-16 -1.766910e+22 3.121972e+44
3.900000e-16 -1.801745e+22 3.246286e+44
4.050000e-16 -1.832903e+22 3.359534e+44
4.200000e-16 -1.860340e+22 3.460863e+44
4.350000e-16 -1.884019e+22 3.549529e+44
4.500000e-16 -1.903917e+22 3.624900e+44
4.650000e-16 -1.920016e+22 3.686461e+44
4.800000e-16 -1.932309e+22 3.733819e+44
4.950000e-16 -1.940799e+22 3.766702e+44
5.100000e-16 -1.945498e+22 3.784962e+44
5.250000e-16 -1.946426e+22 3.788574e+44
5.400000e-16 -1.943613e+22 3.777633e+44
5.550000e-16 -1.937100e+22 3.752355e+44
5.700000e-16 -1.926932e+22 3.713067e+44
5.850000e-16 -1.913168e+22 3.660211e+44
6.000000e-16 -1.895871e+22 3.594329e+44
6.150000e-16 -1.875117e+22 3.516063e+44
6.300000e-16 -1.850985e+22 3.426145e+44
6.450000e-16 -1.823565e+22 3.325390e+44
6.600000e-16 -1.792954e+22 3.214685e+44
6.750000e-16 -1.759256e+22 3.094980e+44
6.900000e-16 -1.722580e+22 2.967283e+44
7.050000e-16 -1.683045e+22 2.832641e+44
7.200000e-16 -1.640774e+22 2.692139e+44
7.350000e-16 -1.595895e+22 2.546882e+44
7.500000e-16 -1.548544e+22 2.397990e+44
7.650000e-16 -1.498861e+22 2.246583e+44
7.800000e-16 -1.446988e+22 2.093774e+44
7.950000e-16 -1.393075e+22 1.940658e+44
8.100000e-16 -1.337274e+22 1.788302e+44
8.250000e-16 -1.279740e+22 1.637735e+44
8.400000e-16 -1.220633e+22 1.489944e+44
8.550000e-16 -1.160111e+22 1.345859e+44
8.700000e-16 -1.098340e+22 1.206350e+44
8.850000e-16 -1.035482e+22 1.072223e+44
9.000000e-16 -9.717041e+21 9.442088e+43
9.150000e-16 -9.071715e+21 8.229601e+43
9.300000e-16 -8.420508e+21 7.090496e+43
9.450000e-16 -7.765081e+21 6.029648e+43
9.600000e-16 -7.107087e+21 5.051068e+43
9.750000e-16 -6.448167e+21 4.157886e+43
9.900000e-16 -5.789949e+21 3.352351e+43
1.005000e-15 -5.134037e+21 2.635834e+43
1.020000e-15 -4.482014e+21 2.008845e+43
1.035000e-15 -3.835432e+21 1.471054e+43
1.050000e-15 -3.195813e+21 1.021322e+43
1.065000e-15 -2.564641e+21 6.577385e+42
1.080000e-15 -1.943361e+21 3.776653e+42
1.095000e-15 -1.333375e+21 1.777889e+42
1.110000e-15 -7.360365e+20 5.417498e+41
1.125000e-15 -1.526507e+20 2.330224e+40
1.140000e-15 4.155313e+20 1.726663e+41
1.155000e-15 9.673142e+20 9.356968e+41
1.170000e-15 1.501562e+21 2.254687e+42
1.185000e-15 2.017198e+21 4.069089e+42
1.200000e-15 2.513213e+21 6.316238e+42
1.215000e-15 2.988659e+21 8.932083e+42
1.230000e-15 3.442659e+21 1.185190e+43
1.245000e-15 3.874405e+21 1.501101e+43
1.260000e-15 4.283157e+21 1.834544e+43
1.275000e-15 4.668252e+21 2.179257e+43
1.290000e-15 5.029095e+21 2.529180e+43
1.305000e-15 5.365170e+21 2.878504e+43
1.320000e-15 5.676031e+21 3.221733e+43
1.335000e-15 5.961310e+21 3.553722e+43
1.350000e-15 6.220715e+21 3.869729e+43
1.365000e-15 6.454026e+21 4.165445e+43
1.380000e-15 6.661100e+21 4.437026e+43
1.395000e-15 6.841869e+21 4.681117e+43
1.410000e-15 6.996337e+21 4.894874e+43
1.425000e-15 7.124583e+21 5.075968e+43
1.440000e-15 7.226756e+21 5.222600e+43
1.455000e-15 7.303076e+21 5.333492e+43
1.470000e-15 7.353833e+21 5.407885e+43
1.485000e-15 7.379383e+21 5.445529e+43
1.500000e-15 7.380149e+21 5.446660e+43
1.515000e-15 7.356616e+21 5.411981e+43
1.530000e-15 7.309333e+21 5.342635e+43
1.545000e-15 7.238905e+21 5.240174e+43
1.560000e-15 7.145995e+21 5.106524e+43
1.575000e-15 7.031320e+21 4.943946e+43
1.590000e-15 6.895648e+21 4.754996e+43
1.605000e-15 6.739796e+21 4.542485e+43
1.620000e-15 6.564626e+21 4.309432e+43
1.635000e-15 6.371042e+21 4.059018e+43
1.650000e-15 6.159988e+21 3.794545e+43
1.665000e-15 5.932443e+21 3.519388e+43
1.680000e-15 5.689419e+21 3.236949e+43
1.695000e-15 5.431959e+21 2.950617e+43
1.710000e-15 5.161128e+21 2.663724e+43
1.725000e-15 4.878017e+21 2.379505e+43
1.740000e-15 4.583735e+21 2.101063e+43
1.755000e-15 4.279406e+21 1.831331e+43
1.770000e-15 3.966165e+21 1.573047e+43
1.785000e-15 3.645159e+21 1.328718e+43
1.800000e-15 3.317536e+21 1.100605e+43
1.815000e-15 2.984448e+21 8.906932e+42
1.830000e-15 2.647045e+21 7.006847e+42
1.845000e-15 2.306470e+21 5.319806e+42
1.860000e-15 1.963860e+21 3.856748e+42
1.875000e-15 1.620339e+21 2.625500e+42
1.890000e-15 1.277017e+21 1.630771e+42
1.905000e-15 9.349832e+20 8.741936e+41
1.920000e-15 5.953097e+20 3.543937e+41
1.935000e-15 2.590426e+20 6.710309e+40
1.950000e-15 -7.279813e+19 5.299568e+39
1.965000e-15 -3.992220e+20 1.593782e+41
1.980000e-15 -7.192701e+20 5.173495e+41
1.995000e-15 -1.032018e+21 1.065061e+42
2.010000e-15 -1.336578e+21 1.786440e+42
2.025000e-15 -1.632100e+21 2.663752e+42
2.040000e-15 -1.917777e+21 3.677869e+42
2.055000e-15 -2.192842e+21 4.808556e+42
2.070000e-15 -2.456573e+21 6.034753e+42
2.085000e-15 -2.708296e+21 7.334866e+42
2.100000e-15 -2.947380e+21 8.687051e+42
2.115000e-15 -3.173247e+21 1.006950e+43
2.130000e-15 -3.385366e+21 1.146070e+43
2.145000e-15 -3.583256e+21 1.283973e+43
2.160000e-15 -3.766490e+21 1.418645e+43
2.175000e-15 -3.934690e+21 1.548178e+43
2.190000e-15 -4.087531e+21 1.670791e+43
2.205000e-15 -4.224741e+21 1.784843e+43
2.220000e-15 -4.346101e+21 1.888859e+43
2.235000e-15 -4.451443e+21 1.981535e+43
2.250000e-15 -4.540653e+21 2.061753e+43
2.265000e-15 -4.613669e+21 2.128594e+43
2.280000e-15 -4.670478e+21 2.181337e+43
2.295000e-15 -4.711121e+21 2.219466e+43
2.310000e-15 -4.735686e+21 2.242672e+43
2.325000e-15 -4.744311e+21 2.250849e+43
2.340000e-15 -4.737185e+21 2.244092e+43
2.355000e-15 -4.714538e+21 2.222687e+43
2.370000e-15 -4.676649e+21 2.187105e+43
2.385000e-15 -4.623841e+21 2.137990e+43
2.400000e-15 -4.556477e+21 2.076148e+43
2.415000e-15 -4.474963e+21 2.002529e+43
2.430000e-15 -4.379742e+21 1.918214e+43
2.445000e-15 -4.271295e+21 1.824396e+43
2.460000e-15 -4.150137e+21 1.722364e+43
2.475000e-15 -4.016817e+21 1.613482e+43
2.490000e-15 -3.871913e+21 1.499171e+43
2.505000e-15 -3.716034e+21 1.380891e+43
2.520000e-15 -3.549814e+21 1.260118e+43
2.535000e-15 -3.373910e+21 1.138327e+43
2.550000e-15 -3.189002e+21 1.016973e+43
2.565000e-15 -2.995790e+21 8.974756e+42
2.580000e-15 -2.794989e+21 7.811961e+42
2.595000e-15 -2.587329e+21 6.694271e+42
2.610000e-15 -2.373554e+21 5.633757e+42
2.625000e-15 -2.154414e+21 4.641502e+42
2.640000e-15 -1.930671e+21 3.727490e+42
2.655000e-15 -1.703087e+21 2.900505e+42
2.670000e-15 -1.472429e+21 2.168047e+42
2.685000e-15 -1.239463e+21 1.536269e+42
2.700000e-15 -1.004954e+21 1.009933e+42
2.715000e-15 -7.696607e+20 5.923776e+41
2.730000e-15 -5.343353e+20 2.855142e+41
2.745000e-15 -2.997212e+20 8.983280e+40
2.760000e-15 -6.655027e+19 4.428939e+39
2.775000e-15 1.644591e+20 2.704678e+40
2.790000e-15 3.926038e+20 1.541378e+41
2.805000e-15 6.171984e+20 3.809339e+41
2.820000e-15 8.375765e+20 7.015344e+41
2.835000e-15 1.053093e+21 1.109005e+42
2.850000e-15 1.263125e+21 1.595485e+42
2.865000e-15 1.467075e+21 2.152310e+42
2.880000e-15 1.664371e+21 2.770131e+42
2.895000e-15 1.854468e+21 3.439050e+42
2.910000e-15 2.036849e+21 4.148754e+42
2.925000e-15 2.211029e+21 4.888649e+42
2.940000e-15 2.376552e+21 5.647999e+42
2.955000e-15 2.532995e+21 6.416063e+42
2.970000e-15 2.679967e+21 7.182224e+42
2.985000e-15 2.817112e+21 7.936121e+42
3.000000e-15 2.944107e+21 8.667768e+42
3.015000e-15 3.060665e+21 9.367672e+42
3.030000e-15 3.166534e+21 1.002693e+43
3.045000e-15 3.261496e+21 1.063735e+43
3.060000e-15 3.345371e+21 1.119151e+43
3.075000e-15 3.418015e+21 1.168283e+43
3.090000e-15 3.479319e+21 1.210566e+43
3.105000e-15 3.529209e+21 1.245532e+43
3.120000e-15 3.567650e+21 1.272813e+43
3.135000e-15 3.594639e+21 1.292143e+43
3.150000e-15 3.610209e+21 1.303361e+43
3.165000e-15 3.614428e+21 1.306409e+43
3.180000e-15 3.607398e+21 1.301332e+43
3.195000e-15 3.589252e+21 1.288273e+43
3.210000e-15 3.560159e+21 1.267473e+43
3.225000e-15 3.520315e+21 1.239262e+43
3.240000e-15 3.469950e+21 1.204055e+43
3.255000e-15 3.409322e+21 1.162348e+43
3.270000e-15 3.338717e+21 1.114703e+43
3.285000e-15 3.258449e+21 1.061749e+43
3.300000e-15 3.168857e+21 1.004165e+43
3.315000e-15 3.070305e+21 9.426770e+42
3.330000e-15 2.963179e+21 8.780431e+42
3.345000e-15 2.847889e+21 8.110474e+42
3.360000e-15 2.724864e+21 7.424886e+42
3.375000e-15 2.594552e+21 6.731698e+42
3.390000e-15 2.457416e+21 6.038893e+42
3.405000e-15 2.313938e+21 5.354310e+42
3.420000e-15 2.164613e+21 4.685548e+42
3.435000e-15 2.009946e+21 4.039884e+42
3.450000e-15 1.850457e+21 3.424190e+42
3.465000e-15 1.686670e+21 2.844857e+42
3.480000e-15 1.519122e+21 2.307731e+42
3.495000e-15 1.348350e+21 1.818049e+42
3.510000e-15 1.174900e+21 1.380391e+42
3.525000e-15 9.993177e+20 9.986359e+41
3.540000e-15 8.221497e+20 6.759302e+41
3.555000e-15 6.439426e+20 4.146621e+41
3.570000e-15 4.652401e+20 2.164484e+41
3.585000e-15 2.865820e+20 8.212927e+40
3.600000e-15 1.085026e+20 1.177280e+40
3.615000e-15 -6.847121e+19 4.688307e+39
3.630000e-15 -2.438207e+20 5.944853e+40
3.645000e-15 -4.170373e+20 1.739201e+41
3.660000e-15 -5.876238e+20 3.453018e+41
3.675000e-15 -7.550957e+20 5.701696e+41
3.690000e-15 -9.189825e+20 8.445288e+41
3.705000e-15 -1.078829e+21 1.163871e+42
3.720000e-15 -1.234196e+21 1.523239e+42
3.735000e-15 -1.384661e+21 1.917287e+42
3.750000e-15 -1.529823e+21 2.340360e+42
3.765000e-15 -1.669298e+21 2.786556e+42
3.780000e-15 -1.802722e+21 3.249808e+42
3.795000e-15 -1.929755e+21 3.723953e+42
3.810000e-15 -2.050075e+21 4.202807e+42
3.825000e-15 -2.163386e+21 4.680240e+42
3.840000e-15 -2.269415e+21 5.150245e+42
3.855000e-15 -2.367912e+21 5.607005e+42
3.870000e-15 -2.458650e+21 6.044961e+42
3.885000e-15 -2.541431e+21 6.458871e+42
3.900000e-15 -2.616077e+21 6.843861e+42
3.915000e-15 -2.682440e+21 7.195486e+42
3.930000e-15 -2.740394e+21 7.509762e+42
3.945000e-15 -2.789841e+21 7.783214e+42
3.960000e-15 -2.830707e+21 8.012903e+42
3.975000e-15 -2.862945e+21 8.196453e+42
3.990000e-15 -2.886532e+21 8.332065e+42
4.005000e-15 -2.901471e+21 8.418535e+42
4.020000e-15 -2.907791e+21 8.455251e+42
4.035000e-15 -2.905545e+21 8.442193e+42
4.050000e-15 -2.894810e+21 8.379924e+42
4.065000e-15 -2.875687e+21 8.269573e+42
4.080000e-15 -2.848300e+21 8.112811e+42
4.095000e-15 -2.812796e+21 7.911824e+42
4.110000e-15 -2.769346e+21 7.669279e+42
4.125000e-15 -2.718140e+21 7.388285e+42
4.140000e-15 -2.659389e+21 7.072349e+42
4.155000e-15 -2.593325e+21 6.725332e+42
4.170000e-15 -2.520197e+21 6.351394e+42
4.185000e-15 -2.440275e+21 5.954944e+42
4.200000e-15 -2.353845e+21 5.540586e+42
4.215000e-15 -2.261208e+21 5.113062e+42
4.230000e-15 -2.162682e+21 4.677191e+42
4.245000e-15 -2.058597e+21 4.237822e+42
4.260000e-15 -1.949299e+21 3.799767e+42
4.275000e-15 -1.835144e+21 3.367755e+42
4.290000e-15 -1.716500e+21 2.946373e+42
4.305000e-15 -1.593744e+21 2.540020e+42
4.320000e-15 -1.467262e+21 2.152856e+42
4.335000e-15 -1.337446e+21 1.788762e+42
4.350000e-15 -1.204697e+21 1.451296e+42
4.365000e-15 -1.069420e+21 1.143659e+42
4.380000e-15 -9.320228e+20 8.686665e+41
4.395000e-15 -7.929168e+20 6.287171e+41
4.410000e-15 -6.525150e+20 4.257758e+41
4.425000e-15 -5.112305e+20 2.613567e+41
4.440000e-15 -3.694759e+20 1.365124e+41
4.455000e-15 -2.276616e+20 5.182979e+40
4.470000e-15 -8.619489e+19 7.429559e+39
4.485000e-15 5.452095e+19 2.972534e+39
4.500000e-15 1.940881e+20 3.767018e+40
4.515000e-15 3.321150e+20 1.103004e+41
4.530000e-15 4.682177e+20 2.192278e+41
4.545000e-15 6.020204e+20 3.624286e+41
4.560000e-15 7.331571e+20 5.375193e+41
4.575000e-15 8.612717e+20 7.417890e+41
4.590000e-15 9.860198e+20 9.722350e+41
4.605000e-15 1.107069e+21 1.225601e+42
4.620000e-15 1.224100e+21 1.498420e+42
4.635000e-15 1.336806e+21 1.787050e+42
4.650000e-15 1.444897e+21 2.087728e+42
4.665000e-15 1.548097e+21 2.396605e+42
4.680000e-15 1.646146e+21 2.709797e+42
4.695000e-15 1.738800e+21 3.023425e+42
4.710000e-15 1.825832e+21 3.333663e+42
4.725000e-15 1.907034e+21 3.636778e+42
4.740000e-15 1.982214e+21 3.929172e+42
4.755000e-15 2.051200e+21 4.207420e+42
4.770000e-15 2.113837e+21 4.468307e+42
4.785000e-15 2.169991e+21 4.708861e+42
4.800000e-15 2.219546e+21 4.926384e+42
4.815000e-15 2.262405e+21 5.118477e+42
4.830000e-15 2.298492e+21 5.283065e+42
4.845000e-15 2.327749e+21 5.418417e+42
4.860000e-15 2.350140e+21 5.523157e+42
4.875000e-15 2.365645e+21 5.596276e+42
4.890000e-15 2.374267e+21 5.637143e+42
4.905000e-15 2.376026e+21 5.645500e+42
4.920000e-15 2.370963e+21 5.621465e+42
4.935000e-15 2.359136e+21 5.565524e+42
4.950000e-15 2.340624e+21 5.478520e+42
4.965000e-15 2.315522e+21 5.361641e+42
4.980000e-15 2.283944e+21 5.216398e+42
4.995000e-15 2.246021e+21 5.044609e+42
5.010000e-15 2.201901e+21 4.848370e+42
5.025000e-15 2.151751e+21 4.630031e+42
5.040000e-15 2.095749e+21 4.392164e+42
5.055000e-15 2.034092e+21 4.137531e+42
5.070000e-15 1.966991e+21 3.869053e+42
5.085000e-15 1.894670e+21 3.589774e+42
5.100000e-15 1.817367e+21 3.302821e+42
5.115000e-15 1.735332e+21 3.011376e+42
5.130000e-15 1.648827e+21 2.718630e+42
5.145000e-15 1.558125e+21 2.427754e+42
5.160000e-15 1.463510e+21 2.141860e+42
5.175000e-15 1.365273e+21 1.863969e+42
5.190000e-15 1.263715e+21 1.596975e+42
5.205000e-15 1.159145e+21 1.343616e+42
5.220000e-15 1.051877e+21 1.106445e+42
5.235000e-15 9.422316e+20 8.878003e+41
5.250000e-15 8.305344e+20 6.897873e+41
5.265000e-15 7.171143e+20 5.142529e+41
5.280000e-15 6.023034e+20 3.627693e+41
5.295000e-15 4.864355e+20 2.366195e+41
5.310000e-15 3.698456e+20 1.367858e+41
5.325000e-15 2.528688e+20 6.394262e+40
5.340000e-15 1.358392e+20 1.845230e+40
5.355000e-15 1.908939e+19 3.644047e+38
5.370000e-15 -9.705104e+19 9.418903e+39
5.385000e-15 -2.122559e+20 4.505256e+40
5.400000e-15 -3.262035e+20 1.064087e+41
5.415000e-15 -4.385775e+20 1.923502e+41
5.430000e-15 -5.490678e+20 3.014754e+41
5.445000e-15 -6.573712e+20 4.321370e+41
5.460000e-15 -7.631926e+20 5.824629e+41
5.475000e-15 -8.662452e+20 7.503807e+41
5.490000e-15 -9.662517e+20 9.336423e+41
5.505000e-15 -1.062945e+21 1.129852e+42
5.520000e-15 -1.156068e+21 1.336494e+42
5.535000e-15 -1.245377e+21 1.550963e+42
5.550000e-15 -1.330638e+21 1.770596e+42
5.565000e-15 -1.411630e+21 1.992700e+42
5.580000e-15 -1.488148e+21 2.214583e+42
5.595000e-15 -1.559996e+21 2.433589e+42
5.610000e-15 -1.626997e+21 2.647119e+42
5.625000e-15 -1.688985e+21 2.852671e+42
5.640000e-15 -1.745811e+21 3.047856e+42
5.655000e-15 -1.797340e+21 3.230431e+42
5.670000e-15 -1.843453e+21 3.398320e+42
5.685000e-15 -1.884049e+21 3.549639e+42
5.700000e-15 -1.919039e+21 3.682710e+42
5.715000e-15 -1.948353e+21 3.796080e+42
5.730000e-15 -1.971938e+21 3.888539e+42
5.745000e-15 -1.989755e+21 3.959126e+42
5.760000e-15 -2.001784e+21 4.007138e+42
5.775000e-15 -2.008019e+21 4.032139e+42
5.790000e-15 -2.008472e+21 4.033958e+42
5.805000e-15 -2.003171e+21 4.012693e+42
5.820000e-15 -1.992160e+21 3.968700e+42
5.835000e-15 -1.975498e+21 3.902594e+42
5.850000e-15 -1.953263e+21 3.815234e+42
5.865000e-15 -1.925543e+21 3.707716e+42
5.880000e-15 -1.892446e+21 3.581353e+42
5.895000e-15 -1.854092e+21 3.437659e+42
5.910000e-15 -1.810617e+21 3.278334e+42
5.925000e-15 -1.762169e+21 3.105239e+42
5.940000e-15 -1.708910e+21 2.920373e+42
5.955000e-15 -1.651016e+21 2.725852e+42
5.970000e-15 -1.588673e+21 2.523882e+42
5.985000e-15 -1.522082e+21 2.316733e+42
6.000000e-15 -1.451452e+21 2.106713e+42
6.015000e-15 -1.377004e+21 1.896141e+42
6.030000e-15 -1.298969e+21 1.687320e+42
6.045000e-15 -1.217586e+21 1.482516e+42
6.060000e-15 -1.133103e+21 1.283923e+42
6.075000e-15 -1.045776e+21 1.093648e+42
6.090000e-15 -9.558679e+20 9.136834e+41
6.105000e-15 -8.636467e+20 7.458856e+41
6.120000e-15 -7.693867e+20 5.919559e+41
6.135000e-15 -6.733666e+20 4.534225e+41
6.150000e-15 -5.758686e+20 3.316247e+41
6.165000e-15 -4.771781e+20 2.276990e+41
6.180000e-15 -3.775825e+20 1.425685e+41
6.195000e-15 -2.773704e+20 7.693434e+40
6.210000e-15 -1.768310e+20 3.126920e+40
6.225000e-15 -7.625306e+19 5.814530e+39
6.240000e-15 2.407575e+19 5.796417e+38
6.255000e-15 1.238698e+20 1.534372e+40
6.270000e-15 2.228462e+20 4.966042e+40
6.285000e-15 3.207256e+20 1.028649e+41
6.300000e-15 4.172331e+20 1.740835e+41
6.315000e-15 5.120988e+20 2.622452e+41
6.330000e-15 6.050587e+20 3.660961e+41
6.345000e-15 6.958554e+20 4.842147e+41
6.360000e-15 7.842386e+20 6.150302e+41
6.375000e-15 8.699662e+20 7.568412e+41
6.390000e-15 9.528046e+20 9.078367e+41
6.405000e-15 1.032529e+21 1.066117e+42
6.420000e-15 1.108926e+21 1.229717e+42
6.435000e-15 1.181791e+21 1.396629e+42
6.450000e-15 1.250930e+21 1.564826e+42
6.465000e-15 1.316162e+21 1.732283e+42
6.480000e-15 1.377317e+21 1.897003e+42
6.495000e-15 1.434239e+21 2.057040e+42
6.510000e-15 1.486781e+21 2.210517e+42
6.525000e-15 1.534812e+21 2.355649e+42
6.540000e-15 1.578216e+21 2.490764e+42
6.555000e-15 1.616886e+21 2.614320e+42
6.570000e-15 1.650733e+21 2.724918e+42
6.585000e-15 1.679680e+21 2.821324e+42
6.600000e-15 1.703665e+21 2.902476e+42
6.615000e-15 1.722642e+21 2.967496e+42
6.630000e-15 1.736577e+21 3.015698e+42
6.645000e-15 1.745451e+21 3.046599e+42
6.660000e-15 1.749261e+21 3.059914e+42
6.675000e-15 1.748017e+21 3.055565e+42
6.690000e-15 1.741745e+21 3.033677e+42
6.705000e-15 1.730484e+21 2.994575e+42
6.720000e-15 1.714287e+21 2.938781e+42
6.735000e-15 1.693223e+21 2.867003e+42
6.750000e-15 1.667371e+21 2.780125e+42
6.765000e-15 1.636826e+21 2.679199e+42
6.780000e-15 1.601696e+21 2.565431e+42
6.795000e-15 1.562102e+21 2.440162e+42
6.810000e-15 1.518175e+21 2.304855e+42
6.825000e-15 1.470060e+21 2.161076e+42
6.840000e-15 1.417913e+21 2.010477e+42
6.855000e-15 1.361900e+21 1.854773e+42
6.870000e-15 1.302200e+21 1.695724e+42
6.885000e-15 1.238998e+21 1.535116e+42
6.900000e-15 1.172491e+21 1.374735e+42
6.915000e-15 1.102884e+21 1.216354e+42
6.930000e-15 1.030391e+21 1.061705e+42
6.945000e-15 9.552305e+20 9.124652e+41
6.960000e-15 8.776310e+20 7.702362e+41
6.975000e-15 7.978257e+20 6.365258e+41
6.990000e-15 7.160531e+20 5.127320e+41
7.005000e-15 6.325566e+20 4.001278e+41
7.020000e-15 5.475836e+20 2.998477e+41
7.035000e-15 4.613846e+20 2.128757e+41
7.050000e-15 3.742128e+20 1.400352e+41
7.065000e-15 2.863229e+20 8.198083e+40
7.080000e-15 1.979711e+20 3.919254e+40
7.095000e-15 1.094133e+20 1.197127e+40
7.110000e-15 2.090546e+19 4.370384e+38
7.125000e-15 -6.729789e+19 4.529006e+39
7.140000e-15 -1.549440e+20 2.400766e+40
7.155000e-15 -2.417829e+20 5.845897e+40
7.170000e-15 -3.275677e+20 1.073006e+41
7.185000e-15 -4.120557e+20 1.697899e+41
7.200000e-15 -4.950089e+20 2.450338e+41
7.215000e-15 -5.761946e+20 3.320002e+41
7.230000e-15 -6.553861e+20 4.295309e+41
7.245000e-15 -7.323634e+20 5.363561e+41
7.260000e-15 -8.069136e+20 6.511096e+41
7.275000e-15 -8.788320e+20 7.723456e+41
7.290000e-15 -9.479218e+20 8.985557e+41
7.305000e-15 -1.013995e+21 1.028187e+42
7.320000e-15 -1.076875e+21 1.159659e+42
7.335000e-15 -1.136391e+21 1.291385e+42
7.350000e-15 -1.192387e+21 1.421787e+42
7.365000e-15 -1.244715e+21 1.549316e+42
7.380000e-15 -1.293239e+21 1.672467e+42
7.395000e-15 -1.337834e+21 1.789801e+42
7.410000e-15 -1.378388e+21 1.899954e+42
7.425000e-15 -1.414800e+21 2.001659e+42
7.440000e-15 -1.446981e+21 2.093754e+42
7.455000e-15 -1.474856e+21 2.175200e+42
7.470000e-15 -1.498361e+21 2.245086e+42
7.485000e-15 -1.517446e+21 2.302643e+42
7.500000e-15 -1.532074e+21 2.347250e+42
7.515000e-15 -1.542219e+21 2.378441e+42
7.530000e-15 -1.547872e+21 2.395907e+42
7.545000e-15 -1.549032e+21 2.399501e+42
7.560000e-15 -1.545715e+21 2.389235e+42
7.575000e-15 -1.537948e+21 2.365283e+42
7.590000e-15 -1.525770e+21 2.327975e+42
7.605000e-15 -1.509235e+21 2.277789e+42
7.620000e-15 -1.488406e+21 2.215353e+42
7.635000e-15 -1.463362e+21 2.141428e+42
7.650000e-15 -1.434190e+21 2.056901e+42
7.665000e-15 -1.400991e+21 1.962777e+42
7.680000e-15 -1.363877e+21 1.860161e+42
7.695000e-15 -1.322970e+21 1.750248e+42
7.710000e-15 -1.278402e+21 1.634311e+42
7.725000e-15 -1.230316e+21 1.513677e+42
7.740000e-15 -1.178865e+21 1.389723e+42
7.755000e-15 -1.124210e+21 1.263848e+42
7.770000e-15 -1.066521e+21 1.137468e+42
7.785000e-15 -1.005977e+21 1.011989e+42
7.800000e-15 -9.427619e+20 8.888000e+41
7.815000e-15 -8.770694e+20 7.692508e+41
7.830000e-15 -8.090983e+20 6.546400e+41
7.845000e-15 -7.390532e+20 5.461996e+41
7.860000e-15 -6.671441e+20 4.450812e+41
7.875000e-15 -5.935853e+20 3.523435e+41
7.890000e-15 -5.185954e+20 2.689412e+41
7.905000e-15 -4.423959e+20 1.957141e+41
7.920000e-15 -3.652111e+20 1.333791e+41
7.935000e-15 -2.872672e+20 8.252245e+40
7.950000e-15 -2.087918e+20 4.359401e+40
7.965000e-15 -1.300130e+20 1.690339e+40
7.980000e-15 -5.115913e+19 2.617257e+39
7.995000e-15 2.754241e+19 7.585842e+38
8.010000e-15 1.058654e+20 1.120748e+40
8.025000e-15 1.835855e+20 3.370364e+40
8.040000e-15 2.604812e+20 6.785044e+40
8.055000e-15 3.363339e+20 1.131205e+41
8.070000e-15 4.109292e+20 1.688628e+41
8.085000e-15 4.840568e+20 2.343110e+41
8.100000e-15 5.555116e+20 3.085932e+41
8.115000e-15 6.250941e+20 3.907427e+41
8.130000e-15 6.926109e+20 4.797099e+41
8.145000e-15 7.578753e+20 5.743750e+41
8.160000e-15 8.207077e+20 6.735612e+41
8.175000e-15 8.809364e+20 7.760489e+41
8.190000e-15 9.383975e+20 8.805899e+41
8.205000e-15 9.929360e+20 9.859220e+41
8.220000e-15 1.044406e+21 1.090784e+42
8.235000e-15 1.092670e+21 1.193928e+42
8.250000e-15 1.137602e+21 1.294138e+42
8.265000e-15 1.179084e+21 1.390239e+42
8.280000e-15 1.217010e+21 1.481113e+42
8.295000e-15 1.251284e+21 1.565711e+42
8.310000e-15 1.281820e+21 1.643063e+42
8.325000e-15 1.308546e+21 1.712292e+42
8.340000e-15 1.331397e+21 1.772617e+42
8.355000e-15 1.350322e+21 1.823370e+42
8.370000e-15 1.365282e+21 1.863995e+42
8.385000e-15 1.376248e+21 1.894057e+42
8.400000e-15 1.383202e+21 1.913249e+42
8.415000e-15 1.386141e+21 1.921386e+42
8.430000e-15 1.385069e+21 1.918417e+42
8.445000e-15 1.380006e+21 1.904415e+42
8.460000e-15 1.370979e+21 1.879583e+42
8.475000e-15 1.358029e+21 1.844244e+42
8.490000e-15 1.341209e+21 1.798842e+42
8.505000e-15 1.320581e+21 1.743933e+42
8.520000e-15 1.296217e+21 1.680177e+42
8.535000e-15 1.268201e+21 1.608334e+42
8.550000e-15 1.236628e+21 1.529248e+42
8.565000e-15 1.201600e+21 1.443844e+42
8.580000e-15 1.163232e+21 1.353110e+42
8.595000e-15 1.121646e+21 1.258090e+42
8.610000e-15 1.076973e+21 1.159871e+42
8.625000e-15 1.029353e+21 1.059567e+42
8.640000e-15 9.789324e+20 9.583086e+41
8.655000e-15 9.258675e+20 8.572307e+41
8.670000e-15 8.703202e+20 7.574572e+41
8.685000e-15 8.124590e+20 6.600897e+41
8.700000e-15 7.524588e+20 5.661943e+41
8.715000e-15 6.904998e+20 4.767899e+41
8.730000e-15 6.267671e+20 3.928370e+41
8.745000e-15 5.614505e+20 3.152267e+41
8.760000e-15 4.947434e+20 2.447711e+41
8.775000e-15 4.268428e+20 1.821947e+41
8.790000e-15 3.579480e+20 1.281268e+41
8.805000e-15 2.882609e+20 8.309436e+40
8.820000e-15 2.179847e+20 4.751733e+40
8.835000e-15 1.473236e+20 2.170425e+40
8.850000e-15 7.648232e+19 5.849545e+39
8.865000e-15 5.665171e+18 3.209417e+37
8.880000e-15 -6.492416e+19 4.215147e+39
8.895000e-15 -1.350834e+20 1.824753e+40
8.910000e-15 -2.046122e+20 4.186617e+40
8.925000e-15 -2.733128e+20 7.469990e+40
8.940000e-15 -3.409904e+20 1.162745e+41
8.955000e-15 -4.074538e+20 1.660186e+41
8.970000e-15 -4.725161e+20 2.232714e+41
8.985000e-15 -5.359948e+20 2.872904e+41
9.000000e-15 -5.977129e+20 3.572607e+41
9.015000e-15 -6.574987e+20 4.323046e+41
9.030000e-15 -7.151870e+20 5.114924e+41
9.045000e-15 -7.706188e+20 5.938534e+41
9.060000e-15 -8.236425e+20 6.783870e+41
9.075000e-15 -8.741137e+20 7.640747e+41
9.090000e-15 -9.218957e+20 8.498917e+41
9.105000e-15 -9.668603e+20 9.348189e+41
9.120000e-15 -1.008888e+21 1.017854e+42
9.135000e-15 -1.047867e+21 1.098024e+42
9.150000e-15 -1.083695e+21 1.174395e+42
9.165000e-15 -1.116281e+21 1.246083e+42
9.180000e-15 -1.145541e+21 1.312265e+42
9.195000e-15 -1.171403e+21 1.372184e+42
9.210000e-15 -1.193802e+21 1.425163e+42
9.225000e-15 -1.212687e+21 1.470609e+42
9.240000e-15 -1.228014e+21 1.508017e+42
9.255000e-15 -1.239751e+21 1.536981e+42
9.270000e-15 -1.247876e+21 1.557194e+42
9.285000e-15 -1.252377e+21 1.568449e+42
9.300000e-15 -1.253254e+21 1.570646e+42
9.315000e-15 -1.250516e+21 1.563791e+42
9.330000e-15 -1.244182e+21 1.547990e+42
9.345000e-15 -1.234283e+21 1.523455e+42
9.360000e-15 -1.220858e+21 1.490494e+42
9.375000e-15 -1.203957e+21 1.449513e+42
9.390000e-15 -1.183641e+21 1.401006e+42
9.405000e-15 -1.159978e+21 1.345549e+42
9.420000e-15 -1.133047e+21 1.283796e+42
9.435000e-15 -1.102937e+21 1.216471e+42
9.450000e-15 -1.069744e+21 1.144353e+42
9.465000e-15 -1.033574e+21 1.068275e+42
9.480000e-15 -9.945391e+20 9.891079e+41
9.495000e-15 -9.527617e+20 9.077549e+41
9.510000e-15 -9.083706e+20 8.251371e+41
9.525000e-15 -8.615015e+20 7.421849e+41
9.540000e-15 -8.122972e+20 6.598267e+41
9.555000e-15 -7.609065e+20 5.789787e+41
9.570000e-15 -7.074841e+20 5.005338e+41
9.585000e-15 -6.521901e+20 4.253519e+41
9.600000e-15 -5.951893e+20 3.542503e+41
9.615000e-15 -5.366510e+20 2.879943e+41
9.630000e-15 -4.767484e+20 2.272891e+41
9.645000e-15 -4.156581e+20 1.727717e+41
9.660000e-15 -3.535594e+20 1.250043e+41
9.675000e-15 -2.906342e+20 8.446825e+40
9.690000e-15 -2.270660e+20 5.155896e+40
9.705000e-15 -1.630396e+20 2.658191e+40
9.720000e-15 -9.874066e+19 9.749718e+39
9.735000e-15 -3.435498e+19 1.180265e+39
9.750000e-15 2.993194e+19 8.959213e+38
9.765000e-15 9.393546e+19 8.823871e+39
9.780000e-15 1.574723e+20 2.479752e+40
9.795000e-15 2.203611e+20 4.855899e+40
9.810000e-15 2.824228e+20 7.976262e+40
9.825000e-15 3.434814e+20 1.179795e+41
9.840000e-15 4.033643e+20 1.627027e+41
9.855000e-15 4.619026e+20 2.133540e+41
9.870000e-15 5.189321e+20 2.692905e+41
9.885000e-15 5.742930e+20 3.298125e+41
9.900000e-15 6.278312e+20 3.941720e+41
9.915000e-15 6.793980e+20 4.615817e+41
9.930000e-15 7.288509e+20 5.312237e+41
9.945000e-15 7.760539e+20 6.022597e+41
9.960000e-15 8.208778e+20 6.738404e+41
9.975000e-15 8.632007e+20 7.451155e+41
9.990000e-15 9.029082e+20 8.152433e+41
1.000500e-14 9.398938e+20 8.834003e+41
1.002000e-14 9.740590e+20 9.487908e+41
1.003500e-14 1.005314e+21 1.010656e+42
1.005000e-14 1.033577e+21 1.068281e+42
1.006500e-14 1.058775e+21 1.121005e+42
1.008000e-14 1.080846e+21 1.168228e+42
1.009500e-14 1.099734e+21 1.209415e+42
1.011000e-14 1.115395e+21 1.244106e+42
1.012500e-14 1.127793e+21 1.271917e+42
1.014000e-14 1.136902e+21 1.292545e+42
1.015500e-14 1.142704e+21 1.305773e+42
1.017000e-14 1.145194e+21 1.311468e+42
1.018500e-14 1.144372e+21 1.309588e+42
1.020000e-14 1.140252e+21 1.300176e+42
1.021500e-14 1.132855e+21 1.283361e+42
1.023000e-14 1.122211e+21 1.259358e+42
1.024500e-14 1.108361e+21 1.228463e+42
1.026000e-14 1.091353e+21 1.191050e+42
1.027500e-14 1.071245e+21 1.147566e+42
1.029000e-14 1.048104e+21 1.098523e+42
1.030500e-14 1.022007e+21 1.044497e+42
1.032000e-14 9.930348e+20 9.861182e+41
1.033500e-14 9.612809e+20 9.240610e+41
1.035000e-14 9.268441e+20 8.590400e+41
1.036500e-14 8.898313e+20 7.917997e+41
1.038000e-14 8.503563e+20 7.231059e+41
1.039500e-14 8.085399e+20 6.537368e+41
1.041000e-14 7.645092e+20 5.844743e+41
1.042500e-14 7.183972e+20 5.160945e+41
1.044000e-14 6.703427e+20 4.493593e+41
1.045500e-14 6.204895e+20 3.850072e+41
1.047000e-14 5.689865e+20 3.237456e+41
1.048500e-14 5.159865e+20 2.662421e+41
1.050000e-14 4.616466e+20 2.131176e+41
1.051500e-14 4.061270e+20 1.649392e+41
1.053000e-14 3.495911e+20 1.222140e+41
1.054500e-14 2.922047e+20 8.538358e+40
1.056000e-14 2.341354e+20 5.481940e+40
1.057500e-14 1.755526e+20 3.081872e+40
1.059000e-14 1.166266e+20 1.360176e+40
1.060500e-14 5.752807e+19 3.309478e+39
1.062000e-14 -1.572054e+18 2.471354e+36
1.063500e-14 -6.050342e+19 3.660663e+39
1.065000e-14 -1.190966e+20 1.418400e+40
1.066500e-14 -1.771836e+20 3.139403e+40
1.068000e-14 -2.345984e+20 5.503639e+40
1.069500e-14 -2.911772e+20 8.478416e+40
1.071000e-14 -3.467592e+20 1.202420e+41
1.072500e-14 -4.011870e+20 1.609510e+41
1.074000e-14 -4.543066e+20 2.063945e+41
1.075500e-14 -5.059685e+20 2.560042e+41
1.077000e-14 -5.560278e+20 3.091669e+41
1.078500e-14 -6.043443e+20 3.652321e+41
1.080000e-14 -6.507836e+20 4.235193e+41
1.081500e-14 -6.952167e+20 4.833263e+41
1.083000e-14 -7.375210e+20 5.439373e+41
1.084500e-14 -7.775803e+20 6.046311e+41
1.086000e-14 -8.152850e+20 6.646896e+41
1.087500e-14 -8.505328e+20 7.234060e+41
1.089000e-14 -8.832286e+20 7.800928e+41
1.090500e-14 -9.132850e+20 8.340896e+41
1.092000e-14 -9.406225e+20 8.847707e+41
1.093500e-14 -9.651694e+20 9.315520e+41
1.095000e-14 -9.868625e+20 9.738977e+41
1.096500e-14 -1.005647e+21 1.011326e+42
1.098000e-14 -1.021476e+21 1.043413e+42
1.099500e-14 -1.034312e+21 1.069802e+42
1.101000e-14 -1.044127e+21 1.090200e+42
1.102500e-14 -1.050899e+21 1.104388e+42
1.104000e-14 -1.054617e+21 1.112218e+42
1.105500e-14 -1.055280e+21 1.113615e+42
1.107000e-14 -1.052892e+21 1.108582e+42
1.108500e-14 -1.047470e+21 1.097193e+42
1.110000e-14 -1.039036e+21 1.079595e+42
1.111500e-14 -1.027623e+21 1.056009e+42
1.113000e-14 -1.013272e+21 1.026721e+42
1.114500e-14 -9.960326e+20 9.920810e+41
1.116000e-14 -9.759614e+20 9.525007e+41
1.117500e-14 -9.531242e+20 9.084457e+41
1.119000e-14 -9.275940e+20 8.604307e+41
1.120500e-14 -8.994518e+20 8.090136e+41
1.122000e-14 -8.687856e+20 7.547884e+41
1.123500e-14 -8.356906e+20 6.983787e+41
1.125000e-14 -8.002686e+20 6.404298e+41
1.126500e-14 -7.626280e+20 5.816015e+41
1.128000e-14 -7.228833e+20 5.225603e+41
1.129500e-14 -6.811548e+20 4.639719e+41
1.131000e-14 -6.375680e+20 4.064929e+41
1.132500e-14 -5.922536e+20 3.507644e+41
1.134000e-14 -5.453470e+20 2.974034e+41
1.135500e-14 -4.969877e+20 2.469968e+41
1.137000e-14 -4.473191e+20 2.000944e+41
1.138500e-14 -3.964879e+20 1.572027e+41
1.140000e-14 -3.446440e+20 1.187795e+41
1.141500e-14 -2.919396e+20 8.522872e+40
1.143000e-14 -2.385291e+20 5.689612e+40
1.144500e-14 -1.845685e+20 3.406553e+40
1.146000e-14 -1.302150e+20 1.695595e+40
1.147500e-14 -7.562659e+19 5.719381e+39
1.149000e-14 -2.096140e+19 4.393801e+38
1.150500e-14 3.362255e+19 1.130476e+39
1.152000e-14 8.796788e+19 7.738348e+39
1.153500e-14 1.419183e+20 2.014081e+40
1.155000e-14 1.953191e+20 3.814957e+40
1.156500e-14 2.480176e+20 6.151273e+40
1.158000e-14 2.998634e+20 8.991804e+40
1.159500e-14 3.507089e+20 1.229968e+41
1.161000e-14 4.004101e+20 1.603283e+41
1.162500e-14 4.488264e+20 2.014451e+41
1.164000e-14 4.958212e+20 2.458386e+41
1.165500e-14 5.412625e+20 2.929651e+41
1.167000e-14 5.850232e+20 3.422521e+41
1.168500e-14 6.269812e+20 3.931054e+41
1.170000e-14 6.670199e+20 4.449155e+41
1.171500e-14 7.050287e+20 4.970655e+41
1.173000e-14 7.409030e+20 5.489373e+41
1.174500e-14 7.745448e+20 5.999196e+41
1.176000e-14 8.058625e+20 6.494143e+41
1.177500e-14 8.347716e+20 6.968436e+41
1.179000e-14 8.611949e+20 7.416566e+41
1.180500e-14 8.850623e+20 7.833353e+41
1.182000e-14 9.063115e+20 8.214005e+41
1.183500e-14 9.248877e+20 8.554173e+41
1.185000e-14 9.407441e+20 8.849995e+41
1.186500e-14 9.538418e+20 9.098142e+41
1.188000e-14 9.641499e+20 9.295851e+41
1.189500e-14 9.716458e+20 9.440956e+41
1.191000e-14 9.763149e+20 9.531909e+41
1.192500e-14 9.781509e+20 9.567793e+41
1.194000e-14 9.771556e+20 9.548331e+41
1.195500e-14 9.733391e+20 9.473889e+41
1.197000e-14 9.667193e+20 9.345463e+41
1.198500e-14 9.573226e+20 9.164666e+41
1.200000e-14 9.451830e+20 8.933709e+41
1.201500e-14 9.303425e+20 8.655371e+41
1.203000e-14 9.128506e+20 8.332962e+41
1.204500e-14 8.927645e+20 7.970285e+41
1.206000e-14 8.701487e+20 7.571588e+41
1.207500e-14 8.450749e+20 7.141516e+41
1.209000e-14 8.176215e+20 6.685049e+41
1.210500e-14 7.878737e+20 6.207450e+41
1.212000e-14 7.559232e+20 5.714199e+41
1.213500e-14 7.218677e+20 5.210930e+41
1.215000e-14 6.858108e+20 4.703364e+41
1.216500e-14 6.478614e+20 4.197244e+41
1.218000e-14 6.081339e+20 3.698269e+41
1.219500e-14 5.667474e+20 3.212027e+41
1.221000e-14 5.238255e+20 2.743932e+41
1.222500e-14 4.794959e+20 2.299163e+41
1.224000e-14 4.338900e+20 1.882606e+41
1.225500e-14 3.871427e+20 1.498795e+41
1.227000e-14 3.393918e+20 1.151868e+41
1.228500e-14 2.907775e+20 8.455155e+40
1.230000e-14 2.414423e+20 5.829441e+40
1.231500e-14 1.915305e+20 3.668395e+40
1.233000e-14 1.411876e+20 1.993393e+40
1.234500e-14 9.055984e+19 8.201085e+39
1.236000e-14 3.979420e+19 1.583578e+39
1.237500e-14 -1.096247e+19 1.201758e+38
1.239000e-14 -6.156367e+19 3.790085e+39
1.240500e-14 -1.118637e+20 1.251349e+40
1.242000e-14 -1.617181e+20 2.615274e+40
1.243500e-14 -2.109840e+20 4.451425e+40
1.245000e-14 -2.595207e+20 6.735099e+40
1.246500e-14 -3.071898e+20 9.436556e+40
1.248000e-14 -3.538558e+20 1.252139e+41
1.249500e-14 -3.993865e+20 1.595095e+41
1.251000e-14 -4.436531e+20 1.968281e+41
1.252500e-14 -4.865310e+20 2.367124e+41
1.254000e-14 -5.278997e+20 2.786781e+41
1.255500e-14 -5.676436e+20 3.222192e+41
1.257000e-14 -6.056517e+20 3.668140e+41
1.258500e-14 -6.418186e+20 4.119311e+41
1.260000e-14 -6.760442e+20 4.570358e+41
1.261500e-14 -7.082346e+20 5.015962e+41
1.263000e-14 -7.383016e+20 5.450892e+41
1.264500e-14 -7.661635e+20 5.870065e+41
1.266000e-14 -7.917453e+20 6.268606e+41
1.267500e-14 -8.149785e+20 6.641900e+41
1.269000e-14 -8.358018e+20 6.985646e+41
1.270500e-14 -8.541607e+20 7.295904e+41
1.272000e-14 -8.700081e+20 7.569141e+41
1.273500e-14 -8.833043e+20 7.802265e+41
1.275000e-14 -8.940170e+20 7.992665e+41
1.276500e-14 -9.021215e+20 8.138231e+41
1.278000e-14 -9.076004e+20 8.237384e+41
1.279500e-14 -9.104442e+20 8.289087e+41
1.281000e-14 -9.106510e+20 8.292853e+41
1.282500e-14 -9.082264e+20 8.248752e+41
1.284000e-14 -9.031836e+20 8.157406e+41
1.285500e-14 -8.955433e+20 8.019978e+41
1.287000e-14 -8.853338e+20 7.838158e+41
1.288500e-14 -8.725904e+20 7.614140e+41
1.290000e-14 -8.573560e+20 7.350593e+41
1.291500e-14 -8.396804e+20 7.050631e+41
1.293000e-14 -8.196203e+20 6.717774e+41
1.294500e-14 -7.972391e+20 6.355902e+41
1.296000e-14 -7.726070e+20 5.969216e+41
1.297500e-14 -7.458002e+20 5.562180e+41
1.299000e-14 -7.169012e+20 5.139474e+41
1.300500e-14 -6.859983e+20 4.705937e+41
1.302000e-14 -6.531853e+20 4.266510e+41
1.303500e-14 -6.185613e+20 3.826181e+41
1.305000e-14 -5.822306e+20 3.389924e+41
1.306500e-14 -5.443018e+20 2.962644e+41
1.308000e-14 -5.048881e+20 2.549120e+41
1.309500e-14 -4.641068e+20 2.153951e+41
1.311000e-14 -4.220787e+20 1.781504e+41
1.312500e-14 -3.789279e+20 1.435863e+41
1.314000e-14 -3.347815e+20 1.120787e+41
1.315500e-14 -2.897694e+20 8.396629e+40
1.317000e-14 -2.440232e+20 5.954734e+40
1.318500e-14 -1.976769e+20 3.907614e+40
1.320000e-14 -1.508654e+20 2.276036e+40
1.321500e-14 -1.037249e+20 1.075886e+40
1.323000e-14 -5.639230e+19 3.180092e+39
1.324500e-14 -9.004569e+18 8.108227e+37
1.326000e-14 3.830140e+19 1.466997e+39
1.327500e-14 8.538926e+19 7.291325e+39
1.329000e-14 1.321236e+20 1.745665e+40
1.330500e-14 1.783704e+20 3.181600e+40
1.332000e-14 2.239972e+20 5.017476e+40
1.333500e-14 2.688739e+20 7.229316e+40
1.335000e-14 3.128725e+20 9.788918e+40
1.336500e-14 3.558680e+20 1.266420e+41
1.338000e-14 3.977387e+20 1.581961e+41
1.339500e-14 4.383663e+20 1.921650e+41
1.341000e-14 4.776362e+20 2.281363e+41
1.342500e-14 5.154382e+20 2.656765e+41
1.344000e-14 5.516664e+20 3.043358e+41
1.345500e-14 5.862199e+20 3.436538e+41
1.347000e-14 6.190027e+20 3.831644e+41
1.348500e-14 6.499241e+20 4.224013e+41
1.350000e-14 6.788990e+20 4.609039e+41
1.351500e-14 7.058481e+20 4.982216e+41
1.353000e-14 7.306982e+20 5.339199e+41
1.354500e-14 7.533822e+20 5.675847e+41
1.356000e-14 7.738394e+20 5.988274e+41
1.357500e-14 7.920157e+20 6.272888e+41
1.359000e-14 8.078637e+20 6.526437e+41
1.360500e-14 8.213428e+20 6.746040e+41
1.362000e-14 8.324193e+20 6.929219e+41
1.363500e-14 8.410666e+20 7.073931e+41
1.365000e-14 8.472651e+20 7.178581e+41
1.366500e-14 8.510021e+20 7.242046e+41
1.368000e-14 8.522724e+20 7.263683e+41
1.369500e-14 8.510777e+20 7.243333e+41
1.371000e-14 8.474269e+20 7.181323e+41
1.372500e-14 8.413358e+20 7.078459e+41
1.374000e-14 8.328273e+20 6.936013e+41
1.375500e-14 8.219313e+20 6.755711e+41
1.377000e-14 8.086845e+20 6.539706e+41
1.378500e-14 7.931302e+20 6.290554e+41
1.380000e-14 7.753182e+20 6.011183e+41
1.381500e-14 7.553050e+20 5.704856e+41
1.383000e-14 7.331530e+20 5.375133e+41
1.384500e-14 7.089308e+20 5.025829e+41
1.386000e-14 6.827129e+20 4.660969e+41
1.387500e-14 6.545791e+20 4.284738e+41
1.389000e-14 6.246150e+20 3.901438e+41
1.390500e-14 5.929108e+20 3.515432e+41
1.392000e-14 5.595618e+20 3.131094e+41
1.393500e-14 5.246679e+20 2.752764e+41
1.395000e-14 4.883331e+20 2.384692e+41
1.396500e-14 4.506654e+20 2.030993e+41
1.398000e-14 4.117764e+20 1.695598e+41
1.399500e-14 3.717809e+20 1.382210e+41
1.401000e-14 3.307967e+20 1.094265e+41
1.402500e-14 2.889444e+20 8.348887e+40
1.404000e-14 2.463466e+20 6.068662e+40
1.405500e-14 2.031277e+20 4.126087e+40
1.407000e-14 1.594140e+20 2.541282e+40
1.408500e-14 1.153327e+20 1.330162e+40
1.410000e-14 7.101174e+19 5.042668e+39
1.411500e-14 2.657970e+19 7.064805e+38
1.413000e-14 -1.783495e+19 3.180854e+38
1.414500e-14 -6.210401e+19 3.856908e+39
1.416000e-14 -1.061000e+20 1.125721e+40
1.417500e-14 -1.496964e+20 2.240902e+40
1.419000e-14 -1.927683e+20 3.715962e+40
1.420500e-14 -2.351924e+20 5.531544e+40
1.422000e-14 -2.768475e+20 7.664452e+40
1.423500e-14 -3.176150e+20 1.008793e+41
1.425000e-14 -3.573790e+20 1.277198e+41
1.426500e-14 -3.960269e+20 1.568373e+41
1.428000e-14 -4.334494e+20 1.878784e+41
1.429500e-14 -4.695410e+20 2.204687e+41
1.431000e-14 -5.042002e+20 2.542179e+41
1.432500e-14 -5.373301e+20 2.887236e+41
1.434000e-14 -5.688380e+20 3.235766e+41
1.435500e-14 -5.986364e+20 3.583655e+41
1.437000e-14 -6.266428e+20 3.926812e+41
1.438500e-14 -6.527801e+20 4.261218e+41
1.440000e-14 -6.769766e+20 4.582973e+41
1.441500e-14 -6.991666e+20 4.888339e+41
1.443000e-14 -7.192900e+20 5.173781e+41
1.444500e-14 -7.372931e+20 5.436011e+41
1.446000e-14 -7.531283e+20 5.672022e+41
1.447500e-14 -7.667542e+20 5.879120e+41
1.449000e-14 -7.781362e+20 6.054959e+41
1.450500e-14 -7.872459e+20 6.197561e+41
1.452000e-14 -7.940617e+20 6.305340e+41
1.453500e-14 -7.985687e+20 6.377120e+41
1.455000e-14 -8.007587e+20 6.412144e+41
1.456500e-14 -8.006299e+20 6.410082e+41
1.458000e-14 -7.981876e+20 6.371034e+41
1.459500e-14 -7.934435e+20 6.295526e+41
1.461000e-14 -7.864161e+20 6.184502e+41
1.462500e-14 -7.771303e+20 6.039314e+41
1.464000e-14 -7.656175e+20 5.861701e+41
1.465500e-14 -7.519156e+20 5.653770e+41
1.467000e-14 -7.360685e+20 5.417969e+41
1.468500e-14 -7.181265e+20 5.157056e+41
1.470000e-14 -6.981455e+20 4.874072e+41
1.471500e-14 -6.761875e+20 4.572296e+41
1.473000e-14 -6.523199e+20 4.255213e+41
1.474500e-14 -6.266155e+20 3.926469e+41
1.476000e-14 -5.991522e+20 3.589833e+41
1.477500e-14 -5.700129e+20 3.249147e+41
1.479000e-14 -5.392852e+20 2.908286e+41
1.480500e-14 -5.070611e+20 2.571110e+41
1.482000e-14 -4.734366e+20 2.241423e+41
1.483500e-14 -4.385117e+20 1.922925e+41
1.485000e-14 -4.023899e+20 1.619177e+41
1.486500e-14 -3.651779e+20 1.333549e+41
1.488000e-14 -3.269854e+20 1.069195e+41
1.489500e-14 -2.879247e+20 8.290065e+40
1.491000e-14 -2.481104e+20 6.155875e+40
1.492500e-14 -2.076589e+20 4.312221e+40
1.494000e-14 -1.666884e+20 2.778501e+40
1.495500e-14 -1.253182e+20 1.570465e+40
1.497000e-14 -8.366871e+19 7.000454e+39
1.498500e-14 -4.186074e+19 1.752322e+39
