0.000000e+00 nan nan
1.500000e-17 -8.720468e+13 7.604657e+27
3.000000e-17 -1.394968e+15 1.945936e+30
4.500000e-17 -7.059439e+15 4.983569e+31
6.000000e-17 -2.229987e+16 4.972842e+32
7.500000e-17 -5.440714e+16 2.960136e+33
9.000000e-17 -1.127277e+17 1.270753e+34
1.050000e-16 -2.086429e+17 4.353186e+34
1.200000e-16 -3.555441e+17 1.264116e+35
1.350000e-16 -5.688027e+17 3.235365e+35
1.500000e-16 -8.657365e+17 7.494997e+35
1.650000e-16 -1.265571e+18 1.601670e+36
1.800000e-16 -1.789396e+18 3.201940e+36
1.950000e-16 -2.460122e+18 6.052198e+36
2.100000e-16 -3.302421e+18 1.090599e+37
2.250000e-16 -4.342682e+18 1.885889e+37
2.400000e-16 -5.608942e+18 3.146024e+37
2.550000e-16 -7.130829e+18 5.084872e+37
2.700000e-16 -8.939489e+18 7.991447e+37
2.850000e-16 -1.106752e+19 1.224900e+38
3.000000e-16 -1.354890e+19 1.835727e+38
3.150000e-16 -1.641889e+19 2.695801e+38
3.300000e-16 -1.971399e+19 3.886414e+38
3.450000e-16 -2.347180e+19 5.509256e+38
3.600000e-16 -2.773100e+19 7.690081e+38
3.750000e-16 -3.253117e+19 1.058277e+39
3.900000e-16 -3.791281e+19 1.437381e+39
4.050000e-16 -4.391712e+19 1.928714e+39
4.200000e-16 -5.058600e+19 2.558944e+39
4.350000e-16 -5.796190e+19 3.359582e+39
4.500000e-16 -6.608771e+19 4.367586e+39
4.650000e-16 -7.500669e+19 5.626004e+39
4.800000e-16 -8.476233e+19 7.184652e+39
4.950000e-16 -9.539824e+19 9.100824e+39
5.100000e-16 -1.069581e+20 1.144003e+40
5.250000e-16 -1.194854e+20 1.427675e+40
5.400000e-16 -1.330235e+20 1.769524e+40
5.550000e-16 -1.476154e+20 2.179030e+40
5.700000e-16 -1.633037e+20 2.666810e+40
5.850000e-16 -1.801304e+20 3.244698e+40
6.000000e-16 -1.981370e+20 3.925827e+40
6.150000e-16 -2.173639e+20 4.724706e+40
6.300000e-16 -2.378508e+20 5.657302e+40
6.450000e-16 -2.596365e+20 6.741109e+40
6.600000e-16 -2.827583e+20 7.995224e+40
6.750000e-16 -3.072526e+20 9.440415e+40
6.900000e-16 -3.331543e+20 1.109918e+41
7.050000e-16 -3.604968e+20 1.299579e+41
7.200000e-16 -3.893120e+20 1.515638e+41
7.350000e-16 -4.196301e+20 1.760894e+41
7.500000e-16 -4.514793e+20 2.038336e+41
7.650000e-16 -4.848863e+20 2.351147e+41
7.800000e-16 -5.198754e+20 2.702704e+41
7.950000e-16 -5.564689e+20 3.096577e+41
8.100000e-16 -5.946871e+20 3.536528e+41
8.250000e-16 -6.345478e+20 4.026510e+41
8.400000e-16 -6.760665e+20 4.570659e+41
8.550000e-16 -7.192561e+20 5.173294e+41
8.700000e-16 -7.641272e+20 5.838903e+41
8.850000e-16 -8.106874e+20 6.572141e+41
9.000000e-16 -8.589420e+20 7.377814e+41
9.150000e-16 -9.088932e+20 8.260869e+41
9.300000e-16 -9.605406e+20 9.226383e+41
9.450000e-16 -1.013881e+21 1.027954e+42
9.600000e-16 -1.068907e+21 1.142563e+42
9.750000e-16 -1.125611e+21 1.266999e+42
9.900000e-16 -1.183979e+21 1.401806e+42
1.005000e-15 -1.243996e+21 1.547525e+42
1.020000e-15 -1.305643e+21 1.704704e+42
1.035000e-15 -1.368899e+21 1.873884e+42
1.050000e-15 -1.433738e+21 2.055605e+42
1.065000e-15 -1.500133e+21 2.250399e+42
1.080000e-15 -1.568052e+21 2.458786e+42
1.095000e-15 -1.637459e+21 2.681273e+42
1.110000e-15 -1.708319e+21 2.918353e+42
1.125000e-15 -1.780589e+21 3.170496e+42
1.140000e-15 -1.854225e+21 3.438149e+42
1.155000e-15 -1.929179e+21 3.721733e+42
1.170000e-15 -2.005403e+21 4.021640e+42
1.185000e-15 -2.082840e+21 4.338224e+42
1.200000e-15 -2.161436e+21 4.671807e+42
1.215000e-15 -2.241130e+21 5.022665e+42
1.230000e-15 -2.321860e+21 5.391034e+42
1.245000e-15 -2.403560e+21 5.777099e+42
1.260000e-15 -2.486161e+21 6.180995e+42
1.275000e-15 -2.569592e+21 6.602805e+42
1.290000e-15 -2.653780e+21 7.042550e+42
1.305000e-15 -2.738648e+21 7.500194e+42
1.320000e-15 -2.824117e+21 7.975636e+42
1.335000e-15 -2.910105e+21 8.468712e+42
1.350000e-15 -2.996529e+21 8.979187e+42
1.365000e-15 -3.083303e+21 9.506756e+42
1.380000e-15 -3.170338e+21 1.005104e+43
1.395000e-15 -3.257545e+21 1.061160e+43
1.410000e-15 -3.344831e+21 1.118789e+43
1.425000e-15 -3.432103e+21 1.177933e+43
1.440000e-15 -3.519266e+21 1.238523e+43
1.455000e-15 -3.606223e+21 1.300484e+43
1.470000e-15 -3.692875e+21 1.363733e+43
1.485000e-15 -3.779124e+21 1.428178e+43
1.500000e-15 -3.864869e+21 1.493722e+43
1.515000e-15 -3.950010e+21 1.560258e+43
1.530000e-15 -4.034443e+21 1.627673e+43
1.545000e-15 -4.118067e+21 1.695848e+43
1.560000e-15 -4.200779e+21 1.764654e+43
1.575000e-15 -4.282475e+21 1.833959e+43
1.590000e-15 -4.363052e+21 1.903622e+43
1.605000e-15 -4.442407e+21 1.973498e+43
1.620000e-15 -4.520437e+21 2.043435e+43
1.635000e-15 -4.597040e+21 2.113278e+43
1.650000e-15 -4.672113e+21 2.182864e+43
1.665000e-15 -4.745555e+21 2.252029e+43
1.680000e-15 -4.817266e+21 2.320605e+43
1.695000e-15 -4.887146e+21 2.388420e+43
1.710000e-15 -4.955098e+21 2.455299e+43
1.725000e-15 -5.021024e+21 2.521068e+43
1.740000e-15 -5.084829e+21 2.585548e+43
1.755000e-15 -5.146420e+21 2.648564e+43
1.770000e-15 -5.205706e+21 2.709937e+43
1.785000e-15 -5.262596e+21 2.769492e+43
1.800000e-15 -5.317004e+21 2.827053e+43
1.815000e-15 -5.368844e+21 2.882448e+43
1.830000e-15 -5.418033e+21 2.935508e+43
1.845000e-15 -5.464493e+21 2.986068e+43
1.860000e-15 -5.508144e+21 3.033966e+43
1.875000e-15 -5.548915e+21 3.079045e+43
1.890000e-15 -5.586731e+21 3.121157e+43
1.905000e-15 -5.621527e+21 3.160157e+43
1.920000e-15 -5.653236e+21 3.195908e+43
1.935000e-15 -5.681798e+21 3.228283e+43
1.950000e-15 -5.707153e+21 3.257160e+43
1.965000e-15 -5.729248e+21 3.282429e+43
1.980000e-15 -5.748032e+21 3.303987e+43
1.995000e-15 -5.763457e+21 3.321744e+43
2.010000e-15 -5.775481e+21 3.335618e+43
2.025000e-15 -5.784064e+21 3.345540e+43
2.040000e-15 -5.789171e+21 3.351450e+43
2.055000e-15 -5.790770e+21 3.353301e+43
2.070000e-15 -5.788834e+21 3.351060e+43
2.085000e-15 -5.783341e+21 3.344703e+43
2.100000e-15 -5.774271e+21 3.334221e+43
2.115000e-15 -5.761611e+21 3.319616e+43
2.130000e-15 -5.745349e+21 3.300903e+43
2.145000e-15 -5.725480e+21 3.278112e+43
2.160000e-15 -5.702002e+21 3.251282e+43
2.175000e-15 -5.674917e+21 3.220468e+43
2.190000e-15 -5.644233e+21 3.185736e+43
2.205000e-15 -5.609960e+21 3.147165e+43
2.220000e-15 -5.572115e+21 3.104846e+43
2.235000e-15 -5.530716e+21 3.058882e+43
2.250000e-15 -5.485788e+21 3.009387e+43
2.265000e-15 -5.437359e+21 2.956487e+43
2.280000e-15 -5.385460e+21 2.900318e+43
2.295000e-15 -5.330129e+21 2.841028e+43
2.310000e-15 -5.271405e+21 2.778771e+43
2.325000e-15 -5.209334e+21 2.713716e+43
2.340000e-15 -5.143962e+21 2.646034e+43
2.355000e-15 -5.075342e+21 2.575910e+43
2.370000e-15 -5.003530e+21 2.503531e+43
2.385000e-15 -4.928585e+21 2.429095e+43
2.400000e-15 -4.850570e+21 2.352803e+43
2.415000e-15 -4.769551e+21 2.274862e+43
2.430000e-15 -4.685598e+21 2.195483e+43
2.445000e-15 -4.598784e+21 2.114882e+43
2.460000e-15 -4.509185e+21 2.033275e+43
2.475000e-15 -4.416881e+21 1.950884e+43
2.490000e-15 -4.321952e+21 1.867927e+43
2.505000e-15 -4.224484e+21 1.784626e+43
2.520000e-15 -4.124564e+21 1.701203e+43
2.535000e-15 -4.022282e+21 1.617875e+43
2.550000e-15 -3.917730e+21 1.534861e+43
2.565000e-15 -3.811003e+21 1.452374e+43
2.580000e-15 -3.702196e+21 1.370626e+43
2.595000e-15 -3.591409e+21 1.289822e+43
2.610000e-15 -3.478742e+21 1.210165e+43
2.625000e-15 -3.364297e+21 1.131850e+43
2.640000e-15 -3.248177e+21 1.055065e+43
2.655000e-15 -3.130487e+21 9.799950e+42
2.670000e-15 -3.011333e+21 9.068128e+42
2.685000e-15 -2.890823e+21 8.356856e+42
2.700000e-15 -2.769063e+21 7.667712e+42
2.715000e-15 -2.646164e+21 7.002185e+42
2.730000e-15 -2.522235e+21 6.361667e+42
2.745000e-15 -2.397385e+21 5.747454e+42
2.760000e-15 -2.271725e+21 5.160734e+42
2.775000e-15 -2.145366e+21 4.602594e+42
2.790000e-15 -2.018418e+21 4.074010e+42
2.805000e-15 -1.890991e+21 3.575849e+42
2.820000e-15 -1.763197e+21 3.108865e+42
2.835000e-15 -1.635146e+21 2.673701e+42
2.850000e-15 -1.506946e+21 2.270885e+42
2.865000e-15 -1.378706e+21 1.900831e+42
2.880000e-15 -1.250536e+21 1.563841e+42
2.895000e-15 -1.122542e+21 1.260102e+42
2.910000e-15 -9.948318e+20 9.896902e+41
2.925000e-15 -8.675094e+20 7.525726e+41
2.940000e-15 -7.406796e+20 5.486063e+41
2.955000e-15 -6.144454e+20 3.775431e+41
2.970000e-15 -4.889081e+20 2.390311e+41
2.985000e-15 -3.641679e+20 1.326183e+41
3.000000e-15 -2.403231e+20 5.775521e+40
3.015000e-15 -1.174706e+20 1.379935e+40
3.030000e-15 4.294729e+18 1.844470e+37
3.045000e-15 1.248798e+20 1.559496e+40
3.060000e-15 2.441934e+20 5.963040e+40
3.075000e-15 3.621463e+20 1.311499e+41
3.090000e-15 4.786515e+20 2.291073e+41
3.105000e-15 5.936241e+20 3.523896e+41
3.120000e-15 7.069814e+20 4.998227e+41
3.135000e-15 8.186428e+20 6.701761e+41
3.150000e-15 9.285304e+20 8.621686e+41
3.165000e-15 1.036568e+21 1.074474e+42
3.180000e-15 1.142683e+21 1.305725e+42
3.195000e-15 1.246804e+21 1.554520e+42
3.210000e-15 1.348863e+21 1.819431e+42
3.225000e-15 1.448793e+21 2.099002e+42
3.240000e-15 1.546533e+21 2.391763e+42
3.255000e-15 1.642020e+21 2.696229e+42
3.270000e-15 1.735197e+21 3.010907e+42
3.285000e-15 1.826008e+21 3.334304e+42
3.300000e-15 1.914400e+21 3.664928e+42
3.315000e-15 2.000324e+21 4.001296e+42
3.330000e-15 2.083731e+21 4.341937e+42
3.345000e-15 2.164578e+21 4.685396e+42
3.360000e-15 2.242820e+21 5.030242e+42
3.375000e-15 2.318420e+21 5.375069e+42
3.390000e-15 2.391339e+21 5.718502e+42
3.405000e-15 2.461544e+21 6.059198e+42
3.420000e-15 2.529003e+21 6.395854e+42
3.435000e-15 2.593686e+21 6.727208e+42
3.450000e-15 2.655568e+21 7.052041e+42
3.465000e-15 2.714624e+21 7.369183e+42
3.480000e-15 2.770833e+21 7.677516e+42
3.495000e-15 2.824176e+21 7.975971e+42
3.510000e-15 2.874637e+21 8.263539e+42
3.525000e-15 2.922202e+21 8.539266e+42
3.540000e-15 2.966860e+21 8.802257e+42
3.555000e-15 3.008601e+21 9.051680e+42
3.570000e-15 3.047419e+21 9.286764e+42
3.585000e-15 3.083310e+21 9.506803e+42
3.600000e-15 3.116273e+21 9.711155e+42
3.615000e-15 3.146306e+21 9.899243e+42
3.630000e-15 3.173414e+21 1.007056e+43
3.645000e-15 3.197601e+21 1.022465e+43
3.660000e-15 3.218874e+21 1.036115e+43
3.675000e-15 3.237243e+21 1.047974e+43
3.690000e-15 3.252718e+21 1.058017e+43
3.705000e-15 3.265314e+21 1.066227e+43
3.720000e-15 3.275045e+21 1.072592e+43
3.735000e-15 3.281930e+21 1.077107e+43
3.750000e-15 3.285988e+21 1.079772e+43
3.765000e-15 3.287240e+21 1.080595e+43
3.780000e-15 3.285709e+21 1.079589e+43
3.795000e-15 3.281421e+21 1.076773e+43
3.810000e-15 3.274403e+21 1.072172e+43
3.825000e-15 3.264683e+21 1.065816e+43
3.840000e-15 3.252292e+21 1.057740e+43
3.855000e-15 3.237261e+21 1.047986e+43
3.870000e-15 3.219625e+21 1.036599e+43
3.885000e-15 3.199420e+21 1.023629e+43
3.900000e-15 3.176681e+21 1.009130e+43
3.915000e-15 3.151447e+21 9.931620e+42
3.930000e-15 3.123759e+21 9.757872e+42
3.945000e-15 3.093658e+21 9.570722e+42
3.960000e-15 3.061187e+21 9.370866e+42
3.975000e-15 3.026390e+21 9.159036e+42
3.990000e-15 2.989312e+21 8.935989e+42
4.005000e-15 2.950002e+21 8.702509e+42
4.020000e-15 2.908505e+21 8.459403e+42
4.035000e-15 2.864873e+21 8.207499e+42
4.050000e-15 2.819156e+21 7.947641e+42
4.065000e-15 2.771405e+21 7.680687e+42
4.080000e-15 2.721674e+21 7.407509e+42
4.095000e-15 2.670016e+21 7.128985e+42
4.110000e-15 2.616486e+21 6.846000e+42
4.125000e-15 2.561141e+21 6.559443e+42
4.140000e-15 2.504037e+21 6.270202e+42
4.155000e-15 2.445232e+21 5.979162e+42
4.170000e-15 2.384786e+21 5.687204e+42
4.185000e-15 2.322757e+21 5.395200e+42
4.200000e-15 2.259206e+21 5.104013e+42
4.215000e-15 2.194195e+21 4.814492e+42
4.230000e-15 2.127785e+21 4.527471e+42
4.245000e-15 2.060040e+21 4.243764e+42
4.260000e-15 1.991022e+21 3.964167e+42
4.275000e-15 1.920795e+21 3.689452e+42
4.290000e-15 1.849424e+21 3.420369e+42
4.305000e-15 1.776974e+21 3.157636e+42
4.320000e-15 1.703511e+21 2.901949e+42
4.335000e-15 1.629100e+21 2.653966e+42
4.350000e-15 1.553808e+21 2.414320e+42
4.365000e-15 1.477702e+21 2.183604e+42
4.380000e-15 1.400849e+21 1.962378e+42
4.395000e-15 1.323316e+21 1.751166e+42
4.410000e-15 1.245171e+21 1.550451e+42
4.425000e-15 1.166482e+21 1.360680e+42
4.440000e-15 1.087316e+21 1.182256e+42
4.455000e-15 1.007742e+21 1.015544e+42
4.470000e-15 9.278274e+20 8.608637e+41
4.485000e-15 8.476408e+20 7.184949e+41
4.500000e-15 7.672500e+20 5.886725e+41
4.515000e-15 6.867230e+20 4.715884e+41
4.530000e-15 6.061275e+20 3.673906e+41
4.545000e-15 5.255313e+20 2.761831e+41
4.560000e-15 4.450016e+20 1.980264e+41
4.575000e-15 3.646055e+20 1.329372e+41
4.590000e-15 2.844098e+20 8.088896e+40
4.605000e-15 2.044809e+20 4.181243e+40
4.620000e-15 1.248846e+20 1.559615e+40
4.635000e-15 4.568629e+19 2.087237e+39
4.650000e-15 -3.304904e+19 1.092239e+39
4.665000e-15 -1.112571e+20 1.237815e+40
4.680000e-15 -1.888743e+20 3.567352e+40
4.695000e-15 -2.658377e+20 7.066968e+40
4.710000e-15 -3.420850e+20 1.170221e+41
4.725000e-15 -4.175547e+20 1.743520e+41
4.740000e-15 -4.921864e+20 2.422475e+41
4.755000e-15 -5.659202e+20 3.202657e+41
4.770000e-15 -6.386975e+20 4.079345e+41
4.785000e-15 -7.104604e+20 5.047539e+41
4.800000e-15 -7.811521e+20 6.101986e+41
4.815000e-15 -8.507170e+20 7.237194e+41
4.830000e-15 -9.191005e+20 8.447458e+41
4.845000e-15 -9.862493e+20 9.726877e+41
4.860000e-15 -1.052111e+21 1.106938e+42
4.875000e-15 -1.116635e+21 1.246874e+42
4.890000e-15 -1.179772e+21 1.391861e+42
4.905000e-15 -1.241472e+21 1.541254e+42
4.920000e-15 -1.301691e+21 1.694399e+42
4.935000e-15 -1.360381e+21 1.850636e+42
4.950000e-15 -1.417499e+21 2.009303e+42
4.965000e-15 -1.473003e+21 2.169737e+42
4.980000e-15 -1.526851e+21 2.331273e+42
4.995000e-15 -1.579004e+21 2.493253e+42
5.010000e-15 -1.629424e+21 2.655023e+42
5.025000e-15 -1.678076e+21 2.815939e+42
5.040000e-15 -1.724924e+21 2.975364e+42
5.055000e-15 -1.769936e+21 3.132675e+42
5.070000e-15 -1.813081e+21 3.287264e+42
5.085000e-15 -1.854330e+21 3.438540e+42
5.100000e-15 -1.893654e+21 3.585927e+42
5.115000e-15 -1.931029e+21 3.728874e+42
5.130000e-15 -1.966430e+21 3.866847e+42
5.145000e-15 -1.999835e+21 3.999340e+42
5.160000e-15 -2.031224e+21 4.125871e+42
5.175000e-15 -2.060578e+21 4.245983e+42
5.190000e-15 -2.087881e+21 4.359249e+42
5.205000e-15 -2.113119e+21 4.465272e+42
5.220000e-15 -2.136278e+21 4.563683e+42
5.235000e-15 -2.157347e+21 4.654148e+42
5.250000e-15 -2.176319e+21 4.736364e+42
5.265000e-15 -2.193185e+21 4.810060e+42
5.280000e-15 -2.207940e+21 4.875001e+42
5.295000e-15 -2.220582e+21 4.930986e+42
5.310000e-15 -2.231109e+21 4.977849e+42
5.325000e-15 -2.239522e+21 5.015459e+42
5.340000e-15 -2.245823e+21 5.043721e+42
5.355000e-15 -2.250016e+21 5.062574e+42
5.370000e-15 -2.252109e+21 5.071994e+42
5.385000e-15 -2.252108e+21 5.071992e+42
5.400000e-15 -2.250025e+21 5.062612e+42
5.415000e-15 -2.245870e+21 5.043933e+42
5.430000e-15 -2.239658e+21 5.016070e+42
5.445000e-15 -2.231405e+21 4.979166e+42
5.460000e-15 -2.221126e+21 4.933401e+42
5.475000e-15 -2.208842e+21 4.878984e+42
5.490000e-15 -2.194574e+21 4.816153e+42
5.505000e-15 -2.178343e+21 4.745176e+42
5.520000e-15 -2.160174e+21 4.666350e+42
5.535000e-15 -2.140092e+21 4.579996e+42
5.550000e-15 -2.118127e+21 4.486460e+42
5.565000e-15 -2.094305e+21 4.386114e+42
5.580000e-15 -2.068659e+21 4.279348e+42
5.595000e-15 -2.041219e+21 4.166577e+42
5.610000e-15 -2.012021e+21 4.048229e+42
5.625000e-15 -1.981099e+21 3.924753e+42
5.640000e-15 -1.948490e+21 3.796612e+42
5.655000e-15 -1.914231e+21 3.664279e+42
5.670000e-15 -1.878362e+21 3.528243e+42
5.685000e-15 -1.840924e+21 3.389000e+42
5.700000e-15 -1.801958e+21 3.247052e+42
5.715000e-15 -1.761507e+21 3.102908e+42
5.730000e-15 -1.719617e+21 2.957083e+42
5.745000e-15 -1.676332e+21 2.810088e+42
5.760000e-15 -1.631698e+21 2.662439e+42
5.775000e-15 -1.585764e+21 2.514648e+42
5.790000e-15 -1.538578e+21 2.367221e+42
5.805000e-15 -1.490189e+21 2.220662e+42
5.820000e-15 -1.440647e+21 2.075464e+42
5.835000e-15 -1.390004e+21 1.932112e+42
5.850000e-15 -1.338313e+21 1.791081e+42
5.865000e-15 -1.285625e+21 1.652830e+42
5.880000e-15 -1.231993e+21 1.517808e+42
5.895000e-15 -1.177474e+21 1.386444e+42
5.910000e-15 -1.122119e+21 1.259152e+42
5.925000e-15 -1.065987e+21 1.136327e+42
5.940000e-15 -1.009131e+21 1.018344e+42
5.955000e-15 -9.516075e+20 9.055568e+41
5.970000e-15 -8.934741e+20 7.982959e+41
5.985000e-15 -8.347871e+20 6.968695e+41
6.000000e-15 -7.756038e+20 6.015612e+41
6.015000e-15 -7.159816e+20 5.126296e+41
6.030000e-15 -6.559780e+20 4.303071e+41
6.045000e-15 -5.956508e+20 3.547999e+41
6.060000e-15 -5.350578e+20 2.862869e+41
6.075000e-15 -4.742568e+20 2.249195e+41
6.090000e-15 -4.133055e+20 1.708214e+41
6.105000e-15 -3.522617e+20 1.240883e+41
6.120000e-15 -2.911829e+20 8.478750e+40
6.135000e-15 -2.301266e+20 5.295823e+40
6.150000e-15 -1.691497e+20 2.861164e+40
6.165000e-15 -1.083094e+20 1.173092e+40
6.180000e-15 -4.766190e+19 2.271657e+39
6.195000e-15 1.273647e+19 1.622177e+38
6.210000e-15 7.283007e+19 5.304218e+39
6.225000e-15 1.325637e+20 1.757312e+40
6.240000e-15 1.918826e+20 3.681892e+40
6.255000e-15 2.507327e+20 6.286689e+40
6.270000e-15 3.090606e+20 9.551844e+40
6.285000e-15 3.668134e+20 1.345520e+41
6.300000e-15 4.239390e+20 1.797243e+41
6.315000e-15 4.803862e+20 2.307709e+41
6.330000e-15 5.361044e+20 2.874079e+41
6.345000e-15 5.910440e+20 3.493330e+41
6.360000e-15 6.451562e+20 4.162265e+41
6.375000e-15 6.983931e+20 4.877530e+41
6.390000e-15 7.507081e+20 5.635626e+41
6.405000e-15 8.020551e+20 6.432924e+41
6.420000e-15 8.523895e+20 7.265678e+41
6.435000e-15 9.016676e+20 8.130044e+41
6.450000e-15 9.498468e+20 9.022090e+41
6.465000e-15 9.968858e+20 9.937814e+41
6.480000e-15 1.042744e+21 1.087316e+42
6.495000e-15 1.087384e+21 1.182404e+42
6.510000e-15 1.130766e+21 1.278632e+42
6.525000e-15 1.172855e+21 1.375590e+42
6.540000e-15 1.213616e+21 1.472864e+42
6.555000e-15 1.253015e+21 1.570047e+42
6.570000e-15 1.291020e+21 1.666732e+42
6.585000e-15 1.327600e+21 1.762521e+42
6.600000e-15 1.362725e+21 1.857019e+42
6.615000e-15 1.396368e+21 1.949844e+42
6.630000e-15 1.428502e+21 2.040619e+42
6.645000e-15 1.459103e+21 2.128981e+42
6.660000e-15 1.488146e+21 2.214580e+42
6.675000e-15 1.515611e+21 2.297077e+42
6.690000e-15 1.541477e+21 2.376150e+42
6.705000e-15 1.565724e+21 2.451493e+42
6.720000e-15 1.588337e+21 2.522815e+42
6.735000e-15 1.609300e+21 2.589846e+42
6.750000e-15 1.628598e+21 2.652332e+42
6.765000e-15 1.646220e+21 2.710041e+42
6.780000e-15 1.662155e+21 2.762760e+42
6.795000e-15 1.676394e+21 2.810298e+42
6.810000e-15 1.688930e+21 2.852486e+42
6.825000e-15 1.699758e+21 2.889176e+42
6.840000e-15 1.708872e+21 2.920245e+42
6.855000e-15 1.716272e+21 2.945590e+42
6.870000e-15 1.721956e+21 2.965133e+42
6.885000e-15 1.725926e+21 2.978820e+42
6.900000e-15 1.728184e+21 2.986618e+42
6.915000e-15 1.728734e+21 2.988520e+42
6.930000e-15 1.727582e+21 2.984540e+42
6.945000e-15 1.724736e+21 2.974716e+42
6.960000e-15 1.720206e+21 2.959109e+42
6.975000e-15 1.714002e+21 2.937801e+42
6.990000e-15 1.706135e+21 2.910898e+42
7.005000e-15 1.696621e+21 2.878524e+42
7.020000e-15 1.685475e+21 2.840827e+42
7.035000e-15 1.672714e+21 2.797972e+42
7.050000e-15 1.658356e+21 2.750145e+42
7.065000e-15 1.642422e+21 2.697550e+42
7.080000e-15 1.624933e+21 2.640406e+42
7.095000e-15 1.605911e+21 2.578951e+42
7.110000e-15 1.585382e+21 2.513437e+42
7.125000e-15 1.563371e+21 2.444130e+42
7.140000e-15 1.539906e+21 2.371310e+42
7.155000e-15 1.515014e+21 2.295268e+42
7.170000e-15 1.488726e+21 2.216306e+42
7.185000e-15 1.461073e+21 2.134734e+42
7.200000e-15 1.432087e+21 2.050873e+42
7.215000e-15 1.401801e+21 1.965046e+42
7.230000e-15 1.370250e+21 1.877586e+42
7.245000e-15 1.337471e+21 1.788828e+42
7.260000e-15 1.303499e+21 1.699110e+42
7.275000e-15 1.268373e+21 1.608770e+42
7.290000e-15 1.232132e+21 1.518149e+42
7.305000e-15 1.194815e+21 1.427584e+42
7.320000e-15 1.156464e+21 1.337409e+42
7.335000e-15 1.117120e+21 1.247957e+42
7.350000e-15 1.076826e+21 1.159554e+42
7.365000e-15 1.035625e+21 1.072519e+42
7.380000e-15 9.935608e+20 9.871631e+41
7.395000e-15 9.506788e+20 9.037902e+41
7.410000e-15 9.070242e+20 8.226929e+41
7.425000e-15 8.626430e+20 7.441530e+41
7.440000e-15 8.175819e+20 6.684402e+41
7.455000e-15 7.718880e+20 5.958111e+41
7.470000e-15 7.256089e+20 5.265083e+41
7.485000e-15 6.787926e+20 4.607594e+41
7.500000e-15 6.314874e+20 3.987764e+41
7.515000e-15 5.837421e+20 3.407548e+41
7.530000e-15 5.356055e+20 2.868733e+41
7.545000e-15 4.871270e+20 2.372927e+41
7.560000e-15 4.383557e+20 1.921557e+41
7.575000e-15 3.893411e+20 1.515865e+41
7.590000e-15 3.401328e+20 1.156904e+41
7.605000e-15 2.907804e+20 8.455323e+40
7.620000e-15 2.413332e+20 5.824173e+40
7.635000e-15 1.918408e+20 3.680290e+40
7.650000e-15 1.423525e+20 2.026423e+40
7.665000e-15 9.291733e+19 8.633630e+39
7.680000e-15 4.358426e+19 1.899588e+39
7.695000e-15 -5.598092e+18 3.133864e+37
7.710000e-15 -5.458141e+19 2.979131e+39
7.725000e-15 -1.033178e+20 1.067456e+40
7.740000e-15 -1.517596e+20 2.303097e+40
7.755000e-15 -1.998598e+20 3.994395e+40
7.770000e-15 -2.475719e+20 6.129186e+40
7.785000e-15 -2.948498e+20 8.693642e+40
7.800000e-15 -3.416481e+20 1.167234e+41
7.815000e-15 -3.879220e+20 1.504834e+41
7.830000e-15 -4.336273e+20 1.880326e+41
7.845000e-15 -4.787206e+20 2.291734e+41
7.860000e-15 -5.231593e+20 2.736957e+41
7.875000e-15 -5.669016e+20 3.213774e+41
7.890000e-15 -6.099063e+20 3.719857e+41
7.905000e-15 -6.521334e+20 4.252780e+41
7.920000e-15 -6.935436e+20 4.810027e+41
7.935000e-15 -7.340986e+20 5.389007e+41
7.950000e-15 -7.737611e+20 5.987062e+41
7.965000e-15 -8.124947e+20 6.601477e+41
7.980000e-15 -8.502643e+20 7.229494e+41
7.995000e-15 -8.870356e+20 7.868321e+41
8.010000e-15 -9.227755e+20 8.515146e+41
8.025000e-15 -9.574520e+20 9.167144e+41
8.040000e-15 -9.910345e+20 9.821494e+41
8.055000e-15 -1.023493e+21 1.047538e+42
8.070000e-15 -1.054800e+21 1.112603e+42
8.085000e-15 -1.084927e+21 1.177067e+42
8.100000e-15 -1.113849e+21 1.240660e+42
8.115000e-15 -1.141542e+21 1.303117e+42
8.130000e-15 -1.167981e+21 1.364179e+42
8.145000e-15 -1.193145e+21 1.423595e+42
8.160000e-15 -1.217013e+21 1.481121e+42
8.175000e-15 -1.239566e+21 1.536524e+42
8.190000e-15 -1.260786e+21 1.589582e+42
8.205000e-15 -1.280657e+21 1.640081e+42
8.220000e-15 -1.299162e+21 1.687822e+42
8.235000e-15 -1.316289e+21 1.732617e+42
8.250000e-15 -1.332025e+21 1.774290e+42
8.265000e-15 -1.346359e+21 1.812682e+42
8.280000e-15 -1.359281e+21 1.847645e+42
8.295000e-15 -1.370784e+21 1.879048e+42
8.310000e-15 -1.380860e+21 1.906775e+42
8.325000e-15 -1.389505e+21 1.930724e+42
8.340000e-15 -1.396715e+21 1.950812e+42
8.355000e-15 -1.402486e+21 1.966968e+42
8.370000e-15 -1.406820e+21 1.979141e+42
8.385000e-15 -1.409715e+21 1.987295e+42
8.400000e-15 -1.411173e+21 1.991410e+42
8.415000e-15 -1.411199e+21 1.991484e+42
8.430000e-15 -1.409797e+21 1.987528e+42
8.445000e-15 -1.406973e+21 1.979573e+42
8.460000e-15 -1.402734e+21 1.967663e+42
8.475000e-15 -1.397090e+21 1.951860e+42
8.490000e-15 -1.390051e+21 1.932240e+42
8.505000e-15 -1.381628e+21 1.908895e+42
8.520000e-15 -1.371834e+21 1.881929e+42
8.535000e-15 -1.360684e+21 1.851462e+42
8.550000e-15 -1.348194e+21 1.817627e+42
8.565000e-15 -1.334380e+21 1.780569e+42
8.580000e-15 -1.319260e+21 1.740448e+42
8.595000e-15 -1.302855e+21 1.697430e+42
8.610000e-15 -1.285184e+21 1.651697e+42
8.625000e-15 -1.266269e+21 1.603437e+42
8.640000e-15 -1.246134e+21 1.552850e+42
8.655000e-15 -1.224803e+21 1.500141e+42
8.670000e-15 -1.202300e+21 1.445526e+42
8.685000e-15 -1.178653e+21 1.389224e+42
8.700000e-15 -1.153889e+21 1.331461e+42
8.715000e-15 -1.128037e+21 1.272467e+42
8.730000e-15 -1.101125e+21 1.212477e+42
8.745000e-15 -1.073185e+21 1.151726e+42
8.760000e-15 -1.044248e+21 1.090454e+42
8.775000e-15 -1.014346e+21 1.028898e+42
8.790000e-15 -9.835129e+20 9.672976e+41
8.805000e-15 -9.517823e+20 9.058895e+41
8.820000e-15 -9.191891e+20 8.449087e+41
8.835000e-15 -8.857692e+20 7.845871e+41
8.850000e-15 -8.515588e+20 7.251524e+41
8.865000e-15 -8.165951e+20 6.668275e+41
8.880000e-15 -7.809158e+20 6.098294e+41
8.895000e-15 -7.445592e+20 5.543684e+41
8.910000e-15 -7.075643e+20 5.006472e+41
8.925000e-15 -6.699706e+20 4.488605e+41
8.940000e-15 -6.318179e+20 3.991939e+41
8.955000e-15 -5.931468e+20 3.518231e+41
8.970000e-15 -5.539981e+20 3.069139e+41
8.985000e-15 -5.144129e+20 2.646206e+41
9.000000e-15 -4.744328e+20 2.250865e+41
9.015000e-15 -4.340996e+20 1.884424e+41
9.030000e-15 -3.934553e+20 1.548071e+41
9.045000e-15 -3.525423e+20 1.242860e+41
9.060000e-15 -3.114028e+20 9.697173e+40
9.075000e-15 -2.700796e+20 7.294297e+40
9.090000e-15 -2.286150e+20 5.226483e+40
9.105000e-15 -1.870518e+20 3.498839e+40
9.120000e-15 -1.454326e+20 2.115065e+40
9.135000e-15 -1.037999e+20 1.077443e+40
9.150000e-15 -6.219621e+19 3.868368e+39
9.165000e-15 -2.066373e+19 4.269896e+38
9.180000e-15 2.075540e+19 4.307865e+38
9.195000e-15 6.201928e+19 3.846391e+39
9.210000e-15 1.030863e+20 1.062679e+40
9.225000e-15 1.439152e+20 2.071159e+40
9.240000e-15 1.844650e+20 3.402735e+40
9.255000e-15 2.246953e+20 5.048796e+40
9.270000e-15 2.645658e+20 6.999505e+40
9.285000e-15 3.040370e+20 9.243848e+40
9.300000e-15 3.430697e+20 1.176968e+41
9.315000e-15 3.816255e+20 1.456380e+41
9.330000e-15 4.196663e+20 1.761198e+41
9.345000e-15 4.571549e+20 2.089906e+41
9.360000e-15 4.940545e+20 2.440898e+41
9.375000e-15 5.303292e+20 2.812491e+41
9.390000e-15 5.659439e+20 3.202924e+41
9.405000e-15 6.008640e+20 3.610375e+41
9.420000e-15 6.350559e+20 4.032960e+41
9.435000e-15 6.684868e+20 4.468746e+41
9.450000e-15 7.011249e+20 4.915761e+41
9.465000e-15 7.329390e+20 5.371995e+41
9.480000e-15 7.638990e+20 5.835417e+41
9.495000e-15 7.939759e+20 6.303978e+41
9.510000e-15 8.231415e+20 6.775620e+41
9.525000e-15 8.513687e+20 7.248286e+41
9.540000e-15 8.786312e+20 7.719928e+41
9.555000e-15 9.049042e+20 8.188516e+41
9.570000e-15 9.301636e+20 8.652043e+41
9.585000e-15 9.543866e+20 9.108538e+41
9.600000e-15 9.775515e+20 9.556069e+41
9.615000e-15 9.996377e+20 9.992754e+41
9.630000e-15 1.020626e+21 1.041677e+42
9.645000e-15 1.040497e+21 1.082635e+42
9.660000e-15 1.059236e+21 1.121980e+42
9.675000e-15 1.076825e+21 1.159552e+42
9.690000e-15 1.093250e+21 1.195196e+42
9.705000e-15 1.108498e+21 1.228769e+42
9.720000e-15 1.122557e+21 1.260135e+42
9.735000e-15 1.135416e+21 1.289169e+42
9.750000e-15 1.147065e+21 1.315758e+42
9.765000e-15 1.157496e+21 1.339796e+42
9.780000e-15 1.166701e+21 1.361192e+42
9.795000e-15 1.174676e+21 1.379863e+42
9.810000e-15 1.181415e+21 1.395741e+42
9.825000e-15 1.186915e+21 1.408768e+42
9.840000e-15 1.191175e+21 1.418898e+42
9.855000e-15 1.194193e+21 1.426098e+42
9.870000e-15 1.195971e+21 1.430347e+42
9.885000e-15 1.196510e+21 1.431636e+42
9.900000e-15 1.195813e+21 1.429968e+42
9.915000e-15 1.193884e+21 1.425360e+42
9.930000e-15 1.190730e+21 1.417838e+42
9.945000e-15 1.186357e+21 1.407443e+42
9.960000e-15 1.180773e+21 1.394226e+42
9.975000e-15 1.173988e+21 1.378248e+42
9.990000e-15 1.166012e+21 1.359583e+42
1.000500e-14 1.156856e+21 1.338316e+42
1.002000e-14 1.146534e+21 1.314541e+42
1.003500e-14 1.135060e+21 1.288361e+42
1.005000e-14 1.122449e+21 1.259891e+42
1.006500e-14 1.108716e+21 1.229252e+42
1.008000e-14 1.093881e+21 1.196575e+42
1.009500e-14 1.077960e+21 1.161998e+42
1.011000e-14 1.060974e+21 1.125666e+42
1.012500e-14 1.042943e+21 1.087730e+42
1.014000e-14 1.023889e+21 1.048348e+42
1.015500e-14 1.003834e+21 1.007682e+42
1.017000e-14 9.828012e+20 9.658982e+41
1.018500e-14 9.608161e+20 9.231675e+41
1.020000e-14 9.379035e+20 8.796629e+41
1.021500e-14 9.140897e+20 8.355599e+41
1.023000e-14 8.894017e+20 7.910355e+41
1.024500e-14 8.638676e+20 7.462672e+41
1.026000e-14 8.375159e+20 7.014328e+41
1.027500e-14 8.103760e+20 6.567093e+41
1.029000e-14 7.824782e+20 6.122722e+41
1.030500e-14 7.538533e+20 5.682948e+41
1.032000e-14 7.245328e+20 5.249478e+41
1.033500e-14 6.945488e+20 4.823980e+41
1.035000e-14 6.639341e+20 4.408084e+41
1.036500e-14 6.327218e+20 4.003369e+41
1.038000e-14 6.009459e+20 3.611360e+41
1.039500e-14 5.686406e+20 3.233521e+41
1.041000e-14 5.358406e+20 2.871251e+41
1.042500e-14 5.025810e+20 2.525877e+41
1.044000e-14 4.688974e+20 2.198648e+41
1.045500e-14 4.348256e+20 1.890733e+41
1.047000e-14 4.004017e+20 1.603215e+41
1.048500e-14 3.656622e+20 1.337088e+41
1.050000e-14 3.306437e+20 1.093252e+41
1.051500e-14 2.953830e+20 8.725109e+40
1.053000e-14 2.599170e+20 6.755686e+40
1.054500e-14 2.242830e+20 5.030286e+40
1.056000e-14 1.885180e+20 3.553902e+40
1.057500e-14 1.526592e+20 2.330482e+40
1.059000e-14 1.167438e+20 1.362911e+40
1.060500e-14 8.080900e+19 6.530094e+39
1.062000e-14 4.489186e+19 2.015279e+39
1.063500e-14 9.029336e+18 8.152891e+37
1.065000e-14 -2.674175e+19 7.151212e+38
1.066500e-14 -6.238477e+19 3.891860e+39
1.068000e-14 -9.786333e+19 9.577231e+39
1.069500e-14 -1.331413e+20 1.772660e+40
1.071000e-14 -1.681828e+20 2.828545e+40
1.072500e-14 -2.029523e+20 4.118964e+40
1.074000e-14 -2.374147e+20 5.636576e+40
1.075500e-14 -2.715353e+20 7.373143e+40
1.077000e-14 -3.052797e+20 9.319572e+40
1.078500e-14 -3.386142e+20 1.146596e+41
1.080000e-14 -3.715053e+20 1.380162e+41
1.081500e-14 -4.039203e+20 1.631516e+41
1.083000e-14 -4.358270e+20 1.899451e+41
1.084500e-14 -4.671937e+20 2.182699e+41
1.086000e-14 -4.979894e+20 2.479934e+41
1.087500e-14 -5.281839e+20 2.789782e+41
1.089000e-14 -5.577474e+20 3.110822e+41
1.090500e-14 -5.866511e+20 3.441595e+41
1.092000e-14 -6.148668e+20 3.780612e+41
1.093500e-14 -6.423671e+20 4.126355e+41
1.095000e-14 -6.691254e+20 4.477287e+41
1.096500e-14 -6.951159e+20 4.831861e+41
1.098000e-14 -7.203137e+20 5.188518e+41
1.099500e-14 -7.446948e+20 5.545703e+41
1.101000e-14 -7.682360e+20 5.901865e+41
1.102500e-14 -7.909151e+20 6.255467e+41
1.104000e-14 -8.127108e+20 6.604989e+41
1.105500e-14 -8.336029e+20 6.948937e+41
1.107000e-14 -8.535719e+20 7.285849e+41
1.108500e-14 -8.725995e+20 7.614298e+41
1.110000e-14 -8.906684e+20 7.932901e+41
1.111500e-14 -9.077623e+20 8.240323e+41
1.113000e-14 -9.238659e+20 8.535282e+41
1.114500e-14 -9.389650e+20 8.816553e+41
1.116000e-14 -9.530466e+20 9.082978e+41
1.117500e-14 -9.660986e+20 9.333464e+41
1.119000e-14 -9.781099e+20 9.566990e+41
1.120500e-14 -9.890709e+20 9.782612e+41
1.122000e-14 -9.989727e+20 9.979464e+41
1.123500e-14 -1.007808e+21 1.015676e+42
1.125000e-14 -1.015569e+21 1.031381e+42
1.126500e-14 -1.022252e+21 1.045000e+42
1.128000e-14 -1.027853e+21 1.056481e+42
1.129500e-14 -1.032367e+21 1.065781e+42
1.131000e-14 -1.035793e+21 1.072867e+42
1.132500e-14 -1.038130e+21 1.077715e+42
1.134000e-14 -1.039379e+21 1.080309e+42
1.135500e-14 -1.039541e+21 1.080646e+42
1.137000e-14 -1.038618e+21 1.078728e+42
1.138500e-14 -1.036615e+21 1.074570e+42
1.140000e-14 -1.033535e+21 1.068194e+42
1.141500e-14 -1.029385e+21 1.059633e+42
1.143000e-14 -1.024171e+21 1.048927e+42
1.144500e-14 -1.017903e+21 1.036127e+42
1.146000e-14 -1.010589e+21 1.021289e+42
1.147500e-14 -1.002238e+21 1.004481e+42
1.149000e-14 -9.928634e+20 9.857777e+41
1.150500e-14 -9.824763e+20 9.652597e+41
1.152000e-14 -9.710904e+20 9.430165e+41
1.153500e-14 -9.587199e+20 9.191438e+41
1.155000e-14 -9.453802e+20 8.937436e+41
1.156500e-14 -9.310876e+20 8.669240e+41
1.158000e-14 -9.158593e+20 8.387983e+41
1.159500e-14 -8.997136e+20 8.094846e+41
1.161000e-14 -8.826696e+20 7.791057e+41
1.162500e-14 -8.647473e+20 7.477879e+41
1.164000e-14 -8.459675e+20 7.156611e+41
1.165500e-14 -8.263520e+20 6.828576e+41
1.167000e-14 -8.059233e+20 6.495123e+41
1.168500e-14 -7.847046e+20 6.157614e+41
1.170000e-14 -7.627202e+20 5.817421e+41
1.171500e-14 -7.399949e+20 5.475924e+41
1.173000e-14 -7.165541e+20 5.134498e+41
1.174500e-14 -6.924241e+20 4.794512e+41
1.176000e-14 -6.676319e+20 4.457324e+41
1.177500e-14 -6.422049e+20 4.124271e+41
1.179000e-14 -6.161713e+20 3.796670e+41
1.180500e-14 -5.895596e+20 3.475805e+41
1.182000e-14 -5.623992e+20 3.162929e+41
1.183500e-14 -5.347197e+20 2.859252e+41
1.185000e-14 -5.065514e+20 2.565943e+41
1.186500e-14 -4.779248e+20 2.284121e+41
1.188000e-14 -4.488709e+20 2.014851e+41
1.189500e-14 -4.194212e+20 1.759141e+41
1.191000e-14 -3.896074e+20 1.517939e+41
1.192500e-14 -3.594614e+20 1.292125e+41
1.194000e-14 -3.290157e+20 1.082513e+41
1.195500e-14 -2.983027e+20 8.898450e+40
1.197000e-14 -2.673551e+20 7.147878e+40
1.198500e-14 -2.362060e+20 5.579325e+40
1.200000e-14 -2.048881e+20 4.197915e+40
1.201500e-14 -1.734348e+20 3.007963e+40
1.203000e-14 -1.418792e+20 2.012969e+40
1.204500e-14 -1.102544e+20 1.215603e+40
1.206000e-14 -7.859365e+19 6.176962e+39
1.207500e-14 -4.693015e+19 2.202439e+39
1.209000e-14 -1.529692e+19 2.339957e+38
1.210500e-14 1.627307e+19 2.648128e+38
1.212000e-14 4.774702e+19 2.279777e+39
1.213500e-14 7.909229e+19 6.255590e+39
1.215000e-14 1.102765e+20 1.216090e+40
1.216500e-14 1.412674e+20 1.995648e+40
1.218000e-14 1.720332e+20 2.959543e+40
1.219500e-14 2.025423e+20 4.102339e+40
1.221000e-14 2.327635e+20 5.417884e+40
1.222500e-14 2.626659e+20 6.899336e+40
1.224000e-14 2.922190e+20 8.539197e+40
1.225500e-14 3.213930e+20 1.032934e+41
1.227000e-14 3.501582e+20 1.226107e+41
1.228500e-14 3.784856e+20 1.432513e+41
1.230000e-14 4.063467e+20 1.651176e+41
1.231500e-14 4.337135e+20 1.881074e+41
1.233000e-14 4.605587e+20 2.121143e+41
1.234500e-14 4.868555e+20 2.370283e+41
1.236000e-14 5.125778e+20 2.627360e+41
1.237500e-14 5.377002e+20 2.891215e+41
1.239000e-14 5.621977e+20 3.160663e+41
1.240500e-14 5.860465e+20 3.434505e+41
1.242000e-14 6.092231e+20 3.711527e+41
1.243500e-14 6.317049e+20 3.990511e+41
1.245000e-14 6.534702e+20 4.270233e+41
1.246500e-14 6.744979e+20 4.549475e+41
1.248000e-14 6.947679e+20 4.827025e+41
1.249500e-14 7.142608e+20 5.101685e+41
1.251000e-14 7.329581e+20 5.372276e+41
1.252500e-14 7.508422e+20 5.637640e+41
1.254000e-14 7.678963e+20 5.896648e+41
1.255500e-14 7.841046e+20 6.148201e+41
1.257000e-14 7.994522e+20 6.391238e+41
1.258500e-14 8.139250e+20 6.624740e+41
1.260000e-14 8.275101e+20 6.847730e+41
1.261500e-14 8.401953e+20 7.059281e+41
1.263000e-14 8.519695e+20 7.258520e+41
1.264500e-14 8.628225e+20 7.444626e+41
1.266000e-14 8.727451e+20 7.616841e+41
1.267500e-14 8.817292e+20 7.774464e+41
1.269000e-14 8.897675e+20 7.916863e+41
1.270500e-14 8.968539e+20 8.043469e+41
1.272000e-14 9.029831e+20 8.153785e+41
1.273500e-14 9.081510e+20 8.247382e+41
1.275000e-14 9.123543e+20 8.323903e+41
1.276500e-14 9.155909e+20 8.383066e+41
1.278000e-14 9.178596e+20 8.424662e+41
1.279500e-14 9.191603e+20 8.448556e+41
1.281000e-14 9.194938e+20 8.454688e+41
1.282500e-14 9.188619e+20 8.443072e+41
1.284000e-14 9.172676e+20 8.413798e+41
1.285500e-14 9.147146e+20 8.367029e+41
1.287000e-14 9.112079e+20 8.302998e+41
1.288500e-14 9.067531e+20 8.222012e+41
1.290000e-14 9.013572e+20 8.124448e+41
1.291500e-14 8.950278e+20 8.010747e+41
1.293000e-14 8.877737e+20 7.881421e+41
1.294500e-14 8.796045e+20 7.737040e+41
1.296000e-14 8.705308e+20 7.578238e+41
1.297500e-14 8.605641e+20 7.405705e+41
1.299000e-14 8.497168e+20 7.220186e+41
1.300500e-14 8.380022e+20 7.022476e+41
1.302000e-14 8.254345e+20 6.813421e+41
1.303500e-14 8.120287e+20 6.593906e+41
1.305000e-14 7.978007e+20 6.364859e+41
1.306500e-14 7.827671e+20 6.127244e+41
1.308000e-14 7.669456e+20 5.882055e+41
1.309500e-14 7.503543e+20 5.630315e+41
1.311000e-14 7.330123e+20 5.373071e+41
1.312500e-14 7.149395e+20 5.111384e+41
1.314000e-14 6.961562e+20 4.846335e+41
1.315500e-14 6.766839e+20 4.579011e+41
1.317000e-14 6.565442e+20 4.310503e+41
1.318500e-14 6.357599e+20 4.041906e+41
1.320000e-14 6.143540e+20 3.774308e+41
1.321500e-14 5.923503e+20 3.508789e+41
1.323000e-14 5.697732e+20 3.246415e+41
1.324500e-14 5.466476e+20 2.988236e+41
1.326000e-14 5.229988e+20 2.735278e+41
1.327500e-14 4.988529e+20 2.488543e+41
1.329000e-14 4.742362e+20 2.249000e+41
1.330500e-14 4.491756e+20 2.017587e+41
1.332000e-14 4.236982e+20 1.795201e+41
1.333500e-14 3.978316e+20 1.582700e+41
1.335000e-14 3.716040e+20 1.380895e+41
1.336500e-14 3.450435e+20 1.190550e+41
1.338000e-14 3.181787e+20 1.012377e+41
1.339500e-14 2.910385e+20 8.470344e+40
1.341000e-14 2.636520e+20 6.951240e+40
1.342500e-14 2.360485e+20 5.571889e+40
1.344000e-14 2.082573e+20 4.337112e+40
1.345500e-14 1.803082e+20 3.251104e+40
1.347000e-14 1.522307e+20 2.317419e+40
1.348500e-14 1.240547e+20 1.538957e+40
1.350000e-14 9.580995e+19 9.179546e+39
1.351500e-14 6.752631e+19 4.559803e+39
1.353000e-14 3.923359e+19 1.539275e+39
1.354500e-14 1.096155e+19 1.201556e+38
1.356000e-14 -1.726013e+19 2.979119e+38
1.357500e-14 -4.540187e+19 2.061330e+39
1.359000e-14 -7.343426e+19 5.392591e+39
1.360500e-14 -1.013280e+20 1.026737e+40
1.362000e-14 -1.290542e+20 1.665497e+40
1.363500e-14 -1.565838e+20 2.451848e+40
1.365000e-14 -1.838884e+20 3.381494e+40
1.366500e-14 -2.109397e+20 4.449555e+40
1.368000e-14 -2.377098e+20 5.650593e+40
1.369500e-14 -2.641710e+20 6.978634e+40
1.371000e-14 -2.902963e+20 8.427194e+40
1.372500e-14 -3.160587e+20 9.989312e+40
1.374000e-14 -3.414320e+20 1.165758e+41
1.375500e-14 -3.663902e+20 1.342418e+41
1.377000e-14 -3.909079e+20 1.528090e+41
1.378500e-14 -4.149603e+20 1.721920e+41
1.380000e-14 -4.385229e+20 1.923023e+41
1.381500e-14 -4.615720e+20 2.130487e+41
1.383000e-14 -4.840844e+20 2.343377e+41
1.384500e-14 -5.060375e+20 2.560739e+41
1.386000e-14 -5.274094e+20 2.781606e+41
1.387500e-14 -5.481787e+20 3.004999e+41
1.389000e-14 -5.683249e+20 3.229931e+41
1.390500e-14 -5.878280e+20 3.455417e+41
1.392000e-14 -6.066688e+20 3.680470e+41
1.393500e-14 -6.248289e+20 3.904112e+41
1.395000e-14 -6.422906e+20 4.125373e+41
1.396500e-14 -6.590370e+20 4.343298e+41
1.398000e-14 -6.750519e+20 4.556950e+41
1.399500e-14 -6.903199e+20 4.765416e+41
1.401000e-14 -7.048266e+20 4.967805e+41
1.402500e-14 -7.185583e+20 5.163260e+41
1.404000e-14 -7.315021e+20 5.350953e+41
1.405500e-14 -7.436461e+20 5.530095e+41
1.407000e-14 -7.549791e+20 5.699934e+41
1.408500e-14 -7.654909e+20 5.859763e+41
1.410000e-14 -7.751722e+20 6.008920e+41
1.411500e-14 -7.840145e+20 6.146788e+41
1.413000e-14 -7.920103e+20 6.272804e+41
1.414500e-14 -7.991530e+20 6.386455e+41
1.416000e-14 -8.054367e+20 6.487283e+41
1.417500e-14 -8.108567e+20 6.574887e+41
1.419000e-14 -8.154092e+20 6.648922e+41
1.420500e-14 -8.190911e+20 6.709102e+41
1.422000e-14 -8.219004e+20 6.755203e+41
1.423500e-14 -8.238360e+20 6.787058e+41
1.425000e-14 -8.248977e+20 6.804562e+41
1.426500e-14 -8.250862e+20 6.807673e+41
1.428000e-14 -8.244032e+20 6.796407e+41
1.429500e-14 -8.228512e+20 6.770842e+41
1.431000e-14 -8.204338e+20 6.731115e+41
1.432500e-14 -8.171552e+20 6.677425e+41
1.434000e-14 -8.130207e+20 6.610026e+41
1.435500e-14 -8.080365e+20 6.529231e+41
1.437000e-14 -8.022097e+20 6.435405e+41
1.438500e-14 -7.955482e+20 6.328970e+41
1.440000e-14 -7.880607e+20 6.210397e+41
1.441500e-14 -7.797569e+20 6.080208e+41
1.443000e-14 -7.706472e+20 5.938971e+41
1.444500e-14 -7.607429e+20 5.787298e+41
1.446000e-14 -7.500562e+20 5.625843e+41
1.447500e-14 -7.385999e+20 5.455298e+41
1.449000e-14 -7.263877e+20 5.276391e+41
1.450500e-14 -7.134341e+20 5.089882e+41
1.452000e-14 -6.997542e+20 4.896560e+41
1.453500e-14 -6.853640e+20 4.697238e+41
1.455000e-14 -6.702801e+20 4.492755e+41
1.456500e-14 -6.545199e+20 4.283963e+41
1.458000e-14 -6.381014e+20 4.071734e+41
1.459500e-14 -6.210432e+20 3.856946e+41
1.461000e-14 -6.033646e+20 3.640488e+41
1.462500e-14 -5.850855e+20 3.423251e+41
1.464000e-14 -5.662265e+20 3.206124e+41
1.465500e-14 -5.468085e+20 2.989996e+41
1.467000e-14 -5.268533e+20 2.775744e+41
1.468500e-14 -5.063828e+20 2.564236e+41
1.470000e-14 -4.854198e+20 2.356324e+41
1.471500e-14 -4.639874e+20 2.152843e+41
1.473000e-14 -4.421089e+20 1.954603e+41
1.474500e-14 -4.198085e+20 1.762392e+41
1.476000e-14 -3.971104e+20 1.576967e+41
1.477500e-14 -3.740394e+20 1.399055e+41
1.479000e-14 -3.506205e+20 1.229348e+41
1.480500e-14 -3.268792e+20 1.068500e+41
1.482000e-14 -3.028409e+20 9.171262e+40
1.483500e-14 -2.785317e+20 7.757993e+40
1.485000e-14 -2.539778e+20 6.450470e+40
1.486500e-14 -2.292054e+20 5.253509e+40
1.488000e-14 -2.042410e+20 4.171440e+40
1.489500e-14 -1.791115e+20 3.208092e+40
1.491000e-14 -1.538435e+20 2.366782e+40
1.492500e-14 -1.284639e+20 1.650298e+40
1.494000e-14 -1.029998e+20 1.060896e+40
1.495500e-14 -7.747805e+19 6.002848e+39
1.497000e-14 -5.192569e+19 2.696277e+39
1.498500e-14 -2.636969e+19 6.953606e+38
