0.000000e+00 nan nan
1.500000e-17 2.436105e+12 5.934609e+24
3.000000e-17 7.792528e+13 6.072349e+27
4.500000e-17 5.913644e+14 3.497118e+29
6.000000e-17 2.489760e+15 6.198905e+30
7.500000e-17 7.589346e+15 5.759817e+31
9.000000e-17 1.885799e+16 3.556239e+32
1.050000e-16 4.069137e+16 1.655788e+33
1.200000e-16 7.918136e+16 6.269688e+33
1.350000e-16 1.423752e+17 2.027070e+34
1.500000e-16 2.405240e+17 5.785180e+34
1.650000e-16 3.863192e+17 1.492425e+35
1.800000e-16 5.951152e+17 3.541621e+35
1.950000e-16 8.851383e+17 7.834698e+35
2.100000e-16 1.277678e+18 1.632462e+36
2.250000e-16 1.797264e+18 3.230158e+36
2.400000e-16 2.471820e+18 6.109894e+36
2.550000e-16 3.332805e+18 1.110759e+37
2.700000e-16 4.415329e+18 1.949513e+37
2.850000e-16 5.758249e+18 3.315743e+37
3.000000e-16 7.404245e+18 5.482284e+37
3.150000e-16 9.399872e+18 8.835759e+37
3.300000e-16 1.179559e+19 1.391359e+38
3.450000e-16 1.464577e+19 2.144985e+38
3.600000e-16 1.800866e+19 3.243119e+38
3.750000e-16 2.194639e+19 4.816440e+38
3.900000e-16 2.652484e+19 7.035670e+38
4.050000e-16 3.181359e+19 1.012105e+39
4.200000e-16 3.788582e+19 1.435335e+39
4.350000e-16 4.481810e+19 2.008663e+39
4.500000e-16 5.269032e+19 2.776270e+39
4.650000e-16 6.158543e+19 3.792765e+39
4.800000e-16 7.158925e+19 5.125020e+39
4.950000e-16 8.279025e+19 6.854225e+39
5.100000e-16 9.527928e+19 9.078141e+39
5.250000e-16 1.091493e+20 1.191357e+40
5.400000e-16 1.244951e+20 1.549903e+40
5.550000e-16 1.414129e+20 1.999762e+40
5.700000e-16 1.600002e+20 2.560007e+40
5.850000e-16 1.803552e+20 3.252799e+40
6.000000e-16 2.025765e+20 4.103724e+40
6.150000e-16 2.267629e+20 5.142142e+40
6.300000e-16 2.530128e+20 6.401547e+40
6.450000e-16 2.814238e+20 7.919933e+40
6.600000e-16 3.120923e+20 9.740158e+40
6.750000e-16 3.451132e+20 1.191031e+41
6.900000e-16 3.805793e+20 1.448406e+41
7.050000e-16 4.185810e+20 1.752100e+41
7.200000e-16 4.592056e+20 2.108698e+41
7.350000e-16 5.025373e+20 2.525437e+41
7.500000e-16 5.486561e+20 3.010236e+41
7.650000e-16 5.976382e+20 3.571714e+41
7.800000e-16 6.495545e+20 4.219211e+41
7.950000e-16 7.044714e+20 4.962799e+41
8.100000e-16 7.624491e+20 5.813286e+41
8.250000e-16 8.235421e+20 6.782216e+41
8.400000e-16 8.877985e+20 7.881861e+41
8.550000e-16 9.552594e+20 9.125204e+41
8.700000e-16 1.025959e+21 1.052591e+42
8.850000e-16 1.099923e+21 1.209830e+42
9.000000e-16 1.177170e+21 1.385729e+42
9.150000e-16 1.257710e+21 1.581835e+42
9.300000e-16 1.341545e+21 1.799743e+42
9.450000e-16 1.428667e+21 2.041089e+42
9.600000e-16 1.519059e+21 2.307541e+42
9.750000e-16 1.612696e+21 2.600787e+42
9.900000e-16 1.709540e+21 2.922528e+42
1.005000e-15 1.809547e+21 3.274462e+42
1.020000e-15 1.912661e+21 3.658273e+42
1.035000e-15 2.018816e+21 4.075618e+42
1.050000e-15 2.127935e+21 4.528108e+42
1.065000e-15 2.239932e+21 5.017295e+42
1.080000e-15 2.354710e+21 5.544657e+42
1.095000e-15 2.472160e+21 6.111577e+42
1.110000e-15 2.592166e+21 6.719326e+42
1.125000e-15 2.714599e+21 7.369047e+42
1.140000e-15 2.839320e+21 8.061735e+42
1.155000e-15 2.966179e+21 8.798221e+42
1.170000e-15 3.095020e+21 9.579147e+42
1.185000e-15 3.225672e+21 1.040496e+43
1.200000e-15 3.357957e+21 1.127587e+43
1.215000e-15 3.491687e+21 1.219188e+43
1.230000e-15 3.626667e+21 1.315271e+43
1.245000e-15 3.762689e+21 1.415783e+43
1.260000e-15 3.899541e+21 1.520642e+43
1.275000e-15 4.037000e+21 1.629737e+43
1.290000e-15 4.174837e+21 1.742926e+43
1.305000e-15 4.312814e+21 1.860037e+43
1.320000e-15 4.450689e+21 1.980864e+43
1.335000e-15 4.588212e+21 2.105169e+43
1.350000e-15 4.725128e+21 2.232683e+43
1.365000e-15 4.861175e+21 2.363102e+43
1.380000e-15 4.996090e+21 2.496091e+43
1.395000e-15 5.129603e+21 2.631283e+43
1.410000e-15 5.261442e+21 2.768278e+43
1.425000e-15 5.391333e+21 2.906648e+43
1.440000e-15 5.518999e+21 3.045935e+43
1.455000e-15 5.644161e+21 3.185656e+43
1.470000e-15 5.766542e+21 3.325300e+43
1.485000e-15 5.885861e+21 3.464336e+43
1.500000e-15 6.001841e+21 3.602210e+43
1.515000e-15 6.114207e+21 3.738352e+43
1.530000e-15 6.222682e+21 3.872177e+43
1.545000e-15 6.326997e+21 4.003089e+43
1.560000e-15 6.426883e+21 4.130483e+43
1.575000e-15 6.522078e+21 4.253750e+43
1.590000e-15 6.612322e+21 4.372280e+43
1.605000e-15 6.697364e+21 4.485468e+43
1.620000e-15 6.776958e+21 4.592716e+43
1.635000e-15 6.850865e+21 4.693435e+43
1.650000e-15 6.918854e+21 4.787054e+43
1.665000e-15 6.980704e+21 4.873023e+43
1.680000e-15 7.036201e+21 4.950813e+43
1.695000e-15 7.085144e+21 5.019926e+43
1.710000e-15 7.127338e+21 5.079895e+43
1.725000e-15 7.162604e+21 5.130290e+43
1.740000e-15 7.190772e+21 5.170720e+43
1.755000e-15 7.211685e+21 5.200839e+43
1.770000e-15 7.225197e+21 5.220348e+43
1.785000e-15 7.231179e+21 5.228995e+43
1.800000e-15 7.229513e+21 5.226585e+43
1.815000e-15 7.220095e+21 5.212977e+43
1.830000e-15 7.202838e+21 5.188087e+43
1.845000e-15 7.177667e+21 5.151890e+43
1.860000e-15 7.144525e+21 5.104424e+43
1.875000e-15 7.103369e+21 5.045786e+43
1.890000e-15 7.054173e+21 4.976136e+43
1.905000e-15 6.996926e+21 4.895697e+43
1.920000e-15 6.931633e+21 4.804754e+43
1.935000e-15 6.858317e+21 4.703651e+43
1.950000e-15 6.777017e+21 4.592796e+43
1.965000e-15 6.687787e+21 4.472650e+43
1.980000e-15 6.590700e+21 4.343733e+43
1.995000e-15 6.485844e+21 4.206618e+43
2.010000e-15 6.373325e+21 4.061927e+43
2.025000e-15 6.253262e+21 3.910329e+43
2.040000e-15 6.125795e+21 3.752537e+43
2.055000e-15 5.991077e+21 3.589300e+43
2.070000e-15 5.849277e+21 3.421404e+43
2.085000e-15 5.700580e+21 3.249662e+43
2.100000e-15 5.545187e+21 3.074910e+43
2.115000e-15 5.383313e+21 2.898006e+43
2.130000e-15 5.215188e+21 2.719818e+43
2.145000e-15 5.041055e+21 2.541223e+43
2.160000e-15 4.861171e+21 2.363098e+43
2.175000e-15 4.675808e+21 2.186318e+43
2.190000e-15 4.485247e+21 2.011744e+43
2.205000e-15 4.289785e+21 1.840225e+43
2.220000e-15 4.089727e+21 1.672586e+43
2.235000e-15 3.885390e+21 1.509626e+43
2.250000e-15 3.677102e+21 1.352108e+43
2.265000e-15 3.465200e+21 1.200761e+43
2.280000e-15 3.250028e+21 1.056268e+43
2.295000e-15 3.031940e+21 9.192659e+42
2.310000e-15 2.811296e+21 7.903386e+42
2.325000e-15 2.588464e+21 6.700144e+42
2.340000e-15 2.363815e+21 5.587621e+42
2.355000e-15 2.137727e+21 4.569878e+42
2.370000e-15 1.910582e+21 3.650325e+42
2.385000e-15 1.682764e+21 2.831695e+42
2.400000e-15 1.454660e+21 2.116036e+42
2.415000e-15 1.226658e+21 1.504690e+42
2.430000e-15 9.991477e+20 9.982961e+41
2.445000e-15 7.725172e+20 5.967828e+41
2.460000e-15 5.471545e+20 2.993780e+41
2.475000e-15 3.234453e+20 1.046169e+41
2.490000e-15 1.017727e+20 1.035769e+40
2.505000e-15 -1.174840e+20 1.380248e+40
2.520000e-15 -3.339498e+20 1.115225e+41
2.535000e-15 -5.472551e+20 2.994882e+41
2.550000e-15 -7.570365e+20 5.731042e+41
2.565000e-15 -9.629372e+20 9.272480e+41
2.580000e-15 -1.164608e+21 1.356312e+42
2.595000e-15 -1.361709e+21 1.854252e+42
2.610000e-15 -1.553909e+21 2.414632e+42
2.625000e-15 -1.740885e+21 3.030680e+42
2.640000e-15 -1.922328e+21 3.695343e+42
2.655000e-15 -2.097937e+21 4.401339e+42
2.670000e-15 -2.267425e+21 5.141216e+42
2.685000e-15 -2.430517e+21 5.907413e+42
2.700000e-15 -2.586951e+21 6.692316e+42
2.715000e-15 -2.736478e+21 7.488314e+42
2.730000e-15 -2.878865e+21 8.287865e+42
2.745000e-15 -3.013892e+21 9.083545e+42
2.760000e-15 -3.141354e+21 9.868107e+42
2.775000e-15 -3.261064e+21 1.063454e+43
2.790000e-15 -3.372847e+21 1.137610e+43
2.805000e-15 -3.476548e+21 1.208639e+43
2.820000e-15 -3.572026e+21 1.275937e+43
2.835000e-15 -3.659160e+21 1.338945e+43
2.850000e-15 -3.737841e+21 1.397146e+43
2.865000e-15 -3.807983e+21 1.450074e+43
2.880000e-15 -3.869513e+21 1.497313e+43
2.895000e-15 -3.922378e+21 1.538505e+43
2.910000e-15 -3.966542e+21 1.573346e+43
2.925000e-15 -4.001986e+21 1.601589e+43
2.940000e-15 -4.028709e+21 1.623050e+43
2.955000e-15 -4.046728e+21 1.637601e+43
2.970000e-15 -4.056077e+21 1.645176e+43
2.985000e-15 -4.056807e+21 1.645768e+43
3.000000e-15 -4.048986e+21 1.639429e+43
3.015000e-15 -4.032702e+21 1.626268e+43
3.030000e-15 -4.008055e+21 1.606450e+43
3.045000e-15 -3.975164e+21 1.580193e+43
3.060000e-15 -3.934164e+21 1.547765e+43
3.075000e-15 -3.885206e+21 1.509482e+43
3.090000e-15 -3.828455e+21 1.465707e+43
3.105000e-15 -3.764093e+21 1.416840e+43
3.120000e-15 -3.692314e+21 1.363318e+43
3.135000e-15 -3.613329e+21 1.305614e+43
3.150000e-15 -3.527359e+21 1.244226e+43
3.165000e-15 -3.434641e+21 1.179676e+43
3.180000e-15 -3.335423e+21 1.112504e+43
3.195000e-15 -3.229964e+21 1.043267e+43
3.210000e-15 -3.118537e+21 9.725276e+42
3.225000e-15 -3.001424e+21 9.008544e+42
3.240000e-15 -2.878915e+21 8.288149e+42
3.255000e-15 -2.751311e+21 7.569714e+42
3.270000e-15 -2.618923e+21 6.858760e+42
3.285000e-15 -2.482068e+21 6.160663e+42
3.300000e-15 -2.341071e+21 5.480611e+42
3.315000e-15 -2.196261e+21 4.823562e+42
3.330000e-15 -2.047976e+21 4.194206e+42
3.345000e-15 -1.896558e+21 3.596931e+42
3.360000e-15 -1.742351e+21 3.035788e+42
3.375000e-15 -1.585706e+21 2.514464e+42
3.390000e-15 -1.426974e+21 2.036255e+42
3.405000e-15 -1.266508e+21 1.604044e+42
3.420000e-15 -1.104664e+21 1.220283e+42
3.435000e-15 -9.417965e+20 8.869807e+41
3.450000e-15 -7.782601e+20 6.056888e+41
3.465000e-15 -6.144086e+20 3.774979e+41
3.480000e-15 -4.505936e+20 2.030346e+41
3.495000e-15 -2.871645e+20 8.246343e+40
3.510000e-15 -1.244668e+20 1.549199e+40
3.525000e-15 3.715754e+19 1.380683e+39
3.540000e-15 1.973717e+20 3.895558e+40
3.555000e-15 3.558440e+20 1.266250e+41
3.570000e-15 5.122491e+20 2.623991e+41
3.585000e-15 6.662682e+20 4.439133e+41
3.600000e-15 8.175900e+20 6.684534e+41
3.615000e-15 9.659112e+20 9.329845e+41
3.630000e-15 1.110937e+21 1.234181e+42
3.645000e-15 1.252382e+21 1.568460e+42
3.660000e-15 1.389970e+21 1.932016e+42
3.675000e-15 1.523435e+21 2.320854e+42
3.690000e-15 1.652523e+21 2.730831e+42
3.705000e-15 1.776989e+21 3.157690e+42
3.720000e-15 1.896601e+21 3.597097e+42
3.735000e-15 2.011140e+21 4.044684e+42
3.750000e-15 2.120397e+21 4.496083e+42
3.765000e-15 2.224177e+21 4.946964e+42
3.780000e-15 2.322299e+21 5.393071e+42
3.795000e-15 2.414593e+21 5.830259e+42
3.810000e-15 2.500905e+21 6.254527e+42
3.825000e-15 2.581094e+21 6.662048e+42
3.840000e-15 2.655033e+21 7.049202e+42
3.855000e-15 2.722610e+21 7.412604e+42
3.870000e-15 2.783725e+21 7.749126e+42
3.885000e-15 2.838296e+21 8.055924e+42
3.900000e-15 2.886253e+21 8.330455e+42
3.915000e-15 2.927541e+21 8.570497e+42
3.930000e-15 2.962121e+21 8.774162e+42
3.945000e-15 2.989968e+21 8.939908e+42
3.960000e-15 3.011070e+21 9.066544e+42
3.975000e-15 3.025432e+21 9.153241e+42
3.990000e-15 3.033073e+21 9.199529e+42
4.005000e-15 3.034023e+21 9.205296e+42
4.020000e-15 3.028331e+21 9.170788e+42
4.035000e-15 3.016056e+21 9.096596e+42
4.050000e-15 2.997274e+21 8.983650e+42
4.065000e-15 2.972071e+21 8.833205e+42
4.080000e-15 2.940548e+21 8.646825e+42
4.095000e-15 2.902820e+21 8.426365e+42
4.110000e-15 2.859012e+21 8.173951e+42
4.125000e-15 2.809263e+21 7.891961e+42
4.140000e-15 2.753724e+21 7.582995e+42
4.155000e-15 2.692555e+21 7.249852e+42
4.170000e-15 2.625930e+21 6.895506e+42
4.185000e-15 2.554031e+21 6.523075e+42
4.200000e-15 2.477053e+21 6.135790e+42
4.215000e-15 2.395197e+21 5.736971e+42
4.230000e-15 2.308677e+21 5.329991e+42
4.245000e-15 2.217713e+21 4.918253e+42
4.260000e-15 2.122534e+21 4.505152e+42
4.275000e-15 2.023377e+21 4.094053e+42
4.290000e-15 1.920484e+21 3.688258e+42
4.305000e-15 1.814106e+21 3.290980e+42
4.320000e-15 1.704498e+21 2.905315e+42
4.335000e-15 1.591923e+21 2.534218e+42
4.350000e-15 1.476645e+21 2.180481e+42
4.365000e-15 1.358935e+21 1.846704e+42
4.380000e-15 1.239066e+21 1.535286e+42
4.395000e-15 1.117316e+21 1.248394e+42
4.410000e-15 9.939616e+20 9.879597e+41
4.425000e-15 8.692849e+20 7.556563e+41
4.440000e-15 7.435672e+20 5.528922e+41
4.455000e-15 6.170908e+20 3.808011e+41
4.470000e-15 4.901378e+20 2.402350e+41
4.485000e-15 3.629895e+20 1.317614e+41
4.500000e-15 2.359263e+20 5.566123e+40
4.515000e-15 1.092264e+20 1.193040e+40
4.530000e-15 -1.683446e+19 2.833990e+38
4.545000e-15 -1.419834e+20 2.015927e+40
4.560000e-15 -2.659511e+20 7.072998e+40
4.575000e-15 -3.884726e+20 1.509110e+41
4.590000e-15 -5.092875e+20 2.593738e+41
4.605000e-15 -6.281406e+20 3.945607e+41
4.620000e-15 -7.447826e+20 5.547011e+41
4.635000e-15 -8.589701e+20 7.378297e+41
4.650000e-15 -9.704668e+20 9.418058e+41
4.665000e-15 -1.079043e+21 1.164335e+42
4.680000e-15 -1.184478e+21 1.402989e+42
4.695000e-15 -1.286558e+21 1.655231e+42
4.710000e-15 -1.385077e+21 1.918439e+42
4.725000e-15 -1.479840e+21 2.189927e+42
4.740000e-15 -1.570660e+21 2.466972e+42
4.755000e-15 -1.657359e+21 2.746839e+42
4.770000e-15 -1.739770e+21 3.026801e+42
4.785000e-15 -1.817737e+21 3.304168e+42
4.800000e-15 -1.891113e+21 3.576307e+42
4.815000e-15 -1.959761e+21 3.840665e+42
4.830000e-15 -2.023559e+21 4.094790e+42
4.845000e-15 -2.082392e+21 4.336356e+42
4.860000e-15 -2.136158e+21 4.563173e+42
4.875000e-15 -2.184769e+21 4.773214e+42
4.890000e-15 -2.228144e+21 4.964626e+42
4.905000e-15 -2.266218e+21 5.135745e+42
4.920000e-15 -2.298937e+21 5.285110e+42
4.935000e-15 -2.326257e+21 5.411472e+42
4.950000e-15 -2.348149e+21 5.513803e+42
4.965000e-15 -2.364594e+21 5.591306e+42
4.980000e-15 -2.375587e+21 5.643412e+42
4.995000e-15 -2.381132e+21 5.669792e+42
5.010000e-15 -2.381249e+21 5.670348e+42
5.025000e-15 -2.375967e+21 5.645219e+42
5.040000e-15 -2.365327e+21 5.594773e+42
5.055000e-15 -2.349383e+21 5.519602e+42
5.070000e-15 -2.328200e+21 5.420515e+42
5.085000e-15 -2.301853e+21 5.298527e+42
5.100000e-15 -2.270430e+21 5.154851e+42
5.115000e-15 -2.234028e+21 4.990882e+42
5.130000e-15 -2.192757e+21 4.808182e+42
5.145000e-15 -2.146734e+21 4.608467e+42
5.160000e-15 -2.096090e+21 4.393591e+42
5.175000e-15 -2.040961e+21 4.165523e+42
5.190000e-15 -1.981497e+21 3.926332e+42
5.205000e-15 -1.917855e+21 3.678166e+42
5.220000e-15 -1.850198e+21 3.423234e+42
5.235000e-15 -1.778703e+21 3.163783e+42
5.250000e-15 -1.703549e+21 2.902078e+42
5.265000e-15 -1.624925e+21 2.640382e+42
5.280000e-15 -1.543028e+21 2.380936e+42
5.295000e-15 -1.458060e+21 2.125939e+42
5.310000e-15 -1.370228e+21 1.877526e+42
5.325000e-15 -1.279747e+21 1.637754e+42
5.340000e-15 -1.186836e+21 1.408579e+42
5.355000e-15 -1.091717e+21 1.191845e+42
5.370000e-15 -9.946173e+20 9.892636e+41
5.385000e-15 -8.957684e+20 8.024011e+41
5.400000e-15 -7.954037e+20 6.326671e+41
5.415000e-15 -6.937593e+20 4.813019e+41
5.430000e-15 -5.910730e+20 3.493673e+41
5.445000e-15 -4.875843e+20 2.377385e+41
5.460000e-15 -3.835333e+20 1.470978e+41
5.475000e-15 -2.791604e+20 7.793052e+40
5.490000e-15 -1.747056e+20 3.052206e+40
5.505000e-15 -7.040839e+19 4.957341e+39
5.520000e-15 3.349338e+19 1.121807e+39
5.535000e-15 1.367636e+20 1.870428e+40
5.550000e-15 2.391685e+20 5.720159e+40
5.565000e-15 3.404775e+20 1.159249e+41
5.580000e-15 4.404630e+20 1.940077e+41
5.595000e-15 5.389018e+20 2.904151e+41
5.610000e-15 6.355748e+20 4.039553e+41
5.625000e-15 7.302680e+20 5.332914e+41
5.640000e-15 8.227727e+20 6.769548e+41
5.655000e-15 9.128859e+20 8.333606e+41
5.670000e-15 1.000411e+21 1.000822e+42
5.685000e-15 1.085158e+21 1.177569e+42
5.700000e-15 1.166945e+21 1.361761e+42
5.715000e-15 1.245596e+21 1.551508e+42
5.730000e-15 1.320943e+21 1.744890e+42
5.745000e-15 1.392827e+21 1.939968e+42
5.760000e-15 1.461099e+21 2.134809e+42
5.775000e-15 1.525615e+21 2.327502e+42
5.790000e-15 1.586244e+21 2.516170e+42
5.805000e-15 1.642863e+21 2.698998e+42
5.820000e-15 1.695357e+21 2.874236e+42
5.835000e-15 1.743624e+21 3.040226e+42
5.850000e-15 1.787571e+21 3.195411e+42
5.865000e-15 1.827114e+21 3.338347e+42
5.880000e-15 1.862182e+21 3.467721e+42
5.895000e-15 1.892711e+21 3.582356e+42
5.910000e-15 1.918652e+21 3.681225e+42
5.925000e-15 1.939964e+21 3.763459e+42
5.940000e-15 1.956617e+21 3.828349e+42
5.955000e-15 1.968593e+21 3.875358e+42
5.970000e-15 1.975885e+21 3.904121e+42
5.985000e-15 1.978495e+21 3.914444e+42
6.000000e-15 1.976439e+21 3.906312e+42
6.015000e-15 1.969741e+21 3.879881e+42
6.030000e-15 1.958437e+21 3.835476e+42
6.045000e-15 1.942573e+21 3.773591e+42
6.060000e-15 1.922207e+21 3.694878e+42
6.075000e-15 1.897404e+21 3.600142e+42
6.090000e-15 1.868243e+21 3.490331e+42
6.105000e-15 1.834810e+21 3.366527e+42
6.120000e-15 1.797202e+21 3.229935e+42
6.135000e-15 1.755526e+21 3.081870e+42
6.150000e-15 1.709896e+21 2.923743e+42
6.165000e-15 1.660436e+21 2.757049e+42
6.180000e-15 1.607280e+21 2.583350e+42
6.195000e-15 1.550568e+21 2.404263e+42
6.210000e-15 1.490449e+21 2.221439e+42
6.225000e-15 1.427078e+21 2.036553e+42
6.240000e-15 1.360620e+21 1.851286e+42
6.255000e-15 1.291242e+21 1.667307e+42
6.270000e-15 1.219123e+21 1.486260e+42
6.285000e-15 1.144442e+21 1.309748e+42
6.300000e-15 1.067388e+21 1.139318e+42
6.315000e-15 9.881533e+20 9.764469e+41
6.330000e-15 9.069332e+20 8.225278e+41
6.345000e-15 8.239286e+20 6.788584e+41
6.360000e-15 7.393435e+20 5.466289e+41
6.375000e-15 6.533848e+20 4.269117e+41
6.390000e-15 5.662619e+20 3.206525e+41
6.405000e-15 4.781861e+20 2.286619e+41
6.420000e-15 3.893702e+20 1.516091e+41
6.435000e-15 3.000281e+20 9.001685e+40
6.450000e-15 2.103740e+20 4.425722e+40
6.465000e-15 1.206222e+20 1.454971e+40
6.480000e-15 3.098621e+19 9.601453e+38
6.495000e-15 -5.832127e+19 3.401371e+39
6.510000e-15 -1.470893e+20 2.163525e+40
6.525000e-15 -2.351088e+20 5.527615e+40
6.540000e-15 -3.221735e+20 1.037957e+41
6.555000e-15 -4.080799e+20 1.665292e+41
6.570000e-15 -4.926281e+20 2.426825e+41
6.585000e-15 -5.756224e+20 3.313411e+41
6.600000e-15 -6.568711e+20 4.314796e+41
6.615000e-15 -7.361876e+20 5.419722e+41
6.630000e-15 -8.133906e+20 6.616043e+41
6.645000e-15 -8.883045e+20 7.890850e+41
6.660000e-15 -9.607598e+20 9.230594e+41
6.675000e-15 -1.030593e+21 1.062123e+42
6.690000e-15 -1.097649e+21 1.204833e+42
6.705000e-15 -1.161778e+21 1.349728e+42
6.720000e-15 -1.222838e+21 1.495334e+42
6.735000e-15 -1.280697e+21 1.640185e+42
6.750000e-15 -1.335229e+21 1.782835e+42
6.765000e-15 -1.386316e+21 1.921871e+42
6.780000e-15 -1.433850e+21 2.055926e+42
6.795000e-15 -1.477732e+21 2.183693e+42
6.810000e-15 -1.517872e+21 2.303936e+42
6.825000e-15 -1.554188e+21 2.415501e+42
6.840000e-15 -1.586609e+21 2.517329e+42
6.855000e-15 -1.615073e+21 2.608461e+42
6.870000e-15 -1.639528e+21 2.688051e+42
6.885000e-15 -1.659930e+21 2.755367e+42
6.900000e-15 -1.676248e+21 2.809806e+42
6.915000e-15 -1.688458e+21 2.850891e+42
6.930000e-15 -1.696548e+21 2.878276e+42
6.945000e-15 -1.700516e+21 2.891754e+42
6.960000e-15 -1.700367e+21 2.891248e+42
6.975000e-15 -1.696119e+21 2.876821e+42
6.990000e-15 -1.687799e+21 2.848667e+42
7.005000e-15 -1.675444e+21 2.807111e+42
7.020000e-15 -1.659097e+21 2.752604e+42
7.035000e-15 -1.638817e+21 2.685720e+42
7.050000e-15 -1.614666e+21 2.607146e+42
7.065000e-15 -1.586719e+21 2.517676e+42
7.080000e-15 -1.555057e+21 2.418203e+42
7.095000e-15 -1.519773e+21 2.309710e+42
7.110000e-15 -1.480965e+21 2.193258e+42
7.125000e-15 -1.438742e+21 2.069978e+42
7.140000e-15 -1.393218e+21 1.941057e+42
7.155000e-15 -1.344517e+21 1.807726e+42
7.170000e-15 -1.292769e+21 1.671251e+42
7.185000e-15 -1.238110e+21 1.532916e+42
7.200000e-15 -1.180684e+21 1.394015e+42
7.215000e-15 -1.120641e+21 1.255837e+42
7.230000e-15 -1.058136e+21 1.119653e+42
7.245000e-15 -9.933304e+20 9.867052e+41
7.260000e-15 -9.263886e+20 8.581959e+41
7.275000e-15 -8.574814e+20 7.352743e+41
7.290000e-15 -7.867829e+20 6.190274e+41
7.305000e-15 -7.144712e+20 5.104691e+41
7.320000e-15 -6.407273e+20 4.105314e+41
7.335000e-15 -5.657351e+20 3.200562e+41
7.350000e-15 -4.896809e+20 2.397874e+41
7.365000e-15 -4.127528e+20 1.703649e+41
7.380000e-15 -3.351402e+20 1.123190e+41
7.395000e-15 -2.570337e+20 6.606632e+40
7.410000e-15 -1.786241e+20 3.190656e+40
7.425000e-15 -1.001023e+20 1.002047e+40
7.440000e-15 -2.165886e+19 4.691061e+38
7.455000e-15 5.651670e+19 3.194137e+39
7.470000e-15 1.342362e+20 1.801935e+40
7.485000e-15 2.113131e+20 4.465323e+40
7.500000e-15 2.875634e+20 8.269271e+40
7.515000e-15 3.628056e+20 1.316279e+41
7.530000e-15 4.368613e+20 1.908478e+41
7.545000e-15 5.095558e+20 2.596472e+41
7.560000e-15 5.807182e+20 3.372337e+41
7.575000e-15 6.501821e+20 4.227367e+41
7.590000e-15 7.177855e+20 5.152160e+41
7.605000e-15 7.833719e+20 6.136715e+41
7.620000e-15 8.467900e+20 7.170534e+41
7.635000e-15 9.078946e+20 8.242726e+41
7.650000e-15 9.665463e+20 9.342117e+41
7.665000e-15 1.022612e+21 1.045736e+42
7.680000e-15 1.075967e+21 1.157704e+42
7.695000e-15 1.126490e+21 1.268980e+42
7.710000e-15 1.174072e+21 1.378444e+42
7.725000e-15 1.218606e+21 1.485001e+42
7.740000e-15 1.259998e+21 1.587595e+42
7.755000e-15 1.298158e+21 1.685215e+42
7.770000e-15 1.333007e+21 1.776908e+42
7.785000e-15 1.364472e+21 1.861785e+42
7.800000e-15 1.392491e+21 1.939030e+42
7.815000e-15 1.417007e+21 2.007908e+42
7.830000e-15 1.437975e+21 2.067771e+42
7.845000e-15 1.455357e+21 2.118063e+42
7.860000e-15 1.469125e+21 2.158328e+42
7.875000e-15 1.479259e+21 2.188206e+42
7.890000e-15 1.485748e+21 2.207446e+42
7.905000e-15 1.488590e+21 2.215900e+42
7.920000e-15 1.487792e+21 2.213525e+42
7.935000e-15 1.483370e+21 2.200385e+42
7.950000e-15 1.475347e+21 2.176649e+42
7.965000e-15 1.463758e+21 2.142587e+42
7.980000e-15 1.448643e+21 2.098566e+42
7.995000e-15 1.430052e+21 2.045049e+42
8.010000e-15 1.408044e+21 1.982589e+42
8.025000e-15 1.382685e+21 1.911819e+42
8.040000e-15 1.354050e+21 1.833450e+42
8.055000e-15 1.322219e+21 1.748262e+42
8.070000e-15 1.287282e+21 1.657094e+42
8.085000e-15 1.249336e+21 1.560840e+42
8.100000e-15 1.208484e+21 1.460433e+42
8.115000e-15 1.164836e+21 1.356843e+42
8.130000e-15 1.118509e+21 1.251063e+42
8.145000e-15 1.069626e+21 1.144099e+42
8.160000e-15 1.018314e+21 1.036964e+42
8.175000e-15 9.647081e+20 9.306618e+41
8.190000e-15 9.089467e+20 8.261841e+41
8.205000e-15 8.511734e+20 7.244962e+41
8.220000e-15 7.915363e+20 6.265298e+41
8.235000e-15 7.301875e+20 5.331738e+41
8.250000e-15 6.672826e+20 4.452660e+41
8.265000e-15 6.029804e+20 3.635853e+41
8.280000e-15 5.374427e+20 2.888446e+41
8.295000e-15 4.708336e+20 2.216842e+41
8.310000e-15 4.033192e+20 1.626664e+41
8.325000e-15 3.350675e+20 1.122702e+41
8.340000e-15 2.662474e+20 7.088766e+40
8.355000e-15 1.970286e+20 3.882027e+40
8.370000e-15 1.275814e+20 1.627701e+40
8.385000e-15 5.807587e+19 3.372807e+39
8.400000e-15 -1.131826e+19 1.281030e+38
8.415000e-15 -8.043217e+19 6.469334e+39
8.430000e-15 -1.490983e+20 2.223029e+40
8.445000e-15 -2.171507e+20 4.715441e+40
8.460000e-15 -2.844255e+20 8.089784e+40
8.475000e-15 -3.507613e+20 1.230335e+41
8.490000e-15 -4.159995e+20 1.730556e+41
8.505000e-15 -4.799849e+20 2.303855e+41
8.520000e-15 -5.425655e+20 2.943773e+41
8.535000e-15 -6.035935e+20 3.643251e+41
8.550000e-15 -6.629253e+20 4.394700e+41
8.565000e-15 -7.204220e+20 5.190078e+41
8.580000e-15 -7.759494e+20 6.020975e+41
8.595000e-15 -8.293789e+20 6.878693e+41
8.610000e-15 -8.805870e+20 7.754335e+41
8.625000e-15 -9.294564e+20 8.638892e+41
8.640000e-15 -9.758756e+20 9.523332e+41
8.655000e-15 -1.019740e+21 1.039869e+42
8.670000e-15 -1.060950e+21 1.125615e+42
8.685000e-15 -1.099415e+21 1.208713e+42
8.700000e-15 -1.135050e+21 1.288339e+42
8.715000e-15 -1.167777e+21 1.363704e+42
8.730000e-15 -1.197527e+21 1.434071e+42
8.745000e-15 -1.224236e+21 1.498754e+42
8.760000e-15 -1.247849e+21 1.557128e+42
8.775000e-15 -1.268320e+21 1.608635e+42
8.790000e-15 -1.285608e+21 1.652787e+42
8.805000e-15 -1.299681e+21 1.689171e+42
8.820000e-15 -1.310517e+21 1.717454e+42
8.835000e-15 -1.318098e+21 1.737383e+42
8.850000e-15 -1.322418e+21 1.748791e+42
8.865000e-15 -1.323477e+21 1.751592e+42
8.880000e-15 -1.321283e+21 1.745787e+42
8.895000e-15 -1.315851e+21 1.731463e+42
8.910000e-15 -1.307205e+21 1.708786e+42
8.925000e-15 -1.295378e+21 1.678005e+42
8.940000e-15 -1.280409e+21 1.639448e+42
8.955000e-15 -1.262344e+21 1.593513e+42
8.970000e-15 -1.241238e+21 1.540672e+42
8.985000e-15 -1.217152e+21 1.481460e+42
9.000000e-15 -1.190156e+21 1.416470e+42
9.015000e-15 -1.160323e+21 1.346350e+42
9.030000e-15 -1.127737e+21 1.271791e+42
9.045000e-15 -1.092487e+21 1.193527e+42
9.060000e-15 -1.054666e+21 1.112321e+42
9.075000e-15 -1.014377e+21 1.028961e+42
9.090000e-15 -9.717258e+20 9.442511e+41
9.105000e-15 -9.268242e+20 8.590031e+41
9.120000e-15 -8.797897e+20 7.740299e+41
9.135000e-15 -8.307443e+20 6.901361e+41
9.150000e-15 -7.798147e+20 6.081110e+41
9.165000e-15 -7.271318e+20 5.287207e+41
9.180000e-15 -6.728304e+20 4.527007e+41
9.195000e-15 -6.170488e+20 3.807492e+41
9.210000e-15 -5.599284e+20 3.135198e+41
9.225000e-15 -5.016138e+20 2.516164e+41
9.240000e-15 -4.422518e+20 1.955866e+41
9.255000e-15 -3.819913e+20 1.459174e+41
9.270000e-15 -3.209833e+20 1.030302e+41
9.285000e-15 -2.593797e+20 6.727783e+40
9.300000e-15 -1.973339e+20 3.894065e+40
9.315000e-15 -1.349995e+20 1.822487e+40
9.330000e-15 -7.253073e+19 5.260706e+39
9.345000e-15 -1.008143e+19 1.016352e+38
9.360000e-15 5.219493e+19 2.724311e+39
9.375000e-15 1.141458e+20 1.302926e+40
9.390000e-15 1.756198e+20 3.084231e+40
9.405000e-15 2.364672e+20 5.591674e+40
9.420000e-15 2.965403e+20 8.793616e+40
9.435000e-15 3.556937e+20 1.265180e+41
9.450000e-15 4.137845e+20 1.712176e+41
9.465000e-15 4.706731e+20 2.215331e+41
9.480000e-15 5.262230e+20 2.769106e+41
9.495000e-15 5.803015e+20 3.367498e+41
9.510000e-15 6.327799e+20 4.004104e+41
9.525000e-15 6.835338e+20 4.672185e+41
9.540000e-15 7.324433e+20 5.364732e+41
9.555000e-15 7.793935e+20 6.074542e+41
9.570000e-15 8.242745e+20 6.794284e+41
9.585000e-15 8.669818e+20 7.516574e+41
9.600000e-15 9.074166e+20 8.234050e+41
9.615000e-15 9.454861e+20 8.939440e+41
9.630000e-15 9.811033e+20 9.625637e+41
9.645000e-15 1.014188e+21 1.028577e+42
9.660000e-15 1.044665e+21 1.091325e+42
9.675000e-15 1.072468e+21 1.150187e+42
9.690000e-15 1.097535e+21 1.204584e+42
9.705000e-15 1.119814e+21 1.253982e+42
9.720000e-15 1.139256e+21 1.297904e+42
9.735000e-15 1.155822e+21 1.335926e+42
9.750000e-15 1.169481e+21 1.367685e+42
9.765000e-15 1.180206e+21 1.392885e+42
9.780000e-15 1.187979e+21 1.411293e+42
9.795000e-15 1.192790e+21 1.422747e+42
9.810000e-15 1.194635e+21 1.427152e+42
9.825000e-15 1.193519e+21 1.424486e+42
9.840000e-15 1.189452e+21 1.414795e+42
9.855000e-15 1.182453e+21 1.398195e+42
9.870000e-15 1.172548e+21 1.374869e+42
9.885000e-15 1.159770e+21 1.345066e+42
9.900000e-15 1.144158e+21 1.309097e+42
9.915000e-15 1.125759e+21 1.267333e+42
9.930000e-15 1.104626e+21 1.220198e+42
9.945000e-15 1.080820e+21 1.168171e+42
9.960000e-15 1.054406e+21 1.111772e+42
9.975000e-15 1.025458e+21 1.051564e+42
9.990000e-15 9.940538e+20 9.881430e+41
1.000500e-14 9.602787e+20 9.221352e+41
1.002000e-14 9.242226e+20 8.541875e+41
1.003500e-14 8.859813e+20 7.849628e+41
1.005000e-14 8.456553e+20 7.151329e+41
1.006500e-14 8.033505e+20 6.453720e+41
1.008000e-14 7.591770e+20 5.763497e+41
1.009500e-14 7.132494e+20 5.087248e+41
1.011000e-14 6.656864e+20 4.431384e+41
1.012500e-14 6.166102e+20 3.802082e+41
1.014000e-14 5.661467e+20 3.205221e+41
1.015500e-14 5.144246e+20 2.646327e+41
1.017000e-14 4.615756e+20 2.130520e+41
1.018500e-14 4.077337e+20 1.662468e+41
1.020000e-14 3.530352e+20 1.246338e+41
1.021500e-14 2.976178e+20 8.857635e+40
1.023000e-14 2.416210e+20 5.838069e+40
1.024500e-14 1.851851e+20 3.429351e+40
1.026000e-14 1.284512e+20 1.649971e+40
1.027500e-14 7.156084e+19 5.120954e+39
1.029000e-14 1.465549e+19 2.147833e+38
1.030500e-14 -4.212372e+19 1.774408e+39
1.032000e-14 -9.863631e+19 9.729123e+39
1.033500e-14 -1.547429e+20 2.394535e+40
1.035000e-14 -2.103053e+20 4.422832e+40
1.036500e-14 -2.651873e+20 7.032429e+40
1.038000e-14 -3.192545e+20 1.019234e+41
1.039500e-14 -3.723750e+20 1.386632e+41
1.041000e-14 -4.244196e+20 1.801320e+41
1.042500e-14 -4.752621e+20 2.258740e+41
1.044000e-14 -5.247795e+20 2.753935e+41
1.045500e-14 -5.728525e+20 3.281600e+41
1.047000e-14 -6.193657e+20 3.836139e+41
1.048500e-14 -6.642079e+20 4.411721e+41
1.050000e-14 -7.072723e+20 5.002340e+41
1.051500e-14 -7.484567e+20 5.601874e+41
1.053000e-14 -7.876640e+20 6.204146e+41
1.054500e-14 -8.248022e+20 6.802987e+41
1.056000e-14 -8.597846e+20 7.392296e+41
1.057500e-14 -8.925302e+20 7.966102e+41
1.059000e-14 -9.229637e+20 8.518620e+41
1.060500e-14 -9.510157e+20 9.044309e+41
1.062000e-14 -9.766230e+20 9.537925e+41
1.063500e-14 -9.997285e+20 9.994571e+41
1.065000e-14 -1.020282e+21 1.040975e+42
1.066500e-14 -1.038238e+21 1.077938e+42
1.068000e-14 -1.053560e+21 1.109989e+42
1.069500e-14 -1.066217e+21 1.136820e+42
1.071000e-14 -1.076185e+21 1.158174e+42
1.072500e-14 -1.083446e+21 1.173854e+42
1.074000e-14 -1.087988e+21 1.183718e+42
1.075500e-14 -1.089809e+21 1.187684e+42
1.077000e-14 -1.088911e+21 1.185728e+42
1.078500e-14 -1.085304e+21 1.177885e+42
1.080000e-14 -1.079004e+21 1.164249e+42
1.081500e-14 -1.070033e+21 1.144971e+42
1.083000e-14 -1.058422e+21 1.120256e+42
1.084500e-14 -1.044206e+21 1.090365e+42
1.086000e-14 -1.027427e+21 1.055607e+42
1.087500e-14 -1.008135e+21 1.016336e+42
1.089000e-14 -9.863840e+20 9.729533e+41
1.090500e-14 -9.622346e+20 9.258955e+41
1.092000e-14 -9.357536e+20 8.756349e+41
1.093500e-14 -9.070131e+20 8.226728e+41
1.095000e-14 -8.760907e+20 7.675349e+41
1.096500e-14 -8.430692e+20 7.107656e+41
1.098000e-14 -8.080364e+20 6.529228e+41
1.099500e-14 -7.710849e+20 5.945720e+41
1.101000e-14 -7.323120e+20 5.362809e+41
1.102500e-14 -6.918190e+20 4.786136e+41
1.104000e-14 -6.497114e+20 4.221249e+41
1.105500e-14 -6.060983e+20 3.673551e+41
1.107000e-14 -5.610924e+20 3.148247e+41
1.108500e-14 -5.148095e+20 2.650288e+41
1.110000e-14 -4.673683e+20 2.184332e+41
1.111500e-14 -4.188902e+20 1.754690e+41
1.113000e-14 -3.694985e+20 1.365292e+41
1.114500e-14 -3.193189e+20 1.019646e+41
1.116000e-14 -2.684784e+20 7.208068e+40
1.117500e-14 -2.171056e+20 4.713483e+40
1.119000e-14 -1.653297e+20 2.733392e+40
1.120500e-14 -1.132810e+20 1.283259e+40
1.122000e-14 -6.108986e+19 3.731972e+39
1.123500e-14 -8.886746e+18 7.897425e+37
1.125000e-14 4.319820e+19 1.866084e+39
1.126500e-14 9.503545e+19 9.031737e+39
1.128000e-14 1.464965e+20 2.146121e+40
1.129500e-14 1.974539e+20 3.898805e+40
1.131000e-14 2.477821e+20 6.139598e+40
1.132500e-14 2.973573e+20 8.842134e+40
1.134000e-14 3.460577e+20 1.197560e+41
1.135500e-14 3.937644e+20 1.550504e+41
1.137000e-14 4.403610e+20 1.939178e+41
1.138500e-14 4.857341e+20 2.359377e+41
1.140000e-14 5.297740e+20 2.806605e+41
1.141500e-14 5.723742e+20 3.276122e+41
1.143000e-14 6.134323e+20 3.762992e+41
1.144500e-14 6.528500e+20 4.262131e+41
1.146000e-14 6.905332e+20 4.768361e+41
1.147500e-14 7.263926e+20 5.276462e+41
1.149000e-14 7.603434e+20 5.781220e+41
1.150500e-14 7.923059e+20 6.277487e+41
1.152000e-14 8.222057e+20 6.760222e+41
1.153500e-14 8.499735e+20 7.224550e+41
1.155000e-14 8.755457e+20 7.665803e+41
1.156500e-14 8.988641e+20 8.079567e+41
1.158000e-14 9.198765e+20 8.461728e+41
1.159500e-14 9.385365e+20 8.808507e+41
1.161000e-14 9.548035e+20 9.116498e+41
1.162500e-14 9.686433e+20 9.382699e+41
1.164000e-14 9.800276e+20 9.604541e+41
1.165500e-14 9.889344e+20 9.779912e+41
1.167000e-14 9.953478e+20 9.907172e+41
1.168500e-14 9.992583e+20 9.985172e+41
1.170000e-14 1.000663e+21 1.001326e+42
1.171500e-14 9.995638e+20 9.991279e+41
1.173000e-14 9.959710e+20 9.919582e+41
1.174500e-14 9.898995e+20 9.799009e+41
1.176000e-14 9.813709e+20 9.630888e+41
1.177500e-14 9.704128e+20 9.417009e+41
1.179000e-14 9.570588e+20 9.159615e+41
1.180500e-14 9.413483e+20 8.861366e+41
1.182000e-14 9.233266e+20 8.525321e+41
1.183500e-14 9.030447e+20 8.154897e+41
1.185000e-14 8.805588e+20 7.753838e+41
1.186500e-14 8.559307e+20 7.326174e+41
1.188000e-14 8.292274e+20 6.876181e+41
1.189500e-14 8.005208e+20 6.408335e+41
1.191000e-14 7.698876e+20 5.927269e+41
1.192500e-14 7.374092e+20 5.437723e+41
1.194000e-14 7.031713e+20 4.944499e+41
1.195500e-14 6.672638e+20 4.452410e+41
1.197000e-14 6.297807e+20 3.966237e+41
1.198500e-14 5.908193e+20 3.490675e+41
1.200000e-14 5.504808e+20 3.030291e+41
1.201500e-14 5.088692e+20 2.589479e+41
1.203000e-14 4.660917e+20 2.172415e+41
1.204500e-14 4.222579e+20 1.783018e+41
1.206000e-14 3.774800e+20 1.424912e+41
1.207500e-14 3.318720e+20 1.101390e+41
1.209000e-14 2.855499e+20 8.153876e+40
1.210500e-14 2.386311e+20 5.694483e+40
1.212000e-14 1.912343e+20 3.657055e+40
1.213500e-14 1.434789e+20 2.058618e+40
1.215000e-14 9.548498e+19 9.117381e+39
1.216500e-14 4.737304e+19 2.244205e+39
1.218000e-14 -7.365583e+17 5.425181e+35
1.219500e-14 -4.872371e+19 2.374000e+39
1.221000e-14 -9.646893e+19 9.306254e+39
1.222500e-14 -1.438536e+20 2.069386e+40
1.224000e-14 -1.907603e+20 3.638951e+40
1.225500e-14 -2.370732e+20 5.620371e+40
1.227000e-14 -2.826780e+20 7.990688e+40
1.228500e-14 -3.274627e+20 1.072318e+41
1.230000e-14 -3.713175e+20 1.378767e+41
1.231500e-14 -4.141350e+20 1.715078e+41
1.233000e-14 -4.558111e+20 2.077637e+41
1.234500e-14 -4.962443e+20 2.462584e+41
1.236000e-14 -5.353369e+20 2.865855e+41
1.237500e-14 -5.729943e+20 3.283225e+41
1.239000e-14 -6.091262e+20 3.710347e+41
1.240500e-14 -6.436460e+20 4.142802e+41
1.242000e-14 -6.764714e+20 4.576135e+41
1.243500e-14 -7.075245e+20 5.005909e+41
1.245000e-14 -7.367321e+20 5.427742e+41
1.246500e-14 -7.640258e+20 5.837354e+41
1.248000e-14 -7.893419e+20 6.230606e+41
1.249500e-14 -8.126220e+20 6.603546e+41
1.251000e-14 -8.338129e+20 6.952440e+41
1.252500e-14 -8.528667e+20 7.273816e+41
1.254000e-14 -8.697409e+20 7.564492e+41
1.255500e-14 -8.843985e+20 7.821607e+41
1.257000e-14 -8.968083e+20 8.042651e+41
1.258500e-14 -9.069446e+20 8.225485e+41
1.260000e-14 -9.147876e+20 8.368363e+41
1.261500e-14 -9.203230e+20 8.469944e+41
1.263000e-14 -9.235425e+20 8.529308e+41
1.264500e-14 -9.244437e+20 8.545961e+41
1.266000e-14 -9.230296e+20 8.519837e+41
1.267500e-14 -9.193094e+20 8.451298e+41
1.269000e-14 -9.132977e+20 8.341127e+41
1.270500e-14 -9.050150e+20 8.190521e+41
1.272000e-14 -8.944872e+20 8.001074e+41
1.273500e-14 -8.817461e+20 7.774761e+41
1.275000e-14 -8.668285e+20 7.513916e+41
1.276500e-14 -8.497768e+20 7.221206e+41
1.278000e-14 -8.306386e+20 6.899606e+41
1.279500e-14 -8.094667e+20 6.552364e+41
1.281000e-14 -7.863186e+20 6.182970e+41
1.282500e-14 -7.612568e+20 5.795119e+41
1.284000e-14 -7.343483e+20 5.392675e+41
1.285500e-14 -7.056647e+20 4.979627e+41
1.287000e-14 -6.752818e+20 4.560055e+41
1.288500e-14 -6.432794e+20 4.138083e+41
1.290000e-14 -6.097411e+20 3.717843e+41
1.291500e-14 -5.747545e+20 3.303427e+41
1.293000e-14 -5.384102e+20 2.898856e+41
1.294500e-14 -5.008023e+20 2.508029e+41
1.296000e-14 -4.620276e+20 2.134695e+41
1.297500e-14 -4.221857e+20 1.782407e+41
1.299000e-14 -3.813786e+20 1.454497e+41
1.300500e-14 -3.397107e+20 1.154033e+41
1.302000e-14 -2.972879e+20 8.838011e+40
1.303500e-14 -2.542182e+20 6.462688e+40
1.305000e-14 -2.106106e+20 4.435683e+40
1.306500e-14 -1.665755e+20 2.774738e+40
1.308000e-14 -1.222238e+20 1.493866e+40
1.309500e-14 -7.766735e+19 6.032216e+39
1.311000e-14 -3.301790e+19 1.090182e+39
1.312500e-14 1.161261e+19 1.348527e+38
1.314000e-14 5.611260e+19 3.148624e+39
1.315500e-14 1.003710e+20 1.007435e+40
1.317000e-14 1.442778e+20 2.081608e+40
1.318500e-14 1.877237e+20 3.524020e+40
1.320000e-14 2.306012e+20 5.317693e+40
1.321500e-14 2.728043e+20 7.442216e+40
1.323000e-14 3.142287e+20 9.873969e+40
1.324500e-14 3.547727e+20 1.258637e+41
1.326000e-14 3.943366e+20 1.555014e+41
1.327500e-14 4.328237e+20 1.873363e+41
1.329000e-14 4.701399e+20 2.210315e+41
1.330500e-14 5.061945e+20 2.562329e+41
1.332000e-14 5.409000e+20 2.925728e+41
1.333500e-14 5.741724e+20 3.296739e+41
1.335000e-14 6.059315e+20 3.671530e+41
1.336500e-14 6.361013e+20 4.046249e+41
1.338000e-14 6.646096e+20 4.417059e+41
1.339500e-14 6.913886e+20 4.780182e+41
1.341000e-14 7.163750e+20 5.131932e+41
1.342500e-14 7.395102e+20 5.468753e+41
1.344000e-14 7.607402e+20 5.787256e+41
1.345500e-14 7.800159e+20 6.084249e+41
1.347000e-14 7.972934e+20 6.356767e+41
1.348500e-14 8.125335e+20 6.602107e+41
1.350000e-14 8.257025e+20 6.817847e+41
1.351500e-14 8.367719e+20 7.001873e+41
1.353000e-14 8.457184e+20 7.152397e+41
1.354500e-14 8.525242e+20 7.267975e+41
1.356000e-14 8.571767e+20 7.347518e+41
1.357500e-14 8.596688e+20 7.390304e+41
1.359000e-14 8.599990e+20 7.395982e+41
1.360500e-14 8.581709e+20 7.364573e+41
1.362000e-14 8.541938e+20 7.296470e+41
1.363500e-14 8.480820e+20 7.192431e+41
1.365000e-14 8.398556e+20 7.053574e+41
1.366500e-14 8.295395e+20 6.881357e+41
1.368000e-14 8.171639e+20 6.677569e+41
1.369500e-14 8.027643e+20 6.444306e+41
1.371000e-14 7.863810e+20 6.183951e+41
1.372500e-14 7.680592e+20 5.899150e+41
1.374000e-14 7.478490e+20 5.592781e+41
1.375500e-14 7.258048e+20 5.267926e+41
1.377000e-14 7.019858e+20 4.927841e+41
1.378500e-14 6.764555e+20 4.575921e+41
1.380000e-14 6.492815e+20 4.215665e+41
1.381500e-14 6.205352e+20 3.850640e+41
1.383000e-14 5.902921e+20 3.484448e+41
1.384500e-14 5.586312e+20 3.120688e+41
1.386000e-14 5.256347e+20 2.762918e+41
1.387500e-14 4.913882e+20 2.414624e+41
1.389000e-14 4.559802e+20 2.079179e+41
1.390500e-14 4.195019e+20 1.759819e+41
1.392000e-14 3.820471e+20 1.459600e+41
1.393500e-14 3.437118e+20 1.181378e+41
1.395000e-14 3.045939e+20 9.277742e+40
1.396500e-14 2.647932e+20 7.011542e+40
1.398000e-14 2.244110e+20 5.036028e+40
1.399500e-14 1.835498e+20 3.369054e+40
1.401000e-14 1.423132e+20 2.025306e+40
1.402500e-14 1.008055e+20 1.016175e+40
1.404000e-14 5.913139e+19 3.496522e+39
1.405500e-14 1.739582e+19 3.026145e+38
1.407000e-14 -2.429630e+19 5.903104e+38
1.408500e-14 -6.584039e+19 4.334957e+39
1.410000e-14 -1.071324e+20 1.147736e+40
1.411500e-14 -1.480693e+20 2.192450e+40
1.413000e-14 -1.885488e+20 3.555065e+40
1.414500e-14 -2.284703e+20 5.219868e+40
1.416000e-14 -2.677347e+20 7.168186e+40
1.417500e-14 -3.062446e+20 9.378578e+40
1.419000e-14 -3.439050e+20 1.182706e+41
1.420500e-14 -3.806228e+20 1.448737e+41
1.422000e-14 -4.163078e+20 1.733122e+41
1.423500e-14 -4.508724e+20 2.032860e+41
1.425000e-14 -4.842321e+20 2.344807e+41
1.426500e-14 -5.163054e+20 2.665713e+41
1.428000e-14 -5.470144e+20 2.992247e+41
1.429500e-14 -5.762846e+20 3.321040e+41
1.431000e-14 -6.040454e+20 3.648709e+41
1.432500e-14 -6.302301e+20 3.971900e+41
1.434000e-14 -6.547760e+20 4.287316e+41
1.435500e-14 -6.776247e+20 4.591752e+41
1.437000e-14 -6.987222e+20 4.882127e+41
1.438500e-14 -7.180190e+20 5.155513e+41
1.440000e-14 -7.354702e+20 5.409164e+41
1.441500e-14 -7.510356e+20 5.640545e+41
1.443000e-14 -7.646799e+20 5.847354e+41
1.444500e-14 -7.763726e+20 6.027544e+41
1.446000e-14 -7.860882e+20 6.179346e+41
1.447500e-14 -7.938062e+20 6.301283e+41
1.449000e-14 -7.995112e+20 6.392182e+41
1.450500e-14 -8.031930e+20 6.451190e+41
1.452000e-14 -8.048462e+20 6.477774e+41
1.453500e-14 -8.044708e+20 6.471732e+41
1.455000e-14 -8.020717e+20 6.433190e+41
1.456500e-14 -7.976590e+20 6.362599e+41
1.458000e-14 -7.912479e+20 6.260733e+41
1.459500e-14 -7.828584e+20 6.128673e+41
1.461000e-14 -7.725156e+20 5.967804e+41
1.462500e-14 -7.602494e+20 5.779791e+41
1.464000e-14 -7.460944e+20 5.566569e+41
1.465500e-14 -7.300901e+20 5.330315e+41
1.467000e-14 -7.122803e+20 5.073432e+41
1.468500e-14 -6.927135e+20 4.798520e+41
1.470000e-14 -6.714424e+20 4.508349e+41
1.471500e-14 -6.485239e+20 4.205832e+41
1.473000e-14 -6.240189e+20 3.893996e+41
1.474500e-14 -5.979923e+20 3.575948e+41
1.476000e-14 -5.705126e+20 3.254846e+41
1.477500e-14 -5.416517e+20 2.933866e+41
1.479000e-14 -5.114851e+20 2.616170e+41
1.480500e-14 -4.800913e+20 2.304877e+41
1.482000e-14 -4.475518e+20 2.003026e+41
1.483500e-14 -4.139506e+20 1.713551e+41
1.485000e-14 -3.793746e+20 1.439251e+41
1.486500e-14 -3.439125e+20 1.182758e+41
1.488000e-14 -3.076556e+20 9.465195e+40
1.489500e-14 -2.706965e+20 7.327661e+40
1.491000e-14 -2.331298e+20 5.434952e+40
1.492500e-14 -1.950512e+20 3.804499e+40
1.494000e-14 -1.565576e+20 2.451030e+40
1.495500e-14 -1.177468e+20 1.386431e+40
1.497000e-14 -7.871700e+19 6.196366e+39
1.498500e-14 -3.956699e+19 1.565546e+39
