0.000000e+00 nan nan
1.500000e-17 -6.187075e+10 3.827989e+21
3.000000e-17 -1.979662e+12 3.919060e+24
4.500000e-17 -1.503049e+13 2.259157e+26
6.000000e-17 -6.332326e+13 4.009836e+27
7.500000e-17 -1.931880e+14 3.732159e+28
9.000000e-17 -4.805331e+14 2.309121e+29
1.050000e-16 -1.038161e+15 1.077778e+30
1.200000e-16 -2.023028e+15 4.092641e+30
1.350000e-16 -3.643444e+15 1.327468e+31
1.500000e-16 -6.166195e+15 3.802196e+31
1.650000e-16 -9.923581e+15 9.847747e+31
1.800000e-16 -1.532036e+16 2.347134e+32
1.950000e-16 -2.284057e+16 5.216917e+32
2.100000e-16 -3.305428e+16 1.092585e+33
2.250000e-16 -4.662412e+16 2.173809e+33
2.400000e-16 -6.431180e+16 4.136008e+33
2.550000e-16 -8.698436e+16 7.566279e+33
2.700000e-16 -1.156203e+17 1.336806e+34
2.850000e-16 -1.513157e+17 2.289643e+34
3.000000e-16 -1.952896e+17 3.813802e+34
3.150000e-16 -2.488901e+17 6.194629e+34
3.300000e-16 -3.135995e+17 9.834464e+34
3.450000e-16 -3.910393e+17 1.529118e+35
3.600000e-16 -4.829755e+17 2.332654e+35
3.750000e-16 -5.913231e+17 3.496630e+35
3.900000e-16 -7.181504e+17 5.157400e+35
4.050000e-16 -8.656836e+17 7.494082e+35
4.200000e-16 -1.036310e+18 1.073939e+36
4.350000e-16 -1.232584e+18 1.519263e+36
4.500000e-16 -1.457226e+18 2.123506e+36
4.650000e-16 -1.713129e+18 2.934810e+36
4.800000e-16 -2.003361e+18 4.013457e+36
4.950000e-16 -2.331168e+18 5.434343e+36
5.100000e-16 -2.699972e+18 7.289847e+36
5.250000e-16 -3.113377e+18 9.693119e+36
5.400000e-16 -3.575172e+18 1.278185e+37
5.550000e-16 -4.089324e+18 1.672257e+37
5.700000e-16 -4.659988e+18 2.171549e+37
5.850000e-16 -5.291502e+18 2.799999e+37
6.000000e-16 -5.988387e+18 3.586078e+37
6.150000e-16 -6.755351e+18 4.563476e+37
6.300000e-16 -7.597281e+18 5.771868e+37
6.450000e-16 -8.519248e+18 7.257759e+37
6.600000e-16 -9.526503e+18 9.075426e+37
6.750000e-16 -1.062447e+19 1.128795e+38
6.900000e-16 -1.181877e+19 1.396833e+38
7.050000e-16 -1.311516e+19 1.720074e+38
7.200000e-16 -1.451959e+19 2.108186e+38
7.350000e-16 -1.603818e+19 2.572233e+38
7.500000e-16 -1.767720e+19 3.124835e+38
7.650000e-16 -1.944309e+19 3.780336e+38
7.800000e-16 -2.134241e+19 4.554985e+38
7.950000e-16 -2.338191e+19 5.467136e+38
8.100000e-16 -2.556845e+19 6.537455e+38
8.250000e-16 -2.790903e+19 7.789141e+38
8.400000e-16 -3.041080e+19 9.248166e+38
8.550000e-16 -3.308099e+19 1.094352e+39
8.700000e-16 -3.592699e+19 1.290748e+39
8.850000e-16 -3.895625e+19 1.517589e+39
9.000000e-16 -4.217635e+19 1.778844e+39
9.150000e-16 -4.559494e+19 2.078898e+39
9.300000e-16 -4.921976e+19 2.422585e+39
9.450000e-16 -5.305861e+19 2.815216e+39
9.600000e-16 -5.711936e+19 3.262621e+39
9.750000e-16 -6.140992e+19 3.771178e+39
9.900000e-16 -6.593825e+19 4.347852e+39
1.005000e-15 -7.071232e+19 5.000232e+39
1.020000e-15 -7.574014e+19 5.736569e+39
1.035000e-15 -8.102971e+19 6.565814e+39
1.050000e-15 -8.658903e+19 7.497660e+39
1.065000e-15 -9.242608e+19 8.542580e+39
1.080000e-15 -9.854880e+19 9.711867e+39
1.095000e-15 -1.049651e+20 1.101768e+40
1.110000e-15 -1.116829e+20 1.247306e+40
1.125000e-15 -1.187099e+20 1.409203e+40
1.140000e-15 -1.260538e+20 1.588955e+40
1.155000e-15 -1.337222e+20 1.788162e+40
1.170000e-15 -1.417227e+20 2.008531e+40
1.185000e-15 -1.500626e+20 2.251877e+40
1.200000e-15 -1.587491e+20 2.520128e+40
1.215000e-15 -1.677894e+20 2.815328e+40
1.230000e-15 -1.771904e+20 3.139644e+40
1.245000e-15 -1.869589e+20 3.495361e+40
1.260000e-15 -1.971013e+20 3.884894e+40
1.275000e-15 -2.076242e+20 4.310782e+40
1.290000e-15 -2.185337e+20 4.775697e+40
1.305000e-15 -2.298356e+20 5.282441e+40
1.320000e-15 -2.415357e+20 5.833950e+40
1.335000e-15 -2.536394e+20 6.433296e+40
1.350000e-15 -2.661519e+20 7.083684e+40
1.365000e-15 -2.790781e+20 7.788456e+40
1.380000e-15 -2.924225e+20 8.551090e+40
1.395000e-15 -3.061894e+20 9.375197e+40
1.410000e-15 -3.203829e+20 1.026452e+41
1.425000e-15 -3.350066e+20 1.122294e+41
1.440000e-15 -3.500638e+20 1.225447e+41
1.455000e-15 -3.655575e+20 1.336323e+41
1.470000e-15 -3.814902e+20 1.455348e+41
1.485000e-15 -3.978643e+20 1.582960e+41
1.500000e-15 -4.146816e+20 1.719608e+41
1.515000e-15 -4.319436e+20 1.865752e+41
1.530000e-15 -4.496513e+20 2.021863e+41
1.545000e-15 -4.678055e+20 2.188420e+41
1.560000e-15 -4.864065e+20 2.365913e+41
1.575000e-15 -5.054541e+20 2.554838e+41
1.590000e-15 -5.249477e+20 2.755701e+41
1.605000e-15 -5.448865e+20 2.969013e+41
1.620000e-15 -5.652689e+20 3.195290e+41
1.635000e-15 -5.860932e+20 3.435053e+41
1.650000e-15 -6.073571e+20 3.688827e+41
1.665000e-15 -6.290579e+20 3.957138e+41
1.680000e-15 -6.511924e+20 4.240515e+41
1.695000e-15 -6.737570e+20 4.539485e+41
1.710000e-15 -6.967477e+20 4.854573e+41
1.725000e-15 -7.201600e+20 5.186304e+41
1.740000e-15 -7.439889e+20 5.535195e+41
1.755000e-15 -7.682292e+20 5.901761e+41
1.770000e-15 -7.928750e+20 6.286508e+41
1.785000e-15 -8.179201e+20 6.689933e+41
1.800000e-15 -8.433578e+20 7.112524e+41
1.815000e-15 -8.691811e+20 7.554757e+41
1.830000e-15 -8.953823e+20 8.017095e+41
1.845000e-15 -9.219537e+20 8.499986e+41
1.860000e-15 -9.488868e+20 9.003862e+41
1.875000e-15 -9.761730e+20 9.529138e+41
1.890000e-15 -1.003803e+21 1.007621e+42
1.905000e-15 -1.031768e+21 1.064545e+42
1.920000e-15 -1.060057e+21 1.123720e+42
1.935000e-15 -1.088660e+21 1.185181e+42
1.950000e-15 -1.117567e+21 1.248957e+42
1.965000e-15 -1.146767e+21 1.315075e+42
1.980000e-15 -1.176249e+21 1.383561e+42
1.995000e-15 -1.206000e+21 1.454437e+42
2.010000e-15 -1.236010e+21 1.527720e+42
2.025000e-15 -1.266265e+21 1.603428e+42
2.040000e-15 -1.296755e+21 1.681572e+42
2.055000e-15 -1.327465e+21 1.762162e+42
2.070000e-15 -1.358382e+21 1.845203e+42
2.085000e-15 -1.389495e+21 1.930697e+42
2.100000e-15 -1.420789e+21 2.018642e+42
2.115000e-15 -1.452251e+21 2.109033e+42
2.130000e-15 -1.483867e+21 2.201862e+42
2.145000e-15 -1.515623e+21 2.297114e+42
2.160000e-15 -1.547506e+21 2.394774e+42
2.175000e-15 -1.579500e+21 2.494821e+42
2.190000e-15 -1.611592e+21 2.597229e+42
2.205000e-15 -1.643768e+21 2.701972e+42
2.220000e-15 -1.676012e+21 2.809016e+42
2.235000e-15 -1.708311e+21 2.918326e+42
2.250000e-15 -1.740649e+21 3.029861e+42
2.265000e-15 -1.773013e+21 3.143577e+42
2.280000e-15 -1.805388e+21 3.259427e+42
2.295000e-15 -1.837759e+21 3.377360e+42
2.310000e-15 -1.870112e+21 3.497320e+42
2.325000e-15 -1.902433e+21 3.619250e+42
2.340000e-15 -1.934706e+21 3.743086e+42
2.355000e-15 -1.966918e+21 3.868765e+42
2.370000e-15 -1.999054e+21 3.996218e+42
2.385000e-15 -2.031101e+21 4.125372e+42
2.400000e-15 -2.063045e+21 4.256153e+42
2.415000e-15 -2.094871e+21 4.388484e+42
2.430000e-15 -2.126567e+21 4.522285e+42
2.445000e-15 -2.158118e+21 4.657473e+42
2.460000e-15 -2.189512e+21 4.793963e+42
2.475000e-15 -2.220736e+21 4.931667e+42
2.490000e-15 -2.251776e+21 5.070496e+42
2.505000e-15 -2.282621e+21 5.210360e+42
2.520000e-15 -2.313258e+21 5.351164e+42
2.535000e-15 -2.343676e+21 5.492815e+42
2.550000e-15 -2.373861e+21 5.635217e+42
2.565000e-15 -2.403804e+21 5.778273e+42
2.580000e-15 -2.433492e+21 5.921885e+42
2.595000e-15 -2.462916e+21 6.065954e+42
2.610000e-15 -2.492064e+21 6.210382e+42
2.625000e-15 -2.520926e+21 6.355069e+42
2.640000e-15 -2.549493e+21 6.499915e+42
2.655000e-15 -2.577755e+21 6.644821e+42
2.670000e-15 -2.605703e+21 6.789687e+42
2.685000e-15 -2.633328e+21 6.934414e+42
2.700000e-15 -2.660621e+21 7.078903e+42
2.715000e-15 -2.687575e+21 7.223057e+42
2.730000e-15 -2.714181e+21 7.366778e+42
2.745000e-15 -2.740433e+21 7.509971e+42
2.760000e-15 -2.766323e+21 7.652541e+42
2.775000e-15 -2.791844e+21 7.794395e+42
2.790000e-15 -2.816991e+21 7.935440e+42
2.805000e-15 -2.841758e+21 8.075587e+42
2.820000e-15 -2.866138e+21 8.214747e+42
2.835000e-15 -2.890127e+21 8.352834e+42
2.850000e-15 -2.913720e+21 8.489762e+42
2.865000e-15 -2.936912e+21 8.625450e+42
2.880000e-15 -2.959699e+21 8.759817e+42
2.895000e-15 -2.982077e+21 8.892784e+42
2.910000e-15 -3.004043e+21 9.024277e+42
2.925000e-15 -3.025594e+21 9.154222e+42
2.940000e-15 -3.046727e+21 9.282547e+42
2.955000e-15 -3.067439e+21 9.409185e+42
2.970000e-15 -3.087729e+21 9.534070e+42
2.985000e-15 -3.107594e+21 9.657138e+42
3.000000e-15 -3.127032e+21 9.778329e+42
3.015000e-15 -3.146043e+21 9.897584e+42
3.030000e-15 -3.164625e+21 1.001485e+43
3.045000e-15 -3.182777e+21 1.013007e+43
3.060000e-15 -3.200500e+21 1.024320e+43
3.075000e-15 -3.217792e+21 1.035419e+43
3.090000e-15 -3.234654e+21 1.046299e+43
3.105000e-15 -3.251085e+21 1.056956e+43
3.120000e-15 -3.267087e+21 1.067386e+43
3.135000e-15 -3.282659e+21 1.077585e+43
3.150000e-15 -3.297803e+21 1.087551e+43
3.165000e-15 -3.312519e+21 1.097278e+43
3.180000e-15 -3.326809e+21 1.106766e+43
3.195000e-15 -3.340673e+21 1.116009e+43
3.210000e-15 -3.354113e+21 1.125007e+43
3.225000e-15 -3.367130e+21 1.133756e+43
3.240000e-15 -3.379726e+21 1.142255e+43
3.255000e-15 -3.391903e+21 1.150501e+43
3.270000e-15 -3.403662e+21 1.158492e+43
3.285000e-15 -3.415005e+21 1.166226e+43
3.300000e-15 -3.425935e+21 1.173703e+43
3.315000e-15 -3.436452e+21 1.180920e+43
3.330000e-15 -3.446560e+21 1.187877e+43
3.345000e-15 -3.456259e+21 1.194573e+43
3.360000e-15 -3.465552e+21 1.201005e+43
3.375000e-15 -3.474441e+21 1.207174e+43
3.390000e-15 -3.482929e+21 1.213079e+43
3.405000e-15 -3.491016e+21 1.218719e+43
3.420000e-15 -3.498705e+21 1.224094e+43
3.435000e-15 -3.505999e+21 1.229203e+43
3.450000e-15 -3.512898e+21 1.234045e+43
3.465000e-15 -3.519404e+21 1.238621e+43
3.480000e-15 -3.525521e+21 1.242930e+43
3.495000e-15 -3.531248e+21 1.246971e+43
3.510000e-15 -3.536588e+21 1.250746e+43
3.525000e-15 -3.541543e+21 1.254253e+43
3.540000e-15 -3.546114e+21 1.257492e+43
3.555000e-15 -3.550301e+21 1.260464e+43
3.570000e-15 -3.554108e+21 1.263168e+43
3.585000e-15 -3.557534e+21 1.265605e+43
3.600000e-15 -3.560582e+21 1.267774e+43
3.615000e-15 -3.563251e+21 1.269676e+43
3.630000e-15 -3.565543e+21 1.271310e+43
3.645000e-15 -3.567459e+21 1.272676e+43
3.660000e-15 -3.568999e+21 1.273775e+43
3.675000e-15 -3.570163e+21 1.274607e+43
3.690000e-15 -3.570953e+21 1.275171e+43
3.705000e-15 -3.571369e+21 1.275467e+43
3.720000e-15 -3.571410e+21 1.275497e+43
3.735000e-15 -3.571077e+21 1.275259e+43
3.750000e-15 -3.570369e+21 1.274754e+43
3.765000e-15 -3.569287e+21 1.273981e+43
3.780000e-15 -3.567831e+21 1.272942e+43
3.795000e-15 -3.566000e+21 1.271635e+43
3.810000e-15 -3.563792e+21 1.270062e+43
3.825000e-15 -3.561209e+21 1.268221e+43
3.840000e-15 -3.558249e+21 1.266114e+43
3.855000e-15 -3.554912e+21 1.263740e+43
3.870000e-15 -3.551196e+21 1.261099e+43
3.885000e-15 -3.547100e+21 1.258192e+43
3.900000e-15 -3.542624e+21 1.255019e+43
3.915000e-15 -3.537766e+21 1.251579e+43
3.930000e-15 -3.532526e+21 1.247874e+43
3.945000e-15 -3.526901e+21 1.243903e+43
3.960000e-15 -3.520892e+21 1.239668e+43
3.975000e-15 -3.514495e+21 1.235167e+43
3.990000e-15 -3.507710e+21 1.230403e+43
4.005000e-15 -3.500535e+21 1.225375e+43
4.020000e-15 -3.492970e+21 1.220084e+43
4.035000e-15 -3.485011e+21 1.214530e+43
4.050000e-15 -3.476658e+21 1.208715e+43
4.065000e-15 -3.467910e+21 1.202640e+43
4.080000e-15 -3.458764e+21 1.196305e+43
4.095000e-15 -3.449219e+21 1.189711e+43
4.110000e-15 -3.439273e+21 1.182860e+43
4.125000e-15 -3.428926e+21 1.175753e+43
4.140000e-15 -3.418174e+21 1.168392e+43
4.155000e-15 -3.407018e+21 1.160777e+43
4.170000e-15 -3.395455e+21 1.152911e+43
4.185000e-15 -3.383484e+21 1.144796e+43
4.200000e-15 -3.371103e+21 1.136434e+43
4.215000e-15 -3.358312e+21 1.127826e+43
4.230000e-15 -3.345109e+21 1.118975e+43
4.245000e-15 -3.331492e+21 1.109884e+43
4.260000e-15 -3.317461e+21 1.100555e+43
4.275000e-15 -3.303015e+21 1.090991e+43
4.290000e-15 -3.288152e+21 1.081194e+43
4.305000e-15 -3.272872e+21 1.071169e+43
4.320000e-15 -3.257174e+21 1.060918e+43
4.335000e-15 -3.241057e+21 1.050445e+43
4.350000e-15 -3.224521e+21 1.039754e+43
4.365000e-15 -3.207565e+21 1.028848e+43
4.380000e-15 -3.190190e+21 1.017731e+43
4.395000e-15 -3.172394e+21 1.006408e+43
4.410000e-15 -3.154178e+21 9.948836e+42
4.425000e-15 -3.135541e+21 9.831618e+42
4.440000e-15 -3.116484e+21 9.712475e+42
4.455000e-15 -3.097008e+21 9.591459e+42
4.470000e-15 -3.077112e+21 9.468620e+42
4.485000e-15 -3.056798e+21 9.344013e+42
4.500000e-15 -3.036065e+21 9.217693e+42
4.515000e-15 -3.014916e+21 9.089718e+42
4.530000e-15 -2.993350e+21 8.960146e+42
4.545000e-15 -2.971370e+21 8.829039e+42
4.560000e-15 -2.948976e+21 8.696460e+42
4.575000e-15 -2.926170e+21 8.562472e+42
4.590000e-15 -2.902954e+21 8.427143e+42
4.605000e-15 -2.879330e+21 8.290539e+42
4.620000e-15 -2.855299e+21 8.152730e+42
4.635000e-15 -2.830863e+21 8.013787e+42
4.650000e-15 -2.806026e+21 7.873781e+42
4.665000e-15 -2.780789e+21 7.732788e+42
4.680000e-15 -2.755155e+21 7.590881e+42
4.695000e-15 -2.729127e+21 7.448137e+42
4.710000e-15 -2.702709e+21 7.304633e+42
4.725000e-15 -2.675902e+21 7.160449e+42
4.740000e-15 -2.648710e+21 7.015664e+42
4.755000e-15 -2.621137e+21 6.870359e+42
4.770000e-15 -2.593186e+21 6.724616e+42
4.785000e-15 -2.564862e+21 6.578517e+42
4.800000e-15 -2.536168e+21 6.432146e+42
4.815000e-15 -2.507107e+21 6.285587e+42
4.830000e-15 -2.477685e+21 6.138924e+42
4.845000e-15 -2.447906e+21 5.992244e+42
4.860000e-15 -2.417774e+21 5.845631e+42
4.875000e-15 -2.387294e+21 5.699173e+42
4.890000e-15 -2.356471e+21 5.552955e+42
4.905000e-15 -2.325309e+21 5.407064e+42
4.920000e-15 -2.293815e+21 5.261587e+42
4.935000e-15 -2.261993e+21 5.116611e+42
4.950000e-15 -2.229848e+21 4.972223e+42
4.965000e-15 -2.197387e+21 4.828509e+42
4.980000e-15 -2.164614e+21 4.685556e+42
4.995000e-15 -2.131537e+21 4.543449e+42
5.010000e-15 -2.098160e+21 4.402274e+42
5.025000e-15 -2.064490e+21 4.262117e+42
5.040000e-15 -2.030532e+21 4.123062e+42
5.055000e-15 -1.996295e+21 3.985193e+42
5.070000e-15 -1.961783e+21 3.848593e+42
5.085000e-15 -1.927004e+21 3.713344e+42
5.100000e-15 -1.891964e+21 3.579528e+42
5.115000e-15 -1.856670e+21 3.447224e+42
5.130000e-15 -1.821130e+21 3.316513e+42
5.145000e-15 -1.785349e+21 3.187471e+42
5.160000e-15 -1.749336e+21 3.060177e+42
5.175000e-15 -1.713098e+21 2.934704e+42
5.190000e-15 -1.676642e+21 2.811128e+42
5.205000e-15 -1.639975e+21 2.689520e+42
5.220000e-15 -1.603107e+21 2.569951e+42
5.235000e-15 -1.566043e+21 2.452490e+42
5.250000e-15 -1.528792e+21 2.337204e+42
5.265000e-15 -1.491362e+21 2.224160e+42
5.280000e-15 -1.453761e+21 2.113421e+42
5.295000e-15 -1.415997e+21 2.005048e+42
5.310000e-15 -1.378079e+21 1.899101e+42
5.325000e-15 -1.340014e+21 1.795637e+42
5.340000e-15 -1.301811e+21 1.694713e+42
5.355000e-15 -1.263479e+21 1.596380e+42
5.370000e-15 -1.225027e+21 1.500690e+42
5.385000e-15 -1.186462e+21 1.407692e+42
5.400000e-15 -1.147794e+21 1.317431e+42
5.415000e-15 -1.109031e+21 1.229950e+42
5.430000e-15 -1.070183e+21 1.145292e+42
5.445000e-15 -1.031258e+21 1.063494e+42
5.460000e-15 -9.922660e+20 9.845917e+41
5.475000e-15 -9.532153e+20 9.086194e+41
5.490000e-15 -9.141154e+20 8.356071e+41
5.505000e-15 -8.749757e+20 7.655824e+41
5.520000e-15 -8.358053e+20 6.985705e+41
5.535000e-15 -7.966137e+20 6.345934e+41
5.550000e-15 -7.574103e+20 5.736704e+41
5.565000e-15 -7.182047e+20 5.158180e+41
5.580000e-15 -6.790063e+20 4.610495e+41
5.595000e-15 -6.398247e+20 4.093757e+41
5.610000e-15 -6.006697e+20 3.608041e+41
5.625000e-15 -5.615508e+20 3.153393e+41
5.640000e-15 -5.224778e+20 2.729831e+41
5.655000e-15 -4.834605e+20 2.337341e+41
5.670000e-15 -4.445086e+20 1.975879e+41
5.685000e-15 -4.056320e+20 1.645373e+41
5.700000e-15 -3.668405e+20 1.345719e+41
5.715000e-15 -3.281439e+20 1.076784e+41
5.730000e-15 -2.895522e+20 8.384049e+40
5.745000e-15 -2.510753e+20 6.303881e+40
5.760000e-15 -2.127230e+20 4.525109e+40
5.775000e-15 -1.745054e+20 3.045213e+40
5.790000e-15 -1.364323e+20 1.861376e+40
5.805000e-15 -9.851358e+19 9.704926e+39
5.820000e-15 -6.075929e+19 3.691691e+39
5.835000e-15 -2.317929e+19 5.372797e+38
5.850000e-15 1.421649e+19 2.021087e+38
5.865000e-15 5.141818e+19 2.643830e+39
5.880000e-15 8.841590e+19 7.817372e+39
5.895000e-15 1.251998e+20 1.567499e+40
5.910000e-15 1.617601e+20 2.616632e+40
5.925000e-15 1.980869e+20 3.923842e+40
5.940000e-15 2.341705e+20 5.483584e+40
5.955000e-15 2.700013e+20 7.290069e+40
5.970000e-15 3.055695e+20 9.337270e+40
5.985000e-15 3.408655e+20 1.161893e+41
6.000000e-15 3.758797e+20 1.412856e+41
6.015000e-15 4.106028e+20 1.685946e+41
6.030000e-15 4.450251e+20 1.980473e+41
6.045000e-15 4.791373e+20 2.295726e+41
6.060000e-15 5.129302e+20 2.630974e+41
6.075000e-15 5.463944e+20 2.985469e+41
6.090000e-15 5.795209e+20 3.358445e+41
6.105000e-15 6.123006e+20 3.749120e+41
6.120000e-15 6.447245e+20 4.156697e+41
6.135000e-15 6.767837e+20 4.580361e+41
6.150000e-15 7.084694e+20 5.019289e+41
6.165000e-15 7.397729e+20 5.472640e+41
6.180000e-15 7.706857e+20 5.939565e+41
6.195000e-15 8.011993e+20 6.419204e+41
6.210000e-15 8.313054e+20 6.910686e+41
6.225000e-15 8.609956e+20 7.413134e+41
6.240000e-15 8.902619e+20 7.925663e+41
6.255000e-15 9.190963e+20 8.447380e+41
6.270000e-15 9.474909e+20 8.977390e+41
6.285000e-15 9.754380e+20 9.514793e+41
6.300000e-15 1.002930e+21 1.005869e+42
6.315000e-15 1.029959e+21 1.060817e+42
6.330000e-15 1.056519e+21 1.116233e+42
6.345000e-15 1.082602e+21 1.172026e+42
6.360000e-15 1.108200e+21 1.228108e+42
6.375000e-15 1.133308e+21 1.284387e+42
6.390000e-15 1.157918e+21 1.340774e+42
6.405000e-15 1.182024e+21 1.397180e+42
6.420000e-15 1.205619e+21 1.453517e+42
6.435000e-15 1.228698e+21 1.509698e+42
6.450000e-15 1.251254e+21 1.565636e+42
6.465000e-15 1.273281e+21 1.621244e+42
6.480000e-15 1.294774e+21 1.676439e+42
6.495000e-15 1.315727e+21 1.731137e+42
6.510000e-15 1.336135e+21 1.785256e+42
6.525000e-15 1.355992e+21 1.838714e+42
6.540000e-15 1.375294e+21 1.891434e+42
6.555000e-15 1.394036e+21 1.943336e+42
6.570000e-15 1.412213e+21 1.994346e+42
6.585000e-15 1.429821e+21 2.044388e+42
6.600000e-15 1.446855e+21 2.093390e+42
6.615000e-15 1.463312e+21 2.141283e+42
6.630000e-15 1.479188e+21 2.187997e+42
6.645000e-15 1.494478e+21 2.233466e+42
6.660000e-15 1.509181e+21 2.277626e+42
6.675000e-15 1.523291e+21 2.320416e+42
6.690000e-15 1.536807e+21 2.361775e+42
6.705000e-15 1.549725e+21 2.401646e+42
6.720000e-15 1.562042e+21 2.439976e+42
6.735000e-15 1.573757e+21 2.476712e+42
6.750000e-15 1.584867e+21 2.511803e+42
6.765000e-15 1.595370e+21 2.545204e+42
6.780000e-15 1.605263e+21 2.576871e+42
6.795000e-15 1.614547e+21 2.606760e+42
6.810000e-15 1.623218e+21 2.634835e+42
6.825000e-15 1.631275e+21 2.661059e+42
6.840000e-15 1.638719e+21 2.685399e+42
6.855000e-15 1.645547e+21 2.707824e+42
6.870000e-15 1.651759e+21 2.728308e+42
6.885000e-15 1.657355e+21 2.746826e+42
6.900000e-15 1.662335e+21 2.763357e+42
6.915000e-15 1.666698e+21 2.777882e+42
6.930000e-15 1.670445e+21 2.790386e+42
6.945000e-15 1.673576e+21 2.800856e+42
6.960000e-15 1.676092e+21 2.809283e+42
6.975000e-15 1.677993e+21 2.815660e+42
6.990000e-15 1.679281e+21 2.819984e+42
7.005000e-15 1.679956e+21 2.822253e+42
7.020000e-15 1.680021e+21 2.822471e+42
7.035000e-15 1.679477e+21 2.820643e+42
7.050000e-15 1.678325e+21 2.816776e+42
7.065000e-15 1.676568e+21 2.810882e+42
7.080000e-15 1.674208e+21 2.802974e+42
7.095000e-15 1.671248e+21 2.793070e+42
7.110000e-15 1.667690e+21 2.781188e+42
7.125000e-15 1.663536e+21 2.767352e+42
7.140000e-15 1.658790e+21 2.751586e+42
7.155000e-15 1.653456e+21 2.733917e+42
7.170000e-15 1.647536e+21 2.714376e+42
7.185000e-15 1.641035e+21 2.692996e+42
7.200000e-15 1.633956e+21 2.669812e+42
7.215000e-15 1.626303e+21 2.644861e+42
7.230000e-15 1.618080e+21 2.618184e+42
7.245000e-15 1.609293e+21 2.589822e+42
7.260000e-15 1.599944e+21 2.559821e+42
7.275000e-15 1.590040e+21 2.528228e+42
7.290000e-15 1.579585e+21 2.495090e+42
7.305000e-15 1.568585e+21 2.460459e+42
7.320000e-15 1.557045e+21 2.424388e+42
7.335000e-15 1.544970e+21 2.386931e+42
7.350000e-15 1.532366e+21 2.348145e+42
7.365000e-15 1.519239e+21 2.308087e+42
7.380000e-15 1.505595e+21 2.266817e+42
7.395000e-15 1.491441e+21 2.224396e+42
7.410000e-15 1.476783e+21 2.180887e+42
7.425000e-15 1.461627e+21 2.136353e+42
7.440000e-15 1.445981e+21 2.090860e+42
7.455000e-15 1.429851e+21 2.044473e+42
7.470000e-15 1.413244e+21 1.997259e+42
7.485000e-15 1.396168e+21 1.949286e+42
7.500000e-15 1.378631e+21 1.900623e+42
7.515000e-15 1.360639e+21 1.851339e+42
7.530000e-15 1.342201e+21 1.801505e+42
7.545000e-15 1.323325e+21 1.751190e+42
7.560000e-15 1.304019e+21 1.700465e+42
7.575000e-15 1.284290e+21 1.649402e+42
7.590000e-15 1.264149e+21 1.598072e+42
7.605000e-15 1.243602e+21 1.546545e+42
7.620000e-15 1.222658e+21 1.494893e+42
7.635000e-15 1.201328e+21 1.443188e+42
7.650000e-15 1.179618e+21 1.391499e+42
7.665000e-15 1.157540e+21 1.339898e+42
7.680000e-15 1.135101e+21 1.288453e+42
7.695000e-15 1.112311e+21 1.237235e+42
7.710000e-15 1.089180e+21 1.186312e+42
7.725000e-15 1.065717e+21 1.135752e+42
7.740000e-15 1.041932e+21 1.085621e+42
7.755000e-15 1.017834e+21 1.035987e+42
7.770000e-15 9.934346e+20 9.869123e+41
7.785000e-15 9.687426e+20 9.384622e+41
7.800000e-15 9.437684e+20 8.906988e+41
7.815000e-15 9.185222e+20 8.436831e+41
7.830000e-15 8.930144e+20 7.974747e+41
7.845000e-15 8.672553e+20 7.521317e+41
7.860000e-15 8.412554e+20 7.077106e+41
7.875000e-15 8.150253e+20 6.642662e+41
7.890000e-15 7.885756e+20 6.218515e+41
7.905000e-15 7.619170e+20 5.805175e+41
7.920000e-15 7.350603e+20 5.403136e+41
7.935000e-15 7.080163e+20 5.012871e+41
7.950000e-15 6.807959e+20 4.634830e+41
7.965000e-15 6.534100e+20 4.269446e+41
7.980000e-15 6.258696e+20 3.917128e+41
7.995000e-15 5.981858e+20 3.578263e+41
8.010000e-15 5.703697e+20 3.253215e+41
8.025000e-15 5.424322e+20 2.942327e+41
8.040000e-15 5.143845e+20 2.645915e+41
8.055000e-15 4.862379e+20 2.364273e+41
8.070000e-15 4.580034e+20 2.097671e+41
8.085000e-15 4.296923e+20 1.846355e+41
8.100000e-15 4.013158e+20 1.610544e+41
8.115000e-15 3.728850e+20 1.390432e+41
8.130000e-15 3.444112e+20 1.186191e+41
8.145000e-15 3.159055e+20 9.979630e+40
8.160000e-15 2.873792e+20 8.258682e+40
8.175000e-15 2.588435e+20 6.699995e+40
8.190000e-15 2.303095e+20 5.304245e+40
8.205000e-15 2.017883e+20 4.071851e+40
8.220000e-15 1.732911e+20 3.002980e+40
8.235000e-15 1.448289e+20 2.097542e+40
8.250000e-15 1.164129e+20 1.355196e+40
8.265000e-15 8.805393e+19 7.753495e+39
8.280000e-15 5.976308e+19 3.571625e+39
8.295000e-15 3.155121e+19 9.954791e+38
8.310000e-15 3.429212e+18 1.175949e+37
8.325000e-15 -2.459212e+19 6.047725e+38
8.340000e-15 -5.250205e+19 2.756465e+39
8.355000e-15 -8.028988e+19 6.446465e+39
8.370000e-15 -1.079450e+20 1.165213e+40
8.385000e-15 -1.354569e+20 1.834857e+40
8.400000e-15 -1.628151e+20 2.650876e+40
8.415000e-15 -1.900092e+20 3.610351e+40
8.430000e-15 -2.170290e+20 4.710159e+40
8.445000e-15 -2.438642e+20 5.946976e+40
8.460000e-15 -2.705048e+20 7.317283e+40
8.475000e-15 -2.969406e+20 8.817374e+40
8.490000e-15 -3.231619e+20 1.044336e+41
8.505000e-15 -3.491588e+20 1.219119e+41
8.520000e-15 -3.749217e+20 1.405663e+41
8.535000e-15 -4.004409e+20 1.603529e+41
8.550000e-15 -4.257069e+20 1.812264e+41
8.565000e-15 -4.507105e+20 2.031400e+41
8.580000e-15 -4.754424e+20 2.260455e+41
8.595000e-15 -4.998935e+20 2.498935e+41
8.610000e-15 -5.240549e+20 2.746335e+41
8.625000e-15 -5.479176e+20 3.002137e+41
8.640000e-15 -5.714731e+20 3.265815e+41
8.655000e-15 -5.947126e+20 3.536831e+41
8.670000e-15 -6.176279e+20 3.814643e+41
8.685000e-15 -6.402107e+20 4.098697e+41
8.700000e-15 -6.624527e+20 4.388436e+41
8.715000e-15 -6.843461e+20 4.683296e+41
8.730000e-15 -7.058830e+20 4.982708e+41
8.745000e-15 -7.270557e+20 5.286100e+41
8.760000e-15 -7.478567e+20 5.592897e+41
8.775000e-15 -7.682787e+20 5.902522e+41
8.790000e-15 -7.883145e+20 6.214397e+41
8.805000e-15 -8.079570e+20 6.527945e+41
8.820000e-15 -8.271995e+20 6.842589e+41
8.835000e-15 -8.460351e+20 7.157754e+41
8.850000e-15 -8.644575e+20 7.472868e+41
8.865000e-15 -8.824603e+20 7.787361e+41
8.880000e-15 -9.000373e+20 8.100671e+41
8.895000e-15 -9.171825e+20 8.412238e+41
8.910000e-15 -9.338902e+20 8.721510e+41
8.925000e-15 -9.501548e+20 9.027942e+41
8.940000e-15 -9.659708e+20 9.330996e+41
8.955000e-15 -9.813330e+20 9.630145e+41
8.970000e-15 -9.962364e+20 9.924869e+41
8.985000e-15 -1.010676e+21 1.021466e+42
9.000000e-15 -1.024647e+21 1.049902e+42
9.015000e-15 -1.038146e+21 1.077747e+42
9.030000e-15 -1.051167e+21 1.104952e+42
9.045000e-15 -1.063707e+21 1.131473e+42
9.060000e-15 -1.075763e+21 1.157265e+42
9.075000e-15 -1.087329e+21 1.182285e+42
9.090000e-15 -1.098403e+21 1.206490e+42
9.105000e-15 -1.108982e+21 1.229842e+42
9.120000e-15 -1.119063e+21 1.252302e+42
9.135000e-15 -1.128642e+21 1.273833e+42
9.150000e-15 -1.137717e+21 1.294401e+42
9.165000e-15 -1.146286e+21 1.313972e+42
9.180000e-15 -1.154346e+21 1.332515e+42
9.195000e-15 -1.161896e+21 1.350002e+42
9.210000e-15 -1.168933e+21 1.366404e+42
9.225000e-15 -1.175456e+21 1.381697e+42
9.240000e-15 -1.181464e+21 1.395857e+42
9.255000e-15 -1.186955e+21 1.408862e+42
9.270000e-15 -1.191928e+21 1.420694e+42
9.285000e-15 -1.196384e+21 1.431334e+42
9.300000e-15 -1.200320e+21 1.440769e+42
9.315000e-15 -1.203738e+21 1.448985e+42
9.330000e-15 -1.206636e+21 1.455971e+42
9.345000e-15 -1.209015e+21 1.461718e+42
9.360000e-15 -1.210876e+21 1.466220e+42
9.375000e-15 -1.212218e+21 1.469473e+42
9.390000e-15 -1.213043e+21 1.471473e+42
9.405000e-15 -1.213351e+21 1.472222e+42
9.420000e-15 -1.213145e+21 1.471720e+42
9.435000e-15 -1.212424e+21 1.469971e+42
9.450000e-15 -1.211191e+21 1.466983e+42
9.465000e-15 -1.209447e+21 1.462762e+42
9.480000e-15 -1.207195e+21 1.457320e+42
9.495000e-15 -1.204437e+21 1.450669e+42
9.510000e-15 -1.201175e+21 1.442822e+42
9.525000e-15 -1.197412e+21 1.433796e+42
9.540000e-15 -1.193151e+21 1.423610e+42
9.555000e-15 -1.188395e+21 1.412282e+42
9.570000e-15 -1.183146e+21 1.399836e+42
9.585000e-15 -1.177410e+21 1.386294e+42
9.600000e-15 -1.171188e+21 1.371682e+42
9.615000e-15 -1.164486e+21 1.356027e+42
9.630000e-15 -1.157307e+21 1.339359e+42
9.645000e-15 -1.149655e+21 1.321706e+42
9.660000e-15 -1.141535e+21 1.303101e+42
9.675000e-15 -1.132951e+21 1.283578e+42
9.690000e-15 -1.123909e+21 1.263171e+42
9.705000e-15 -1.114413e+21 1.241916e+42
9.720000e-15 -1.104468e+21 1.219850e+42
9.735000e-15 -1.094081e+21 1.197013e+42
9.750000e-15 -1.083255e+21 1.173442e+42
9.765000e-15 -1.071998e+21 1.149180e+42
9.780000e-15 -1.060315e+21 1.124268e+42
9.795000e-15 -1.048212e+21 1.098749e+42
9.810000e-15 -1.035695e+21 1.072665e+42
9.825000e-15 -1.022771e+21 1.046061e+42
9.840000e-15 -1.009446e+21 1.018982e+42
9.855000e-15 -9.957274e+20 9.914731e+41
9.870000e-15 -9.816213e+20 9.635804e+41
9.885000e-15 -9.671350e+20 9.353500e+41
9.900000e-15 -9.522756e+20 9.068288e+41
9.915000e-15 -9.370505e+20 8.780636e+41
9.930000e-15 -9.214671e+20 8.491016e+41
9.945000e-15 -9.055330e+20 8.199900e+41
9.960000e-15 -8.892559e+20 7.907760e+41
9.975000e-15 -8.726436e+20 7.615068e+41
9.990000e-15 -8.557041e+20 7.322295e+41
1.000500e-14 -8.384455e+20 7.029909e+41
1.002000e-14 -8.208760e+20 6.738375e+41
1.003500e-14 -8.030040e+20 6.448154e+41
1.005000e-14 -7.848377e+20 6.159703e+41
1.006500e-14 -7.663859e+20 5.873473e+41
1.008000e-14 -7.476571e+20 5.589911e+41
1.009500e-14 -7.286600e+20 5.309454e+41
1.011000e-14 -7.094035e+20 5.032534e+41
1.012500e-14 -6.898966e+20 4.759573e+41
1.014000e-14 -6.701481e+20 4.490985e+41
1.015500e-14 -6.501673e+20 4.227175e+41
1.017000e-14 -6.299633e+20 3.968537e+41
1.018500e-14 -6.095453e+20 3.715455e+41
1.020000e-14 -5.889226e+20 3.468299e+41
1.021500e-14 -5.681047e+20 3.227430e+41
1.023000e-14 -5.471010e+20 2.993195e+41
1.024500e-14 -5.259209e+20 2.765928e+41
1.026000e-14 -5.045741e+20 2.545950e+41
1.027500e-14 -4.830700e+20 2.333567e+41
1.029000e-14 -4.614185e+20 2.129070e+41
1.030500e-14 -4.396291e+20 1.932738e+41
1.032000e-14 -4.177116e+20 1.744830e+41
1.033500e-14 -3.956758e+20 1.565594e+41
1.035000e-14 -3.735314e+20 1.395257e+41
1.036500e-14 -3.512883e+20 1.234035e+41
1.038000e-14 -3.289563e+20 1.082122e+41
1.039500e-14 -3.065452e+20 9.396995e+40
1.041000e-14 -2.840649e+20 8.069287e+40
1.042500e-14 -2.615253e+20 6.839547e+40
1.044000e-14 -2.389362e+20 5.709051e+40
1.045500e-14 -2.163075e+20 4.678895e+40
1.047000e-14 -1.936492e+20 3.750000e+40
1.048500e-14 -1.709709e+20 2.923106e+40
1.050000e-14 -1.482827e+20 2.198776e+40
1.051500e-14 -1.255943e+20 1.577392e+40
1.053000e-14 -1.029155e+20 1.059160e+40
1.054500e-14 -8.025617e+19 6.441052e+39
1.056000e-14 -5.762600e+19 3.320756e+39
1.057500e-14 -3.503474e+19 1.227433e+39
1.059000e-14 -1.249207e+19 1.560519e+38
1.060500e-14 9.992346e+18 9.984698e+37
1.062000e-14 3.240892e+19 1.050338e+39
1.063500e-14 5.474808e+19 2.997352e+39
1.065000e-14 7.700034e+19 5.929052e+39
1.066500e-14 9.915623e+19 9.831958e+39
1.068000e-14 1.212064e+20 1.469099e+40
1.069500e-14 1.431415e+20 2.048948e+40
1.071000e-14 1.649522e+20 2.720923e+40
1.072500e-14 1.866294e+20 3.483054e+40
1.074000e-14 2.081640e+20 4.333226e+40
1.075500e-14 2.295470e+20 5.269181e+40
1.077000e-14 2.507693e+20 6.288523e+40
1.078500e-14 2.718221e+20 7.388727e+40
1.080000e-14 2.926967e+20 8.567136e+40
1.081500e-14 3.133843e+20 9.820975e+40
1.083000e-14 3.338765e+20 1.114735e+41
1.084500e-14 3.541646e+20 1.254325e+41
1.086000e-14 3.742403e+20 1.400558e+41
1.087500e-14 3.940953e+20 1.553111e+41
1.089000e-14 4.137215e+20 1.711654e+41
1.090500e-14 4.331107e+20 1.875849e+41
1.092000e-14 4.522552e+20 2.045348e+41
1.093500e-14 4.711470e+20 2.219795e+41
1.095000e-14 4.897785e+20 2.398829e+41
1.096500e-14 5.081420e+20 2.582083e+41
1.098000e-14 5.262303e+20 2.769183e+41
1.099500e-14 5.440358e+20 2.959750e+41
1.101000e-14 5.615516e+20 3.153402e+41
1.102500e-14 5.787705e+20 3.349753e+41
1.104000e-14 5.956857e+20 3.548415e+41
1.105500e-14 6.122905e+20 3.748996e+41
1.107000e-14 6.285782e+20 3.951105e+41
1.108500e-14 6.445424e+20 4.154349e+41
1.110000e-14 6.601767e+20 4.358333e+41
1.111500e-14 6.754752e+20 4.562668e+41
1.113000e-14 6.904318e+20 4.766960e+41
1.114500e-14 7.050406e+20 4.970823e+41
1.116000e-14 7.192961e+20 5.173869e+41
1.117500e-14 7.331927e+20 5.375715e+41
1.119000e-14 7.467251e+20 5.575984e+41
1.120500e-14 7.598883e+20 5.774302e+41
1.122000e-14 7.726771e+20 5.970298e+41
1.123500e-14 7.850868e+20 6.163612e+41
1.125000e-14 7.971127e+20 6.353887e+41
1.126500e-14 8.087505e+20 6.540774e+41
1.128000e-14 8.199959e+20 6.723932e+41
1.129500e-14 8.308447e+20 6.903029e+41
1.131000e-14 8.412930e+20 7.077740e+41
1.132500e-14 8.513373e+20 7.247751e+41
1.134000e-14 8.609738e+20 7.412759e+41
1.135500e-14 8.701993e+20 7.572468e+41
1.137000e-14 8.790106e+20 7.726596e+41
1.138500e-14 8.874047e+20 7.874872e+41
1.140000e-14 8.953790e+20 8.017035e+41
1.141500e-14 9.029307e+20 8.152839e+41
1.143000e-14 9.100575e+20 8.282047e+41
1.144500e-14 9.167573e+20 8.404439e+41
1.146000e-14 9.230279e+20 8.519806e+41
1.147500e-14 9.288677e+20 8.627952e+41
1.149000e-14 9.342750e+20 8.728697e+41
1.150500e-14 9.392483e+20 8.821874e+41
1.152000e-14 9.437866e+20 8.907331e+41
1.153500e-14 9.478887e+20 8.984929e+41
1.155000e-14 9.515538e+20 9.054546e+41
1.156500e-14 9.547813e+20 9.116074e+41
1.158000e-14 9.575709e+20 9.169420e+41
1.159500e-14 9.599221e+20 9.214505e+41
1.161000e-14 9.618351e+20 9.251269e+41
1.162500e-14 9.633100e+20 9.279662e+41
1.164000e-14 9.643472e+20 9.299655e+41
1.165500e-14 9.649471e+20 9.311229e+41
1.167000e-14 9.651106e+20 9.314384e+41
1.168500e-14 9.648385e+20 9.309134e+41
1.170000e-14 9.641321e+20 9.295507e+41
1.171500e-14 9.629926e+20 9.273548e+41
1.173000e-14 9.614216e+20 9.243316e+41
1.174500e-14 9.594208e+20 9.204883e+41
1.176000e-14 9.569920e+20 9.158337e+41
1.177500e-14 9.541374e+20 9.103782e+41
1.179000e-14 9.508592e+20 9.041332e+41
1.180500e-14 9.471599e+20 8.971118e+41
1.182000e-14 9.430421e+20 8.893283e+41
1.183500e-14 9.385086e+20 8.807984e+41
1.185000e-14 9.335624e+20 8.715388e+41
1.186500e-14 9.282068e+20 8.615678e+41
1.188000e-14 9.224450e+20 8.509047e+41
1.189500e-14 9.162805e+20 8.395700e+41
1.191000e-14 9.097172e+20 8.275854e+41
1.192500e-14 9.027588e+20 8.149735e+41
1.194000e-14 8.954094e+20 8.017580e+41
1.195500e-14 8.876732e+20 7.879636e+41
1.197000e-14 8.795545e+20 7.736161e+41
1.198500e-14 8.710579e+20 7.587418e+41
1.200000e-14 8.621880e+20 7.433682e+41
1.201500e-14 8.529498e+20 7.275233e+41
1.203000e-14 8.433481e+20 7.112360e+41
1.204500e-14 8.333882e+20 6.945359e+41
1.206000e-14 8.230753e+20 6.774529e+41
1.207500e-14 8.124149e+20 6.600180e+41
1.209000e-14 8.014126e+20 6.422621e+41
1.210500e-14 7.900740e+20 6.242169e+41
1.212000e-14 7.784051e+20 6.059145e+41
1.213500e-14 7.664118e+20 5.873870e+41
1.215000e-14 7.541003e+20 5.686672e+41
1.216500e-14 7.414768e+20 5.497879e+41
1.218000e-14 7.285477e+20 5.307818e+41
1.219500e-14 7.153196e+20 5.116821e+41
1.221000e-14 7.017989e+20 4.925217e+41
1.222500e-14 6.879926e+20 4.733338e+41
1.224000e-14 6.739074e+20 4.541511e+41
1.225500e-14 6.595502e+20 4.350065e+41
1.227000e-14 6.449283e+20 4.159325e+41
1.228500e-14 6.300486e+20 3.969613e+41
1.230000e-14 6.149186e+20 3.781249e+41
1.231500e-14 5.995456e+20 3.594550e+41
1.233000e-14 5.839371e+20 3.409825e+41
1.234500e-14 5.681005e+20 3.227382e+41
1.236000e-14 5.520436e+20 3.047522e+41
1.237500e-14 5.357741e+20 2.870539e+41
1.239000e-14 5.192998e+20 2.696722e+41
1.240500e-14 5.026285e+20 2.526354e+41
1.242000e-14 4.857682e+20 2.359708e+41
1.243500e-14 4.687270e+20 2.197050e+41
1.245000e-14 4.515129e+20 2.038639e+41
1.246500e-14 4.341342e+20 1.884725e+41
1.248000e-14 4.165989e+20 1.735546e+41
1.249500e-14 3.989153e+20 1.591334e+41
1.251000e-14 3.810919e+20 1.452310e+41
1.252500e-14 3.631368e+20 1.318684e+41
1.254000e-14 3.450587e+20 1.190655e+41
1.255500e-14 3.268658e+20 1.068412e+41
1.257000e-14 3.085667e+20 9.521339e+40
1.258500e-14 2.901698e+20 8.419854e+40
1.260000e-14 2.716839e+20 7.381212e+40
1.261500e-14 2.531173e+20 6.406836e+40
1.263000e-14 2.344787e+20 5.498026e+40
1.264500e-14 2.157767e+20 4.655959e+40
1.266000e-14 1.970200e+20 3.881687e+40
1.267500e-14 1.782171e+20 3.176132e+40
1.269000e-14 1.593767e+20 2.540092e+40
1.270500e-14 1.405074e+20 1.974233e+40
1.272000e-14 1.216179e+20 1.479091e+40
1.273500e-14 1.027168e+20 1.055074e+40
1.275000e-14 8.381269e+19 7.024567e+39
1.276500e-14 6.491424e+19 4.213858e+39
1.278000e-14 4.603001e+19 2.118762e+39
1.279500e-14 2.716857e+19 7.381313e+38
1.281000e-14 8.338475e+18 6.953016e+37
1.282500e-14 -1.045177e+19 1.092394e+38
1.284000e-14 -2.919366e+19 8.522700e+38
1.285500e-14 -4.787877e+19 2.292377e+39
1.287000e-14 -6.649868e+19 4.422075e+39
1.288500e-14 -8.504503e+19 7.232657e+39
1.290000e-14 -1.035095e+20 1.071422e+40
1.291500e-14 -1.218838e+20 1.485566e+40
1.293000e-14 -1.401598e+20 1.964476e+40
1.294500e-14 -1.583292e+20 2.506815e+40
1.296000e-14 -1.763841e+20 3.111135e+40
1.297500e-14 -1.943163e+20 3.775884e+40
1.299000e-14 -2.121180e+20 4.499405e+40
1.300500e-14 -2.297812e+20 5.279940e+40
1.302000e-14 -2.472982e+20 6.115638e+40
1.303500e-14 -2.646611e+20 7.004552e+40
1.305000e-14 -2.818625e+20 7.944646e+40
1.306500e-14 -2.988947e+20 8.933803e+40
1.308000e-14 -3.157502e+20 9.969821e+40
1.309500e-14 -3.324218e+20 1.105042e+41
1.311000e-14 -3.489021e+20 1.217327e+41
1.312500e-14 -3.651839e+20 1.333593e+41
1.314000e-14 -3.812603e+20 1.453594e+41
1.315500e-14 -3.971242e+20 1.577076e+41
1.317000e-14 -4.127688e+20 1.703780e+41
1.318500e-14 -4.281873e+20 1.833444e+41
1.320000e-14 -4.433732e+20 1.965798e+41
1.321500e-14 -4.583199e+20 2.100572e+41
1.323000e-14 -4.730212e+20 2.237490e+41
1.324500e-14 -4.874706e+20 2.376276e+41
1.326000e-14 -5.016621e+20 2.516649e+41
1.327500e-14 -5.155897e+20 2.658327e+41
1.329000e-14 -5.292476e+20 2.801030e+41
1.330500e-14 -5.426299e+20 2.944472e+41
1.332000e-14 -5.557312e+20 3.088372e+41
1.333500e-14 -5.685460e+20 3.232445e+41
1.335000e-14 -5.810689e+20 3.376411e+41
1.336500e-14 -5.932949e+20 3.519988e+41
1.338000e-14 -6.052188e+20 3.662898e+41
1.339500e-14 -6.168359e+20 3.804865e+41
1.341000e-14 -6.281414e+20 3.945616e+41
1.342500e-14 -6.391308e+20 4.084881e+41
1.344000e-14 -6.497996e+20 4.222395e+41
1.345500e-14 -6.601436e+20 4.357896e+41
1.347000e-14 -6.701588e+20 4.491128e+41
1.348500e-14 -6.798411e+20 4.621839e+41
1.350000e-14 -6.891868e+20 4.749785e+41
1.351500e-14 -6.981924e+20 4.874726e+41
1.353000e-14 -7.068543e+20 4.996430e+41
1.354500e-14 -7.151693e+20 5.114672e+41
1.356000e-14 -7.231343e+20 5.229232e+41
1.357500e-14 -7.307463e+20 5.339902e+41
1.359000e-14 -7.380026e+20 5.446478e+41
1.360500e-14 -7.449005e+20 5.548768e+41
1.362000e-14 -7.514377e+20 5.646586e+41
1.363500e-14 -7.576118e+20 5.739756e+41
1.365000e-14 -7.634207e+20 5.828112e+41
1.366500e-14 -7.688626e+20 5.911497e+41
1.368000e-14 -7.739357e+20 5.989764e+41
1.369500e-14 -7.786384e+20 6.062777e+41
1.371000e-14 -7.829692e+20 6.130408e+41
1.372500e-14 -7.869271e+20 6.192543e+41
1.374000e-14 -7.905109e+20 6.249075e+41
1.375500e-14 -7.937198e+20 6.299911e+41
1.377000e-14 -7.965530e+20 6.344966e+41
1.378500e-14 -7.990100e+20 6.384169e+41
1.380000e-14 -8.010904e+20 6.417459e+41
1.381500e-14 -8.027941e+20 6.444784e+41
1.383000e-14 -8.041211e+20 6.466107e+41
1.384500e-14 -8.050715e+20 6.481401e+41
1.386000e-14 -8.056456e+20 6.490648e+41
1.387500e-14 -8.058439e+20 6.493844e+41
1.389000e-14 -8.056672e+20 6.490996e+41
1.390500e-14 -8.051162e+20 6.482122e+41
1.392000e-14 -8.041921e+20 6.467249e+41
1.393500e-14 -8.028958e+20 6.446417e+41
1.395000e-14 -8.012289e+20 6.419678e+41
1.396500e-14 -7.991929e+20 6.387092e+41
1.398000e-14 -7.967893e+20 6.348732e+41
1.399500e-14 -7.940201e+20 6.304680e+41
1.401000e-14 -7.908873e+20 6.255028e+41
1.402500e-14 -7.873931e+20 6.199878e+41
1.404000e-14 -7.835397e+20 6.139345e+41
1.405500e-14 -7.793297e+20 6.073549e+41
1.407000e-14 -7.747658e+20 6.002621e+41
1.408500e-14 -7.698508e+20 5.926702e+41
1.410000e-14 -7.645875e+20 5.845941e+41
1.411500e-14 -7.589792e+20 5.760495e+41
1.413000e-14 -7.530291e+20 5.670529e+41
1.414500e-14 -7.467407e+20 5.576217e+41
1.416000e-14 -7.401175e+20 5.477739e+41
1.417500e-14 -7.331632e+20 5.375283e+41
1.419000e-14 -7.258817e+20 5.269043e+41
1.420500e-14 -7.182771e+20 5.159219e+41
1.422000e-14 -7.103533e+20 5.046019e+41
1.423500e-14 -7.021149e+20 4.929653e+41
1.425000e-14 -6.935661e+20 4.810339e+41
1.426500e-14 -6.847115e+20 4.688298e+41
1.428000e-14 -6.755558e+20 4.563757e+41
1.429500e-14 -6.661039e+20 4.436944e+41
1.431000e-14 -6.563607e+20 4.308093e+41
1.432500e-14 -6.463312e+20 4.177440e+41
1.434000e-14 -6.360207e+20 4.045223e+41
1.435500e-14 -6.254345e+20 3.911683e+41
1.437000e-14 -6.145780e+20 3.777061e+41
1.438500e-14 -6.034567e+20 3.641600e+41
1.440000e-14 -5.920764e+20 3.505545e+41
1.441500e-14 -5.804428e+20 3.369138e+41
1.443000e-14 -5.685618e+20 3.232625e+41
1.444500e-14 -5.564394e+20 3.096248e+41
1.446000e-14 -5.440816e+20 2.960248e+41
1.447500e-14 -5.314947e+20 2.824866e+41
1.449000e-14 -5.186849e+20 2.690340e+41
1.450500e-14 -5.056586e+20 2.556907e+41
1.452000e-14 -4.924224e+20 2.424798e+41
1.453500e-14 -4.789826e+20 2.294243e+41
1.455000e-14 -4.653460e+20 2.165469e+41
1.456500e-14 -4.515193e+20 2.038697e+41
1.458000e-14 -4.375093e+20 1.914144e+41
1.459500e-14 -4.233229e+20 1.792023e+41
1.461000e-14 -4.089669e+20 1.672539e+41
1.462500e-14 -3.944485e+20 1.555896e+41
1.464000e-14 -3.797746e+20 1.442287e+41
1.465500e-14 -3.649524e+20 1.331903e+41
1.467000e-14 -3.499892e+20 1.224924e+41
1.468500e-14 -3.348921e+20 1.121527e+41
1.470000e-14 -3.196684e+20 1.021879e+41
1.471500e-14 -3.043256e+20 9.261406e+40
1.473000e-14 -2.888709e+20 8.344640e+40
1.474500e-14 -2.733119e+20 7.469937e+40
1.476000e-14 -2.576559e+20 6.638656e+40
1.477500e-14 -2.419105e+20 5.852070e+40
1.479000e-14 -2.260833e+20 5.111364e+40
1.480500e-14 -2.101817e+20 4.417634e+40
1.482000e-14 -1.942133e+20 3.771882e+40
1.483500e-14 -1.781858e+20 3.175020e+40
1.485000e-14 -1.621068e+20 2.627862e+40
1.486500e-14 -1.459839e+20 2.131130e+40
1.488000e-14 -1.298247e+20 1.685445e+40
1.489500e-14 -1.136368e+20 1.291333e+40
1.491000e-14 -9.742798e+19 9.492212e+39
1.492500e-14 -8.120577e+19 6.594377e+39
1.494000e-14 -6.497783e+19 4.222118e+39
1.495500e-14 -4.875177e+19 2.376736e+39
1.497000e-14 -3.253521e+19 1.058540e+39
1.498500e-14 -1.633574e+19 2.668563e+38
