0.000000e+00 nan nan
1.500000e-17 -3.933666e+11 1.547373e+23
3.000000e-17 -1.258530e+13 1.583898e+26
4.500000e-17 -9.553887e+13 9.127675e+27
6.000000e-17 -4.024186e+14 1.619407e+29
7.500000e-17 -1.227373e+15 1.506444e+30
9.000000e-17 -3.051933e+15 9.314295e+30
1.050000e-16 -6.590908e+15 4.344006e+31
1.200000e-16 -1.283764e+16 1.648050e+32
1.350000e-16 -2.310850e+16 5.340028e+32
1.500000e-16 -3.908652e+16 1.527756e+33
1.650000e-16 -6.286399e+16 3.951882e+33
1.800000e-16 -9.698396e+16 9.405888e+33
1.950000e-16 -1.444805e+17 2.087460e+34
2.100000e-16 -2.089174e+17 4.364648e+34
2.250000e-16 -2.944260e+17 8.668665e+34
2.400000e-16 -4.057405e+17 1.646254e+35
2.550000e-16 -5.482325e+17 3.005589e+35
2.700000e-16 -7.279430e+17 5.299010e+35
2.850000e-16 -9.516130e+17 9.055673e+35
3.000000e-16 -1.226712e+18 1.504822e+36
3.150000e-16 -1.561463e+18 2.438167e+36
3.300000e-16 -1.964870e+18 3.860713e+36
3.450000e-16 -2.446734e+18 5.986510e+36
3.600000e-16 -3.017680e+18 9.106394e+36
3.750000e-16 -3.689166e+18 1.360995e+37
3.900000e-16 -4.473504e+18 2.001224e+37
4.050000e-16 -5.383866e+18 2.898601e+37
4.200000e-16 -6.434299e+18 4.140020e+37
4.350000e-16 -7.639726e+18 5.836541e+37
4.500000e-16 -9.015952e+18 8.128740e+37
4.650000e-16 -1.057967e+19 1.119294e+38
4.800000e-16 -1.234844e+19 1.524839e+38
4.950000e-16 -1.434071e+19 2.056559e+38
5.100000e-16 -1.657579e+19 2.747568e+38
5.250000e-16 -1.907385e+19 3.638117e+38
5.400000e-16 -2.185589e+19 4.776799e+38
5.550000e-16 -2.494374e+19 6.221903e+38
5.700000e-16 -2.836005e+19 8.042923e+38
5.850000e-16 -3.212822e+19 1.032222e+39
6.000000e-16 -3.627242e+19 1.315689e+39
6.150000e-16 -4.081755e+19 1.666073e+39
6.300000e-16 -4.578920e+19 2.096651e+39
6.450000e-16 -5.121360e+19 2.622833e+39
6.600000e-16 -5.711761e+19 3.262421e+39
6.750000e-16 -6.352867e+19 4.035892e+39
6.900000e-16 -7.047474e+19 4.966689e+39
7.050000e-16 -7.798428e+19 6.081547e+39
7.200000e-16 -8.608616e+19 7.410828e+39
7.350000e-16 -9.480967e+19 8.988873e+39
7.500000e-16 -1.041844e+20 1.085438e+40
7.650000e-16 -1.142402e+20 1.305082e+40
7.800000e-16 -1.250071e+20 1.562677e+40
7.950000e-16 -1.365154e+20 1.863645e+40
8.100000e-16 -1.487953e+20 2.214005e+40
8.250000e-16 -1.618772e+20 2.620424e+40
8.400000e-16 -1.757914e+20 3.090261e+40
8.550000e-16 -1.905679e+20 3.631611e+40
8.700000e-16 -2.062367e+20 4.253356e+40
8.850000e-16 -2.228274e+20 4.965204e+40
9.000000e-16 -2.403694e+20 5.777744e+40
9.150000e-16 -2.588915e+20 6.702483e+40
9.300000e-16 -2.784222e+20 7.751895e+40
9.450000e-16 -2.989893e+20 8.939460e+40
9.600000e-16 -3.206198e+20 1.027971e+41
9.750000e-16 -3.433403e+20 1.178826e+41
9.900000e-16 -3.671762e+20 1.348184e+41
1.005000e-15 -3.921524e+20 1.537835e+41
1.020000e-15 -4.182924e+20 1.749685e+41
1.035000e-15 -4.456189e+20 1.985762e+41
1.050000e-15 -4.741534e+20 2.248215e+41
1.065000e-15 -5.039163e+20 2.539316e+41
1.080000e-15 -5.349264e+20 2.861462e+41
1.095000e-15 -5.672014e+20 3.217174e+41
1.110000e-15 -6.007573e+20 3.609094e+41
1.125000e-15 -6.356089e+20 4.039987e+41
1.140000e-15 -6.717691e+20 4.512738e+41
1.155000e-15 -7.092493e+20 5.030345e+41
1.170000e-15 -7.480590e+20 5.595922e+41
1.185000e-15 -7.882059e+20 6.212686e+41
1.200000e-15 -8.296961e+20 6.883956e+41
1.215000e-15 -8.725334e+20 7.613145e+41
1.230000e-15 -9.167197e+20 8.403751e+41
1.245000e-15 -9.622550e+20 9.259348e+41
1.260000e-15 -1.009137e+21 1.018358e+42
1.275000e-15 -1.057361e+21 1.118013e+42
1.290000e-15 -1.106922e+21 1.225275e+42
1.305000e-15 -1.157809e+21 1.340521e+42
1.320000e-15 -1.210011e+21 1.464127e+42
1.335000e-15 -1.263516e+21 1.596474e+42
1.350000e-15 -1.318308e+21 1.737935e+42
1.365000e-15 -1.374367e+21 1.888886e+42
1.380000e-15 -1.431675e+21 2.049692e+42
1.395000e-15 -1.490206e+21 2.220715e+42
1.410000e-15 -1.549937e+21 2.402305e+42
1.425000e-15 -1.610839e+21 2.594801e+42
1.440000e-15 -1.672881e+21 2.798531e+42
1.455000e-15 -1.736031e+21 3.013805e+42
1.470000e-15 -1.800254e+21 3.240914e+42
1.485000e-15 -1.865511e+21 3.480132e+42
1.500000e-15 -1.931763e+21 3.731709e+42
1.515000e-15 -1.998967e+21 3.995869e+42
1.530000e-15 -2.067078e+21 4.272811e+42
1.545000e-15 -2.136049e+21 4.562704e+42
1.560000e-15 -2.205830e+21 4.865684e+42
1.575000e-15 -2.276369e+21 5.181854e+42
1.590000e-15 -2.347612e+21 5.511282e+42
1.605000e-15 -2.419503e+21 5.853996e+42
1.620000e-15 -2.491984e+21 6.209986e+42
1.635000e-15 -2.564994e+21 6.579196e+42
1.650000e-15 -2.638471e+21 6.961531e+42
1.665000e-15 -2.712351e+21 7.356847e+42
1.680000e-15 -2.786567e+21 7.764953e+42
1.695000e-15 -2.861051e+21 8.185611e+42
1.710000e-15 -2.935734e+21 8.618533e+42
1.725000e-15 -3.010544e+21 9.063378e+42
1.740000e-15 -3.085410e+21 9.519755e+42
1.755000e-15 -3.160257e+21 9.987222e+42
1.770000e-15 -3.235009e+21 1.046528e+43
1.785000e-15 -3.309590e+21 1.095339e+43
1.800000e-15 -3.383923e+21 1.145093e+43
1.815000e-15 -3.457928e+21 1.195726e+43
1.830000e-15 -3.531526e+21 1.247168e+43
1.845000e-15 -3.604638e+21 1.299341e+43
1.860000e-15 -3.677181e+21 1.352166e+43
1.875000e-15 -3.749075e+21 1.405557e+43
1.890000e-15 -3.820239e+21 1.459422e+43
1.905000e-15 -3.890589e+21 1.513668e+43
1.920000e-15 -3.960043e+21 1.568194e+43
1.935000e-15 -4.028520e+21 1.622898e+43
1.950000e-15 -4.095938e+21 1.677670e+43
1.965000e-15 -4.162213e+21 1.732402e+43
1.980000e-15 -4.227266e+21 1.786978e+43
1.995000e-15 -4.291015e+21 1.841281e+43
2.010000e-15 -4.353379e+21 1.895191e+43
2.025000e-15 -4.414280e+21 1.948586e+43
2.040000e-15 -4.473637e+21 2.001343e+43
2.055000e-15 -4.531374e+21 2.053335e+43
2.070000e-15 -4.587414e+21 2.104437e+43
2.085000e-15 -4.641681e+21 2.154520e+43
2.100000e-15 -4.694102e+21 2.203459e+43
2.115000e-15 -4.744604e+21 2.251126e+43
2.130000e-15 -4.793116e+21 2.297396e+43
2.145000e-15 -4.839568e+21 2.342142e+43
2.160000e-15 -4.883895e+21 2.385243e+43
2.175000e-15 -4.926030e+21 2.426577e+43
2.190000e-15 -4.965910e+21 2.466026e+43
2.205000e-15 -5.003473e+21 2.503475e+43
2.220000e-15 -5.038662e+21 2.538811e+43
2.235000e-15 -5.071419e+21 2.571929e+43
2.250000e-15 -5.101690e+21 2.602725e+43
2.265000e-15 -5.129425e+21 2.631100e+43
2.280000e-15 -5.154572e+21 2.656962e+43
2.295000e-15 -5.177088e+21 2.680224e+43
2.310000e-15 -5.196927e+21 2.700806e+43
2.325000e-15 -5.214050e+21 2.718632e+43
2.340000e-15 -5.228419e+21 2.733636e+43
2.355000e-15 -5.239998e+21 2.745758e+43
2.370000e-15 -5.248756e+21 2.754944e+43
2.385000e-15 -5.254665e+21 2.761150e+43
2.400000e-15 -5.257698e+21 2.764339e+43
2.415000e-15 -5.257833e+21 2.764481e+43
2.430000e-15 -5.255051e+21 2.761556e+43
2.445000e-15 -5.249336e+21 2.755553e+43
2.460000e-15 -5.240674e+21 2.746466e+43
2.475000e-15 -5.229056e+21 2.734303e+43
2.490000e-15 -5.214476e+21 2.719076e+43
2.505000e-15 -5.196930e+21 2.700808e+43
2.520000e-15 -5.176418e+21 2.679531e+43
2.535000e-15 -5.152945e+21 2.655284e+43
2.550000e-15 -5.126515e+21 2.628116e+43
2.565000e-15 -5.097139e+21 2.598083e+43
2.580000e-15 -5.064831e+21 2.565251e+43
2.595000e-15 -5.029605e+21 2.529693e+43
2.610000e-15 -4.991482e+21 2.491489e+43
2.625000e-15 -4.950483e+21 2.450728e+43
2.640000e-15 -4.906634e+21 2.407506e+43
2.655000e-15 -4.859964e+21 2.361925e+43
2.670000e-15 -4.810503e+21 2.314094e+43
2.685000e-15 -4.758287e+21 2.264130e+43
2.700000e-15 -4.703353e+21 2.212153e+43
2.715000e-15 -4.645739e+21 2.158289e+43
2.730000e-15 -4.585490e+21 2.102672e+43
2.745000e-15 -4.522650e+21 2.045436e+43
2.760000e-15 -4.457268e+21 1.986724e+43
2.775000e-15 -4.389393e+21 1.926677e+43
2.790000e-15 -4.319079e+21 1.865445e+43
2.805000e-15 -4.246382e+21 1.803176e+43
2.820000e-15 -4.171357e+21 1.740022e+43
2.835000e-15 -4.094066e+21 1.676138e+43
2.850000e-15 -4.014571e+21 1.611678e+43
2.865000e-15 -3.932934e+21 1.546797e+43
2.880000e-15 -3.849221e+21 1.481650e+43
2.895000e-15 -3.763501e+21 1.416394e+43
2.910000e-15 -3.675843e+21 1.351182e+43
2.925000e-15 -3.586317e+21 1.286167e+43
2.940000e-15 -3.494995e+21 1.221499e+43
2.955000e-15 -3.401953e+21 1.157328e+43
2.970000e-15 -3.307264e+21 1.093800e+43
2.985000e-15 -3.211006e+21 1.031056e+43
3.000000e-15 -3.113256e+21 9.692365e+42
3.015000e-15 -3.014093e+21 9.084758e+42
3.030000e-15 -2.913596e+21 8.489044e+42
3.045000e-15 -2.811847e+21 7.906481e+42
3.060000e-15 -2.708925e+21 7.338274e+42
3.075000e-15 -2.604913e+21 6.785572e+42
3.090000e-15 -2.499894e+21 6.249469e+42
3.105000e-15 -2.393950e+21 5.730996e+42
3.120000e-15 -2.287165e+21 5.231122e+42
3.135000e-15 -2.179622e+21 4.750751e+42
3.150000e-15 -2.071405e+21 4.290718e+42
3.165000e-15 -1.962598e+21 3.851790e+42
3.180000e-15 -1.853285e+21 3.434665e+42
3.195000e-15 -1.743550e+21 3.039965e+42
3.210000e-15 -1.633476e+21 2.668243e+42
3.225000e-15 -1.523147e+21 2.319977e+42
3.240000e-15 -1.412646e+21 1.995570e+42
3.255000e-15 -1.302057e+21 1.695352e+42
3.270000e-15 -1.191460e+21 1.419578e+42
3.285000e-15 -1.080939e+21 1.168430e+42
3.300000e-15 -9.705745e+20 9.420149e+41
3.315000e-15 -8.604468e+20 7.403686e+41
3.330000e-15 -7.506359e+20 5.634542e+41
3.345000e-15 -6.412209e+20 4.111642e+41
3.360000e-15 -5.322800e+20 2.833219e+41
3.375000e-15 -4.238905e+20 1.796831e+41
3.390000e-15 -3.161287e+20 9.993735e+40
3.405000e-15 -2.090700e+20 4.371026e+40
3.420000e-15 -1.027886e+20 1.056550e+40
3.435000e-15 2.642365e+18 6.982095e+36
3.450000e-15 1.071509e+20 1.148132e+40
3.465000e-15 2.106663e+20 4.438029e+40
3.480000e-15 3.131190e+20 9.804350e+40
3.495000e-15 4.144408e+20 1.717612e+41
3.510000e-15 5.145647e+20 2.647769e+41
3.525000e-15 6.134253e+20 3.762907e+41
3.540000e-15 7.109585e+20 5.054619e+41
3.555000e-15 8.071014e+20 6.514126e+41
3.570000e-15 9.017928e+20 8.132302e+41
3.585000e-15 9.949729e+20 9.899711e+41
3.600000e-15 1.086584e+21 1.180664e+42
3.615000e-15 1.176568e+21 1.384312e+42
3.630000e-15 1.264871e+21 1.599898e+42
3.645000e-15 1.351439e+21 1.826386e+42
3.660000e-15 1.436219e+21 2.062726e+42
3.675000e-15 1.519163e+21 2.307856e+42
3.690000e-15 1.600220e+21 2.560704e+42
3.705000e-15 1.679344e+21 2.820196e+42
3.720000e-15 1.756489e+21 3.085253e+42
3.735000e-15 1.831612e+21 3.354801e+42
3.750000e-15 1.904670e+21 3.627766e+42
3.765000e-15 1.975623e+21 3.903085e+42
3.780000e-15 2.044432e+21 4.179703e+42
3.795000e-15 2.111061e+21 4.456579e+42
3.810000e-15 2.175474e+21 4.732689e+42
3.825000e-15 2.237638e+21 5.007026e+42
3.840000e-15 2.297522e+21 5.278605e+42
3.855000e-15 2.355094e+21 5.546467e+42
3.870000e-15 2.410327e+21 5.809676e+42
3.885000e-15 2.463195e+21 6.067328e+42
3.900000e-15 2.513672e+21 6.318548e+42
3.915000e-15 2.561737e+21 6.562495e+42
3.930000e-15 2.607367e+21 6.798362e+42
3.945000e-15 2.650544e+21 7.025382e+42
3.960000e-15 2.691250e+21 7.242825e+42
3.975000e-15 2.729469e+21 7.450000e+42
3.990000e-15 2.765187e+21 7.646260e+42
4.005000e-15 2.798393e+21 7.831003e+42
4.020000e-15 2.829075e+21 8.003667e+42
4.035000e-15 2.857226e+21 8.163741e+42
4.050000e-15 2.882838e+21 8.310757e+42
4.065000e-15 2.905907e+21 8.444298e+42
4.080000e-15 2.926430e+21 8.563991e+42
4.095000e-15 2.944404e+21 8.669516e+42
4.110000e-15 2.959831e+21 8.760601e+42
4.125000e-15 2.972713e+21 8.837022e+42
4.140000e-15 2.983054e+21 8.898609e+42
4.155000e-15 2.990859e+21 8.945237e+42
4.170000e-15 2.996136e+21 8.976834e+42
4.185000e-15 2.998896e+21 8.993376e+42
4.200000e-15 2.999148e+21 8.994888e+42
4.215000e-15 2.996906e+21 8.981445e+42
4.230000e-15 2.992185e+21 8.953168e+42
4.245000e-15 2.985000e+21 8.910226e+42
4.260000e-15 2.975371e+21 8.852833e+42
4.275000e-15 2.963317e+21 8.781250e+42
4.290000e-15 2.948861e+21 8.695779e+42
4.305000e-15 2.932024e+21 8.596766e+42
4.320000e-15 2.912834e+21 8.484600e+42
4.335000e-15 2.891315e+21 8.359705e+42
4.350000e-15 2.867498e+21 8.222545e+42
4.365000e-15 2.841412e+21 8.073623e+42
4.380000e-15 2.813089e+21 7.913470e+42
4.395000e-15 2.782563e+21 7.742655e+42
4.410000e-15 2.749868e+21 7.561773e+42
4.425000e-15 2.715041e+21 7.371450e+42
4.440000e-15 2.678122e+21 7.172335e+42
4.455000e-15 2.639148e+21 6.965103e+42
4.470000e-15 2.598163e+21 6.750449e+42
4.485000e-15 2.555208e+21 6.529087e+42
4.500000e-15 2.510328e+21 6.301746e+42
4.515000e-15 2.463569e+21 6.069170e+42
4.530000e-15 2.414977e+21 5.832115e+42
4.545000e-15 2.364602e+21 5.591345e+42
4.560000e-15 2.312494e+21 5.347628e+42
4.575000e-15 2.258703e+21 5.101739e+42
4.590000e-15 2.203282e+21 4.854452e+42
4.605000e-15 2.146285e+21 4.606540e+42
4.620000e-15 2.087767e+21 4.358770e+42
4.635000e-15 2.027783e+21 4.111905e+42
4.650000e-15 1.966392e+21 3.866696e+42
4.665000e-15 1.903650e+21 3.623885e+42
4.680000e-15 1.839619e+21 3.384197e+42
4.695000e-15 1.774357e+21 3.148342e+42
4.710000e-15 1.707926e+21 2.917011e+42
4.725000e-15 1.640388e+21 2.690873e+42
4.740000e-15 1.571806e+21 2.470574e+42
4.755000e-15 1.502244e+21 2.256737e+42
4.770000e-15 1.431766e+21 2.049953e+42
4.785000e-15 1.360437e+21 1.850789e+42
4.800000e-15 1.288323e+21 1.659776e+42
4.815000e-15 1.215490e+21 1.477416e+42
4.830000e-15 1.142005e+21 1.304175e+42
4.845000e-15 1.067935e+21 1.140485e+42
4.860000e-15 9.933475e+20 9.867393e+41
4.875000e-15 9.183107e+20 8.432946e+41
4.890000e-15 8.428926e+20 7.104680e+41
4.905000e-15 7.671617e+20 5.885370e+41
4.920000e-15 6.911863e+20 4.777385e+41
4.935000e-15 6.150351e+20 3.782681e+41
4.950000e-15 5.387767e+20 2.902803e+41
4.965000e-15 4.624796e+20 2.138874e+41
4.980000e-15 3.862123e+20 1.491600e+41
4.995000e-15 3.100431e+20 9.612675e+40
5.010000e-15 2.340400e+20 5.477473e+40
5.025000e-15 1.582707e+20 2.504963e+40
5.040000e-15 8.280267e+19 6.856282e+39
5.055000e-15 7.702736e+18 5.933215e+37
5.070000e-15 -6.696260e+19 4.483989e+39
5.085000e-15 -1.411274e+20 1.991695e+40
5.100000e-15 -2.147265e+20 4.610746e+40
5.115000e-15 -2.876951e+20 8.276847e+40
5.130000e-15 -3.599695e+20 1.295780e+41
5.145000e-15 -4.314864e+20 1.861806e+41
5.160000e-15 -5.021838e+20 2.521886e+41
5.175000e-15 -5.720003e+20 3.271843e+41
5.190000e-15 -6.408755e+20 4.107214e+41
5.205000e-15 -7.087502e+20 5.023268e+41
5.220000e-15 -7.755660e+20 6.015026e+41
5.235000e-15 -8.412659e+20 7.077284e+41
5.250000e-15 -9.057940e+20 8.204628e+41
5.265000e-15 -9.690957e+20 9.391464e+41
5.280000e-15 -1.031117e+21 1.063203e+42
5.295000e-15 -1.091807e+21 1.192043e+42
5.310000e-15 -1.151115e+21 1.325065e+42
5.325000e-15 -1.208990e+21 1.461658e+42
5.340000e-15 -1.265387e+21 1.601203e+42
5.355000e-15 -1.320257e+21 1.743079e+42
5.370000e-15 -1.373557e+21 1.886660e+42
5.385000e-15 -1.425244e+21 2.031321e+42
5.400000e-15 -1.475276e+21 2.176440e+42
5.415000e-15 -1.523614e+21 2.321400e+42
5.430000e-15 -1.570219e+21 2.465589e+42
5.445000e-15 -1.615056e+21 2.608406e+42
5.460000e-15 -1.658089e+21 2.749260e+42
5.475000e-15 -1.699287e+21 2.887576e+42
5.490000e-15 -1.738618e+21 3.022792e+42
5.505000e-15 -1.776053e+21 3.154364e+42
5.520000e-15 -1.811565e+21 3.281769e+42
5.535000e-15 -1.845130e+21 3.404504e+42
5.550000e-15 -1.876723e+21 3.522089e+42
5.565000e-15 -1.906323e+21 3.634069e+42
5.580000e-15 -1.933912e+21 3.740016e+42
5.595000e-15 -1.959471e+21 3.839527e+42
5.610000e-15 -1.982985e+21 3.932231e+42
5.625000e-15 -2.004441e+21 4.017785e+42
5.640000e-15 -2.023828e+21 4.095878e+42
5.655000e-15 -2.041134e+21 4.166230e+42
5.670000e-15 -2.056355e+21 4.228594e+42
5.685000e-15 -2.069483e+21 4.282759e+42
5.700000e-15 -2.080515e+21 4.328543e+42
5.715000e-15 -2.089450e+21 4.365803e+42
5.730000e-15 -2.096289e+21 4.394428e+42
5.745000e-15 -2.101034e+21 4.414344e+42
5.760000e-15 -2.103689e+21 4.425509e+42
5.775000e-15 -2.104262e+21 4.427918e+42
5.790000e-15 -2.102760e+21 4.421598e+42
5.805000e-15 -2.099193e+21 4.406613e+42
5.820000e-15 -2.093576e+21 4.383059e+42
5.835000e-15 -2.085920e+21 4.351063e+42
5.850000e-15 -2.076243e+21 4.310787e+42
5.865000e-15 -2.064563e+21 4.262422e+42
5.880000e-15 -2.050900e+21 4.206190e+42
5.895000e-15 -2.035275e+21 4.142343e+42
5.910000e-15 -2.017711e+21 4.071159e+42
5.925000e-15 -1.998235e+21 3.992944e+42
5.940000e-15 -1.976873e+21 3.908028e+42
5.955000e-15 -1.953654e+21 3.816765e+42
5.970000e-15 -1.928609e+21 3.719531e+42
5.985000e-15 -1.901768e+21 3.616723e+42
6.000000e-15 -1.873168e+21 3.508757e+42
6.015000e-15 -1.842841e+21 3.396064e+42
6.030000e-15 -1.810827e+21 3.279093e+42
6.045000e-15 -1.777162e+21 3.158303e+42
6.060000e-15 -1.741886e+21 3.034168e+42
6.075000e-15 -1.705042e+21 2.907168e+42
6.090000e-15 -1.666671e+21 2.777793e+42
6.105000e-15 -1.626818e+21 2.646537e+42
6.120000e-15 -1.585528e+21 2.513898e+42
6.135000e-15 -1.542847e+21 2.380376e+42
6.150000e-15 -1.498823e+21 2.246470e+42
6.165000e-15 -1.453505e+21 2.112677e+42
6.180000e-15 -1.406944e+21 1.979490e+42
6.195000e-15 -1.359189e+21 1.847395e+42
6.210000e-15 -1.310294e+21 1.716869e+42
6.225000e-15 -1.260310e+21 1.588382e+42
6.240000e-15 -1.209293e+21 1.462391e+42
6.255000e-15 -1.157297e+21 1.339337e+42
6.270000e-15 -1.104377e+21 1.219650e+42
6.285000e-15 -1.050590e+21 1.103740e+42
6.300000e-15 -9.959932e+20 9.920024e+41
6.315000e-15 -9.406432e+20 8.848096e+41
6.330000e-15 -8.845987e+20 7.825149e+41
6.345000e-15 -8.279184e+20 6.854489e+41
6.360000e-15 -7.706614e+20 5.939190e+41
6.375000e-15 -7.128873e+20 5.082083e+41
6.390000e-15 -6.546560e+20 4.285744e+41
6.405000e-15 -5.960275e+20 3.552488e+41
6.420000e-15 -5.370623e+20 2.884359e+41
6.435000e-15 -4.778209e+20 2.283129e+41
6.450000e-15 -4.183640e+20 1.750285e+41
6.465000e-15 -3.587523e+20 1.287032e+41
6.480000e-15 -2.990464e+20 8.942872e+40
6.495000e-15 -2.393068e+20 5.726775e+40
6.510000e-15 -1.795941e+20 3.225406e+40
6.525000e-15 -1.199686e+20 1.439246e+40
6.540000e-15 -6.049012e+19 3.659055e+39
6.555000e-15 -1.218477e+18 1.484686e+36
6.570000e-15 5.778705e+19 3.339343e+39
6.585000e-15 1.164676e+20 1.356470e+40
6.600000e-15 1.747647e+20 3.054270e+40
6.615000e-15 2.326206e+20 5.411234e+40
6.630000e-15 2.899780e+20 8.408723e+40
6.645000e-15 3.467803e+20 1.202566e+41
6.660000e-15 4.029717e+20 1.623862e+41
6.675000e-15 4.584971e+20 2.102195e+41
6.690000e-15 5.133021e+20 2.634791e+41
6.705000e-15 5.673335e+20 3.218673e+41
6.720000e-15 6.205387e+20 3.850683e+41
6.735000e-15 6.728663e+20 4.527491e+41
6.750000e-15 7.242659e+20 5.245610e+41
6.765000e-15 7.746880e+20 6.001415e+41
6.780000e-15 8.240845e+20 6.791153e+41
6.795000e-15 8.724083e+20 7.610963e+41
6.810000e-15 9.196137e+20 8.456893e+41
6.825000e-15 9.656560e+20 9.324915e+41
6.840000e-15 1.010492e+21 1.021094e+42
6.855000e-15 1.054080e+21 1.111085e+42
6.870000e-15 1.096379e+21 1.202048e+42
6.885000e-15 1.137351e+21 1.293568e+42
6.900000e-15 1.176958e+21 1.385230e+42
6.915000e-15 1.215163e+21 1.476621e+42
6.930000e-15 1.251933e+21 1.567336e+42
6.945000e-15 1.287234e+21 1.656971e+42
6.960000e-15 1.321035e+21 1.745133e+42
6.975000e-15 1.353306e+21 1.831438e+42
6.990000e-15 1.384020e+21 1.915512e+42
7.005000e-15 1.413150e+21 1.996994e+42
7.020000e-15 1.440672e+21 2.075536e+42
7.035000e-15 1.466562e+21 2.150805e+42
7.050000e-15 1.490800e+21 2.222485e+42
7.065000e-15 1.513366e+21 2.290278e+42
7.080000e-15 1.534244e+21 2.353903e+42
7.095000e-15 1.553416e+21 2.413101e+42
7.110000e-15 1.570869e+21 2.467631e+42
7.125000e-15 1.586592e+21 2.517275e+42
7.140000e-15 1.600574e+21 2.561838e+42
7.155000e-15 1.612807e+21 2.601147e+42
7.170000e-15 1.623284e+21 2.635051e+42
7.185000e-15 1.632001e+21 2.663427e+42
7.200000e-15 1.638954e+21 2.686172e+42
7.215000e-15 1.644144e+21 2.703210e+42
7.230000e-15 1.647571e+21 2.714489e+42
7.245000e-15 1.649237e+21 2.719983e+42
7.260000e-15 1.649148e+21 2.719689e+42
7.275000e-15 1.647310e+21 2.713629e+42
7.290000e-15 1.643731e+21 2.701851e+42
7.305000e-15 1.638421e+21 2.684423e+42
7.320000e-15 1.631392e+21 2.661441e+42
7.335000e-15 1.622659e+21 2.633021e+42
7.350000e-15 1.612235e+21 2.599302e+42
7.365000e-15 1.600139e+21 2.560445e+42
7.380000e-15 1.586389e+21 2.516631e+42
7.395000e-15 1.571006e+21 2.468061e+42
7.410000e-15 1.554012e+21 2.414954e+42
7.425000e-15 1.535431e+21 2.357549e+42
7.440000e-15 1.515288e+21 2.296099e+42
7.455000e-15 1.493611e+21 2.230873e+42
7.470000e-15 1.470427e+21 2.162155e+42
7.485000e-15 1.445767e+21 2.090242e+42
7.500000e-15 1.419663e+21 2.015442e+42
7.515000e-15 1.392146e+21 1.938071e+42
7.530000e-15 1.363253e+21 1.858458e+42
7.545000e-15 1.333017e+21 1.776935e+42
7.560000e-15 1.301477e+21 1.693843e+42
7.575000e-15 1.268671e+21 1.609525e+42
7.590000e-15 1.234637e+21 1.524328e+42
7.605000e-15 1.199417e+21 1.438600e+42
7.620000e-15 1.163052e+21 1.352689e+42
7.635000e-15 1.125585e+21 1.266941e+42
7.650000e-15 1.087059e+21 1.181698e+42
7.665000e-15 1.047521e+21 1.097301e+42
7.680000e-15 1.007015e+21 1.014080e+42
7.695000e-15 9.655885e+20 9.323611e+41
7.710000e-15 9.232882e+20 8.524611e+41
7.725000e-15 8.801626e+20 7.746863e+41
7.740000e-15 8.362608e+20 6.993320e+41
7.755000e-15 7.916321e+20 6.266814e+41
7.770000e-15 7.463269e+20 5.570039e+41
7.785000e-15 7.003959e+20 4.905544e+41
7.800000e-15 6.538904e+20 4.275726e+41
7.815000e-15 6.068619e+20 3.682814e+41
7.830000e-15 5.593627e+20 3.128867e+41
7.845000e-15 5.114451e+20 2.615761e+41
7.860000e-15 4.631618e+20 2.145188e+41
7.875000e-15 4.145656e+20 1.718647e+41
7.890000e-15 3.657097e+20 1.337436e+41
7.905000e-15 3.166472e+20 1.002654e+41
7.920000e-15 2.674312e+20 7.151944e+40
7.935000e-15 2.181150e+20 4.757415e+40
7.950000e-15 1.687517e+20 2.847713e+40
7.965000e-15 1.193943e+20 1.425499e+40
7.980000e-15 7.009556e+19 4.913387e+39
7.995000e-15 2.090816e+19 4.371514e+38
8.010000e-15 -2.811561e+19 7.904874e+38
8.025000e-15 -7.692380e+19 5.917271e+39
8.040000e-15 -1.254648e+20 1.574142e+40
8.055000e-15 -1.736876e+20 3.016738e+40
8.070000e-15 -2.215415e+20 4.908062e+40
8.085000e-15 -2.689764e+20 7.234828e+40
8.100000e-15 -3.159428e+20 9.981986e+40
8.115000e-15 -3.623920e+20 1.313280e+41
8.130000e-15 -4.082759e+20 1.666892e+41
8.145000e-15 -4.535470e+20 2.057049e+41
8.160000e-15 -4.981588e+20 2.481622e+41
8.175000e-15 -5.420657e+20 2.938352e+41
8.190000e-15 -5.852227e+20 3.424856e+41
8.205000e-15 -6.275860e+20 3.938642e+41
8.220000e-15 -6.691127e+20 4.477118e+41
8.235000e-15 -7.097609e+20 5.037605e+41
8.250000e-15 -7.494897e+20 5.617348e+41
8.265000e-15 -7.882595e+20 6.213530e+41
8.280000e-15 -8.260316e+20 6.823282e+41
8.295000e-15 -8.627687e+20 7.443699e+41
8.310000e-15 -8.984346e+20 8.071848e+41
8.325000e-15 -9.329943e+20 8.704784e+41
8.340000e-15 -9.664143e+20 9.339565e+41
8.355000e-15 -9.986621e+20 9.973259e+41
8.370000e-15 -1.029707e+21 1.060296e+42
8.385000e-15 -1.059519e+21 1.122580e+42
8.400000e-15 -1.088070e+21 1.183896e+42
8.415000e-15 -1.115333e+21 1.243968e+42
8.430000e-15 -1.141283e+21 1.302527e+42
8.445000e-15 -1.165897e+21 1.359315e+42
8.460000e-15 -1.189151e+21 1.414079e+42
8.475000e-15 -1.211025e+21 1.466581e+42
8.490000e-15 -1.231500e+21 1.516591e+42
8.505000e-15 -1.250557e+21 1.563894e+42
8.520000e-15 -1.268182e+21 1.608286e+42
8.535000e-15 -1.284359e+21 1.649578e+42
8.550000e-15 -1.299075e+21 1.687596e+42
8.565000e-15 -1.312319e+21 1.722181e+42
8.580000e-15 -1.324081e+21 1.753191e+42
8.595000e-15 -1.334353e+21 1.780499e+42
8.610000e-15 -1.343129e+21 1.803995e+42
8.625000e-15 -1.350403e+21 1.823589e+42
8.640000e-15 -1.356173e+21 1.839205e+42
8.655000e-15 -1.360437e+21 1.850788e+42
8.670000e-15 -1.363194e+21 1.858298e+42
8.685000e-15 -1.364447e+21 1.861715e+42
8.700000e-15 -1.364199e+21 1.861038e+42
8.715000e-15 -1.362454e+21 1.856280e+42
8.730000e-15 -1.359219e+21 1.847477e+42
8.745000e-15 -1.354503e+21 1.834678e+42
8.760000e-15 -1.348315e+21 1.817952e+42
8.775000e-15 -1.340665e+21 1.797383e+42
8.790000e-15 -1.331568e+21 1.773073e+42
8.805000e-15 -1.321037e+21 1.745139e+42
8.820000e-15 -1.309088e+21 1.713712e+42
8.835000e-15 -1.295739e+21 1.678940e+42
8.850000e-15 -1.281008e+21 1.640982e+42
8.865000e-15 -1.264916e+21 1.600012e+42
8.880000e-15 -1.247484e+21 1.556217e+42
8.895000e-15 -1.228736e+21 1.509792e+42
8.910000e-15 -1.208696e+21 1.460945e+42
8.925000e-15 -1.187389e+21 1.409893e+42
8.940000e-15 -1.164844e+21 1.356861e+42
8.955000e-15 -1.141088e+21 1.302082e+42
8.970000e-15 -1.116151e+21 1.245794e+42
8.985000e-15 -1.090065e+21 1.188241e+42
9.000000e-15 -1.062860e+21 1.129672e+42
9.015000e-15 -1.034571e+21 1.070338e+42
9.030000e-15 -1.005232e+21 1.010491e+42
9.045000e-15 -9.748780e+20 9.503871e+41
9.060000e-15 -9.435454e+20 8.902780e+41
9.075000e-15 -9.112719e+20 8.304164e+41
9.090000e-15 -8.780956e+20 7.710519e+41
9.105000e-15 -8.440558e+20 7.124302e+41
9.120000e-15 -8.091926e+20 6.547927e+41
9.135000e-15 -7.735468e+20 5.983747e+41
9.150000e-15 -7.371601e+20 5.434051e+41
9.165000e-15 -7.000749e+20 4.901048e+41
9.180000e-15 -6.623340e+20 4.386863e+41
9.195000e-15 -6.239811e+20 3.893524e+41
9.210000e-15 -5.850603e+20 3.422956e+41
9.225000e-15 -5.456164e+20 2.976972e+41
9.240000e-15 -5.056944e+20 2.557268e+41
9.255000e-15 -4.653399e+20 2.165412e+41
9.270000e-15 -4.245988e+20 1.802841e+41
9.285000e-15 -3.835173e+20 1.470855e+41
9.300000e-15 -3.421417e+20 1.170610e+41
9.315000e-15 -3.005189e+20 9.031161e+40
9.330000e-15 -2.586955e+20 6.692338e+40
9.345000e-15 -2.167186e+20 4.696694e+40
9.360000e-15 -1.746349e+20 3.049735e+40
9.375000e-15 -1.324915e+20 1.755400e+40
9.390000e-15 -9.033523e+19 8.160454e+39
9.405000e-15 -4.821285e+19 2.324479e+39
9.420000e-15 -6.170941e+18 3.808052e+37
9.435000e-15 3.574410e+19 1.277641e+39
9.450000e-15 7.748617e+19 6.004106e+39
9.465000e-15 1.190095e+20 1.416325e+40
9.480000e-15 1.602686e+20 2.568601e+40
9.495000e-15 2.012184e+20 4.048886e+40
9.510000e-15 2.418146e+20 5.847429e+40
9.525000e-15 2.820129e+20 7.953130e+40
9.540000e-15 3.217701e+20 1.035360e+41
9.555000e-15 3.610431e+20 1.303521e+41
9.570000e-15 3.997898e+20 1.598319e+41
9.585000e-15 4.379688e+20 1.918166e+41
9.600000e-15 4.755392e+20 2.261375e+41
9.615000e-15 5.124611e+20 2.626164e+41
9.630000e-15 5.486954e+20 3.010666e+41
9.645000e-15 5.842038e+20 3.412940e+41
9.660000e-15 6.189489e+20 3.830978e+41
9.675000e-15 6.528945e+20 4.262712e+41
9.690000e-15 6.860051e+20 4.706029e+41
9.705000e-15 7.182462e+20 5.158777e+41
9.720000e-15 7.495847e+20 5.618773e+41
9.735000e-15 7.799883e+20 6.083818e+41
9.750000e-15 8.094260e+20 6.551704e+41
9.765000e-15 8.378677e+20 7.020223e+41
9.780000e-15 8.652849e+20 7.487179e+41
9.795000e-15 8.916499e+20 7.950395e+41
9.810000e-15 9.169365e+20 8.407726e+41
9.825000e-15 9.411198e+20 8.857064e+41
9.840000e-15 9.641760e+20 9.296354e+41
9.855000e-15 9.860828e+20 9.723593e+41
9.870000e-15 1.006819e+21 1.013685e+42
9.885000e-15 1.026365e+21 1.053426e+42
9.900000e-15 1.044703e+21 1.091405e+42
9.915000e-15 1.061816e+21 1.127453e+42
9.930000e-15 1.077688e+21 1.161410e+42
9.945000e-15 1.092304e+21 1.193129e+42
9.960000e-15 1.105654e+21 1.222471e+42
9.975000e-15 1.117725e+21 1.249309e+42
9.990000e-15 1.128507e+21 1.273528e+42
1.000500e-14 1.137993e+21 1.295028e+42
1.002000e-14 1.146175e+21 1.313718e+42
1.003500e-14 1.153049e+21 1.329521e+42
1.005000e-14 1.158609e+21 1.342376e+42
1.006500e-14 1.162855e+21 1.352232e+42
1.008000e-14 1.165785e+21 1.359054e+42
1.009500e-14 1.167399e+21 1.362821e+42
1.011000e-14 1.167700e+21 1.363523e+42
1.012500e-14 1.166690e+21 1.361167e+42
1.014000e-14 1.164376e+21 1.355771e+42
1.015500e-14 1.160762e+21 1.347369e+42
1.017000e-14 1.155858e+21 1.336008e+42
1.018500e-14 1.149671e+21 1.321744e+42
1.020000e-14 1.142214e+21 1.304652e+42
1.021500e-14 1.133496e+21 1.284814e+42
1.023000e-14 1.123533e+21 1.262326e+42
1.024500e-14 1.112338e+21 1.237295e+42
1.026000e-14 1.099927e+21 1.209840e+42
1.027500e-14 1.086318e+21 1.180088e+42
1.029000e-14 1.071530e+21 1.148176e+42
1.030500e-14 1.055582e+21 1.114252e+42
1.032000e-14 1.038494e+21 1.078471e+42
1.033500e-14 1.020291e+21 1.040993e+42
1.035000e-14 1.000994e+21 1.001989e+42
1.036500e-14 9.806289e+20 9.616331e+41
1.038000e-14 9.592210e+20 9.201050e+41
1.039500e-14 9.367972e+20 8.775889e+41
1.041000e-14 9.133853e+20 8.342726e+41
1.042500e-14 8.890142e+20 7.903462e+41
1.044000e-14 8.637138e+20 7.460016e+41
1.045500e-14 8.375151e+20 7.014315e+41
1.047000e-14 8.104496e+20 6.568285e+41
1.048500e-14 7.825501e+20 6.123846e+41
1.050000e-14 7.538500e+20 5.682898e+41
1.051500e-14 7.243837e+20 5.247317e+41
1.053000e-14 6.941861e+20 4.818944e+41
1.054500e-14 6.632931e+20 4.399578e+41
1.056000e-14 6.317411e+20 3.990968e+41
1.057500e-14 5.995673e+20 3.594809e+41
1.059000e-14 5.668092e+20 3.212727e+41
1.060500e-14 5.335052e+20 2.846278e+41
1.062000e-14 4.996941e+20 2.496942e+41
1.063500e-14 4.654150e+20 2.166111e+41
1.065000e-14 4.307077e+20 1.855091e+41
1.066500e-14 3.956121e+20 1.565089e+41
1.068000e-14 3.601687e+20 1.297215e+41
1.069500e-14 3.244181e+20 1.052471e+41
1.071000e-14 2.884013e+20 8.317531e+40
1.072500e-14 2.521593e+20 6.358431e+40
1.074000e-14 2.157334e+20 4.654090e+40
1.075500e-14 1.791650e+20 3.210008e+40
1.077000e-14 1.424954e+20 2.030494e+40
1.078500e-14 1.057662e+20 1.118649e+40
1.080000e-14 6.901874e+19 4.763586e+39
1.081500e-14 3.229435e+19 1.042925e+39
1.083000e-14 -4.365738e+18 1.905967e+37
1.084500e-14 -4.092050e+19 1.674487e+39
1.086000e-14 -7.732909e+19 5.979789e+39
1.087500e-14 -1.135510e+20 1.289382e+40
1.089000e-14 -1.495458e+20 2.236395e+40
1.090500e-14 -1.852738e+20 3.432637e+40
1.092000e-14 -2.206953e+20 4.870639e+40
1.093500e-14 -2.557712e+20 6.541891e+40
1.095000e-14 -2.904630e+20 8.436874e+40
1.096500e-14 -3.247325e+20 1.054512e+41
1.098000e-14 -3.585422e+20 1.285525e+41
1.099500e-14 -3.918552e+20 1.535505e+41
1.101000e-14 -4.246351e+20 1.803150e+41
1.102500e-14 -4.568464e+20 2.087086e+41
1.104000e-14 -4.884541e+20 2.385874e+41
1.105500e-14 -5.194241e+20 2.698014e+41
1.107000e-14 -5.497231e+20 3.021954e+41
1.108500e-14 -5.793185e+20 3.356099e+41
1.110000e-14 -6.081787e+20 3.698813e+41
1.111500e-14 -6.362729e+20 4.048433e+41
1.113000e-14 -6.635714e+20 4.403270e+41
1.114500e-14 -6.900452e+20 4.761624e+41
1.116000e-14 -7.156665e+20 5.121786e+41
1.117500e-14 -7.404085e+20 5.482047e+41
1.119000e-14 -7.642453e+20 5.840708e+41
1.120500e-14 -7.871522e+20 6.196086e+41
1.122000e-14 -8.091057e+20 6.546520e+41
1.123500e-14 -8.300832e+20 6.890382e+41
1.125000e-14 -8.500635e+20 7.226080e+41
1.126500e-14 -8.690263e+20 7.552068e+41
1.128000e-14 -8.869528e+20 7.866853e+41
1.129500e-14 -9.038251e+20 8.168999e+41
1.131000e-14 -9.196269e+20 8.457135e+41
1.132500e-14 -9.343427e+20 8.729962e+41
1.134000e-14 -9.479586e+20 8.986254e+41
1.135500e-14 -9.604619e+20 9.224870e+41
1.137000e-14 -9.718411e+20 9.444751e+41
1.138500e-14 -9.820861e+20 9.644931e+41
1.140000e-14 -9.911881e+20 9.824539e+41
1.141500e-14 -9.991396e+20 9.982799e+41
1.143000e-14 -1.005934e+21 1.011904e+42
1.144500e-14 -1.011568e+21 1.023269e+42
1.146000e-14 -1.016036e+21 1.032328e+42
1.147500e-14 -1.019336e+21 1.039046e+42
1.149000e-14 -1.021469e+21 1.043398e+42
1.150500e-14 -1.022433e+21 1.045370e+42
1.152000e-14 -1.022232e+21 1.044958e+42
1.153500e-14 -1.020868e+21 1.042171e+42
1.155000e-14 -1.018345e+21 1.037027e+42
1.156500e-14 -1.014670e+21 1.029555e+42
1.158000e-14 -1.009848e+21 1.019794e+42
1.159500e-14 -1.003890e+21 1.007795e+42
1.161000e-14 -9.968031e+20 9.936165e+41
1.162500e-14 -9.885995e+20 9.773289e+41
1.164000e-14 -9.792908e+20 9.590105e+41
1.165500e-14 -9.688905e+20 9.387488e+41
1.167000e-14 -9.574130e+20 9.166396e+41
1.168500e-14 -9.448740e+20 8.927869e+41
1.170000e-14 -9.312905e+20 8.673019e+41
1.171500e-14 -9.166803e+20 8.403028e+41
1.173000e-14 -9.010628e+20 8.119142e+41
1.174500e-14 -8.844582e+20 7.822662e+41
1.176000e-14 -8.668877e+20 7.514942e+41
1.177500e-14 -8.483737e+20 7.197380e+41
1.179000e-14 -8.289397e+20 6.871411e+41
1.180500e-14 -8.086101e+20 6.538502e+41
1.182000e-14 -7.874101e+20 6.200147e+41
1.183500e-14 -7.653661e+20 5.857853e+41
1.185000e-14 -7.425053e+20 5.513141e+41
1.186500e-14 -7.188556e+20 5.167534e+41
1.188000e-14 -6.944461e+20 4.822554e+41
1.189500e-14 -6.693062e+20 4.479708e+41
1.191000e-14 -6.434666e+20 4.140492e+41
1.192500e-14 -6.169582e+20 3.806375e+41
1.194000e-14 -5.898131e+20 3.478795e+41
1.195500e-14 -5.620635e+20 3.159154e+41
1.197000e-14 -5.337428e+20 2.848813e+41
1.198500e-14 -5.048844e+20 2.549083e+41
1.200000e-14 -4.755226e+20 2.261218e+41
1.201500e-14 -4.456922e+20 1.986415e+41
1.203000e-14 -4.154281e+20 1.725805e+41
1.204500e-14 -3.847661e+20 1.480449e+41
1.206000e-14 -3.537419e+20 1.251333e+41
1.207500e-14 -3.223918e+20 1.039365e+41
1.209000e-14 -2.907524e+20 8.453694e+40
1.210500e-14 -2.588603e+20 6.700867e+40
1.212000e-14 -2.267526e+20 5.141676e+40
1.213500e-14 -1.944664e+20 3.781717e+40
1.215000e-14 -1.620388e+20 2.625658e+40
1.216500e-14 -1.295072e+20 1.677212e+40
1.218000e-14 -9.690891e+19 9.391337e+39
1.219500e-14 -6.428120e+19 4.132073e+39
1.221000e-14 -3.166133e+19 1.002440e+39
1.222500e-14 9.135443e+17 8.345632e+35
1.224000e-14 3.340642e+19 1.115989e+39
1.225500e-14 6.578047e+19 4.327070e+39
1.227000e-14 9.799909e+19 9.603822e+39
1.228500e-14 1.300260e+20 1.690675e+40
1.230000e-14 1.618250e+20 2.618734e+40
1.231500e-14 1.933606e+20 3.738833e+40
1.233000e-14 2.245975e+20 5.044402e+40
1.234500e-14 2.555006e+20 6.528057e+40
1.236000e-14 2.860357e+20 8.181645e+40
1.237500e-14 3.161689e+20 9.996277e+40
1.239000e-14 3.458667e+20 1.196238e+41
1.240500e-14 3.750963e+20 1.406973e+41
1.242000e-14 4.038256e+20 1.630751e+41
1.243500e-14 4.320230e+20 1.866439e+41
1.245000e-14 4.596577e+20 2.112852e+41
1.246500e-14 4.866994e+20 2.368763e+41
1.248000e-14 5.131189e+20 2.632910e+41
1.249500e-14 5.388873e+20 2.903995e+41
1.251000e-14 5.639769e+20 3.180700e+41
1.252500e-14 5.883608e+20 3.461684e+41
1.254000e-14 6.120127e+20 3.745596e+41
1.255500e-14 6.349075e+20 4.031075e+41
1.257000e-14 6.570207e+20 4.316762e+41
1.258500e-14 6.783290e+20 4.601303e+41
1.260000e-14 6.988101e+20 4.883355e+41
1.261500e-14 7.184424e+20 5.161595e+41
1.263000e-14 7.372056e+20 5.434721e+41
1.264500e-14 7.550802e+20 5.701462e+41
1.266000e-14 7.720480e+20 5.960581e+41
1.267500e-14 7.880917e+20 6.210885e+41
1.269000e-14 8.031951e+20 6.451223e+41
1.270500e-14 8.173431e+20 6.680497e+41
1.272000e-14 8.305218e+20 6.897664e+41
1.273500e-14 8.427183e+20 7.101742e+41
1.275000e-14 8.539211e+20 7.291812e+41
1.276500e-14 8.641195e+20 7.467025e+41
1.278000e-14 8.733042e+20 7.626602e+41
1.279500e-14 8.814670e+20 7.769840e+41
1.281000e-14 8.886008e+20 7.896114e+41
1.282500e-14 8.947000e+20 8.004880e+41
1.284000e-14 8.997597e+20 8.095676e+41
1.285500e-14 9.037767e+20 8.168122e+41
1.287000e-14 9.067485e+20 8.221928e+41
1.288500e-14 9.086741e+20 8.256887e+41
1.290000e-14 9.095538e+20 8.272881e+41
1.291500e-14 9.093887e+20 8.269878e+41
1.293000e-14 9.081813e+20 8.247933e+41
1.294500e-14 9.059354e+20 8.207190e+41
1.296000e-14 9.026559e+20 8.147876e+41
1.297500e-14 8.983486e+20 8.070302e+41
1.299000e-14 8.930208e+20 7.974861e+41
1.300500e-14 8.866808e+20 7.862028e+41
1.302000e-14 8.793380e+20 7.732354e+41
1.303500e-14 8.710031e+20 7.586464e+41
1.305000e-14 8.616877e+20 7.425057e+41
1.306500e-14 8.514046e+20 7.248898e+41
1.308000e-14 8.401676e+20 7.058816e+41
1.309500e-14 8.279917e+20 6.855702e+41
1.311000e-14 8.148928e+20 6.640502e+41
1.312500e-14 8.008878e+20 6.414213e+41
1.314000e-14 7.859949e+20 6.177879e+41
1.315500e-14 7.702328e+20 5.932585e+41
1.317000e-14 7.536215e+20 5.679454e+41
1.318500e-14 7.361819e+20 5.419637e+41
1.320000e-14 7.179356e+20 5.154315e+41
1.321500e-14 6.989054e+20 4.884687e+41
1.323000e-14 6.791146e+20 4.611966e+41
1.324500e-14 6.585875e+20 4.337375e+41
1.326000e-14 6.373493e+20 4.062141e+41
1.327500e-14 6.154258e+20 3.787489e+41
1.329000e-14 5.928435e+20 3.514635e+41
1.330500e-14 5.696298e+20 3.244782e+41
1.332000e-14 5.458127e+20 2.979115e+41
1.333500e-14 5.214206e+20 2.718794e+41
1.335000e-14 4.964828e+20 2.464952e+41
1.336500e-14 4.710291e+20 2.218684e+41
1.338000e-14 4.450897e+20 1.981048e+41
1.339500e-14 4.186955e+20 1.753059e+41
1.341000e-14 3.918776e+20 1.535681e+41
1.342500e-14 3.646679e+20 1.329827e+41
1.344000e-14 3.370983e+20 1.136353e+41
1.345500e-14 3.092013e+20 9.560546e+40
1.347000e-14 2.810097e+20 7.896643e+40
1.348500e-14 2.525563e+20 6.378469e+40
1.350000e-14 2.238745e+20 5.011980e+40
1.351500e-14 1.949978e+20 3.802413e+40
1.353000e-14 1.659596e+20 2.754260e+40
1.354500e-14 1.367939e+20 1.871256e+40
1.356000e-14 1.075342e+20 1.156361e+40
1.357500e-14 7.821463e+19 6.117528e+39
1.359000e-14 4.886888e+19 2.388168e+39
1.360500e-14 1.953082e+19 3.814529e+38
1.362000e-14 -9.765819e+18 9.537121e+37
1.363500e-14 -3.898740e+19 1.520017e+39
1.365000e-14 -6.810044e+19 4.637671e+39
1.366500e-14 -9.707166e+19 9.422908e+39
1.368000e-14 -1.258680e+20 1.584275e+40
1.369500e-14 -1.544566e+20 2.385686e+40
1.371000e-14 -1.828051e+20 3.341772e+40
1.372500e-14 -2.108813e+20 4.447092e+40
1.374000e-14 -2.386533e+20 5.695542e+40
1.375500e-14 -2.660899e+20 7.080386e+40
1.377000e-14 -2.931602e+20 8.594289e+40
1.378500e-14 -3.198336e+20 1.022935e+41
1.380000e-14 -3.460803e+20 1.197716e+41
1.381500e-14 -3.718710e+20 1.382880e+41
1.383000e-14 -3.971768e+20 1.577494e+41
1.384500e-14 -4.219696e+20 1.780584e+41
1.386000e-14 -4.462219e+20 1.991140e+41
1.387500e-14 -4.699069e+20 2.208125e+41
1.389000e-14 -4.929984e+20 2.430474e+41
1.390500e-14 -5.154710e+20 2.657103e+41
1.392000e-14 -5.373002e+20 2.886915e+41
1.393500e-14 -5.584620e+20 3.118798e+41
1.395000e-14 -5.789336e+20 3.351641e+41
1.396500e-14 -5.986927e+20 3.584330e+41
1.398000e-14 -6.177180e+20 3.815756e+41
1.399500e-14 -6.359892e+20 4.044823e+41
1.401000e-14 -6.534867e+20 4.270449e+41
1.402500e-14 -6.701920e+20 4.491573e+41
1.404000e-14 -6.860874e+20 4.707159e+41
1.405500e-14 -7.011563e+20 4.916202e+41
1.407000e-14 -7.153832e+20 5.117731e+41
1.408500e-14 -7.287533e+20 5.310813e+41
1.410000e-14 -7.412529e+20 5.494559e+41
1.411500e-14 -7.528696e+20 5.668127e+41
1.413000e-14 -7.635918e+20 5.830725e+41
1.414500e-14 -7.734090e+20 5.981614e+41
1.416000e-14 -7.823117e+20 6.120116e+41
1.417500e-14 -7.902916e+20 6.245609e+41
1.419000e-14 -7.973415e+20 6.357535e+41
1.420500e-14 -8.034552e+20 6.455402e+41
1.422000e-14 -8.086275e+20 6.538785e+41
1.423500e-14 -8.128546e+20 6.607326e+41
1.425000e-14 -8.161335e+20 6.660738e+41
1.426500e-14 -8.184624e+20 6.698806e+41
1.428000e-14 -8.198406e+20 6.721386e+41
1.429500e-14 -8.202686e+20 6.728405e+41
1.431000e-14 -8.197478e+20 6.719865e+41
1.432500e-14 -8.182809e+20 6.695836e+41
1.434000e-14 -8.158715e+20 6.656463e+41
1.435500e-14 -8.125244e+20 6.601959e+41
1.437000e-14 -8.082454e+20 6.532606e+41
1.438500e-14 -8.030414e+20 6.448755e+41
1.440000e-14 -7.969204e+20 6.350821e+41
1.441500e-14 -7.898913e+20 6.239283e+41
1.443000e-14 -7.819641e+20 6.114679e+41
1.444500e-14 -7.731500e+20 5.977609e+41
1.446000e-14 -7.634608e+20 5.828723e+41
1.447500e-14 -7.529096e+20 5.668728e+41
1.449000e-14 -7.415103e+20 5.498376e+41
1.450500e-14 -7.292780e+20 5.318463e+41
1.452000e-14 -7.162283e+20 5.129830e+41
1.453500e-14 -7.023781e+20 4.933350e+41
1.455000e-14 -6.877450e+20 4.729932e+41
1.456500e-14 -6.723476e+20 4.520513e+41
1.458000e-14 -6.562050e+20 4.306051e+41
1.459500e-14 -6.393376e+20 4.087526e+41
1.461000e-14 -6.217663e+20 3.865933e+41
1.462500e-14 -6.035127e+20 3.642275e+41
1.464000e-14 -5.845993e+20 3.417563e+41
1.465500e-14 -5.650493e+20 3.192807e+41
1.467000e-14 -5.448865e+20 2.969013e+41
1.468500e-14 -5.241355e+20 2.747180e+41
1.470000e-14 -5.028214e+20 2.528293e+41
1.471500e-14 -4.809698e+20 2.313320e+41
1.473000e-14 -4.586072e+20 2.103206e+41
1.474500e-14 -4.357603e+20 1.898870e+41
1.476000e-14 -4.124564e+20 1.701203e+41
1.477500e-14 -3.887234e+20 1.511058e+41
1.479000e-14 -3.645894e+20 1.329254e+41
1.480500e-14 -3.400831e+20 1.156565e+41
1.482000e-14 -3.152336e+20 9.937223e+40
1.483500e-14 -2.900701e+20 8.414069e+40
1.485000e-14 -2.646224e+20 7.002501e+40
1.486500e-14 -2.389203e+20 5.708289e+40
1.488000e-14 -2.129939e+20 4.536640e+40
1.489500e-14 -1.868736e+20 3.492176e+40
1.491000e-14 -1.605900e+20 2.578915e+40
1.492500e-14 -1.341736e+20 1.800257e+40
1.494000e-14 -1.076553e+20 1.158965e+40
1.495500e-14 -8.106564e+19 6.571638e+39
1.497000e-14 -5.443561e+19 2.963235e+39
1.498500e-14 -2.779595e+19 7.726148e+38
