0.0000000000000000 0.0100000000000000 0.0000000000000000 1.0000000000000000 0.0000000000000000 1.0000000000000000
0.0100000000000000 0.0100000000000000 0.0000125003125000 1.0000500000000001 0.0001000024999765 1.0001000125015003
0.0199995000499925 0.0099995000499925 0.0000250018748906 1.0001000024998126 0.0002000124988126 1.0002000550131280
0.0299985003748807 0.0099990003248882 0.0000375034363902 1.0001500024981875 0.0003000174903044 1.0003001175346329
0.0399970014492579 0.0099985010743772 0.0000500049959984 1.0001999999939999 0.0004000149671266 1.0004002000640080
0.0499950039471370 0.0099980024978791 0.0000625065527143 1.0002499949871237 0.0005000024226437 1.0005003025992407
0.0599925087416514 0.0099975047945145 0.0000750081054111 1.0002999874779304 0.0005999773499726 1.0006004251373048
0.0699895169047420 0.0099970081630906 0.0000875096528364 1.0003499774672877 0.0006999372420466 1.0007005676741625
0.0799860297068244 0.0099965128020824 0.0001000111936109 1.0003999649565574 0.0007998795916741 1.0008007302047555
0.0899820486164375 0.0099960189096131 0.0001125127262292 1.0004499499475945 0.0008998018916053 1.0009009127230064
0.0999775752998734 0.0099955266834359 0.0001250142490591 1.0004999324427453 0.0009997016345937 1.0010011152218141
0.1099726116207880 0.0099950363209146 0.0001375157603408 1.0005499124448454 0.0010995763134576 1.0011013376930491
0.1199671596397933 0.0099945480190053 0.0001500172581881 1.0005998899572186 0.0011994234211453 1.0012015801275542
0.1299612216140313 0.0099940619742381 0.0001625187405864 1.0006498649836750 0.0012992404507966 1.0013018425151397
0.1399547999967297 0.0099935783826984 0.0001750202053941 1.0006998375285081 0.0013990248958071 1.0014021248445795
0.1499478974367390 0.0099930974400093 0.0001875216503415 1.0007498075964949 0.0014987742498917 1.0015024271036124
0.1599405167780520 0.0099926193413130 0.0002000230730309 1.0007997751928925 0.0015984860071479 1.0016027492789361
0.1699326610593057 0.0099921442812536 0.0002125244709365 1.0008497403234369 0.0016981576621193 1.0017030913562084
0.1799243335132645 0.0099916724539589 0.0002250258414044 1.0008997029943405 0.0017977867098607 1.0018034533200411
0.1899155375662875 0.0099912040530230 0.0002375271816518 1.0009496632122905 0.0018973706459997 1.0019038351540017
0.1999062768377768 0.0099907392714892 0.0002500284887679 1.0009996209844472 0.0019969069668041 1.0020042368406108
0.2098965551396094 0.0099902783018326 0.0002625297597134 1.0010495763184410 0.0020963931692435 1.0021046583613382
0.2198863764755523 0.0099898213359429 0.0002750309913200 1.0010995292223712 0.0021958267510548 1.0022050996966043
0.2298757450406601 0.0099893685651077 0.0002875321802910 1.0011494797048031 0.0022952052108066 1.0023055608257758
0.2398646652206559 0.0099889201799959 0.0003000333232008 1.0011994277747667 0.0023945260479644 1.0024060417271683
0.2498531415912965 0.0099884763706405 0.0003125344164954 1.0012493734417529 0.0024937867629535 1.0025065423780397
0.2598411789177196 0.0099880373264231 0.0003250354564918 1.0012993167157138 0.0025929848572271 1.0026070627545953
0.2698287821537765 0.0099876032360569 0.0003375364393785 1.0013492576070577 0.0026921178333280 1.0027076028319812
0.2798159564413474 0.0099871742875709 0.0003500373612152 1.0013991961266488 0.0027911831949559 1.0028081625842886
0.2898027071096413 0.0099867506682939 0.0003625382179332 1.0014491322858041 0.0028901784470327 1.0029087419845497
0.2997890396744801 0.0099863325648389 0.0003750390053351 1.0014990660962906 0.0029891010957664 1.0030093410047383
0.3097749598375671 0.0099859201630870 0.0003875397190953 1.0015489975703233 0.0030879486487173 1.0031099596157691
0.3197604734857395 0.0099855136481725 0.0004000403547596 1.0015989267205641 0.0031867186148657 1.0032105977875003
0.3297455866902069 0.0099851132044674 0.0004125409077458 1.0016488535601158 0.0032854085046728 1.0033112554887273
0.3397303057057730 0.0099847190155660 0.0004250413733438 1.0016987781025244 0.0033840158301534 1.0034119326871918
0.3497146369700434 0.0099843312642705 0.0004375417467153 1.0017487003617718 0.0034825381049342 1.0035126293495715
0.3596985871026188 0.0099839501325754 0.0004500420228945 1.0017986203522773 0.0035809728443270 1.0036133454414908
0.3696821629042725 0.0099835758016537 0.0004625421967880 1.0018485380888924 0.0036793175653899 1.0037140809275145
0.3796653713561142 0.0099832084518417 0.0004750422631754 1.0018984535868996 0.0037775697869968 1.0038148357711505
0.3896482196187393 0.0099828482626250 0.0004875422167089 1.0019483668620086 0.0038757270299011 1.0039156099348514
0.3996307150313638 0.0099824954126245 0.0005000420519143 1.0019982779303551 0.0039737868168049 1.0040164033800147
0.4096128651109455 0.0099821500795817 0.0005125417631906 1.0020481868084972 0.0040717466724239 1.0041172160669845
0.4195946775512913 0.0099818124403458 0.0005250413448106 1.0020980935134127 0.0041696041235545 1.0042180479550520
0.4295761602221505 0.0099814826708592 0.0005375407909216 1.0021479980624970 0.0042673566991412 1.0043188990024581
0.4395573211682947 0.0099811609461442 0.0005500400955447 1.0021979004735599 0.0043650019303430 1.0044197691663943
0.4495381686085847 0.0099808474402900 0.0005625392525763 1.0022478007648230 0.0044625373506004 1.0045206584030044
0.4595187109350236 0.0099805423264389 0.0005750382557879 1.0022976989549168 0.0045599604957035 1.0046215666673870
0.4694989567117970 0.0099802457767735 0.0005875370988264 1.0023475950628784 0.0046572689038572 1.0047224939135975
0.4794789146743008 0.0099799579625038 0.0006000357752148 1.0023974891081480 0.0047544601157509 1.0048234400946494
0.4894585937281554 0.0099796790538546 0.0006125342783524 1.0024473811105672 0.0048515316746246 1.0049244051625197
0.4994380029482078 0.0099794092200524 0.0006250326015155 1.0024972710903746 0.0049484811263361 1.0050253890681469
0.5094171515775213 0.0099791486293136 0.0006375307378574 1.0025471590682038 0.0050453060194284 1.0051263917614366
0.5193960490263529 0.0099788974488316 0.0006500286804096 1.0025970450650816 0.0051420039052004 1.0052274131912664
0.5293747048711182 0.0099786558447652 0.0006625264220817 1.0026469291024229 0.0052385723377696 1.0053284533054838
0.5393531288533444 0.0099784239822262 0.0006750239556623 1.0026968112020296 0.0053350088741438 1.0054295120509136
0.5493313308786123 0.0099782020252679 0.0006875212738189 1.0027466913860867 0.0054313110742865 1.0055305893733595
0.5593093210154853 0.0099779901368729 0.0007000183690998 1.0027965696771601 0.0055274765011876 1.0056316852176090
0.5692871094944277 0.0099777884789425 0.0007125152339331 1.0028464460981932 0.0056235027209280 1.0057327995274359
0.5792647067067119 0.0099775972122842 0.0007250118606283 1.0028963206725041 0.0057193873027510 1.0058339322456045
0.5892421232033132 0.0099774164966012 0.0007375082413769 1.0029461934237827 0.0058151278191274 1.0059350833138740
0.5992193696937945 0.0099772464904814 0.0007500043682525 1.0029960643760873 0.0059107218458258 1.0060362526730018
0.6091964570451803 0.0099770873513858 0.0007625002332119 1.0030459335538426 0.0060061669619795 1.0061374402627501
0.6191733962808187 0.0099769392356384 0.0007749958280960 1.0030958009818356 0.0061014607501562 1.0062386460218877
0.6291501985792337 0.0099768022984150 0.0007874911446294 1.0031456666852132 0.0061966007964242 1.0063398698881967
0.6391268752729670 0.0099766766937332 0.0007999861744227 1.0031955306894789 0.0062915846904224 1.0064411117984755
0.6491034378474088 0.0099765625744418 0.0008124809089720 1.0032453930204905 0.0063864100254289 1.0065423716885475
0.6590798979396191 0.0099764600922103 0.0008249753396603 1.0032952537044562 0.0064810743984276 1.0066436494932618
0.6690562673371387 0.0099763693975196 0.0008374694577582 1.0033451127679316 0.0065755754101788 1.0067449451465014
0.6790325579767900 0.0099762906396513 0.0008499632544242 1.0033949702378178 0.0066699106652859 1.0068462585811886
0.6890087819434682 0.0099762239666781 0.0008624567207064 1.0034448261413564 0.0067640777722643 1.0069475897292892
0.6989849514689228 0.0099761695254547 0.0008749498475425 1.0034946805061287 0.0068580743436117 1.0070489385218200
0.7089610789305301 0.0099761274616073 0.0008874426257612 1.0035445333600506 0.0069518979958731 1.0071503048888546
0.7189371768500552 0.0099760979195252 0.0008999350460829 1.0035943847313704 0.0070455463497131 1.0072516887595280
0.7289132578924060 0.0099760810423509 0.0009124270991207 1.0036442346486667 0.0071390170299820 1.0073530900620455
0.7388893348643772 0.0099760769719712 0.0009249187753812 1.0036940831408432 0.0072323076657852 1.0074545087236875
0.7488654207133858 0.0099760858490085 0.0009374100652651 1.0037439302371276 0.0073254158905510 1.0075559446708171
0.7588415285261972 0.0099761078128114 0.0009499009590690 1.0037937759670672 0.0074183393421007 1.0076573978288861
0.7688176715276437 0.0099761430014465 0.0009623914469858 1.0038436203605259 0.0075110756627150 1.0077588681224414
0.7787938630793331 0.0099761915516894 0.0009748815191057 1.0038934634476830 0.0076036224992051 1.0078603554751371
0.7887701166783498 0.0099762535990168 0.0009873711654174 1.0039433052590268 0.0076959775029789 1.0079618598097337
0.7987464459559472 0.0099763292775974 0.0009998603758088 1.0039931458253537 0.0077881383301094 1.0080633810481119
0.8087228646762319 0.0099764187202846 0.0010123491400688 1.0040429851777655 0.0078801026414061 1.0081649191112787
0.8186993867348396 0.0099765220586077 0.0010248374478872 1.0040928233476645 0.0079718681024796 1.0082664739193750
0.8286760261576037 0.0099766394227642 0.0010373252888571 1.0041426603667516 0.0080634323838126 1.0083680453916821
0.8386527970992158 0.0099767709416121 0.0010498126524749 1.0041924962670228 0.0081547931608272 1.0084696334466325
0.8486297138418779 0.0099769167426621 0.0010622995281421 1.0042423310807662 0.0082459481139528 1.0085712380018168
0.8586067907939481 0.0099770769520701 0.0010747859051662 1.0042921648405589 0.0083368949286960 1.0086728589739919
0.8685840424885777 0.0099772516946296 0.0010872717727618 1.0043419975792638 0.0084276312957067 1.0087744962790908
0.8785614835823419 0.0099774410937642 0.0010997571200520 1.0043918293300265 0.0085181549108479 1.0088761498322303
0.8885391288538629 0.0099776452715211 0.0011122419360694 1.0044416601262716 0.0086084634752621 1.0089778195477193
0.8985169932024258 0.0099778643485629 0.0011247262097573 1.0044914900017008 0.0086985546954414 1.0090795053390706
0.9084950916465876 0.0099780984441617 0.0011372099299709 1.0045413189902885 0.0087884262832924 1.0091812071190065
0.9184734393227791 0.0099783476761915 0.0011496930854790 1.0045911471262801 0.0088780759562085 1.0092829247994723
0.9284520514839009 0.0099786121611217 0.0011621756649645 1.0046409744441869 0.0089675014371326 1.0093846582916413
0.9384309434979113 0.0099788920140104 0.0011746576570264 1.0046908009787847 0.0090567004546286 1.0094864075059282
0.9484101308464092 0.0099791873484979 0.0011871390501806 1.0047406267651100 0.0091456707429469 1.0095881723519973
0.9583896291232094 0.0099794982768001 0.0011996198328615 1.0047904518384567 0.0092344100420928 1.0096899527387717
0.9683694540329119 0.0099798249097025 0.0012120999934230 1.0048402762343736 0.0093229160978931 1.0097917485744461
0.9783496213894656 0.0099801673565537 0.0012245795201404 1.0048900999886601 0.0094111866620645 1.0098935597664938
0.9883301471147250 0.0099805257252594 0.0012370584012110 1.0049399231373646 0.0094992194922795 1.0099953862216793
0.9983110472370014 0.0099809001222764 0.0012495366247562 1.0049897457167798 0.0095870123522343 1.0100972278460676
1.0082923378896078 0.0099812906526066 0.0012620141788226 1.0050395677634407 0.0096745630117152 1.0101990845450359
1.0182740353093991 0.0099816974197913 0.0012744910513833 1.0050893893141215 0.0097618692466655 1.0103009562232843
1.0282561558353047 0.0099821205259056 0.0012869672303392 1.0051392104058317 0.0098489288392522 1.0104028427848462
1.0382387159068573 0.0099825600715526 0.0012994427035210 1.0051890310758127 0.0099357395779327 1.0105047441330974
1.0482217320627152 0.0099830161558579 0.0013119174586901 1.0052388513615362 0.0100222992575203 1.0106066601707722
1.0582052209391797 0.0099834888764644 0.0013243914835402 1.0052886713007005 0.0101086056792518 1.0107085907999720
1.0681891992687067 0.0099839783295270 0.0013368647656991 1.0053384909312257 0.0101946566508517 1.0108105359221737
1.0781736838784135 0.0099844846097069 0.0013493372927293 1.0053883102912531 0.0102804499865996 1.0109124954382476
1.0881586916885808 0.0099850078101673 0.0013618090521309 1.0054381294191403 0.0103659835073954 1.0110144692484635
1.0981442397111485 0.0099855480225677 0.0013742800313419 1.0054879483534593 0.0104512550408255 1.0111164572525067
1.1081303450482078 0.0099861053370594 0.0013867502177401 1.0055377671329924 0.0105362624212259 1.0112184593494866
1.1181170248904881 0.0099866798422803 0.0013992195986449 1.0055875857967287 0.0106210034897501 1.0113204754379497
1.1281042965158388 0.0099872716253505 0.0014116881613187 1.0056374043838634 0.0107054760944329 1.0114225054158956
1.1380921772877064 0.0099878807718676 0.0014241558929681 1.0056872229337916 0.0107896780902548 1.0115245491807818
1.1480806846536082 0.0099885073659019 0.0014366227807460 1.0057370414861071 0.0108736073392069 1.0116266066295427
1.1580698361436004 0.0099891514899922 0.0014490888117532 1.0057868600805990 0.0109572617103561 1.0117286776585999
1.1680596493687416 0.0099898132251412 0.0014615539730394 1.0058366787572479 0.0110406390799079 1.0118307621638731
1.1780501420195530 0.0099904926508114 0.0014740182516056 1.0058864975562243 0.0111237373312718 1.0119328600407969
1.1880413318644738 0.0099911898449207 0.0014864816344048 1.0059363165178827 0.0112065543551232 1.0120349711843275
1.1980332367483122 0.0099919048838385 0.0014989441083448 1.0059861356827622 0.0112890880494689 1.0121370954889635
1.2080258745906935 0.0099926378423814 0.0015114056602886 1.0060359550915798 0.0113713363197092 1.0122392328487508
1.2180192633845031 0.0099933887938095 0.0015238662770570 1.0060857747852299 0.0114532970787009 1.0123413831573016
1.2280134211943252 0.0099941578098222 0.0015363259454298 1.0061355948047803 0.0115349682468212 1.0124435463078061
1.2380083661548800 0.0099949449605547 0.0015487846521478 1.0061854151914686 0.0116163477520292 1.0125457221930443
1.2480041164694542 0.0099957503145742 0.0015612423839138 1.0062352359866995 0.0116974335299279 1.0126479107054003
1.2580006904083303 0.0099965739388762 0.0015736991273951 1.0062850572320423 0.0117782235238277 1.0127501117368773
1.2679981063072112 0.0099974158988809 0.0015861548692248 1.0063348789692264 0.0118587156848069 1.0128523251791077
1.2779963825656411 0.0099982762584299 0.0015986095960034 1.0063847012401403 0.0119389079717743 1.0129545509233724
1.2879955376454237 0.0099991550797827 0.0016110632943009 1.0064345240868255 0.0120187983515285 1.0130567888606063
1.2979955900690370 0.0100000524236132 0.0016235159506582 1.0064843475514769 0.0120983847988220 1.0131590388814207
1.3079965584180437 0.0100009683490067 0.0016359675515887 1.0065341716764367 0.0121776652964183 1.0132613008761115
1.3179984613315006 0.0100019029134567 0.0016484180835805 1.0065839965041932 0.0122566378351552 1.0133635747346756
1.3280013175043623 0.0100028561728617 0.0016608675330979 1.0066338220773772 0.0123353004140041 1.0134658603468252
1.3380051456858846 0.0100038281815221 0.0016733158865828 1.0066836484387580 0.0124136510401281 1.0135681576019993
1.3480099646780221 0.0100048189921375 0.0016857631304571 1.0067334756312418 0.0124916877289443 1.0136704663893799
1.3580157933338257 0.0100058286558036 0.0016982092511240 1.0067833036978675 0.0125694085041805 1.0137727865979071
1.3680226505558351 0.0100068572220093 0.0017106542349701 1.0068331326818043 0.0126468113979362 1.0138751181162922
1.3780305552944694 0.0100079047386344 0.0017230980683668 1.0068829626263482 0.0127238944507399 1.0139774608330312
1.3880395265464158 0.0100089712519465 0.0017355407376721 1.0069327935749188 0.0128006557116071 1.0140798146364201
1.3980495833530142 0.0100100568065984 0.0017479822292327 1.0069826255710563 0.0128770932380983 1.0141821794145693
1.4080607447986402 0.0100111614456261 0.0017604225293857 1.0070324586584192 0.0129532050963787 1.0142845550554198
1.4180730300090858 0.0100122852104455 0.0017728616244599 1.0070822928807797 0.0130289893612721 1.0143869414467539
1.4280864581499366 0.0100134281408509 0.0017852995007783 1.0071321282820216 0.0131044441163198 1.0144893384762126
1.4381010484249486 0.0100145902750119 0.0017977361446595 1.0071819649061373 0.0131795674538372 1.0145917460313101
1.4481168200744203 0.0100157716494717 0.0018101715424195 1.0072318027972247 0.0132543574749699 1.0146941639994482
1.4581337923735651 0.0100169722991448 0.0018226056803735 1.0072816419994828 0.0133288122897476 1.0147965922679296
1.4681519846308795 0.0100181922573144 0.0018350385448377 1.0073314825572108 0.0134029300171434 1.0148990307239758
1.4781714161865107 0.0100194315556312 0.0018474701221312 1.0073813245148029 0.0134767087851250 1.0150014792547375
1.4881921064106214 0.0100206902241107 0.0018599003985778 1.0074311679167465 0.0135501467307119 1.0151039377473134
1.4982140747017529 0.0100219682911316 0.0018723293605075 1.0074810128076188 0.0136232420000294 1.0152064060887636
1.5082373404851868 0.0100232657834338 0.0018847569942588 1.0075308592320831 0.0136959927483614 1.0153088841661222
1.5182619232113035 0.0100245827261168 0.0018971832861799 1.0075807072348868 0.0137683971402056 1.0154113718664168
1.5282878423539414 0.0100259191426379 0.0019096082226311 1.0076305568608570 0.0138404533493255 1.0155138690766785
1.5383151174087519 0.0100272750548104 0.0019220317899862 1.0076804081548991 0.0139121595588049 1.0156163756839616
1.5483437678915541 0.0100286504828023 0.0019344539746342 1.0077302611619912 0.0139835139610974 1.0157188915753528
1.5583738133366885 0.0100300454451344 0.0019468747629818 1.0077801159271833 0.0140545147580818 1.0158214166379917
1.5684052732953677 0.0100314599586792 0.0019592941414541 1.0078299724955930 0.0141251601611111 1.0159239507590823
1.5784381673340271 0.0100328940386593 0.0019717120964975 1.0078798309124029 0.0141954483910664 1.0160264938259085
1.5884725150326733 0.0100343476986461 0.0019841286145809 1.0079296912228575 0.0142653776784048 1.0161290457258516
1.5985083359832319 0.0100358209505587 0.0019965436821971 1.0079795534722586 0.0143349462632116 1.0162316063463996
1.6085456497878940 0.0100373138046622 0.0020089572858655 1.0080294177059641 0.0144041523952499 1.0163341755751669
1.6185844760574613 0.0100388262695673 0.0020213694121334 1.0080792839693844 0.0144729943340105 1.0164367532999092
1.6286248344096899 0.0100403583522286 0.0020337800475776 1.0081291523079783 0.0145414703487608 1.0165393394085347
1.6386667444676337 0.0100419100579440 0.0020461891788065 1.0081790227672505 0.0146095787185926 1.0166419337891215
1.6487102258579871 0.0100434813903533 0.0020585967924617 1.0082288953927494 0.0146773177324726 1.0167445363299348
1.6587552982094251 0.0100450723514380 0.0020710028752198 1.0082787702300611 0.0147446856892881 1.0168471469194340
1.6688019811509451 0.0100466829415199 0.0020834074137942 1.0083286473248099 0.0148116808978956 1.0169497654462969
1.6788502943102055 0.0100483131592605 0.0020958103949367 1.0083785267226522 0.0148783016771674 1.0170523917994281
1.6889002573118659 0.0100499630016603 0.0021082118054395 1.0084284084692754 0.0149445463560386 1.0171550258679765
1.6989518897759246 0.0100516324640586 0.0021206116321368 1.0084782926103930 0.0150104132735526 1.0172576675413487
1.7090052113160570 0.0100533215401323 0.0021330098619063 1.0085281791917420 0.0150759007789066 1.0173603167092238
1.7190602415379528 0.0100550302218957 0.0021454064816714 1.0085780682590804 0.0151410072314979 1.0174629732615685
1.7291170000376530 0.0100567584997003 0.0021578014784026 1.0086279598581833 0.0152057310009679 1.0175656370886526
1.7391755063998871 0.0100585063622340 0.0021701948391191 1.0086778540348398 0.0152700704672459 1.0176683080810609
1.7492357801964085 0.0100602737965213 0.0021825865508909 1.0087277508348493 0.0153340240205938 1.0177709861297097
1.7592978409843312 0.0100620607879226 0.0021949766008403 1.0087776503040200 0.0153975900616497 1.0178736711258614
1.7693617083044657 0.0100638673201344 0.0022073649761434 1.0088275524881636 0.0154607670014691 1.0179763629611380
1.7794274016796550 0.0100656933751892 0.0022197516640320 1.0088774574330932 0.0155235532615698 1.0180790615275359
1.7894949406131102 0.0100675389334551 0.0022321366517954 1.0089273651846193 0.0155859472739716 1.0181817667174384
1.7995643445867466 0.0100694039736365 0.0022445199267816 1.0089772757885482 0.0156479474812395 1.0182844784236345
1.8096356330595200 0.0100712884727734 0.0022569014763994 1.0090271892906766 0.0157095523365236 1.0183871965393272
1.8197088254657625 0.0100731924062425 0.0022692812881197 1.0090771057367895 0.0157707603036001 1.0184899209581519
1.8297839412135193 0.0100751157477568 0.0022816593494777 1.0091270251726570 0.0158315698569117 1.0185926515741883
1.8398609996828854 0.0100770584693662 0.0022940356480735 1.0091769476440307 0.0158919794816066 1.0186953882819754
1.8499400202243430 0.0100790205414577 0.0023064101715747 1.0092268731966405 0.0159519876735778 1.0187981309765248
1.8600210221570992 0.0100810019327561 0.0023187829077176 1.0092768018761911 0.0160115929395021 1.0189008795533345
1.8701040247674239 0.0100830026103246 0.0023311538443088 1.0093267337283589 0.0160707937968779 1.0190036339084023
1.8801890473069891 0.0100850225395652 0.0023435229692267 1.0093766687987888 0.0161295887740628 1.0191063939382401
1.8902761089912086 0.0100870616842194 0.0023558902704229 1.0094266071330911 0.0161879764103115 1.0192091595398884
1.9003652289975779 0.0100891200063692 0.0023682557359247 1.0094765487768373 0.0162459552558116 1.0193119306109271
1.9104564264640156 0.0100911974664377 0.0023806193538351 1.0095264937755573 0.0163035238717201 1.0194147070494899
1.9205497204872057 0.0100932940231900 0.0023929811123358 1.0095764421747364 0.0163606808301993 1.0195174887542802
1.9306451301209404 0.0100954096337347 0.0024053409996874 1.0096263940198111 0.0164174247144522 1.0196202756245794
1.9407426743744647 0.0100975442535242 0.0024176990042321 1.0096763493561669 0.0164737541187568 1.0197230675602644
1.9508423722108210 0.0100996978363563 0.0024300551143945 1.0097263082291335 0.0165296676485005 1.0198258644618183
1.9609442425451966 0.0101018703343756 0.0024424093186830 1.0097762706839826 0.0165851639202144 1.0199286662303439
1.9710483042432709 0.0101040616980743 0.0024547616056915 1.0098262367659236 0.0166402415616056 1.0200314727675754
1.9811545761195648 0.0101062718762939 0.0024671119641010 1.0098762065201015 0.0166948992115909 1.0201342839758936
1.9912630769357917 0.0101085008162269 0.0024794603826807 1.0099261799915915 0.0167491355203282 1.0202370997583352
2.0013738253992095 0.0101107484634178 0.0024918068502893 1.0099761572253980 0.0168029491492496 1.0203399200186085
