0.0000000000000000 0.0050000000000000 0.0000000000000000 1.0000000000000000 0.0000000000000000 1.0000000000000000
0.0050000000000000 0.0050000000000000 0.0000000000000001 1.0000000000000007 0.0000000000000013 1.0000000000000013
0.0100000000000000 0.0050000000000000 0.0000000000000003 1.0000000000000011 0.0000000000000021 1.0000000000000022
0.0150000000000000 0.0050000000000000 0.0000000000000004 1.0000000000000016 0.0000000000000031 1.0000000000000031
0.0200000000000000 0.0050000000000000 0.0000000000000005 1.0000000000000020 0.0000000000000041 1.0000000000000040
0.0250000000000000 0.0050000000000000 0.0000000000000006 1.0000000000000027 0.0000000000000052 1.0000000000000053
0.0300000000000000 0.0050000000000000 0.0000000000000007 1.0000000000000031 0.0000000000000063 1.0000000000000062
0.0349999999999999 0.0050000000000000 0.0000000000000009 1.0000000000000038 0.0000000000000074 1.0000000000000075
0.0399999999999999 0.0050000000000000 0.0000000000000011 1.0000000000000044 0.0000000000000088 1.0000000000000089
0.0449999999999999 0.0050000000000000 0.0000000000000012 1.0000000000000049 0.0000000000000098 1.0000000000000098
0.0499999999999999 0.0050000000000000 0.0000000000000013 1.0000000000000053 0.0000000000000107 1.0000000000000107
0.0549999999999999 0.0050000000000000 0.0000000000000014 1.0000000000000058 0.0000000000000116 1.0000000000000115
0.0599999999999998 0.0050000000000000 0.0000000000000016 1.0000000000000064 0.0000000000000128 1.0000000000000129
0.0649999999999998 0.0050000000000000 0.0000000000000017 1.0000000000000069 0.0000000000000137 1.0000000000000138
0.0699999999999998 0.0050000000000000 0.0000000000000018 1.0000000000000073 0.0000000000000147 1.0000000000000147
0.0749999999999997 0.0050000000000000 0.0000000000000019 1.0000000000000078 0.0000000000000157 1.0000000000000155
0.0799999999999997 0.0050000000000000 0.0000000000000021 1.0000000000000084 0.0000000000000169 1.0000000000000169
0.0849999999999996 0.0050000000000000 0.0000000000000022 1.0000000000000091 0.0000000000000181 1.0000000000000182
0.0899999999999996 0.0050000000000000 0.0000000000000024 1.0000000000000098 0.0000000000000193 1.0000000000000195
0.0949999999999995 0.0050000000000000 0.0000000000000026 1.0000000000000102 0.0000000000000205 1.0000000000000204
0.0999999999999995 0.0049999999999999 0.0000000000000027 1.0000000000000107 0.0000000000000214 1.0000000000000213
0.1049999999999994 0.0049999999999999 0.0000000000000028 1.0000000000000113 0.0000000000000227 1.0000000000000226
0.1099999999999994 0.0049999999999999 0.0000000000000029 1.0000000000000118 0.0000000000000235 1.0000000000000235
0.1149999999999993 0.0049999999999999 0.0000000000000030 1.0000000000000122 0.0000000000000245 1.0000000000000244
0.1199999999999993 0.0049999999999999 0.0000000000000032 1.0000000000000129 0.0000000000000257 1.0000000000000258
0.1249999999999992 0.0049999999999999 0.0000000000000033 1.0000000000000133 0.0000000000000267 1.0000000000000266
0.1299999999999991 0.0049999999999999 0.0000000000000034 1.0000000000000138 0.0000000000000277 1.0000000000000275
0.1349999999999990 0.0049999999999999 0.0000000000000035 1.0000000000000144 0.0000000000000289 1.0000000000000289
0.1399999999999990 0.0049999999999999 0.0000000000000037 1.0000000000000149 0.0000000000000300 1.0000000000000298
0.1449999999999989 0.0049999999999999 0.0000000000000039 1.0000000000000155 0.0000000000000312 1.0000000000000311
0.1499999999999988 0.0049999999999999 0.0000000000000040 1.0000000000000160 0.0000000000000321 1.0000000000000320
0.1549999999999987 0.0049999999999999 0.0000000000000041 1.0000000000000164 0.0000000000000330 1.0000000000000329
0.1599999999999986 0.0049999999999999 0.0000000000000042 1.0000000000000171 0.0000000000000342 1.0000000000000342
0.1649999999999986 0.0049999999999999 0.0000000000000043 1.0000000000000175 0.0000000000000352 1.0000000000000351
0.1699999999999985 0.0049999999999999 0.0000000000000045 1.0000000000000180 0.0000000000000362 1.0000000000000360
0.1749999999999984 0.0049999999999999 0.0000000000000046 1.0000000000000187 0.0000000000000372 1.0000000000000373
0.1799999999999983 0.0049999999999999 0.0000000000000047 1.0000000000000191 0.0000000000000383 1.0000000000000382
0.1849999999999982 0.0049999999999999 0.0000000000000049 1.0000000000000198 0.0000000000000396 1.0000000000000395
0.1899999999999981 0.0049999999999999 0.0000000000000051 1.0000000000000202 0.0000000000000406 1.0000000000000404
0.1949999999999980 0.0049999999999999 0.0000000000000052 1.0000000000000209 0.0000000000000417 1.0000000000000417
0.1999999999999979 0.0049999999999999 0.0000000000000053 1.0000000000000215 0.0000000000000431 1.0000000000000431
0.2049999999999978 0.0049999999999999 0.0000000000000054 1.0000000000000220 0.0000000000000440 1.0000000000000440
0.2099999999999977 0.0049999999999999 0.0000000000000056 1.0000000000000224 0.0000000000000451 1.0000000000000449
0.2149999999999976 0.0049999999999999 0.0000000000000057 1.0000000000000231 0.0000000000000462 1.0000000000000462
0.2199999999999975 0.0049999999999999 0.0000000000000059 1.0000000000000235 0.0000000000000472 1.0000000000000471
0.2249999999999974 0.0049999999999999 0.0000000000000060 1.0000000000000240 0.0000000000000482 1.0000000000000480
0.2299999999999973 0.0049999999999999 0.0000000000000061 1.0000000000000246 0.0000000000000493 1.0000000000000493
0.2349999999999971 0.0049999999999999 0.0000000000000063 1.0000000000000251 0.0000000000000503 1.0000000000000502
0.2399999999999970 0.0049999999999999 0.0000000000000064 1.0000000000000258 0.0000000000000517 1.0000000000000515
0.2449999999999969 0.0049999999999999 0.0000000000000066 1.0000000000000262 0.0000000000000526 1.0000000000000524
0.2499999999999967 0.0049999999999999 0.0000000000000067 1.0000000000000266 0.0000000000000537 1.0000000000000533
0.2549999999999966 0.0049999999999999 0.0000000000000068 1.0000000000000273 0.0000000000000548 1.0000000000000546
0.2599999999999965 0.0049999999999999 0.0000000000000069 1.0000000000000280 0.0000000000000560 1.0000000000000560
0.2649999999999963 0.0049999999999999 0.0000000000000071 1.0000000000000284 0.0000000000000569 1.0000000000000568
0.2699999999999962 0.0049999999999999 0.0000000000000072 1.0000000000000289 0.0000000000000581 1.0000000000000577
0.2749999999999960 0.0049999999999999 0.0000000000000074 1.0000000000000295 0.0000000000000592 1.0000000000000591
0.2799999999999959 0.0049999999999999 0.0000000000000075 1.0000000000000300 0.0000000000000601 1.0000000000000600
0.2849999999999957 0.0049999999999999 0.0000000000000077 1.0000000000000306 0.0000000000000614 1.0000000000000613
0.2899999999999955 0.0049999999999999 0.0000000000000079 1.0000000000000311 0.0000000000000624 1.0000000000000622
0.2949999999999954 0.0049999999999999 0.0000000000000079 1.0000000000000318 0.0000000000000637 1.0000000000000635
0.2999999999999952 0.0049999999999998 0.0000000000000081 1.0000000000000322 0.0000000000000646 1.0000000000000644
0.3049999999999951 0.0049999999999998 0.0000000000000082 1.0000000000000329 0.0000000000000657 1.0000000000000657
0.3099999999999949 0.0049999999999998 0.0000000000000084 1.0000000000000333 0.0000000000000670 1.0000000000000666
0.3149999999999947 0.0049999999999998 0.0000000000000085 1.0000000000000340 0.0000000000000682 1.0000000000000679
0.3199999999999946 0.0049999999999998 0.0000000000000087 1.0000000000000346 0.0000000000000693 1.0000000000000693
0.3249999999999944 0.0049999999999998 0.0000000000000088 1.0000000000000351 0.0000000000000701 1.0000000000000702
0.3299999999999942 0.0049999999999998 0.0000000000000090 1.0000000000000357 0.0000000000000716 1.0000000000000715
0.3349999999999941 0.0049999999999998 0.0000000000000091 1.0000000000000362 0.0000000000000724 1.0000000000000724
0.3399999999999939 0.0049999999999998 0.0000000000000092 1.0000000000000366 0.0000000000000733 1.0000000000000733
0.3449999999999938 0.0049999999999998 0.0000000000000094 1.0000000000000373 0.0000000000000745 1.0000000000000746
0.3499999999999936 0.0049999999999998 0.0000000000000095 1.0000000000000377 0.0000000000000754 1.0000000000000755
0.3549999999999934 0.0049999999999998 0.0000000000000095 1.0000000000000382 0.0000000000000763 1.0000000000000764
0.3599999999999933 0.0049999999999998 0.0000000000000098 1.0000000000000389 0.0000000000000777 1.0000000000000777
0.3649999999999931 0.0049999999999998 0.0000000000000099 1.0000000000000393 0.0000000000000785 1.0000000000000786
0.3699999999999929 0.0049999999999998 0.0000000000000100 1.0000000000000400 0.0000000000000797 1.0000000000000799
0.3749999999999928 0.0049999999999998 0.0000000000000100 1.0000000000000404 0.0000000000000805 1.0000000000000808
0.3799999999999926 0.0049999999999998 0.0000000000000102 1.0000000000000409 0.0000000000000816 1.0000000000000817
0.3849999999999925 0.0049999999999998 0.0000000000000103 1.0000000000000415 0.0000000000000827 1.0000000000000830
0.3899999999999922 0.0049999999999998 0.0000000000000104 1.0000000000000420 0.0000000000000837 1.0000000000000839
0.3949999999999920 0.0049999999999998 0.0000000000000106 1.0000000000000424 0.0000000000000847 1.0000000000000848
0.3999999999999918 0.0049999999999998 0.0000000000000107 1.0000000000000431 0.0000000000000858 1.0000000000000862
0.4049999999999916 0.0049999999999998 0.0000000000000109 1.0000000000000435 0.0000000000000869 1.0000000000000870
0.4099999999999914 0.0049999999999998 0.0000000000000110 1.0000000000000440 0.0000000000000878 1.0000000000000879
0.4149999999999912 0.0049999999999998 0.0000000000000111 1.0000000000000444 0.0000000000000887 1.0000000000000888
0.4199999999999909 0.0049999999999998 0.0000000000000112 1.0000000000000451 0.0000000000000898 1.0000000000000902
0.4249999999999907 0.0049999999999998 0.0000000000000114 1.0000000000000455 0.0000000000000909 1.0000000000000910
0.4299999999999905 0.0049999999999998 0.0000000000000115 1.0000000000000462 0.0000000000000919 1.0000000000000924
0.4349999999999903 0.0049999999999998 0.0000000000000117 1.0000000000000466 0.0000000000000931 1.0000000000000933
0.4399999999999901 0.0049999999999998 0.0000000000000118 1.0000000000000473 0.0000000000000942 1.0000000000000946
0.4449999999999898 0.0049999999999998 0.0000000000000119 1.0000000000000477 0.0000000000000950 1.0000000000000955
0.4499999999999896 0.0049999999999998 0.0000000000000120 1.0000000000000484 0.0000000000000964 1.0000000000000968
0.4549999999999894 0.0049999999999998 0.0000000000000122 1.0000000000000488 0.0000000000000973 1.0000000000000977
0.4599999999999892 0.0049999999999998 0.0000000000000123 1.0000000000000493 0.0000000000000982 1.0000000000000986
0.4649999999999890 0.0049999999999998 0.0000000000000124 1.0000000000000497 0.0000000000000990 1.0000000000000995
0.4699999999999888 0.0049999999999998 0.0000000000000125 1.0000000000000502 0.0000000000001001 1.0000000000001004
0.4749999999999885 0.0049999999999998 0.0000000000000126 1.0000000000000506 0.0000000000001009 1.0000000000001013
0.4799999999999883 0.0049999999999998 0.0000000000000127 1.0000000000000513 0.0000000000001022 1.0000000000001026
0.4849999999999881 0.0049999999999998 0.0000000000000129 1.0000000000000520 0.0000000000001031 1.0000000000001039
0.4899999999999879 0.0049999999999998 0.0000000000000130 1.0000000000000526 0.0000000000001044 1.0000000000001052
0.4949999999999877 0.0049999999999998 0.0000000000000132 1.0000000000000531 0.0000000000001056 1.0000000000001061
0.4999999999999875 0.0049999999999998 0.0000000000000133 1.0000000000000535 0.0000000000001063 1.0000000000001070
0.5049999999999872 0.0049999999999998 0.0000000000000135 1.0000000000000542 0.0000000000001077 1.0000000000001084
0.5099999999999870 0.0049999999999998 0.0000000000000135 1.0000000000000546 0.0000000000001083 1.0000000000001092
0.5149999999999868 0.0049999999999998 0.0000000000000137 1.0000000000000551 0.0000000000001094 1.0000000000001101
0.5199999999999866 0.0049999999999998 0.0000000000000139 1.0000000000000557 0.0000000000001107 1.0000000000001115
0.5249999999999864 0.0049999999999998 0.0000000000000140 1.0000000000000564 0.0000000000001117 1.0000000000001128
0.5299999999999861 0.0049999999999998 0.0000000000000142 1.0000000000000568 0.0000000000001127 1.0000000000001137
0.5349999999999859 0.0049999999999998 0.0000000000000143 1.0000000000000575 0.0000000000001139 1.0000000000001150
0.5399999999999857 0.0049999999999998 0.0000000000000144 1.0000000000000580 0.0000000000001149 1.0000000000001159
0.5449999999999855 0.0049999999999998 0.0000000000000145 1.0000000000000586 0.0000000000001160 1.0000000000001172
0.5499999999999853 0.0049999999999998 0.0000000000000147 1.0000000000000591 0.0000000000001171 1.0000000000001181
0.5549999999999851 0.0049999999999998 0.0000000000000149 1.0000000000000597 0.0000000000001181 1.0000000000001195
0.5599999999999848 0.0049999999999998 0.0000000000000150 1.0000000000000604 0.0000000000001194 1.0000000000001208
0.5649999999999846 0.0049999999999998 0.0000000000000152 1.0000000000000608 0.0000000000001205 1.0000000000001217
0.5699999999999844 0.0049999999999998 0.0000000000000153 1.0000000000000613 0.0000000000001212 1.0000000000001226
0.5749999999999842 0.0049999999999998 0.0000000000000155 1.0000000000000617 0.0000000000001222 1.0000000000001235
0.5799999999999840 0.0049999999999998 0.0000000000000155 1.0000000000000624 0.0000000000001233 1.0000000000001248
0.5849999999999838 0.0049999999999998 0.0000000000000157 1.0000000000000631 0.0000000000001246 1.0000000000001261
0.5899999999999835 0.0049999999999998 0.0000000000000158 1.0000000000000635 0.0000000000001254 1.0000000000001270
0.5949999999999833 0.0049999999999998 0.0000000000000160 1.0000000000000639 0.0000000000001265 1.0000000000001279
0.5999999999999831 0.0049999999999998 0.0000000000000161 1.0000000000000646 0.0000000000001275 1.0000000000001292
0.6049999999999829 0.0049999999999997 0.0000000000000163 1.0000000000000653 0.0000000000001289 1.0000000000001306
0.6099999999999827 0.0049999999999997 0.0000000000000164 1.0000000000000655 0.0000000000001295 1.0000000000001310
0.6149999999999824 0.0049999999999997 0.0000000000000165 1.0000000000000662 0.0000000000001308 1.0000000000001323
0.6199999999999822 0.0049999999999997 0.0000000000000167 1.0000000000000666 0.0000000000001316 1.0000000000001332
0.6249999999999820 0.0049999999999997 0.0000000000000168 1.0000000000000673 0.0000000000001327 1.0000000000001346
0.6299999999999818 0.0049999999999997 0.0000000000000169 1.0000000000000677 0.0000000000001338 1.0000000000001354
0.6349999999999816 0.0049999999999997 0.0000000000000170 1.0000000000000682 0.0000000000001345 1.0000000000001363
0.6399999999999814 0.0049999999999997 0.0000000000000172 1.0000000000000688 0.0000000000001356 1.0000000000001377
0.6449999999999811 0.0049999999999997 0.0000000000000173 1.0000000000000693 0.0000000000001367 1.0000000000001386
0.6499999999999809 0.0049999999999997 0.0000000000000174 1.0000000000000697 0.0000000000001376 1.0000000000001394
0.6549999999999807 0.0049999999999997 0.0000000000000176 1.0000000000000704 0.0000000000001388 1.0000000000001408
0.6599999999999805 0.0049999999999997 0.0000000000000177 1.0000000000000708 0.0000000000001396 1.0000000000001417
0.6649999999999803 0.0049999999999997 0.0000000000000178 1.0000000000000715 0.0000000000001408 1.0000000000001430
0.6699999999999801 0.0049999999999997 0.0000000000000180 1.0000000000000719 0.0000000000001419 1.0000000000001439
0.6749999999999798 0.0049999999999997 0.0000000000000180 1.0000000000000724 0.0000000000001427 1.0000000000001448
0.6799999999999796 0.0049999999999997 0.0000000000000182 1.0000000000000731 0.0000000000001439 1.0000000000001461
0.6849999999999794 0.0049999999999997 0.0000000000000184 1.0000000000000735 0.0000000000001450 1.0000000000001470
0.6899999999999792 0.0049999999999997 0.0000000000000185 1.0000000000000742 0.0000000000001460 1.0000000000001483
0.6949999999999790 0.0049999999999997 0.0000000000000187 1.0000000000000746 0.0000000000001469 1.0000000000001492
0.6999999999999788 0.0049999999999997 0.0000000000000188 1.0000000000000753 0.0000000000001480 1.0000000000001505
0.7049999999999785 0.0049999999999997 0.0000000000000189 1.0000000000000759 0.0000000000001492 1.0000000000001519
0.7099999999999783 0.0049999999999997 0.0000000000000191 1.0000000000000764 0.0000000000001502 1.0000000000001528
0.7149999999999781 0.0049999999999997 0.0000000000000193 1.0000000000000770 0.0000000000001514 1.0000000000001541
0.7199999999999779 0.0049999999999997 0.0000000000000194 1.0000000000000773 0.0000000000001520 1.0000000000001545
0.7249999999999777 0.0049999999999997 0.0000000000000195 1.0000000000000782 0.0000000000001534 1.0000000000001563
0.7299999999999774 0.0049999999999997 0.0000000000000197 1.0000000000000786 0.0000000000001543 1.0000000000001572
0.7349999999999772 0.0049999999999997 0.0000000000000198 1.0000000000000793 0.0000000000001556 1.0000000000001585
0.7399999999999770 0.0049999999999997 0.0000000000000199 1.0000000000000797 0.0000000000001564 1.0000000000001594
0.7449999999999768 0.0049999999999997 0.0000000000000200 1.0000000000000802 0.0000000000001573 1.0000000000001603
0.7499999999999766 0.0049999999999997 0.0000000000000202 1.0000000000000808 0.0000000000001583 1.0000000000001616
0.7549999999999764 0.0049999999999997 0.0000000000000203 1.0000000000000813 0.0000000000001592 1.0000000000001625
0.7599999999999761 0.0049999999999997 0.0000000000000204 1.0000000000000817 0.0000000000001601 1.0000000000001634
0.7649999999999759 0.0049999999999997 0.0000000000000205 1.0000000000000824 0.0000000000001611 1.0000000000001648
0.7699999999999757 0.0049999999999997 0.0000000000000207 1.0000000000000830 0.0000000000001625 1.0000000000001661
0.7749999999999755 0.0049999999999997 0.0000000000000208 1.0000000000000835 0.0000000000001634 1.0000000000001670
0.7799999999999753 0.0049999999999997 0.0000000000000210 1.0000000000000839 0.0000000000001642 1.0000000000001679
0.7849999999999751 0.0049999999999997 0.0000000000000211 1.0000000000000846 0.0000000000001654 1.0000000000001692
0.7899999999999748 0.0049999999999997 0.0000000000000212 1.0000000000000850 0.0000000000001663 1.0000000000001701
0.7949999999999746 0.0049999999999997 0.0000000000000214 1.0000000000000857 0.0000000000001674 1.0000000000001714
0.7999999999999744 0.0049999999999997 0.0000000000000215 1.0000000000000862 0.0000000000001683 1.0000000000001723
0.8049999999999742 0.0049999999999997 0.0000000000000216 1.0000000000000866 0.0000000000001692 1.0000000000001732
0.8099999999999740 0.0049999999999997 0.0000000000000217 1.0000000000000873 0.0000000000001702 1.0000000000001745
0.8149999999999737 0.0049999999999997 0.0000000000000219 1.0000000000000877 0.0000000000001713 1.0000000000001754
0.8199999999999735 0.0049999999999997 0.0000000000000220 1.0000000000000882 0.0000000000001721 1.0000000000001763
0.8249999999999733 0.0049999999999997 0.0000000000000222 1.0000000000000888 0.0000000000001733 1.0000000000001776
0.8299999999999731 0.0049999999999997 0.0000000000000223 1.0000000000000895 0.0000000000001745 1.0000000000001790
0.8349999999999729 0.0049999999999997 0.0000000000000224 1.0000000000000899 0.0000000000001753 1.0000000000001799
0.8399999999999727 0.0049999999999997 0.0000000000000225 1.0000000000000904 0.0000000000001759 1.0000000000001807
0.8449999999999724 0.0049999999999997 0.0000000000000227 1.0000000000000910 0.0000000000001772 1.0000000000001821
0.8499999999999722 0.0049999999999997 0.0000000000000228 1.0000000000000915 0.0000000000001780 1.0000000000001830
0.8549999999999720 0.0049999999999997 0.0000000000000230 1.0000000000000921 0.0000000000001791 1.0000000000001843
0.8599999999999718 0.0049999999999997 0.0000000000000231 1.0000000000000928 0.0000000000001803 1.0000000000001856
0.8649999999999716 0.0049999999999997 0.0000000000000232 1.0000000000000933 0.0000000000001812 1.0000000000001865
0.8699999999999714 0.0049999999999998 0.0000000000000234 1.0000000000000939 0.0000000000001824 1.0000000000001878
0.8749999999999711 0.0049999999999998 0.0000000000000235 1.0000000000000944 0.0000000000001831 1.0000000000001887
0.8799999999999709 0.0049999999999998 0.0000000000000237 1.0000000000000950 0.0000000000001842 1.0000000000001901
0.8849999999999707 0.0049999999999998 0.0000000000000238 1.0000000000000955 0.0000000000001851 1.0000000000001910
0.8899999999999705 0.0049999999999998 0.0000000000000239 1.0000000000000959 0.0000000000001858 1.0000000000001918
0.8949999999999703 0.0049999999999998 0.0000000000000241 1.0000000000000966 0.0000000000001871 1.0000000000001932
0.8999999999999700 0.0049999999999998 0.0000000000000242 1.0000000000000973 0.0000000000001883 1.0000000000001945
0.9049999999999698 0.0049999999999998 0.0000000000000244 1.0000000000000977 0.0000000000001892 1.0000000000001954
0.9099999999999696 0.0049999999999998 0.0000000000000245 1.0000000000000984 0.0000000000001902 1.0000000000001967
0.9149999999999694 0.0049999999999998 0.0000000000000247 1.0000000000000990 0.0000000000001915 1.0000000000001981
0.9199999999999692 0.0049999999999998 0.0000000000000248 1.0000000000000995 0.0000000000001921 1.0000000000001990
0.9249999999999690 0.0049999999999998 0.0000000000000249 1.0000000000000999 0.0000000000001929 1.0000000000001998
0.9299999999999687 0.0049999999999998 0.0000000000000250 1.0000000000001004 0.0000000000001938 1.0000000000002007
0.9349999999999685 0.0049999999999998 0.0000000000000251 1.0000000000001008 0.0000000000001948 1.0000000000002016
0.9399999999999683 0.0049999999999998 0.0000000000000253 1.0000000000001017 0.0000000000001960 1.0000000000002034
0.9449999999999681 0.0049999999999998 0.0000000000000255 1.0000000000001021 0.0000000000001970 1.0000000000002043
0.9499999999999679 0.0049999999999998 0.0000000000000256 1.0000000000001026 0.0000000000001978 1.0000000000002052
0.9549999999999677 0.0049999999999998 0.0000000000000257 1.0000000000001033 0.0000000000001988 1.0000000000002065
0.9599999999999674 0.0049999999999998 0.0000000000000259 1.0000000000001039 0.0000000000002000 1.0000000000002078
0.9649999999999672 0.0049999999999998 0.0000000000000260 1.0000000000001044 0.0000000000002008 1.0000000000002087
0.9699999999999670 0.0049999999999998 0.0000000000000262 1.0000000000001050 0.0000000000002020 1.0000000000002101
0.9749999999999668 0.0049999999999998 0.0000000000000263 1.0000000000001057 0.0000000000002030 1.0000000000002114
0.9799999999999666 0.0049999999999998 0.0000000000000264 1.0000000000001061 0.0000000000002038 1.0000000000002123
0.9849999999999663 0.0049999999999998 0.0000000000000265 1.0000000000001066 0.0000000000002047 1.0000000000002132
0.9899999999999661 0.0049999999999998 0.0000000000000266 1.0000000000001070 0.0000000000002055 1.0000000000002141
0.9949999999999659 0.0049999999999998 0.0000000000000268 1.0000000000001077 0.0000000000002066 1.0000000000002154
0.9999999999999657 0.0049999999999998 0.0000000000000269 1.0000000000001081 0.0000000000002073 1.0000000000002163
1.0049999999999655 0.0049999999999998 0.0000000000000271 1.0000000000001088 0.0000000000002085 1.0000000000002176
1.0099999999999654 0.0049999999999998 0.0000000000000273 1.0000000000001095 0.0000000000002095 1.0000000000002189
1.0149999999999653 0.0049999999999998 0.0000000000000274 1.0000000000001099 0.0000000000002104 1.0000000000002198
1.0199999999999652 0.0049999999999998 0.0000000000000275 1.0000000000001104 0.0000000000002112 1.0000000000002207
1.0249999999999651 0.0049999999999998 0.0000000000000276 1.0000000000001110 0.0000000000002123 1.0000000000002220
1.0299999999999649 0.0049999999999998 0.0000000000000278 1.0000000000001115 0.0000000000002132 1.0000000000002229
1.0349999999999648 0.0049999999999998 0.0000000000000279 1.0000000000001121 0.0000000000002142 1.0000000000002243
1.0399999999999647 0.0049999999999998 0.0000000000000280 1.0000000000001128 0.0000000000002151 1.0000000000002256
1.0449999999999646 0.0049999999999998 0.0000000000000282 1.0000000000001132 0.0000000000002161 1.0000000000002265
1.0499999999999645 0.0049999999999998 0.0000000000000284 1.0000000000001139 0.0000000000002171 1.0000000000002278
1.0549999999999644 0.0049999999999998 0.0000000000000285 1.0000000000001146 0.0000000000002183 1.0000000000002292
1.0599999999999643 0.0049999999999998 0.0000000000000287 1.0000000000001150 0.0000000000002192 1.0000000000002300
1.0649999999999642 0.0049999999999998 0.0000000000000288 1.0000000000001155 0.0000000000002200 1.0000000000002309
1.0699999999999641 0.0049999999999998 0.0000000000000290 1.0000000000001161 0.0000000000002211 1.0000000000002323
1.0749999999999640 0.0049999999999998 0.0000000000000291 1.0000000000001168 0.0000000000002221 1.0000000000002336
1.0799999999999639 0.0049999999999998 0.0000000000000293 1.0000000000001172 0.0000000000002229 1.0000000000002345
1.0849999999999638 0.0049999999999998 0.0000000000000293 1.0000000000001177 0.0000000000002238 1.0000000000002354
1.0899999999999637 0.0049999999999998 0.0000000000000295 1.0000000000001183 0.0000000000002249 1.0000000000002367
1.0949999999999636 0.0049999999999998 0.0000000000000297 1.0000000000001188 0.0000000000002257 1.0000000000002376
1.0999999999999635 0.0049999999999998 0.0000000000000298 1.0000000000001195 0.0000000000002268 1.0000000000002389
1.1049999999999633 0.0049999999999998 0.0000000000000300 1.0000000000001201 0.0000000000002280 1.0000000000002403
1.1099999999999632 0.0049999999999999 0.0000000000000301 1.0000000000001206 0.0000000000002287 1.0000000000002411
1.1149999999999631 0.0049999999999999 0.0000000000000302 1.0000000000001212 0.0000000000002297 1.0000000000002425
1.1199999999999630 0.0049999999999999 0.0000000000000304 1.0000000000001217 0.0000000000002306 1.0000000000002434
1.1249999999999629 0.0049999999999999 0.0000000000000305 1.0000000000001221 0.0000000000002313 1.0000000000002442
1.1299999999999628 0.0049999999999999 0.0000000000000306 1.0000000000001228 0.0000000000002325 1.0000000000002456
1.1349999999999627 0.0049999999999999 0.0000000000000308 1.0000000000001232 0.0000000000002334 1.0000000000002465
1.1399999999999626 0.0049999999999999 0.0000000000000309 1.0000000000001237 0.0000000000002342 1.0000000000002474
1.1449999999999625 0.0049999999999999 0.0000000000000310 1.0000000000001243 0.0000000000002352 1.0000000000002487
1.1499999999999624 0.0049999999999999 0.0000000000000312 1.0000000000001248 0.0000000000002361 1.0000000000002496
1.1549999999999623 0.0049999999999999 0.0000000000000313 1.0000000000001252 0.0000000000002368 1.0000000000002505
1.1599999999999622 0.0049999999999999 0.0000000000000314 1.0000000000001259 0.0000000000002379 1.0000000000002518
1.1649999999999621 0.0049999999999999 0.0000000000000316 1.0000000000001263 0.0000000000002388 1.0000000000002527
1.1699999999999620 0.0049999999999999 0.0000000000000317 1.0000000000001270 0.0000000000002397 1.0000000000002540
1.1749999999999619 0.0049999999999999 0.0000000000000318 1.0000000000001277 0.0000000000002408 1.0000000000002554
1.1799999999999617 0.0049999999999999 0.0000000000000320 1.0000000000001281 0.0000000000002417 1.0000000000002562
1.1849999999999616 0.0049999999999999 0.0000000000000322 1.0000000000001288 0.0000000000002427 1.0000000000002576
1.1899999999999615 0.0049999999999999 0.0000000000000323 1.0000000000001295 0.0000000000002436 1.0000000000002589
1.1949999999999614 0.0049999999999999 0.0000000000000324 1.0000000000001301 0.0000000000002446 1.0000000000002602
1.1999999999999613 0.0049999999999999 0.0000000000000326 1.0000000000001306 0.0000000000002454 1.0000000000002611
1.2049999999999612 0.0049999999999999 0.0000000000000328 1.0000000000001312 0.0000000000002465 1.0000000000002625
1.2099999999999611 0.0049999999999999 0.0000000000000329 1.0000000000001317 0.0000000000002473 1.0000000000002633
1.2149999999999610 0.0049999999999999 0.0000000000000330 1.0000000000001321 0.0000000000002480 1.0000000000002642
1.2199999999999609 0.0049999999999999 0.0000000000000332 1.0000000000001328 0.0000000000002491 1.0000000000002656
1.2249999999999608 0.0049999999999999 0.0000000000000333 1.0000000000001332 0.0000000000002499 1.0000000000002665
1.2299999999999607 0.0049999999999999 0.0000000000000334 1.0000000000001337 0.0000000000002506 1.0000000000002673
1.2349999999999606 0.0049999999999999 0.0000000000000335 1.0000000000001341 0.0000000000002515 1.0000000000002682
1.2399999999999605 0.0050000000000000 0.0000000000000336 1.0000000000001348 0.0000000000002523 1.0000000000002696
1.2449999999999604 0.0050000000000000 0.0000000000000338 1.0000000000001352 0.0000000000002532 1.0000000000002705
1.2499999999999603 0.0050000000000000 0.0000000000000339 1.0000000000001359 0.0000000000002543 1.0000000000002718
1.2549999999999601 0.0050000000000000 0.0000000000000341 1.0000000000001363 0.0000000000002549 1.0000000000002727
1.2599999999999600 0.0050000000000000 0.0000000000000343 1.0000000000001370 0.0000000000002561 1.0000000000002740
1.2649999999999599 0.0050000000000000 0.0000000000000344 1.0000000000001377 0.0000000000002569 1.0000000000002753
1.2699999999999598 0.0050000000000000 0.0000000000000345 1.0000000000001381 0.0000000000002577 1.0000000000002762
1.2749999999999597 0.0050000000000000 0.0000000000000347 1.0000000000001386 0.0000000000002585 1.0000000000002771
1.2799999999999596 0.0050000000000000 0.0000000000000347 1.0000000000001390 0.0000000000002592 1.0000000000002780
1.2849999999999595 0.0050000000000000 0.0000000000000349 1.0000000000001399 0.0000000000002604 1.0000000000002798
1.2899999999999594 0.0050000000000000 0.0000000000000351 1.0000000000001403 0.0000000000002612 1.0000000000002807
1.2949999999999595 0.0050000000000000 0.0000000000000352 1.0000000000001408 0.0000000000002620 1.0000000000002816
1.2999999999999596 0.0050000000000000 0.0000000000000354 1.0000000000001414 0.0000000000002631 1.0000000000002829
1.3049999999999597 0.0050000000000000 0.0000000000000355 1.0000000000001419 0.0000000000002638 1.0000000000002838
1.3099999999999599 0.0050000000000000 0.0000000000000356 1.0000000000001423 0.0000000000002646 1.0000000000002847
1.3149999999999600 0.0050000000000000 0.0000000000000357 1.0000000000001430 0.0000000000002654 1.0000000000002860
1.3199999999999601 0.0050000000000000 0.0000000000000359 1.0000000000001437 0.0000000000002666 1.0000000000002873
1.3249999999999602 0.0050000000000000 0.0000000000000361 1.0000000000001441 0.0000000000002674 1.0000000000002882
1.3299999999999603 0.0050000000000000 0.0000000000000361 1.0000000000001446 0.0000000000002680 1.0000000000002891
1.3349999999999604 0.0050000000000000 0.0000000000000363 1.0000000000001452 0.0000000000002691 1.0000000000002904
1.3399999999999606 0.0050000000000001 0.0000000000000365 1.0000000000001459 0.0000000000002701 1.0000000000002918
1.3449999999999607 0.0050000000000001 0.0000000000000367 1.0000000000001465 0.0000000000002711 1.0000000000002931
1.3499999999999608 0.0050000000000001 0.0000000000000368 1.0000000000001470 0.0000000000002718 1.0000000000002940
1.3549999999999609 0.0050000000000001 0.0000000000000369 1.0000000000001474 0.0000000000002725 1.0000000000002949
1.3599999999999610 0.0050000000000001 0.0000000000000370 1.0000000000001481 0.0000000000002735 1.0000000000002962
1.3649999999999611 0.0050000000000001 0.0000000000000372 1.0000000000001488 0.0000000000002744 1.0000000000002975
1.3699999999999612 0.0050000000000001 0.0000000000000372 1.0000000000001490 0.0000000000002749 1.0000000000002980
1.3749999999999614 0.0050000000000001 0.0000000000000374 1.0000000000001497 0.0000000000002758 1.0000000000002993
1.3799999999999615 0.0050000000000001 0.0000000000000375 1.0000000000001501 0.0000000000002765 1.0000000000003002
1.3849999999999616 0.0050000000000001 0.0000000000000376 1.0000000000001508 0.0000000000002775 1.0000000000003015
1.3899999999999617 0.0050000000000001 0.0000000000000378 1.0000000000001512 0.0000000000002783 1.0000000000003024
1.3949999999999618 0.0050000000000001 0.0000000000000379 1.0000000000001517 0.0000000000002791 1.0000000000003033
1.3999999999999619 0.0050000000000001 0.0000000000000380 1.0000000000001521 0.0000000000002797 1.0000000000003042
1.4049999999999621 0.0050000000000001 0.0000000000000381 1.0000000000001528 0.0000000000002806 1.0000000000003055
1.4099999999999622 0.0050000000000001 0.0000000000000383 1.0000000000001532 0.0000000000002814 1.0000000000003064
1.4149999999999623 0.0050000000000001 0.0000000000000384 1.0000000000001539 0.0000000000002823 1.0000000000003078
1.4199999999999624 0.0050000000000001 0.0000000000000386 1.0000000000001543 0.0000000000002831 1.0000000000003086
1.4249999999999625 0.0050000000000002 0.0000000000000387 1.0000000000001548 0.0000000000002838 1.0000000000003095
1.4299999999999626 0.0050000000000002 0.0000000000000388 1.0000000000001552 0.0000000000002844 1.0000000000003104
1.4349999999999627 0.0050000000000002 0.0000000000000389 1.0000000000001559 0.0000000000002853 1.0000000000003118
1.4399999999999629 0.0050000000000002 0.0000000000000390 1.0000000000001565 0.0000000000002863 1.0000000000003131
1.4449999999999630 0.0050000000000002 0.0000000000000392 1.0000000000001570 0.0000000000002870 1.0000000000003140
1.4499999999999631 0.0050000000000002 0.0000000000000393 1.0000000000001574 0.0000000000002878 1.0000000000003149
1.4549999999999632 0.0050000000000002 0.0000000000000395 1.0000000000001581 0.0000000000002887 1.0000000000003162
1.4599999999999633 0.0050000000000002 0.0000000000000396 1.0000000000001585 0.0000000000002895 1.0000000000003171
1.4649999999999634 0.0050000000000002 0.0000000000000397 1.0000000000001592 0.0000000000002905 1.0000000000003184
1.4699999999999636 0.0050000000000002 0.0000000000000399 1.0000000000001597 0.0000000000002911 1.0000000000003193
1.4749999999999637 0.0050000000000002 0.0000000000000400 1.0000000000001601 0.0000000000002919 1.0000000000003202
1.4799999999999640 0.0050000000000002 0.0000000000000401 1.0000000000001605 0.0000000000002926 1.0000000000003211
1.4849999999999643 0.0050000000000002 0.0000000000000403 1.0000000000001612 0.0000000000002937 1.0000000000003224
1.4899999999999647 0.0050000000000002 0.0000000000000404 1.0000000000001616 0.0000000000002942 1.0000000000003233
1.4949999999999650 0.0050000000000002 0.0000000000000405 1.0000000000001623 0.0000000000002952 1.0000000000003246
1.4999999999999654 0.0050000000000003 0.0000000000000407 1.0000000000001630 0.0000000000002962 1.0000000000003260
1.5049999999999657 0.0050000000000003 0.0000000000000408 1.0000000000001634 0.0000000000002968 1.0000000000003268
1.5099999999999660 0.0050000000000003 0.0000000000000410 1.0000000000001641 0.0000000000002978 1.0000000000003282
1.5149999999999664 0.0050000000000003 0.0000000000000411 1.0000000000001645 0.0000000000002984 1.0000000000003291
1.5199999999999667 0.0050000000000003 0.0000000000000412 1.0000000000001652 0.0000000000002993 1.0000000000003304
1.5249999999999670 0.0050000000000003 0.0000000000000414 1.0000000000001656 0.0000000000003000 1.0000000000003313
1.5299999999999674 0.0050000000000003 0.0000000000000415 1.0000000000001661 0.0000000000003008 1.0000000000003322
1.5349999999999677 0.0050000000000003 0.0000000000000415 1.0000000000001665 0.0000000000003013 1.0000000000003331
1.5399999999999681 0.0050000000000003 0.0000000000000417 1.0000000000001670 0.0000000000003020 1.0000000000003340
1.5449999999999684 0.0050000000000003 0.0000000000000418 1.0000000000001676 0.0000000000003029 1.0000000000003353
1.5499999999999687 0.0050000000000003 0.0000000000000420 1.0000000000001681 0.0000000000003037 1.0000000000003362
1.5549999999999691 0.0050000000000003 0.0000000000000420 1.0000000000001685 0.0000000000003043 1.0000000000003371
1.5599999999999694 0.0050000000000003 0.0000000000000422 1.0000000000001690 0.0000000000003050 1.0000000000003380
1.5649999999999697 0.0050000000000004 0.0000000000000423 1.0000000000001694 0.0000000000003057 1.0000000000003388
1.5699999999999701 0.0050000000000004 0.0000000000000424 1.0000000000001699 0.0000000000003063 1.0000000000003397
1.5749999999999704 0.0050000000000004 0.0000000000000426 1.0000000000001705 0.0000000000003071 1.0000000000003411
1.5799999999999708 0.0050000000000004 0.0000000000000427 1.0000000000001710 0.0000000000003079 1.0000000000003419
1.5849999999999711 0.0050000000000004 0.0000000000000428 1.0000000000001716 0.0000000000003087 1.0000000000003433
1.5899999999999714 0.0050000000000004 0.0000000000000429 1.0000000000001721 0.0000000000003095 1.0000000000003442
1.5949999999999718 0.0050000000000004 0.0000000000000431 1.0000000000001725 0.0000000000003103 1.0000000000003451
1.5999999999999721 0.0050000000000004 0.0000000000000432 1.0000000000001730 0.0000000000003108 1.0000000000003459
1.6049999999999724 0.0050000000000004 0.0000000000000434 1.0000000000001736 0.0000000000003117 1.0000000000003473
1.6099999999999728 0.0050000000000004 0.0000000000000435 1.0000000000001741 0.0000000000003124 1.0000000000003482
1.6149999999999731 0.0050000000000004 0.0000000000000436 1.0000000000001747 0.0000000000003131 1.0000000000003495
1.6199999999999735 0.0050000000000004 0.0000000000000438 1.0000000000001752 0.0000000000003139 1.0000000000003504
1.6249999999999740 0.0050000000000004 0.0000000000000438 1.0000000000001756 0.0000000000003145 1.0000000000003513
1.6299999999999746 0.0050000000000005 0.0000000000000440 1.0000000000001761 0.0000000000003152 1.0000000000003522
1.6349999999999751 0.0050000000000005 0.0000000000000441 1.0000000000001765 0.0000000000003159 1.0000000000003531
1.6399999999999757 0.0050000000000005 0.0000000000000443 1.0000000000001774 0.0000000000003169 1.0000000000003548
1.6449999999999763 0.0050000000000005 0.0000000000000444 1.0000000000001776 0.0000000000003174 1.0000000000003553
1.6499999999999768 0.0050000000000005 0.0000000000000445 1.0000000000001783 0.0000000000003182 1.0000000000003566
1.6549999999999774 0.0050000000000005 0.0000000000000446 1.0000000000001787 0.0000000000003189 1.0000000000003575
1.6599999999999779 0.0050000000000005 0.0000000000000447 1.0000000000001792 0.0000000000003195 1.0000000000003584
1.6649999999999785 0.0050000000000005 0.0000000000000449 1.0000000000001799 0.0000000000003204 1.0000000000003597
1.6699999999999791 0.0050000000000005 0.0000000000000451 1.0000000000001805 0.0000000000003213 1.0000000000003610
1.6749999999999796 0.0050000000000005 0.0000000000000452 1.0000000000001812 0.0000000000003221 1.0000000000003624
1.6799999999999802 0.0050000000000005 0.0000000000000454 1.0000000000001816 0.0000000000003226 1.0000000000003633
1.6849999999999807 0.0050000000000006 0.0000000000000455 1.0000000000001823 0.0000000000003235 1.0000000000003646
1.6899999999999813 0.0050000000000006 0.0000000000000456 1.0000000000001827 0.0000000000003241 1.0000000000003655
1.6949999999999819 0.0050000000000006 0.0000000000000457 1.0000000000001834 0.0000000000003249 1.0000000000003668
1.6999999999999824 0.0050000000000006 0.0000000000000458 1.0000000000001839 0.0000000000003257 1.0000000000003677
1.7049999999999830 0.0050000000000006 0.0000000000000459 1.0000000000001843 0.0000000000003263 1.0000000000003686
1.7099999999999835 0.0050000000000006 0.0000000000000460 1.0000000000001847 0.0000000000003268 1.0000000000003695
1.7149999999999841 0.0050000000000006 0.0000000000000462 1.0000000000001854 0.0000000000003277 1.0000000000003708
1.7199999999999847 0.0050000000000006 0.0000000000000464 1.0000000000001859 0.0000000000003282 1.0000000000003717
1.7249999999999852 0.0050000000000006 0.0000000000000465 1.0000000000001865 0.0000000000003291 1.0000000000003730
1.7299999999999858 0.0050000000000006 0.0000000000000466 1.0000000000001870 0.0000000000003299 1.0000000000003739
1.7349999999999863 0.0050000000000007 0.0000000000000467 1.0000000000001876 0.0000000000003306 1.0000000000003753
1.7399999999999869 0.0050000000000007 0.0000000000000469 1.0000000000001878 0.0000000000003312 1.0000000000003757
1.7449999999999877 0.0050000000000007 0.0000000000000470 1.0000000000001885 0.0000000000003319 1.0000000000003770
1.7499999999999885 0.0050000000000007 0.0000000000000471 1.0000000000001890 0.0000000000003326 1.0000000000003779
1.7549999999999892 0.0050000000000007 0.0000000000000473 1.0000000000001898 0.0000000000003336 1.0000000000003797
1.7599999999999900 0.0050000000000007 0.0000000000000474 1.0000000000001901 0.0000000000003339 1.0000000000003801
1.7649999999999908 0.0050000000000007 0.0000000000000476 1.0000000000001907 0.0000000000003348 1.0000000000003815
1.7699999999999916 0.0050000000000007 0.0000000000000476 1.0000000000001912 0.0000000000003354 1.0000000000003824
1.7749999999999924 0.0050000000000007 0.0000000000000478 1.0000000000001918 0.0000000000003360 1.0000000000003837
1.7799999999999931 0.0050000000000007 0.0000000000000479 1.0000000000001923 0.0000000000003367 1.0000000000003846
1.7849999999999939 0.0050000000000008 0.0000000000000481 1.0000000000001927 0.0000000000003375 1.0000000000003855
1.7899999999999947 0.0050000000000008 0.0000000000000482 1.0000000000001934 0.0000000000003381 1.0000000000003868
1.7949999999999955 0.0050000000000008 0.0000000000000483 1.0000000000001938 0.0000000000003389 1.0000000000003877
1.7999999999999963 0.0050000000000008 0.0000000000000485 1.0000000000001943 0.0000000000003395 1.0000000000003886
1.8049999999999971 0.0050000000000008 0.0000000000000486 1.0000000000001950 0.0000000000003402 1.0000000000003899
1.8099999999999978 0.0050000000000008 0.0000000000000488 1.0000000000001956 0.0000000000003409 1.0000000000003912
1.8149999999999986 0.0050000000000008 0.0000000000000489 1.0000000000001963 0.0000000000003417 1.0000000000003926
1.8199999999999994 0.0050000000000008 0.0000000000000491 1.0000000000001970 0.0000000000003424 1.0000000000003939
1.8250000000000002 0.0050000000000008 0.0000000000000492 1.0000000000001974 0.0000000000003429 1.0000000000003948
1.8300000000000010 0.0050000000000008 0.0000000000000494 1.0000000000001978 0.0000000000003436 1.0000000000003957
1.8350000000000017 0.0050000000000009 0.0000000000000495 1.0000000000001985 0.0000000000003443 1.0000000000003970
1.8400000000000025 0.0050000000000009 0.0000000000000496 1.0000000000001992 0.0000000000003449 1.0000000000003983
1.8450000000000033 0.0050000000000009 0.0000000000000498 1.0000000000001996 0.0000000000003455 1.0000000000003992
1.8500000000000041 0.0050000000000009 0.0000000000000499 1.0000000000002003 0.0000000000003463 1.0000000000004006
1.8550000000000051 0.0050000000000009 0.0000000000000500 1.0000000000002007 0.0000000000003469 1.0000000000004015
1.8600000000000061 0.0050000000000009 0.0000000000000502 1.0000000000002014 0.0000000000003477 1.0000000000004028
1.8650000000000071 0.0050000000000009 0.0000000000000503 1.0000000000002016 0.0000000000003482 1.0000000000004032
1.8700000000000081 0.0050000000000009 0.0000000000000504 1.0000000000002023 0.0000000000003488 1.0000000000004046
1.8750000000000091 0.0050000000000009 0.0000000000000505 1.0000000000002027 0.0000000000003494 1.0000000000004055
1.8800000000000101 0.0050000000000010 0.0000000000000507 1.0000000000002034 0.0000000000003502 1.0000000000004068
1.8850000000000111 0.0050000000000010 0.0000000000000508 1.0000000000002041 0.0000000000003508 1.0000000000004081
1.8900000000000121 0.0050000000000010 0.0000000000000510 1.0000000000002045 0.0000000000003513 1.0000000000004090
1.8950000000000131 0.0050000000000010 0.0000000000000511 1.0000000000002052 0.0000000000003520 1.0000000000004103
1.9000000000000141 0.0050000000000010 0.0000000000000513 1.0000000000002058 0.0000000000003526 1.0000000000004117
1.9050000000000151 0.0050000000000010 0.0000000000000515 1.0000000000002065 0.0000000000003533 1.0000000000004130
1.9100000000000161 0.0050000000000010 0.0000000000000516 1.0000000000002069 0.0000000000003540 1.0000000000004139
1.9150000000000171 0.0050000000000010 0.0000000000000517 1.0000000000002074 0.0000000000003544 1.0000000000004148
1.9200000000000181 0.0050000000000011 0.0000000000000518 1.0000000000002081 0.0000000000003552 1.0000000000004161
1.9250000000000191 0.0050000000000011 0.0000000000000520 1.0000000000002085 0.0000000000003558 1.0000000000004170
1.9300000000000201 0.0050000000000011 0.0000000000000522 1.0000000000002092 0.0000000000003565 1.0000000000004183
1.9350000000000211 0.0050000000000011 0.0000000000000523 1.0000000000002096 0.0000000000003571 1.0000000000004192
1.9400000000000222 0.0050000000000011 0.0000000000000525 1.0000000000002103 0.0000000000003578 1.0000000000004206
1.9450000000000232 0.0050000000000011 0.0000000000000526 1.0000000000002107 0.0000000000003585 1.0000000000004214
1.9500000000000244 0.0050000000000011 0.0000000000000527 1.0000000000002112 0.0000000000003589 1.0000000000004223
1.9550000000000256 0.0050000000000011 0.0000000000000528 1.0000000000002118 0.0000000000003596 1.0000000000004237
1.9600000000000268 0.0050000000000011 0.0000000000000529 1.0000000000002123 0.0000000000003601 1.0000000000004245
1.9650000000000281 0.0050000000000012 0.0000000000000531 1.0000000000002127 0.0000000000003606 1.0000000000004254
1.9700000000000293 0.0050000000000012 0.0000000000000532 1.0000000000002134 0.0000000000003614 1.0000000000004268
1.9750000000000305 0.0050000000000012 0.0000000000000534 1.0000000000002138 0.0000000000003618 1.0000000000004277
1.9800000000000317 0.0050000000000012 0.0000000000000535 1.0000000000002147 0.0000000000003625 1.0000000000004294
1.9850000000000330 0.0050000000000012 0.0000000000000537 1.0000000000002154 0.0000000000003631 1.0000000000004308
1.9900000000000342 0.0050000000000012 0.0000000000000538 1.0000000000002158 0.0000000000003637 1.0000000000004317
1.9950000000000354 0.0050000000000012 0.0000000000000540 1.0000000000002165 0.0000000000003643 1.0000000000004330
2.0000000000000369 0.0050000000000012 0.0000000000000542 1.0000000000002172 0.0000000000003651 1.0000000000004343
