0.0000000000000000 0.0050000000000000 0.0000000000000000 1.0000000000000000 0.0000000000000000 1.0000000000000000
0.0049999687507812 0.0049999687507812 -0.0000000000000001 0.9999999999999998 0.0000000156247803 0.9999999999999998
0.0099999375015625 0.0049999687507813 0.0000000000000002 0.9999999999999999 0.0000000468737793 1.0000000000000020
0.0149999062539062 0.0049999687523437 0.0000000000000004 0.9999999999999999 0.0000000624979370 1.0000000000000038
0.0199998750085937 0.0049999687546874 0.0000000000000007 1.0000000000000000 0.0000000781209376 1.0000000000000062
0.0249998437664059 0.0049999687578122 0.0000000000000011 0.9999999999999999 0.0000000937430666 1.0000000000000087
0.0299998125281238 0.0049999687617180 0.0000000000000015 0.9999999999999999 0.0000001093642235 1.0000000000000118
0.0349997812945285 0.0049999687664046 0.0000000000000019 1.0000000000000000 0.0000001249843090 1.0000000000000158
0.0399997500664005 0.0049999687718720 0.0000000000000024 0.9999999999999999 0.0000001406032247 1.0000000000000195
0.0449997188445205 0.0049999687781200 0.0000000000000030 1.0000000000000000 0.0000001562208726 1.0000000000000244
0.0499996876296689 0.0049999687851484 0.0000000000000037 0.9999999999999999 0.0000001718371549 1.0000000000000293
0.0549996564226260 0.0049999687929570 0.0000000000000044 1.0000000000000000 0.0000001874519738 1.0000000000000351
0.0599996252241716 0.0049999688015456 0.0000000000000051 0.9999999999999999 0.0000002030652317 1.0000000000000411
0.0649995940350856 0.0049999688109140 0.0000000000000059 0.9999999999999999 0.0000002186768311 1.0000000000000477
0.0699995628561475 0.0049999688210619 0.0000000000000068 0.9999999999999999 0.0000002342866745 1.0000000000000546
0.0749995316881366 0.0049999688319891 0.0000000000000077 0.9999999999999999 0.0000002498946644 1.0000000000000622
0.0799995005318317 0.0049999688436951 0.0000000000000088 1.0000000000000000 0.0000002655007033 1.0000000000000706
0.0849994693880116 0.0049999688561799 0.0000000000000099 1.0000000000000000 0.0000002811046940 1.0000000000000790
0.0899994382574544 0.0049999688694429 0.0000000000000110 1.0000000000000000 0.0000002967065391 1.0000000000000882
0.0949994071409383 0.0049999688834839 0.0000000000000122 1.0000000000000000 0.0000003123061412 1.0000000000000977
0.0999993760392407 0.0049999688983024 0.0000000000000135 0.9999999999999999 0.0000003279034030 1.0000000000001072
0.1049993449531389 0.0049999689138982 0.0000000000000148 1.0000000000000000 0.0000003434982274 1.0000000000001181
0.1099993138834096 0.0049999689302707 0.0000000000000161 1.0000000000000000 0.0000003590905170 1.0000000000001290
0.1149992828308292 0.0049999689474196 0.0000000000000175 1.0000000000000000 0.0000003746801746 1.0000000000001403
0.1199992517961736 0.0049999689653444 0.0000000000000191 0.9999999999999999 0.0000003902671031 1.0000000000001521
0.1249992207802182 0.0049999689840446 0.0000000000000206 0.9999999999999999 0.0000004058512054 1.0000000000001645
0.1299991897837380 0.0049999690035198 0.0000000000000223 1.0000000000000000 0.0000004214323844 1.0000000000001776
0.1349991588075075 0.0049999690237695 0.0000000000000239 1.0000000000000000 0.0000004370105428 1.0000000000001910
0.1399991278523005 0.0049999690447930 0.0000000000000256 1.0000000000000002 0.0000004525855838 1.0000000000002054
0.1449990969188905 0.0049999690665899 0.0000000000000274 1.0000000000000000 0.0000004681574104 1.0000000000002192
0.1499990660080501 0.0049999690891597 0.0000000000000292 1.0000000000000000 0.0000004837259254 1.0000000000002340
0.1549990351205518 0.0049999691125017 0.0000000000000312 1.0000000000000002 0.0000004992910320 1.0000000000002498
0.1599990042571670 0.0049999691366152 0.0000000000000331 1.0000000000000002 0.0000005148526332 1.0000000000002656
0.1649989734186669 0.0049999691614998 0.0000000000000352 1.0000000000000002 0.0000005304106323 1.0000000000002818
0.1699989426058217 0.0049999691871548 0.0000000000000372 1.0000000000000002 0.0000005459649322 1.0000000000002986
0.1749989118194011 0.0049999692135795 0.0000000000000394 1.0000000000000000 0.0000005615154363 1.0000000000003153
0.1799988810601743 0.0049999692407731 0.0000000000000417 1.0000000000000002 0.0000005770620477 1.0000000000003335
0.1849988503289094 0.0049999692687352 0.0000000000000440 1.0000000000000002 0.0000005926046698 1.0000000000003517
0.1899988196263742 0.0049999692974648 0.0000000000000463 1.0000000000000002 0.0000006081432057 1.0000000000003704
0.1949987889533354 0.0049999693269612 0.0000000000000487 1.0000000000000000 0.0000006236775589 1.0000000000003890
0.1999987583105592 0.0049999693572238 0.0000000000000512 1.0000000000000002 0.0000006392076327 1.0000000000004090
0.2049987276988110 0.0049999693882517 0.0000000000000537 1.0000000000000002 0.0000006547333305 1.0000000000004292
0.2099986971188552 0.0049999694200442 0.0000000000000562 1.0000000000000000 0.0000006702545558 1.0000000000004492
0.2149986665714555 0.0049999694526004 0.0000000000000589 1.0000000000000002 0.0000006857712120 1.0000000000004707
0.2199986360573750 0.0049999694859194 0.0000000000000615 1.0000000000000002 0.0000007012832027 1.0000000000004923
0.2249986055773755 0.0049999695200006 0.0000000000000643 1.0000000000000002 0.0000007167904316 1.0000000000005143
0.2299985751322184 0.0049999695548428 0.0000000000000672 1.0000000000000002 0.0000007322928021 1.0000000000005367
0.2349985447226638 0.0049999695904454 0.0000000000000700 1.0000000000000002 0.0000007477902179 1.0000000000005598
0.2399985143494711 0.0049999696268073 0.0000000000000730 1.0000000000000002 0.0000007632825828 1.0000000000005831
0.2449984840133988 0.0049999696639277 0.0000000000000759 1.0000000000000000 0.0000007787698005 1.0000000000006066
0.2499984537152044 0.0049999697018056 0.0000000000000789 1.0000000000000002 0.0000007942517747 1.0000000000006313
0.2549984234556443 0.0049999697404400 0.0000000000000820 1.0000000000000000 0.0000008097284093 1.0000000000006557
0.2599983932354742 0.0049999697798299 0.0000000000000851 1.0000000000000000 0.0000008251996082 1.0000000000006810
0.2649983630554487 0.0049999698199744 0.0000000000000883 1.0000000000000000 0.0000008406652753 1.0000000000007068
0.2699983329163211 0.0049999698608724 0.0000000000000916 1.0000000000000000 0.0000008561253145 1.0000000000007330
0.2749983028188440 0.0049999699025229 0.0000000000000950 1.0000000000000000 0.0000008715796300 1.0000000000007596
0.2799982727637688 0.0049999699449248 0.0000000000000984 1.0000000000000000 0.0000008870281256 1.0000000000007869
0.2849982427518458 0.0049999699880770 0.0000000000001018 1.0000000000000000 0.0000009024707056 1.0000000000008145
0.2899982127838243 0.0049999700319785 0.0000000000001054 0.9999999999999999 0.0000009179072740 1.0000000000008424
0.2949981828604524 0.0049999700766281 0.0000000000001089 0.9999999999999999 0.0000009333377351 1.0000000000008709
0.2999981529824771 0.0049999701220247 0.0000000000001125 0.9999999999999998 0.0000009487619932 1.0000000000008997
0.3049981231506442 0.0049999701681671 0.0000000000001162 0.9999999999999999 0.0000009641799525 1.0000000000009295
0.3099980933656984 0.0049999702150542 0.0000000000001199 0.9999999999999998 0.0000009795915174 1.0000000000009592
0.3149980636283832 0.0049999702626848 0.0000000000001237 0.9999999999999999 0.0000009949965924 1.0000000000009899
0.3199980339394408 0.0049999703110576 0.0000000000001276 0.9999999999999999 0.0000010103950818 1.0000000000010207
0.3249980042996122 0.0049999703601715 0.0000000000001315 1.0000000000000000 0.0000010257868901 1.0000000000010523
0.3299979747096373 0.0049999704100251 0.0000000000001355 1.0000000000000000 0.0000010411719220 1.0000000000010840
0.3349979451702546 0.0049999704606173 0.0000000000001395 0.9999999999999998 0.0000010565500820 1.0000000000011160
0.3399979156822013 0.0049999705119467 0.0000000000001436 0.9999999999999999 0.0000010719212749 1.0000000000011489
0.3449978862462134 0.0049999705640121 0.0000000000001477 0.9999999999999998 0.0000010872854053 1.0000000000011817
0.3499978568630255 0.0049999706168120 0.0000000000001519 0.9999999999999998 0.0000011026423779 1.0000000000012155
0.3549978275333708 0.0049999706703453 0.0000000000001562 0.9999999999999999 0.0000011179920977 1.0000000000012497
0.3599977982579813 0.0049999707246105 0.0000000000001605 1.0000000000000000 0.0000011333344695 1.0000000000012845
0.3649977690375875 0.0049999707796062 0.0000000000001650 1.0000000000000000 0.0000011486693983 1.0000000000013194
0.3699977398729186 0.0049999708353311 0.0000000000001694 1.0000000000000000 0.0000011639967891 1.0000000000013549
0.3749977107647024 0.0049999708917838 0.0000000000001738 0.9999999999999999 0.0000011793165470 1.0000000000013907
0.3799976817136651 0.0049999709489627 0.0000000000001784 1.0000000000000000 0.0000011946285770 1.0000000000014273
0.3849976527205317 0.0049999710068665 0.0000000000001830 1.0000000000000000 0.0000012099327843 1.0000000000014639
0.3899976237860254 0.0049999710654938 0.0000000000001876 0.9999999999999999 0.0000012252290743 1.0000000000015010
0.3949975949108683 0.0049999711248429 0.0000000000001923 0.9999999999999998 0.0000012405173522 1.0000000000015385
0.3999975660957808 0.0049999711849125 0.0000000000001971 0.9999999999999999 0.0000012557975231 1.0000000000015770
0.4049975373414818 0.0049999712457009 0.0000000000002019 1.0000000000000000 0.0000012710694927 1.0000000000016156
0.4099975086486885 0.0049999713072068 0.0000000000002068 0.9999999999999999 0.0000012863331666 1.0000000000016545
0.4149974800181169 0.0049999713694284 0.0000000000002117 0.9999999999999999 0.0000013015884499 1.0000000000016940
0.4199974514504811 0.0049999714323643 0.0000000000002166 0.9999999999999998 0.0000013168352487 1.0000000000017337
0.4249974229464939 0.0049999714960128 0.0000000000002217 0.9999999999999999 0.0000013320734684 1.0000000000017744
0.4299973945068662 0.0049999715603723 0.0000000000002268 0.9999999999999999 0.0000013473030147 1.0000000000018150
0.4349973661323074 0.0049999716254412 0.0000000000002320 1.0000000000000000 0.0000013625237935 1.0000000000018565
0.4399973378235253 0.0049999716912179 0.0000000000002372 0.9999999999999999 0.0000013777357107 1.0000000000018980
0.4449973095812260 0.0049999717577007 0.0000000000002425 0.9999999999999999 0.0000013929386719 1.0000000000019400
0.4499972814061139 0.0049999718248879 0.0000000000002477 0.9999999999999996 0.0000014081325837 1.0000000000019820
0.4549972532988917 0.0049999718927778 0.0000000000002532 0.9999999999999999 0.0000014233173516 1.0000000000020257
0.4599972252602605 0.0049999719613688 0.0000000000002586 0.9999999999999998 0.0000014384928820 1.0000000000020688
0.4649971972909195 0.0049999720306590 0.0000000000002641 0.9999999999999998 0.0000014536590809 1.0000000000021128
0.4699971693915662 0.0049999721006467 0.0000000000002696 0.9999999999999998 0.0000014688158548 1.0000000000021569
0.4749971415628964 0.0049999721713302 0.0000000000002752 0.9999999999999998 0.0000014839631098 1.0000000000022018
0.4799971138056041 0.0049999722427077 0.0000000000002808 0.9999999999999997 0.0000014991007525 1.0000000000022466
0.4849970861203813 0.0049999723147773 0.0000000000002866 0.9999999999999998 0.0000015142286892 1.0000000000022926
0.4899970585079186 0.0049999723875373 0.0000000000002923 0.9999999999999999 0.0000015293468264 1.0000000000023388
0.4949970309689044 0.0049999724609858 0.0000000000002982 0.9999999999999999 0.0000015444550708 1.0000000000023852
0.4999970035040254 0.0049999725351209 0.0000000000003040 0.9999999999999998 0.0000015595533293 1.0000000000024318
0.5049969761139663 0.0049999726099409 0.0000000000003099 0.9999999999999998 0.0000015746415083 1.0000000000024791
0.5099969487994100 0.0049999726854438 0.0000000000003158 0.9999999999999997 0.0000015897195150 1.0000000000025266
0.5149969215610377 0.0049999727616276 0.0000000000003219 0.9999999999999998 0.0000016047872557 1.0000000000025751
0.5199968943995282 0.0049999728384906 0.0000000000003280 0.9999999999999997 0.0000016198446379 1.0000000000026232
0.5249968673155588 0.0049999729160306 0.0000000000003341 0.9999999999999998 0.0000016348915685 1.0000000000026725
0.5299968403098048 0.0049999729942459 0.0000000000003403 0.9999999999999998 0.0000016499279544 1.0000000000027218
0.5349968133829391 0.0049999730731344 0.0000000000003465 0.9999999999999998 0.0000016649537031 1.0000000000027718
0.5399967865356332 0.0049999731526941 0.0000000000003527 0.9999999999999998 0.0000016799687218 1.0000000000028220
0.5449967597685562 0.0049999732329230 0.0000000000003590 0.9999999999999998 0.0000016949729179 1.0000000000028726
0.5499967330823753 0.0049999733138191 0.0000000000003655 0.9999999999999997 0.0000017099661985 1.0000000000029234
0.5549967064777557 0.0049999733953803 0.0000000000003719 0.9999999999999998 0.0000017249484712 1.0000000000029750
0.5599966799553604 0.0049999734776047 0.0000000000003784 0.9999999999999999 0.0000017399196439 1.0000000000030271
0.5649966535158505 0.0049999735604901 0.0000000000003850 1.0000000000000000 0.0000017548796239 1.0000000000030798
0.5699966271598849 0.0049999736440344 0.0000000000003916 1.0000000000000000 0.0000017698283191 1.0000000000031324
0.5749966008881204 0.0049999737282356 0.0000000000003982 0.9999999999999999 0.0000017847656374 1.0000000000031852
0.5799965747012119 0.0049999738130915 0.0000000000004049 1.0000000000000000 0.0000017996914864 1.0000000000032390
0.5849965485998119 0.0049999738985999 0.0000000000004116 1.0000000000000000 0.0000018146057742 1.0000000000032929
0.5899965225845707 0.0049999739847588 0.0000000000004184 1.0000000000000000 0.0000018295084091 1.0000000000033471
0.5949964966561366 0.0049999740715659 0.0000000000004253 0.9999999999999999 0.0000018443992987 1.0000000000034017
0.5999964708151557 0.0049999741590191 0.0000000000004321 0.9999999999999998 0.0000018592783516 1.0000000000034566
0.6049964450622719 0.0049999742471161 0.0000000000004391 0.9999999999999999 0.0000018741454759 1.0000000000035123
0.6099964193981268 0.0049999743358548 0.0000000000004461 1.0000000000000000 0.0000018890005802 1.0000000000035685
0.6149963938233597 0.0049999744252329 0.0000000000004532 1.0000000000000000 0.0000019038435727 1.0000000000036247
0.6199963683386079 0.0049999745152482 0.0000000000004602 1.0000000000000000 0.0000019186743621 1.0000000000036813
0.6249963429445063 0.0049999746058984 0.0000000000004674 1.0000000000000000 0.0000019334928572 1.0000000000037383
0.6299963176416875 0.0049999746971811 0.0000000000004745 1.0000000000000000 0.0000019482989667 1.0000000000037959
0.6349962924307817 0.0049999747890942 0.0000000000004818 0.9999999999999999 0.0000019630925990 1.0000000000038536
0.6399962673124170 0.0049999748816353 0.0000000000004890 1.0000000000000000 0.0000019778736631 1.0000000000039120
0.6449962422872190 0.0049999749748020 0.0000000000004964 1.0000000000000000 0.0000019926420681 1.0000000000039706
0.6499962173558110 0.0049999750685921 0.0000000000005037 0.9999999999999998 0.0000020073977230 1.0000000000040292
0.6549961925188141 0.0049999751630031 0.0000000000005112 1.0000000000000000 0.0000020221405370 1.0000000000040892
0.6599961677768469 0.0049999752580328 0.0000000000005186 1.0000000000000000 0.0000020368704193 1.0000000000041489
0.6649961431305255 0.0049999753536786 0.0000000000005261 0.9999999999999998 0.0000020515872792 1.0000000000042086
0.6699961185804637 0.0049999754499382 0.0000000000005337 0.9999999999999998 0.0000020662910259 1.0000000000042693
0.6749960941272729 0.0049999755468092 0.0000000000005413 0.9999999999999998 0.0000020809815694 1.0000000000043301
0.6799960697715620 0.0049999756442891 0.0000000000005490 0.9999999999999999 0.0000020956588190 1.0000000000043916
0.6849960455139376 0.0049999757423755 0.0000000000005567 0.9999999999999998 0.0000021103226840 1.0000000000044531
0.6899960213550035 0.0049999758410659 0.0000000000005644 0.9999999999999998 0.0000021249730748 1.0000000000045151
0.6949959972953613 0.0049999759403578 0.0000000000005723 0.9999999999999998 0.0000021396099009 1.0000000000045774
0.6999959733356101 0.0049999760402488 0.0000000000005801 0.9999999999999999 0.0000021542330725 1.0000000000046405
0.7049959494763465 0.0049999761407363 0.0000000000005880 0.9999999999999999 0.0000021688424993 1.0000000000047038
0.7099959257181643 0.0049999762418178 0.0000000000005959 0.9999999999999998 0.0000021834380916 1.0000000000047671
0.7149959020616550 0.0049999763434908 0.0000000000006039 0.9999999999999997 0.0000021980197597 1.0000000000048306
0.7199958785074075 0.0049999764457526 0.0000000000006119 0.9999999999999997 0.0000022125874137 1.0000000000048950
0.7249958550560083 0.0049999765486008 0.0000000000006200 0.9999999999999998 0.0000022271409642 1.0000000000049598
0.7299958317080409 0.0049999766520327 0.0000000000006281 0.9999999999999997 0.0000022416803217 1.0000000000050244
0.7349958084640866 0.0049999767560457 0.0000000000006363 0.9999999999999998 0.0000022562053968 1.0000000000050902
0.7399957853247239 0.0049999768606373 0.0000000000006445 0.9999999999999997 0.0000022707161002 1.0000000000051554
0.7449957622905286 0.0049999769658047 0.0000000000006528 0.9999999999999998 0.0000022852123425 1.0000000000052218
0.7499957393620740 0.0049999770715454 0.0000000000006611 0.9999999999999998 0.0000022996940348 1.0000000000052882
0.7549957165399307 0.0049999771778567 0.0000000000006694 0.9999999999999999 0.0000023141610880 1.0000000000053553
0.7599956938246667 0.0049999772847360 0.0000000000006778 0.9999999999999998 0.0000023286134132 1.0000000000054221
0.7649956712168471 0.0049999773921804 0.0000000000006862 0.9999999999999997 0.0000023430509217 1.0000000000054894
0.7699956487170345 0.0049999775001874 0.0000000000006947 0.9999999999999998 0.0000023574735245 1.0000000000055573
0.7749956263257888 0.0049999776087542 0.0000000000007032 0.9999999999999998 0.0000023718811332 1.0000000000056255
0.7799956040436670 0.0049999777178781 0.0000000000007117 0.9999999999999998 0.0000023862736593 1.0000000000056939
0.7849955818712233 0.0049999778275564 0.0000000000007204 0.9999999999999998 0.0000024006510142 1.0000000000057627
0.7899955598090096 0.0049999779377862 0.0000000000007289 0.9999999999999997 0.0000024150131098 1.0000000000058318
0.7949955378575745 0.0049999780485649 0.0000000000007377 0.9999999999999998 0.0000024293598575 1.0000000000059015
0.7999955160174641 0.0049999781598896 0.0000000000007464 0.9999999999999998 0.0000024436911697 1.0000000000059712
0.8049954942892217 0.0049999782717576 0.0000000000007551 0.9999999999999996 0.0000024580069581 1.0000000000060409
0.8099954726733877 0.0049999783841660 0.0000000000007640 0.9999999999999997 0.0000024723071348 1.0000000000061118
0.8149954511704997 0.0049999784971120 0.0000000000007728 0.9999999999999996 0.0000024865916119 1.0000000000061824
0.8199954297810924 0.0049999786105928 0.0000000000007816 0.9999999999999996 0.0000025008603019 1.0000000000062534
0.8249954085056980 0.0049999787246055 0.0000000000007907 0.9999999999999998 0.0000025151131168 1.0000000000063254
0.8299953873448452 0.0049999788391473 0.0000000000007997 0.9999999999999997 0.0000025293499696 1.0000000000063971
0.8349953662990605 0.0049999789542152 0.0000000000008086 0.9999999999999998 0.0000025435707726 1.0000000000064693
0.8399953453688669 0.0049999790698065 0.0000000000008177 0.9999999999999996 0.0000025577754385 1.0000000000065414
0.8449953245547850 0.0049999791859181 0.0000000000008268 0.9999999999999998 0.0000025719638801 1.0000000000066147
0.8499953038573322 0.0049999793025472 0.0000000000008359 0.9999999999999997 0.0000025861360106 1.0000000000066875
0.8549952832770231 0.0049999794196909 0.0000000000008451 0.9999999999999996 0.0000026002917428 1.0000000000067606
0.8599952628143693 0.0049999795373462 0.0000000000008543 0.9999999999999997 0.0000026144309897 1.0000000000068345
0.8649952424698794 0.0049999796555101 0.0000000000008636 0.9999999999999998 0.0000026285536648 1.0000000000069089
0.8699952222440590 0.0049999797741797 0.0000000000008729 0.9999999999999998 0.0000026426596814 1.0000000000069833
0.8749952021374110 0.0049999798933520 0.0000000000008822 0.9999999999999997 0.0000026567489528 1.0000000000070577
0.8799951821504350 0.0049999800130240 0.0000000000008916 0.9999999999999999 0.0000026708213927 1.0000000000071332
0.8849951622836277 0.0049999801331927 0.0000000000009010 0.9999999999999998 0.0000026848769147 1.0000000000072082
0.8899951425374829 0.0049999802538551 0.0000000000009105 0.9999999999999998 0.0000026989154325 1.0000000000072837
0.8949951229124912 0.0049999803750082 0.0000000000009200 0.9999999999999999 0.0000027129368601 1.0000000000073599
0.8999951034091401 0.0049999804966489 0.0000000000009295 0.9999999999999998 0.0000027269411116 1.0000000000074358
0.9049950840279143 0.0049999806187742 0.0000000000009391 0.9999999999999998 0.0000027409281010 1.0000000000075122
0.9099950647692953 0.0049999807413810 0.0000000000009487 1.0000000000000000 0.0000027548977424 1.0000000000075895
0.9149950456337614 0.0049999808644662 0.0000000000009583 1.0000000000000000 0.0000027688499503 1.0000000000076665
0.9199950266217881 0.0049999809880267 0.0000000000009680 1.0000000000000000 0.0000027827846392 1.0000000000077440
0.9249950077338476 0.0049999811120595 0.0000000000009776 1.0000000000000000 0.0000027967017234 1.0000000000078215
0.9299949889704090 0.0049999812365614 0.0000000000009874 1.0000000000000000 0.0000028106011179 1.0000000000078995
0.9349949703319383 0.0049999813615293 0.0000000000009972 1.0000000000000000 0.0000028244827374 1.0000000000079778
0.9399949518188985 0.0049999814869601 0.0000000000010070 1.0000000000000000 0.0000028383464966 1.0000000000080562
0.9449949334317490 0.0049999816128506 0.0000000000010169 1.0000000000000000 0.0000028521923106 1.0000000000081350
0.9499949151709466 0.0049999817391976 0.0000000000010268 1.0000000000000000 0.0000028660200946 1.0000000000082141
0.9549948970369446 0.0049999818659980 0.0000000000010367 1.0000000000000002 0.0000028798297638 1.0000000000082938
0.9599948790301933 0.0049999819932487 0.0000000000010467 1.0000000000000000 0.0000028936212337 1.0000000000083731
0.9649948611511396 0.0049999821209463 0.0000000000010566 1.0000000000000000 0.0000029073944194 1.0000000000084530
0.9699948434002275 0.0049999822490878 0.0000000000010666 1.0000000000000000 0.0000029211492368 1.0000000000085332
0.9749948257778973 0.0049999823776698 0.0000000000010767 1.0000000000000000 0.0000029348856018 1.0000000000086136
0.9799948082845866 0.0049999825066893 0.0000000000010868 1.0000000000000000 0.0000029486034298 1.0000000000086944
0.9849947909207295 0.0049999826361428 0.0000000000010969 1.0000000000000000 0.0000029623026369 1.0000000000087752
0.9899947736867568 0.0049999827660273 0.0000000000011071 1.0000000000000002 0.0000029759831392 1.0000000000088569
0.9949947565830962 0.0049999828963394 0.0000000000011172 1.0000000000000000 0.0000029896448533 1.0000000000089380
0.9999947396101720 0.0049999830270758 0.0000000000011275 1.0000000000000002 0.0000030032876945 1.0000000000090203
1.0049947227684053 0.0049999831582333 0.0000000000011378 1.0000000000000002 0.0000030169115801 1.0000000000091023
1.0099947060582140 0.0049999832898086 0.0000000000011480 1.0000000000000000 0.0000030305164267 1.0000000000091840
1.0149946894800124 0.0049999834217984 0.0000000000011583 1.0000000000000000 0.0000030441021503 1.0000000000092666
1.0199946730342118 0.0049999835541994 0.0000000000011686 1.0000000000000000 0.0000030576686681 1.0000000000093494
1.0249946567212200 0.0049999836870083 0.0000000000011791 1.0000000000000000 0.0000030712158966 1.0000000000094325
1.0299946405414417 0.0049999838202217 0.0000000000011895 1.0000000000000000 0.0000030847437535 1.0000000000095157
1.0349946244952779 0.0049999839538362 0.0000000000011999 1.0000000000000002 0.0000030982521552 1.0000000000095997
1.0399946085831266 0.0049999840878486 0.0000000000012104 1.0000000000000000 0.0000031117410198 1.0000000000096829
1.0449945928053821 0.0049999842222555 0.0000000000012209 1.0000000000000000 0.0000031252102641 1.0000000000097671
1.0499945771624357 0.0049999843570535 0.0000000000012314 0.9999999999999999 0.0000031386598060 1.0000000000098510
1.0549945616546750 0.0049999844922393 0.0000000000012420 1.0000000000000000 0.0000031520895627 1.0000000000099358
1.0599945462824842 0.0049999846278094 0.0000000000012526 1.0000000000000000 0.0000031654994523 1.0000000000100204
1.0649945310462445 0.0049999847637604 0.0000000000012632 1.0000000000000000 0.0000031788893926 1.0000000000101055
1.0699945159463335 0.0049999849000889 0.0000000000012738 1.0000000000000000 0.0000031922593019 1.0000000000101905
1.0749945009831252 0.0049999850367916 0.0000000000012845 1.0000000000000000 0.0000032056090977 1.0000000000102760
1.0799944861569901 0.0049999851738650 0.0000000000012951 0.9999999999999999 0.0000032189386990 1.0000000000103615
1.0849944714682958 0.0049999853113056 0.0000000000013059 0.9999999999999999 0.0000032322480237 1.0000000000104472
1.0899944569174058 0.0049999854491100 0.0000000000013166 1.0000000000000000 0.0000032455369904 1.0000000000105336
1.0949944425046807 0.0049999855872748 0.0000000000013275 1.0000000000000000 0.0000032588055179 1.0000000000106199
1.0999944282304772 0.0049999857257964 0.0000000000013383 1.0000000000000000 0.0000032720535250 1.0000000000107063
1.1049944140951486 0.0049999858646715 0.0000000000013491 1.0000000000000000 0.0000032852809306 1.0000000000107931
1.1099944000990452 0.0049999860038965 0.0000000000013600 0.9999999999999999 0.0000032984876537 1.0000000000108800
1.1149943862425131 0.0049999861434680 0.0000000000013708 0.9999999999999999 0.0000033116736133 1.0000000000109670
1.1199943725258956 0.0049999862833824 0.0000000000013818 0.9999999999999999 0.0000033248387288 1.0000000000110545
1.1249943589495319 0.0049999864236363 0.0000000000013927 0.9999999999999999 0.0000033379829197 1.0000000000111420
1.1299943455137580 0.0049999865642261 0.0000000000014037 0.9999999999999996 0.0000033511061061 1.0000000000112290
1.1349943322189062 0.0049999867051483 0.0000000000014146 0.9999999999999996 0.0000033642082067 1.0000000000113172
1.1399943190653057 0.0049999868463994 0.0000000000014257 0.9999999999999998 0.0000033772891416 1.0000000000114058
1.1449943060532815 0.0049999869879758 0.0000000000014367 0.9999999999999996 0.0000033903488311 1.0000000000114937
1.1499942931831555 0.0049999871298740 0.0000000000014479 0.9999999999999996 0.0000034033871950 1.0000000000115823
1.1549942804552460 0.0049999872720905 0.0000000000014589 0.9999999999999997 0.0000034164041539 1.0000000000116711
1.1599942678698676 0.0049999874146216 0.0000000000014701 0.9999999999999998 0.0000034293996276 1.0000000000117604
1.1649942554273314 0.0049999875574638 0.0000000000014812 0.9999999999999998 0.0000034423735370 1.0000000000118496
1.1699942431279449 0.0049999877006135 0.0000000000014923 0.9999999999999996 0.0000034553258026 1.0000000000119385
1.1749942309720121 0.0049999878440672 0.0000000000015035 0.9999999999999996 0.0000034682563451 1.0000000000120279
1.1799942189598331 0.0049999879878212 0.0000000000015148 0.9999999999999998 0.0000034811650854 1.0000000000121181
1.1849942070917050 0.0049999881318719 0.0000000000015260 0.9999999999999997 0.0000034940519445 1.0000000000122078
1.1899941953679207 0.0049999882762158 0.0000000000015372 0.9999999999999997 0.0000035069168440 1.0000000000122979
1.1949941837887699 0.0049999884208492 0.0000000000015486 0.9999999999999998 0.0000035197597046 1.0000000000123883
1.1999941723545382 0.0049999885657684 0.0000000000015598 0.9999999999999998 0.0000035325804477 1.0000000000124787
1.2049941610655082 0.0049999887109700 0.0000000000015711 0.9999999999999997 0.0000035453789955 1.0000000000125691
1.2099941499219582 0.0049999888564501 0.0000000000015825 0.9999999999999998 0.0000035581552692 1.0000000000126601
1.2149941389241634 0.0049999890022053 0.0000000000015939 0.9999999999999997 0.0000035709091907 1.0000000000127507
1.2199941280723952 0.0049999891482317 0.0000000000016052 0.9999999999999994 0.0000035836406823 1.0000000000128415
1.2249941173669210 0.0049999892945258 0.0000000000016166 0.9999999999999996 0.0000035963496657 1.0000000000129330
1.2299941068080049 0.0049999894410840 0.0000000000016281 0.9999999999999996 0.0000036090360634 1.0000000000130242
1.2349940963959074 0.0049999895879025 0.0000000000016395 0.9999999999999996 0.0000036216997976 1.0000000000131160
1.2399940861308849 0.0049999897349776 0.0000000000016509 0.9999999999999993 0.0000036343407912 1.0000000000132072
1.2449940760131906 0.0049999898823057 0.0000000000016624 0.9999999999999992 0.0000036469589666 1.0000000000132989
1.2499940660430737 0.0049999900298831 0.0000000000016738 0.9999999999999992 0.0000036595542468 1.0000000000133908
1.2549940562207798 0.0049999901777061 0.0000000000016853 0.9999999999999992 0.0000036721265545 1.0000000000134830
1.2599940465465507 0.0049999903257710 0.0000000000016969 0.9999999999999991 0.0000036846758128 1.0000000000135751
1.2649940370206247 0.0049999904740740 0.0000000000017085 0.9999999999999993 0.0000036972019451 1.0000000000136680
1.2699940276432362 0.0049999906226115 0.0000000000017200 0.9999999999999992 0.0000037097048750 1.0000000000137603
1.2749940184146160 0.0049999907713798 0.0000000000017317 0.9999999999999994 0.0000037221845255 1.0000000000138536
1.2799940093349911 0.0049999909203751 0.0000000000017432 0.9999999999999992 0.0000037346408209 1.0000000000139460
1.2849940004045848 0.0049999910695937 0.0000000000017549 0.9999999999999994 0.0000037470736843 1.0000000000140394
1.2899939916236167 0.0049999912190318 0.0000000000017666 0.9999999999999993 0.0000037594830403 1.0000000000141325
1.2949939829923025 0.0049999913686858 0.0000000000017781 0.9999999999999992 0.0000037718688127 1.0000000000142255
1.2999939745108544 0.0049999915185518 0.0000000000017898 0.9999999999999991 0.0000037842309258 1.0000000000143188
1.3049939661794805 0.0049999916686262 0.0000000000018016 0.9999999999999993 0.0000037965693038 1.0000000000144127
1.3099939579983855 0.0049999918189051 0.0000000000018132 0.9999999999999991 0.0000038088838716 1.0000000000145060
1.3149939499677703 0.0049999919693848 0.0000000000018250 0.9999999999999992 0.0000038211745538 1.0000000000145999
1.3199939420878317 0.0049999921200615 0.0000000000018367 0.9999999999999991 0.0000038334412750 1.0000000000146936
1.3249939343587633 0.0049999922709315 0.0000000000018484 0.9999999999999991 0.0000038456839603 1.0000000000147875
1.3299939267807543 0.0049999924219910 0.0000000000018602 0.9999999999999992 0.0000038579025347 1.0000000000148819
1.3349939193539906 0.0049999925732362 0.0000000000018720 0.9999999999999993 0.0000038700969237 1.0000000000149765
1.3399939120786539 0.0049999927246632 0.0000000000018837 0.9999999999999991 0.0000038822670527 1.0000000000150702
1.3449939049549224 0.0049999928762685 0.0000000000018957 0.9999999999999993 0.0000038944128469 1.0000000000151652
1.3499938979829704 0.0049999930280480 0.0000000000019074 0.9999999999999991 0.0000039065342325 1.0000000000152593
1.3549938911629684 0.0049999931799981 0.0000000000019192 0.9999999999999990 0.0000039186311352 1.0000000000153537
1.3599938844950832 0.0049999933321149 0.0000000000019311 0.9999999999999990 0.0000039307034808 1.0000000000154485
1.3649938779794777 0.0049999934843946 0.0000000000019430 0.9999999999999992 0.0000039427511956 1.0000000000155438
1.3699938716163111 0.0049999936368334 0.0000000000019549 0.9999999999999990 0.0000039547742060 1.0000000000156384
1.3749938654057388 0.0049999937894276 0.0000000000019668 0.9999999999999992 0.0000039667724383 1.0000000000157339
1.3799938593479120 0.0049999939421732 0.0000000000019786 0.9999999999999990 0.0000039787458193 1.0000000000158284
1.3849938534429784 0.0049999940950664 0.0000000000019905 0.9999999999999991 0.0000039906942754 1.0000000000159239
1.3899938476910820 0.0049999942481035 0.0000000000020024 0.9999999999999991 0.0000040026177340 1.0000000000160192
1.3949938420923627 0.0049999944012806 0.0000000000020143 0.9999999999999990 0.0000040145161219 1.0000000000161144
1.3999938366469564 0.0049999945545938 0.0000000000020262 0.9999999999999991 0.0000040263893663 1.0000000000162101
1.4049938313549959 0.0049999947080394 0.0000000000020381 0.9999999999999989 0.0000040382373948 1.0000000000163052
1.4099938262166094 0.0049999948616135 0.0000000000020501 0.9999999999999989 0.0000040500601344 1.0000000000164009
1.4149938212319215 0.0049999950153122 0.0000000000020621 0.9999999999999991 0.0000040618575132 1.0000000000164970
1.4199938164010533 0.0049999951691317 0.0000000000020740 0.9999999999999989 0.0000040736294592 1.0000000000165923
1.4249938117241214 0.0049999953230681 0.0000000000020860 0.9999999999999989 0.0000040853759001 1.0000000000166882
1.4299938072012390 0.0049999954771177 0.0000000000020980 0.9999999999999990 0.0000040970967637 1.0000000000167844
1.4349938028325155 0.0049999956312765 0.0000000000021100 0.9999999999999990 0.0000041087919790 1.0000000000168803
1.4399937986180562 0.0049999957855407 0.0000000000021221 0.9999999999999992 0.0000041204614737 1.0000000000169766
1.4449937945579627 0.0049999959399065 0.0000000000021340 0.9999999999999990 0.0000041321051773 1.0000000000170723
1.4499937906523326 0.0049999960943699 0.0000000000021461 0.9999999999999989 0.0000041437230180 1.0000000000171683
1.4549937869012597 0.0049999962489271 0.0000000000021581 0.9999999999999991 0.0000041553149245 1.0000000000172649
1.4599937833048340 0.0049999964035742 0.0000000000021701 0.9999999999999989 0.0000041668808265 1.0000000000173608
1.4649937798631414 0.0049999965583074 0.0000000000021822 0.9999999999999991 0.0000041784206525 1.0000000000174574
1.4699937765762643 0.0049999967131228 0.0000000000021942 0.9999999999999990 0.0000041899343325 1.0000000000175535
1.4749937734442808 0.0049999968680166 0.0000000000022063 0.9999999999999989 0.0000042014217958 1.0000000000176499
1.4799937704672657 0.0049999970229848 0.0000000000022183 0.9999999999999988 0.0000042128829723 1.0000000000177460
1.4849937676452891 0.0049999971780236 0.0000000000022304 0.9999999999999989 0.0000042243177914 1.0000000000178426
1.4899937649784181 0.0049999973331290 0.0000000000022424 0.9999999999999989 0.0000042357261834 1.0000000000179392
1.4949937624667153 0.0049999974882973 0.0000000000022545 0.9999999999999990 0.0000042471080786 1.0000000000180360
1.4999937601102400 0.0049999976435245 0.0000000000022666 0.9999999999999992 0.0000042584634071 1.0000000000181331
1.5049937579090469 0.0049999977988068 0.0000000000022786 0.9999999999999990 0.0000042697920997 1.0000000000182292
1.5099937558631871 0.0049999979541403 0.0000000000022907 0.9999999999999989 0.0000042810940870 1.0000000000183256
1.5149937539727081 0.0049999981095210 0.0000000000023028 0.9999999999999991 0.0000042923692994 1.0000000000184228
1.5199937522376532 0.0049999982649452 0.0000000000023149 0.9999999999999990 0.0000043036176684 1.0000000000185192
1.5249937506580620 0.0049999984204089 0.0000000000023269 0.9999999999999989 0.0000043148391250 1.0000000000186158
1.5299937492339701 0.0049999985759081 0.0000000000023390 0.9999999999999990 0.0000043260336003 1.0000000000187126
1.5349937479654092 0.0049999987314392 0.0000000000023511 0.9999999999999989 0.0000043372010260 1.0000000000188092
1.5399937468524072 0.0049999988869981 0.0000000000023632 0.9999999999999991 0.0000043483413334 1.0000000000189064
1.5449937458949881 0.0049999990425809 0.0000000000023752 0.9999999999999989 0.0000043594544550 1.0000000000190026
1.5499937450931718 0.0049999991981838 0.0000000000023874 0.9999999999999990 0.0000043705403221 1.0000000000190996
1.5549937444469748 0.0049999993538029 0.0000000000023996 0.9999999999999992 0.0000043815988666 1.0000000000191969
1.5599937439564091 0.0049999995094343 0.0000000000024117 0.9999999999999992 0.0000043926300217 1.0000000000192937
1.5649937436214831 0.0049999996650741 0.0000000000024238 0.9999999999999991 0.0000044036337193 1.0000000000193903
1.5699937434422016 0.0049999998207184 0.0000000000024359 0.9999999999999991 0.0000044146098921 1.0000000000194871
1.5749937434185648 0.0049999999763633 0.0000000000024480 0.9999999999999992 0.0000044255584726 1.0000000000195841
1.5799937435505698 0.0050000001320049 0.0000000000024601 0.9999999999999991 0.0000044364793942 1.0000000000196807
1.5849937438382091 0.0050000002876394 0.0000000000024722 0.9999999999999993 0.0000044473725896 1.0000000000197780
1.5899937442814720 0.0050000004432628 0.0000000000024843 0.9999999999999993 0.0000044582379925 1.0000000000198745
1.5949937448803433 0.0050000005988712 0.0000000000024964 0.9999999999999994 0.0000044690755359 1.0000000000199716
1.5999937456348041 0.0050000007544609 0.0000000000025085 0.9999999999999994 0.0000044798851539 1.0000000000200684
1.6049937465448318 0.0050000009100277 0.0000000000025205 0.9999999999999991 0.0000044906667801 1.0000000000201643
1.6099937476103998 0.0050000010655680 0.0000000000025327 0.9999999999999992 0.0000045014203481 1.0000000000202613
1.6149937488314776 0.0050000012210778 0.0000000000025447 0.9999999999999991 0.0000045121457926 1.0000000000203577
1.6199937502080308 0.0050000013765532 0.0000000000025568 0.9999999999999993 0.0000045228430472 1.0000000000204547
1.6249937517400210 0.0050000015319903 0.0000000000025689 0.9999999999999993 0.0000045335120469 1.0000000000205516
1.6299937534274063 0.0050000016873852 0.0000000000025810 0.9999999999999993 0.0000045441527261 1.0000000000206481
1.6349937552701403 0.0050000018427341 0.0000000000025930 0.9999999999999991 0.0000045547650198 1.0000000000207441
1.6399937572681735 0.0050000019980331 0.0000000000026051 0.9999999999999992 0.0000045653488625 1.0000000000208409
1.6449937594214519 0.0050000021532782 0.0000000000026171 0.9999999999999991 0.0000045759041899 1.0000000000209373
1.6499937617299176 0.0050000023084657 0.0000000000026291 0.9999999999999992 0.0000045864309368 1.0000000000210338
1.6549937641935093 0.0050000024635916 0.0000000000026412 0.9999999999999991 0.0000045969290389 1.0000000000211300
1.6599937668121614 0.0050000026186521 0.0000000000026533 0.9999999999999993 0.0000046073984318 1.0000000000212268
1.6649937695858046 0.0050000027736432 0.0000000000026654 0.9999999999999993 0.0000046178390514 1.0000000000213232
1.6699937725143656 0.0050000029285611 0.0000000000026774 0.9999999999999994 0.0000046282508336 1.0000000000214198
1.6749937755977677 0.0050000030834020 0.0000000000026894 0.9999999999999993 0.0000046386337147 1.0000000000215157
1.6799937788359296 0.0050000032381619 0.0000000000027015 0.9999999999999993 0.0000046489876309 1.0000000000216118
1.6849937822287666 0.0050000033928371 0.0000000000027135 0.9999999999999994 0.0000046593125186 1.0000000000217082
1.6899937857761902 0.0050000035474236 0.0000000000027255 0.9999999999999994 0.0000046696083147 1.0000000000218041
1.6949937894781077 0.0050000037019175 0.0000000000027375 0.9999999999999994 0.0000046798749560 1.0000000000219003
1.6999937933344229 0.0050000038563151 0.0000000000027496 0.9999999999999994 0.0000046901123793 1.0000000000219962
1.7049937973450353 0.0050000040106124 0.0000000000027615 0.9999999999999994 0.0000047003205222 1.0000000000220919
1.7099938015098408 0.0050000041648056 0.0000000000027735 0.9999999999999997 0.0000047104993217 1.0000000000221883
1.7149938058287317 0.0050000043188909 0.0000000000027855 0.9999999999999998 0.0000047206487154 1.0000000000222842
1.7199938103015961 0.0050000044728643 0.0000000000027975 0.9999999999999998 0.0000047307686413 1.0000000000223799
1.7249938149283184 0.0050000046267221 0.0000000000028094 0.9999999999999998 0.0000047408590371 1.0000000000224754
1.7299938197087787 0.0050000047804605 0.0000000000028214 0.9999999999999998 0.0000047509198411 1.0000000000225708
1.7349938246428542 0.0050000049340754 0.0000000000028332 0.9999999999999996 0.0000047609509915 1.0000000000226659
1.7399938297304174 0.0050000050875633 0.0000000000028453 0.9999999999999998 0.0000047709524259 1.0000000000227616
1.7449938349713374 0.0050000052409201 0.0000000000028572 1.0000000000000000 0.0000047809240839 1.0000000000228573
1.7499938403654796 0.0050000053941420 0.0000000000028690 0.9999999999999999 0.0000047908659044 1.0000000000229523
1.7549938459127048 0.0050000055472253 0.0000000000028810 1.0000000000000000 0.0000048007778254 1.0000000000230476
1.7599938516128710 0.0050000057001662 0.0000000000028928 1.0000000000000000 0.0000048106597870 1.0000000000231426
1.7649938574658317 0.0050000058529607 0.0000000000029046 0.9999999999999999 0.0000048205117279 1.0000000000232372
1.7699938634714367 0.0050000060056051 0.0000000000029165 0.9999999999999999 0.0000048303335878 1.0000000000233320
1.7749938696295322 0.0050000061580955 0.0000000000029284 1.0000000000000000 0.0000048401253063 1.0000000000234268
1.7799938759399605 0.0050000063104283 0.0000000000029402 0.9999999999999999 0.0000048498868235 1.0000000000235212
1.7849938824025600 0.0050000064625994 0.0000000000029521 0.9999999999999999 0.0000048596180791 1.0000000000236158
1.7899938890171652 0.0050000066146052 0.0000000000029638 0.9999999999999998 0.0000048693190139 1.0000000000237099
1.7949938957836071 0.0050000067664419 0.0000000000029756 1.0000000000000000 0.0000048789895674 1.0000000000238045
1.7999939027017129 0.0050000069181057 0.0000000000029874 1.0000000000000000 0.0000048886296807 1.0000000000238987
1.8049939097713055 0.0050000070695927 0.0000000000029991 0.9999999999999999 0.0000048982392948 1.0000000000239926
1.8099939169922046 0.0050000072208992 0.0000000000030109 0.9999999999999999 0.0000049078183500 1.0000000000240865
1.8149939243642259 0.0050000073720214 0.0000000000030226 0.9999999999999999 0.0000049173667881 1.0000000000241804
1.8199939318871814 0.0050000075229555 0.0000000000030343 0.9999999999999998 0.0000049268845501 1.0000000000242737
1.8249939395608792 0.0050000076736979 0.0000000000030461 1.0000000000000000 0.0000049363715770 1.0000000000243678
1.8299939473851239 0.0050000078242446 0.0000000000030577 0.9999999999999999 0.0000049458278114 1.0000000000244611
1.8349939553597159 0.0050000079745920 0.0000000000030694 1.0000000000000000 0.0000049552531945 1.0000000000245546
1.8399939634844522 0.0050000081247363 0.0000000000030810 0.9999999999999998 0.0000049646476688 1.0000000000246474
1.8449939717591259 0.0050000082746737 0.0000000000030927 0.9999999999999998 0.0000049740111760 1.0000000000247404
1.8499939801835266 0.0050000084244006 0.0000000000031043 1.0000000000000000 0.0000049833436584 1.0000000000248337
1.8549939887574396 0.0050000085739131 0.0000000000031159 1.0000000000000000 0.0000049926450594 1.0000000000249265
1.8599939974806472 0.0050000087232075 0.0000000000031275 1.0000000000000002 0.0000050019153210 1.0000000000250198
1.8649940063529273 0.0050000088722802 0.0000000000031391 1.0000000000000002 0.0000050111543867 1.0000000000251121
1.8699940153740546 0.0050000090211273 0.0000000000031506 1.0000000000000000 0.0000050203621995 1.0000000000252041
1.8749940245437999 0.0050000091697452 0.0000000000031621 1.0000000000000002 0.0000050295387024 1.0000000000252967
1.8799940338619301 0.0050000093181302 0.0000000000031737 1.0000000000000000 0.0000050386838394 1.0000000000253884
1.8849940433282086 0.0050000094662785 0.0000000000031851 1.0000000000000000 0.0000050477975538 1.0000000000254803
1.8899940529423951 0.0050000096141864 0.0000000000031967 1.0000000000000000 0.0000050568797895 1.0000000000255720
1.8949940627042454 0.0050000097618504 0.0000000000032081 1.0000000000000000 0.0000050659304910 1.0000000000256637
1.8999940726135121 0.0050000099092666 0.0000000000032195 0.9999999999999999 0.0000050749496022 1.0000000000257550
1.9049940826699434 0.0050000100564314 0.0000000000032309 1.0000000000000000 0.0000050839370675 1.0000000000258464
1.9099940928732846 0.0050000102033411 0.0000000000032422 0.9999999999999999 0.0000050928928319 1.0000000000259375
1.9149941032232767 0.0050000103499922 0.0000000000032535 0.9999999999999998 0.0000051018168400 1.0000000000260281
1.9199941137196574 0.0050000104963808 0.0000000000032649 0.9999999999999997 0.0000051107090368 1.0000000000261187
1.9249941243621607 0.0050000106425033 0.0000000000032762 0.9999999999999997 0.0000051195693672 1.0000000000262095
1.9299941351505168 0.0050000107883562 0.0000000000032875 0.9999999999999994 0.0000051283977774 1.0000000000262994
1.9349941460844524 0.0050000109339357 0.0000000000032988 0.9999999999999996 0.0000051371942120 1.0000000000263900
1.9399941571636907 0.0050000110792382 0.0000000000033100 0.9999999999999997 0.0000051459586173 1.0000000000264804
1.9449941683879510 0.0050000112242602 0.0000000000033213 0.9999999999999996 0.0000051546909395 1.0000000000265701
1.9499941797569489 0.0050000113689979 0.0000000000033325 0.9999999999999996 0.0000051633911242 1.0000000000266598
1.9549941912703968 0.0050000115134478 0.0000000000033437 0.9999999999999996 0.0000051720591182 1.0000000000267493
1.9599942029280031 0.0050000116576063 0.0000000000033549 0.9999999999999996 0.0000051806948677 1.0000000000268388
1.9649942147294728 0.0050000118014698 0.0000000000033661 0.9999999999999996 0.0000051892983197 1.0000000000269280
1.9699942266745074 0.0050000119450346 0.0000000000033771 0.9999999999999994 0.0000051978694210 1.0000000000270168
1.9749942387628046 0.0050000120882972 0.0000000000033882 0.9999999999999996 0.0000052064081185 1.0000000000271059
1.9799942509940587 0.0050000122312541 0.0000000000033994 0.9999999999999997 0.0000052149143597 1.0000000000271947
1.9849942633679603 0.0050000123739016 0.0000000000034104 0.9999999999999994 0.0000052233880926 1.0000000000272826
1.9899942758841964 0.0050000125162362 0.0000000000034215 0.9999999999999996 0.0000052318292640 1.0000000000273712
1.9949942885424508 0.0050000126582544 0.0000000000034324 0.9999999999999994 0.0000052402378224 1.0000000000274591
1.9999943013424033 0.0050000127999526 0.0000000000034435 0.9999999999999996 0.0000052486137154 1.0000000000275471
2.0049943142837305 0.0050000129413273 0.0000000000034544 0.9999999999999994 0.0000052569568919 1.0000000000276346
