0.075000 0.999063
0.150000 0.996254
0.225000 0.991584
0.300000 0.985067
0.375000 0.976727
0.450000 0.966590
0.525000 0.954691
0.600000 0.941071
0.675000 0.925774
0.750000 0.908852
0.825000 0.890361
0.900000 0.870363
0.975000 0.848925
1.050000 0.826117
1.125000 0.802016
1.200000 0.776699
1.275000 0.750251
1.350000 0.722758
1.425000 0.694309
1.500000 0.664997
1.575000 0.634915
1.650000 0.604161
1.725000 0.572831
1.800000 0.541026
1.875000 0.508846
1.950000 0.476390
2.025000 0.443758
2.100000 0.411052
2.175000 0.378370
2.250000 0.345810
2.325000 0.313470
2.400000 0.281443
2.475000 0.249823
2.550000 0.218699
2.625000 0.188160
2.700000 0.158289
2.775000 0.129166
2.850000 0.100869
2.925000 0.073471
3.000000 0.047040
3.075000 0.021640
3.150000 -0.002669
3.225000 -0.025833
3.300000 -0.047802
3.375000 -0.068531
3.450000 -0.087983
3.525000 -0.106123
3.600000 -0.122922
3.675000 -0.138359
3.750000 -0.152416
3.825000 -0.165082
3.900000 -0.176350
3.975000 -0.186221
4.050000 -0.194698
4.125000 -0.201792
4.200000 -0.207518
4.275000 -0.211897
4.350000 -0.214955
4.425000 -0.216720
4.500000 -0.217229
4.575000 -0.216520
4.650000 -0.214635
4.725000 -0.211623
4.800000 -0.207534
4.875000 -0.202422
4.950000 -0.196344
5.025000 -0.189360
5.100000 -0.181532
5.175000 -0.172926
5.250000 -0.163607
5.325000 -0.153643
5.400000 -0.143105
5.475000 -0.132061
5.550000 -0.120584
5.625000 -0.108744
5.700000 -0.096611
5.775000 -0.084258
5.850000 -0.071755
5.925000 -0.059169
6.000000 -0.046569
6.075000 -0.034022
6.150000 -0.021592
6.225000 -0.009342
6.300000 0.002669
6.375000 0.014382
6.450000 0.025743
6.525000 0.036700
6.600000 0.047203
6.675000 0.057208
6.750000 0.066673
6.825000 0.075559
6.900000 0.083832
6.975000 0.091460
7.050000 0.098418
7.125000 0.104681
7.200000 0.110232
7.275000 0.115054
7.350000 0.119138
7.425000 0.122477
7.500000 0.125067
7.575000 0.126909
7.650000 0.128009
7.725000 0.128375
7.800000 0.128018
7.875000 0.126956
7.950000 0.125207
8.025000 0.122793
8.100000 0.119739
8.175000 0.116075
8.250000 0.111831
8.325000 0.107040
8.400000 0.101738
8.475000 0.095963
8.550000 0.089755
8.625000 0.083154
8.700000 0.076203
8.775000 0.068947
8.850000 0.061429
8.925000 0.053695
9.000000 0.045791
9.075000 0.037762
9.150000 0.029654
9.225000 0.021512
9.300000 0.013382
9.375000 0.005307
9.450000 -0.002669
9.525000 -0.010504
9.600000 -0.018159
9.675000 -0.025594
9.750000 -0.032771
9.825000 -0.039656
9.900000 -0.046216
9.975000 -0.052419
10.050000 -0.058237
10.125000 -0.063643
10.200000 -0.068615
10.275000 -0.073132
10.350000 -0.077174
10.425000 -0.080728
10.500000 -0.083781
10.575000 -0.086322
10.650000 -0.088346
10.725000 -0.089848
10.800000 -0.090827
10.875000 -0.091286
10.950000 -0.091229
11.025000 -0.090664
11.100000 -0.089599
11.175000 -0.088049
11.250000 -0.086027
11.325000 -0.083552
11.400000 -0.080643
11.475000 -0.077321
11.550000 -0.073611
11.625000 -0.069537
11.700000 -0.065127
11.775000 -0.060409
11.850000 -0.055414
11.925000 -0.050171
12.000000 -0.044714
12.075000 -0.039075
12.150000 -0.033288
12.225000 -0.027385
12.300000 -0.021401
12.375000 -0.015370
12.450000 -0.009326
12.525000 -0.003302
12.600000 0.002668
12.675000 0.008554
12.750000 0.014322
12.825000 0.019942
12.900000 0.025386
12.975000 0.030624
13.050000 0.035632
13.125000 0.040383
13.200000 0.044854
13.275000 0.049024
13.350000 0.052873
13.425000 0.056383
13.500000 0.059540
13.575000 0.062328
13.650000 0.064737
13.725000 0.066758
13.800000 0.068384
13.875000 0.069609
13.950000 0.070433
14.025000 0.070853
14.100000 0.070873
14.175000 0.070496
14.250000 0.069729
14.325000 0.068580
14.400000 0.067060
14.475000 0.065180
14.550000 0.062954
14.625000 0.060400
14.700000 0.057534
14.775000 0.054375
14.850000 0.050944
14.925000 0.047262
15.000000 0.043353
15.075000 0.039240
15.150000 0.034948
15.225000 0.030503
15.300000 0.025931
15.375000 0.021258
15.450000 0.016512
15.525000 0.011719
15.600000 0.006907
15.675000 0.002103
15.750000 -0.002668
15.825000 -0.007379
15.900000 -0.012004
15.975000 -0.016518
16.050000 -0.020898
16.125000 -0.025120
16.200000 -0.029162
16.275000 -0.033004
16.350000 -0.036626
16.425000 -0.040009
16.500000 -0.043139
16.575000 -0.045998
16.650000 -0.048574
16.725000 -0.050855
16.800000 -0.052831
16.875000 -0.054494
16.950000 -0.055837
17.025000 -0.056856
17.100000 -0.057548
17.175000 -0.057911
17.250000 -0.057947
17.325000 -0.057658
17.400000 -0.057049
17.475000 -0.056126
17.550000 -0.054897
17.625000 -0.053371
17.700000 -0.051558
17.775000 -0.049473
17.850000 -0.047128
17.925000 -0.044539
18.000000 -0.041722
18.075000 -0.038694
18.150000 -0.035475
18.225000 -0.032084
18.300000 -0.028541
18.375000 -0.024868
18.450000 -0.021085
18.525000 -0.017214
18.600000 -0.013278
18.675000 -0.009300
18.750000 -0.005301
18.825000 -0.001304
18.900000 0.002668
18.975000 0.006594
19.050000 0.010452
19.125000 0.014221
19.200000 0.017881
19.275000 0.021412
19.350000 0.024797
19.425000 0.028016
19.500000 0.031053
19.575000 0.033894
19.650000 0.036522
19.725000 0.038927
19.800000 0.041095
19.875000 0.043016
19.950000 0.044682
20.025000 0.046085
20.100000 0.047220
20.175000 0.048082
20.250000 0.048668
20.325000 0.048977
20.400000 0.049009
20.475000 0.048767
20.550000 0.048253
20.625000 0.047473
20.700000 0.046432
20.775000 0.045139
20.850000 0.043603
20.925000 0.041832
21.000000 0.039841
21.075000 0.037640
21.150000 0.035244
21.225000 0.032667
21.300000 0.029926
21.375000 0.027036
21.450000 0.024015
21.525000 0.020880
21.600000 0.017650
21.675000 0.014344
21.750000 0.010980
21.825000 0.007578
21.900000 0.004156
21.975000 0.000735
22.050000 -0.002667
22.125000 -0.006032
22.200000 -0.009339
22.275000 -0.012573
22.350000 -0.015714
22.425000 -0.018746
22.500000 -0.021652
22.575000 -0.024418
22.650000 -0.027029
22.725000 -0.029471
22.800000 -0.031732
22.875000 -0.033801
22.950000 -0.035666
23.025000 -0.037319
23.100000 -0.038753
23.175000 -0.039960
23.250000 -0.040935
23.325000 -0.041675
23.400000 -0.042176
23.475000 -0.042438
23.550000 -0.042460
23.625000 -0.042244
23.700000 -0.041793
23.775000 -0.041110
23.850000 -0.040201
23.925000 -0.039073
24.000000 -0.037732
24.075000 -0.036189
24.150000 -0.034452
24.225000 -0.032533
24.300000 -0.030444
24.375000 -0.028196
24.450000 -0.025805
24.525000 -0.023283
24.600000 -0.020646
24.675000 -0.017910
24.750000 -0.015089
24.825000 -0.012202
24.900000 -0.009263
24.975000 -0.006290
25.050000 -0.003299
25.125000 -0.000308
25.200000 0.002667
25.275000 0.005609
25.350000 0.008503
25.425000 0.011332
25.500000 0.014081
25.575000 0.016734
25.650000 0.019279
25.725000 0.021700
25.800000 0.023986
25.875000 0.026124
25.950000 0.028103
26.025000 0.029913
26.100000 0.031545
26.175000 0.032991
26.250000 0.034244
26.325000 0.035297
26.400000 0.036147
26.475000 0.036789
26.550000 0.037222
26.625000 0.037443
26.700000 0.037453
26.775000 0.037253
26.850000 0.036845
26.925000 0.036233
27.000000 0.035421
27.075000 0.034415
27.150000 0.033222
27.225000 0.031849
27.300000 0.030305
27.375000 0.028600
27.450000 0.026743
27.525000 0.024747
27.600000 0.022622
27.675000 0.020383
27.750000 0.018041
27.825000 0.015611
27.900000 0.013106
27.975000 0.010541
28.050000 0.007931
28.125000 0.005290
28.200000 0.002634
28.275000 -0.000024
28.350000 -0.002666
28.425000 -0.005280
28.500000 -0.007851
28.575000 -0.010364
28.650000 -0.012806
28.725000 -0.015163
28.800000 -0.017423
28.875000 -0.019574
28.950000 -0.021603
29.025000 -0.023501
29.100000 -0.025258
29.175000 -0.026863
29.250000 -0.028310
29.325000 -0.029591
29.400000 -0.030699
29.475000 -0.031630
29.550000 -0.032378
29.625000 -0.032941
29.700000 -0.033316
29.775000 -0.033503
29.850000 -0.033500
29.925000 -0.033310
30.000000 -0.032934
30.075000 -0.032376
30.150000 -0.031638
30.225000 -0.030727
30.300000 -0.029647
30.375000 -0.028407
30.450000 -0.027014
30.525000 -0.025476
30.600000 -0.023803
30.675000 -0.022004
30.750000 -0.020091
30.825000 -0.018074
30.900000 -0.015966
30.975000 -0.013778
31.050000 -0.011524
31.125000 -0.009216
31.200000 -0.006867
31.275000 -0.004491
31.350000 -0.002101
31.425000 0.000289
31.500000 0.002666
31.575000 0.005017
31.650000 0.007328
31.725000 0.009588
31.800000 0.011783
31.875000 0.013902
31.950000 0.015933
32.025000 0.017864
32.100000 0.019687
32.175000 0.021391
32.250000 0.022967
32.325000 0.024406
32.400000 0.025702
32.475000 0.026848
32.550000 0.027838
32.625000 0.028668
32.700000 0.029333
32.775000 0.029830
32.850000 0.030157
32.925000 0.030314
33.000000 0.030300
33.075000 0.030117
33.150000 0.029765
33.225000 0.029247
33.300000 0.028568
33.375000 0.027732
33.450000 0.026744
33.525000 0.025611
33.600000 0.024338
33.675000 0.022935
33.750000 0.021410
33.825000 0.019771
33.900000 0.018028
33.975000 0.016192
34.050000 0.014273
34.125000 0.012283
34.200000 0.010232
34.275000 0.008134
34.350000 0.005998
34.425000 0.003838
34.500000 0.001666
34.575000 -0.000506
34.650000 -0.002665
34.725000 -0.004801
34.800000 -0.006900
34.875000 -0.008951
34.950000 -0.010944
35.025000 -0.012866
35.100000 -0.014708
35.175000 -0.016460
35.250000 -0.018112
35.325000 -0.019655
35.400000 -0.021082
35.475000 -0.022384
35.550000 -0.023555
35.625000 -0.024589
35.700000 -0.025481
35.775000 -0.026226
35.850000 -0.026821
35.925000 -0.027262
36.000000 -0.027549
36.075000 -0.027681
36.150000 -0.027656
36.225000 -0.027476
36.300000 -0.027143
36.375000 -0.026659
36.450000 -0.026028
36.525000 -0.025252
36.600000 -0.024339
36.675000 -0.023293
36.750000 -0.022120
36.825000 -0.020828
36.900000 -0.019424
36.975000 -0.017917
37.050000 -0.016315
37.125000 -0.014629
37.200000 -0.012867
37.275000 -0.011040
37.350000 -0.009158
37.425000 -0.007233
37.500000 -0.005275
37.575000 -0.003295
37.650000 -0.001304
37.725000 0.000686
37.800000 0.002664
37.875000 0.004620
37.950000 0.006542
38.025000 0.008419
38.100000 0.010242
38.175000 0.012001
38.250000 0.013685
38.325000 0.015286
38.400000 0.016794
38.475000 0.018203
38.550000 0.019504
38.625000 0.020690
38.700000 0.021756
38.775000 0.022695
38.850000 0.023504
38.925000 0.024177
39.000000 0.024713
39.075000 0.025107
39.150000 0.025359
39.225000 0.025468
39.300000 0.025434
39.375000 0.025257
39.450000 0.024939
39.525000 0.024482
39.600000 0.023889
39.675000 0.023165
39.750000 0.022313
39.825000 0.021340
39.900000 0.020250
39.975000 0.019051
40.050000 0.017749
40.125000 0.016353
40.200000 0.014870
40.275000 0.013309
40.350000 0.011679
40.425000 0.009990
40.500000 0.008251
40.575000 0.006472
40.650000 0.004663
40.725000 0.002835
40.800000 0.000997
40.875000 -0.000839
40.950000 -0.002664
41.025000 -0.004467
41.100000 -0.006238
41.175000 -0.007969
41.250000 -0.009648
41.325000 -0.011266
41.400000 -0.012816
41.475000 -0.014288
41.550000 -0.015675
41.625000 -0.016969
41.700000 -0.018163
41.775000 -0.019250
41.850000 -0.020226
41.925000 -0.021085
42.000000 -0.021822
42.075000 -0.022434
42.150000 -0.022918
42.225000 -0.023272
42.300000 -0.023494
42.375000 -0.023583
42.450000 -0.023540
42.525000 -0.023364
42.600000 -0.023058
42.675000 -0.022624
42.750000 -0.022064
42.825000 -0.021383
42.900000 -0.020584
42.975000 -0.019672
43.050000 -0.018653
43.125000 -0.017532
43.200000 -0.016317
43.275000 -0.015015
43.350000 -0.013633
43.425000 -0.012179
43.500000 -0.010662
43.575000 -0.009091
43.650000 -0.007473
43.725000 -0.005820
43.800000 -0.004139
43.875000 -0.002441
43.950000 -0.000735
44.025000 0.000970
44.100000 0.002663
44.175000 0.004335
44.250000 0.005978
44.325000 0.007581
44.400000 0.009137
44.475000 0.010635
44.550000 0.012070
44.625000 0.013431
44.700000 0.014713
44.775000 0.015907
44.850000 0.017009
44.925000 0.018011
45.000000 0.018909
45.075000 0.019698
45.150000 0.020373
45.225000 0.020932
45.300000 0.021372
45.375000 0.021690
45.450000 0.021885
45.525000 0.021957
45.600000 0.021906
45.675000 0.021731
45.750000 0.021436
45.825000 0.021020
45.900000 0.020489
45.975000 0.019844
46.050000 0.019089
46.125000 0.018230
46.200000 0.017272
46.275000 0.016219
46.350000 0.015079
46.425000 0.013858
46.500000 0.012563
46.575000 0.011202
46.650000 0.009782
46.725000 0.008312
46.800000 0.006800
46.875000 0.005255
46.950000 0.003685
47.025000 0.002099
47.100000 0.000507
47.175000 -0.001083
47.250000 -0.002662
47.325000 -0.004221
47.400000 -0.005751
47.475000 -0.007245
47.550000 -0.008693
47.625000 -0.010087
47.700000 -0.011421
47.775000 -0.012686
47.850000 -0.013876
47.925000 -0.014984
48.000000 -0.016005
48.075000 -0.016933
48.150000 -0.017763
48.225000 -0.018491
48.300000 -0.019112
48.375000 -0.019624
48.450000 -0.020025
48.525000 -0.020312
48.600000 -0.020484
48.675000 -0.020540
48.750000 -0.020481
48.825000 -0.020308
48.900000 -0.020020
48.975000 -0.019622
49.050000 -0.019114
49.125000 -0.018500
49.200000 -0.017785
49.275000 -0.016972
49.350000 -0.016066
49.425000 -0.015073
49.500000 -0.013998
49.575000 -0.012847
49.650000 -0.011628
49.725000 -0.010348
49.800000 -0.009013
49.875000 -0.007632
49.950000 -0.006212
50.025000 -0.004761
50.100000 -0.003288
50.175000 -0.001801
50.250000 -0.000308
50.325000 0.001182
50.400000 0.002661
50.475000 0.004121
50.550000 0.005553
50.625000 0.006950
50.700000 0.008303
50.775000 0.009606
50.850000 0.010851
50.925000 0.012032
51.000000 0.013142
51.075000 0.014174
51.150000 0.015124
51.225000 0.015987
51.300000 0.016757
51.375000 0.017430
51.450000 0.018004
51.525000 0.018475
51.600000 0.018841
51.675000 0.019101
51.750000 0.019252
51.825000 0.019294
51.900000 0.019229
51.975000 0.019055
52.050000 0.018775
52.125000 0.018391
52.200000 0.017904
52.275000 0.017318
52.350000 0.016637
52.425000 0.015864
52.500000 0.015004
52.575000 0.014062
52.650000 0.013045
52.725000 0.011956
52.800000 0.010804
52.875000 0.009595
52.950000 0.008335
53.025000 0.007032
53.100000 0.005693
53.175000 0.004325
53.250000 0.002938
53.325000 0.001537
53.400000 0.000132
53.475000 -0.001269
53.550000 -0.002660
53.625000 -0.004032
53.700000 -0.005377
53.775000 -0.006689
53.850000 -0.007959
53.925000 -0.009181
54.000000 -0.010348
54.075000 -0.011454
54.150000 -0.012492
54.225000 -0.013457
54.300000 -0.014345
54.375000 -0.015149
54.450000 -0.015866
54.525000 -0.016491
54.600000 -0.017023
54.675000 -0.017457
54.750000 -0.017793
54.825000 -0.018027
54.900000 -0.018160
54.975000 -0.018190
55.050000 -0.018118
55.125000 -0.017945
55.200000 -0.017671
55.275000 -0.017299
55.350000 -0.016830
55.425000 -0.016269
55.500000 -0.015617
55.575000 -0.014880
55.650000 -0.014061
55.725000 -0.013165
55.800000 -0.012198
55.875000 -0.011165
55.950000 -0.010072
56.025000 -0.008926
56.100000 -0.007732
56.175000 -0.006498
56.250000 -0.005231
56.325000 -0.003938
56.400000 -0.002626
56.475000 -0.001303
56.550000 0.000024
56.625000 0.001347
56.700000 0.002659
56.775000 0.003953
56.850000 0.005221
56.925000 0.006456
57.000000 0.007652
57.075000 0.008802
57.150000 0.009899
57.225000 0.010938
57.300000 0.011913
57.375000 0.012818
57.450000 0.013649
57.525000 0.014402
57.600000 0.015071
57.675000 0.015654
57.750000 0.016148
57.825000 0.016549
57.900000 0.016857
57.975000 0.017069
58.050000 0.017185
58.125000 0.017204
58.200000 0.017126
58.275000 0.016953
58.350000 0.016685
58.425000 0.016323
58.500000 0.015871
58.575000 0.015331
58.650000 0.014706
58.725000 0.014001
58.800000 0.013218
58.875000 0.012364
58.950000 0.011442
59.025000 0.010458
59.100000 0.009418
59.175000 0.008327
59.250000 0.007193
59.325000 0.006021
59.400000 0.004818
59.475000 0.003591
59.550000 0.002348
59.625000 0.001094
59.700000 -0.000163
59.775000 -0.001416
59.850000 -0.002658
59.925000 -0.003881
60.000000 -0.005080
60.075000 -0.006247
60.150000 -0.007377
60.225000 -0.008462
60.300000 -0.009497
60.375000 -0.010476
60.450000 -0.011393
60.525000 -0.012245
60.600000 -0.013025
60.675000 -0.013731
60.750000 -0.014358
60.825000 -0.014902
60.900000 -0.015362
60.975000 -0.015734
61.050000 -0.016017
61.125000 -0.016209
61.200000 -0.016309
61.275000 -0.016318
61.350000 -0.016235
61.425000 -0.016062
61.500000 -0.015798
61.575000 -0.015447
61.650000 -0.015009
61.725000 -0.014488
61.800000 -0.013888
61.875000 -0.013210
61.950000 -0.012460
62.025000 -0.011642
62.100000 -0.010761
62.175000 -0.009821
62.250000 -0.008828
62.325000 -0.007789
62.400000 -0.006708
62.475000 -0.005591
62.550000 -0.004447
62.625000 -0.003280
62.700000 -0.002097
62.775000 -0.000905
62.850000 0.000289
62.925000 0.001478
63.000000 0.002656
63.075000 0.003817
63.150000 0.004953
63.225000 0.006059
63.300000 0.007128
63.375000 0.008155
63.450000 0.009134
63.525000 0.010058
63.600000 0.010925
63.675000 0.011727
63.750000 0.012462
63.825000 0.013126
63.900000 0.013714
63.975000 0.014223
64.050000 0.014652
64.125000 0.014997
64.200000 0.015258
64.275000 0.015432
64.350000 0.015518
64.425000 0.015518
64.500000 0.015430
64.575000 0.015256
64.650000 0.014997
64.725000 0.014654
64.800000 0.014230
64.875000 0.013726
64.950000 0.013147
65.025000 0.012495
65.100000 0.011775
65.175000 0.010990
65.250000 0.010145
65.325000 0.009245
65.400000 0.008296
65.475000 0.007301
65.550000 0.006269
65.625000 0.005203
65.700000 0.004110
65.775000 0.002997
65.850000 0.001870
65.925000 0.000735
66.000000 -0.000402
66.075000 -0.001534
66.150000 -0.002655
66.225000 -0.003759
66.300000 -0.004838
66.375000 -0.005889
66.450000 -0.006903
66.525000 -0.007877
66.600000 -0.008804
66.675000 -0.009680
66.750000 -0.010499
66.825000 -0.011258
66.900000 -0.011951
66.975000 -0.012576
67.050000 -0.013129
67.125000 -0.013607
67.200000 -0.014008
67.275000 -0.014329
67.350000 -0.014569
67.425000 -0.014726
67.500000 -0.014800
67.575000 -0.014791
67.650000 -0.014699
67.725000 -0.014525
67.800000 -0.014269
67.875000 -0.013934
67.950000 -0.013522
68.025000 -0.013034
68.100000 -0.012474
68.175000 -0.011846
68.250000 -0.011152
68.325000 -0.010397
68.400000 -0.009585
68.475000 -0.008722
68.550000 -0.007811
68.625000 -0.006858
68.700000 -0.005869
68.775000 -0.004849
68.850000 -0.003805
68.925000 -0.002741
69.000000 -0.001664
69.075000 -0.000579
69.150000 0.000505
69.225000 0.001585
69.300000 0.002654
69.375000 0.003705
69.450000 0.004733
69.525000 0.005733
69.600000 0.006698
69.675000 0.007623
69.750000 0.008504
69.825000 0.009335
69.900000 0.010112
69.975000 0.010830
70.050000 0.011486
70.125000 0.012076
70.200000 0.012597
70.275000 0.013046
70.350000 0.013421
70.425000 0.013719
70.500000 0.013940
70.575000 0.014082
70.650000 0.014145
70.725000 0.014128
70.800000 0.014032
70.875000 0.013858
70.950000 0.013606
71.025000 0.013277
71.100000 0.012876
71.175000 0.012402
71.250000 0.011860
71.325000 0.011253
71.400000 0.010583
71.475000 0.009856
71.550000 0.009074
71.625000 0.008244
71.700000 0.007369
71.775000 0.006454
71.850000 0.005505
71.925000 0.004527
72.000000 0.003525
72.075000 0.002506
72.150000 0.001475
72.225000 0.000438
72.300000 -0.000600
72.375000 -0.001632
72.450000 -0.002652
72.525000 -0.003656
72.600000 -0.004637
72.675000 -0.005590
72.750000 -0.006510
72.825000 -0.007391
72.900000 -0.008229
72.975000 -0.009019
73.050000 -0.009757
73.125000 -0.010438
73.200000 -0.011059
73.275000 -0.011617
73.350000 -0.012109
73.425000 -0.012531
73.500000 -0.012883
73.575000 -0.013161
73.650000 -0.013365
73.725000 -0.013493
73.800000 -0.013545
73.875000 -0.013521
73.950000 -0.013421
74.025000 -0.013246
74.100000 -0.012997
74.175000 -0.012675
74.250000 -0.012283
74.325000 -0.011823
74.400000 -0.011297
74.475000 -0.010709
74.550000 -0.010062
74.625000 -0.009359
74.700000 -0.008606
74.775000 -0.007805
74.850000 -0.006963
74.925000 -0.006083
