0.000000e+00 nan nan
1.000000e-17 -9.185095e+20 8.436597e+41
2.000000e-17 -1.835914e+21 3.370582e+42
3.000000e-17 -2.751112e+21 7.568617e+42
4.000000e-17 -3.663002e+21 1.341759e+43
5.000000e-17 -4.570490e+21 2.088938e+43
6.000000e-17 -5.472487e+21 2.994812e+43
7.000000e-17 -6.367913e+21 4.055031e+43
8.000000e-17 -7.255695e+21 5.264511e+43
9.000000e-17 -8.134773e+21 6.617454e+43
1.000000e-16 -9.004100e+21 8.107382e+43
1.100000e-16 -9.862642e+21 9.727170e+43
1.200000e-16 -1.070938e+22 1.146908e+44
1.300000e-16 -1.154331e+22 1.332480e+44
1.400000e-16 -1.236345e+22 1.528550e+44
1.500000e-16 -1.316885e+22 1.734185e+44
1.600000e-16 -1.395854e+22 1.948409e+44
1.700000e-16 -1.473162e+22 2.170207e+44
1.800000e-16 -1.548719e+22 2.398531e+44
1.900000e-16 -1.622438e+22 2.632305e+44
2.000000e-16 -1.694234e+22 2.870429e+44
2.100000e-16 -1.764025e+22 3.111786e+44
2.200000e-16 -1.831733e+22 3.355247e+44
2.300000e-16 -1.897282e+22 3.599679e+44
2.400000e-16 -1.960598e+22 3.843945e+44
2.500000e-16 -2.021612e+22 4.086916e+44
2.600000e-16 -2.080258e+22 4.327473e+44
2.700000e-16 -2.136472e+22 4.564511e+44
2.800000e-16 -2.190194e+22 4.796951e+44
2.900000e-16 -2.241369e+22 5.023736e+44
3.000000e-16 -2.289944e+22 5.243844e+44
3.100000e-16 -2.335870e+22 5.456287e+44
3.200000e-16 -2.379101e+22 5.660122e+44
3.300000e-16 -2.419597e+22 5.854448e+44
3.400000e-16 -2.457319e+22 6.038415e+44
3.500000e-16 -2.492234e+22 6.211229e+44
3.600000e-16 -2.524312e+22 6.372149e+44
3.700000e-16 -2.553526e+22 6.520497e+44
3.800000e-16 -2.579856e+22 6.655660e+44
3.900000e-16 -2.603284e+22 6.777086e+44
4.000000e-16 -2.623794e+22 6.884295e+44
4.100000e-16 -2.641377e+22 6.976875e+44
4.200000e-16 -2.656028e+22 7.054486e+44
4.300000e-16 -2.667745e+22 7.116861e+44
4.400000e-16 -2.676528e+22 7.163803e+44
4.500000e-16 -2.682385e+22 7.195191e+44
4.600000e-16 -2.685326e+22 7.210976e+44
4.700000e-16 -2.685364e+22 7.211182e+44
4.800000e-16 -2.682518e+22 7.195903e+44
4.900000e-16 -2.676809e+22 7.165305e+44
5.000000e-16 -2.668262e+22 7.119623e+44
5.100000e-16 -2.656908e+22 7.059158e+44
5.200000e-16 -2.642778e+22 6.984275e+44
5.300000e-16 -2.625910e+22 6.895403e+44
5.400000e-16 -2.606344e+22 6.793029e+44
5.500000e-16 -2.584124e+22 6.677696e+44
5.600000e-16 -2.559296e+22 6.549998e+44
5.700000e-16 -2.531913e+22 6.410581e+44
5.800000e-16 -2.502026e+22 6.260134e+44
5.900000e-16 -2.469694e+22 6.099386e+44
6.000000e-16 -2.434975e+22 5.929106e+44
6.100000e-16 -2.397935e+22 5.750091e+44
6.200000e-16 -2.358637e+22 5.563169e+44
6.300000e-16 -2.317151e+22 5.369191e+44
6.400000e-16 -2.273549e+22 5.169025e+44
6.500000e-16 -2.227903e+22 4.963553e+44
6.600000e-16 -2.180291e+22 4.753669e+44
6.700000e-16 -2.130790e+22 4.540268e+44
6.800000e-16 -2.079482e+22 4.324246e+44
6.900000e-16 -2.026449e+22 4.106495e+44
7.000000e-16 -1.971775e+22 3.887899e+44
7.100000e-16 -1.915548e+22 3.669324e+44
7.200000e-16 -1.857855e+22 3.451624e+44
7.300000e-16 -1.798785e+22 3.235627e+44
7.400000e-16 -1.738429e+22 3.022137e+44
7.500000e-16 -1.676880e+22 2.811928e+44
7.600000e-16 -1.614231e+22 2.605741e+44
7.700000e-16 -1.550575e+22 2.404283e+44
7.800000e-16 -1.486007e+22 2.208218e+44
7.900000e-16 -1.420623e+22 2.018171e+44
8.000000e-16 -1.354519e+22 1.834723e+44
8.100000e-16 -1.287791e+22 1.658406e+44
8.200000e-16 -1.220535e+22 1.489707e+44
8.300000e-16 -1.152849e+22 1.329060e+44
8.400000e-16 -1.084827e+22 1.176850e+44
8.500000e-16 -1.016567e+22 1.033409e+44
8.600000e-16 -9.481645e+21 8.990159e+43
8.700000e-16 -8.797145e+21 7.738975e+43
8.800000e-16 -8.113116e+21 6.582266e+43
8.900000e-16 -7.430498e+21 5.521230e+43
9.000000e-16 -6.750219e+21 4.556545e+43
9.100000e-16 -6.073196e+21 3.688371e+43
9.200000e-16 -5.400337e+21 2.916364e+43
9.300000e-16 -4.732532e+21 2.239686e+43
9.400000e-16 -4.070662e+21 1.657029e+43
9.500000e-16 -3.415586e+21 1.166623e+43
9.600000e-16 -2.768152e+21 7.662665e+42
9.700000e-16 -2.129185e+21 4.533428e+42
9.800000e-16 -1.499493e+21 2.248479e+42
9.900000e-16 -8.798631e+20 7.741591e+41
1.000000e-15 -2.710608e+20 7.347397e+40
1.010000e-15 3.261710e+20 1.063875e+41
1.020000e-15 9.111132e+20 8.301272e+41
1.030000e-15 1.483071e+21 2.199499e+42
1.040000e-15 2.041375e+21 4.167210e+42
1.050000e-15 2.585381e+21 6.684197e+42
1.060000e-15 3.114475e+21 9.699956e+42
1.070000e-15 3.628068e+21 1.316288e+43
1.080000e-15 4.125600e+21 1.702058e+43
1.090000e-15 4.606542e+21 2.122023e+43
1.100000e-15 5.070392e+21 2.570888e+43
1.110000e-15 5.516681e+21 3.043377e+43
1.120000e-15 5.944970e+21 3.534267e+43
1.130000e-15 6.354851e+21 4.038414e+43
1.140000e-15 6.745949e+21 4.550783e+43
1.150000e-15 7.117920e+21 5.066479e+43
1.160000e-15 7.470453e+21 5.580767e+43
1.170000e-15 7.803270e+21 6.089103e+43
1.180000e-15 8.116126e+21 6.587150e+43
1.190000e-15 8.408808e+21 7.070805e+43
1.200000e-15 8.681138e+21 7.536215e+43
1.210000e-15 8.932970e+21 7.979795e+43
1.220000e-15 9.164191e+21 8.398240e+43
1.230000e-15 9.374723e+21 8.788542e+43
1.240000e-15 9.564518e+21 9.148001e+43
1.250000e-15 9.733565e+21 9.474229e+43
1.260000e-15 9.881882e+21 9.765160e+43
1.270000e-15 1.000952e+22 1.001905e+44
1.280000e-15 1.011657e+22 1.023449e+44
1.290000e-15 1.020313e+22 1.041039e+44
1.300000e-15 1.026937e+22 1.054599e+44
1.310000e-15 1.031545e+22 1.064084e+44
1.320000e-15 1.034158e+22 1.069483e+44
1.330000e-15 1.034800e+22 1.070812e+44
1.340000e-15 1.033498e+22 1.068119e+44
1.350000e-15 1.030282e+22 1.061481e+44
1.360000e-15 1.025183e+22 1.051000e+44
1.370000e-15 1.018236e+22 1.036805e+44
1.380000e-15 1.009480e+22 1.019050e+44
1.390000e-15 9.989537e+21 9.979086e+43
1.400000e-15 9.867004e+21 9.735778e+43
1.410000e-15 9.727649e+21 9.462716e+43
1.420000e-15 9.571945e+21 9.162213e+43
1.430000e-15 9.400385e+21 8.836724e+43
1.440000e-15 9.213485e+21 8.488831e+43
1.450000e-15 9.011780e+21 8.121217e+43
1.460000e-15 8.795822e+21 7.736649e+43
1.470000e-15 8.566184e+21 7.337950e+43
1.480000e-15 8.323452e+21 6.927986e+43
1.490000e-15 8.068231e+21 6.509636e+43
1.500000e-15 7.801139e+21 6.085776e+43
1.510000e-15 7.522805e+21 5.659260e+43
1.520000e-15 7.233874e+21 5.232893e+43
1.530000e-15 6.934998e+21 4.809420e+43
1.540000e-15 6.626843e+21 4.391505e+43
1.550000e-15 6.310080e+21 3.981711e+43
1.560000e-15 5.985389e+21 3.582488e+43
1.570000e-15 5.653455e+21 3.196155e+43
1.580000e-15 5.314970e+21 2.824890e+43
1.590000e-15 4.970627e+21 2.470713e+43
1.600000e-15 4.621125e+21 2.135479e+43
1.610000e-15 4.267160e+21 1.820866e+43
1.620000e-15 3.909433e+21 1.528367e+43
1.630000e-15 3.548640e+21 1.259284e+43
1.640000e-15 3.185477e+21 1.014726e+43
1.650000e-15 2.820635e+21 7.955984e+42
1.660000e-15 2.454803e+21 6.026060e+42
1.670000e-15 2.088663e+21 4.362512e+42
1.680000e-15 1.722888e+21 2.968344e+42
1.690000e-15 1.358148e+21 1.844565e+42
1.700000e-15 9.950992e+20 9.902224e+41
1.710000e-15 6.343911e+20 4.024520e+41
1.720000e-15 2.766609e+20 7.654126e+40
1.730000e-15 -7.746593e+19 6.000971e+39
1.740000e-15 -4.273770e+20 1.826511e+41
1.750000e-15 -7.724737e+20 5.967156e+41
1.760000e-15 -1.112172e+21 1.236927e+42
1.770000e-15 -1.445905e+21 2.090641e+42
1.780000e-15 -1.773120e+21 3.143954e+42
1.790000e-15 -2.093283e+21 4.381836e+42
1.800000e-15 -2.405879e+21 5.788255e+42
1.810000e-15 -2.710411e+21 7.346326e+42
1.820000e-15 -3.006400e+21 9.038440e+42
1.830000e-15 -3.293390e+21 1.084642e+43
1.840000e-15 -3.570944e+21 1.275164e+43
1.850000e-15 -3.838648e+21 1.473522e+43
1.860000e-15 -4.096108e+21 1.677810e+43
1.870000e-15 -4.342954e+21 1.886125e+43
1.880000e-15 -4.578838e+21 2.096576e+43
1.890000e-15 -4.803437e+21 2.307301e+43
1.900000e-15 -5.016450e+21 2.516477e+43
1.910000e-15 -5.217600e+21 2.722335e+43
1.920000e-15 -5.406635e+21 2.923171e+43
1.930000e-15 -5.583328e+21 3.117355e+43
1.940000e-15 -5.747476e+21 3.303348e+43
1.950000e-15 -5.898900e+21 3.479702e+43
1.960000e-15 -6.037448e+21 3.645077e+43
1.970000e-15 -6.162991e+21 3.798245e+43
1.980000e-15 -6.275426e+21 3.938097e+43
1.990000e-15 -6.374675e+21 4.063648e+43
2.000000e-15 -6.460685e+21 4.174045e+43
2.010000e-15 -6.533427e+21 4.268567e+43
2.020000e-15 -6.592898e+21 4.346630e+43
2.030000e-15 -6.639117e+21 4.407787e+43
2.040000e-15 -6.672129e+21 4.451730e+43
2.050000e-15 -6.692002e+21 4.478289e+43
2.060000e-15 -6.698828e+21 4.487430e+43
2.070000e-15 -6.692722e+21 4.479253e+43
2.080000e-15 -6.673821e+21 4.453989e+43
2.090000e-15 -6.642285e+21 4.411995e+43
2.100000e-15 -6.598295e+21 4.353750e+43
2.110000e-15 -6.542054e+21 4.279848e+43
2.120000e-15 -6.473786e+21 4.190990e+43
2.130000e-15 -6.393732e+21 4.087981e+43
2.140000e-15 -6.302157e+21 3.971718e+43
2.150000e-15 -6.199341e+21 3.843183e+43
2.160000e-15 -6.085584e+21 3.703433e+43
2.170000e-15 -5.961203e+21 3.553594e+43
2.180000e-15 -5.826531e+21 3.394846e+43
2.190000e-15 -5.681918e+21 3.228420e+43
2.200000e-15 -5.527729e+21 3.055579e+43
2.210000e-15 -5.364341e+21 2.877616e+43
2.220000e-15 -5.192148e+21 2.695841e+43
2.230000e-15 -5.011555e+21 2.511568e+43
2.240000e-15 -4.822977e+21 2.326111e+43
2.250000e-15 -4.626843e+21 2.140767e+43
2.260000e-15 -4.423590e+21 1.956815e+43
2.270000e-15 -4.213664e+21 1.775497e+43
2.280000e-15 -3.997522e+21 1.598018e+43
2.290000e-15 -3.775624e+21 1.425534e+43
2.300000e-15 -3.548441e+21 1.259143e+43
2.310000e-15 -3.316445e+21 1.099881e+43
2.320000e-15 -3.080116e+21 9.487112e+42
2.330000e-15 -2.839935e+21 8.065233e+42
2.340000e-15 -2.596389e+21 6.741236e+42
2.350000e-15 -2.349964e+21 5.522330e+42
2.360000e-15 -2.101147e+21 4.414820e+42
2.370000e-15 -1.850427e+21 3.424081e+42
2.380000e-15 -1.598291e+21 2.554533e+42
2.390000e-15 -1.345222e+21 1.809623e+42
2.400000e-15 -1.091705e+21 1.191820e+42
2.410000e-15 -8.382178e+20 7.026090e+41
2.420000e-15 -5.852347e+20 3.424996e+41
2.430000e-15 -3.332252e+20 1.110390e+41
2.440000e-15 -8.265268e+19 6.831466e+39
2.450000e-15 1.660265e+20 2.756479e+40
2.460000e-15 4.123634e+20 1.700436e+41
2.470000e-15 6.559176e+20 4.302279e+41
2.480000e-15 8.962576e+20 8.032777e+41
2.490000e-15 1.132962e+21 1.283603e+42
2.500000e-15 1.365619e+21 1.864916e+42
2.510000e-15 1.593830e+21 2.540293e+42
2.520000e-15 1.817205e+21 3.302235e+42
2.530000e-15 2.035370e+21 4.142730e+42
2.540000e-15 2.247960e+21 5.053326e+42
2.550000e-15 2.454628e+21 6.025199e+42
2.560000e-15 2.655037e+21 7.049223e+42
2.570000e-15 2.848867e+21 8.116044e+42
2.580000e-15 3.035812e+21 9.216155e+42
2.590000e-15 3.215581e+21 1.033996e+43
2.600000e-15 3.387900e+21 1.147787e+43
2.610000e-15 3.552511e+21 1.262033e+43
2.620000e-15 3.709170e+21 1.375794e+43
2.630000e-15 3.857653e+21 1.488149e+43
2.640000e-15 3.997752e+21 1.598202e+43
2.650000e-15 4.129276e+21 1.705092e+43
2.660000e-15 4.252050e+21 1.807993e+43
2.670000e-15 4.365920e+21 1.906125e+43
2.680000e-15 4.470746e+21 1.998757e+43
2.690000e-15 4.566408e+21 2.085208e+43
2.700000e-15 4.652804e+21 2.164858e+43
2.710000e-15 4.729848e+21 2.237146e+43
2.720000e-15 4.797475e+21 2.301576e+43
2.730000e-15 4.855634e+21 2.357718e+43
2.740000e-15 4.904295e+21 2.405211e+43
2.750000e-15 4.943444e+21 2.443764e+43
2.760000e-15 4.973085e+21 2.473157e+43
2.770000e-15 4.993238e+21 2.493243e+43
2.780000e-15 5.003943e+21 2.503945e+43
2.790000e-15 5.005255e+21 2.505258e+43
2.800000e-15 4.997246e+21 2.497247e+43
2.810000e-15 4.980004e+21 2.480044e+43
2.820000e-15 4.953633e+21 2.453848e+43
2.830000e-15 4.918253e+21 2.418921e+43
2.840000e-15 4.874001e+21 2.375588e+43
2.850000e-15 4.821026e+21 2.324229e+43
2.860000e-15 4.759493e+21 2.265277e+43
2.870000e-15 4.689582e+21 2.199218e+43
2.880000e-15 4.611486e+21 2.126581e+43
2.890000e-15 4.525411e+21 2.047934e+43
2.900000e-15 4.431575e+21 1.963886e+43
2.910000e-15 4.330209e+21 1.875071e+43
2.920000e-15 4.221557e+21 1.782154e+43
2.930000e-15 4.105872e+21 1.685818e+43
2.940000e-15 3.983418e+21 1.586762e+43
2.950000e-15 3.854470e+21 1.485694e+43
2.960000e-15 3.719312e+21 1.383328e+43
2.970000e-15 3.578236e+21 1.280377e+43
2.980000e-15 3.431544e+21 1.177549e+43
2.990000e-15 3.279543e+21 1.075540e+43
3.000000e-15 3.122550e+21 9.750317e+42
3.010000e-15 2.960886e+21 8.766844e+42
3.020000e-15 2.794878e+21 7.811344e+42
3.030000e-15 2.624860e+21 6.889892e+42
3.040000e-15 2.451169e+21 6.008230e+42
3.050000e-15 2.274145e+21 5.171737e+42
3.060000e-15 2.094133e+21 4.385395e+42
3.070000e-15 1.911480e+21 3.653755e+42
3.080000e-15 1.726533e+21 2.980917e+42
3.090000e-15 1.539644e+21 2.370503e+42
3.100000e-15 1.351161e+21 1.825637e+42
3.110000e-15 1.161437e+21 1.348935e+42
3.120000e-15 9.708198e+20 9.424911e+41
3.130000e-15 7.796592e+20 6.078684e+41
3.140000e-15 5.883016e+20 3.460988e+41
3.150000e-15 3.970915e+20 1.576817e+41
3.160000e-15 2.063703e+20 4.258869e+40
3.170000e-15 1.647567e+19 2.714476e+38
3.180000e-15 -1.722587e+20 2.967305e+40
3.190000e-15 -3.595038e+20 1.292430e+41
3.200000e-15 -5.449360e+20 2.969553e+41
3.210000e-15 -7.282374e+20 5.303297e+41
3.220000e-15 -9.090962e+20 8.264558e+41
3.230000e-15 -1.087207e+21 1.182020e+42
3.240000e-15 -1.262273e+21 1.593334e+42
3.250000e-15 -1.434004e+21 2.056368e+42
3.260000e-15 -1.602118e+21 2.566781e+42
3.270000e-15 -1.766341e+21 3.119959e+42
3.280000e-15 -1.926408e+21 3.711049e+42
3.290000e-15 -2.082066e+21 4.335000e+42
3.300000e-15 -2.233068e+21 4.986594e+42
3.310000e-15 -2.379180e+21 5.660495e+42
3.320000e-15 -2.520175e+21 6.351281e+42
3.330000e-15 -2.655840e+21 7.053485e+42
3.340000e-15 -2.785971e+21 7.761634e+42
3.350000e-15 -2.910376e+21 8.470288e+42
3.360000e-15 -3.028874e+21 9.174080e+42
3.370000e-15 -3.141297e+21 9.867745e+42
3.380000e-15 -3.247486e+21 1.054616e+43
3.390000e-15 -3.347296e+21 1.120439e+43
3.400000e-15 -3.440596e+21 1.183770e+43
3.410000e-15 -3.527262e+21 1.244158e+43
3.420000e-15 -3.607188e+21 1.301181e+43
3.430000e-15 -3.680277e+21 1.354444e+43
3.440000e-15 -3.746447e+21 1.403586e+43
3.450000e-15 -3.805625e+21 1.448278e+43
3.460000e-15 -3.857755e+21 1.488227e+43
3.470000e-15 -3.902790e+21 1.523177e+43
3.480000e-15 -3.940699e+21 1.552911e+43
3.490000e-15 -3.971459e+21 1.577249e+43
3.500000e-15 -3.995065e+21 1.596054e+43
3.510000e-15 -4.011519e+21 1.609229e+43
3.520000e-15 -4.020839e+21 1.616715e+43
3.530000e-15 -4.023055e+21 1.618497e+43
3.540000e-15 -4.018206e+21 1.614598e+43
3.550000e-15 -4.006347e+21 1.605081e+43
3.560000e-15 -3.987541e+21 1.590048e+43
3.570000e-15 -3.961864e+21 1.569637e+43
3.580000e-15 -3.929405e+21 1.544022e+43
3.590000e-15 -3.890261e+21 1.513413e+43
3.600000e-15 -3.844542e+21 1.478051e+43
3.610000e-15 -3.792368e+21 1.438205e+43
3.620000e-15 -3.733868e+21 1.394177e+43
3.630000e-15 -3.669182e+21 1.346290e+43
3.640000e-15 -3.598461e+21 1.294892e+43
3.650000e-15 -3.521862e+21 1.240351e+43
3.660000e-15 -3.439555e+21 1.183054e+43
3.670000e-15 -3.351714e+21 1.123399e+43
3.680000e-15 -3.258527e+21 1.061800e+43
3.690000e-15 -3.160184e+21 9.986762e+42
3.700000e-15 -3.056887e+21 9.344556e+42
3.710000e-15 -2.948842e+21 8.695671e+42
3.720000e-15 -2.836265e+21 8.044400e+42
3.730000e-15 -2.719376e+21 7.395003e+42
3.740000e-15 -2.598400e+21 6.751684e+42
3.750000e-15 -2.473571e+21 6.118554e+42
3.760000e-15 -2.345125e+21 5.499612e+42
3.770000e-15 -2.213304e+21 4.898716e+42
3.780000e-15 -2.078355e+21 4.319558e+42
3.790000e-15 -1.940526e+21 3.765640e+42
3.800000e-15 -1.800071e+21 3.240254e+42
3.810000e-15 -1.657246e+21 2.746463e+42
3.820000e-15 -1.512309e+21 2.287078e+42
3.830000e-15 -1.365521e+21 1.864647e+42
3.840000e-15 -1.217144e+21 1.481439e+42
3.850000e-15 -1.067441e+21 1.139430e+42
3.860000e-15 -9.166759e+20 8.402948e+41
3.870000e-15 -7.651127e+20 5.853975e+41
3.880000e-15 -6.130152e+20 3.757876e+41
3.890000e-15 -4.606465e+20 2.121952e+41
3.900000e-15 -3.082688e+20 9.502963e+40
3.910000e-15 -1.561425e+20 2.438048e+40
3.920000e-15 -4.526356e+18 2.048789e+37
3.930000e-15 1.463234e+20 2.141054e+40
3.940000e-15 2.961533e+20 8.770678e+40
3.950000e-15 4.447130e+20 1.977697e+41
3.960000e-15 5.917558e+20 3.501749e+41
3.970000e-15 7.370388e+20 5.432262e+41
3.980000e-15 8.803236e+20 7.749696e+41
3.990000e-15 1.021376e+21 1.043210e+42
4.000000e-15 1.159969e+21 1.345527e+42
4.010000e-15 1.295877e+21 1.679297e+42
4.020000e-15 1.428884e+21 2.041709e+42
4.030000e-15 1.558778e+21 2.429789e+42
4.040000e-15 1.685354e+21 2.840419e+42
4.050000e-15 1.808415e+21 3.270363e+42
4.060000e-15 1.927767e+21 3.716287e+42
4.070000e-15 2.043228e+21 4.174783e+42
4.080000e-15 2.154622e+21 4.642395e+42
4.090000e-15 2.261778e+21 5.115641e+42
4.100000e-15 2.364537e+21 5.591037e+42
4.110000e-15 2.462747e+21 6.065121e+42
4.120000e-15 2.556262e+21 6.534476e+42
4.130000e-15 2.644949e+21 6.995753e+42
4.140000e-15 2.728680e+21 7.445692e+42
4.150000e-15 2.807337e+21 7.881144e+42
4.160000e-15 2.880814e+21 8.299089e+42
4.170000e-15 2.949010e+21 8.696659e+42
4.180000e-15 3.011836e+21 9.071155e+42
4.190000e-15 3.069211e+21 9.420058e+42
4.200000e-15 3.121066e+21 9.741052e+42
4.210000e-15 3.167339e+21 1.003203e+43
4.220000e-15 3.207978e+21 1.029112e+43
4.230000e-15 3.242943e+21 1.051668e+43
4.240000e-15 3.272201e+21 1.070730e+43
4.250000e-15 3.295730e+21 1.086184e+43
4.260000e-15 3.313519e+21 1.097941e+43
4.270000e-15 3.325564e+21 1.105938e+43
4.280000e-15 3.331873e+21 1.110138e+43
4.290000e-15 3.332463e+21 1.110531e+43
4.300000e-15 3.327358e+21 1.107131e+43
4.310000e-15 3.316596e+21 1.099981e+43
4.320000e-15 3.300222e+21 1.089146e+43
4.330000e-15 3.278289e+21 1.074718e+43
4.340000e-15 3.250861e+21 1.056809e+43
4.350000e-15 3.218010e+21 1.035559e+43
4.360000e-15 3.179817e+21 1.011124e+43
4.370000e-15 3.136372e+21 9.836830e+42
4.380000e-15 3.087773e+21 9.534344e+42
4.390000e-15 3.034127e+21 9.205925e+42
4.400000e-15 2.975547e+21 8.853879e+42
4.410000e-15 2.912156e+21 8.480650e+42
4.420000e-15 2.844082e+21 8.088805e+42
4.430000e-15 2.771464e+21 7.681015e+42
4.440000e-15 2.694445e+21 7.260035e+42
4.450000e-15 2.613176e+21 6.828687e+42
4.460000e-15 2.527813e+21 6.389838e+42
4.470000e-15 2.438520e+21 5.946379e+42
4.480000e-15 2.345466e+21 5.501210e+42
4.490000e-15 2.248825e+21 5.057216e+42
4.500000e-15 2.148779e+21 4.617250e+42
4.510000e-15 2.045511e+21 4.184114e+42
4.520000e-15 1.939210e+21 3.760537e+42
4.530000e-15 1.830072e+21 3.349163e+42
4.540000e-15 1.718292e+21 2.952529e+42
4.550000e-15 1.604074e+21 2.573052e+42
4.560000e-15 1.487620e+21 2.213013e+42
4.570000e-15 1.369138e+21 1.874539e+42
4.580000e-15 1.248838e+21 1.559597e+42
4.590000e-15 1.126932e+21 1.269976e+42
4.600000e-15 1.003633e+21 1.007280e+42
4.610000e-15 8.791575e+20 7.729179e+41
4.620000e-15 7.537202e+20 5.680942e+41
4.630000e-15 6.275385e+20 3.938046e+41
4.640000e-15 5.008295e+20 2.508302e+41
4.650000e-15 3.738102e+20 1.397341e+41
4.660000e-15 2.466973e+20 6.085956e+40
4.670000e-15 1.197067e+20 1.432970e+40
4.680000e-15 -6.946828e+18 4.825841e+37
4.690000e-15 -1.330501e+20 1.770232e+40
4.700000e-15 -2.583915e+20 6.676619e+40
4.710000e-15 -3.827621e+20 1.465068e+41
4.720000e-15 -5.059549e+20 2.559903e+41
4.730000e-15 -6.277662e+20 3.940904e+41
4.740000e-15 -7.479953e+20 5.594969e+41
4.750000e-15 -8.664450e+20 7.507270e+41
4.760000e-15 -9.829222e+20 9.661360e+41
4.770000e-15 -1.097237e+21 1.203930e+42
4.780000e-15 -1.209206e+21 1.462180e+42
4.790000e-15 -1.318649e+21 1.738834e+42
4.800000e-15 -1.425389e+21 2.031735e+42
4.810000e-15 -1.529259e+21 2.338633e+42
4.820000e-15 -1.630093e+21 2.657203e+42
4.830000e-15 -1.727734e+21 2.985063e+42
4.840000e-15 -1.822028e+21 3.319786e+42
4.850000e-15 -1.912831e+21 3.658921e+42
4.860000e-15 -2.000001e+21 4.000006e+42
4.870000e-15 -2.083408e+21 4.340589e+42
4.880000e-15 -2.162924e+21 4.678241e+42
4.890000e-15 -2.238431e+21 5.010575e+42
4.900000e-15 -2.309818e+21 5.335258e+42
4.910000e-15 -2.376979e+21 5.650030e+42
4.920000e-15 -2.439819e+21 5.952717e+42
4.930000e-15 -2.498248e+21 6.241245e+42
4.940000e-15 -2.552186e+21 6.513653e+42
4.950000e-15 -2.601559e+21 6.768108e+42
4.960000e-15 -2.646301e+21 7.002911e+42
4.970000e-15 -2.686357e+21 7.216513e+42
4.980000e-15 -2.721676e+21 7.407520e+42
4.990000e-15 -2.752218e+21 7.574704e+42
5.000000e-15 -2.777950e+21 7.717009e+42
5.010000e-15 -2.798849e+21 7.833555e+42
5.020000e-15 -2.814897e+21 7.923645e+42
5.030000e-15 -2.826087e+21 7.986770e+42
5.040000e-15 -2.832420e+21 8.022604e+42
5.050000e-15 -2.833904e+21 8.031012e+42
5.060000e-15 -2.830556e+21 8.012045e+42
5.070000e-15 -2.822400e+21 7.965942e+42
5.080000e-15 -2.809470e+21 7.893120e+42
5.090000e-15 -2.791806e+21 7.794180e+42
5.100000e-15 -2.769457e+21 7.669892e+42
5.110000e-15 -2.742479e+21 7.521193e+42
5.120000e-15 -2.710937e+21 7.349178e+42
5.130000e-15 -2.674901e+21 7.155095e+42
5.140000e-15 -2.634450e+21 6.940328e+42
5.150000e-15 -2.589671e+21 6.706394e+42
5.160000e-15 -2.540655e+21 6.454928e+42
5.170000e-15 -2.487503e+21 6.187671e+42
5.180000e-15 -2.430321e+21 5.906459e+42
5.190000e-15 -2.369221e+21 5.613206e+42
5.200000e-15 -2.304322e+21 5.309898e+42
5.210000e-15 -2.235748e+21 4.998571e+42
5.220000e-15 -2.163632e+21 4.681302e+42
5.230000e-15 -2.088107e+21 4.360190e+42
5.240000e-15 -2.009315e+21 4.037348e+42
5.250000e-15 -1.927403e+21 3.714884e+42
5.260000e-15 -1.842522e+21 3.394887e+42
5.270000e-15 -1.754826e+21 3.079414e+42
5.280000e-15 -1.664475e+21 2.770476e+42
5.290000e-15 -1.571632e+21 2.470027e+42
5.300000e-15 -1.476465e+21 2.179948e+42
5.310000e-15 -1.379142e+21 1.902034e+42
5.320000e-15 -1.279839e+21 1.637988e+42
5.330000e-15 -1.178730e+21 1.389404e+42
5.340000e-15 -1.075994e+21 1.157762e+42
5.350000e-15 -9.718104e+20 9.444154e+41
5.360000e-15 -8.663623e+20 7.505836e+41
5.370000e-15 -7.598329e+20 5.773461e+41
5.380000e-15 -6.524069e+20 4.256348e+41
5.390000e-15 -5.442699e+20 2.962297e+41
5.400000e-15 -4.356078e+20 1.897541e+41
5.410000e-15 -3.266068e+20 1.066720e+41
5.420000e-15 -2.174531e+20 4.728585e+40
5.430000e-15 -1.083323e+20 1.173589e+40
5.440000e-15 5.706209e+17 3.256082e+35
5.450000e-15 1.090718e+20 1.189666e+40
5.460000e-15 2.169888e+20 4.708413e+40
5.470000e-15 3.241406e+20 1.050671e+41
5.480000e-15 4.303485e+20 1.851998e+41
5.490000e-15 5.354356e+20 2.866913e+41
5.500000e-15 6.392280e+20 4.086124e+41
5.510000e-15 7.415542e+20 5.499027e+41
5.520000e-15 8.422462e+20 7.093786e+41
5.530000e-15 9.411390e+20 8.857426e+41
5.540000e-15 1.038072e+21 1.077592e+42
5.550000e-15 1.132886e+21 1.283432e+42
5.560000e-15 1.225430e+21 1.501680e+42
5.570000e-15 1.315555e+21 1.730685e+42
5.580000e-15 1.403116e+21 1.968734e+42
5.590000e-15 1.487973e+21 2.214065e+42
5.600000e-15 1.569994e+21 2.464881e+42
5.610000e-15 1.649048e+21 2.719360e+42
5.620000e-15 1.725013e+21 2.975669e+42
5.630000e-15 1.797769e+21 3.231975e+42
5.640000e-15 1.867207e+21 3.486461e+42
5.650000e-15 1.933218e+21 3.737333e+42
5.660000e-15 1.995704e+21 3.982836e+42
5.670000e-15 2.054572e+21 4.221264e+42
5.680000e-15 2.109733e+21 4.450971e+42
5.690000e-15 2.161107e+21 4.670383e+42
5.700000e-15 2.208621e+21 4.878005e+42
5.710000e-15 2.252207e+21 5.072436e+42
5.720000e-15 2.291805e+21 5.252372e+42
5.730000e-15 2.327363e+21 5.416617e+42
5.740000e-15 2.358833e+21 5.564092e+42
5.750000e-15 2.386176e+21 5.693838e+42
5.760000e-15 2.409361e+21 5.805022e+42
5.770000e-15 2.428363e+21 5.896947e+42
5.780000e-15 2.443163e+21 5.969046e+42
5.790000e-15 2.453751e+21 6.020896e+42
5.800000e-15 2.460124e+21 6.052212e+42
5.810000e-15 2.462286e+21 6.062851e+42
5.820000e-15 2.460246e+21 6.052810e+42
5.830000e-15 2.454023e+21 6.022230e+42
5.840000e-15 2.443642e+21 5.971387e+42
5.850000e-15 2.429135e+21 5.900696e+42
5.860000e-15 2.410539e+21 5.810701e+42
5.870000e-15 2.387902e+21 5.702075e+42
5.880000e-15 2.361274e+21 5.575615e+42
5.890000e-15 2.330715e+21 5.432231e+42
5.900000e-15 2.296289e+21 5.272942e+42
5.910000e-15 2.258068e+21 5.098872e+42
5.920000e-15 2.216130e+21 4.911233e+42
5.930000e-15 2.170558e+21 4.711324e+42
5.940000e-15 2.121443e+21 4.500519e+42
5.950000e-15 2.068878e+21 4.280257e+42
5.960000e-15 2.012965e+21 4.052030e+42
5.970000e-15 1.953811e+21 3.817376e+42
5.980000e-15 1.891525e+21 3.577867e+42
5.990000e-15 1.826225e+21 3.335097e+42
6.000000e-15 1.758031e+21 3.090672e+42
6.010000e-15 1.687068e+21 2.846199e+42
6.020000e-15 1.613467e+21 2.603275e+42
6.030000e-15 1.537360e+21 2.363476e+42
6.040000e-15 1.458886e+21 2.128348e+42
6.050000e-15 1.378185e+21 1.899393e+42
6.060000e-15 1.295401e+21 1.678065e+42
6.070000e-15 1.210683e+21 1.465754e+42
6.080000e-15 1.124180e+21 1.263781e+42
6.090000e-15 1.036045e+21 1.073390e+42
6.100000e-15 9.464334e+20 8.957362e+41
6.110000e-15 8.555015e+20 7.318828e+41
6.120000e-15 7.634082e+20 5.827921e+41
6.130000e-15 6.703139e+20 4.493208e+41
6.140000e-15 5.763799e+20 3.322138e+41
6.150000e-15 4.817684e+20 2.321008e+41
6.160000e-15 3.866424e+20 1.494923e+41
6.170000e-15 2.911651e+20 8.477710e+40
6.180000e-15 1.954998e+20 3.822016e+40
6.190000e-15 9.980965e+19 9.961966e+39
6.200000e-15 4.257326e+18 1.812482e+37
6.210000e-15 -9.099529e+19 8.280142e+39
6.220000e-15 -1.857873e+20 3.451692e+40
6.230000e-15 -2.799591e+20 7.837712e+40
6.240000e-15 -3.733528e+20 1.393923e+41
6.250000e-15 -4.658119e+20 2.169807e+41
6.260000e-15 -5.571825e+20 3.104523e+41
6.270000e-15 -6.473126e+20 4.190137e+41
6.280000e-15 -7.360531e+20 5.417742e+41
6.290000e-15 -8.232576e+20 6.777530e+41
6.300000e-15 -9.087826e+20 8.258857e+41
6.310000e-15 -9.924881e+20 9.850325e+41
6.320000e-15 -1.074238e+21 1.153986e+42
6.330000e-15 -1.153898e+21 1.331481e+42
6.340000e-15 -1.231341e+21 1.516201e+42
6.350000e-15 -1.306442e+21 1.706789e+42
6.360000e-15 -1.379079e+21 1.901860e+42
6.370000e-15 -1.449139e+21 2.100003e+42
6.380000e-15 -1.516508e+21 2.299797e+42
6.390000e-15 -1.581082e+21 2.499821e+42
6.400000e-15 -1.642759e+21 2.698659e+42
6.410000e-15 -1.701444e+21 2.894911e+42
6.420000e-15 -1.757045e+21 3.087208e+42
6.430000e-15 -1.809478e+21 3.274212e+42
6.440000e-15 -1.858664e+21 3.454632e+42
6.450000e-15 -1.904529e+21 3.627229e+42
6.460000e-15 -1.947004e+21 3.790826e+42
6.470000e-15 -1.986029e+21 3.944312e+42
6.480000e-15 -2.021548e+21 4.086656e+42
6.490000e-15 -2.053510e+21 4.216905e+42
6.500000e-15 -2.081873e+21 4.334197e+42
6.510000e-15 -2.106600e+21 4.437762e+42
6.520000e-15 -2.127658e+21 4.526930e+42
6.530000e-15 -2.145025e+21 4.601131e+42
6.540000e-15 -2.158680e+21 4.659901e+42
6.550000e-15 -2.168614e+21 4.702886e+42
6.560000e-15 -2.174819e+21 4.729838e+42
6.570000e-15 -2.177297e+21 4.740623e+42
6.580000e-15 -2.176055e+21 4.735215e+42
6.590000e-15 -2.171106e+21 4.713700e+42
6.600000e-15 -2.162470e+21 4.676275e+42
6.610000e-15 -2.150172e+21 4.623239e+42
6.620000e-15 -2.134245e+21 4.555001e+42
6.630000e-15 -2.114726e+21 4.472068e+42
6.640000e-15 -2.091660e+21 4.375044e+42
6.650000e-15 -2.065097e+21 4.264626e+42
6.660000e-15 -2.035092e+21 4.141599e+42
6.670000e-15 -2.001706e+21 4.006827e+42
6.680000e-15 -1.965007e+21 3.861252e+42
6.690000e-15 -1.925066e+21 3.705880e+42
6.700000e-15 -1.881962e+21 3.541781e+42
6.710000e-15 -1.835777e+21 3.370077e+42
6.720000e-15 -1.786599e+21 3.191935e+42
6.730000e-15 -1.734520e+21 3.008559e+42
6.740000e-15 -1.679637e+21 2.821182e+42
6.750000e-15 -1.622053e+21 2.631057e+42
6.760000e-15 -1.561874e+21 2.439450e+42
6.770000e-15 -1.499208e+21 2.247625e+42
6.780000e-15 -1.434171e+21 2.056847e+42
6.790000e-15 -1.366880e+21 1.868360e+42
6.800000e-15 -1.297455e+21 1.683390e+42
6.810000e-15 -1.226022e+21 1.503131e+42
6.820000e-15 -1.152708e+21 1.328736e+42
6.830000e-15 -1.077643e+21 1.161315e+42
6.840000e-15 -1.000960e+21 1.001921e+42
6.850000e-15 -9.227939e+20 8.515487e+41
6.860000e-15 -8.432823e+20 7.111250e+41
6.870000e-15 -7.625643e+20 5.815043e+41
6.880000e-15 -6.807808e+20 4.634625e+41
6.890000e-15 -5.980740e+20 3.576925e+41
6.900000e-15 -5.145874e+20 2.648002e+41
6.910000e-15 -4.304652e+20 1.853003e+41
6.920000e-15 -3.458524e+20 1.196139e+41
6.930000e-15 -2.608945e+20 6.806592e+40
6.940000e-15 -1.757369e+20 3.088345e+40
6.950000e-15 -9.052510e+19 8.194794e+39
6.960000e-15 -5.404316e+18 2.920663e+37
6.970000e-15 7.948092e+19 6.317216e+39
6.980000e-15 1.639868e+20 2.689168e+40
6.990000e-15 2.479707e+20 6.148949e+40
7.000000e-15 3.312912e+20 1.097539e+41
7.010000e-15 4.138084e+20 1.712374e+41
7.020000e-15 4.953842e+20 2.454055e+41
7.030000e-15 5.758825e+20 3.316406e+41
7.040000e-15 6.551693e+20 4.292468e+41
7.050000e-15 7.331132e+20 5.374549e+41
7.060000e-15 8.095853e+20 6.554284e+41
7.070000e-15 8.844598e+20 7.822692e+41
7.080000e-15 9.576138e+20 9.170242e+41
7.090000e-15 1.028928e+21 1.058692e+42
7.100000e-15 1.098285e+21 1.206230e+42
7.110000e-15 1.165574e+21 1.358562e+42
7.120000e-15 1.230685e+21 1.514585e+42
7.130000e-15 1.293514e+21 1.673178e+42
7.140000e-15 1.353960e+21 1.833208e+42
7.150000e-15 1.411927e+21 1.993539e+42
7.160000e-15 1.467324e+21 2.153041e+42
7.170000e-15 1.520064e+21 2.310593e+42
7.180000e-15 1.570063e+21 2.465097e+42
7.190000e-15 1.617245e+21 2.615480e+42
7.200000e-15 1.661537e+21 2.760704e+42
7.210000e-15 1.702871e+21 2.899771e+42
7.220000e-15 1.741187e+21 3.031731e+42
7.230000e-15 1.776426e+21 3.155689e+42
7.240000e-15 1.808538e+21 3.270808e+42
7.250000e-15 1.837475e+21 3.376316e+42
7.260000e-15 1.863199e+21 3.471512e+42
7.270000e-15 1.885674e+21 3.555767e+42
7.280000e-15 1.904871e+21 3.628532e+42
7.290000e-15 1.920765e+21 3.689338e+42
7.300000e-15 1.933339e+21 3.737801e+42
7.310000e-15 1.942581e+21 3.773622e+42
7.320000e-15 1.948484e+21 3.796592e+42
7.330000e-15 1.951048e+21 3.806587e+42
7.340000e-15 1.950276e+21 3.803576e+42
7.350000e-15 1.946179e+21 3.787614e+42
7.360000e-15 1.938774e+21 3.758844e+42
7.370000e-15 1.928081e+21 3.717498e+42
7.380000e-15 1.914129e+21 3.663889e+42
7.390000e-15 1.896949e+21 3.598415e+42
7.400000e-15 1.876579e+21 3.521550e+42
7.410000e-15 1.853064e+21 3.433845e+42
7.420000e-15 1.826450e+21 3.335920e+42
7.430000e-15 1.796793e+21 3.228463e+42
7.440000e-15 1.764149e+21 3.112223e+42
7.450000e-15 1.728585e+21 2.988005e+42
7.460000e-15 1.690166e+21 2.856662e+42
7.470000e-15 1.648967e+21 2.719093e+42
7.480000e-15 1.605065e+21 2.576235e+42
7.490000e-15 1.558543e+21 2.429055e+42
7.500000e-15 1.509485e+21 2.278544e+42
7.510000e-15 1.457983e+21 2.125713e+42
7.520000e-15 1.404130e+21 1.971580e+42
7.530000e-15 1.348025e+21 1.817170e+42
7.540000e-15 1.289768e+21 1.663502e+42
7.550000e-15 1.229466e+21 1.511586e+42
7.560000e-15 1.167225e+21 1.362414e+42
7.570000e-15 1.103157e+21 1.216956e+42
7.580000e-15 1.037376e+21 1.076149e+42
7.590000e-15 9.699986e+20 9.408972e+41
7.600000e-15 9.011430e+20 8.120588e+41
7.610000e-15 8.309308e+20 6.904460e+41
7.620000e-15 7.594850e+20 5.768174e+41
7.630000e-15 6.869304e+20 4.718733e+41
7.640000e-15 6.133934e+20 3.762515e+41
7.650000e-15 5.390019e+20 2.905230e+41
7.660000e-15 4.638846e+20 2.151889e+41
7.670000e-15 3.881715e+20 1.506771e+41
7.680000e-15 3.119929e+20 9.733957e+40
7.690000e-15 2.354798e+20 5.545073e+40
7.700000e-15 1.587633e+20 2.520579e+40
7.710000e-15 8.197463e+19 6.719839e+39
7.720000e-15 5.244667e+18 2.750653e+37
7.730000e-15 -7.129605e+19 5.083126e+39
7.740000e-15 -1.475177e+20 2.176146e+40
7.750000e-15 -2.232912e+20 4.985896e+40
7.760000e-15 -2.984888e+20 8.909553e+40
7.770000e-15 -3.729837e+20 1.391169e+41
7.780000e-15 -4.466511e+20 1.994972e+41
7.790000e-15 -5.193675e+20 2.697426e+41
7.800000e-15 -5.910115e+20 3.492946e+41
7.810000e-15 -6.614638e+20 4.375343e+41
7.820000e-15 -7.306074e+20 5.337872e+41
7.830000e-15 -7.983280e+20 6.373276e+41
7.840000e-15 -8.645137e+20 7.473840e+41
7.850000e-15 -9.290558e+20 8.631447e+41
7.860000e-15 -9.918484e+20 9.837633e+41
7.870000e-15 -1.052789e+21 1.108365e+42
7.880000e-15 -1.111779e+21 1.236052e+42
7.890000e-15 -1.168721e+21 1.365910e+42
7.900000e-15 -1.223526e+21 1.497015e+42
7.910000e-15 -1.276104e+21 1.628441e+42
7.920000e-15 -1.326371e+21 1.759260e+42
7.930000e-15 -1.374248e+21 1.888558e+42
7.940000e-15 -1.419659e+21 2.015433e+42
7.950000e-15 -1.462533e+21 2.139004e+42
7.960000e-15 -1.502804e+21 2.258419e+42
7.970000e-15 -1.540408e+21 2.372858e+42
7.980000e-15 -1.575289e+21 2.481537e+42
7.990000e-15 -1.607395e+21 2.583718e+42
8.000000e-15 -1.636676e+21 2.678709e+42
8.010000e-15 -1.663091e+21 2.765872e+42
8.020000e-15 -1.686601e+21 2.844624e+42
8.030000e-15 -1.707174e+21 2.914444e+42
8.040000e-15 -1.724782e+21 2.974873e+42
8.050000e-15 -1.739402e+21 3.025520e+42
8.060000e-15 -1.751017e+21 3.066060e+42
8.070000e-15 -1.759614e+21 3.096241e+42
8.080000e-15 -1.765186e+21 3.115881e+42
8.090000e-15 -1.767731e+21 3.124872e+42
8.100000e-15 -1.767252e+21 3.123180e+42
8.110000e-15 -1.763757e+21 3.110841e+42
8.120000e-15 -1.757261e+21 3.087965e+42
8.130000e-15 -1.747780e+21 3.054735e+42
8.140000e-15 -1.735339e+21 3.011402e+42
8.150000e-15 -1.719966e+21 2.958284e+42
8.160000e-15 -1.701695e+21 2.895765e+42
8.170000e-15 -1.680563e+21 2.824291e+42
8.180000e-15 -1.656613e+21 2.744368e+42
8.190000e-15 -1.629894e+21 2.656556e+42
8.200000e-15 -1.600458e+21 2.561466e+42
8.210000e-15 -1.568361e+21 2.459756e+42
8.220000e-15 -1.533664e+21 2.352126e+42
8.230000e-15 -1.496434e+21 2.239314e+42
8.240000e-15 -1.456739e+21 2.122087e+42
8.250000e-15 -1.414653e+21 2.001242e+42
8.260000e-15 -1.370253e+21 1.877594e+42
8.270000e-15 -1.323622e+21 1.751975e+42
8.280000e-15 -1.274843e+21 1.625226e+42
8.290000e-15 -1.224006e+21 1.498191e+42
8.300000e-15 -1.171201e+21 1.371713e+42
8.310000e-15 -1.116524e+21 1.246626e+42
8.320000e-15 -1.060072e+21 1.123753e+42
8.330000e-15 -1.001946e+21 1.003895e+42
8.340000e-15 -9.422478e+20 8.878309e+41
8.350000e-15 -8.810844e+20 7.763097e+41
8.360000e-15 -8.185630e+20 6.700453e+41
8.370000e-15 -7.547934e+20 5.697131e+41
8.380000e-15 -6.898874e+20 4.759446e+41
8.390000e-15 -6.239583e+20 3.893240e+41
8.400000e-15 -5.571209e+20 3.103837e+41
8.410000e-15 -4.894913e+20 2.396018e+41
8.420000e-15 -4.211867e+20 1.773983e+41
8.430000e-15 -3.523252e+20 1.241330e+41
8.440000e-15 -2.830254e+20 8.010337e+40
8.450000e-15 -2.134065e+20 4.554234e+40
8.460000e-15 -1.435880e+20 2.061752e+40
8.470000e-15 -7.368937e+19 5.430123e+39
8.480000e-15 -3.829942e+18 1.466846e+37
8.490000e-15 6.587127e+19 4.339024e+39
8.500000e-15 1.352958e+20 1.830495e+40
8.510000e-15 2.043260e+20 4.174910e+40
8.520000e-15 2.728450e+20 7.444438e+40
8.530000e-15 3.407373e+20 1.161019e+41
8.540000e-15 4.078885e+20 1.663730e+41
8.550000e-15 4.741860e+20 2.248524e+41
8.560000e-15 5.395187e+20 2.910804e+41
8.570000e-15 6.037775e+20 3.645472e+41
8.580000e-15 6.668553e+20 4.446959e+41
8.590000e-15 7.286473e+20 5.309269e+41
8.600000e-15 7.890513e+20 6.226019e+41
8.610000e-15 8.479674e+20 7.190487e+41
8.620000e-15 9.052987e+20 8.195657e+41
8.630000e-15 9.609510e+20 9.234269e+41
8.640000e-15 1.014834e+21 1.029887e+42
8.650000e-15 1.066858e+21 1.138187e+42
8.660000e-15 1.116941e+21 1.247558e+42
8.670000e-15 1.165001e+21 1.357228e+42
8.680000e-15 1.210961e+21 1.466426e+42
8.690000e-15 1.254747e+21 1.574390e+42
8.700000e-15 1.296290e+21 1.680367e+42
8.710000e-15 1.335523e+21 1.783623e+42
8.720000e-15 1.372387e+21 1.883445e+42
8.730000e-15 1.406822e+21 1.979148e+42
8.740000e-15 1.438776e+21 2.070076e+42
8.750000e-15 1.468200e+21 2.155611e+42
8.760000e-15 1.495050e+21 2.235174e+42
8.770000e-15 1.519286e+21 2.308229e+42
8.780000e-15 1.540872e+21 2.374286e+42
8.790000e-15 1.559778e+21 2.432907e+42
8.800000e-15 1.575977e+21 2.483705e+42
8.810000e-15 1.589449e+21 2.526349e+42
8.820000e-15 1.600176e+21 2.560564e+42
8.830000e-15 1.608147e+21 2.586136e+42
8.840000e-15 1.613353e+21 2.602908e+42
8.850000e-15 1.615793e+21 2.610787e+42
8.860000e-15 1.615468e+21 2.609738e+42
8.870000e-15 1.612386e+21 2.599788e+42
8.880000e-15 1.606557e+21 2.581026e+42
8.890000e-15 1.597999e+21 2.553599e+42
8.900000e-15 1.586730e+21 2.517714e+42
8.910000e-15 1.572778e+21 2.473632e+42
8.920000e-15 1.556172e+21 2.421671e+42
8.930000e-15 1.536946e+21 2.362202e+42
8.940000e-15 1.515138e+21 2.295643e+42
8.950000e-15 1.490792e+21 2.222461e+42
8.960000e-15 1.463955e+21 2.143164e+42
8.970000e-15 1.434678e+21 2.058300e+42
8.980000e-15 1.403016e+21 1.968455e+42
8.990000e-15 1.369030e+21 1.874242e+42
9.000000e-15 1.332781e+21 1.776305e+42
9.010000e-15 1.294337e+21 1.675308e+42
9.020000e-15 1.253768e+21 1.571934e+42
9.030000e-15 1.211148e+21 1.466880e+42
9.040000e-15 1.166554e+21 1.360849e+42
9.050000e-15 1.120068e+21 1.254551e+42
9.060000e-15 1.071771e+21 1.148693e+42
9.070000e-15 1.021750e+21 1.043974e+42
9.080000e-15 9.700956e+20 9.410854e+41
9.090000e-15 9.168979e+20 8.407017e+41
9.100000e-15 8.622515e+20 7.434777e+41
9.110000e-15 8.062528e+20 6.500435e+41
9.120000e-15 7.490001e+20 5.610012e+41
9.130000e-15 6.905939e+20 4.769199e+41
9.140000e-15 6.311362e+20 3.983329e+41
9.150000e-15 5.707308e+20 3.257337e+41
9.160000e-15 5.094827e+20 2.595726e+41
9.170000e-15 4.474981e+20 2.002546e+41
9.180000e-15 3.848844e+20 1.481360e+41
9.190000e-15 3.217497e+20 1.035229e+41
9.200000e-15 2.582028e+20 6.666868e+40
9.210000e-15 1.943529e+20 3.777304e+40
9.220000e-15 1.303095e+20 1.698057e+40
9.230000e-15 6.618236e+19 4.380105e+39
9.240000e-15 2.080912e+18 4.330194e+36
9.250000e-15 -6.188558e+19 3.829825e+39
9.260000e-15 -1.256083e+20 1.577745e+40
9.270000e-15 -1.889792e+20 3.571313e+40
9.280000e-15 -2.518908e+20 6.344899e+40
9.290000e-15 -3.142370e+20 9.874490e+40
9.300000e-15 -3.759126e+20 1.413103e+41
9.310000e-15 -4.368138e+20 1.908063e+41
9.320000e-15 -4.968386e+20 2.468485e+41
9.330000e-15 -5.558862e+20 3.090095e+41
9.340000e-15 -6.138583e+20 3.768220e+41
9.350000e-15 -6.706582e+20 4.497824e+41
9.360000e-15 -7.261914e+20 5.273540e+41
9.370000e-15 -7.803661e+20 6.089713e+41
9.380000e-15 -8.330927e+20 6.940435e+41
9.390000e-15 -8.842844e+20 7.819589e+41
9.400000e-15 -9.338571e+20 8.720890e+41
9.410000e-15 -9.817296e+20 9.637930e+41
9.420000e-15 -1.027824e+21 1.056422e+42
9.430000e-15 -1.072065e+21 1.149324e+42
9.440000e-15 -1.114382e+21 1.241848e+42
9.450000e-15 -1.154706e+21 1.333346e+42
9.460000e-15 -1.192973e+21 1.423185e+42
9.470000e-15 -1.229122e+21 1.510740e+42
9.480000e-15 -1.263095e+21 1.595409e+42
9.490000e-15 -1.294839e+21 1.676609e+42
9.500000e-15 -1.324305e+21 1.753785e+42
9.510000e-15 -1.351448e+21 1.826411e+42
9.520000e-15 -1.376225e+21 1.893995e+42
9.530000e-15 -1.398599e+21 1.956080e+42
9.540000e-15 -1.418538e+21 2.012251e+42
9.550000e-15 -1.436013e+21 2.062132e+42
9.560000e-15 -1.450998e+21 2.105394e+42
9.570000e-15 -1.463473e+21 2.141753e+42
9.580000e-15 -1.473422e+21 2.170974e+42
9.590000e-15 -1.480835e+21 2.192871e+42
9.600000e-15 -1.485702e+21 2.207310e+42
9.610000e-15 -1.488021e+21 2.214207e+42
9.620000e-15 -1.487794e+21 2.213531e+42
9.630000e-15 -1.485026e+21 2.205302e+42
9.640000e-15 -1.479727e+21 2.189591e+42
9.650000e-15 -1.471911e+21 2.166522e+42
9.660000e-15 -1.461597e+21 2.136266e+42
9.670000e-15 -1.448808e+21 2.099043e+42
9.680000e-15 -1.433570e+21 2.055122e+42
9.690000e-15 -1.415914e+21 2.004813e+42
9.700000e-15 -1.395877e+21 1.948471e+42
9.710000e-15 -1.373495e+21 1.886490e+42
9.720000e-15 -1.348814e+21 1.819299e+42
9.730000e-15 -1.321879e+21 1.747364e+42
9.740000e-15 -1.292741e+21 1.671180e+42
9.750000e-15 -1.261454e+21 1.591267e+42
9.760000e-15 -1.228077e+21 1.508173e+42
9.770000e-15 -1.192670e+21 1.422461e+42
9.780000e-15 -1.155297e+21 1.334711e+42
9.790000e-15 -1.116027e+21 1.245516e+42
9.800000e-15 -1.074930e+21 1.155475e+42
9.810000e-15 -1.032081e+21 1.065192e+42
9.820000e-15 -9.875559e+20 9.752667e+41
9.830000e-15 -9.414340e+20 8.862979e+41
9.840000e-15 -8.937973e+20 7.988736e+41
9.850000e-15 -8.447302e+20 7.135692e+41
9.860000e-15 -7.943195e+20 6.309434e+41
9.870000e-15 -7.426537e+20 5.515345e+41
9.880000e-15 -6.898236e+20 4.758566e+41
9.890000e-15 -6.359217e+20 4.043964e+41
9.900000e-15 -5.810422e+20 3.376100e+41
9.910000e-15 -5.252806e+20 2.759197e+41
9.920000e-15 -4.687340e+20 2.197115e+41
9.930000e-15 -4.115003e+20 1.693325e+41
9.940000e-15 -3.536787e+20 1.250886e+41
9.950000e-15 -2.953690e+20 8.724286e+40
9.960000e-15 -2.366717e+20 5.601351e+40
9.970000e-15 -1.776878e+20 3.157295e+40
9.980000e-15 -1.185184e+20 1.404662e+40
9.990000e-15 -5.926503e+19 3.512344e+39
1.000000e-14 -2.885966e+16 8.328799e+32
