0.000000e+00 nan nan
1.000000e-17 -2.059454e+20 4.241353e+40
2.000000e-17 -4.118277e+20 1.696020e+41
3.000000e-17 -6.175835e+20 3.814093e+41
4.000000e-17 -8.231497e+20 6.775754e+41
5.000000e-17 -1.028463e+21 1.057737e+42
6.000000e-17 -1.233461e+21 1.521427e+42
7.000000e-17 -1.438081e+21 2.068076e+42
8.000000e-17 -1.642259e+21 2.697014e+42
9.000000e-17 -1.845933e+21 3.407470e+42
1.000000e-16 -2.049042e+21 4.198571e+42
1.100000e-16 -2.251522e+21 5.069349e+42
1.200000e-16 -2.453311e+21 6.018736e+42
1.300000e-16 -2.654349e+21 7.045568e+42
1.400000e-16 -2.854573e+21 8.148588e+42
1.500000e-16 -3.053923e+21 9.326447e+42
1.600000e-16 -3.252338e+21 1.057770e+43
1.700000e-16 -3.449757e+21 1.190082e+43
1.800000e-16 -3.646120e+21 1.329419e+43
1.900000e-16 -3.841369e+21 1.475611e+43
2.000000e-16 -4.035442e+21 1.628479e+43
2.100000e-16 -4.228282e+21 1.787837e+43
2.200000e-16 -4.419831e+21 1.953490e+43
2.300000e-16 -4.610029e+21 2.125237e+43
2.400000e-16 -4.798821e+21 2.302868e+43
2.500000e-16 -4.986149e+21 2.486168e+43
2.600000e-16 -5.171957e+21 2.674914e+43
2.700000e-16 -5.356188e+21 2.868875e+43
2.800000e-16 -5.538789e+21 3.067818e+43
2.900000e-16 -5.719704e+21 3.271501e+43
3.000000e-16 -5.898879e+21 3.479677e+43
3.100000e-16 -6.076261e+21 3.692095e+43
3.200000e-16 -6.251798e+21 3.908498e+43
3.300000e-16 -6.425437e+21 4.128624e+43
3.400000e-16 -6.597127e+21 4.352208e+43
3.500000e-16 -6.766817e+21 4.578982e+43
3.600000e-16 -6.934459e+21 4.808672e+43
3.700000e-16 -7.100002e+21 5.041002e+43
3.800000e-16 -7.263398e+21 5.275695e+43
3.900000e-16 -7.424599e+21 5.512468e+43
4.000000e-16 -7.583560e+21 5.751039e+43
4.100000e-16 -7.740234e+21 5.991123e+43
4.200000e-16 -7.894576e+21 6.232433e+43
4.300000e-16 -8.046542e+21 6.474684e+43
4.400000e-16 -8.196088e+21 6.717586e+43
4.500000e-16 -8.343172e+21 6.960852e+43
4.600000e-16 -8.487752e+21 7.204194e+43
4.700000e-16 -8.629788e+21 7.447324e+43
4.800000e-16 -8.769240e+21 7.689956e+43
4.900000e-16 -8.906068e+21 7.931805e+43
5.000000e-16 -9.040236e+21 8.172586e+43
5.100000e-16 -9.171706e+21 8.412018e+43
5.200000e-16 -9.300442e+21 8.649822e+43
5.300000e-16 -9.426409e+21 8.885719e+43
5.400000e-16 -9.549574e+21 9.119435e+43
5.500000e-16 -9.669902e+21 9.350701e+43
5.600000e-16 -9.787364e+21 9.579249e+43
5.700000e-16 -9.901926e+21 9.804814e+43
5.800000e-16 -1.001356e+22 1.002714e+44
5.900000e-16 -1.012224e+22 1.024597e+44
6.000000e-16 -1.022793e+22 1.046105e+44
6.100000e-16 -1.033061e+22 1.067215e+44
6.200000e-16 -1.043025e+22 1.087902e+44
6.300000e-16 -1.052683e+22 1.108142e+44
6.400000e-16 -1.062033e+22 1.127914e+44
6.500000e-16 -1.071072e+22 1.147195e+44
6.600000e-16 -1.079798e+22 1.165963e+44
6.700000e-16 -1.088209e+22 1.184198e+44
6.800000e-16 -1.096303e+22 1.201880e+44
6.900000e-16 -1.104078e+22 1.218989e+44
7.000000e-16 -1.111534e+22 1.235507e+44
7.100000e-16 -1.118667e+22 1.251416e+44
7.200000e-16 -1.125477e+22 1.266699e+44
7.300000e-16 -1.131963e+22 1.281340e+44
7.400000e-16 -1.138123e+22 1.295323e+44
7.500000e-16 -1.143955e+22 1.308634e+44
7.600000e-16 -1.149460e+22 1.321259e+44
7.700000e-16 -1.154636e+22 1.333185e+44
7.800000e-16 -1.159483e+22 1.344401e+44
7.900000e-16 -1.163999e+22 1.354894e+44
8.000000e-16 -1.168185e+22 1.364656e+44
8.100000e-16 -1.172039e+22 1.373676e+44
8.200000e-16 -1.175562e+22 1.381947e+44
8.300000e-16 -1.178754e+22 1.389460e+44
8.400000e-16 -1.181613e+22 1.396210e+44
8.500000e-16 -1.184141e+22 1.402191e+44
8.600000e-16 -1.186338e+22 1.407398e+44
8.700000e-16 -1.188203e+22 1.411827e+44
8.800000e-16 -1.189738e+22 1.415477e+44
8.900000e-16 -1.190943e+22 1.418344e+44
9.000000e-16 -1.191817e+22 1.420428e+44
9.100000e-16 -1.192363e+22 1.421730e+44
9.200000e-16 -1.192581e+22 1.422249e+44
9.300000e-16 -1.192472e+22 1.421989e+44
9.400000e-16 -1.192036e+22 1.420951e+44
9.500000e-16 -1.191276e+22 1.419139e+44
9.600000e-16 -1.190193e+22 1.416559e+44
9.700000e-16 -1.188787e+22 1.413214e+44
9.800000e-16 -1.187061e+22 1.409113e+44
9.900000e-16 -1.185016e+22 1.404262e+44
1.000000e-15 -1.182653e+22 1.398669e+44
1.010000e-15 -1.179975e+22 1.392342e+44
1.020000e-15 -1.176984e+22 1.385292e+44
1.030000e-15 -1.173682e+22 1.377529e+44
1.040000e-15 -1.170070e+22 1.369065e+44
1.050000e-15 -1.166152e+22 1.359910e+44
1.060000e-15 -1.161929e+22 1.350079e+44
1.070000e-15 -1.157404e+22 1.339584e+44
1.080000e-15 -1.152579e+22 1.328439e+44
1.090000e-15 -1.147458e+22 1.316660e+44
1.100000e-15 -1.142043e+22 1.304262e+44
1.110000e-15 -1.136337e+22 1.291261e+44
1.120000e-15 -1.130342e+22 1.277673e+44
1.130000e-15 -1.124062e+22 1.263516e+44
1.140000e-15 -1.117501e+22 1.248808e+44
1.150000e-15 -1.110660e+22 1.233566e+44
1.160000e-15 -1.103545e+22 1.217811e+44
1.170000e-15 -1.096157e+22 1.201560e+44
1.180000e-15 -1.088501e+22 1.184834e+44
1.190000e-15 -1.080580e+22 1.167653e+44
1.200000e-15 -1.072398e+22 1.150037e+44
1.210000e-15 -1.063958e+22 1.132007e+44
1.220000e-15 -1.055265e+22 1.113585e+44
1.230000e-15 -1.046323e+22 1.094791e+44
1.240000e-15 -1.037134e+22 1.075648e+44
1.250000e-15 -1.027705e+22 1.056177e+44
1.260000e-15 -1.018037e+22 1.036400e+44
1.270000e-15 -1.008137e+22 1.016340e+44
1.280000e-15 -9.980079e+21 9.960199e+43
1.290000e-15 -9.876543e+21 9.754610e+43
1.300000e-15 -9.770805e+21 9.546864e+43
1.310000e-15 -9.662912e+21 9.337188e+43
1.320000e-15 -9.552909e+21 9.125808e+43
1.330000e-15 -9.440843e+21 8.912951e+43
1.340000e-15 -9.326759e+21 8.698843e+43
1.350000e-15 -9.210705e+21 8.483709e+43
1.360000e-15 -9.092730e+21 8.267773e+43
1.370000e-15 -8.972881e+21 8.051259e+43
1.380000e-15 -8.851208e+21 7.834388e+43
1.390000e-15 -8.727760e+21 7.617379e+43
1.400000e-15 -8.602587e+21 7.400450e+43
1.410000e-15 -8.475739e+21 7.183815e+43
1.420000e-15 -8.347267e+21 6.967687e+43
1.430000e-15 -8.217223e+21 6.752275e+43
1.440000e-15 -8.085657e+21 6.537785e+43
1.450000e-15 -7.952623e+21 6.324421e+43
1.460000e-15 -7.818171e+21 6.112380e+43
1.470000e-15 -7.682355e+21 5.901858e+43
1.480000e-15 -7.545228e+21 5.693046e+43
1.490000e-15 -7.406842e+21 5.486131e+43
1.500000e-15 -7.267251e+21 5.281294e+43
1.510000e-15 -7.126509e+21 5.078713e+43
1.520000e-15 -6.984670e+21 4.878562e+43
1.530000e-15 -6.841787e+21 4.681005e+43
1.540000e-15 -6.697916e+21 4.486207e+43
1.550000e-15 -6.553109e+21 4.294324e+43
1.560000e-15 -6.407422e+21 4.105505e+43
1.570000e-15 -6.260909e+21 3.919898e+43
1.580000e-15 -6.113625e+21 3.737641e+43
1.590000e-15 -5.965624e+21 3.558867e+43
1.600000e-15 -5.816962e+21 3.383705e+43
1.610000e-15 -5.667692e+21 3.212274e+43
1.620000e-15 -5.517870e+21 3.044689e+43
1.630000e-15 -5.367551e+21 2.881060e+43
1.640000e-15 -5.216788e+21 2.721488e+43
1.650000e-15 -5.065637e+21 2.566067e+43
1.660000e-15 -4.914151e+21 2.414888e+43
1.670000e-15 -4.762386e+21 2.268032e+43
1.680000e-15 -4.610395e+21 2.125574e+43
1.690000e-15 -4.458232e+21 1.987583e+43
1.700000e-15 -4.305951e+21 1.854121e+43
1.710000e-15 -4.153606e+21 1.725244e+43
1.720000e-15 -4.001250e+21 1.601000e+43
1.730000e-15 -3.848936e+21 1.481431e+43
1.740000e-15 -3.696717e+21 1.366571e+43
1.750000e-15 -3.544645e+21 1.256451e+43
1.760000e-15 -3.392773e+21 1.151091e+43
1.770000e-15 -3.241153e+21 1.050507e+43
1.780000e-15 -3.089836e+21 9.547085e+42
1.790000e-15 -2.938873e+21 8.636974e+42
1.800000e-15 -2.788315e+21 7.774700e+42
1.810000e-15 -2.638213e+21 6.960165e+42
1.820000e-15 -2.488615e+21 6.193206e+42
1.830000e-15 -2.339573e+21 5.473601e+42
1.840000e-15 -2.191134e+21 4.801069e+42
1.850000e-15 -2.043348e+21 4.175270e+42
1.860000e-15 -1.896261e+21 3.595807e+42
1.870000e-15 -1.749923e+21 3.062229e+42
1.880000e-15 -1.604379e+21 2.574030e+42
1.890000e-15 -1.459675e+21 2.130652e+42
1.900000e-15 -1.315859e+21 1.731484e+42
1.910000e-15 -1.172974e+21 1.375867e+42
1.920000e-15 -1.031065e+21 1.063095e+42
1.930000e-15 -8.901767e+20 7.924146e+41
1.940000e-15 -7.503518e+20 5.630279e+41
1.950000e-15 -6.116330e+20 3.740949e+41
1.960000e-15 -4.740621e+20 2.247348e+41
1.970000e-15 -3.376803e+20 1.140280e+41
1.980000e-15 -2.025282e+20 4.101766e+40
1.990000e-15 -6.864546e+19 4.712199e+39
2.000000e-15 6.392884e+19 4.086896e+39
2.010000e-15 1.951564e+20 3.808604e+40
2.020000e-15 3.249999e+20 1.056249e+41
2.030000e-15 4.534224e+20 2.055919e+41
2.040000e-15 5.803881e+20 3.368504e+41
2.050000e-15 7.058619e+20 4.982410e+41
2.060000e-15 8.298095e+20 6.885838e+41
2.070000e-15 9.521974e+20 9.066800e+41
2.080000e-15 1.072993e+21 1.151314e+42
2.090000e-15 1.192165e+21 1.421257e+42
2.100000e-15 1.309682e+21 1.715266e+42
2.110000e-15 1.425513e+21 2.032088e+42
2.120000e-15 1.539631e+21 2.370464e+42
2.130000e-15 1.652007e+21 2.729126e+42
2.140000e-15 1.762613e+21 3.106803e+42
2.150000e-15 1.871422e+21 3.502222e+42
2.160000e-15 1.978411e+21 3.914109e+42
2.170000e-15 2.083553e+21 4.341193e+42
2.180000e-15 2.186825e+21 4.782205e+42
2.190000e-15 2.288205e+21 5.235883e+42
2.200000e-15 2.387671e+21 5.700973e+42
2.210000e-15 2.485202e+21 6.176227e+42
2.220000e-15 2.580777e+21 6.660412e+42
2.230000e-15 2.674379e+21 7.152305e+42
2.240000e-15 2.765990e+21 7.650698e+42
2.250000e-15 2.855591e+21 8.154400e+42
2.260000e-15 2.943168e+21 8.662236e+42
2.270000e-15 3.028705e+21 9.173052e+42
2.280000e-15 3.112188e+21 9.685712e+42
2.290000e-15 3.193604e+21 1.019911e+43
2.300000e-15 3.272941e+21 1.071214e+43
2.310000e-15 3.350188e+21 1.122376e+43
2.320000e-15 3.425334e+21 1.173291e+43
2.330000e-15 3.498371e+21 1.223860e+43
2.340000e-15 3.569289e+21 1.273983e+43
2.350000e-15 3.638083e+21 1.323565e+43
2.360000e-15 3.704745e+21 1.372513e+43
2.370000e-15 3.769270e+21 1.420739e+43
2.380000e-15 3.831653e+21 1.468157e+43
2.390000e-15 3.891892e+21 1.514682e+43
2.400000e-15 3.949983e+21 1.560237e+43
2.410000e-15 4.005926e+21 1.604744e+43
2.420000e-15 4.059719e+21 1.648131e+43
2.430000e-15 4.111362e+21 1.690330e+43
2.440000e-15 4.160857e+21 1.731273e+43
2.450000e-15 4.208206e+21 1.770900e+43
2.460000e-15 4.253411e+21 1.809151e+43
2.470000e-15 4.296478e+21 1.845972e+43
2.480000e-15 4.337409e+21 1.881312e+43
2.490000e-15 4.376212e+21 1.915123e+43
2.500000e-15 4.412892e+21 1.947361e+43
2.510000e-15 4.447457e+21 1.977987e+43
2.520000e-15 4.479914e+21 2.006963e+43
2.530000e-15 4.510273e+21 2.034257e+43
2.540000e-15 4.538544e+21 2.059838e+43
2.550000e-15 4.564737e+21 2.083682e+43
2.560000e-15 4.588863e+21 2.105767e+43
2.570000e-15 4.610935e+21 2.126072e+43
2.580000e-15 4.630965e+21 2.144584e+43
2.590000e-15 4.648968e+21 2.161290e+43
2.600000e-15 4.664956e+21 2.176182e+43
2.610000e-15 4.678946e+21 2.189254e+43
2.620000e-15 4.690953e+21 2.200504e+43
2.630000e-15 4.700993e+21 2.209934e+43
2.640000e-15 4.709084e+21 2.217547e+43
2.650000e-15 4.715243e+21 2.223351e+43
2.660000e-15 4.719488e+21 2.227357e+43
2.670000e-15 4.721839e+21 2.229576e+43
2.680000e-15 4.722314e+21 2.230025e+43
2.690000e-15 4.720935e+21 2.228722e+43
2.700000e-15 4.717721e+21 2.225689e+43
2.710000e-15 4.712694e+21 2.220948e+43
2.720000e-15 4.705875e+21 2.214526e+43
2.730000e-15 4.697287e+21 2.206450e+43
2.740000e-15 4.686952e+21 2.196751e+43
2.750000e-15 4.674893e+21 2.185462e+43
2.760000e-15 4.661134e+21 2.172617e+43
2.770000e-15 4.645699e+21 2.158252e+43
2.780000e-15 4.628612e+21 2.142405e+43
2.790000e-15 4.609898e+21 2.125116e+43
2.800000e-15 4.589583e+21 2.106427e+43
2.810000e-15 4.567690e+21 2.086380e+43
2.820000e-15 4.544247e+21 2.065018e+43
2.830000e-15 4.519280e+21 2.042389e+43
2.840000e-15 4.492814e+21 2.018538e+43
2.850000e-15 4.464877e+21 1.993512e+43
2.860000e-15 4.435494e+21 1.967361e+43
2.870000e-15 4.404695e+21 1.940134e+43
2.880000e-15 4.372505e+21 1.911880e+43
2.890000e-15 4.338952e+21 1.882650e+43
2.900000e-15 4.304064e+21 1.852497e+43
2.910000e-15 4.267869e+21 1.821471e+43
2.920000e-15 4.230395e+21 1.789624e+43
2.930000e-15 4.191669e+21 1.757009e+43
2.940000e-15 4.151721e+21 1.723679e+43
2.950000e-15 4.110578e+21 1.689685e+43
2.960000e-15 4.068269e+21 1.655081e+43
2.970000e-15 4.024822e+21 1.619919e+43
2.980000e-15 3.980266e+21 1.584252e+43
2.990000e-15 3.934629e+21 1.548130e+43
3.000000e-15 3.887939e+21 1.511607e+43
3.010000e-15 3.840226e+21 1.474733e+43
3.020000e-15 3.791517e+21 1.437560e+43
3.030000e-15 3.741841e+21 1.400137e+43
3.040000e-15 3.691226e+21 1.362515e+43
3.050000e-15 3.639701e+21 1.324743e+43
3.060000e-15 3.587294e+21 1.286868e+43
3.070000e-15 3.534033e+21 1.248939e+43
3.080000e-15 3.479945e+21 1.211002e+43
3.090000e-15 3.425060e+21 1.173103e+43
3.100000e-15 3.369403e+21 1.135288e+43
3.110000e-15 3.313004e+21 1.097600e+43
3.120000e-15 3.255890e+21 1.060082e+43
3.130000e-15 3.198087e+21 1.022776e+43
3.140000e-15 3.139624e+21 9.857239e+42
3.150000e-15 3.080526e+21 9.489643e+42
3.160000e-15 3.020821e+21 9.125362e+42
3.170000e-15 2.960536e+21 8.764771e+42
3.180000e-15 2.899695e+21 8.408233e+42
3.190000e-15 2.838327e+21 8.056099e+42
3.200000e-15 2.776456e+21 7.708706e+42
3.210000e-15 2.714108e+21 7.366380e+42
3.220000e-15 2.651308e+21 7.029434e+42
3.230000e-15 2.588082e+21 6.698169e+42
3.240000e-15 2.524455e+21 6.372871e+42
3.250000e-15 2.460450e+21 6.053816e+42
3.260000e-15 2.396094e+21 5.741265e+42
3.270000e-15 2.331409e+21 5.435466e+42
3.280000e-15 2.266419e+21 5.136654e+42
3.290000e-15 2.201148e+21 4.845053e+42
3.300000e-15 2.135620e+21 4.560871e+42
3.310000e-15 2.069856e+21 4.284305e+42
3.320000e-15 2.003881e+21 4.015537e+42
3.330000e-15 1.937715e+21 3.754740e+42
3.340000e-15 1.871382e+21 3.502071e+42
3.350000e-15 1.804903e+21 3.257676e+42
3.360000e-15 1.738300e+21 3.021686e+42
3.370000e-15 1.671593e+21 2.794224e+42
3.380000e-15 1.604804e+21 2.575396e+42
3.390000e-15 1.537953e+21 2.365300e+42
3.400000e-15 1.471061e+21 2.164020e+42
3.410000e-15 1.404147e+21 1.971629e+42
3.420000e-15 1.337231e+21 1.788187e+42
3.430000e-15 1.270333e+21 1.613745e+42
3.440000e-15 1.203471e+21 1.448342e+42
3.450000e-15 1.136664e+21 1.292005e+42
3.460000e-15 1.069931e+21 1.144753e+42
3.470000e-15 1.003290e+21 1.006591e+42
3.480000e-15 9.367584e+20 8.775163e+41
3.490000e-15 8.703541e+20 7.575162e+41
3.500000e-15 8.040942e+20 6.465675e+41
3.510000e-15 7.379956e+20 5.446376e+41
3.520000e-15 6.720751e+20 4.516850e+41
3.530000e-15 6.063489e+20 3.676590e+41
3.540000e-15 5.408331e+20 2.925005e+41
3.550000e-15 4.755435e+20 2.261416e+41
3.560000e-15 4.104955e+20 1.685066e+41
3.570000e-15 3.457043e+20 1.195115e+41
3.580000e-15 2.811849e+20 7.906496e+40
3.590000e-15 2.169518e+20 4.706810e+40
3.600000e-15 1.530195e+20 2.341495e+40
3.610000e-15 8.940183e+19 7.992688e+39
3.620000e-15 2.611277e+19 6.818770e+38
3.630000e-15 -3.683420e+19 1.356758e+39
3.640000e-15 -9.942584e+19 9.885498e+39
3.650000e-15 -1.616492e+20 2.613045e+40
3.660000e-15 -2.234914e+20 4.994841e+40
3.670000e-15 -2.849402e+20 8.119089e+40
3.680000e-15 -3.459832e+20 1.197044e+41
3.690000e-15 -4.066085e+20 1.653305e+41
3.700000e-15 -4.668045e+20 2.179064e+41
3.710000e-15 -5.265596e+20 2.772650e+41
3.720000e-15 -5.858626e+20 3.432350e+41
3.730000e-15 -6.447027e+20 4.156416e+41
3.740000e-15 -7.030690e+20 4.943061e+41
3.750000e-15 -7.609512e+20 5.790467e+41
3.760000e-15 -8.183388e+20 6.696784e+41
3.770000e-15 -8.752220e+20 7.660135e+41
3.780000e-15 -9.315909e+20 8.678616e+41
3.790000e-15 -9.874360e+20 9.750298e+41
3.800000e-15 -1.042748e+21 1.087323e+42
3.810000e-15 -1.097518e+21 1.204545e+42
3.820000e-15 -1.151736e+21 1.326496e+42
3.830000e-15 -1.205395e+21 1.452976e+42
3.840000e-15 -1.258485e+21 1.583784e+42
3.850000e-15 -1.310999e+21 1.718718e+42
3.860000e-15 -1.362928e+21 1.857572e+42
3.870000e-15 -1.414265e+21 2.000144e+42
3.880000e-15 -1.465001e+21 2.146229e+42
3.890000e-15 -1.515131e+21 2.295621e+42
3.900000e-15 -1.564645e+21 2.448115e+42
3.910000e-15 -1.613538e+21 2.603505e+42
3.920000e-15 -1.661802e+21 2.761587e+42
3.930000e-15 -1.709432e+21 2.922157e+42
3.940000e-15 -1.756419e+21 3.085009e+42
3.950000e-15 -1.802759e+21 3.249941e+42
3.960000e-15 -1.848445e+21 3.416749e+42
3.970000e-15 -1.893471e+21 3.585234e+42
3.980000e-15 -1.937832e+21 3.755194e+42
3.990000e-15 -1.981522e+21 3.926430e+42
4.000000e-15 -2.024536e+21 4.098745e+42
4.010000e-15 -2.066868e+21 4.271944e+42
4.020000e-15 -2.108514e+21 4.445833e+42
4.030000e-15 -2.149469e+21 4.620219e+42
4.040000e-15 -2.189729e+21 4.794912e+42
4.050000e-15 -2.229288e+21 4.969726e+42
4.060000e-15 -2.268143e+21 5.144474e+42
4.070000e-15 -2.306290e+21 5.318973e+42
4.080000e-15 -2.343724e+21 5.493044e+42
4.090000e-15 -2.380443e+21 5.666508e+42
4.100000e-15 -2.416442e+21 5.839190e+42
4.110000e-15 -2.451718e+21 6.010919e+42
4.120000e-15 -2.486267e+21 6.181525e+42
4.130000e-15 -2.520088e+21 6.350842e+42
4.140000e-15 -2.553176e+21 6.518708e+42
4.150000e-15 -2.585529e+21 6.684963e+42
4.160000e-15 -2.617145e+21 6.849450e+42
4.170000e-15 -2.648021e+21 7.012018e+42
4.180000e-15 -2.678155e+21 7.172516e+42
4.190000e-15 -2.707545e+21 7.330801e+42
4.200000e-15 -2.736189e+21 7.486728e+42
4.210000e-15 -2.764084e+21 7.640161e+42
4.220000e-15 -2.791230e+21 7.790965e+42
4.230000e-15 -2.817625e+21 7.939010e+42
4.240000e-15 -2.843267e+21 8.084169e+42
4.250000e-15 -2.868156e+21 8.226320e+42
4.260000e-15 -2.892290e+21 8.365343e+42
4.270000e-15 -2.915669e+21 8.501126e+42
4.280000e-15 -2.938291e+21 8.633557e+42
4.290000e-15 -2.960157e+21 8.762530e+42
4.300000e-15 -2.981266e+21 8.887944e+42
4.310000e-15 -3.001616e+21 9.009701e+42
4.320000e-15 -3.021209e+21 9.127707e+42
4.330000e-15 -3.040045e+21 9.241873e+42
4.340000e-15 -3.058123e+21 9.352115e+42
4.350000e-15 -3.075443e+21 9.458352e+42
4.360000e-15 -3.092007e+21 9.560508e+42
4.370000e-15 -3.107815e+21 9.658511e+42
4.380000e-15 -3.122866e+21 9.752294e+42
4.390000e-15 -3.137163e+21 9.841794e+42
4.400000e-15 -3.150707e+21 9.926952e+42
4.410000e-15 -3.163497e+21 1.000771e+43
4.420000e-15 -3.175536e+21 1.008403e+43
4.430000e-15 -3.186825e+21 1.015585e+43
4.440000e-15 -3.197365e+21 1.022314e+43
4.450000e-15 -3.207159e+21 1.028587e+43
4.460000e-15 -3.216207e+21 1.034399e+43
4.470000e-15 -3.224512e+21 1.039748e+43
4.480000e-15 -3.232075e+21 1.044631e+43
4.490000e-15 -3.238900e+21 1.049047e+43
4.500000e-15 -3.244987e+21 1.052994e+43
4.510000e-15 -3.250340e+21 1.056471e+43
4.520000e-15 -3.254961e+21 1.059477e+43
4.530000e-15 -3.258853e+21 1.062013e+43
4.540000e-15 -3.262019e+21 1.064077e+43
4.550000e-15 -3.264461e+21 1.065670e+43
4.560000e-15 -3.266182e+21 1.066794e+43
4.570000e-15 -3.267185e+21 1.067450e+43
4.580000e-15 -3.267475e+21 1.067639e+43
4.590000e-15 -3.267053e+21 1.067364e+43
4.600000e-15 -3.265924e+21 1.066626e+43
4.610000e-15 -3.264092e+21 1.065430e+43
4.620000e-15 -3.261559e+21 1.063777e+43
4.630000e-15 -3.258330e+21 1.061672e+43
4.640000e-15 -3.254409e+21 1.059118e+43
4.650000e-15 -3.249799e+21 1.056120e+43
4.660000e-15 -3.244506e+21 1.052682e+43
4.670000e-15 -3.238532e+21 1.048809e+43
4.680000e-15 -3.231883e+21 1.044507e+43
4.690000e-15 -3.224563e+21 1.039781e+43
4.700000e-15 -3.216577e+21 1.034637e+43
4.710000e-15 -3.207929e+21 1.029081e+43
4.720000e-15 -3.198624e+21 1.023119e+43
4.730000e-15 -3.188667e+21 1.016759e+43
4.740000e-15 -3.178062e+21 1.010008e+43
4.750000e-15 -3.166816e+21 1.002873e+43
4.760000e-15 -3.154933e+21 9.953605e+42
4.770000e-15 -3.142419e+21 9.874797e+42
4.780000e-15 -3.129279e+21 9.792384e+42
4.790000e-15 -3.115517e+21 9.706449e+42
4.800000e-15 -3.101141e+21 9.617077e+42
4.810000e-15 -3.086156e+21 9.524358e+42
4.820000e-15 -3.070567e+21 9.428380e+42
4.830000e-15 -3.054380e+21 9.329236e+42
4.840000e-15 -3.037601e+21 9.227020e+42
4.850000e-15 -3.020236e+21 9.121828e+42
4.860000e-15 -3.002292e+21 9.013758e+42
4.870000e-15 -2.983774e+21 8.902910e+42
4.880000e-15 -2.964689e+21 8.789384e+42
4.890000e-15 -2.945044e+21 8.673282e+42
4.900000e-15 -2.924843e+21 8.554708e+42
4.910000e-15 -2.904095e+21 8.433769e+42
4.920000e-15 -2.882806e+21 8.310568e+42
4.930000e-15 -2.860982e+21 8.185215e+42
4.940000e-15 -2.838630e+21 8.057818e+42
4.950000e-15 -2.815757e+21 7.928485e+42
4.960000e-15 -2.792369e+21 7.797327e+42
4.970000e-15 -2.768475e+21 7.664454e+42
4.980000e-15 -2.744081e+21 7.529978e+42
4.990000e-15 -2.719193e+21 7.394011e+42
5.000000e-15 -2.693820e+21 7.256664e+42
5.010000e-15 -2.667968e+21 7.118052e+42
5.020000e-15 -2.641644e+21 6.978285e+42
5.030000e-15 -2.614857e+21 6.837478e+42
5.040000e-15 -2.587614e+21 6.695744e+42
5.050000e-15 -2.559921e+21 6.553195e+42
5.060000e-15 -2.531787e+21 6.409944e+42
5.070000e-15 -2.503219e+21 6.266104e+42
5.080000e-15 -2.474225e+21 6.121787e+42
5.090000e-15 -2.444812e+21 5.977105e+42
5.100000e-15 -2.414989e+21 5.832169e+42
5.110000e-15 -2.384762e+21 5.687091e+42
5.120000e-15 -2.354141e+21 5.541980e+42
5.130000e-15 -2.323133e+21 5.396945e+42
5.140000e-15 -2.291745e+21 5.252095e+42
5.150000e-15 -2.259986e+21 5.107538e+42
5.160000e-15 -2.227864e+21 4.963380e+42
5.170000e-15 -2.195387e+21 4.819726e+42
5.180000e-15 -2.162564e+21 4.676682e+42
5.190000e-15 -2.129401e+21 4.534350e+42
5.200000e-15 -2.095908e+21 4.392831e+42
5.210000e-15 -2.062093e+21 4.252227e+42
5.220000e-15 -2.027963e+21 4.112636e+42
5.230000e-15 -1.993528e+21 3.974155e+42
5.240000e-15 -1.958796e+21 3.836881e+42
5.250000e-15 -1.923774e+21 3.700907e+42
5.260000e-15 -1.888472e+21 3.566326e+42
5.270000e-15 -1.852897e+21 3.433229e+42
5.280000e-15 -1.817059e+21 3.301704e+42
5.290000e-15 -1.780965e+21 3.171838e+42
5.300000e-15 -1.744625e+21 3.043715e+42
5.310000e-15 -1.708046e+21 2.917420e+42
5.320000e-15 -1.671236e+21 2.793031e+42
5.330000e-15 -1.634206e+21 2.670629e+42
5.340000e-15 -1.596963e+21 2.550290e+42
5.350000e-15 -1.559515e+21 2.432087e+42
5.360000e-15 -1.521872e+21 2.316093e+42
5.370000e-15 -1.484041e+21 2.202377e+42
5.380000e-15 -1.446031e+21 2.091007e+42
5.390000e-15 -1.407852e+21 1.982047e+42
5.400000e-15 -1.369511e+21 1.875561e+42
5.410000e-15 -1.331017e+21 1.771607e+42
5.420000e-15 -1.292379e+21 1.670243e+42
5.430000e-15 -1.253605e+21 1.571525e+42
5.440000e-15 -1.214704e+21 1.475505e+42
5.450000e-15 -1.175684e+21 1.382232e+42
5.460000e-15 -1.136554e+21 1.291755e+42
5.470000e-15 -1.097322e+21 1.204116e+42
5.480000e-15 -1.057998e+21 1.119359e+42
5.490000e-15 -1.018589e+21 1.037523e+42
5.500000e-15 -9.791039e+20 9.586445e+41
5.510000e-15 -9.395516e+20 8.827572e+41
5.520000e-15 -8.999403e+20 8.098926e+41
5.530000e-15 -8.602786e+20 7.400792e+41
5.540000e-15 -8.205748e+20 6.733430e+41
5.550000e-15 -7.808374e+20 6.097071e+41
5.560000e-15 -7.410749e+20 5.491920e+41
5.570000e-15 -7.012955e+20 4.918154e+41
5.580000e-15 -6.615077e+20 4.375924e+41
5.590000e-15 -6.217198e+20 3.865355e+41
5.600000e-15 -5.819401e+20 3.386542e+41
5.610000e-15 -5.421768e+20 2.939557e+41
5.620000e-15 -5.024383e+20 2.524442e+41
5.630000e-15 -4.627327e+20 2.141216e+41
5.640000e-15 -4.230682e+20 1.789867e+41
5.650000e-15 -3.834530e+20 1.470362e+41
5.660000e-15 -3.438951e+20 1.182638e+41
5.670000e-15 -3.044026e+20 9.266093e+40
5.680000e-15 -2.649836e+20 7.021628e+40
5.690000e-15 -2.256460e+20 5.091610e+40
5.700000e-15 -1.863977e+20 3.474411e+40
5.710000e-15 -1.472468e+20 2.168161e+40
5.720000e-15 -1.082009e+20 1.170744e+40
5.730000e-15 -6.926803e+19 4.798060e+39
5.740000e-15 -3.045582e+19 9.275570e+38
5.750000e-15 8.227995e+18 6.769990e+37
5.760000e-15 4.677576e+19 2.187971e+39
5.770000e-15 8.517986e+19 7.255608e+39
5.780000e-15 1.234327e+20 1.523564e+40
5.790000e-15 1.615269e+20 2.609095e+40
5.800000e-15 1.994550e+20 3.978228e+40
5.810000e-15 2.372094e+20 5.626832e+40
5.820000e-15 2.747831e+20 7.550575e+40
5.830000e-15 3.121686e+20 9.744924e+40
5.840000e-15 3.493588e+20 1.220516e+41
5.850000e-15 3.863465e+20 1.492636e+41
5.860000e-15 4.231247e+20 1.790345e+41
5.870000e-15 4.596863e+20 2.113115e+41
5.880000e-15 4.960244e+20 2.460403e+41
5.890000e-15 5.321322e+20 2.831647e+41
5.900000e-15 5.680027e+20 3.226271e+41
5.910000e-15 6.036294e+20 3.643684e+41
5.920000e-15 6.390054e+20 4.083279e+41
5.930000e-15 6.741242e+20 4.544434e+41
5.940000e-15 7.089793e+20 5.026516e+41
5.950000e-15 7.435642e+20 5.528877e+41
5.960000e-15 7.778725e+20 6.050857e+41
5.970000e-15 8.118980e+20 6.591784e+41
5.980000e-15 8.456344e+20 7.150976e+41
5.990000e-15 8.790756e+20 7.727740e+41
6.000000e-15 9.122155e+20 8.321372e+41
6.010000e-15 9.450482e+20 8.931161e+41
6.020000e-15 9.775676e+20 9.556385e+41
6.030000e-15 1.009768e+21 1.019632e+42
6.040000e-15 1.041644e+21 1.085022e+42
6.050000e-15 1.073189e+21 1.151735e+42
6.060000e-15 1.104399e+21 1.219696e+42
6.070000e-15 1.135266e+21 1.288830e+42
6.080000e-15 1.165788e+21 1.359061e+42
6.090000e-15 1.195956e+21 1.430312e+42
6.100000e-15 1.225768e+21 1.502507e+42
6.110000e-15 1.255217e+21 1.575570e+42
6.120000e-15 1.284299e+21 1.649423e+42
6.130000e-15 1.313008e+21 1.723989e+42
6.140000e-15 1.341339e+21 1.799191e+42
6.150000e-15 1.369289e+21 1.874952e+42
6.160000e-15 1.396851e+21 1.951194e+42
6.170000e-15 1.424023e+21 2.027841e+42
6.180000e-15 1.450798e+21 2.104816e+42
6.190000e-15 1.477174e+21 2.182042e+42
6.200000e-15 1.503144e+21 2.259442e+42
6.210000e-15 1.528706e+21 2.336942e+42
6.220000e-15 1.553855e+21 2.414466e+42
6.230000e-15 1.578587e+21 2.491938e+42
6.240000e-15 1.602899e+21 2.569284e+42
6.250000e-15 1.626786e+21 2.646431e+42
6.260000e-15 1.650244e+21 2.723305e+42
6.270000e-15 1.673271e+21 2.799835e+42
6.280000e-15 1.695862e+21 2.875947e+42
6.290000e-15 1.718014e+21 2.951573e+42
6.300000e-15 1.739724e+21 3.026641e+42
6.310000e-15 1.760989e+21 3.101083e+42
6.320000e-15 1.781806e+21 3.174831e+42
6.330000e-15 1.802171e+21 3.247819e+42
6.340000e-15 1.822081e+21 3.319980e+42
6.350000e-15 1.841535e+21 3.391249e+42
6.360000e-15 1.860528e+21 3.461564e+42
6.370000e-15 1.879059e+21 3.530863e+42
6.380000e-15 1.897125e+21 3.599084e+42
6.390000e-15 1.914724e+21 3.666167e+42
6.400000e-15 1.931853e+21 3.732055e+42
6.410000e-15 1.948510e+21 3.796691e+42
6.420000e-15 1.964693e+21 3.860020e+42
6.430000e-15 1.980401e+21 3.921987e+42
6.440000e-15 1.995630e+21 3.982540e+42
6.450000e-15 2.010380e+21 4.041629e+42
6.460000e-15 2.024649e+21 4.099205e+42
6.470000e-15 2.038435e+21 4.155219e+42
6.480000e-15 2.051737e+21 4.209626e+42
6.490000e-15 2.064554e+21 4.262382e+42
6.500000e-15 2.076883e+21 4.313444e+42
6.510000e-15 2.088725e+21 4.362771e+42
6.520000e-15 2.100077e+21 4.410325e+42
6.530000e-15 2.110940e+21 4.456068e+42
6.540000e-15 2.121312e+21 4.499965e+42
6.550000e-15 2.131192e+21 4.541981e+42
6.560000e-15 2.140581e+21 4.582086e+42
6.570000e-15 2.149477e+21 4.620249e+42
6.580000e-15 2.157879e+21 4.656443e+42
6.590000e-15 2.165789e+21 4.690640e+42
6.600000e-15 2.173204e+21 4.722817e+42
6.610000e-15 2.180126e+21 4.752951e+42
6.620000e-15 2.186555e+21 4.781022e+42
6.630000e-15 2.192490e+21 4.807011e+42
6.640000e-15 2.197931e+21 4.830901e+42
6.650000e-15 2.202879e+21 4.852678e+42
6.660000e-15 2.207335e+21 4.872328e+42
6.670000e-15 2.211299e+21 4.889842e+42
6.680000e-15 2.214771e+21 4.905209e+42
6.690000e-15 2.217752e+21 4.918423e+42
6.700000e-15 2.220243e+21 4.929478e+42
6.710000e-15 2.222245e+21 4.938372e+42
6.720000e-15 2.223759e+21 4.945102e+42
6.730000e-15 2.224785e+21 4.949670e+42
6.740000e-15 2.225326e+21 4.952076e+42
6.750000e-15 2.225382e+21 4.952327e+42
6.760000e-15 2.224956e+21 4.950428e+42
6.770000e-15 2.224047e+21 4.946386e+42
6.780000e-15 2.222659e+21 4.940211e+42
6.790000e-15 2.220792e+21 4.931915e+42
6.800000e-15 2.218448e+21 4.921512e+42
6.810000e-15 2.215630e+21 4.909015e+42
6.820000e-15 2.212339e+21 4.894442e+42
6.830000e-15 2.208577e+21 4.877811e+42
6.840000e-15 2.204346e+21 4.859143e+42
6.850000e-15 2.199650e+21 4.838458e+42
6.860000e-15 2.194489e+21 4.815781e+42
6.870000e-15 2.188866e+21 4.791136e+42
6.880000e-15 2.182785e+21 4.764551e+42
6.890000e-15 2.176247e+21 4.736052e+42
6.900000e-15 2.169256e+21 4.705670e+42
6.910000e-15 2.161813e+21 4.673435e+42
6.920000e-15 2.153922e+21 4.639381e+42
6.930000e-15 2.145586e+21 4.603540e+42
6.940000e-15 2.136808e+21 4.565949e+42
6.950000e-15 2.127591e+21 4.526643e+42
6.960000e-15 2.117938e+21 4.485661e+42
6.970000e-15 2.107852e+21 4.443042e+42
6.980000e-15 2.097338e+21 4.398825e+42
6.990000e-15 2.086397e+21 4.353053e+42
7.000000e-15 2.075034e+21 4.305768e+42
7.010000e-15 2.063253e+21 4.257014e+42
7.020000e-15 2.051057e+21 4.206835e+42
7.030000e-15 2.038450e+21 4.155277e+42
7.040000e-15 2.025435e+21 4.102386e+42
7.050000e-15 2.012017e+21 4.048211e+42
7.060000e-15 1.998199e+21 3.992800e+42
7.070000e-15 1.983986e+21 3.936201e+42
7.080000e-15 1.969382e+21 3.878465e+42
7.090000e-15 1.954391e+21 3.819643e+42
7.100000e-15 1.939017e+21 3.759785e+42
7.110000e-15 1.923264e+21 3.698945e+42
7.120000e-15 1.907138e+21 3.637173e+42
7.130000e-15 1.890641e+21 3.574525e+42
7.140000e-15 1.873780e+21 3.511052e+42
7.150000e-15 1.856559e+21 3.446810e+42
7.160000e-15 1.838981e+21 3.381853e+42
7.170000e-15 1.821053e+21 3.316234e+42
7.180000e-15 1.802778e+21 3.250010e+42
7.190000e-15 1.784163e+21 3.183236e+42
7.200000e-15 1.765210e+21 3.115967e+42
7.210000e-15 1.745926e+21 3.048258e+42
7.220000e-15 1.726316e+21 2.980166e+42
7.230000e-15 1.706384e+21 2.911746e+42
7.240000e-15 1.686136e+21 2.843054e+42
7.250000e-15 1.665576e+21 2.774145e+42
7.260000e-15 1.644711e+21 2.705076e+42
7.270000e-15 1.623546e+21 2.635901e+42
7.280000e-15 1.602085e+21 2.566676e+42
7.290000e-15 1.580334e+21 2.497456e+42
7.300000e-15 1.558299e+21 2.428296e+42
7.310000e-15 1.535985e+21 2.359250e+42
7.320000e-15 1.513398e+21 2.290372e+42
7.330000e-15 1.490542e+21 2.221717e+42
7.340000e-15 1.467425e+21 2.153336e+42
7.350000e-15 1.444051e+21 2.085283e+42
7.360000e-15 1.420426e+21 2.017609e+42
7.370000e-15 1.396556e+21 1.950367e+42
7.380000e-15 1.372446e+21 1.883608e+42
7.390000e-15 1.348103e+21 1.817381e+42
7.400000e-15 1.323532e+21 1.751736e+42
7.410000e-15 1.298739e+21 1.686722e+42
7.420000e-15 1.273730e+21 1.622388e+42
7.430000e-15 1.248511e+21 1.558779e+42
7.440000e-15 1.223088e+21 1.495943e+42
7.450000e-15 1.197466e+21 1.433925e+42
7.460000e-15 1.171653e+21 1.372770e+42
7.470000e-15 1.145653e+21 1.312521e+42
7.480000e-15 1.119473e+21 1.253221e+42
7.490000e-15 1.093120e+21 1.194911e+42
7.500000e-15 1.066598e+21 1.137632e+42
7.510000e-15 1.039915e+21 1.081423e+42
7.520000e-15 1.013076e+21 1.026323e+42
7.530000e-15 9.860875e+20 9.723686e+41
7.540000e-15 9.589559e+20 9.195964e+41
7.550000e-15 9.316871e+20 8.680409e+41
7.560000e-15 9.042875e+20 8.177358e+41
7.570000e-15 8.767631e+20 7.687135e+41
7.580000e-15 8.491203e+20 7.210053e+41
7.590000e-15 8.213653e+20 6.746409e+41
7.600000e-15 7.935042e+20 6.296490e+41
7.610000e-15 7.655435e+20 5.860568e+41
7.620000e-15 7.374892e+20 5.438904e+41
7.630000e-15 7.093477e+20 5.031742e+41
7.640000e-15 6.811253e+20 4.639317e+41
7.650000e-15 6.528281e+20 4.261845e+41
7.660000e-15 6.244625e+20 3.899534e+41
7.670000e-15 5.960347e+20 3.552574e+41
7.680000e-15 5.675510e+20 3.221141e+41
7.690000e-15 5.390175e+20 2.905399e+41
7.700000e-15 5.104407e+20 2.605497e+41
7.710000e-15 4.818267e+20 2.321569e+41
7.720000e-15 4.531817e+20 2.053736e+41
7.730000e-15 4.245120e+20 1.802104e+41
7.740000e-15 3.958238e+20 1.566765e+41
7.750000e-15 3.671233e+20 1.347795e+41
7.760000e-15 3.384166e+20 1.145258e+41
7.770000e-15 3.097101e+20 9.592033e+40
7.780000e-15 2.810097e+20 7.896647e+40
7.790000e-15 2.523218e+20 6.366628e+40
7.800000e-15 2.236523e+20 5.002037e+40
7.810000e-15 1.950075e+20 3.802793e+40
7.820000e-15 1.663934e+20 2.768676e+40
7.830000e-15 1.378160e+20 1.899326e+40
7.840000e-15 1.092815e+20 1.194245e+40
7.850000e-15 8.079584e+19 6.527967e+39
7.860000e-15 5.236500e+19 2.742093e+39
7.870000e-15 2.399498e+19 5.757591e+38
7.880000e-15 -4.308280e+18 1.856128e+37
7.890000e-15 -3.253887e+19 1.058778e+39
7.900000e-15 -6.069089e+19 3.683384e+39
7.910000e-15 -8.875849e+19 7.878070e+39
7.920000e-15 -1.167359e+20 1.362726e+40
7.930000e-15 -1.446172e+20 2.091413e+40
7.940000e-15 -1.723967e+20 2.972063e+40
7.950000e-15 -2.000688e+20 4.002751e+40
7.960000e-15 -2.276276e+20 5.181432e+40
7.970000e-15 -2.550676e+20 6.505948e+40
7.980000e-15 -2.823831e+20 7.974024e+40
7.990000e-15 -3.095687e+20 9.583277e+40
8.000000e-15 -3.366187e+20 1.133121e+41
8.010000e-15 -3.635276e+20 1.321523e+41
8.020000e-15 -3.902901e+20 1.523264e+41
8.030000e-15 -4.169007e+20 1.738062e+41
8.040000e-15 -4.433541e+20 1.965628e+41
8.050000e-15 -4.696449e+20 2.205664e+41
8.060000e-15 -4.957680e+20 2.457859e+41
8.070000e-15 -5.217180e+20 2.721897e+41
8.080000e-15 -5.474899e+20 2.997452e+41
8.090000e-15 -5.730785e+20 3.284189e+41
8.100000e-15 -5.984787e+20 3.581768e+41
8.110000e-15 -6.236856e+20 3.889837e+41
8.120000e-15 -6.486942e+20 4.208041e+41
8.130000e-15 -6.734995e+20 4.536016e+41
8.140000e-15 -6.980968e+20 4.873391e+41
8.150000e-15 -7.224812e+20 5.219791e+41
8.160000e-15 -7.466480e+20 5.574833e+41
8.170000e-15 -7.705925e+20 5.938129e+41
8.180000e-15 -7.943102e+20 6.309287e+41
8.190000e-15 -8.177963e+20 6.687909e+41
8.200000e-15 -8.410466e+20 7.073593e+41
8.210000e-15 -8.640563e+20 7.465934e+41
8.220000e-15 -8.868214e+20 7.864521e+41
8.230000e-15 -9.093372e+20 8.268942e+41
8.240000e-15 -9.315998e+20 8.678782e+41
8.250000e-15 -9.536048e+20 9.093620e+41
8.260000e-15 -9.753481e+20 9.513038e+41
8.270000e-15 -9.968256e+20 9.936613e+41
8.280000e-15 -1.018033e+21 1.036392e+42
8.290000e-15 -1.038968e+21 1.079454e+42
8.300000e-15 -1.059624e+21 1.122803e+42
8.310000e-15 -1.080000e+21 1.166399e+42
8.320000e-15 -1.100090e+21 1.210198e+42
8.330000e-15 -1.119891e+21 1.254157e+42
8.340000e-15 -1.139401e+21 1.298234e+42
8.350000e-15 -1.158614e+21 1.342387e+42
8.360000e-15 -1.177528e+21 1.386573e+42
8.370000e-15 -1.196140e+21 1.430751e+42
8.380000e-15 -1.214446e+21 1.474878e+42
8.390000e-15 -1.232442e+21 1.518913e+42
8.400000e-15 -1.250126e+21 1.562816e+42
8.410000e-15 -1.267495e+21 1.606544e+42
8.420000e-15 -1.284545e+21 1.650057e+42
8.430000e-15 -1.301275e+21 1.693316e+42
8.440000e-15 -1.317680e+21 1.736279e+42
8.450000e-15 -1.333757e+21 1.778909e+42
8.460000e-15 -1.349506e+21 1.821166e+42
8.470000e-15 -1.364922e+21 1.863011e+42
8.480000e-15 -1.380003e+21 1.904408e+42
8.490000e-15 -1.394747e+21 1.945318e+42
8.500000e-15 -1.409151e+21 1.985706e+42
8.510000e-15 -1.423213e+21 2.025535e+42
8.520000e-15 -1.436931e+21 2.064770e+42
8.530000e-15 -1.450302e+21 2.103376e+42
8.540000e-15 -1.463325e+21 2.141319e+42
8.550000e-15 -1.475997e+21 2.178567e+42
8.560000e-15 -1.488317e+21 2.215087e+42
8.570000e-15 -1.500282e+21 2.250847e+42
8.580000e-15 -1.511892e+21 2.285816e+42
8.590000e-15 -1.523143e+21 2.319965e+42
8.600000e-15 -1.534036e+21 2.353265e+42
8.610000e-15 -1.544567e+21 2.385687e+42
8.620000e-15 -1.554736e+21 2.417204e+42
8.630000e-15 -1.564541e+21 2.447789e+42
8.640000e-15 -1.573981e+21 2.477417e+42
8.650000e-15 -1.583055e+21 2.506065e+42
8.660000e-15 -1.591762e+21 2.533707e+42
8.670000e-15 -1.600101e+21 2.560322e+42
8.680000e-15 -1.608070e+21 2.585888e+42
8.690000e-15 -1.615668e+21 2.610384e+42
8.700000e-15 -1.622896e+21 2.633792e+42
8.710000e-15 -1.629752e+21 2.656092e+42
8.720000e-15 -1.636236e+21 2.677268e+42
8.730000e-15 -1.642347e+21 2.697302e+42
8.740000e-15 -1.648084e+21 2.716180e+42
8.750000e-15 -1.653447e+21 2.733888e+42
8.760000e-15 -1.658437e+21 2.750412e+42
8.770000e-15 -1.663052e+21 2.765741e+42
8.780000e-15 -1.667292e+21 2.779863e+42
8.790000e-15 -1.671158e+21 2.792769e+42
8.800000e-15 -1.674649e+21 2.804450e+42
8.810000e-15 -1.677766e+21 2.814899e+42
8.820000e-15 -1.680509e+21 2.824109e+42
8.830000e-15 -1.682877e+21 2.832075e+42
8.840000e-15 -1.684871e+21 2.838792e+42
8.850000e-15 -1.686493e+21 2.844258e+42
8.860000e-15 -1.687741e+21 2.848470e+42
8.870000e-15 -1.688617e+21 2.851428e+42
8.880000e-15 -1.689121e+21 2.853131e+42
8.890000e-15 -1.689255e+21 2.853582e+42
8.900000e-15 -1.689018e+21 2.852782e+42
8.910000e-15 -1.688412e+21 2.850735e+42
8.920000e-15 -1.687437e+21 2.847445e+42
8.930000e-15 -1.686096e+21 2.842919e+42
8.940000e-15 -1.684388e+21 2.837162e+42
8.950000e-15 -1.682315e+21 2.830183e+42
8.960000e-15 -1.679878e+21 2.821990e+42
8.970000e-15 -1.677079e+21 2.812593e+42
8.980000e-15 -1.673918e+21 2.802003e+42
8.990000e-15 -1.670399e+21 2.790231e+42
9.000000e-15 -1.666521e+21 2.777291e+42
9.010000e-15 -1.662286e+21 2.763196e+42
9.020000e-15 -1.657697e+21 2.747961e+42
9.030000e-15 -1.652755e+21 2.731601e+42
9.040000e-15 -1.647462e+21 2.714133e+42
9.050000e-15 -1.641820e+21 2.695574e+42
9.060000e-15 -1.635831e+21 2.675943e+42
9.070000e-15 -1.629497e+21 2.655259e+42
9.080000e-15 -1.622819e+21 2.633542e+42
9.090000e-15 -1.615801e+21 2.610812e+42
9.100000e-15 -1.608444e+21 2.587092e+42
9.110000e-15 -1.600751e+21 2.562403e+42
9.120000e-15 -1.592724e+21 2.536770e+42
9.130000e-15 -1.584366e+21 2.510215e+42
9.140000e-15 -1.575679e+21 2.482763e+42
9.150000e-15 -1.566665e+21 2.454441e+42
9.160000e-15 -1.557329e+21 2.425272e+42
9.170000e-15 -1.547671e+21 2.395285e+42
9.180000e-15 -1.537695e+21 2.364506e+42
9.190000e-15 -1.527404e+21 2.332963e+42
9.200000e-15 -1.516801e+21 2.300684e+42
9.210000e-15 -1.505888e+21 2.267698e+42
9.220000e-15 -1.494669e+21 2.234035e+42
9.230000e-15 -1.483146e+21 2.199723e+42
9.240000e-15 -1.471324e+21 2.164795e+42
9.250000e-15 -1.459205e+21 2.129279e+42
9.260000e-15 -1.446792e+21 2.093207e+42
9.270000e-15 -1.434089e+21 2.056611e+42
9.280000e-15 -1.421099e+21 2.019522e+42
9.290000e-15 -1.407825e+21 1.981972e+42
9.300000e-15 -1.394272e+21 1.943993e+42
9.310000e-15 -1.380442e+21 1.905619e+42
9.320000e-15 -1.366339e+21 1.866881e+42
9.330000e-15 -1.351966e+21 1.827813e+42
9.340000e-15 -1.337329e+21 1.788448e+42
9.350000e-15 -1.322429e+21 1.748819e+42
9.360000e-15 -1.307271e+21 1.708959e+42
9.370000e-15 -1.291860e+21 1.668901e+42
9.380000e-15 -1.276197e+21 1.628680e+42
9.390000e-15 -1.260289e+21 1.588328e+42
9.400000e-15 -1.244138e+21 1.547879e+42
9.410000e-15 -1.227748e+21 1.507366e+42
9.420000e-15 -1.211125e+21 1.466823e+42
9.430000e-15 -1.194270e+21 1.426282e+42
9.440000e-15 -1.177190e+21 1.385777e+42
9.450000e-15 -1.159888e+21 1.345340e+42
9.460000e-15 -1.142368e+21 1.305005e+42
9.470000e-15 -1.124635e+21 1.264804e+42
9.480000e-15 -1.106692e+21 1.224768e+42
9.490000e-15 -1.088545e+21 1.184930e+42
9.500000e-15 -1.070197e+21 1.145322e+42
9.510000e-15 -1.051653e+21 1.105975e+42
9.520000e-15 -1.032918e+21 1.066919e+42
9.530000e-15 -1.013995e+21 1.028186e+42
9.540000e-15 -9.948895e+20 9.898051e+41
9.550000e-15 -9.756059e+20 9.518069e+41
9.560000e-15 -9.561487e+20 9.142203e+41
9.570000e-15 -9.365225e+20 8.770743e+41
9.580000e-15 -9.167318e+20 8.403972e+41
9.590000e-15 -8.967814e+20 8.042169e+41
9.600000e-15 -8.766759e+20 7.685606e+41
9.610000e-15 -8.564199e+20 7.334550e+41
9.620000e-15 -8.360182e+20 6.989264e+41
9.630000e-15 -8.154755e+20 6.650003e+41
9.640000e-15 -7.947966e+20 6.317016e+41
9.650000e-15 -7.739862e+20 5.990547e+41
9.660000e-15 -7.530491e+20 5.670830e+41
9.670000e-15 -7.319902e+20 5.358096e+41
9.680000e-15 -7.108142e+20 5.052568e+41
9.690000e-15 -6.895259e+20 4.754460e+41
9.700000e-15 -6.681304e+20 4.463982e+41
9.710000e-15 -6.466323e+20 4.181333e+41
9.720000e-15 -6.250366e+20 3.906707e+41
9.730000e-15 -6.033481e+20 3.640290e+41
9.740000e-15 -5.815719e+20 3.382258e+41
9.750000e-15 -5.597127e+20 3.132783e+41
9.760000e-15 -5.377755e+20 2.892025e+41
9.770000e-15 -5.157653e+20 2.660138e+41
9.780000e-15 -4.936869e+20 2.437267e+41
9.790000e-15 -4.715453e+20 2.223549e+41
9.800000e-15 -4.493454e+20 2.019113e+41
9.810000e-15 -4.270922e+20 1.824077e+41
9.820000e-15 -4.047906e+20 1.638554e+41
9.830000e-15 -3.824456e+20 1.462646e+41
9.840000e-15 -3.600620e+20 1.296447e+41
9.850000e-15 -3.376449e+20 1.140041e+41
9.860000e-15 -3.151992e+20 9.935055e+40
9.870000e-15 -2.927298e+20 8.569076e+40
9.880000e-15 -2.702417e+20 7.303058e+40
9.890000e-15 -2.477398e+20 6.137498e+40
9.900000e-15 -2.252289e+20 5.072806e+40
9.910000e-15 -2.027141e+20 4.109299e+40
9.920000e-15 -1.802001e+20 3.247208e+40
9.930000e-15 -1.576920e+20 2.486676e+40
9.940000e-15 -1.351946e+20 1.827757e+40
9.950000e-15 -1.127127e+20 1.270415e+40
9.960000e-15 -9.025121e+19 8.145281e+39
9.970000e-15 -6.781500e+19 4.598875e+39
9.980000e-15 -4.540889e+19 2.061967e+39
9.990000e-15 -2.303768e+19 5.307345e+38
1.000000e-14 -7.061602e+17 4.986622e+35
