0.000000e+00 nan nan
1.000000e-17 nan nan
2.000000e-17 nan nan
3.000000e-17 nan nan
4.000000e-17 4.437120e+06 1.968803e+13
5.000000e-17 4.129369e+07 1.705169e+15
6.000000e-17 2.554512e+08 6.525533e+16
7.000000e-17 1.192112e+09 1.421131e+18
8.000000e-17 4.525923e+09 2.048398e+19
9.000000e-17 1.467683e+10 2.154094e+20
1.000000e-16 4.202779e+10 1.766335e+21
1.100000e-16 1.088233e+11 1.184252e+22
1.200000e-16 2.592958e+11 6.723431e+22
1.300000e-16 5.761475e+11 3.319459e+23
1.400000e-16 1.206221e+12 1.454969e+24
1.500000e-16 2.399024e+12 5.755317e+24
1.600000e-16 4.562749e+12 2.081868e+25
1.700000e-16 8.343528e+12 6.961446e+25
1.800000e-16 1.473494e+13 2.171185e+26
1.900000e-16 2.522617e+13 6.363595e+26
2.000000e-16 4.199872e+13 1.763893e+27
2.100000e-16 6.818343e+13 4.648980e+27
2.200000e-16 1.081911e+14 1.170530e+28
2.300000e-16 1.681320e+14 2.826837e+28
2.400000e-16 2.563425e+14 6.571149e+28
2.500000e-16 3.840372e+14 1.474845e+29
2.600000e-16 5.661092e+14 3.204796e+29
2.700000e-16 8.221034e+14 6.758541e+29
2.800000e-16 1.177388e+15 1.386243e+30
2.900000e-16 1.664556e+15 2.770747e+30
3.000000e-16 2.325083e+15 5.406009e+30
3.100000e-16 3.211282e+15 1.031233e+31
3.200000e-16 4.388591e+15 1.925973e+31
3.300000e-16 5.938226e+15 3.526252e+31
3.400000e-16 7.960245e+15 6.336550e+31
3.500000e-16 1.057708e+16 1.118745e+32
3.600000e-16 1.393753e+16 1.942548e+32
3.700000e-16 1.822140e+16 3.320193e+32
3.800000e-16 2.364458e+16 5.590660e+32
3.900000e-16 3.046494e+16 9.281125e+32
4.000000e-16 3.898884e+16 1.520129e+33
4.100000e-16 4.957839e+16 2.458016e+33
4.200000e-16 6.265957e+16 3.926222e+33
4.300000e-16 7.873120e+16 6.198602e+33
4.400000e-16 9.837480e+16 9.677602e+33
4.500000e-16 1.222655e+17 1.494885e+34
4.600000e-16 1.511839e+17 2.285657e+34
4.700000e-16 1.860291e+17 3.460682e+34
4.800000e-16 2.278328e+17 5.190777e+34
4.900000e-16 2.777746e+17 7.715873e+34
5.000000e-16 3.371987e+17 1.137030e+35
5.100000e-16 4.076317e+17 1.661636e+35
5.200000e-16 4.908014e+17 2.408860e+35
5.300000e-16 5.886580e+17 3.465182e+35
5.400000e-16 7.033955e+17 4.947653e+35
5.500000e-16 8.374754e+17 7.013651e+35
5.600000e-16 9.936512e+17 9.873427e+35
5.700000e-16 1.174995e+18 1.380613e+36
5.800000e-16 1.384924e+18 1.918015e+36
5.900000e-16 1.627233e+18 2.647888e+36
6.000000e-16 1.906121e+18 3.633297e+36
6.100000e-16 2.226225e+18 4.956078e+36
6.200000e-16 2.592655e+18 6.721859e+36
6.300000e-16 3.011026e+18 9.066279e+36
6.400000e-16 3.487498e+18 1.216264e+37
6.500000e-16 4.028810e+18 1.623131e+37
6.600000e-16 4.642321e+18 2.155114e+37
6.700000e-16 5.336049e+18 2.847341e+37
6.800000e-16 6.118712e+18 3.743863e+37
6.900000e-16 6.999771e+18 4.899680e+37
7.000000e-16 7.989474e+18 6.383170e+37
7.100000e-16 9.098895e+18 8.278990e+37
7.200000e-16 1.033998e+19 1.069153e+38
7.300000e-16 1.172561e+19 1.374898e+38
7.400000e-16 1.326959e+19 1.760821e+38
7.500000e-16 1.498678e+19 2.246036e+38
7.600000e-16 1.689306e+19 2.853755e+38
7.700000e-16 1.900542e+19 3.612061e+38
7.800000e-16 2.134200e+19 4.554809e+38
7.900000e-16 2.392210e+19 5.722670e+38
8.000000e-16 2.676629e+19 7.164341e+38
8.100000e-16 2.989637e+19 8.937927e+38
8.200000e-16 3.333547e+19 1.111253e+39
8.300000e-16 3.710807e+19 1.377009e+39
8.400000e-16 4.124003e+19 1.700740e+39
8.500000e-16 4.575863e+19 2.093853e+39
8.600000e-16 5.069262e+19 2.569742e+39
8.700000e-16 5.607221e+19 3.144093e+39
8.800000e-16 6.192912e+19 3.835215e+39
8.900000e-16 6.829660e+19 4.664425e+39
9.000000e-16 7.520946e+19 5.656462e+39
9.100000e-16 8.270406e+19 6.839962e+39
9.200000e-16 9.081835e+19 8.247972e+39
9.300000e-16 9.959184e+19 9.918534e+39
9.400000e-16 1.090656e+20 1.189531e+40
9.500000e-16 1.192824e+20 1.422830e+40
9.600000e-16 1.302864e+20 1.697455e+40
9.700000e-16 1.421235e+20 2.019908e+40
9.800000e-16 1.548409e+20 2.397569e+40
9.900000e-16 1.684874e+20 2.838802e+40
1.000000e-15 1.831135e+20 3.353055e+40
1.010000e-15 1.987708e+20 3.950981e+40
1.020000e-15 2.155123e+20 4.644555e+40
1.030000e-15 2.333926e+20 5.447209e+40
1.040000e-15 2.524672e+20 6.373970e+40
1.050000e-15 2.727931e+20 7.441608e+40
1.060000e-15 2.944282e+20 8.668797e+40
1.070000e-15 3.174315e+20 1.007628e+41
1.080000e-15 3.418629e+20 1.168702e+41
1.090000e-15 3.677830e+20 1.352644e+41
1.100000e-15 3.952534e+20 1.562253e+41
1.110000e-15 4.243360e+20 1.800611e+41
1.120000e-15 4.550934e+20 2.071100e+41
1.130000e-15 4.875881e+20 2.377422e+41
1.140000e-15 5.218833e+20 2.723622e+41
1.150000e-15 5.580418e+20 3.114106e+41
1.160000e-15 5.961264e+20 3.553667e+41
1.170000e-15 6.361998e+20 4.047501e+41
1.180000e-15 6.783237e+20 4.601230e+41
1.190000e-15 7.225595e+20 5.220923e+41
1.200000e-15 7.689677e+20 5.913113e+41
1.210000e-15 8.176076e+20 6.684821e+41
1.220000e-15 8.685371e+20 7.543567e+41
1.230000e-15 9.218129e+20 8.497390e+41
1.240000e-15 9.774897e+20 9.554862e+41
1.250000e-15 1.035620e+21 1.072510e+42
1.260000e-15 1.096256e+21 1.201777e+42
1.270000e-15 1.159444e+21 1.344310e+42
1.280000e-15 1.225230e+21 1.501189e+42
1.290000e-15 1.293658e+21 1.673551e+42
1.300000e-15 1.364766e+21 1.862586e+42
1.310000e-15 1.438591e+21 2.069543e+42
1.320000e-15 1.515165e+21 2.295724e+42
1.330000e-15 1.594516e+21 2.542482e+42
1.340000e-15 1.676670e+21 2.811221e+42
1.350000e-15 1.761645e+21 3.103394e+42
1.360000e-15 1.849458e+21 3.420496e+42
1.370000e-15 1.940119e+21 3.764062e+42
1.380000e-15 2.033633e+21 4.135662e+42
1.390000e-15 2.129999e+21 4.536896e+42
1.400000e-15 2.229213e+21 4.969388e+42
1.410000e-15 2.331261e+21 5.434779e+42
1.420000e-15 2.436128e+21 5.934718e+42
1.430000e-15 2.543788e+21 6.470855e+42
1.440000e-15 2.654210e+21 7.044833e+42
1.450000e-15 2.767359e+21 7.658275e+42
1.460000e-15 2.883189e+21 8.312779e+42
1.470000e-15 3.001649e+21 9.009898e+42
1.480000e-15 3.122681e+21 9.751138e+42
1.490000e-15 3.246219e+21 1.053794e+43
1.500000e-15 3.372189e+21 1.137166e+43
1.510000e-15 3.500511e+21 1.225357e+43
1.520000e-15 3.631094e+21 1.318485e+43
1.530000e-15 3.763844e+21 1.416652e+43
1.540000e-15 3.898655e+21 1.519951e+43
1.550000e-15 4.035414e+21 1.628456e+43
1.560000e-15 4.174000e+21 1.742228e+43
1.570000e-15 4.314286e+21 1.861307e+43
1.580000e-15 4.456134e+21 1.985713e+43
1.590000e-15 4.599400e+21 2.115448e+43
1.600000e-15 4.743931e+21 2.250488e+43
1.610000e-15 4.889566e+21 2.390786e+43
1.620000e-15 5.036137e+21 2.536268e+43
1.630000e-15 5.183468e+21 2.686834e+43
1.640000e-15 5.331375e+21 2.842356e+43
1.650000e-15 5.479668e+21 3.002676e+43
1.660000e-15 5.628147e+21 3.167604e+43
1.670000e-15 5.776608e+21 3.336920e+43
1.680000e-15 5.924839e+21 3.510372e+43
1.690000e-15 6.072622e+21 3.687674e+43
1.700000e-15 6.219731e+21 3.868506e+43
1.710000e-15 6.365937e+21 4.052515e+43
1.720000e-15 6.511002e+21 4.239315e+43
1.730000e-15 6.654686e+21 4.428484e+43
1.740000e-15 6.796742e+21 4.619571e+43
1.750000e-15 6.936920e+21 4.812087e+43
1.760000e-15 7.074966e+21 5.005514e+43
1.770000e-15 7.210620e+21 5.199304e+43
1.780000e-15 7.343622e+21 5.392878e+43
1.790000e-15 7.473707e+21 5.585630e+43
1.800000e-15 7.600610e+21 5.776928e+43
1.810000e-15 7.724063e+21 5.966116e+43
1.820000e-15 7.843798e+21 6.152517e+43
1.830000e-15 7.959545e+21 6.335436e+43
1.840000e-15 8.071036e+21 6.514162e+43
1.850000e-15 8.178002e+21 6.687972e+43
1.860000e-15 8.280177e+21 6.856133e+43
1.870000e-15 8.377295e+21 7.017907e+43
1.880000e-15 8.469095e+21 7.172556e+43
1.890000e-15 8.555316e+21 7.319344e+43
1.900000e-15 8.635705e+21 7.457540e+43
1.910000e-15 8.710010e+21 7.586428e+43
1.920000e-15 8.777986e+21 7.705304e+43
1.930000e-15 8.839393e+21 7.813487e+43
1.940000e-15 8.893999e+21 7.910321e+43
1.950000e-15 8.941576e+21 7.995178e+43
1.960000e-15 8.981908e+21 8.067467e+43
1.970000e-15 9.014784e+21 8.126633e+43
1.980000e-15 9.040004e+21 8.172168e+43
1.990000e-15 9.057378e+21 8.203610e+43
2.000000e-15 9.066725e+21 8.220551e+43
2.010000e-15 9.067877e+21 8.222639e+43
2.020000e-15 9.060675e+21 8.209583e+43
2.030000e-15 9.044975e+21 8.181157e+43
2.040000e-15 9.020644e+21 8.137202e+43
2.050000e-15 8.987563e+21 8.077629e+43
2.060000e-15 8.945628e+21 8.002426e+43
2.070000e-15 8.894747e+21 7.911653e+43
2.080000e-15 8.834846e+21 7.805450e+43
2.090000e-15 8.765863e+21 7.684035e+43
2.100000e-15 8.687755e+21 7.547708e+43
2.110000e-15 8.600493e+21 7.396847e+43
2.120000e-15 8.504065e+21 7.231912e+43
2.130000e-15 8.398478e+21 7.053443e+43
2.140000e-15 8.283753e+21 6.862057e+43
2.150000e-15 8.159932e+21 6.658448e+43
2.160000e-15 8.027071e+21 6.443386e+43
2.170000e-15 7.885246e+21 6.217711e+43
2.180000e-15 7.734553e+21 5.982331e+43
2.190000e-15 7.575102e+21 5.738217e+43
2.200000e-15 7.407024e+21 5.486401e+43
2.210000e-15 7.230469e+21 5.227968e+43
2.220000e-15 7.045602e+21 4.964051e+43
2.230000e-15 6.852610e+21 4.695826e+43
2.240000e-15 6.651696e+21 4.424505e+43
2.250000e-15 6.443080e+21 4.151328e+43
2.260000e-15 6.227003e+21 3.877557e+43
2.270000e-15 6.003721e+21 3.604466e+43
2.280000e-15 5.773507e+21 3.333339e+43
2.290000e-15 5.536654e+21 3.065453e+43
2.300000e-15 5.293467e+21 2.802079e+43
2.310000e-15 5.044270e+21 2.544466e+43
2.320000e-15 4.789403e+21 2.293839e+43
2.330000e-15 4.529220e+21 2.051384e+43
2.340000e-15 4.264089e+21 1.818246e+43
2.350000e-15 3.994393e+21 1.595518e+43
2.360000e-15 3.720528e+21 1.384233e+43
2.370000e-15 3.442902e+21 1.185358e+43
2.380000e-15 3.161936e+21 9.997842e+42
2.390000e-15 2.878062e+21 8.283240e+42
2.400000e-15 2.591720e+21 6.717015e+42
2.410000e-15 2.303364e+21 5.305484e+42
2.420000e-15 2.013451e+21 4.053984e+42
2.430000e-15 1.722450e+21 2.966834e+42
2.440000e-15 1.430836e+21 2.047290e+42
2.450000e-15 1.139087e+21 1.297520e+42
2.460000e-15 8.476903e+20 7.185788e+41
2.470000e-15 5.571331e+20 3.103973e+41
2.480000e-15 2.679073e+20 7.177431e+40
2.490000e-15 -1.949408e+19 3.800192e+38
2.500000e-15 -3.045772e+20 9.276729e+40
2.510000e-15 -5.868489e+20 3.443916e+41
2.520000e-15 -8.658172e+20 7.496395e+41
2.530000e-15 -1.140993e+21 1.301866e+42
2.540000e-15 -1.411892e+21 1.993438e+42
2.550000e-15 -1.678032e+21 2.815791e+42
2.560000e-15 -1.938940e+21 3.759487e+42
2.570000e-15 -2.194148e+21 4.814284e+42
2.580000e-15 -2.443197e+21 5.969210e+42
2.590000e-15 -2.685637e+21 7.212645e+42
2.600000e-15 -2.921029e+21 8.532410e+42
2.610000e-15 -3.148945e+21 9.915853e+42
2.620000e-15 -3.368969e+21 1.134995e+43
2.630000e-15 -3.580700e+21 1.282142e+43
2.640000e-15 -3.783751e+21 1.431677e+43
2.650000e-15 -3.977749e+21 1.582249e+43
2.660000e-15 -4.162339e+21 1.732507e+43
2.670000e-15 -4.337185e+21 1.881117e+43
2.680000e-15 -4.501965e+21 2.026769e+43
2.690000e-15 -4.656380e+21 2.168188e+43
2.700000e-15 -4.800150e+21 2.304144e+43
2.710000e-15 -4.933016e+21 2.433465e+43
2.720000e-15 -5.054738e+21 2.555038e+43
2.730000e-15 -5.165103e+21 2.667828e+43
2.740000e-15 -5.263915e+21 2.770880e+43
2.750000e-15 -5.351007e+21 2.863327e+43
2.760000e-15 -5.426232e+21 2.944399e+43
2.770000e-15 -5.489470e+21 3.013428e+43
2.780000e-15 -5.540623e+21 3.069850e+43
2.790000e-15 -5.579622e+21 3.113218e+43
2.800000e-15 -5.606420e+21 3.143194e+43
2.810000e-15 -5.620997e+21 3.159561e+43
2.820000e-15 -5.623360e+21 3.162218e+43
2.830000e-15 -5.613542e+21 3.151185e+43
2.840000e-15 -5.591600e+21 3.126599e+43
2.850000e-15 -5.557619e+21 3.088712e+43
2.860000e-15 -5.511709e+21 3.037894e+43
2.870000e-15 -5.454008e+21 2.974620e+43
2.880000e-15 -5.384677e+21 2.899475e+43
2.890000e-15 -5.303905e+21 2.813140e+43
2.900000e-15 -5.211903e+21 2.716394e+43
2.910000e-15 -5.108911e+21 2.610097e+43
2.920000e-15 -4.995190e+21 2.495192e+43
2.930000e-15 -4.871025e+21 2.372689e+43
2.940000e-15 -4.736727e+21 2.243658e+43
2.950000e-15 -4.592627e+21 2.109222e+43
2.960000e-15 -4.439077e+21 1.970541e+43
2.970000e-15 -4.276454e+21 1.828806e+43
2.980000e-15 -4.105152e+21 1.685228e+43
2.990000e-15 -3.925587e+21 1.541023e+43
3.000000e-15 -3.738190e+21 1.397406e+43
3.010000e-15 -3.543413e+21 1.255578e+43
3.020000e-15 -3.341724e+21 1.116712e+43
3.030000e-15 -3.133604e+21 9.819477e+42
3.040000e-15 -2.919553e+21 8.523791e+42
3.050000e-15 -2.700080e+21 7.290434e+42
3.060000e-15 -2.475709e+21 6.129135e+42
3.070000e-15 -2.246973e+21 5.048887e+42
3.080000e-15 -2.014415e+21 4.057868e+42
3.090000e-15 -1.778588e+21 3.163375e+42
3.100000e-15 -1.540050e+21 2.371754e+42
3.110000e-15 -1.299366e+21 1.688352e+42
3.120000e-15 -1.057105e+21 1.117472e+42
3.130000e-15 -8.138399e+20 6.623353e+41
3.140000e-15 -5.701437e+20 3.250639e+41
3.150000e-15 -3.265911e+20 1.066617e+41
3.160000e-15 -8.375506e+19 7.014910e+39
3.170000e-15 1.577936e+20 2.489881e+40
3.180000e-15 3.974879e+20 1.579966e+41
3.190000e-15 6.347663e+20 4.029282e+41
3.200000e-15 8.690735e+20 7.552887e+41
3.210000e-15 1.099862e+21 1.209697e+42
3.220000e-15 1.326595e+21 1.759854e+42
3.230000e-15 1.548744e+21 2.398608e+42
3.240000e-15 1.765794e+21 3.118027e+42
3.250000e-15 1.977242e+21 3.909486e+42
3.260000e-15 2.182601e+21 4.763746e+42
3.270000e-15 2.381398e+21 5.671056e+42
3.280000e-15 2.573177e+21 6.621242e+42
3.290000e-15 2.757502e+21 7.603815e+42
3.300000e-15 2.933952e+21 8.608074e+42
3.310000e-15 3.102129e+21 9.623207e+42
3.320000e-15 3.261656e+21 1.063840e+43
3.330000e-15 3.412177e+21 1.164295e+43
3.340000e-15 3.553358e+21 1.262635e+43
3.350000e-15 3.684890e+21 1.357841e+43
3.360000e-15 3.806488e+21 1.448935e+43
3.370000e-15 3.917892e+21 1.534988e+43
3.380000e-15 4.018868e+21 1.615130e+43
3.390000e-15 4.109209e+21 1.688560e+43
3.400000e-15 4.188733e+21 1.754548e+43
3.410000e-15 4.257286e+21 1.812448e+43
3.420000e-15 4.314743e+21 1.861701e+43
3.430000e-15 4.361005e+21 1.901837e+43
3.440000e-15 4.396003e+21 1.932485e+43
3.450000e-15 4.419695e+21 1.953371e+43
3.460000e-15 4.432068e+21 1.964323e+43
3.470000e-15 4.433138e+21 1.965271e+43
3.480000e-15 4.422948e+21 1.956247e+43
3.490000e-15 4.401569e+21 1.937381e+43
3.500000e-15 4.369103e+21 1.908907e+43
3.510000e-15 4.325678e+21 1.871149e+43
3.520000e-15 4.271447e+21 1.824526e+43
3.530000e-15 4.206595e+21 1.769544e+43
3.540000e-15 4.131329e+21 1.706788e+43
3.550000e-15 4.045884e+21 1.636917e+43
3.560000e-15 3.950520e+21 1.560661e+43
3.570000e-15 3.845522e+21 1.478804e+43
3.580000e-15 3.731199e+21 1.392184e+43
3.590000e-15 3.607881e+21 1.301681e+43
3.600000e-15 3.475923e+21 1.208204e+43
3.610000e-15 3.335700e+21 1.112690e+43
3.620000e-15 3.187607e+21 1.016084e+43
3.630000e-15 3.032058e+21 9.193376e+42
3.640000e-15 2.869486e+21 8.233947e+42
3.650000e-15 2.700339e+21 7.291831e+42
3.660000e-15 2.525083e+21 6.376046e+42
3.670000e-15 2.344198e+21 5.495266e+42
3.680000e-15 2.158177e+21 4.657727e+42
3.690000e-15 1.967524e+21 3.871149e+42
3.700000e-15 1.772754e+21 3.142656e+42
3.710000e-15 1.574392e+21 2.478711e+42
3.720000e-15 1.372971e+21 1.885051e+42
3.730000e-15 1.169030e+21 1.366632e+42
3.740000e-15 9.631128e+20 9.275863e+41
3.750000e-15 7.557665e+20 5.711829e+41
3.760000e-15 5.475410e+20 2.998012e+41
3.770000e-15 3.389869e+20 1.149121e+41
3.780000e-15 1.306538e+20 1.707042e+40
3.790000e-15 -7.691074e+19 5.915261e+39
3.800000e-15 -2.831629e+20 8.018125e+40
3.810000e-15 -4.875639e+20 2.377186e+41
3.820000e-15 -6.895814e+20 4.755226e+41
3.830000e-15 -8.886909e+20 7.897716e+41
3.840000e-15 -1.084377e+21 1.175874e+42
3.850000e-15 -1.276136e+21 1.628522e+42
3.860000e-15 -1.463474e+21 2.141755e+42
3.870000e-15 -1.645911e+21 2.709024e+42
3.880000e-15 -1.822984e+21 3.323271e+42
3.890000e-15 -1.994242e+21 3.977002e+42
3.900000e-15 -2.159253e+21 4.662373e+42
3.910000e-15 -2.317602e+21 5.371279e+42
3.920000e-15 -2.468893e+21 6.095435e+42
3.930000e-15 -2.612752e+21 6.826472e+42
3.940000e-15 -2.748823e+21 7.556025e+42
3.950000e-15 -2.876773e+21 8.275822e+42
3.960000e-15 -2.996293e+21 8.977770e+42
3.970000e-15 -3.107096e+21 9.654044e+42
3.980000e-15 -3.208920e+21 1.029717e+43
3.990000e-15 -3.301528e+21 1.090009e+43
4.000000e-15 -3.384708e+21 1.145625e+43
4.010000e-15 -3.458274e+21 1.195966e+43
4.020000e-15 -3.522068e+21 1.240496e+43
4.030000e-15 -3.575956e+21 1.278746e+43
4.040000e-15 -3.619833e+21 1.310319e+43
4.050000e-15 -3.653623e+21 1.334896e+43
4.060000e-15 -3.677273e+21 1.352233e+43
4.070000e-15 -3.690761e+21 1.362172e+43
4.080000e-15 -3.694093e+21 1.364632e+43
4.090000e-15 -3.687300e+21 1.359618e+43
4.100000e-15 -3.670442e+21 1.347215e+43
4.110000e-15 -3.643607e+21 1.327587e+43
4.120000e-15 -3.606907e+21 1.300978e+43
4.130000e-15 -3.560483e+21 1.267704e+43
4.140000e-15 -3.504501e+21 1.228153e+43
4.150000e-15 -3.439154e+21 1.182778e+43
4.160000e-15 -3.364657e+21 1.132092e+43
4.170000e-15 -3.281253e+21 1.076662e+43
4.180000e-15 -3.189205e+21 1.017103e+43
4.190000e-15 -3.088802e+21 9.540696e+42
4.200000e-15 -2.980352e+21 8.882500e+42
4.210000e-15 -2.864188e+21 8.203570e+42
4.220000e-15 -2.740658e+21 7.511206e+42
4.230000e-15 -2.610134e+21 6.812798e+42
4.240000e-15 -2.473003e+21 6.115743e+42
4.250000e-15 -2.329670e+21 5.427363e+42
4.260000e-15 -2.180556e+21 4.754826e+42
4.270000e-15 -2.026097e+21 4.105070e+42
4.280000e-15 -1.866741e+21 3.484723e+42
4.290000e-15 -1.702950e+21 2.900037e+42
4.300000e-15 -1.535194e+21 2.356820e+42
4.310000e-15 -1.363955e+21 1.860374e+42
4.320000e-15 -1.189723e+21 1.415442e+42
4.330000e-15 -1.012994e+21 1.026157e+42
4.340000e-15 -8.342695e+20 6.960056e+41
4.350000e-15 -6.540547e+20 4.277875e+41
4.360000e-15 -4.728579e+20 2.235946e+41
4.370000e-15 -2.911884e+20 8.479066e+40
4.380000e-15 -1.095552e+20 1.200234e+40
4.390000e-15 7.153433e+19 5.117160e+39
4.400000e-15 2.515759e+20 6.329043e+40
4.410000e-15 4.300697e+20 1.849600e+41
4.420000e-15 6.065219e+20 3.678688e+41
4.430000e-15 7.804457e+20 6.090955e+41
4.440000e-15 9.513630e+20 9.050915e+41
4.450000e-15 1.118805e+21 1.251726e+42
4.460000e-15 1.282316e+21 1.644334e+42
4.470000e-15 1.441450e+21 2.077778e+42
4.480000e-15 1.595776e+21 2.546502e+42
4.490000e-15 1.744879e+21 3.044602e+42
4.500000e-15 1.888357e+21 3.565892e+42
4.510000e-15 2.025827e+21 4.103977e+42
4.520000e-15 2.156925e+21 4.652327e+42
4.530000e-15 2.281304e+21 5.204349e+42
4.540000e-15 2.398638e+21 5.753464e+42
4.550000e-15 2.508621e+21 6.293180e+42
4.560000e-15 2.610970e+21 6.817165e+42
4.570000e-15 2.705423e+21 7.319316e+42
4.580000e-15 2.791743e+21 7.793830e+42
4.590000e-15 2.869715e+21 8.235262e+42
4.600000e-15 2.939148e+21 8.638589e+42
4.610000e-15 2.999877e+21 8.999260e+42
4.620000e-15 3.051761e+21 9.313248e+42
4.630000e-15 3.094687e+21 9.577089e+42
4.640000e-15 3.128565e+21 9.787918e+42
4.650000e-15 3.153331e+21 9.943498e+42
4.660000e-15 3.168949e+21 1.004224e+43
4.670000e-15 3.175408e+21 1.008322e+43
4.680000e-15 3.172723e+21 1.006617e+43
4.690000e-15 3.160936e+21 9.991514e+42
4.700000e-15 3.140112e+21 9.860304e+42
4.710000e-15 3.110346e+21 9.674249e+42
4.720000e-15 3.071754e+21 9.435670e+42
4.730000e-15 3.024479e+21 9.147473e+42
4.740000e-15 2.968689e+21 8.813113e+42
4.750000e-15 2.904574e+21 8.436550e+42
4.760000e-15 2.832349e+21 8.022199e+42
4.770000e-15 2.752250e+21 7.574879e+42
4.780000e-15 2.664536e+21 7.099752e+42
4.790000e-15 2.569487e+21 6.602264e+42
4.800000e-15 2.467403e+21 6.088077e+42
4.810000e-15 2.358603e+21 5.563007e+42
4.820000e-15 2.243424e+21 5.032953e+42
4.830000e-15 2.122223e+21 4.503831e+42
4.840000e-15 1.995370e+21 3.981501e+42
4.850000e-15 1.863252e+21 3.471706e+42
4.860000e-15 1.726269e+21 2.980003e+42
4.870000e-15 1.584834e+21 2.511700e+42
4.880000e-15 1.439374e+21 2.071799e+42
4.890000e-15 1.290324e+21 1.664936e+42
4.900000e-15 1.138128e+21 1.295335e+42
4.910000e-15 9.832384e+20 9.667578e+41
4.920000e-15 8.261148e+20 6.824657e+41
4.930000e-15 6.672212e+20 4.451841e+41
4.940000e-15 5.070254e+20 2.570748e+41
4.950000e-15 3.459980e+20 1.197146e+41
4.960000e-15 1.846104e+20 3.408101e+40
4.970000e-15 2.333391e+19 5.444712e+38
4.980000e-15 -1.373620e+20 1.886832e+40
4.990000e-15 -2.970107e+20 8.821537e+40
5.000000e-15 -4.551501e+20 2.071616e+41
5.010000e-15 -6.113235e+20 3.737165e+41
5.020000e-15 -7.650816e+20 5.853499e+41
5.030000e-15 -9.159831e+20 8.390250e+41
5.040000e-15 -1.063596e+21 1.131237e+42
5.050000e-15 -1.207500e+21 1.458057e+42
5.060000e-15 -1.347286e+21 1.815181e+42
5.070000e-15 -1.482559e+21 2.197980e+42
5.080000e-15 -1.612936e+21 2.601562e+42
5.090000e-15 -1.738052e+21 3.020824e+42
5.100000e-15 -1.857557e+21 3.450518e+42
5.110000e-15 -1.971119e+21 3.885311e+42
5.120000e-15 -2.078424e+21 4.319847e+42
5.130000e-15 -2.179177e+21 4.748815e+42
5.140000e-15 -2.273104e+21 5.167003e+42
5.150000e-15 -2.359951e+21 5.569368e+42
5.160000e-15 -2.439484e+21 5.951084e+42
5.170000e-15 -2.511495e+21 6.307607e+42
5.180000e-15 -2.575795e+21 6.634719e+42
5.190000e-15 -2.632219e+21 6.928579e+42
5.200000e-15 -2.680628e+21 7.185767e+42
5.210000e-15 -2.720904e+21 7.403319e+42
5.220000e-15 -2.752955e+21 7.578760e+42
5.230000e-15 -2.776712e+21 7.710130e+42
5.240000e-15 -2.792133e+21 7.796006e+42
5.250000e-15 -2.799198e+21 7.835511e+42
5.260000e-15 -2.797915e+21 7.828326e+42
5.270000e-15 -2.788312e+21 7.774687e+42
5.280000e-15 -2.770447e+21 7.675378e+42
5.290000e-15 -2.744398e+21 7.531723e+42
5.300000e-15 -2.710270e+21 7.345561e+42
5.310000e-15 -2.668188e+21 7.119228e+42
5.320000e-15 -2.618304e+21 6.855518e+42
5.330000e-15 -2.560792e+21 6.557655e+42
5.340000e-15 -2.495846e+21 6.229245e+42
5.350000e-15 -2.423683e+21 5.874238e+42
5.360000e-15 -2.344541e+21 5.496873e+42
5.370000e-15 -2.258679e+21 5.101629e+42
5.380000e-15 -2.166373e+21 4.693170e+42
5.390000e-15 -2.067919e+21 4.276288e+42
5.400000e-15 -1.963630e+21 3.855843e+42
5.410000e-15 -1.853837e+21 3.436710e+42
5.420000e-15 -1.738883e+21 3.023715e+42
5.430000e-15 -1.619130e+21 2.621583e+42
5.440000e-15 -1.494951e+21 2.234878e+42
5.450000e-15 -1.366730e+21 1.867951e+42
5.460000e-15 -1.234864e+21 1.524890e+42
5.470000e-15 -1.099760e+21 1.209472e+42
5.480000e-15 -9.618325e+20 9.251218e+41
5.490000e-15 -8.215037e+20 6.748683e+41
5.500000e-15 -6.792021e+20 4.613154e+41
5.510000e-15 -5.353608e+20 2.866112e+41
5.520000e-15 -3.904167e+20 1.524252e+41
5.530000e-15 -2.448084e+20 5.993117e+40
5.540000e-15 -9.897584e+19 9.796217e+39
5.550000e-15 4.664187e+19 2.175464e+39
5.560000e-15 1.916073e+20 3.671334e+40
5.570000e-15 3.354859e+20 1.125508e+41
5.580000e-15 4.778479e+20 2.283386e+41
5.590000e-15 6.182689e+20 3.822564e+41
5.600000e-15 7.563314e+20 5.720372e+41
5.610000e-15 8.916264e+20 7.949977e+41
5.620000e-15 1.023754e+21 1.048072e+42
5.630000e-15 1.152325e+21 1.327853e+42
5.640000e-15 1.276962e+21 1.630631e+42
5.650000e-15 1.397299e+21 1.952445e+42
5.660000e-15 1.512987e+21 2.289131e+42
5.670000e-15 1.623690e+21 2.636369e+42
5.680000e-15 1.729087e+21 2.989742e+42
5.690000e-15 1.828876e+21 3.344786e+42
5.700000e-15 1.922770e+21 3.697045e+42
5.710000e-15 2.010504e+21 4.042126e+42
5.720000e-15 2.091829e+21 4.375750e+42
5.730000e-15 2.166519e+21 4.693805e+42
5.740000e-15 2.234366e+21 4.992394e+42
5.750000e-15 2.295186e+21 5.267878e+42
5.760000e-15 2.348813e+21 5.516924e+42
5.770000e-15 2.395108e+21 5.736541e+42
5.780000e-15 2.433950e+21 5.924111e+42
5.790000e-15 2.465244e+21 6.077426e+42
5.800000e-15 2.488917e+21 6.194706e+42
5.810000e-15 2.504919e+21 6.274619e+42
5.820000e-15 2.513225e+21 6.316299e+42
5.830000e-15 2.513832e+21 6.319350e+42
5.840000e-15 2.506760e+21 6.283847e+42
5.850000e-15 2.492055e+21 6.210336e+42
5.860000e-15 2.469782e+21 6.099825e+42
5.870000e-15 2.440033e+21 5.953763e+42
5.880000e-15 2.402920e+21 5.774027e+42
5.890000e-15 2.358579e+21 5.562893e+42
5.900000e-15 2.307164e+21 5.323008e+42
5.910000e-15 2.248856e+21 5.057351e+42
5.920000e-15 2.183851e+21 4.769203e+42
5.930000e-15 2.112368e+21 4.462097e+42
5.940000e-15 2.034644e+21 4.139777e+42
5.950000e-15 1.950937e+21 3.806154e+42
5.960000e-15 1.861518e+21 3.465251e+42
5.970000e-15 1.766680e+21 3.121159e+42
5.980000e-15 1.666728e+21 2.777982e+42
5.990000e-15 1.561983e+21 2.439791e+42
6.000000e-15 1.452781e+21 2.110572e+42
6.010000e-15 1.339468e+21 1.794176e+42
6.020000e-15 1.222406e+21 1.494277e+42
6.030000e-15 1.101964e+21 1.214325e+42
6.040000e-15 9.785214e+20 9.575041e+41
6.050000e-15 8.524663e+20 7.266988e+41
6.060000e-15 7.241936e+20 5.244564e+41
6.070000e-15 5.941041e+20 3.529596e+41
6.080000e-15 4.626029e+20 2.140015e+41
6.090000e-15 3.300988e+20 1.089652e+41
6.100000e-15 1.970023e+20 3.880990e+40
6.110000e-15 6.372487e+19 4.060859e+39
6.120000e-15 -6.932249e+19 4.805608e+39
6.130000e-15 -2.017306e+20 4.069523e+40
6.140000e-15 -3.330932e+20 1.109511e+41
6.150000e-15 -4.630084e+20 2.143768e+41
6.160000e-15 -5.910797e+20 3.493752e+41
6.170000e-15 -7.169172e+20 5.139703e+41
6.180000e-15 -8.401390e+20 7.058336e+41
6.190000e-15 -9.603722e+20 9.223148e+41
6.200000e-15 -1.077254e+21 1.160476e+42
6.210000e-15 -1.190433e+21 1.417131e+42
6.220000e-15 -1.299570e+21 1.688882e+42
6.230000e-15 -1.404339e+21 1.972168e+42
6.240000e-15 -1.504429e+21 2.263306e+42
6.250000e-15 -1.599543e+21 2.558536e+42
6.260000e-15 -1.689401e+21 2.854075e+42
6.270000e-15 -1.773740e+21 3.146153e+42
6.280000e-15 -1.852314e+21 3.431068e+42
6.290000e-15 -1.924897e+21 3.705230e+42
6.300000e-15 -1.991281e+21 3.965200e+42
6.310000e-15 -2.051277e+21 4.207738e+42
6.320000e-15 -2.104718e+21 4.429837e+42
6.330000e-15 -2.151456e+21 4.628762e+42
6.340000e-15 -2.191365e+21 4.802081e+42
6.350000e-15 -2.224341e+21 4.947694e+42
6.360000e-15 -2.250301e+21 5.063857e+42
6.370000e-15 -2.269185e+21 5.149200e+42
6.380000e-15 -2.280953e+21 5.202746e+42
6.390000e-15 -2.285589e+21 5.223917e+42
6.400000e-15 -2.283099e+21 5.212540e+42
6.410000e-15 -2.273510e+21 5.168847e+42
6.420000e-15 -2.256872e+21 5.093473e+42
6.430000e-15 -2.233258e+21 4.987441e+42
6.440000e-15 -2.202759e+21 4.852148e+42
6.450000e-15 -2.165491e+21 4.689350e+42
6.460000e-15 -2.121587e+21 4.501133e+42
6.470000e-15 -2.071204e+21 4.289887e+42
6.480000e-15 -2.014517e+21 4.058279e+42
6.490000e-15 -1.951719e+21 3.809208e+42
6.500000e-15 -1.883024e+21 3.545780e+42
6.510000e-15 -1.808662e+21 3.271260e+42
6.520000e-15 -1.728881e+21 2.989031e+42
6.530000e-15 -1.643945e+21 2.702556e+42
6.540000e-15 -1.554133e+21 2.415330e+42
6.550000e-15 -1.459739e+21 2.130839e+42
6.560000e-15 -1.361071e+21 1.852514e+42
6.570000e-15 -1.258448e+21 1.583691e+42
6.580000e-15 -1.152201e+21 1.327568e+42
6.590000e-15 -1.042674e+21 1.087168e+42
6.600000e-15 -9.302162e+20 8.653022e+41
6.610000e-15 -8.151884e+20 6.645321e+41
6.620000e-15 -6.979569e+20 4.871438e+41
6.630000e-15 -5.788944e+20 3.351188e+41
6.640000e-15 -4.583784e+20 2.101108e+41
6.650000e-15 -3.367898e+20 1.134274e+41
6.660000e-15 -2.145121e+20 4.601545e+40
6.670000e-15 -9.192984e+19 8.451096e+39
6.680000e-15 3.057245e+19 9.346744e+38
6.690000e-15 1.526114e+20 2.329024e+40
6.700000e-15 2.738061e+20 7.496980e+40
6.710000e-15 3.937793e+20 1.550622e+41
6.720000e-15 5.121585e+20 2.623063e+41
6.730000e-15 6.285769e+20 3.951090e+41
6.740000e-15 7.426753e+20 5.515666e+41
6.750000e-15 8.541022e+20 7.294905e+41
6.760000e-15 9.625155e+20 9.264360e+41
6.770000e-15 1.067584e+21 1.139735e+42
6.780000e-15 1.168986e+21 1.366528e+42
6.790000e-15 1.266414e+21 1.603805e+42
6.800000e-15 1.359574e+21 1.848442e+42
6.810000e-15 1.448185e+21 2.097238e+42
6.820000e-15 1.531980e+21 2.346962e+42
6.830000e-15 1.610710e+21 2.594386e+42
6.840000e-15 1.684142e+21 2.836333e+42
6.850000e-15 1.752058e+21 3.069709e+42
6.860000e-15 1.814262e+21 3.291548e+42
6.870000e-15 1.870573e+21 3.499045e+42
6.880000e-15 1.920831e+21 3.689591e+42
6.890000e-15 1.964893e+21 3.860803e+42
6.900000e-15 2.002638e+21 4.010558e+42
6.910000e-15 2.033965e+21 4.137012e+42
6.920000e-15 2.058792e+21 4.238624e+42
6.930000e-15 2.077060e+21 4.314177e+42
6.940000e-15 2.088728e+21 4.362784e+42
6.950000e-15 2.093778e+21 4.383906e+42
6.960000e-15 2.092212e+21 4.377352e+42
6.970000e-15 2.084053e+21 4.343278e+42
6.980000e-15 2.069345e+21 4.282189e+42
6.990000e-15 2.048152e+21 4.194926e+42
7.000000e-15 2.020558e+21 4.082653e+42
7.010000e-15 1.986667e+21 3.946846e+42
7.020000e-15 1.946604e+21 3.789267e+42
7.030000e-15 1.900512e+21 3.611944e+42
7.040000e-15 1.848551e+21 3.417142e+42
7.050000e-15 1.790903e+21 3.207335e+42
7.060000e-15 1.727765e+21 2.985171e+42
7.070000e-15 1.659350e+21 2.753441e+42
7.080000e-15 1.585888e+21 2.515041e+42
7.090000e-15 1.507626e+21 2.272935e+42
7.100000e-15 1.424822e+21 2.030119e+42
7.110000e-15 1.337752e+21 1.789581e+42
7.120000e-15 1.246701e+21 1.554264e+42
7.130000e-15 1.151968e+21 1.327031e+42
7.140000e-15 1.053862e+21 1.110626e+42
7.150000e-15 9.527022e+20 9.076414e+41
7.160000e-15 8.488160e+20 7.204887e+41
7.170000e-15 7.425396e+20 5.513650e+41
7.180000e-15 6.342152e+20 4.022289e+41
7.190000e-15 5.241908e+20 2.747760e+41
7.200000e-15 4.128190e+20 1.704196e+41
7.210000e-15 3.004557e+20 9.027364e+40
7.220000e-15 1.874590e+20 3.514088e+40
7.230000e-15 7.418810e+19 5.503875e+39
7.240000e-15 -3.899778e+19 1.520827e+39
7.250000e-15 -1.517406e+20 2.302522e+40
7.260000e-15 -2.636847e+20 6.952963e+40
7.270000e-15 -3.744777e+20 1.402336e+41
7.280000e-15 -4.837718e+20 2.340352e+41
7.290000e-15 -5.912249e+20 3.495469e+41
7.300000e-15 -6.965015e+20 4.851143e+41
7.310000e-15 -7.992737e+20 6.388384e+41
7.320000e-15 -8.992226e+20 8.086013e+41
7.330000e-15 -9.960388e+20 9.920934e+41
7.340000e-15 -1.089424e+21 1.186844e+42
7.350000e-15 -1.179091e+21 1.390255e+42
7.360000e-15 -1.264765e+21 1.599630e+42
7.370000e-15 -1.346185e+21 1.812214e+42
7.380000e-15 -1.423104e+21 2.025226e+42
7.390000e-15 -1.495290e+21 2.235893e+42
7.400000e-15 -1.562527e+21 2.441490e+42
7.410000e-15 -1.624613e+21 2.639368e+42
7.420000e-15 -1.681366e+21 2.826992e+42
7.430000e-15 -1.732619e+21 3.001969e+42
7.440000e-15 -1.778224e+21 3.162080e+42
7.450000e-15 -1.818050e+21 3.305308e+42
7.460000e-15 -1.851988e+21 3.429858e+42
7.470000e-15 -1.879943e+21 3.534184e+42
7.480000e-15 -1.901842e+21 3.617004e+42
7.490000e-15 -1.917633e+21 3.677316e+42
7.500000e-15 -1.927280e+21 3.714409e+42
7.510000e-15 -1.930769e+21 3.727870e+42
7.520000e-15 -1.928105e+21 3.717588e+42
7.530000e-15 -1.919311e+21 3.683757e+42
7.540000e-15 -1.904433e+21 3.626865e+42
7.550000e-15 -1.883532e+21 3.547693e+42
7.560000e-15 -1.856691e+21 3.447301e+42
7.570000e-15 -1.824010e+21 3.327013e+42
7.580000e-15 -1.785609e+21 3.188399e+42
7.590000e-15 -1.741623e+21 3.033252e+42
7.600000e-15 -1.692208e+21 2.863569e+42
7.610000e-15 -1.637535e+21 2.681520e+42
7.620000e-15 -1.577790e+21 2.489422e+42
7.630000e-15 -1.513177e+21 2.289706e+42
7.640000e-15 -1.443915e+21 2.084889e+42
7.650000e-15 -1.370234e+21 1.877542e+42
7.660000e-15 -1.292382e+21 1.670251e+42
7.670000e-15 -1.210616e+21 1.465592e+42
7.680000e-15 -1.125208e+21 1.266093e+42
7.690000e-15 -1.036438e+21 1.074203e+42
7.700000e-15 -9.445967e+20 8.922630e+41
7.710000e-15 -8.499858e+20 7.224759e+41
7.720000e-15 -7.529133e+20 5.668785e+41
7.730000e-15 -6.536947e+20 4.273167e+41
7.740000e-15 -5.526516e+20 3.054238e+41
7.750000e-15 -4.501107e+20 2.025996e+41
7.760000e-15 -3.464027e+20 1.199948e+41
7.770000e-15 -2.418612e+20 5.849684e+40
7.780000e-15 -1.368216e+20 1.872016e+40
7.790000e-15 -3.162028e+19 9.998423e+38
7.800000e-15 7.340689e+19 5.388571e+39
7.810000e-15 1.779253e+20 3.165740e+40
7.820000e-15 2.816026e+20 7.930002e+40
7.830000e-15 3.841101e+20 1.475406e+41
7.840000e-15 4.851237e+20 2.353450e+41
7.850000e-15 5.843244e+20 3.414350e+41
7.860000e-15 6.814002e+20 4.643062e+41
7.870000e-15 7.760463e+20 6.022478e+41
7.880000e-15 8.679665e+20 7.533658e+41
7.890000e-15 9.568739e+20 9.156076e+41
7.900000e-15 1.042492e+21 1.086790e+42
7.910000e-15 1.124555e+21 1.264625e+42
7.920000e-15 1.202810e+21 1.446753e+42
7.930000e-15 1.277016e+21 1.630771e+42
7.940000e-15 1.346946e+21 1.814264e+42
7.950000e-15 1.412387e+21 1.994836e+42
7.960000e-15 1.473139e+21 2.170139e+42
7.970000e-15 1.529022e+21 2.337907e+42
7.980000e-15 1.579867e+21 2.495978e+42
7.990000e-15 1.625524e+21 2.642328e+42
8.000000e-15 1.665860e+21 2.775089e+42
8.010000e-15 1.700758e+21 2.892578e+42
8.020000e-15 1.730121e+21 2.993318e+42
8.030000e-15 1.753867e+21 3.076048e+42
8.040000e-15 1.771933e+21 3.139747e+42
8.050000e-15 1.784276e+21 3.183642e+42
8.060000e-15 1.790870e+21 3.207217e+42
8.070000e-15 1.791708e+21 3.210217e+42
8.080000e-15 1.786800e+21 3.192653e+42
8.090000e-15 1.776175e+21 3.154798e+42
8.100000e-15 1.759882e+21 3.097185e+42
8.110000e-15 1.737986e+21 3.020594e+42
8.120000e-15 1.710570e+21 2.926049e+42
8.130000e-15 1.677735e+21 2.814795e+42
8.140000e-15 1.639599e+21 2.688286e+42
8.150000e-15 1.596297e+21 2.548166e+42
8.160000e-15 1.547980e+21 2.396243e+42
8.170000e-15 1.494814e+21 2.234469e+42
8.180000e-15 1.436981e+21 2.064915e+42
8.190000e-15 1.374677e+21 1.889738e+42
8.200000e-15 1.308113e+21 1.711159e+42
8.210000e-15 1.237511e+21 1.531434e+42
8.220000e-15 1.163108e+21 1.352821e+42
8.230000e-15 1.085151e+21 1.177554e+42
8.240000e-15 1.003899e+21 1.007813e+42
8.250000e-15 9.196186e+20 8.456983e+41
8.260000e-15 8.325884e+20 6.932035e+41
8.270000e-15 7.430938e+20 5.521884e+41
8.280000e-15 6.514275e+20 4.243578e+41
8.290000e-15 5.578889e+20 3.112401e+41
8.300000e-15 4.627825e+20 2.141676e+41
8.310000e-15 3.664171e+20 1.342615e+41
8.320000e-15 2.691050e+20 7.241751e+40
8.330000e-15 1.711610e+20 2.929608e+40
8.340000e-15 7.290089e+19 5.314540e+39
8.350000e-15 -2.535887e+19 6.430721e+38
8.360000e-15 -1.233027e+20 1.520355e+40
8.370000e-15 -2.206166e+20 4.867166e+40
8.380000e-15 -3.169893e+20 1.004822e+41
8.390000e-15 -4.121132e+20 1.698373e+41
8.400000e-15 -5.056855e+20 2.557178e+41
8.410000e-15 -5.974088e+20 3.568973e+41
8.420000e-15 -6.869924e+20 4.719586e+41
8.430000e-15 -7.741531e+20 5.993131e+41
8.440000e-15 -8.586161e+20 7.372216e+41
8.450000e-15 -9.401156e+20 8.838174e+41
8.460000e-15 -1.018396e+21 1.037131e+42
8.470000e-15 -1.093213e+21 1.195115e+42
8.480000e-15 -1.164334e+21 1.355673e+42
8.490000e-15 -1.231537e+21 1.516684e+42
8.500000e-15 -1.294616e+21 1.676030e+42
8.510000e-15 -1.353375e+21 1.831625e+42
8.520000e-15 -1.407637e+21 1.981441e+42
8.530000e-15 -1.457235e+21 2.123534e+42
8.540000e-15 -1.502021e+21 2.256067e+42
8.550000e-15 -1.541861e+21 2.377335e+42
8.560000e-15 -1.576637e+21 2.485784e+42
8.570000e-15 -1.606248e+21 2.580034e+42
8.580000e-15 -1.630611e+21 2.658893e+42
8.590000e-15 -1.649658e+21 2.721373e+42
8.600000e-15 -1.663340e+21 2.766700e+42
8.610000e-15 -1.671624e+21 2.794327e+42
8.620000e-15 -1.674495e+21 2.803933e+42
8.630000e-15 -1.671955e+21 2.795434e+42
8.640000e-15 -1.664025e+21 2.768980e+42
8.650000e-15 -1.650742e+21 2.724948e+42
8.660000e-15 -1.632159e+21 2.663944e+42
8.670000e-15 -1.608349e+21 2.586788e+42
8.680000e-15 -1.579400e+21 2.494504e+42
8.690000e-15 -1.545415e+21 2.388308e+42
8.700000e-15 -1.506516e+21 2.269590e+42
8.710000e-15 -1.462838e+21 2.139894e+42
8.720000e-15 -1.414532e+21 2.000901e+42
8.730000e-15 -1.361765e+21 1.854403e+42
8.740000e-15 -1.304715e+21 1.702282e+42
8.750000e-15 -1.243577e+21 1.546484e+42
8.760000e-15 -1.178557e+21 1.388996e+42
8.770000e-15 -1.109871e+21 1.231815e+42
8.780000e-15 -1.037752e+21 1.076928e+42
8.790000e-15 -9.624369e+20 9.262847e+41
8.800000e-15 -8.841776e+20 7.817700e+41
8.810000e-15 -8.032327e+20 6.451828e+41
8.820000e-15 -7.198694e+20 5.182119e+41
8.830000e-15 -6.343621e+20 4.024152e+41
8.840000e-15 -5.469916e+20 2.991999e+41
8.850000e-15 -4.580444e+20 2.098047e+41
8.860000e-15 -3.678111e+20 1.352850e+41
8.870000e-15 -2.765863e+20 7.649996e+40
8.880000e-15 -1.846669e+20 3.410185e+40
8.890000e-15 -9.235159e+19 8.528816e+39
8.900000e-15 6.014725e+16 3.617692e+33
8.910000e-15 9.226924e+19 8.513614e+39
8.920000e-15 1.839778e+20 3.384784e+40
8.930000e-15 2.748902e+20 7.556463e+40
8.940000e-15 3.647139e+20 1.330162e+41
8.950000e-15 4.531604e+20 2.053544e+41
8.960000e-15 5.399464e+20 2.915421e+41
8.970000e-15 6.247943e+20 3.903679e+41
8.980000e-15 7.074335e+20 5.004621e+41
8.990000e-15 7.876009e+20 6.203151e+41
9.000000e-15 8.650420e+20 7.482976e+41
9.010000e-15 9.395116e+20 8.826820e+41
9.020000e-15 1.010775e+21 1.021665e+42
9.030000e-15 1.078607e+21 1.163392e+42
9.040000e-15 1.142795e+21 1.305981e+42
9.050000e-15 1.203140e+21 1.447545e+42
9.060000e-15 1.259452e+21 1.586220e+42
9.070000e-15 1.311559e+21 1.720186e+42
9.080000e-15 1.359298e+21 1.847692e+42
9.090000e-15 1.402526e+21 1.967079e+42
9.100000e-15 1.441110e+21 2.076799e+42
9.110000e-15 1.474935e+21 2.175435e+42
9.120000e-15 1.503902e+21 2.261720e+42
9.130000e-15 1.527925e+21 2.334554e+42
9.140000e-15 1.546937e+21 2.393013e+42
9.150000e-15 1.560886e+21 2.436365e+42
9.160000e-15 1.569738e+21 2.464076e+42
9.170000e-15 1.573473e+21 2.475818e+42
9.180000e-15 1.572091e+21 2.471469e+42
9.190000e-15 1.565605e+21 2.451119e+42
9.200000e-15 1.554048e+21 2.415064e+42
9.210000e-15 1.537466e+21 2.363802e+42
9.220000e-15 1.515925e+21 2.298027e+42
9.230000e-15 1.489502e+21 2.218618e+42
9.240000e-15 1.458296e+21 2.126626e+42
9.250000e-15 1.422415e+21 2.023264e+42
9.260000e-15 1.381986e+21 1.909886e+42
9.270000e-15 1.337150e+21 1.787971e+42
9.280000e-15 1.288061e+21 1.659101e+42
9.290000e-15 1.234887e+21 1.524945e+42
9.300000e-15 1.177808e+21 1.387232e+42
9.310000e-15 1.117019e+21 1.247731e+42
9.320000e-15 1.052724e+21 1.108227e+42
9.330000e-15 9.851384e+20 9.704977e+41
9.340000e-15 9.144894e+20 8.362909e+41
9.350000e-15 8.410125e+20 7.073020e+41
9.360000e-15 7.649522e+20 5.851518e+41
9.370000e-15 6.865609e+20 4.713659e+41
9.380000e-15 6.060983e+20 3.673551e+41
9.390000e-15 5.238300e+20 2.743979e+41
9.400000e-15 4.400275e+20 1.936242e+41
9.410000e-15 3.549662e+20 1.260010e+41
9.420000e-15 2.689255e+20 7.232095e+40
9.430000e-15 1.821873e+20 3.319222e+40
9.440000e-15 9.503526e+19 9.031700e+39
9.450000e-15 7.753794e+18 6.012132e+37
9.460000e-15 -7.937269e+19 6.300024e+39
9.470000e-15 -1.660609e+20 2.757621e+40
9.480000e-15 -2.520294e+20 6.351881e+40
9.490000e-15 -3.369997e+20 1.135688e+41
9.500000e-15 -4.206971e+20 1.769861e+41
9.510000e-15 -5.028515e+20 2.528596e+41
9.520000e-15 -5.831983e+20 3.401203e+41
9.530000e-15 -6.614795e+20 4.375551e+41
9.540000e-15 -7.374439e+20 5.438235e+41
9.550000e-15 -8.108486e+20 6.574755e+41
9.560000e-15 -8.814595e+20 7.769709e+41
9.570000e-15 -9.490520e+20 9.006997e+41
9.580000e-15 -1.013412e+21 1.027003e+42
9.590000e-15 -1.074335e+21 1.154196e+42
9.600000e-15 -1.131630e+21 1.280587e+42
9.610000e-15 -1.185118e+21 1.404504e+42
9.620000e-15 -1.234630e+21 1.524312e+42
9.630000e-15 -1.280014e+21 1.638437e+42
9.640000e-15 -1.321130e+21 1.745385e+42
9.650000e-15 -1.357852e+21 1.843762e+42
9.660000e-15 -1.390068e+21 1.932289e+42
9.670000e-15 -1.417683e+21 2.009825e+42
9.680000e-15 -1.440615e+21 2.075371e+42
9.690000e-15 -1.458798e+21 2.128092e+42
9.700000e-15 -1.472183e+21 2.167323e+42
9.710000e-15 -1.480735e+21 2.192576e+42
9.720000e-15 -1.484436e+21 2.203550e+42
9.730000e-15 -1.483282e+21 2.200127e+42
9.740000e-15 -1.477288e+21 2.182381e+42
9.750000e-15 -1.466482e+21 2.150571e+42
9.760000e-15 -1.450909e+21 2.105138e+42
9.770000e-15 -1.430629e+21 2.046699e+42
9.780000e-15 -1.405717e+21 1.976040e+42
9.790000e-15 -1.376264e+21 1.894102e+42
9.800000e-15 -1.342374e+21 1.801968e+42
9.810000e-15 -1.304167e+21 1.700851e+42
9.820000e-15 -1.261776e+21 1.592079e+42
9.830000e-15 -1.215348e+21 1.477070e+42
9.840000e-15 -1.165041e+21 1.357322e+42
9.850000e-15 -1.111029e+21 1.234386e+42
9.860000e-15 -1.053495e+21 1.109851e+42
9.870000e-15 -9.926322e+20 9.853188e+41
9.880000e-15 -9.286477e+20 8.623865e+41
9.890000e-15 -8.617560e+20 7.426234e+41
9.900000e-15 -7.921814e+20 6.275513e+41
9.910000e-15 -7.201564e+20 5.186253e+41
9.920000e-15 -6.459214e+20 4.172144e+41
9.930000e-15 -5.697230e+20 3.245843e+41
9.940000e-15 -4.918144e+20 2.418814e+41
9.950000e-15 -4.124534e+20 1.701178e+41
9.960000e-15 -3.319025e+20 1.101593e+41
9.970000e-15 -2.504272e+20 6.271376e+40
9.980000e-15 -1.682957e+20 2.832344e+40
9.990000e-15 -8.577798e+19 7.357862e+39
1.000000e-14 -3.144616e+18 9.888612e+36
