0.000000e+00 nan nan
1.000000e-17 nan nan
2.000000e-17 nan nan
3.000000e-17 nan nan
4.000000e-17 -3.894378e+07 1.516618e+15
5.000000e-17 -3.622929e+08 1.312561e+17
6.000000e-17 -2.240204e+09 5.018512e+18
7.000000e-17 -1.044875e+10 1.091763e+20
8.000000e-17 -3.964477e+10 1.571708e+21
9.000000e-17 -1.284716e+11 1.650494e+22
1.000000e-16 -3.675963e+11 1.351271e+23
1.100000e-16 -9.510004e+11 9.044018e+23
1.200000e-16 -2.263822e+12 5.124890e+24
1.300000e-16 -5.024960e+12 2.525022e+25
1.400000e-16 -1.050853e+13 1.104291e+26
1.500000e-16 -2.087515e+13 4.357717e+26
1.600000e-16 -3.965201e+13 1.572282e+27
1.700000e-16 -7.240957e+13 5.243145e+27
1.800000e-16 -1.276927e+14 1.630541e+28
1.900000e-16 -2.182748e+14 4.764390e+28
2.000000e-16 -3.628164e+14 1.316358e+29
2.100000e-16 -5.880195e+14 3.457669e+29
2.200000e-16 -9.313859e+14 8.674796e+29
2.300000e-16 -1.444699e+15 2.087156e+30
2.400000e-16 -2.198364e+15 4.832806e+30
2.500000e-16 -3.286756e+15 1.080276e+31
2.600000e-16 -4.834734e+15 2.337465e+31
2.700000e-16 -7.005514e+15 4.907723e+31
2.800000e-16 -1.001007e+16 1.002016e+32
2.900000e-16 -1.411831e+16 1.993267e+32
3.000000e-16 -1.967216e+16 3.869939e+32
3.100000e-16 -2.710092e+16 7.344598e+32
3.200000e-16 -3.693899e+16 1.364489e+33
3.300000e-16 -4.984632e+16 2.484655e+33
3.400000e-16 -6.663179e+16 4.439795e+33
3.500000e-16 -8.827979e+16 7.793321e+33
3.600000e-16 -1.159803e+17 1.345142e+34
3.700000e-16 -1.511625e+17 2.285009e+34
3.800000e-16 -1.955328e+17 3.823306e+34
3.900000e-16 -2.511166e+17 6.305954e+34
4.000000e-16 -3.203050e+17 1.025953e+35
4.100000e-16 -4.059057e+17 1.647594e+35
4.200000e-16 -5.111995e+17 2.613249e+35
4.300000e-16 -6.400013e+17 4.096016e+35
4.400000e-16 -7.967265e+17 6.347732e+35
4.500000e-16 -9.864637e+17 9.731106e+35
4.600000e-16 -1.215051e+18 1.476350e+36
4.700000e-16 -1.489161e+18 2.217602e+36
4.800000e-16 -1.816388e+18 3.299266e+36
4.900000e-16 -2.205343e+18 4.863536e+36
5.000000e-16 -2.665752e+18 7.106236e+36
5.100000e-16 -3.208567e+18 1.029491e+37
5.200000e-16 -3.846071e+18 1.479226e+37
5.300000e-16 -4.591994e+18 2.108641e+37
5.400000e-16 -5.461640e+18 2.982951e+37
5.500000e-16 -6.472003e+18 4.188683e+37
5.600000e-16 -7.641906e+18 5.839872e+37
5.700000e-16 -8.992124e+18 8.085829e+37
5.800000e-16 -1.054553e+19 1.112081e+38
5.900000e-16 -1.232721e+19 1.519602e+38
6.000000e-16 -1.436465e+19 2.063433e+38
6.100000e-16 -1.668783e+19 2.784836e+38
6.200000e-16 -1.932937e+19 3.736244e+38
6.300000e-16 -2.232469e+19 4.983916e+38
6.400000e-16 -2.571214e+19 6.611141e+38
6.500000e-16 -2.953314e+19 8.722061e+38
6.600000e-16 -3.383228e+19 1.144623e+39
6.700000e-16 -3.865749e+19 1.494402e+39
6.800000e-16 -4.406013e+19 1.941295e+39
6.900000e-16 -5.009510e+19 2.509519e+39
7.000000e-16 -5.682095e+19 3.228621e+39
7.100000e-16 -6.429999e+19 4.134488e+39
7.200000e-16 -7.259831e+19 5.270515e+39
7.300000e-16 -8.178593e+19 6.688938e+39
7.400000e-16 -9.193676e+19 8.452369e+39
7.500000e-16 -1.031287e+20 1.063553e+40
7.600000e-16 -1.154437e+20 1.332724e+40
7.700000e-16 -1.289675e+20 1.663261e+40
7.800000e-16 -1.437900e+20 2.067555e+40
7.900000e-16 -1.600048e+20 2.560155e+40
8.000000e-16 -1.777097e+20 3.158074e+40
8.100000e-16 -1.970058e+20 3.881130e+40
8.200000e-16 -2.179982e+20 4.752320e+40
8.300000e-16 -2.407951e+20 5.798228e+40
8.400000e-16 -2.655083e+20 7.049467e+40
8.500000e-16 -2.922526e+20 8.541159e+40
8.600000e-16 -3.211456e+20 1.031345e+41
8.700000e-16 -3.523074e+20 1.241205e+41
8.800000e-16 -3.858606e+20 1.488884e+41
8.900000e-16 -4.219295e+20 1.780245e+41
9.000000e-16 -4.606402e+20 2.121894e+41
9.100000e-16 -5.021197e+20 2.521242e+41
9.200000e-16 -5.464959e+20 2.986578e+41
9.300000e-16 -5.938970e+20 3.527137e+41
9.400000e-16 -6.444509e+20 4.153169e+41
9.500000e-16 -6.982846e+20 4.876013e+41
9.600000e-16 -7.555240e+20 5.708165e+41
9.700000e-16 -8.162929e+20 6.663341e+41
9.800000e-16 -8.807127e+20 7.756549e+41
9.900000e-16 -9.489014e+20 9.004139e+41
1.000000e-15 -1.020973e+21 1.042387e+42
1.010000e-15 -1.097038e+21 1.203492e+42
1.020000e-15 -1.177200e+21 1.385800e+42
1.030000e-15 -1.261557e+21 1.591526e+42
1.040000e-15 -1.350201e+21 1.823043e+42
1.050000e-15 -1.443216e+21 2.082871e+42
1.060000e-15 -1.540676e+21 2.373684e+42
1.070000e-15 -1.642649e+21 2.698297e+42
1.080000e-15 -1.749191e+21 3.059669e+42
1.090000e-15 -1.860347e+21 3.460890e+42
1.100000e-15 -1.976150e+21 3.905170e+42
1.110000e-15 -2.096623e+21 4.395829e+42
1.120000e-15 -2.221774e+21 4.936279e+42
1.130000e-15 -2.351596e+21 5.530006e+42
1.140000e-15 -2.486071e+21 6.180548e+42
1.150000e-15 -2.625161e+21 6.891469e+42
1.160000e-15 -2.768815e+21 7.666334e+42
1.170000e-15 -2.916963e+21 8.508675e+42
1.180000e-15 -3.069521e+21 9.421959e+42
1.190000e-15 -3.226383e+21 1.040955e+43
1.200000e-15 -3.387427e+21 1.147466e+43
1.210000e-15 -3.552510e+21 1.262033e+43
1.220000e-15 -3.721472e+21 1.384935e+43
1.230000e-15 -3.894130e+21 1.516425e+43
1.240000e-15 -4.070284e+21 1.656721e+43
1.250000e-15 -4.249710e+21 1.806004e+43
1.260000e-15 -4.432167e+21 1.964411e+43
1.270000e-15 -4.617391e+21 2.132030e+43
1.280000e-15 -4.805098e+21 2.308896e+43
1.290000e-15 -4.994982e+21 2.494984e+43
1.300000e-15 -5.186718e+21 2.690205e+43
1.310000e-15 -5.379961e+21 2.894398e+43
1.320000e-15 -5.574344e+21 3.107331e+43
1.330000e-15 -5.769483e+21 3.328693e+43
1.340000e-15 -5.964972e+21 3.558089e+43
1.350000e-15 -6.160389e+21 3.795040e+43
1.360000e-15 -6.355294e+21 4.038976e+43
1.370000e-15 -6.549229e+21 4.289240e+43
1.380000e-15 -6.741721e+21 4.545080e+43
1.390000e-15 -6.932281e+21 4.805653e+43
1.400000e-15 -7.120408e+21 5.070021e+43
1.410000e-15 -7.305587e+21 5.337160e+43
1.420000e-15 -7.487291e+21 5.605953e+43
1.430000e-15 -7.664985e+21 5.875200e+43
1.440000e-15 -7.838125e+21 6.143621e+43
1.450000e-15 -8.006159e+21 6.409859e+43
1.460000e-15 -8.168532e+21 6.672491e+43
1.470000e-15 -8.324682e+21 6.930033e+43
1.480000e-15 -8.474050e+21 7.180952e+43
1.490000e-15 -8.616073e+21 7.423672e+43
1.500000e-15 -8.750194e+21 7.656589e+43
1.510000e-15 -8.875857e+21 7.878084e+43
1.520000e-15 -8.992515e+21 8.086532e+43
1.530000e-15 -9.099626e+21 8.280320e+43
1.540000e-15 -9.196663e+21 8.457861e+43
1.550000e-15 -9.283108e+21 8.617610e+43
1.560000e-15 -9.358460e+21 8.758078e+43
1.570000e-15 -9.422234e+21 8.877850e+43
1.580000e-15 -9.473965e+21 8.975600e+43
1.590000e-15 -9.513208e+21 9.050112e+43
1.600000e-15 -9.539544e+21 9.100289e+43
1.610000e-15 -9.552577e+21 9.125174e+43
1.620000e-15 -9.551943e+21 9.123962e+43
1.630000e-15 -9.537304e+21 9.096016e+43
1.640000e-15 -9.508355e+21 9.040882e+43
1.650000e-15 -9.464827e+21 8.958295e+43
1.660000e-15 -9.406484e+21 8.848195e+43
1.670000e-15 -9.333130e+21 8.710732e+43
1.680000e-15 -9.244607e+21 8.546275e+43
1.690000e-15 -9.140797e+21 8.355418e+43
1.700000e-15 -9.021627e+21 8.138976e+43
1.710000e-15 -8.887066e+21 7.897995e+43
1.720000e-15 -8.737128e+21 7.633741e+43
1.730000e-15 -8.571874e+21 7.347702e+43
1.740000e-15 -8.391410e+21 7.041575e+43
1.750000e-15 -8.195891e+21 6.717263e+43
1.760000e-15 -7.985521e+21 6.376854e+43
1.770000e-15 -7.760551e+21 6.022616e+43
1.780000e-15 -7.521284e+21 5.656971e+43
1.790000e-15 -7.268069e+21 5.282482e+43
1.800000e-15 -7.001304e+21 4.901826e+43
1.810000e-15 -6.721439e+21 4.517775e+43
1.820000e-15 -6.428970e+21 4.133165e+43
1.830000e-15 -6.124439e+21 3.750875e+43
1.840000e-15 -5.808438e+21 3.373795e+43
1.850000e-15 -5.481602e+21 3.004796e+43
1.860000e-15 -5.144612e+21 2.646704e+43
1.870000e-15 -4.798192e+21 2.302264e+43
1.880000e-15 -4.443105e+21 1.974118e+43
1.890000e-15 -4.080155e+21 1.664766e+43
1.900000e-15 -3.710183e+21 1.376546e+43
1.910000e-15 -3.334066e+21 1.111600e+43
1.920000e-15 -2.952712e+21 8.718511e+42
1.930000e-15 -2.567061e+21 6.589800e+42
1.940000e-15 -2.178077e+21 4.744020e+42
1.950000e-15 -1.786753e+21 3.192485e+42
1.960000e-15 -1.394099e+21 1.943512e+42
1.970000e-15 -1.001147e+21 1.002295e+42
1.980000e-15 -6.089406e+20 3.708086e+41
1.990000e-15 -2.185373e+20 4.775855e+40
2.000000e-15 1.689987e+20 2.856056e+40
2.010000e-15 5.525987e+20 3.053653e+41
2.020000e-15 9.311934e+20 8.671211e+41
2.030000e-15 1.303717e+21 1.699677e+42
2.040000e-15 1.669109e+21 2.785926e+42
2.050000e-15 2.026324e+21 4.105987e+42
2.060000e-15 2.374326e+21 5.637422e+42
2.070000e-15 2.712101e+21 7.355491e+42
2.080000e-15 3.038657e+21 9.233437e+42
2.090000e-15 3.353029e+21 1.124280e+43
2.100000e-15 3.654279e+21 1.335376e+43
2.110000e-15 3.941508e+21 1.553549e+43
2.120000e-15 4.213850e+21 1.775654e+43
2.130000e-15 4.470483e+21 1.998522e+43
2.140000e-15 4.710629e+21 2.219003e+43
2.150000e-15 4.933557e+21 2.433998e+43
2.160000e-15 5.138587e+21 2.640508e+43
2.170000e-15 5.325096e+21 2.835664e+43
2.180000e-15 5.492515e+21 3.016772e+43
2.190000e-15 5.640336e+21 3.181339e+43
2.200000e-15 5.768114e+21 3.327114e+43
2.210000e-15 5.875467e+21 3.452111e+43
2.220000e-15 5.962081e+21 3.554641e+43
2.230000e-15 6.027711e+21 3.633330e+43
2.240000e-15 6.072179e+21 3.687135e+43
2.250000e-15 6.095381e+21 3.715367e+43
2.260000e-15 6.097285e+21 3.717689e+43
2.270000e-15 6.077932e+21 3.694126e+43
2.280000e-15 6.037437e+21 3.645064e+43
2.290000e-15 5.975987e+21 3.571242e+43
2.300000e-15 5.893845e+21 3.473740e+43
2.310000e-15 5.791346e+21 3.353969e+43
2.320000e-15 5.668900e+21 3.213643e+43
2.330000e-15 5.526986e+21 3.054758e+43
2.340000e-15 5.366156e+21 2.879563e+43
2.350000e-15 5.187029e+21 2.690527e+43
2.360000e-15 4.990292e+21 2.490301e+43
2.370000e-15 4.776697e+21 2.281684e+43
2.380000e-15 4.547060e+21 2.067576e+43
2.390000e-15 4.302255e+21 1.850940e+43
2.400000e-15 4.043214e+21 1.634758e+43
2.410000e-15 3.770922e+21 1.421985e+43
2.420000e-15 3.486417e+21 1.215510e+43
2.430000e-15 3.190780e+21 1.018108e+43
2.440000e-15 2.885138e+21 8.324019e+42
2.450000e-15 2.570655e+21 6.608265e+42
2.460000e-15 2.248530e+21 5.055887e+42
2.470000e-15 1.919993e+21 3.686372e+42
2.480000e-15 1.586297e+21 2.516339e+42
2.490000e-15 1.248719e+21 1.559300e+42
2.500000e-15 9.085498e+20 8.254627e+41
2.510000e-15 5.670903e+20 3.215915e+41
2.520000e-15 2.256489e+20 5.091742e+40
2.530000e-15 -1.144662e+20 1.310251e+40
2.540000e-15 -4.519509e+20 2.042597e+41
2.550000e-15 -7.855110e+20 6.170276e+41
2.560000e-15 -1.113867e+21 1.240699e+42
2.570000e-15 -1.435759e+21 2.061403e+42
2.580000e-15 -1.749952e+21 3.062331e+42
2.590000e-15 -2.055242e+21 4.224018e+42
2.600000e-15 -2.350458e+21 5.524652e+42
2.610000e-15 -2.634471e+21 6.940436e+42
2.620000e-15 -2.906194e+21 8.445965e+42
2.630000e-15 -3.164591e+21 1.001464e+43
2.640000e-15 -3.408678e+21 1.161909e+43
2.650000e-15 -3.637528e+21 1.323161e+43
2.660000e-15 -3.850275e+21 1.482462e+43
2.670000e-15 -4.046120e+21 1.637109e+43
2.680000e-15 -4.224330e+21 1.784496e+43
2.690000e-15 -4.384244e+21 1.922160e+43
2.700000e-15 -4.525276e+21 2.047812e+43
2.710000e-15 -4.646915e+21 2.159382e+43
2.720000e-15 -4.748733e+21 2.255046e+43
2.730000e-15 -4.830378e+21 2.333255e+43
2.740000e-15 -4.891584e+21 2.392760e+43
2.750000e-15 -4.932169e+21 2.432629e+43
2.760000e-15 -4.952034e+21 2.452264e+43
2.770000e-15 -4.951167e+21 2.451405e+43
2.780000e-15 -4.929640e+21 2.430135e+43
2.790000e-15 -4.887612e+21 2.388875e+43
2.800000e-15 -4.825325e+21 2.328376e+43
2.810000e-15 -4.743107e+21 2.249706e+43
2.820000e-15 -4.641368e+21 2.154229e+43
2.830000e-15 -4.520598e+21 2.043580e+43
2.840000e-15 -4.381367e+21 1.919637e+43
2.850000e-15 -4.224321e+21 1.784489e+43
2.860000e-15 -4.050183e+21 1.640398e+43
2.870000e-15 -3.859742e+21 1.489761e+43
2.880000e-15 -3.653860e+21 1.335069e+43
2.890000e-15 -3.433460e+21 1.178865e+43
2.900000e-15 -3.199527e+21 1.023697e+43
2.910000e-15 -2.953100e+21 8.720801e+42
2.920000e-15 -2.695273e+21 7.264497e+42
2.930000e-15 -2.427185e+21 5.891225e+42
2.940000e-15 -2.150017e+21 4.622572e+42
2.950000e-15 -1.864988e+21 3.478180e+42
2.960000e-15 -1.573349e+21 2.475428e+42
2.970000e-15 -1.276378e+21 1.629141e+42
2.980000e-15 -9.753728e+20 9.513522e+41
2.990000e-15 -6.716474e+20 4.511103e+41
3.000000e-15 -3.665254e+20 1.343409e+41
3.010000e-15 -6.133445e+19 3.761915e+39
3.020000e-15 2.425997e+20 5.885464e+40
3.030000e-15 5.439590e+20 2.958914e+41
3.040000e-15 8.414384e+20 7.080185e+41
3.050000e-15 1.133752e+21 1.285394e+42
3.060000e-15 1.419639e+21 2.015376e+42
3.070000e-15 1.697869e+21 2.882759e+42
3.080000e-15 1.967246e+21 3.870056e+42
3.090000e-15 2.226616e+21 4.957818e+42
3.100000e-15 2.474871e+21 6.124985e+42
3.110000e-15 2.710953e+21 7.349265e+42
3.120000e-15 2.933861e+21 8.607538e+42
3.130000e-15 3.142652e+21 9.876262e+42
3.140000e-15 3.336450e+21 1.113190e+43
3.150000e-15 3.514444e+21 1.235131e+43
3.160000e-15 3.675896e+21 1.351221e+43
3.170000e-15 3.820144e+21 1.459350e+43
3.180000e-15 3.946601e+21 1.557566e+43
3.190000e-15 4.054764e+21 1.644111e+43
3.200000e-15 4.144209e+21 1.717446e+43
3.210000e-15 4.214598e+21 1.776284e+43
3.220000e-15 4.265680e+21 1.819603e+43
3.230000e-15 4.297290e+21 1.846671e+43
3.240000e-15 4.309351e+21 1.857051e+43
3.250000e-15 4.301873e+21 1.850611e+43
3.260000e-15 4.274955e+21 1.827524e+43
3.270000e-15 4.228783e+21 1.788261e+43
3.280000e-15 4.163630e+21 1.733581e+43
3.290000e-15 4.079853e+21 1.664520e+43
3.300000e-15 3.977894e+21 1.582364e+43
3.310000e-15 3.858276e+21 1.488629e+43
3.320000e-15 3.721600e+21 1.385030e+43
3.330000e-15 3.568544e+21 1.273450e+43
3.340000e-15 3.399859e+21 1.155904e+43
3.350000e-15 3.216366e+21 1.034501e+43
3.360000e-15 3.018951e+21 9.114065e+42
3.370000e-15 2.808562e+21 7.888021e+42
3.380000e-15 2.586205e+21 6.688454e+42
3.390000e-15 2.352936e+21 5.536308e+42
3.400000e-15 2.109862e+21 4.451518e+42
3.410000e-15 1.858131e+21 3.452650e+42
3.420000e-15 1.598927e+21 2.556568e+42
3.430000e-15 1.333468e+21 1.778138e+42
3.440000e-15 1.062997e+21 1.129963e+42
3.450000e-15 7.887778e+20 6.221704e+41
3.460000e-15 5.120874e+20 2.622335e+41
3.470000e-15 2.342128e+20 5.485562e+40
3.480000e-15 -4.355713e+19 1.897224e+39
3.490000e-15 -3.199366e+20 1.023594e+41
3.500000e-15 -5.936492e+20 3.524193e+41
3.510000e-15 -8.634338e+20 7.455179e+41
3.520000e-15 -1.128050e+21 1.272498e+42
3.530000e-15 -1.386286e+21 1.921789e+42
3.540000e-15 -1.636959e+21 2.679636e+42
3.550000e-15 -1.878928e+21 3.530371e+42
3.560000e-15 -2.111092e+21 4.456711e+42
3.570000e-15 -2.332401e+21 5.440092e+42
3.580000e-15 -2.541854e+21 6.461024e+42
3.590000e-15 -2.738513e+21 7.499455e+42
3.600000e-15 -2.921499e+21 8.535155e+42
3.610000e-15 -3.089998e+21 9.548087e+42
3.620000e-15 -3.243268e+21 1.051879e+43
3.630000e-15 -3.380640e+21 1.142873e+43
3.640000e-15 -3.501520e+21 1.226064e+43
3.650000e-15 -3.605393e+21 1.299886e+43
3.660000e-15 -3.691827e+21 1.362958e+43
3.670000e-15 -3.760470e+21 1.414114e+43
3.680000e-15 -3.811058e+21 1.452416e+43
3.690000e-15 -3.843411e+21 1.477181e+43
3.700000e-15 -3.857434e+21 1.487980e+43
3.710000e-15 -3.853123e+21 1.484656e+43
3.720000e-15 -3.830556e+21 1.467316e+43
3.730000e-15 -3.789901e+21 1.436335e+43
3.740000e-15 -3.731408e+21 1.392340e+43
3.750000e-15 -3.655414e+21 1.336205e+43
3.760000e-15 -3.562335e+21 1.269023e+43
3.770000e-15 -3.452671e+21 1.192094e+43
3.780000e-15 -3.326996e+21 1.106890e+43
3.790000e-15 -3.185960e+21 1.015034e+43
3.800000e-15 -3.030285e+21 9.182627e+42
3.810000e-15 -2.860761e+21 8.183951e+42
3.820000e-15 -2.678240e+21 7.172972e+42
3.830000e-15 -2.483638e+21 6.168458e+42
3.840000e-15 -2.277922e+21 5.188930e+42
3.850000e-15 -2.062113e+21 4.252308e+42
3.860000e-15 -1.837275e+21 3.375578e+42
3.870000e-15 -1.604514e+21 2.574466e+42
3.880000e-15 -1.364972e+21 1.863149e+42
3.890000e-15 -1.119820e+21 1.253996e+42
3.900000e-15 -8.702512e+20 7.573371e+41
3.910000e-15 -6.174795e+20 3.812810e+41
3.920000e-15 -3.627301e+20 1.315731e+41
3.930000e-15 -1.072345e+20 1.149924e+40
3.940000e-15 1.477751e+20 2.183748e+40
3.950000e-15 4.010720e+20 1.608587e+41
3.960000e-15 6.514408e+20 4.243751e+41
3.970000e-15 8.976834e+20 8.058354e+41
3.980000e-15 1.138624e+21 1.296466e+42
3.990000e-15 1.373117e+21 1.885451e+42
4.000000e-15 1.600050e+21 2.560159e+42
4.010000e-15 1.818348e+21 3.306389e+42
4.020000e-15 2.026983e+21 4.108662e+42
4.030000e-15 2.224977e+21 4.950522e+42
4.040000e-15 2.411403e+21 5.814864e+42
4.050000e-15 2.585395e+21 6.684266e+42
4.060000e-15 2.746148e+21 7.541329e+42
4.070000e-15 2.892925e+21 8.369013e+42
4.080000e-15 3.025056e+21 9.150965e+42
4.090000e-15 3.141947e+21 9.871834e+42
4.100000e-15 3.243079e+21 1.051756e+43
4.110000e-15 3.328008e+21 1.107563e+43
4.120000e-15 3.396373e+21 1.153535e+43
4.130000e-15 3.447894e+21 1.188798e+43
4.140000e-15 3.482375e+21 1.212693e+43
4.150000e-15 3.499700e+21 1.224790e+43
4.160000e-15 3.499841e+21 1.224888e+43
4.170000e-15 3.482851e+21 1.213025e+43
4.180000e-15 3.448868e+21 1.189469e+43
4.190000e-15 3.398114e+21 1.154718e+43
4.200000e-15 3.330890e+21 1.109483e+43
4.210000e-15 3.247578e+21 1.054676e+43
4.220000e-15 3.148637e+21 9.913913e+42
4.230000e-15 3.034602e+21 9.208811e+42
4.240000e-15 2.906082e+21 8.445313e+42
4.250000e-15 2.763753e+21 7.638332e+42
4.260000e-15 2.608359e+21 6.803535e+42
4.270000e-15 2.440704e+21 5.957036e+42
4.280000e-15 2.261652e+21 5.115071e+42
4.290000e-15 2.072121e+21 4.293687e+42
4.300000e-15 1.873077e+21 3.508417e+42
4.310000e-15 1.665530e+21 2.773991e+42
4.320000e-15 1.450531e+21 2.104040e+42
4.330000e-15 1.229163e+21 1.510842e+42
4.340000e-15 1.002539e+21 1.005084e+42
4.350000e-15 7.717940e+20 5.956659e+41
4.360000e-15 5.380809e+20 2.895310e+41
4.370000e-15 3.025641e+20 9.154501e+40
4.380000e-15 6.641377e+19 4.410788e+39
4.390000e-15 -1.691997e+20 2.862855e+40
4.400000e-15 -4.031120e+20 1.624993e+41
4.410000e-15 -6.341699e+20 4.021715e+41
4.420000e-15 -8.612377e+20 7.417303e+41
4.430000e-15 -1.083202e+21 1.173327e+42
4.440000e-15 -1.298979e+21 1.687346e+42
4.450000e-15 -1.507516e+21 2.272605e+42
4.460000e-15 -1.707801e+21 2.916586e+42
4.470000e-15 -1.898866e+21 3.605692e+42
4.480000e-15 -2.079789e+21 4.325523e+42
4.490000e-15 -2.249703e+21 5.061164e+42
4.500000e-15 -2.407797e+21 5.797488e+42
4.510000e-15 -2.553322e+21 6.519453e+42
4.520000e-15 -2.685592e+21 7.212402e+42
4.530000e-15 -2.803989e+21 7.862354e+42
4.540000e-15 -2.907967e+21 8.456274e+42
4.550000e-15 -2.997053e+21 8.982327e+42
4.560000e-15 -3.070848e+21 9.430110e+42
4.570000e-15 -3.129033e+21 9.790846e+42
4.580000e-15 -3.171364e+21 1.005755e+43
4.590000e-15 -3.197681e+21 1.022516e+43
4.600000e-15 -3.207900e+21 1.029062e+43
4.610000e-15 -3.202022e+21 1.025294e+43
4.620000e-15 -3.180125e+21 1.011320e+43
4.630000e-15 -3.142370e+21 9.874489e+42
4.640000e-15 -3.088993e+21 9.541881e+42
4.650000e-15 -3.020312e+21 9.122285e+42
4.660000e-15 -2.936717e+21 8.624307e+42
4.670000e-15 -2.838674e+21 8.058069e+42
4.680000e-15 -2.726719e+21 7.434996e+42
4.690000e-15 -2.601457e+21 6.767577e+42
4.700000e-15 -2.463557e+21 6.069114e+42
4.710000e-15 -2.313752e+21 5.353448e+42
4.720000e-15 -2.152830e+21 4.634678e+42
4.730000e-15 -1.981635e+21 3.926878e+42
4.740000e-15 -1.801059e+21 3.243813e+42
4.750000e-15 -1.612039e+21 2.598669e+42
4.760000e-15 -1.415552e+21 2.003788e+42
4.770000e-15 -1.212611e+21 1.470425e+42
4.780000e-15 -1.004257e+21 1.008532e+42
4.790000e-15 -7.915562e+20 6.265613e+41
4.800000e-15 -5.755948e+20 3.313093e+41
4.810000e-15 -3.574713e+20 1.277857e+41
4.820000e-15 -1.382927e+20 1.912487e+40
4.830000e-15 8.083173e+19 6.533768e+39
4.840000e-15 2.987959e+20 8.927901e+40
4.850000e-15 5.145027e+20 2.647130e+41
4.860000e-15 7.268690e+20 5.283386e+41
4.870000e-15 9.348318e+20 8.739104e+41
4.880000e-15 1.137353e+21 1.293571e+42
4.890000e-15 1.333424e+21 1.778021e+42
4.900000e-15 1.522074e+21 2.316709e+42
4.910000e-15 1.702369e+21 2.898060e+42
4.920000e-15 1.873422e+21 3.509709e+42
4.930000e-15 2.034394e+21 4.138759e+42
4.940000e-15 2.184500e+21 4.772042e+42
4.950000e-15 2.323013e+21 5.396389e+42
4.960000e-15 2.449264e+21 5.998894e+42
4.970000e-15 2.562650e+21 6.567175e+42
4.980000e-15 2.662635e+21 7.089623e+42
4.990000e-15 2.748750e+21 7.555628e+42
5.000000e-15 2.820602e+21 7.955794e+42
5.010000e-15 2.877866e+21 8.282115e+42
5.020000e-15 2.920297e+21 8.528137e+42
5.030000e-15 2.947723e+21 8.689072e+42
5.040000e-15 2.960050e+21 8.761893e+42
5.050000e-15 2.957259e+21 8.745380e+42
5.060000e-15 2.939410e+21 8.640133e+42
5.070000e-15 2.906640e+21 8.448556e+42
5.080000e-15 2.859159e+21 8.174792e+42
5.090000e-15 2.797254e+21 7.824629e+42
5.100000e-15 2.721282e+21 7.405377e+42
5.110000e-15 2.631673e+21 6.925704e+42
5.120000e-15 2.528925e+21 6.395460e+42
5.130000e-15 2.413600e+21 5.825463e+42
5.140000e-15 2.286324e+21 5.227276e+42
5.150000e-15 2.147782e+21 4.612968e+42
5.160000e-15 1.998715e+21 3.994863e+42
5.170000e-15 1.839916e+21 3.385291e+42
5.180000e-15 1.672224e+21 2.796335e+42
5.190000e-15 1.496524e+21 2.239583e+42
5.200000e-15 1.313735e+21 1.725901e+42
5.210000e-15 1.124815e+21 1.265210e+42
5.220000e-15 9.307482e+20 8.662922e+41
5.230000e-15 7.325419e+20 5.366177e+41
5.240000e-15 5.312233e+20 2.821982e+41
5.250000e-15 3.278321e+20 1.074739e+41
5.260000e-15 1.234163e+20 1.523159e+40
5.270000e-15 -8.097388e+19 6.556769e+39
5.280000e-15 -2.842911e+20 8.082145e+40
5.290000e-15 -4.854963e+20 2.357067e+41
5.300000e-15 -6.835638e+20 4.672595e+41
5.310000e-15 -8.774869e+20 7.699833e+41
5.320000e-15 -1.066283e+21 1.136959e+42
5.330000e-15 -1.248997e+21 1.559993e+42
5.340000e-15 -1.424710e+21 2.029797e+42
5.350000e-15 -1.592538e+21 2.536179e+42
5.360000e-15 -1.751645e+21 3.068259e+42
5.370000e-15 -1.901235e+21 3.614696e+42
5.380000e-15 -2.040570e+21 4.163926e+42
5.390000e-15 -2.168961e+21 4.704394e+42
5.400000e-15 -2.285781e+21 5.224796e+42
5.410000e-15 -2.390462e+21 5.714308e+42
5.420000e-15 -2.482500e+21 6.162805e+42
5.430000e-15 -2.561458e+21 6.561065e+42
5.440000e-15 -2.626967e+21 6.900954e+42
5.450000e-15 -2.678728e+21 7.175585e+42
5.460000e-15 -2.716515e+21 7.379456e+42
5.470000e-15 -2.740173e+21 7.508549e+42
5.480000e-15 -2.749620e+21 7.560412e+42
5.490000e-15 -2.744849e+21 7.534197e+42
5.500000e-15 -2.725925e+21 7.430665e+42
5.510000e-15 -2.692985e+21 7.252167e+42
5.520000e-15 -2.646240e+21 7.002585e+42
5.530000e-15 -2.585970e+21 6.687242e+42
5.540000e-15 -2.512526e+21 6.312786e+42
5.550000e-15 -2.426323e+21 5.887044e+42
5.560000e-15 -2.327844e+21 5.418857e+42
5.570000e-15 -2.217631e+21 4.917889e+42
5.580000e-15 -2.096289e+21 4.394426e+42
5.590000e-15 -1.964474e+21 3.859160e+42
5.600000e-15 -1.822900e+21 3.322963e+42
5.610000e-15 -1.672324e+21 2.796668e+42
5.620000e-15 -1.513552e+21 2.290840e+42
5.630000e-15 -1.347428e+21 1.815563e+42
5.640000e-15 -1.174833e+21 1.380232e+42
5.650000e-15 -9.966776e+20 9.933662e+41
5.660000e-15 -8.139005e+20 6.624340e+41
5.670000e-15 -6.274611e+20 3.937074e+41
5.680000e-15 -4.383354e+20 1.921379e+41
5.690000e-15 -2.475109e+20 6.126163e+40
5.700000e-15 -5.598114e+19 3.133888e+39
5.710000e-15 1.352590e+20 1.829500e+40
5.720000e-15 3.252188e+20 1.057673e+41
5.730000e-15 5.129167e+20 2.630836e+41
5.740000e-15 6.973855e+20 4.863465e+41
5.750000e-15 8.776770e+20 7.703169e+41
5.760000e-15 1.052867e+21 1.108529e+42
5.770000e-15 1.222061e+21 1.493433e+42
5.780000e-15 1.384397e+21 1.916554e+42
5.790000e-15 1.539050e+21 2.368675e+42
5.800000e-15 1.685239e+21 2.840031e+42
5.810000e-15 1.822228e+21 3.320515e+42
5.820000e-15 1.949330e+21 3.799889e+42
5.830000e-15 2.065913e+21 4.267996e+42
5.840000e-15 2.171398e+21 4.714970e+42
5.850000e-15 2.265269e+21 5.131443e+42
5.860000e-15 2.347068e+21 5.508730e+42
5.870000e-15 2.416404e+21 5.839010e+42
5.880000e-15 2.472951e+21 6.115485e+42
5.890000e-15 2.516448e+21 6.332511e+42
5.900000e-15 2.546706e+21 6.485710e+42
5.910000e-15 2.563603e+21 6.572059e+42
5.920000e-15 2.567087e+21 6.589938e+42
5.930000e-15 2.557179e+21 6.539162e+42
5.940000e-15 2.533964e+21 6.420975e+42
5.950000e-15 2.497602e+21 6.238015e+42
5.960000e-15 2.448317e+21 5.994256e+42
5.970000e-15 2.386402e+21 5.694912e+42
5.980000e-15 2.312213e+21 5.346328e+42
5.990000e-15 2.226171e+21 4.955838e+42
6.000000e-15 2.128758e+21 4.531609e+42
6.010000e-15 2.020511e+21 4.082467e+42
6.020000e-15 1.902027e+21 3.617706e+42
6.030000e-15 1.773950e+21 3.146897e+42
6.040000e-15 1.636975e+21 2.679687e+42
6.050000e-15 1.491842e+21 2.225592e+42
6.060000e-15 1.339330e+21 1.793805e+42
6.070000e-15 1.180257e+21 1.393006e+42
6.080000e-15 1.015470e+21 1.031179e+42
6.090000e-15 8.458470e+20 7.154572e+41
6.100000e-15 6.722870e+20 4.519698e+41
6.110000e-15 4.957079e+20 2.457263e+41
6.120000e-15 3.170412e+20 1.005151e+41
6.130000e-15 1.372267e+20 1.883117e+40
6.140000e-15 -4.279184e+19 1.831142e+39
6.150000e-15 -2.220721e+20 4.931603e+40
6.160000e-15 -3.996780e+20 1.597425e+41
6.170000e-15 -5.746845e+20 3.302623e+41
6.180000e-15 -7.461824e+20 5.567881e+41
6.190000e-15 -9.132831e+20 8.340861e+41
6.200000e-15 -1.075123e+21 1.155890e+42
6.210000e-15 -1.230870e+21 1.515040e+42
6.220000e-15 -1.379722e+21 1.903633e+42
6.230000e-15 -1.520919e+21 2.313195e+42
6.240000e-15 -1.653741e+21 2.734861e+42
6.250000e-15 -1.777515e+21 3.159558e+42
6.260000e-15 -1.891614e+21 3.578204e+42
6.270000e-15 -1.995467e+21 3.981889e+42
6.280000e-15 -2.088556e+21 4.362066e+42
6.290000e-15 -2.170421e+21 4.710727e+42
6.300000e-15 -2.240662e+21 5.020567e+42
6.310000e-15 -2.298942e+21 5.285132e+42
6.320000e-15 -2.344985e+21 5.498954e+42
6.330000e-15 -2.378583e+21 5.657656e+42
6.340000e-15 -2.399591e+21 5.758038e+42
6.350000e-15 -2.407933e+21 5.798141e+42
6.360000e-15 -2.403598e+21 5.777281e+42
6.370000e-15 -2.386641e+21 5.696055e+42
6.380000e-15 -2.357185e+21 5.556320e+42
6.390000e-15 -2.315417e+21 5.361156e+42
6.400000e-15 -2.261589e+21 5.114784e+42
6.410000e-15 -2.196015e+21 4.822480e+42
6.420000e-15 -2.119070e+21 4.490457e+42
6.430000e-15 -2.031188e+21 4.125726e+42
6.440000e-15 -1.932861e+21 3.735950e+42
6.450000e-15 -1.824631e+21 3.329279e+42
6.460000e-15 -1.707095e+21 2.914172e+42
6.470000e-15 -1.580894e+21 2.499225e+42
6.480000e-15 -1.446715e+21 2.092983e+42
6.490000e-15 -1.305284e+21 1.703767e+42
6.500000e-15 -1.157365e+21 1.339495e+42
6.510000e-15 -1.003754e+21 1.007521e+42
6.520000e-15 -8.452725e+20 7.144857e+41
6.530000e-15 -6.827690e+20 4.661735e+41
6.540000e-15 -5.171091e+20 2.674019e+41
6.550000e-15 -3.491737e+20 1.219223e+41
6.560000e-15 -1.798533e+20 3.234722e+40
6.570000e-15 -1.004358e+19 1.008736e+38
6.580000e-15 1.593594e+20 2.539541e+40
6.590000e-15 3.274638e+20 1.072325e+41
6.600000e-15 4.933867e+20 2.434305e+41
6.610000e-15 6.562591e+20 4.306760e+41
6.620000e-15 8.152298e+20 6.645997e+41
6.630000e-15 9.694705e+20 9.398731e+41
6.640000e-15 1.118180e+21 1.250326e+42
6.650000e-15 1.260587e+21 1.589079e+42
6.660000e-15 1.395957e+21 1.948695e+42
6.670000e-15 1.523593e+21 2.321335e+42
6.680000e-15 1.642841e+21 2.698927e+42
6.690000e-15 1.753093e+21 3.073337e+42
6.700000e-15 1.853791e+21 3.436540e+42
6.710000e-15 1.944425e+21 3.780789e+42
6.720000e-15 2.024544e+21 4.098777e+42
6.730000e-15 2.093750e+21 4.383787e+42
6.740000e-15 2.151705e+21 4.629835e+42
6.750000e-15 2.198132e+21 4.831785e+42
6.760000e-15 2.232814e+21 4.985460e+42
6.770000e-15 2.255598e+21 5.087724e+42
6.780000e-15 2.266393e+21 5.136538e+42
6.790000e-15 2.265172e+21 5.131005e+42
6.800000e-15 2.251972e+21 5.071376e+42
6.810000e-15 2.226891e+21 4.959045e+42
6.820000e-15 2.190094e+21 4.796511e+42
6.830000e-15 2.141803e+21 4.587320e+42
6.840000e-15 2.082303e+21 4.335985e+42
6.850000e-15 2.011936e+21 4.047887e+42
6.860000e-15 1.931102e+21 3.729155e+42
6.870000e-15 1.840255e+21 3.386538e+42
6.880000e-15 1.739900e+21 3.027251e+42
6.890000e-15 1.630592e+21 2.658829e+42
6.900000e-15 1.512931e+21 2.288961e+42
6.910000e-15 1.387563e+21 1.925330e+42
6.920000e-15 1.255169e+21 1.575448e+42
6.930000e-15 1.116467e+21 1.246499e+42
6.940000e-15 9.722093e+20 9.451909e+41
6.950000e-15 8.231723e+20 6.776126e+41
6.960000e-15 6.701577e+20 4.491113e+41
6.970000e-15 5.139860e+20 2.641816e+41
6.980000e-15 3.554926e+20 1.263750e+41
6.990000e-15 1.955232e+20 3.822931e+40
7.000000e-15 3.492924e+19 1.220052e+39
7.010000e-15 -1.254363e+20 1.573427e+40
7.020000e-15 -2.847239e+20 8.106769e+40
7.030000e-15 -4.420915e+20 1.954449e+41
7.040000e-15 -5.967092e+20 3.560619e+41
7.050000e-15 -7.477638e+20 5.591507e+41
7.060000e-15 -8.944627e+20 8.000636e+41
7.070000e-15 -1.036038e+21 1.073376e+42
7.080000e-15 -1.171752e+21 1.373003e+42
7.090000e-15 -1.300898e+21 1.692335e+42
7.100000e-15 -1.422807e+21 2.024379e+42
7.110000e-15 -1.536849e+21 2.361904e+42
7.120000e-15 -1.642438e+21 2.697602e+42
7.130000e-15 -1.739034e+21 3.024240e+42
7.140000e-15 -1.826147e+21 3.334811e+42
7.150000e-15 -1.903335e+21 3.622685e+42
7.160000e-15 -1.970215e+21 3.881746e+42
7.170000e-15 -2.026454e+21 4.106517e+42
7.180000e-15 -2.071781e+21 4.292276e+42
7.190000e-15 -2.105980e+21 4.435154e+42
7.200000e-15 -2.128898e+21 4.532206e+42
7.210000e-15 -2.140439e+21 4.581477e+42
7.220000e-15 -2.140569e+21 4.582034e+42
7.230000e-15 -2.129315e+21 4.533981e+42
7.240000e-15 -2.106764e+21 4.438455e+42
7.250000e-15 -2.073064e+21 4.297593e+42
7.260000e-15 -2.028420e+21 4.114486e+42
7.270000e-15 -1.973095e+21 3.893105e+42
7.280000e-15 -1.907410e+21 3.638215e+42
7.290000e-15 -1.831739e+21 3.355269e+42
7.300000e-15 -1.746509e+21 3.050292e+42
7.310000e-15 -1.652194e+21 2.729745e+42
7.320000e-15 -1.549319e+21 2.400390e+42
7.330000e-15 -1.438452e+21 2.069144e+42
7.340000e-15 -1.320201e+21 1.742931e+42
7.350000e-15 -1.195214e+21 1.428537e+42
7.360000e-15 -1.064172e+21 1.132462e+42
7.370000e-15 -9.277862e+20 8.607872e+41
7.380000e-15 -7.867960e+20 6.190480e+41
7.390000e-15 -6.419630e+20 4.121164e+41
7.400000e-15 -4.940673e+20 2.441025e+41
7.410000e-15 -3.439039e+20 1.182699e+41
7.420000e-15 -1.922780e+20 3.697083e+40
7.430000e-15 -4.000060e+19 1.600048e+39
7.440000e-15 1.121155e+20 1.256989e+40
7.450000e-15 2.632603e+20 6.930599e+40
7.460000e-15 4.126307e+20 1.702641e+41
7.470000e-15 5.594349e+20 3.129674e+41
7.480000e-15 7.028965e+20 4.940635e+41
7.490000e-15 8.422589e+20 7.094000e+41
7.500000e-15 9.767886e+20 9.541160e+41
7.510000e-15 1.105780e+21 1.222749e+42
7.520000e-15 1.228558e+21 1.509355e+42
7.530000e-15 1.344483e+21 1.807634e+42
7.540000e-15 1.452952e+21 2.111070e+42
7.550000e-15 1.553405e+21 2.413067e+42
7.560000e-15 1.645324e+21 2.707092e+42
7.570000e-15 1.728239e+21 2.986812e+42
7.580000e-15 1.801729e+21 3.246228e+42
7.590000e-15 1.865424e+21 3.479805e+42
7.600000e-15 1.919005e+21 3.682581e+42
7.610000e-15 1.962212e+21 3.850276e+42
7.620000e-15 1.994837e+21 3.979375e+42
7.630000e-15 2.016731e+21 4.067205e+42
7.640000e-15 2.027802e+21 4.111981e+42
7.650000e-15 2.028016e+21 4.112849e+42
7.660000e-15 2.017397e+21 4.069889e+42
7.670000e-15 1.996026e+21 3.984119e+42
7.680000e-15 1.964042e+21 3.857463e+42
7.690000e-15 1.921642e+21 3.692708e+42
7.700000e-15 1.869075e+21 3.493441e+42
7.710000e-15 1.806645e+21 3.263967e+42
7.720000e-15 1.734709e+21 3.009217e+42
7.730000e-15 1.653673e+21 2.734635e+42
7.740000e-15 1.563991e+21 2.446068e+42
7.750000e-15 1.466161e+21 2.149629e+42
7.760000e-15 1.360726e+21 1.851576e+42
7.770000e-15 1.248266e+21 1.558168e+42
7.780000e-15 1.129398e+21 1.275541e+42
7.790000e-15 1.004773e+21 1.009569e+42
7.800000e-15 8.750696e+20 7.657468e+41
7.810000e-15 7.409929e+20 5.490705e+41
7.820000e-15 6.032699e+20 3.639346e+41
7.830000e-15 4.626453e+20 2.140407e+41
7.840000e-15 3.198778e+20 1.023218e+41
7.850000e-15 1.757358e+20 3.088308e+40
7.860000e-15 3.099339e+19 9.605903e+38
7.870000e-15 -1.135738e+20 1.289902e+40
7.880000e-15 -2.571929e+20 6.614818e+40
7.890000e-15 -3.990975e+20 1.592788e+41
7.900000e-15 -5.385324e+20 2.900171e+41
7.910000e-15 -6.747569e+20 4.552969e+41
7.920000e-15 -8.070494e+20 6.513288e+41
7.930000e-15 -9.347108e+20 8.736842e+41
7.940000e-15 -1.057068e+21 1.117393e+42
7.950000e-15 -1.173478e+21 1.377052e+42
7.960000e-15 -1.283332e+21 1.646941e+42
7.970000e-15 -1.386055e+21 1.921150e+42
7.980000e-15 -1.481115e+21 2.193701e+42
7.990000e-15 -1.568018e+21 2.458682e+42
8.000000e-15 -1.646319e+21 2.710367e+42
8.010000e-15 -1.715617e+21 2.943342e+42
8.020000e-15 -1.775561e+21 3.152617e+42
8.030000e-15 -1.825851e+21 3.333732e+42
8.040000e-15 -1.866239e+21 3.482849e+42
8.050000e-15 -1.896532e+21 3.596832e+42
8.060000e-15 -1.916588e+21 3.673310e+42
8.070000e-15 -1.926325e+21 3.710727e+42
8.080000e-15 -1.925712e+21 3.708366e+42
8.090000e-15 -1.914776e+21 3.666366e+42
8.100000e-15 -1.893598e+21 3.585715e+42
8.110000e-15 -1.862316e+21 3.468221e+42
8.120000e-15 -1.821119e+21 3.316474e+42
8.130000e-15 -1.770250e+21 3.133784e+42
8.140000e-15 -1.710003e+21 2.924110e+42
8.150000e-15 -1.640722e+21 2.691969e+42
8.160000e-15 -1.562799e+21 2.442340e+42
8.170000e-15 -1.476670e+21 2.180555e+42
8.180000e-15 -1.382816e+21 1.912181e+42
8.190000e-15 -1.281757e+21 1.642902e+42
8.200000e-15 -1.174052e+21 1.378398e+42
8.210000e-15 -1.060292e+21 1.124219e+42
8.220000e-15 -9.411011e+20 8.856714e+41
8.230000e-15 -8.171310e+20 6.677031e+41
8.240000e-15 -6.890573e+20 4.747999e+41
8.250000e-15 -5.575761e+20 3.108911e+41
8.260000e-15 -4.234006e+20 1.792680e+41
8.270000e-15 -2.872567e+20 8.251639e+40
8.280000e-15 -1.498794e+20 2.246384e+40
8.290000e-15 -1.200884e+19 1.442121e+38
8.300000e-15 1.256139e+20 1.577885e+40
8.310000e-15 2.622505e+20 6.877534e+40
8.320000e-15 3.971697e+20 1.577438e+41
8.330000e-15 5.296508e+20 2.805300e+41
8.340000e-15 6.589878e+20 4.342649e+41
8.350000e-15 7.844931e+20 6.154294e+41
8.360000e-15 9.055010e+20 8.199321e+41
8.370000e-15 1.021372e+21 1.043200e+42
8.380000e-15 1.131493e+21 1.280278e+42
8.390000e-15 1.235288e+21 1.525936e+42
8.400000e-15 1.332211e+21 1.774786e+42
8.410000e-15 1.421757e+21 2.021394e+42
8.420000e-15 1.503461e+21 2.260396e+42
8.430000e-15 1.576901e+21 2.486618e+42
8.440000e-15 1.641701e+21 2.695181e+42
8.450000e-15 1.697530e+21 2.881608e+42
8.460000e-15 1.744108e+21 3.041914e+42
8.470000e-15 1.781206e+21 3.172693e+42
8.480000e-15 1.808643e+21 3.271190e+42
8.490000e-15 1.826294e+21 3.335349e+42
8.500000e-15 1.834085e+21 3.363866e+42
8.510000e-15 1.831994e+21 3.356203e+42
8.520000e-15 1.820056e+21 3.312603e+42
8.530000e-15 1.798354e+21 3.234078e+42
8.540000e-15 1.767028e+21 3.122387e+42
8.550000e-15 1.726265e+21 2.979992e+42
8.560000e-15 1.676306e+21 2.810002e+42
8.570000e-15 1.617439e+21 2.616109e+42
8.580000e-15 1.550000e+21 2.402499e+42
8.590000e-15 1.474369e+21 2.173764e+42
8.600000e-15 1.390972e+21 1.934802e+42
8.610000e-15 1.300273e+21 1.690709e+42
8.620000e-15 1.202776e+21 1.446670e+42
8.630000e-15 1.099021e+21 1.207846e+42
8.640000e-15 9.895778e+20 9.792643e+41
8.650000e-15 8.750490e+20 7.657108e+41
8.660000e-15 7.560613e+20 5.716287e+41
8.670000e-15 6.332645e+20 4.010239e+41
8.680000e-15 5.073276e+20 2.573813e+41
8.690000e-15 3.789352e+20 1.435919e+41
8.700000e-15 2.487836e+20 6.189328e+40
8.710000e-15 1.175771e+20 1.382438e+40
8.720000e-15 -1.397559e+19 1.953171e+38
8.730000e-15 -1.451656e+20 2.107306e+40
8.740000e-15 -2.752874e+20 7.578314e+40
8.750000e-15 -4.036425e+20 1.629273e+41
8.760000e-15 -5.295436e+20 2.804164e+41
8.770000e-15 -6.523178e+20 4.255185e+41
8.780000e-15 -7.713106e+20 5.949200e+41
8.790000e-15 -8.858891e+20 7.847994e+41
8.800000e-15 -9.954455e+20 9.909117e+41
8.810000e-15 -1.099400e+21 1.208681e+42
8.820000e-15 -1.197205e+21 1.433300e+42
8.830000e-15 -1.288347e+21 1.659837e+42
8.840000e-15 -1.372347e+21 1.883337e+42
8.850000e-15 -1.448770e+21 2.098934e+42
8.860000e-15 -1.517218e+21 2.301951e+42
8.870000e-15 -1.577340e+21 2.488003e+42
8.880000e-15 -1.628830e+21 2.653088e+42
8.890000e-15 -1.671428e+21 2.793671e+42
8.900000e-15 -1.704923e+21 2.906762e+42
8.910000e-15 -1.729153e+21 2.989972e+42
8.920000e-15 -1.744009e+21 3.041566e+42
8.930000e-15 -1.749428e+21 3.060498e+42
8.940000e-15 -1.745402e+21 3.046427e+42
8.950000e-15 -1.731971e+21 2.999725e+42
8.960000e-15 -1.709229e+21 2.921465e+42
8.970000e-15 -1.677317e+21 2.813394e+42
8.980000e-15 -1.636427e+21 2.677893e+42
8.990000e-15 -1.586797e+21 2.517925e+42
9.000000e-15 -1.528714e+21 2.336965e+42
9.010000e-15 -1.462507e+21 2.138928e+42
9.020000e-15 -1.388552e+21 1.928078e+42
9.030000e-15 -1.307264e+21 1.708938e+42
9.040000e-15 -1.219095e+21 1.486193e+42
9.050000e-15 -1.124536e+21 1.264581e+42
9.060000e-15 -1.024110e+21 1.048802e+42
9.070000e-15 -9.183716e+20 8.434065e+41
9.080000e-15 -8.079016e+20 6.527050e+41
9.090000e-15 -6.933060e+20 4.806732e+41
9.100000e-15 -5.752117e+20 3.308685e+41
9.110000e-15 -4.542632e+20 2.063550e+41
9.120000e-15 -3.311190e+20 1.096398e+41
9.130000e-15 -2.064482e+20 4.262087e+40
9.140000e-15 -8.092688e+19 6.549159e+39
9.150000e-15 4.476583e+19 2.003979e+39
9.160000e-15 1.699511e+20 2.888338e+40
9.170000e-15 2.939543e+20 8.640913e+40
9.180000e-15 4.161084e+20 1.731462e+41
9.190000e-15 5.357579e+20 2.870365e+41
9.200000e-15 6.522619e+20 4.254456e+41
9.210000e-15 7.649979e+20 5.852218e+41
9.220000e-15 8.733649e+20 7.627663e+41
9.230000e-15 9.767868e+20 9.541125e+41
9.240000e-15 1.074715e+21 1.155013e+42
9.250000e-15 1.166633e+21 1.361032e+42
9.260000e-15 1.252055e+21 1.567642e+42
9.270000e-15 1.330534e+21 1.770321e+42
9.280000e-15 1.401660e+21 1.964652e+42
9.290000e-15 1.465065e+21 2.146415e+42
9.300000e-15 1.520420e+21 2.311678e+42
9.310000e-15 1.567445e+21 2.456883e+42
9.320000e-15 1.605901e+21 2.578918e+42
9.330000e-15 1.635598e+21 2.675182e+42
9.340000e-15 1.656395e+21 2.743644e+42
9.350000e-15 1.668196e+21 2.782877e+42
9.360000e-15 1.670956e+21 2.792093e+42
9.370000e-15 1.664678e+21 2.771154e+42
9.380000e-15 1.649416e+21 2.720572e+42
9.390000e-15 1.625269e+21 2.641498e+42
9.400000e-15 1.592386e+21 2.535693e+42
9.410000e-15 1.550963e+21 2.405485e+42
9.420000e-15 1.501240e+21 2.253722e+42
9.430000e-15 1.443504e+21 2.083704e+42
9.440000e-15 1.378083e+21 1.899111e+42
9.450000e-15 1.305345e+21 1.703925e+42
9.460000e-15 1.225699e+21 1.502338e+42
9.470000e-15 1.139590e+21 1.298665e+42
9.480000e-15 1.047495e+21 1.097247e+42
9.490000e-15 9.499262e+20 9.023598e+41
9.500000e-15 8.474206e+20 7.181216e+41
9.510000e-15 7.405428e+20 5.484037e+41
9.520000e-15 6.298797e+20 3.967485e+41
9.530000e-15 5.160373e+20 2.662945e+41
9.540000e-15 3.996377e+20 1.597103e+41
9.550000e-15 2.813156e+20 7.913848e+40
9.560000e-15 1.617148e+20 2.615167e+40
9.570000e-15 4.148473e+19 1.720983e+39
9.580000e-15 -7.872294e+19 6.197301e+39
9.590000e-15 -1.982580e+20 3.930624e+40
9.600000e-15 -3.164752e+20 1.001565e+41
9.610000e-15 -4.327376e+20 1.872618e+41
9.620000e-15 -5.464200e+20 2.985748e+41
9.630000e-15 -6.569127e+20 4.315343e+41
9.640000e-15 -7.636241e+20 5.831217e+41
9.650000e-15 -8.659843e+20 7.499288e+41
9.660000e-15 -9.634482e+20 9.282325e+41
9.670000e-15 -1.055498e+21 1.114076e+42
9.680000e-15 -1.141647e+21 1.303357e+42
9.690000e-15 -1.221440e+21 1.491915e+42
9.700000e-15 -1.294457e+21 1.675620e+42
9.710000e-15 -1.360318e+21 1.850466e+42
9.720000e-15 -1.418681e+21 2.012655e+42
9.730000e-15 -1.469243e+21 2.158675e+42
9.740000e-15 -1.511747e+21 2.285379e+42
9.750000e-15 -1.545979e+21 2.390050e+42
9.760000e-15 -1.571769e+21 2.470459e+42
9.770000e-15 -1.588996e+21 2.524909e+42
9.780000e-15 -1.597583e+21 2.552270e+42
9.790000e-15 -1.597499e+21 2.552005e+42
9.800000e-15 -1.588764e+21 2.524172e+42
9.810000e-15 -1.571442e+21 2.469428e+42
9.820000e-15 -1.545642e+21 2.389009e+42
9.830000e-15 -1.511522e+21 2.284699e+42
9.840000e-15 -1.469283e+21 2.158793e+42
9.850000e-15 -1.419170e+21 2.014044e+42
9.860000e-15 -1.361470e+21 1.853600e+42
9.870000e-15 -1.296510e+21 1.680937e+42
9.880000e-15 -1.224656e+21 1.499782e+42
9.890000e-15 -1.146311e+21 1.314029e+42
9.900000e-15 -1.061913e+21 1.127659e+42
9.910000e-15 -9.719305e+20 9.446489e+41
9.920000e-15 -8.768619e+20 7.688868e+41
9.930000e-15 -7.772324e+20 6.040902e+41
9.940000e-15 -6.735908e+20 4.537245e+41
9.950000e-15 -5.665064e+20 3.209295e+41
9.960000e-15 -4.565664e+20 2.084528e+41
9.970000e-15 -3.443719e+20 1.185920e+41
9.980000e-15 -2.305356e+20 5.314664e+40
9.990000e-15 -1.156773e+20 1.338124e+40
1.000000e-14 -4.217218e+17 1.778492e+35
