0.000000e+00 nan nan
1.000000e-17 nan nan
2.000000e-17 nan nan
3.000000e-17 nan nan
4.000000e-17 1.270175e+06 1.613343e+12
5.000000e-17 1.182280e+07 1.397787e+14
6.000000e-17 7.315363e+07 5.351453e+15
7.000000e-17 3.414701e+08 1.166018e+17
8.000000e-17 1.296782e+09 1.681643e+18
9.000000e-17 4.206616e+09 1.769562e+19
1.000000e-16 1.205020e+10 1.452074e+20
1.100000e-16 3.121431e+10 9.743333e+20
1.200000e-16 7.440768e+10 5.536503e+21
1.300000e-16 1.654105e+11 2.736062e+22
1.400000e-16 3.464813e+11 1.200493e+23
1.500000e-16 6.894897e+11 4.753961e+23
1.600000e-16 1.312129e+12 1.721682e+24
1.700000e-16 2.400894e+12 5.764293e+24
1.800000e-16 4.242889e+12 1.800211e+25
1.900000e-16 7.268939e+12 5.283748e+25
2.000000e-16 1.211097e+13 1.466756e+26
2.100000e-16 1.967711e+13 3.871888e+26
2.200000e-16 3.124858e+13 9.764735e+26
2.300000e-16 4.860289e+13 2.362241e+27
2.400000e-16 7.416891e+13 5.501027e+27
2.500000e-16 1.112194e+14 1.236976e+28
2.600000e-16 1.641082e+14 2.693150e+28
2.700000e-16 2.385590e+14 5.691040e+28
2.800000e-16 3.420149e+14 1.169742e+29
2.900000e-16 4.840568e+14 2.343110e+29
3.000000e-16 6.769015e+14 4.581956e+29
3.100000e-16 9.359902e+14 8.760777e+29
3.200000e-16 1.280680e+15 1.640140e+30
3.300000e-16 1.735047e+15 3.010387e+30
3.400000e-16 2.328824e+15 5.423422e+30
3.500000e-16 3.098477e+15 9.600561e+30
3.600000e-16 4.088441e+15 1.671535e+31
3.700000e-16 5.352532e+15 2.864959e+31
3.800000e-16 6.955552e+15 4.837970e+31
3.900000e-16 8.975105e+15 8.055252e+31
4.000000e-16 1.150364e+16 1.323338e+32
4.100000e-16 1.465076e+16 2.146448e+32
4.200000e-16 1.854576e+16 3.439450e+32
4.300000e-16 2.334050e+16 5.447787e+32
4.400000e-16 2.921258e+16 8.533749e+32
4.500000e-16 3.636885e+16 1.322693e+33
4.600000e-16 4.504925e+16 2.029435e+33
4.700000e-16 5.553108e+16 3.083701e+33
4.800000e-16 6.813362e+16 4.642191e+33
4.900000e-16 8.322325e+16 6.926110e+33
5.000000e-16 1.012189e+17 1.024527e+34
5.100000e-16 1.225983e+17 1.503033e+34
5.200000e-16 1.479039e+17 2.187556e+34
5.300000e-16 1.777507e+17 3.159530e+34
5.400000e-16 2.128331e+17 4.529791e+34
5.500000e-16 2.539334e+17 6.448215e+34
5.600000e-16 3.019304e+17 9.116197e+34
5.700000e-16 3.578088e+17 1.280271e+35
5.800000e-16 4.226689e+17 1.786490e+35
5.900000e-16 4.977374e+17 2.477426e+35
6.000000e-16 5.843786e+17 3.414983e+35
6.100000e-16 6.841058e+17 4.680008e+35
6.200000e-16 7.985948e+17 6.377537e+35
6.300000e-16 9.296962e+17 8.643349e+35
6.400000e-16 1.079450e+18 1.165211e+36
6.500000e-16 1.250099e+18 1.562747e+36
6.600000e-16 1.444106e+18 2.085442e+36
6.700000e-16 1.664168e+18 2.769457e+36
6.800000e-16 1.913236e+18 3.660471e+36
6.900000e-16 2.194526e+18 4.815944e+36
7.000000e-16 2.511544e+18 6.307855e+36
7.100000e-16 2.868102e+18 8.226007e+36
7.200000e-16 3.268334e+18 1.068201e+37
7.300000e-16 3.716723e+18 1.381403e+37
7.400000e-16 4.218114e+18 1.779248e+37
7.500000e-16 4.777740e+18 2.282680e+37
7.600000e-16 5.401242e+18 2.917342e+37
7.700000e-16 6.094692e+18 3.714527e+37
7.800000e-16 6.864613e+18 4.712291e+37
7.900000e-16 7.718002e+18 5.956756e+37
8.000000e-16 8.662358e+18 7.503645e+37
8.100000e-16 9.705700e+18 9.420061e+37
8.200000e-16 1.085659e+19 1.178656e+38
8.300000e-16 1.212417e+19 1.469954e+38
8.400000e-16 1.351815e+19 1.827404e+38
8.500000e-16 1.504889e+19 2.264690e+38
8.600000e-16 1.672736e+19 2.798046e+38
8.700000e-16 1.856522e+19 3.446672e+38
8.800000e-16 2.057479e+19 4.233219e+38
8.900000e-16 2.276912e+19 5.184329e+38
9.000000e-16 2.516199e+19 6.331259e+38
9.100000e-16 2.776793e+19 7.710578e+38
9.200000e-16 3.060223e+19 9.364967e+38
9.300000e-16 3.368101e+19 1.134410e+39
9.400000e-16 3.702116e+19 1.370566e+39
9.500000e-16 4.064044e+19 1.651645e+39
9.600000e-16 4.455744e+19 1.985365e+39
9.700000e-16 4.879161e+19 2.380622e+39
9.800000e-16 5.336331e+19 2.847643e+39
9.900000e-16 5.829375e+19 3.398162e+39
1.000000e-15 6.360508e+19 4.045606e+39
1.010000e-15 6.932033e+19 4.805308e+39
1.020000e-15 7.546347e+19 5.694736e+39
1.030000e-15 8.205940e+19 6.733746e+39
1.040000e-15 8.913394e+19 7.944858e+39
1.050000e-15 9.671382e+19 9.353562e+39
1.060000e-15 1.048267e+20 1.098864e+40
1.070000e-15 1.135012e+20 1.288253e+40
1.080000e-15 1.227669e+20 1.507171e+40
1.090000e-15 1.326541e+20 1.759711e+40
1.100000e-15 1.431941e+20 2.050456e+40
1.110000e-15 1.544192e+20 2.384530e+40
1.120000e-15 1.663624e+20 2.767645e+40
1.130000e-15 1.790575e+20 3.206159e+40
1.140000e-15 1.925393e+20 3.707137e+40
1.150000e-15 2.068431e+20 4.278407e+40
1.160000e-15 2.220052e+20 4.928633e+40
1.170000e-15 2.380626e+20 5.667379e+40
1.180000e-15 2.550527e+20 6.505189e+40
1.190000e-15 2.730138e+20 7.453655e+40
1.200000e-15 2.919847e+20 8.525506e+40
1.210000e-15 3.120046e+20 9.734688e+40
1.220000e-15 3.331134e+20 1.109645e+41
1.230000e-15 3.553511e+20 1.262744e+41
1.240000e-15 3.787583e+20 1.434578e+41
1.250000e-15 4.033757e+20 1.627120e+41
1.260000e-15 4.292444e+20 1.842507e+41
1.270000e-15 4.564053e+20 2.083058e+41
1.280000e-15 4.848998e+20 2.351278e+41
1.290000e-15 5.147687e+20 2.649868e+41
1.300000e-15 5.460531e+20 2.981740e+41
1.310000e-15 5.787938e+20 3.350022e+41
1.320000e-15 6.130310e+20 3.758070e+41
1.330000e-15 6.488049e+20 4.209478e+41
1.340000e-15 6.861548e+20 4.708084e+41
1.350000e-15 7.251195e+20 5.257983e+41
1.360000e-15 7.657372e+20 5.863535e+41
1.370000e-15 8.080451e+20 6.529369e+41
1.380000e-15 8.520794e+20 7.260392e+41
1.390000e-15 8.978752e+20 8.061799e+41
1.400000e-15 9.454665e+20 8.939070e+41
1.410000e-15 9.948860e+20 9.897981e+41
1.420000e-15 1.046165e+21 1.094460e+42
1.430000e-15 1.099332e+21 1.208531e+42
1.440000e-15 1.154416e+21 1.332676e+42
1.450000e-15 1.211443e+21 1.467593e+42
1.460000e-15 1.270436e+21 1.614007e+42
1.470000e-15 1.331417e+21 1.772671e+42
1.480000e-15 1.394406e+21 1.944369e+42
1.490000e-15 1.459421e+21 2.129909e+42
1.500000e-15 1.526475e+21 2.330127e+42
1.510000e-15 1.595581e+21 2.545880e+42
1.520000e-15 1.666749e+21 2.778051e+42
1.530000e-15 1.739983e+21 3.027542e+42
1.540000e-15 1.815289e+21 3.295273e+42
1.550000e-15 1.892665e+21 3.582180e+42
1.560000e-15 1.972108e+21 3.889212e+42
1.570000e-15 2.053613e+21 4.217326e+42
1.580000e-15 2.137168e+21 4.567488e+42
1.590000e-15 2.222760e+21 4.940664e+42
1.600000e-15 2.310372e+21 5.337818e+42
1.610000e-15 2.399981e+21 5.759909e+42
1.620000e-15 2.491562e+21 6.207883e+42
1.630000e-15 2.585087e+21 6.682672e+42
1.640000e-15 2.680520e+21 7.185186e+42
1.650000e-15 2.777824e+21 7.716305e+42
1.660000e-15 2.876956e+21 8.276879e+42
1.670000e-15 2.977871e+21 8.867716e+42
1.680000e-15 3.080516e+21 9.489582e+42
1.690000e-15 3.184837e+21 1.014318e+43
1.700000e-15 3.290771e+21 1.082918e+43
1.710000e-15 3.398256e+21 1.154814e+43
1.720000e-15 3.507220e+21 1.230059e+43
1.730000e-15 3.617590e+21 1.308696e+43
1.740000e-15 3.729286e+21 1.390758e+43
1.750000e-15 3.842226e+21 1.476270e+43
1.760000e-15 3.956319e+21 1.565246e+43
1.770000e-15 4.071474e+21 1.657690e+43
1.780000e-15 4.187592e+21 1.753593e+43
1.790000e-15 4.304572e+21 1.852934e+43
1.800000e-15 4.422305e+21 1.955678e+43
1.810000e-15 4.540680e+21 2.061778e+43
1.820000e-15 4.659582e+21 2.171170e+43
1.830000e-15 4.778889e+21 2.283778e+43
1.840000e-15 4.898478e+21 2.399509e+43
1.850000e-15 5.018219e+21 2.518252e+43
1.860000e-15 5.137979e+21 2.639883e+43
1.870000e-15 5.257622e+21 2.764259e+43
1.880000e-15 5.377006e+21 2.891219e+43
1.890000e-15 5.495987e+21 3.020587e+43
1.900000e-15 5.614417e+21 3.152168e+43
1.910000e-15 5.732146e+21 3.285749e+43
1.920000e-15 5.849017e+21 3.421100e+43
1.930000e-15 5.964875e+21 3.557974e+43
1.940000e-15 6.079559e+21 3.696104e+43
1.950000e-15 6.192906e+21 3.835208e+43
1.960000e-15 6.304751e+21 3.974988e+43
1.970000e-15 6.414927e+21 4.115129e+43
1.980000e-15 6.523265e+21 4.255299e+43
1.990000e-15 6.629595e+21 4.395153e+43
2.000000e-15 6.733745e+21 4.534332e+43
2.010000e-15 6.835541e+21 4.672463e+43
2.020000e-15 6.934812e+21 4.809161e+43
2.030000e-15 7.031381e+21 4.944032e+43
2.040000e-15 7.125076e+21 5.076671e+43
2.050000e-15 7.215722e+21 5.206664e+43
2.060000e-15 7.303145e+21 5.333593e+43
2.070000e-15 7.387173e+21 5.457032e+43
2.080000e-15 7.467634e+21 5.576555e+43
2.090000e-15 7.544357e+21 5.691733e+43
2.100000e-15 7.617175e+21 5.802135e+43
2.110000e-15 7.685920e+21 5.907337e+43
2.120000e-15 7.750429e+21 6.006915e+43
2.130000e-15 7.810540e+21 6.100454e+43
2.140000e-15 7.866096e+21 6.187547e+43
2.150000e-15 7.916942e+21 6.267797e+43
2.160000e-15 7.962927e+21 6.340821e+43
2.170000e-15 8.003904e+21 6.406248e+43
2.180000e-15 8.039732e+21 6.463729e+43
2.190000e-15 8.070273e+21 6.512930e+43
2.200000e-15 8.095395e+21 6.553541e+43
2.210000e-15 8.114971e+21 6.585275e+43
2.220000e-15 8.128881e+21 6.607871e+43
2.230000e-15 8.137010e+21 6.621094e+43
2.240000e-15 8.139251e+21 6.624741e+43
2.250000e-15 8.135502e+21 6.618639e+43
2.260000e-15 8.125668e+21 6.602648e+43
2.270000e-15 8.109664e+21 6.576664e+43
2.280000e-15 8.087409e+21 6.540618e+43
2.290000e-15 8.058833e+21 6.494480e+43
2.300000e-15 8.023874e+21 6.438255e+43
2.310000e-15 7.982476e+21 6.371992e+43
2.320000e-15 7.934593e+21 6.295777e+43
2.330000e-15 7.880190e+21 6.209740e+43
2.340000e-15 7.819238e+21 6.114049e+43
2.350000e-15 7.751720e+21 6.008916e+43
2.360000e-15 7.677625e+21 5.894593e+43
2.370000e-15 7.596956e+21 5.771375e+43
2.380000e-15 7.509723e+21 5.639595e+43
2.390000e-15 7.415948e+21 5.499628e+43
2.400000e-15 7.315659e+21 5.351887e+43
2.410000e-15 7.208900e+21 5.196824e+43
2.420000e-15 7.095721e+21 5.034926e+43
2.430000e-15 6.976184e+21 4.866715e+43
2.440000e-15 6.850361e+21 4.692745e+43
2.450000e-15 6.718335e+21 4.513603e+43
2.460000e-15 6.580199e+21 4.329901e+43
2.470000e-15 6.436055e+21 4.142280e+43
2.480000e-15 6.286018e+21 3.951402e+43
2.490000e-15 6.130212e+21 3.757950e+43
2.500000e-15 5.968771e+21 3.562623e+43
2.510000e-15 5.801840e+21 3.366134e+43
2.520000e-15 5.629572e+21 3.169208e+43
2.530000e-15 5.452133e+21 2.972575e+43
2.540000e-15 5.269696e+21 2.776969e+43
2.550000e-15 5.082445e+21 2.583124e+43
2.560000e-15 4.890572e+21 2.391770e+43
2.570000e-15 4.694281e+21 2.203627e+43
2.580000e-15 4.493781e+21 2.019407e+43
2.590000e-15 4.289293e+21 1.839803e+43
2.600000e-15 4.081043e+21 1.665492e+43
2.610000e-15 3.869269e+21 1.497124e+43
2.620000e-15 3.654214e+21 1.335328e+43
2.630000e-15 3.436128e+21 1.180698e+43
2.640000e-15 3.215270e+21 1.033796e+43
2.650000e-15 2.991904e+21 8.951490e+42
2.660000e-15 2.766302e+21 7.652424e+42
2.670000e-15 2.538739e+21 6.445196e+42
2.680000e-15 2.309499e+21 5.333785e+42
2.690000e-15 2.078868e+21 4.321693e+42
2.700000e-15 1.847139e+21 3.411922e+42
2.710000e-15 1.614607e+21 2.606955e+42
2.720000e-15 1.381571e+21 1.908738e+42
2.730000e-15 1.148334e+21 1.318672e+42
2.740000e-15 9.152025e+20 8.375956e+41
2.750000e-15 6.824823e+20 4.657821e+41
2.760000e-15 4.504829e+20 2.029349e+41
2.770000e-15 2.195144e+20 4.818657e+40
2.780000e-15 -1.011261e+19 1.022649e+38
2.790000e-15 -2.380875e+20 5.668564e+40
2.800000e-15 -4.641000e+20 2.153888e+41
2.810000e-15 -6.878412e+20 4.731255e+41
2.820000e-15 -9.090034e+20 8.262872e+41
2.830000e-15 -1.127281e+21 1.270764e+42
2.840000e-15 -1.342373e+21 1.801964e+42
2.850000e-15 -1.553978e+21 2.414847e+42
2.860000e-15 -1.761801e+21 3.103942e+42
2.870000e-15 -1.965551e+21 3.863390e+42
2.880000e-15 -2.164941e+21 4.686970e+42
2.890000e-15 -2.359691e+21 5.568142e+42
2.900000e-15 -2.549525e+21 6.500080e+42
2.910000e-15 -2.734176e+21 7.475716e+42
2.920000e-15 -2.913380e+21 8.487782e+42
2.930000e-15 -3.086884e+21 9.528853e+42
2.940000e-15 -3.254442e+21 1.059139e+43
2.950000e-15 -3.415816e+21 1.166780e+43
2.960000e-15 -3.570777e+21 1.275044e+43
2.970000e-15 -3.719105e+21 1.383174e+43
2.980000e-15 -3.860591e+21 1.490416e+43
2.990000e-15 -3.995035e+21 1.596030e+43
3.000000e-15 -4.122248e+21 1.699293e+43
3.010000e-15 -4.242052e+21 1.799501e+43
3.020000e-15 -4.354281e+21 1.895977e+43
3.030000e-15 -4.458780e+21 1.988072e+43
3.040000e-15 -4.555407e+21 2.075173e+43
3.050000e-15 -4.644030e+21 2.156701e+43
3.060000e-15 -4.724532e+21 2.232120e+43
3.070000e-15 -4.796808e+21 2.300937e+43
3.080000e-15 -4.860767e+21 2.362705e+43
3.090000e-15 -4.916330e+21 2.417030e+43
3.100000e-15 -4.963433e+21 2.463566e+43
3.110000e-15 -5.002024e+21 2.502025e+43
3.120000e-15 -5.032068e+21 2.532170e+43
3.130000e-15 -5.053540e+21 2.553826e+43
3.140000e-15 -5.066432e+21 2.566873e+43
3.150000e-15 -5.070749e+21 2.571250e+43
3.160000e-15 -5.066511e+21 2.566954e+43
3.170000e-15 -5.053752e+21 2.554041e+43
3.180000e-15 -5.032520e+21 2.532626e+43
3.190000e-15 -5.002876e+21 2.502877e+43
3.200000e-15 -4.964898e+21 2.465021e+43
3.210000e-15 -4.918675e+21 2.419337e+43
3.220000e-15 -4.864313e+21 2.366154e+43
3.230000e-15 -4.801929e+21 2.305852e+43
3.240000e-15 -4.731654e+21 2.238855e+43
3.250000e-15 -4.653635e+21 2.165632e+43
3.260000e-15 -4.568029e+21 2.086689e+43
3.270000e-15 -4.475008e+21 2.002570e+43
3.280000e-15 -4.374756e+21 1.913849e+43
3.290000e-15 -4.267469e+21 1.821129e+43
3.300000e-15 -4.153355e+21 1.725036e+43
3.310000e-15 -4.032635e+21 1.626215e+43
3.320000e-15 -3.905540e+21 1.525324e+43
3.330000e-15 -3.772312e+21 1.423034e+43
3.340000e-15 -3.633204e+21 1.320017e+43
3.350000e-15 -3.488480e+21 1.216949e+43
3.360000e-15 -3.338411e+21 1.114499e+43
3.370000e-15 -3.183280e+21 1.013327e+43
3.380000e-15 -3.023377e+21 9.140806e+42
3.390000e-15 -2.859000e+21 8.173879e+42
3.400000e-15 -2.690455e+21 7.238551e+42
3.410000e-15 -2.518057e+21 6.340612e+42
3.420000e-15 -2.342125e+21 5.485547e+42
3.430000e-15 -2.162983e+21 4.678496e+42
3.440000e-15 -1.980964e+21 3.924220e+42
3.450000e-15 -1.796404e+21 3.227067e+42
3.460000e-15 -1.609641e+21 2.590946e+42
3.470000e-15 -1.421021e+21 2.019300e+42
3.480000e-15 -1.230888e+21 1.515086e+42
3.490000e-15 -1.039593e+21 1.080753e+42
3.500000e-15 -8.474841e+20 7.182292e+41
3.510000e-15 -6.549139e+20 4.289122e+41
3.520000e-15 -4.622337e+20 2.136600e+41
3.530000e-15 -2.697950e+20 7.278933e+40
3.540000e-15 -7.794797e+19 6.075885e+39
3.550000e-15 1.129585e+20 1.275963e+40
3.560000e-15 3.025780e+20 9.155342e+40
3.570000e-15 4.905667e+20 2.406557e+41
3.580000e-15 6.765847e+20 4.577669e+41
3.590000e-15 8.602961e+20 7.401093e+41
3.600000e-15 1.041370e+21 1.084451e+42
3.610000e-15 1.219480e+21 1.487131e+42
3.620000e-15 1.394306e+21 1.944091e+42
3.630000e-15 1.565537e+21 2.450906e+42
3.640000e-15 1.732866e+21 3.002823e+42
3.650000e-15 1.895994e+21 3.594794e+42
3.660000e-15 2.054633e+21 4.221516e+42
3.670000e-15 2.208501e+21 4.877476e+42
3.680000e-15 2.357327e+21 5.556991e+42
3.690000e-15 2.500850e+21 6.254250e+42
3.700000e-15 2.638818e+21 6.963363e+42
3.710000e-15 2.770993e+21 7.678400e+42
3.720000e-15 2.897143e+21 8.393440e+42
3.730000e-15 3.017054e+21 9.102617e+42
3.740000e-15 3.130521e+21 9.800160e+42
3.750000e-15 3.237350e+21 1.048044e+43
3.760000e-15 3.337364e+21 1.113800e+43
3.770000e-15 3.430395e+21 1.176761e+43
3.780000e-15 3.516293e+21 1.236432e+43
3.790000e-15 3.594918e+21 1.292344e+43
3.800000e-15 3.666147e+21 1.344063e+43
3.810000e-15 3.729870e+21 1.391193e+43
3.820000e-15 3.785991e+21 1.433373e+43
3.830000e-15 3.834430e+21 1.470286e+43
3.840000e-15 3.875123e+21 1.501658e+43
3.850000e-15 3.908018e+21 1.527260e+43
3.860000e-15 3.933080e+21 1.546912e+43
3.870000e-15 3.950289e+21 1.560478e+43
3.880000e-15 3.959641e+21 1.567875e+43
3.890000e-15 3.961145e+21 1.569067e+43
3.900000e-15 3.954829e+21 1.564067e+43
3.910000e-15 3.940731e+21 1.552936e+43
3.920000e-15 3.918910e+21 1.535785e+43
3.930000e-15 3.889434e+21 1.512770e+43
3.940000e-15 3.852390e+21 1.484091e+43
3.950000e-15 3.807879e+21 1.449994e+43
3.960000e-15 3.756015e+21 1.410765e+43
3.970000e-15 3.696926e+21 1.366726e+43
3.980000e-15 3.630756e+21 1.318239e+43
3.990000e-15 3.557662e+21 1.265696e+43
4.000000e-15 3.477813e+21 1.209518e+43
4.010000e-15 3.391391e+21 1.150153e+43
4.020000e-15 3.298593e+21 1.088072e+43
4.030000e-15 3.199626e+21 1.023761e+43
4.040000e-15 3.094709e+21 9.577223e+42
4.050000e-15 2.984073e+21 8.904693e+42
4.060000e-15 2.867960e+21 8.225197e+42
4.070000e-15 2.746622e+21 7.543934e+42
4.080000e-15 2.620321e+21 6.866083e+42
4.090000e-15 2.489328e+21 6.196754e+42
4.100000e-15 2.353923e+21 5.540953e+42
4.110000e-15 2.214395e+21 4.903543e+42
4.120000e-15 2.071039e+21 4.289201e+42
4.130000e-15 1.924158e+21 3.702384e+42
4.140000e-15 1.774063e+21 3.147298e+42
4.150000e-15 1.621067e+21 2.627860e+42
4.160000e-15 1.465493e+21 2.147670e+42
4.170000e-15 1.307664e+21 1.709986e+42
4.180000e-15 1.147910e+21 1.317698e+42
4.190000e-15 9.865625e+20 9.733055e+41
4.200000e-15 8.239559e+20 6.789033e+41
4.210000e-15 6.604267e+20 4.361634e+41
4.220000e-15 4.963124e+20 2.463260e+41
4.230000e-15 3.319510e+20 1.101915e+41
4.240000e-15 1.676802e+20 2.811665e+40
4.250000e-15 3.836755e+18 1.472069e+37
4.260000e-15 -1.592441e+20 2.535869e+40
4.270000e-15 -3.212295e+20 1.031884e+41
4.280000e-15 -4.817895e+20 2.321211e+41
4.290000e-15 -6.405979e+20 4.103656e+41
4.300000e-15 -7.973326e+20 6.357393e+41
4.310000e-15 -9.516767e+20 9.056886e+41
4.320000e-15 -1.103319e+21 1.217313e+42
4.330000e-15 -1.251954e+21 1.567389e+42
4.340000e-15 -1.397284e+21 1.952402e+42
4.350000e-15 -1.539018e+21 2.368576e+42
4.360000e-15 -1.676873e+21 2.811903e+42
4.370000e-15 -1.810576e+21 3.278184e+42
4.380000e-15 -1.939861e+21 3.763061e+42
4.390000e-15 -2.064474e+21 4.262053e+42
4.400000e-15 -2.184170e+21 4.770599e+42
4.410000e-15 -2.298715e+21 5.284092e+42
4.420000e-15 -2.407887e+21 5.797921e+42
4.430000e-15 -2.511475e+21 6.307505e+42
4.440000e-15 -2.609279e+21 6.808337e+42
4.450000e-15 -2.701114e+21 7.296017e+42
4.460000e-15 -2.786806e+21 7.766290e+42
4.470000e-15 -2.866196e+21 8.215082e+42
4.480000e-15 -2.939138e+21 8.638530e+42
4.490000e-15 -3.005497e+21 9.033015e+42
4.500000e-15 -3.065158e+21 9.395191e+42
4.510000e-15 -3.118014e+21 9.722012e+42
4.520000e-15 -3.163978e+21 1.001076e+43
4.530000e-15 -3.202974e+21 1.025904e+43
4.540000e-15 -3.234943e+21 1.046486e+43
4.550000e-15 -3.259841e+21 1.062656e+43
4.560000e-15 -3.277638e+21 1.074291e+43
4.570000e-15 -3.288319e+21 1.081304e+43
4.580000e-15 -3.291886e+21 1.083651e+43
4.590000e-15 -3.288354e+21 1.081327e+43
4.600000e-15 -3.277755e+21 1.074368e+43
4.610000e-15 -3.260134e+21 1.062848e+43
4.620000e-15 -3.235554e+21 1.046881e+43
4.630000e-15 -3.204088e+21 1.026618e+43
4.640000e-15 -3.165828e+21 1.002247e+43
4.650000e-15 -3.120879e+21 9.739884e+42
4.660000e-15 -3.069358e+21 9.420961e+42
4.670000e-15 -3.011400e+21 9.068529e+42
4.680000e-15 -2.947149e+21 8.685689e+42
4.690000e-15 -2.876766e+21 8.275784e+42
4.700000e-15 -2.800423e+21 7.842367e+42
4.710000e-15 -2.718303e+21 7.389174e+42
4.720000e-15 -2.630605e+21 6.920084e+42
4.730000e-15 -2.537537e+21 6.439092e+42
4.740000e-15 -2.439317e+21 5.950267e+42
4.750000e-15 -2.336177e+21 5.457721e+42
4.760000e-15 -2.228356e+21 4.965568e+42
4.770000e-15 -2.116104e+21 4.477896e+42
4.780000e-15 -1.999681e+21 3.998723e+42
4.790000e-15 -1.879353e+21 3.531969e+42
4.800000e-15 -1.755397e+21 3.081420e+42
4.810000e-15 -1.628095e+21 2.650693e+42
4.820000e-15 -1.497736e+21 2.243213e+42
4.830000e-15 -1.364615e+21 1.862174e+42
4.840000e-15 -1.229033e+21 1.510523e+42
4.850000e-15 -1.091296e+21 1.190926e+42
4.860000e-15 -9.517119e+20 9.057556e+41
4.870000e-15 -8.105944e+20 6.570633e+41
4.880000e-15 -6.682585e+20 4.465694e+41
4.890000e-15 -5.250214e+20 2.756474e+41
4.900000e-15 -3.812016e+20 1.453147e+41
4.910000e-15 -2.371182e+20 5.622504e+40
4.920000e-15 -9.308997e+19 8.665743e+39
4.930000e-15 5.056505e+19 2.556824e+39
4.940000e-15 1.935305e+20 3.745404e+40
4.950000e-15 3.354921e+20 1.125550e+41
4.960000e-15 4.761388e+20 2.267081e+41
4.970000e-15 6.151629e+20 3.784254e+41
4.980000e-15 7.522613e+20 5.658971e+41
4.990000e-15 8.871356e+20 7.870096e+41
5.000000e-15 1.019493e+21 1.039367e+42
5.010000e-15 1.149048e+21 1.320311e+42
5.020000e-15 1.275520e+21 1.626952e+42
5.030000e-15 1.398638e+21 1.956188e+42
5.040000e-15 1.518137e+21 2.304741e+42
5.050000e-15 1.633764e+21 2.669184e+42
5.060000e-15 1.745271e+21 3.045969e+42
5.070000e-15 1.852422e+21 3.431468e+42
5.080000e-15 1.954992e+21 3.821995e+42
5.090000e-15 2.052766e+21 4.213850e+42
5.100000e-15 2.145540e+21 4.603343e+42
5.110000e-15 2.233122e+21 4.986834e+42
5.120000e-15 2.315331e+21 5.360759e+42
5.130000e-15 2.392001e+21 5.721667e+42
5.140000e-15 2.462975e+21 6.066247e+42
5.150000e-15 2.528114e+21 6.391359e+42
5.160000e-15 2.587288e+21 6.694057e+42
5.170000e-15 2.640383e+21 6.971620e+42
5.180000e-15 2.687298e+21 7.221572e+42
5.190000e-15 2.727948e+21 7.441701e+42
5.200000e-15 2.762260e+21 7.630082e+42
5.210000e-15 2.790177e+21 7.785088e+42
5.220000e-15 2.811656e+21 7.905408e+42
5.230000e-15 2.826668e+21 7.990050e+42
5.240000e-15 2.835199e+21 8.038355e+42
5.250000e-15 2.837252e+21 8.049997e+42
5.260000e-15 2.832841e+21 8.024986e+42
5.270000e-15 2.821996e+21 7.963662e+42
5.280000e-15 2.804763e+21 7.866696e+42
5.290000e-15 2.781201e+21 7.735077e+42
5.300000e-15 2.751382e+21 7.570104e+42
5.310000e-15 2.715395e+21 7.373370e+42
5.320000e-15 2.673340e+21 7.146749e+42
5.330000e-15 2.625333e+21 6.892374e+42
5.340000e-15 2.571501e+21 6.612617e+42
5.350000e-15 2.511985e+21 6.310068e+42
5.360000e-15 2.446938e+21 5.987508e+42
5.370000e-15 2.376527e+21 5.647883e+42
5.380000e-15 2.300929e+21 5.294276e+42
5.390000e-15 2.220333e+21 4.929879e+42
5.400000e-15 2.134939e+21 4.557963e+42
5.410000e-15 2.044956e+21 4.181847e+42
5.420000e-15 1.950607e+21 3.804866e+42
5.430000e-15 1.852119e+21 3.430345e+42
5.440000e-15 1.749732e+21 3.061563e+42
5.450000e-15 1.643693e+21 2.701728e+42
5.460000e-15 1.534257e+21 2.353945e+42
5.470000e-15 1.421685e+21 2.021189e+42
5.480000e-15 1.306247e+21 1.706280e+42
5.490000e-15 1.188215e+21 1.411855e+42
5.500000e-15 1.067871e+21 1.140348e+42
5.510000e-15 9.454972e+20 8.939649e+41
5.520000e-15 8.213830e+20 6.746701e+41
5.530000e-15 6.958197e+20 4.841650e+41
5.540000e-15 5.691011e+20 3.238761e+41
5.550000e-15 4.415233e+20 1.949428e+41
5.560000e-15 3.133835e+20 9.820924e+40
5.570000e-15 1.849795e+20 3.421742e+40
5.580000e-15 5.660882e+19 3.204559e+39
5.590000e-15 -7.143172e+19 5.102490e+39
5.600000e-15 -1.988468e+20 3.954007e+40
5.610000e-15 -3.253435e+20 1.058484e+41
5.620000e-15 -4.506314e+20 2.030687e+41
5.630000e-15 -5.744240e+20 3.299629e+41
5.640000e-15 -6.964387e+20 4.850268e+41
5.650000e-15 -8.163978e+20 6.665054e+41
5.660000e-15 -9.340292e+20 8.724106e+41
5.670000e-15 -1.049067e+21 1.100541e+42
5.680000e-15 -1.161251e+21 1.348504e+42
5.690000e-15 -1.270330e+21 1.613739e+42
5.700000e-15 -1.376060e+21 1.893540e+42
5.710000e-15 -1.478203e+21 2.185085e+42
5.720000e-15 -1.576535e+21 2.485461e+42
5.730000e-15 -1.670836e+21 2.791692e+42
5.740000e-15 -1.760900e+21 3.100767e+42
5.750000e-15 -1.846528e+21 3.409667e+42
5.760000e-15 -1.927536e+21 3.715396e+42
5.770000e-15 -2.003748e+21 4.015005e+42
5.780000e-15 -2.075000e+21 4.305623e+42
5.790000e-15 -2.141140e+21 4.584480e+42
5.800000e-15 -2.202030e+21 4.848936e+42
5.810000e-15 -2.257543e+21 5.096500e+42
5.820000e-15 -2.307565e+21 5.324856e+42
5.830000e-15 -2.351996e+21 5.531884e+42
5.840000e-15 -2.390748e+21 5.715674e+42
5.850000e-15 -2.423747e+21 5.874550e+42
5.860000e-15 -2.450934e+21 6.007078e+42
5.870000e-15 -2.472262e+21 6.112080e+42
5.880000e-15 -2.487698e+21 6.188644e+42
5.890000e-15 -2.497225e+21 6.236131e+42
5.900000e-15 -2.500836e+21 6.254181e+42
5.910000e-15 -2.498541e+21 6.242709e+42
5.920000e-15 -2.490364e+21 6.201913e+42
5.930000e-15 -2.476341e+21 6.132262e+42
5.940000e-15 -2.456521e+21 6.034496e+42
5.950000e-15 -2.430970e+21 5.909614e+42
5.960000e-15 -2.399763e+21 5.758865e+42
5.970000e-15 -2.362992e+21 5.583733e+42
5.980000e-15 -2.320760e+21 5.385927e+42
5.990000e-15 -2.273181e+21 5.167354e+42
6.000000e-15 -2.220385e+21 4.930110e+42
6.010000e-15 -2.162511e+21 4.676452e+42
6.020000e-15 -2.099710e+21 4.408780e+42
6.030000e-15 -2.032145e+21 4.129613e+42
6.040000e-15 -1.959990e+21 3.841561e+42
6.050000e-15 -1.883429e+21 3.547305e+42
6.060000e-15 -1.802656e+21 3.249567e+42
6.070000e-15 -1.717873e+21 2.951089e+42
6.080000e-15 -1.629295e+21 2.654601e+42
6.090000e-15 -1.537140e+21 2.362799e+42
6.100000e-15 -1.441638e+21 2.078320e+42
6.110000e-15 -1.343025e+21 1.803716e+42
6.120000e-15 -1.241543e+21 1.541430e+42
6.130000e-15 -1.137442e+21 1.293775e+42
6.140000e-15 -1.030976e+21 1.062912e+42
6.150000e-15 -9.224046e+20 8.508303e+41
6.160000e-15 -8.119914e+20 6.593300e+41
6.170000e-15 -7.000040e+20 4.900056e+41
6.180000e-15 -5.867131e+20 3.442322e+41
6.190000e-15 -4.723916e+20 2.231538e+41
6.200000e-15 -3.573143e+20 1.276735e+41
6.210000e-15 -2.417572e+20 5.844656e+40
6.220000e-15 -1.259966e+20 1.587514e+40
6.230000e-15 -1.030861e+19 1.062674e+38
6.240000e-15 1.050315e+20 1.103161e+40
6.250000e-15 2.197498e+20 4.828999e+40
6.260000e-15 3.335749e+20 1.112722e+41
6.270000e-15 4.462377e+20 1.991281e+41
6.280000e-15 5.574730e+20 3.107761e+41
6.290000e-15 6.670193e+20 4.449148e+41
6.300000e-15 7.746201e+20 6.000363e+41
6.310000e-15 8.800238e+20 7.744419e+41
6.320000e-15 9.829849e+20 9.662593e+41
6.330000e-15 1.083264e+21 1.173461e+42
6.340000e-15 1.180630e+21 1.393886e+42
6.350000e-15 1.274857e+21 1.625259e+42
6.360000e-15 1.365728e+21 1.865214e+42
6.370000e-15 1.453037e+21 2.111316e+42
6.380000e-15 1.536583e+21 2.361087e+42
6.390000e-15 1.616177e+21 2.612029e+42
6.400000e-15 1.691640e+21 2.861647e+42
6.410000e-15 1.762802e+21 3.107473e+42
6.420000e-15 1.829505e+21 3.347089e+42
6.430000e-15 1.891601e+21 3.578153e+42
6.440000e-15 1.948953e+21 3.798418e+42
6.450000e-15 2.001437e+21 4.005752e+42
6.460000e-15 2.048942e+21 4.198162e+42
6.470000e-15 2.091365e+21 4.373808e+42
6.480000e-15 2.128620e+21 4.531022e+42
6.490000e-15 2.160631e+21 4.668325e+42
6.500000e-15 2.187335e+21 4.784435e+42
6.510000e-15 2.208683e+21 4.878282e+42
6.520000e-15 2.224639e+21 4.949017e+42
6.530000e-15 2.235177e+21 4.996018e+42
6.540000e-15 2.240289e+21 5.018895e+42
6.550000e-15 2.239976e+21 5.017492e+42
6.560000e-15 2.234254e+21 4.991890e+42
6.570000e-15 2.223151e+21 4.942400e+42
6.580000e-15 2.206709e+21 4.869564e+42
6.590000e-15 2.184982e+21 4.774145e+42
6.600000e-15 2.158036e+21 4.657119e+42
6.610000e-15 2.125951e+21 4.519667e+42
6.620000e-15 2.088818e+21 4.363159e+42
6.630000e-15 2.046740e+21 4.189143e+42
6.640000e-15 1.999832e+21 3.999327e+42
6.650000e-15 1.948220e+21 3.795563e+42
6.660000e-15 1.892043e+21 3.579826e+42
6.670000e-15 1.831447e+21 3.354199e+42
6.680000e-15 1.766592e+21 3.120846e+42
6.690000e-15 1.697645e+21 2.881998e+42
6.700000e-15 1.624784e+21 2.639924e+42
6.710000e-15 1.548197e+21 2.396913e+42
6.720000e-15 1.468078e+21 2.155252e+42
6.730000e-15 1.384631e+21 1.917202e+42
6.740000e-15 1.298067e+21 1.684977e+42
6.750000e-15 1.208604e+21 1.460723e+42
6.760000e-15 1.116467e+21 1.246498e+42
6.770000e-15 1.021886e+21 1.044250e+42
6.780000e-15 9.250971e+20 8.558046e+41
6.790000e-15 8.263413e+20 6.828400e+41
6.800000e-15 7.258635e+20 5.268778e+41
6.810000e-15 6.239121e+20 3.892664e+41
6.820000e-15 5.207388e+20 2.711689e+41
6.830000e-15 4.165974e+20 1.735534e+41
6.840000e-15 3.117436e+20 9.718409e+40
6.850000e-15 2.064344e+20 4.261514e+40
6.860000e-15 1.009269e+20 1.018624e+40
6.870000e-15 -4.521437e+18 2.044340e+37
6.880000e-15 -1.096542e+20 1.202405e+40
6.890000e-15 -2.142162e+20 4.588860e+40
6.900000e-15 -3.179544e+20 1.010950e+41
6.910000e-15 -4.206180e+20 1.769195e+41
6.920000e-15 -5.219597e+20 2.724420e+41
6.930000e-15 -6.217359e+20 3.865556e+41
6.940000e-15 -7.197074e+20 5.179787e+41
6.950000e-15 -8.156398e+20 6.652682e+41
6.960000e-15 -9.093043e+20 8.268342e+41
6.970000e-15 -1.000478e+21 1.000956e+42
6.980000e-15 -1.088945e+21 1.185802e+42
6.990000e-15 -1.174496e+21 1.379442e+42
7.000000e-15 -1.256930e+21 1.579873e+42
7.010000e-15 -1.336053e+21 1.785038e+42
7.020000e-15 -1.411680e+21 1.992841e+42
7.030000e-15 -1.483636e+21 2.201175e+42
7.040000e-15 -1.551753e+21 2.407938e+42
7.050000e-15 -1.615875e+21 2.611053e+42
7.060000e-15 -1.675855e+21 2.808491e+42
7.070000e-15 -1.731558e+21 2.998292e+42
7.080000e-15 -1.782856e+21 3.178576e+42
7.090000e-15 -1.829637e+21 3.347570e+42
7.100000e-15 -1.871796e+21 3.503620e+42
7.110000e-15 -1.909242e+21 3.645206e+42
7.120000e-15 -1.941896e+21 3.770961e+42
7.130000e-15 -1.969689e+21 3.879676e+42
7.140000e-15 -1.992566e+21 3.970320e+42
7.150000e-15 -2.010483e+21 4.042041e+42
7.160000e-15 -2.023408e+21 4.094179e+42
7.170000e-15 -2.031322e+21 4.126269e+42
7.180000e-15 -2.034219e+21 4.138045e+42
7.190000e-15 -2.032103e+21 4.129443e+42
7.200000e-15 -2.024993e+21 4.100597e+42
7.210000e-15 -2.012919e+21 4.051842e+42
7.220000e-15 -1.995922e+21 3.983706e+42
7.230000e-15 -1.974058e+21 3.896904e+42
7.240000e-15 -1.947391e+21 3.792332e+42
7.250000e-15 -1.916000e+21 3.671055e+42
7.260000e-15 -1.879973e+21 3.534297e+42
7.270000e-15 -1.839410e+21 3.383431e+42
7.280000e-15 -1.794424e+21 3.219957e+42
7.290000e-15 -1.745135e+21 3.045496e+42
7.300000e-15 -1.691675e+21 2.861766e+42
7.310000e-15 -1.634188e+21 2.670570e+42
7.320000e-15 -1.572823e+21 2.473773e+42
7.330000e-15 -1.507743e+21 2.273289e+42
7.340000e-15 -1.439117e+21 2.071057e+42
7.350000e-15 -1.367122e+21 1.869023e+42
7.360000e-15 -1.291945e+21 1.669122e+42
7.370000e-15 -1.213779e+21 1.473260e+42
7.380000e-15 -1.132824e+21 1.283291e+42
7.390000e-15 -1.049288e+21 1.101004e+42
7.400000e-15 -9.633813e+20 9.281036e+41
7.410000e-15 -8.753236e+20 7.661914e+41
7.420000e-15 -7.853371e+20 6.167543e+41
7.430000e-15 -6.936489e+20 4.811488e+41
7.440000e-15 -6.004898e+20 3.605880e+41
7.450000e-15 -5.060936e+20 2.561307e+41
7.460000e-15 -4.106966e+20 1.686717e+41
7.470000e-15 -3.145373e+20 9.893374e+40
7.480000e-15 -2.178554e+20 4.746096e+40
7.490000e-15 -1.208912e+20 1.461468e+40
7.500000e-15 -2.388536e+19 5.705106e+38
7.510000e-15 7.292189e+19 5.317602e+39
7.520000e-15 1.692914e+20 2.865959e+40
7.530000e-15 2.649857e+20 7.021743e+40
7.540000e-15 3.597694e+20 1.294340e+41
7.550000e-15 4.534100e+20 2.055806e+41
7.560000e-15 5.456782e+20 2.977647e+41
7.570000e-15 6.363487e+20 4.049396e+41
7.580000e-15 7.252006e+20 5.259160e+41
7.590000e-15 8.120182e+20 6.593736e+41
7.600000e-15 8.965911e+20 8.038756e+41
7.610000e-15 9.787149e+20 9.578828e+41
7.620000e-15 1.058192e+21 1.119770e+42
7.630000e-15 1.134831e+21 1.287842e+42
7.640000e-15 1.208450e+21 1.460351e+42
7.650000e-15 1.278872e+21 1.635513e+42
7.660000e-15 1.345930e+21 1.811528e+42
7.670000e-15 1.409467e+21 1.986597e+42
7.680000e-15 1.469333e+21 2.158938e+42
7.690000e-15 1.525387e+21 2.326806e+42
7.700000e-15 1.577500e+21 2.488507e+42
7.710000e-15 1.625552e+21 2.642421e+42
7.720000e-15 1.669434e+21 2.787009e+42
7.730000e-15 1.709045e+21 2.920836e+42
7.740000e-15 1.744299e+21 3.042577e+42
7.750000e-15 1.775116e+21 3.151038e+42
7.760000e-15 1.801433e+21 3.245161e+42
7.770000e-15 1.823194e+21 3.324035e+42
7.780000e-15 1.840355e+21 3.386906e+42
7.790000e-15 1.852885e+21 3.433183e+42
7.800000e-15 1.860764e+21 3.462443e+42
7.810000e-15 1.863984e+21 3.474435e+42
7.820000e-15 1.862547e+21 3.469080e+42
7.830000e-15 1.856468e+21 3.446473e+42
7.840000e-15 1.845773e+21 3.406880e+42
7.850000e-15 1.830501e+21 3.350734e+42
7.860000e-15 1.810700e+21 3.278634e+42
7.870000e-15 1.786430e+21 3.191331e+42
7.880000e-15 1.757762e+21 3.089727e+42
7.890000e-15 1.724778e+21 2.974860e+42
7.900000e-15 1.687572e+21 2.847898e+42
7.910000e-15 1.646244e+21 2.710120e+42
7.920000e-15 1.600909e+21 2.562911e+42
7.930000e-15 1.551690e+21 2.407740e+42
7.940000e-15 1.498717e+21 2.246152e+42
7.950000e-15 1.442132e+21 2.079745e+42
7.960000e-15 1.382086e+21 1.910161e+42
7.970000e-15 1.318735e+21 1.739062e+42
7.980000e-15 1.252247e+21 1.568122e+42
7.990000e-15 1.182794e+21 1.399001e+42
8.000000e-15 1.110557e+21 1.233337e+42
8.010000e-15 1.035723e+21 1.072722e+42
8.020000e-15 9.584855e+20 9.186945e+41
8.030000e-15 8.790428e+20 7.727162e+41
8.040000e-15 7.975987e+20 6.361636e+41
8.050000e-15 7.143616e+20 5.103124e+41
8.060000e-15 6.295437e+20 3.963253e+41
8.070000e-15 5.433611e+20 2.952412e+41
8.080000e-15 4.560323e+20 2.079655e+41
8.090000e-15 3.677786e+20 1.352611e+41
8.100000e-15 2.788229e+20 7.774224e+40
8.110000e-15 1.893896e+20 3.586843e+40
8.120000e-15 9.970356e+19 9.940800e+39
8.130000e-15 9.989889e+18 9.979787e+37
8.140000e-15 -7.952672e+19 6.324499e+39
8.150000e-15 -1.686226e+20 2.843356e+40
8.160000e-15 -2.570754e+20 6.608778e+40
8.170000e-15 -3.446653e+20 1.187942e+41
8.180000e-15 -4.311747e+20 1.859117e+41
8.190000e-15 -5.163894e+20 2.666581e+41
8.200000e-15 -6.000989e+20 3.601186e+41
8.210000e-15 -6.820967e+20 4.652558e+41
8.220000e-15 -7.621812e+20 5.809202e+41
8.230000e-15 -8.401562e+20 7.058625e+41
8.240000e-15 -9.158309e+20 8.387463e+41
8.250000e-15 -9.890209e+20 9.781623e+41
8.260000e-15 -1.059548e+21 1.122642e+42
8.270000e-15 -1.127242e+21 1.270675e+42
8.280000e-15 -1.191939e+21 1.420719e+42
8.290000e-15 -1.253484e+21 1.571222e+42
8.300000e-15 -1.311729e+21 1.720633e+42
8.310000e-15 -1.366536e+21 1.867420e+42
8.320000e-15 -1.417775e+21 2.010086e+42
8.330000e-15 -1.465325e+21 2.147179e+42
8.340000e-15 -1.509076e+21 2.277312e+42
8.350000e-15 -1.548927e+21 2.399174e+42
8.360000e-15 -1.584785e+21 2.511544e+42
8.370000e-15 -1.616570e+21 2.613300e+42
8.380000e-15 -1.644212e+21 2.703433e+42
8.390000e-15 -1.667650e+21 2.781056e+42
8.400000e-15 -1.686835e+21 2.845412e+42
8.410000e-15 -1.701728e+21 2.895878e+42
8.420000e-15 -1.712301e+21 2.931976e+42
8.430000e-15 -1.718539e+21 2.953375e+42
8.440000e-15 -1.720433e+21 2.959891e+42
8.450000e-15 -1.717991e+21 2.951493e+42
8.460000e-15 -1.711227e+21 2.928299e+42
8.470000e-15 -1.700169e+21 2.890573e+42
8.480000e-15 -1.684853e+21 2.838729e+42
8.490000e-15 -1.665328e+21 2.773316e+42
8.500000e-15 -1.641652e+21 2.695021e+42
8.510000e-15 -1.613894e+21 2.604655e+42
8.520000e-15 -1.582134e+21 2.503148e+42
8.530000e-15 -1.546459e+21 2.391537e+42
8.540000e-15 -1.506969e+21 2.270957e+42
8.550000e-15 -1.463772e+21 2.142628e+42
8.560000e-15 -1.416984e+21 2.007844e+42
8.570000e-15 -1.366731e+21 1.867954e+42
8.580000e-15 -1.313148e+21 1.724358e+42
8.590000e-15 -1.256377e+21 1.578483e+42
8.600000e-15 -1.196568e+21 1.431774e+42
8.610000e-15 -1.133878e+21 1.285679e+42
8.620000e-15 -1.068472e+21 1.141633e+42
8.630000e-15 -1.000521e+21 1.001042e+42
8.640000e-15 -9.302013e+20 8.652744e+41
8.650000e-15 -8.576958e+20 7.356421e+41
8.660000e-15 -7.831922e+20 6.133900e+41
8.670000e-15 -7.068826e+20 4.996830e+41
8.680000e-15 -6.289636e+20 3.955952e+41
8.690000e-15 -5.496352e+20 3.020989e+41
8.700000e-15 -4.691008e+20 2.200555e+41
8.710000e-15 -3.875661e+20 1.502075e+41
8.720000e-15 -3.052392e+20 9.317096e+40
8.730000e-15 -2.223296e+20 4.943044e+40
8.740000e-15 -1.390479e+20 1.933432e+40
8.750000e-15 -5.560520e+19 3.091938e+39
8.760000e-15 2.778740e+19 7.721394e+38
8.770000e-15 1.109194e+20 1.230311e+40
8.780000e-15 1.935813e+20 3.747372e+40
8.790000e-15 2.755653e+20 7.593624e+40
8.800000e-15 3.566657e+20 1.272105e+41
8.810000e-15 4.366795e+20 1.906890e+41
8.820000e-15 5.154067e+20 2.656441e+41
8.830000e-15 5.926511e+20 3.512353e+41
8.840000e-15 6.682205e+20 4.465187e+41
8.850000e-15 7.419275e+20 5.504565e+41
8.860000e-15 8.135897e+20 6.619282e+41
8.870000e-15 8.830301e+20 7.797421e+41
8.880000e-15 9.500777e+20 9.026477e+41
8.890000e-15 1.014568e+21 1.029349e+42
8.900000e-15 1.076344e+21 1.158516e+42
8.910000e-15 1.135254e+21 1.288801e+42
8.920000e-15 1.191155e+21 1.418850e+42
8.930000e-15 1.243913e+21 1.547318e+42
8.940000e-15 1.293399e+21 1.672882e+42
8.950000e-15 1.339497e+21 1.794253e+42
8.960000e-15 1.382097e+21 1.910191e+42
8.970000e-15 1.421097e+21 2.019515e+42
8.980000e-15 1.456406e+21 2.121119e+42
8.990000e-15 1.487944e+21 2.213976e+42
9.000000e-15 1.515637e+21 2.297155e+42
9.010000e-15 1.539424e+21 2.369826e+42
9.020000e-15 1.559252e+21 2.431268e+42
9.030000e-15 1.575080e+21 2.480878e+42
9.040000e-15 1.586876e+21 2.518176e+42
9.050000e-15 1.594618e+21 2.542808e+42
9.060000e-15 1.598295e+21 2.554548e+42
9.070000e-15 1.597907e+21 2.553306e+42
9.080000e-15 1.593462e+21 2.539120e+42
9.090000e-15 1.584979e+21 2.512160e+42
9.100000e-15 1.572491e+21 2.472726e+42
9.110000e-15 1.556035e+21 2.421243e+42
9.120000e-15 1.535661e+21 2.358256e+42
9.130000e-15 1.511431e+21 2.284424e+42
9.140000e-15 1.483413e+21 2.200514e+42
9.150000e-15 1.451686e+21 2.107391e+42
9.160000e-15 1.416337e+21 2.006012e+42
9.170000e-15 1.377466e+21 1.897411e+42
9.180000e-15 1.335176e+21 1.782695e+42
9.190000e-15 1.289583e+21 1.663024e+42
9.200000e-15 1.240809e+21 1.539607e+42
9.210000e-15 1.188985e+21 1.413685e+42
9.220000e-15 1.134248e+21 1.286519e+42
9.230000e-15 1.076744e+21 1.159377e+42
9.240000e-15 1.016623e+21 1.033523e+42
9.250000e-15 9.540454e+20 9.102026e+41
9.260000e-15 8.891737e+20 7.906299e+41
9.270000e-15 8.221780e+20 6.759766e+41
9.280000e-15 7.532328e+20 5.673596e+41
9.290000e-15 6.825173e+20 4.658299e+41
9.300000e-15 6.102151e+20 3.723625e+41
9.310000e-15 5.365132e+20 2.878464e+41
9.320000e-15 4.616019e+20 2.130763e+41
9.330000e-15 3.856742e+20 1.487446e+41
9.340000e-15 3.089253e+20 9.543485e+40
9.350000e-15 2.315523e+20 5.361646e+40
9.360000e-15 1.537532e+20 2.364006e+40
9.370000e-15 7.572707e+19 5.734589e+39
9.380000e-15 -2.327144e+18 5.415599e+36
9.390000e-15 -8.021062e+19 6.433743e+39
9.400000e-15 -1.577254e+20 2.487729e+40
9.410000e-15 -2.346748e+20 5.507224e+40
9.420000e-15 -3.108639e+20 9.663635e+40
9.430000e-15 -3.861002e+20 1.490734e+41
9.440000e-15 -4.601940e+20 2.117785e+41
9.450000e-15 -5.329586e+20 2.840449e+41
9.460000e-15 -6.042114e+20 3.650715e+41
9.470000e-15 -6.737738e+20 4.539711e+41
9.480000e-15 -7.414717e+20 5.497803e+41
9.490000e-15 -8.071364e+20 6.514692e+41
9.500000e-15 -8.706044e+20 7.579521e+41
9.510000e-15 -9.317183e+20 8.680990e+41
9.520000e-15 -9.903269e+20 9.807473e+41
9.530000e-15 -1.046286e+21 1.094713e+42
9.540000e-15 -1.099457e+21 1.208805e+42
9.550000e-15 -1.149711e+21 1.321835e+42
9.560000e-15 -1.196925e+21 1.432629e+42
9.570000e-15 -1.240984e+21 1.540042e+42
9.580000e-15 -1.281783e+21 1.642967e+42
9.590000e-15 -1.319223e+21 1.740350e+42
9.600000e-15 -1.353216e+21 1.831194e+42
9.610000e-15 -1.383682e+21 1.914576e+42
9.620000e-15 -1.410549e+21 1.989650e+42
9.630000e-15 -1.433757e+21 2.055659e+42
9.640000e-15 -1.453253e+21 2.111944e+42
9.650000e-15 -1.468994e+21 2.157944e+42
9.660000e-15 -1.480948e+21 2.193208e+42
9.670000e-15 -1.489092e+21 2.217394e+42
9.680000e-15 -1.493412e+21 2.230278e+42
9.690000e-15 -1.493904e+21 2.231749e+42
9.700000e-15 -1.490575e+21 2.221815e+42
9.710000e-15 -1.483441e+21 2.200598e+42
9.720000e-15 -1.472528e+21 2.168338e+42
9.730000e-15 -1.457870e+21 2.125384e+42
9.740000e-15 -1.439512e+21 2.072195e+42
9.750000e-15 -1.417509e+21 2.009332e+42
9.760000e-15 -1.391924e+21 1.937452e+42
9.770000e-15 -1.362829e+21 1.857303e+42
9.780000e-15 -1.330305e+21 1.769712e+42
9.790000e-15 -1.294443e+21 1.675582e+42
9.800000e-15 -1.255340e+21 1.575878e+42
9.810000e-15 -1.213103e+21 1.471618e+42
9.820000e-15 -1.167845e+21 1.363862e+42
9.830000e-15 -1.119689e+21 1.253704e+42
9.840000e-15 -1.068763e+21 1.142255e+42
9.850000e-15 -1.015204e+21 1.030638e+42
9.860000e-15 -9.591519e+20 9.199724e+41
9.870000e-15 -9.007566e+20 8.113625e+41
9.880000e-15 -8.401717e+20 7.058885e+41
9.890000e-15 -7.775565e+20 6.045942e+41
9.900000e-15 -7.130753e+20 5.084763e+41
9.910000e-15 -6.468966e+20 4.184752e+41
9.920000e-15 -5.791933e+20 3.354649e+41
9.930000e-15 -5.101417e+20 2.602446e+41
9.940000e-15 -4.399213e+20 1.935307e+41
9.950000e-15 -3.687141e+20 1.359501e+41
9.960000e-15 -2.967044e+20 8.803351e+40
9.970000e-15 -2.240784e+20 5.021111e+40
9.980000e-15 -1.510232e+20 2.280799e+40
9.990000e-15 -7.772684e+19 6.041462e+39
1.000000e-14 -4.377719e+18 1.916443e+37
