0.000000e+00 nan nan
1.000000e-17 nan nan
2.000000e-17 nan nan
3.000000e-17 nan nan
4.000000e-17 7.843984e+04 6.152808e+09
5.000000e-17 7.302546e+05 5.332717e+11
6.000000e-17 4.519476e+06 2.042566e+13
7.000000e-17 2.110188e+07 4.452894e+14
8.000000e-17 8.016223e+07 6.425983e+15
9.000000e-17 2.601286e+08 6.766686e+16
1.000000e-16 7.454523e+08 5.556991e+17
1.100000e-16 1.931824e+09 3.731943e+18
1.200000e-16 4.607208e+09 2.122637e+19
1.300000e-16 1.024726e+10 1.050062e+20
1.400000e-16 2.147667e+10 4.612474e+20
1.500000e-16 4.276374e+10 1.828738e+21
1.600000e-16 8.143355e+10 6.631424e+21
1.700000e-16 1.491067e+11 2.223281e+22
1.800000e-16 2.636947e+11 6.953488e+22
1.900000e-16 4.521106e+11 2.044040e+23
2.000000e-16 7.538846e+11 5.683420e+23
2.100000e-16 1.225909e+12 1.502852e+24
2.200000e-16 1.948571e+12 3.796930e+24
2.300000e-16 3.033585e+12 9.202638e+24
2.400000e-16 4.633856e+12 2.147262e+25
2.500000e-16 6.955792e+12 4.838304e+25
2.600000e-16 1.027449e+13 1.055652e+26
2.700000e-16 1.495233e+13 2.235723e+26
2.800000e-16 2.146150e+13 4.605962e+26
2.900000e-16 3.041112e+13 9.248363e+26
3.000000e-16 4.257961e+13 1.813023e+27
3.100000e-16 5.895314e+13 3.475472e+27
3.200000e-16 8.077086e+13 6.523932e+27
3.300000e-16 1.095780e+14 1.200734e+28
3.400000e-16 1.472877e+14 2.169366e+28
3.500000e-16 1.962524e+14 3.851502e+28
3.600000e-16 2.593470e+14 6.726085e+28
3.700000e-16 3.400628e+14 1.156427e+29
3.800000e-16 4.426168e+14 1.959096e+29
3.900000e-16 5.720740e+14 3.272686e+29
4.000000e-16 7.344876e+14 5.394720e+29
4.100000e-16 9.370565e+14 8.780749e+29
4.200000e-16 1.188303e+15 1.412063e+30
4.300000e-16 1.498270e+15 2.244812e+30
4.400000e-16 1.878744e+15 3.529680e+30
4.500000e-16 2.343505e+15 5.492015e+30
4.600000e-16 2.908594e+15 8.459922e+30
4.700000e-16 3.592625e+15 1.290696e+31
4.800000e-16 4.417113e+15 1.951089e+31
4.900000e-16 5.406847e+15 2.923400e+31
5.000000e-16 6.590295e+15 4.343199e+31
5.100000e-16 8.000046e+15 6.400074e+31
5.200000e-16 9.673296e+15 9.357265e+31
5.300000e-16 1.165237e+16 1.357778e+32
5.400000e-16 1.398532e+16 1.955892e+32
5.500000e-16 1.672651e+16 2.797761e+32
5.600000e-16 1.993731e+16 3.974964e+32
5.700000e-16 2.368685e+16 5.610668e+32
5.800000e-16 2.805275e+16 7.869570e+32
5.900000e-16 3.312203e+16 1.097069e+33
6.000000e-16 3.899196e+16 1.520373e+33
6.100000e-16 4.577108e+16 2.094992e+33
6.200000e-16 5.358021e+16 2.870839e+33
6.300000e-16 6.255358e+16 3.912950e+33
6.400000e-16 7.284002e+16 5.305668e+33
6.500000e-16 8.460421e+16 7.157872e+33
6.600000e-16 9.802804e+16 9.609497e+33
6.700000e-16 1.133120e+17 1.283962e+34
6.800000e-16 1.306769e+17 1.707644e+34
6.900000e-16 1.503649e+17 2.260961e+34
7.000000e-16 1.726420e+17 2.980526e+34
7.100000e-16 1.977992e+17 3.912452e+34
7.200000e-16 2.261546e+17 5.114590e+34
7.300000e-16 2.580554e+17 6.659258e+34
7.400000e-16 2.938799e+17 8.636537e+34
7.500000e-16 3.340396e+17 1.115825e+35
7.600000e-16 3.789819e+17 1.436273e+35
7.700000e-16 4.291918e+17 1.842056e+35
7.800000e-16 4.851949e+17 2.354140e+35
7.900000e-16 5.475597e+17 2.998216e+35
8.000000e-16 6.169006e+17 3.805663e+35
8.100000e-16 6.938804e+17 4.814700e+35
8.200000e-16 7.792134e+17 6.071735e+35
8.300000e-16 8.736683e+17 7.632962e+35
8.400000e-16 9.780714e+17 9.566237e+35
8.500000e-16 1.093310e+18 1.195327e+36
8.600000e-16 1.220335e+18 1.489218e+36
8.700000e-16 1.360166e+18 1.850051e+36
8.800000e-16 1.513893e+18 2.291871e+36
8.900000e-16 1.682680e+18 2.831412e+36
9.000000e-16 1.867772e+18 3.488572e+36
9.100000e-16 2.070494e+18 4.286946e+36
9.200000e-16 2.292259e+18 5.254453e+36
9.300000e-16 2.534571e+18 6.424048e+36
9.400000e-16 2.799025e+18 7.834543e+36
9.500000e-16 3.087320e+18 9.531546e+36
9.600000e-16 3.401255e+18 1.156853e+37
9.700000e-16 3.742737e+18 1.400808e+37
9.800000e-16 4.113785e+18 1.692322e+37
9.900000e-16 4.516535e+18 2.039909e+37
1.000000e-15 4.953244e+18 2.453463e+37
1.010000e-15 5.426296e+18 2.944469e+37
1.020000e-15 5.938203e+18 3.526225e+37
1.030000e-15 6.491613e+18 4.214104e+37
1.040000e-15 7.089316e+18 5.025841e+37
1.050000e-15 7.734245e+18 5.981855e+37
1.060000e-15 8.429483e+18 7.105619e+37
1.070000e-15 9.178268e+18 8.424060e+37
1.080000e-15 9.983995e+18 9.968015e+37
1.090000e-15 1.085023e+19 1.177274e+38
1.100000e-15 1.178069e+19 1.387846e+38
1.110000e-15 1.277929e+19 1.633103e+38
1.120000e-15 1.385011e+19 1.918255e+38
1.130000e-15 1.499741e+19 2.249223e+38
1.140000e-15 1.622564e+19 2.632715e+38
1.150000e-15 1.753946e+19 3.076326e+38
1.160000e-15 1.894369e+19 3.588633e+38
1.170000e-15 2.044338e+19 4.179318e+38
1.180000e-15 2.204378e+19 4.859281e+38
1.190000e-15 2.375033e+19 5.640784e+38
1.200000e-15 2.556872e+19 6.537595e+38
1.210000e-15 2.750482e+19 7.565151e+38
1.220000e-15 2.956474e+19 8.740737e+38
1.230000e-15 3.175480e+19 1.008367e+39
1.240000e-15 3.408157e+19 1.161553e+39
1.250000e-15 3.655182e+19 1.336035e+39
1.260000e-15 3.917257e+19 1.534490e+39
1.270000e-15 4.195108e+19 1.759893e+39
1.280000e-15 4.489483e+19 2.015545e+39
1.290000e-15 4.801155e+19 2.305109e+39
1.300000e-15 5.130921e+19 2.632635e+39
1.310000e-15 5.479602e+19 3.002604e+39
1.320000e-15 5.848043e+19 3.419961e+39
1.330000e-15 6.237114e+19 3.890159e+39
1.340000e-15 6.647708e+19 4.419202e+39
1.350000e-15 7.080745e+19 5.013694e+39
1.360000e-15 7.537166e+19 5.680887e+39
1.370000e-15 8.017938e+19 6.428733e+39
1.380000e-15 8.524052e+19 7.265946e+39
1.390000e-15 9.056523e+19 8.202061e+39
1.400000e-15 9.616389e+19 9.247493e+39
1.410000e-15 1.020471e+20 1.041361e+40
1.420000e-15 1.082257e+20 1.171281e+40
1.430000e-15 1.147109e+20 1.315858e+40
1.440000e-15 1.215138e+20 1.476559e+40
1.450000e-15 1.286460e+20 1.654978e+40
1.460000e-15 1.361192e+20 1.852842e+40
1.470000e-15 1.439453e+20 2.072025e+40
1.480000e-15 1.521365e+20 2.314553e+40
1.490000e-15 1.607052e+20 2.582615e+40
1.500000e-15 1.696637e+20 2.878577e+40
1.510000e-15 1.790248e+20 3.204989e+40
1.520000e-15 1.888014e+20 3.564598e+40
1.530000e-15 1.990065e+20 3.960357e+40
1.540000e-15 2.096531e+20 4.395443e+40
1.550000e-15 2.207547e+20 4.873264e+40
1.560000e-15 2.323246e+20 5.397473e+40
1.570000e-15 2.443764e+20 5.971984e+40
1.580000e-15 2.569238e+20 6.600982e+40
1.590000e-15 2.699803e+20 7.288939e+40
1.600000e-15 2.835600e+20 8.040628e+40
1.610000e-15 2.976766e+20 8.861136e+40
1.620000e-15 3.123441e+20 9.755881e+40
1.630000e-15 3.275763e+20 1.073062e+41
1.640000e-15 3.433873e+20 1.179149e+41
1.650000e-15 3.597911e+20 1.294496e+41
1.660000e-15 3.768015e+20 1.419793e+41
1.670000e-15 3.944324e+20 1.555769e+41
1.680000e-15 4.126978e+20 1.703195e+41
1.690000e-15 4.316114e+20 1.862884e+41
1.700000e-15 4.511868e+20 2.035695e+41
1.710000e-15 4.714376e+20 2.222534e+41
1.720000e-15 4.923773e+20 2.424354e+41
1.730000e-15 5.140191e+20 2.642157e+41
1.740000e-15 5.363761e+20 2.876993e+41
1.750000e-15 5.594612e+20 3.129969e+41
1.760000e-15 5.832871e+20 3.402238e+41
1.770000e-15 6.078661e+20 3.695012e+41
1.780000e-15 6.332105e+20 4.009555e+41
1.790000e-15 6.593321e+20 4.347188e+41
1.800000e-15 6.862423e+20 4.709285e+41
1.810000e-15 7.139525e+20 5.097282e+41
1.820000e-15 7.424735e+20 5.512669e+41
1.830000e-15 7.718156e+20 5.956994e+41
1.840000e-15 8.019890e+20 6.431864e+41
1.850000e-15 8.330032e+20 6.938943e+41
1.860000e-15 8.648672e+20 7.479953e+41
1.870000e-15 8.975898e+20 8.056674e+41
1.880000e-15 9.311790e+20 8.670943e+41
1.890000e-15 9.656423e+20 9.324651e+41
1.900000e-15 1.000987e+21 1.001975e+42
1.910000e-15 1.037219e+21 1.075823e+42
1.920000e-15 1.074344e+21 1.154216e+42
1.930000e-15 1.112368e+21 1.237363e+42
1.940000e-15 1.151295e+21 1.325479e+42
1.950000e-15 1.191128e+21 1.418786e+42
1.960000e-15 1.231871e+21 1.517506e+42
1.970000e-15 1.273526e+21 1.621868e+42
1.980000e-15 1.316094e+21 1.732103e+42
1.990000e-15 1.359576e+21 1.848448e+42
2.000000e-15 1.403973e+21 1.971140e+42
2.010000e-15 1.449282e+21 2.100420e+42
2.020000e-15 1.495503e+21 2.236530e+42
2.030000e-15 1.542633e+21 2.379716e+42
2.040000e-15 1.590667e+21 2.530222e+42
2.050000e-15 1.639602e+21 2.688295e+42
2.060000e-15 1.689432e+21 2.854180e+42
2.070000e-15 1.740150e+21 3.028123e+42
2.080000e-15 1.791750e+21 3.210367e+42
2.090000e-15 1.844222e+21 3.401154e+42
2.100000e-15 1.897557e+21 3.600724e+42
2.110000e-15 1.951745e+21 3.809310e+42
2.120000e-15 2.006775e+21 4.027145e+42
2.130000e-15 2.062633e+21 4.254454e+42
2.140000e-15 2.119306e+21 4.491457e+42
2.150000e-15 2.176779e+21 4.738367e+42
2.160000e-15 2.235037e+21 4.995389e+42
2.170000e-15 2.294062e+21 5.262719e+42
2.180000e-15 2.353836e+21 5.540544e+42
2.190000e-15 2.414341e+21 5.829041e+42
2.200000e-15 2.475555e+21 6.128373e+42
2.210000e-15 2.537458e+21 6.438693e+42
2.220000e-15 2.600027e+21 6.760138e+42
2.230000e-15 2.663237e+21 7.092834e+42
2.240000e-15 2.727066e+21 7.436886e+42
2.250000e-15 2.791485e+21 7.792388e+42
2.260000e-15 2.856469e+21 8.159413e+42
2.270000e-15 2.921988e+21 8.538015e+42
2.280000e-15 2.988015e+21 8.928231e+42
2.290000e-15 3.054517e+21 9.330074e+42
2.300000e-15 3.121464e+21 9.743537e+42
2.310000e-15 3.188823e+21 1.016859e+43
2.320000e-15 3.256560e+21 1.060518e+43
2.330000e-15 3.324640e+21 1.105323e+43
2.340000e-15 3.393028e+21 1.151264e+43
2.350000e-15 3.461687e+21 1.198328e+43
2.360000e-15 3.530578e+21 1.246498e+43
2.370000e-15 3.599663e+21 1.295757e+43
2.380000e-15 3.668902e+21 1.346084e+43
2.390000e-15 3.738253e+21 1.397454e+43
2.400000e-15 3.807676e+21 1.449839e+43
2.410000e-15 3.877127e+21 1.503211e+43
2.420000e-15 3.946562e+21 1.557536e+43
2.430000e-15 4.015939e+21 1.612776e+43
2.440000e-15 4.085210e+21 1.668894e+43
2.450000e-15 4.154330e+21 1.725845e+43
2.460000e-15 4.223252e+21 1.783586e+43
2.470000e-15 4.291928e+21 1.842065e+43
2.480000e-15 4.360311e+21 1.901231e+43
2.490000e-15 4.428352e+21 1.961030e+43
2.500000e-15 4.496000e+21 2.021401e+43
2.510000e-15 4.563206e+21 2.082284e+43
2.520000e-15 4.629918e+21 2.143614e+43
2.530000e-15 4.696087e+21 2.205323e+43
2.540000e-15 4.761660e+21 2.267341e+43
2.550000e-15 4.826586e+21 2.329593e+43
2.560000e-15 4.890811e+21 2.392003e+43
2.570000e-15 4.954283e+21 2.454492e+43
2.580000e-15 5.016950e+21 2.516979e+43
2.590000e-15 5.078758e+21 2.579378e+43
2.600000e-15 5.139653e+21 2.641603e+43
2.610000e-15 5.199583e+21 2.703566e+43
2.620000e-15 5.258493e+21 2.765175e+43
2.630000e-15 5.316330e+21 2.826336e+43
2.640000e-15 5.373040e+21 2.886956e+43
2.650000e-15 5.428570e+21 2.946937e+43
2.660000e-15 5.482867e+21 3.006183e+43
2.670000e-15 5.535876e+21 3.064593e+43
2.680000e-15 5.587546e+21 3.122068e+43
2.690000e-15 5.637824e+21 3.178506e+43
2.700000e-15 5.686657e+21 3.233806e+43
2.710000e-15 5.733993e+21 3.287867e+43
2.720000e-15 5.779780e+21 3.340586e+43
2.730000e-15 5.823969e+21 3.391861e+43
2.740000e-15 5.866507e+21 3.441591e+43
2.750000e-15 5.907346e+21 3.489674e+43
2.760000e-15 5.946437e+21 3.536011e+43
2.770000e-15 5.983730e+21 3.580502e+43
2.780000e-15 6.019178e+21 3.623050e+43
2.790000e-15 6.052734e+21 3.663559e+43
2.800000e-15 6.084353e+21 3.701935e+43
2.810000e-15 6.113989e+21 3.738086e+43
2.820000e-15 6.141598e+21 3.771922e+43
2.830000e-15 6.167137e+21 3.803358e+43
2.840000e-15 6.190564e+21 3.832309e+43
2.850000e-15 6.211839e+21 3.858695e+43
2.860000e-15 6.230922e+21 3.882439e+43
2.870000e-15 6.247774e+21 3.903468e+43
2.880000e-15 6.262358e+21 3.921713e+43
2.890000e-15 6.274639e+21 3.937110e+43
2.900000e-15 6.284582e+21 3.949598e+43
2.910000e-15 6.292155e+21 3.959121e+43
2.920000e-15 6.297325e+21 3.965630e+43
2.930000e-15 6.300063e+21 3.969079e+43
2.940000e-15 6.300340e+21 3.969428e+43
2.950000e-15 6.298130e+21 3.966644e+43
2.960000e-15 6.293407e+21 3.960697e+43
2.970000e-15 6.286148e+21 3.951565e+43
2.980000e-15 6.276330e+21 3.939232e+43
2.990000e-15 6.263935e+21 3.923688e+43
3.000000e-15 6.248943e+21 3.904929e+43
3.010000e-15 6.231339e+21 3.882958e+43
3.020000e-15 6.211106e+21 3.857784e+43
3.030000e-15 6.188234e+21 3.829424e+43
3.040000e-15 6.162710e+21 3.797900e+43
3.050000e-15 6.134527e+21 3.763242e+43
3.060000e-15 6.103676e+21 3.725486e+43
3.070000e-15 6.070154e+21 3.684676e+43
3.080000e-15 6.033956e+21 3.640862e+43
3.090000e-15 5.995082e+21 3.594101e+43
3.100000e-15 5.953534e+21 3.544456e+43
3.110000e-15 5.909313e+21 3.491998e+43
3.120000e-15 5.862426e+21 3.436804e+43
3.130000e-15 5.812880e+21 3.378957e+43
3.140000e-15 5.760683e+21 3.318547e+43
3.150000e-15 5.705848e+21 3.255671e+43
3.160000e-15 5.648389e+21 3.190429e+43
3.170000e-15 5.588320e+21 3.122932e+43
3.180000e-15 5.525659e+21 3.053291e+43
3.190000e-15 5.460427e+21 2.981627e+43
3.200000e-15 5.392646e+21 2.908063e+43
3.210000e-15 5.322340e+21 2.832730e+43
3.220000e-15 5.249535e+21 2.755761e+43
3.230000e-15 5.174259e+21 2.677296e+43
3.240000e-15 5.096544e+21 2.597476e+43
3.250000e-15 5.016421e+21 2.516448e+43
3.260000e-15 4.933926e+21 2.434363e+43
3.270000e-15 4.849095e+21 2.351373e+43
3.280000e-15 4.761968e+21 2.267634e+43
3.290000e-15 4.672585e+21 2.183305e+43
3.300000e-15 4.580989e+21 2.098546e+43
3.310000e-15 4.487225e+21 2.013518e+43
3.320000e-15 4.391339e+21 1.928386e+43
3.330000e-15 4.293382e+21 1.843313e+43
3.340000e-15 4.193404e+21 1.758463e+43
3.350000e-15 4.091456e+21 1.674002e+43
3.360000e-15 3.987595e+21 1.590092e+43
3.370000e-15 3.881877e+21 1.506897e+43
3.380000e-15 3.774359e+21 1.424578e+43
3.390000e-15 3.665101e+21 1.343297e+43
3.400000e-15 3.554167e+21 1.263210e+43
3.410000e-15 3.441618e+21 1.184473e+43
3.420000e-15 3.327520e+21 1.107239e+43
3.430000e-15 3.211940e+21 1.031656e+43
3.440000e-15 3.094946e+21 9.578693e+42
3.450000e-15 2.976608e+21 8.860198e+42
3.460000e-15 2.856998e+21 8.162437e+42
3.470000e-15 2.736187e+21 7.486720e+42
3.480000e-15 2.614251e+21 6.834307e+42
3.490000e-15 2.491264e+21 6.206395e+42
3.500000e-15 2.367303e+21 5.604124e+42
3.510000e-15 2.242447e+21 5.028567e+42
3.520000e-15 2.116774e+21 4.480730e+42
3.530000e-15 1.990364e+21 3.961549e+42
3.540000e-15 1.863299e+21 3.471884e+42
3.550000e-15 1.735661e+21 3.012521e+42
3.560000e-15 1.607534e+21 2.584165e+42
3.570000e-15 1.479001e+21 2.187443e+42
3.580000e-15 1.350146e+21 1.822895e+42
3.590000e-15 1.221057e+21 1.490979e+42
3.600000e-15 1.091818e+21 1.192066e+42
3.610000e-15 9.625164e+20 9.264378e+41
3.620000e-15 8.332400e+20 6.942889e+41
3.630000e-15 7.040762e+20 4.957234e+41
3.640000e-15 5.751134e+20 3.307554e+41
3.650000e-15 4.464398e+20 1.993085e+41
3.660000e-15 3.181443e+20 1.012158e+41
3.670000e-15 1.903156e+20 3.622004e+40
3.680000e-15 6.304288e+19 3.974405e+39
3.690000e-15 -6.358500e+19 4.043052e+39
3.700000e-15 -1.894791e+20 3.590233e+40
3.710000e-15 -3.145506e+20 9.894210e+40
3.720000e-15 -4.387110e+20 1.924674e+41
3.730000e-15 -5.618720e+20 3.157001e+41
3.740000e-15 -6.839456e+20 4.677816e+41
3.750000e-15 -8.048444e+20 6.477745e+41
3.760000e-15 -9.244815e+20 8.546660e+41
3.770000e-15 -1.042770e+21 1.087370e+42
3.780000e-15 -1.159626e+21 1.344732e+42
3.790000e-15 -1.274962e+21 1.625529e+42
3.800000e-15 -1.388696e+21 1.928477e+42
3.810000e-15 -1.500744e+21 2.252233e+42
3.820000e-15 -1.611024e+21 2.595399e+42
3.830000e-15 -1.719455e+21 2.956527e+42
3.840000e-15 -1.825957e+21 3.334120e+42
3.850000e-15 -1.930452e+21 3.726643e+42
3.860000e-15 -2.032861e+21 4.132523e+42
3.870000e-15 -2.133109e+21 4.550154e+42
3.880000e-15 -2.231121e+21 4.977903e+42
3.890000e-15 -2.326825e+21 5.414116e+42
3.900000e-15 -2.420149e+21 5.857121e+42
3.910000e-15 -2.511023e+21 6.305236e+42
3.920000e-15 -2.599379e+21 6.756771e+42
3.930000e-15 -2.685151e+21 7.210037e+42
3.940000e-15 -2.768275e+21 7.663346e+42
3.950000e-15 -2.848688e+21 8.115024e+42
3.960000e-15 -2.926331e+21 8.563410e+42
3.970000e-15 -3.001144e+21 9.006864e+42
3.980000e-15 -3.073072e+21 9.443771e+42
3.990000e-15 -3.142061e+21 9.872548e+42
4.000000e-15 -3.208060e+21 1.029165e+43
4.010000e-15 -3.271019e+21 1.069956e+43
4.020000e-15 -3.330891e+21 1.109484e+43
4.030000e-15 -3.387633e+21 1.147606e+43
4.040000e-15 -3.441202e+21 1.184187e+43
4.050000e-15 -3.491559e+21 1.219098e+43
4.060000e-15 -3.538667e+21 1.252217e+43
4.070000e-15 -3.582493e+21 1.283425e+43
4.080000e-15 -3.623005e+21 1.312616e+43
4.090000e-15 -3.660174e+21 1.339687e+43
4.100000e-15 -3.693975e+21 1.364545e+43
4.110000e-15 -3.724385e+21 1.387104e+43
4.120000e-15 -3.751383e+21 1.407287e+43
4.130000e-15 -3.774953e+21 1.425027e+43
4.140000e-15 -3.795080e+21 1.440263e+43
4.150000e-15 -3.811753e+21 1.452946e+43
4.160000e-15 -3.824964e+21 1.463035e+43
4.170000e-15 -3.834707e+21 1.470498e+43
4.180000e-15 -3.840980e+21 1.475313e+43
4.190000e-15 -3.843784e+21 1.477467e+43
4.200000e-15 -3.843122e+21 1.476959e+43
4.210000e-15 -3.839002e+21 1.473793e+43
4.220000e-15 -3.831432e+21 1.467987e+43
4.230000e-15 -3.820427e+21 1.459567e+43
4.240000e-15 -3.806003e+21 1.448566e+43
4.250000e-15 -3.788178e+21 1.435029e+43
4.260000e-15 -3.766974e+21 1.419010e+43
4.270000e-15 -3.742418e+21 1.400569e+43
4.280000e-15 -3.714537e+21 1.379778e+43
4.290000e-15 -3.683362e+21 1.356716e+43
4.300000e-15 -3.648929e+21 1.331468e+43
4.310000e-15 -3.611273e+21 1.304130e+43
4.320000e-15 -3.570437e+21 1.274802e+43
4.330000e-15 -3.526463e+21 1.243594e+43
4.340000e-15 -3.479397e+21 1.210620e+43
4.350000e-15 -3.429289e+21 1.176002e+43
4.360000e-15 -3.376190e+21 1.139866e+43
4.370000e-15 -3.320155e+21 1.102343e+43
4.380000e-15 -3.261242e+21 1.063570e+43
4.390000e-15 -3.199511e+21 1.023687e+43
4.400000e-15 -3.135025e+21 9.828379e+42
4.410000e-15 -3.067849e+21 9.411697e+42
4.420000e-15 -2.998052e+21 8.988315e+42
4.430000e-15 -2.925704e+21 8.559745e+42
4.440000e-15 -2.850879e+21 8.127509e+42
4.450000e-15 -2.773651e+21 7.693140e+42
4.460000e-15 -2.694099e+21 7.258169e+42
4.470000e-15 -2.612303e+21 6.824124e+42
4.480000e-15 -2.528344e+21 6.392522e+42
4.490000e-15 -2.442307e+21 5.964865e+42
4.500000e-15 -2.354279e+21 5.542630e+42
4.510000e-15 -2.264347e+21 5.127270e+42
4.520000e-15 -2.172603e+21 4.720203e+42
4.530000e-15 -2.079137e+21 4.322810e+42
4.540000e-15 -1.984043e+21 3.936427e+42
4.550000e-15 -1.887417e+21 3.562342e+42
4.560000e-15 -1.789355e+21 3.201790e+42
4.570000e-15 -1.689955e+21 2.855948e+42
4.580000e-15 -1.589317e+21 2.525929e+42
4.590000e-15 -1.487541e+21 2.212780e+42
4.600000e-15 -1.384730e+21 1.917477e+42
4.610000e-15 -1.280986e+21 1.640925e+42
4.620000e-15 -1.176412e+21 1.383946e+42
4.630000e-15 -1.071114e+21 1.147285e+42
4.640000e-15 -9.651966e+20 9.316045e+41
4.650000e-15 -8.587656e+20 7.374784e+41
4.660000e-15 -7.519276e+20 5.653951e+41
4.670000e-15 -6.447893e+20 4.157533e+41
4.680000e-15 -5.374579e+20 2.888610e+41
4.690000e-15 -4.300406e+20 1.849349e+41
4.700000e-15 -3.226448e+20 1.040997e+41
4.710000e-15 -2.153778e+20 4.638760e+40
4.720000e-15 -1.083467e+20 1.173902e+40
4.730000e-15 -1.658557e+18 2.750810e+36
4.740000e-15 1.045802e+20 1.093702e+40
4.750000e-15 2.102636e+20 4.421076e+40
4.760000e-15 3.152860e+20 9.940523e+40
4.770000e-15 4.195427e+20 1.760160e+41
4.780000e-15 5.229297e+20 2.734555e+41
4.790000e-15 6.253440e+20 3.910552e+41
4.800000e-15 7.266837e+20 5.280692e+41
4.810000e-15 8.268477e+20 6.836772e+41
4.820000e-15 9.257366e+20 8.569882e+41
4.830000e-15 1.023252e+21 1.047045e+42
4.840000e-15 1.119297e+21 1.252826e+42
4.850000e-15 1.213776e+21 1.473253e+42
4.860000e-15 1.306597e+21 1.707195e+42
4.870000e-15 1.397666e+21 1.953469e+42
4.880000e-15 1.486894e+21 2.210853e+42
4.890000e-15 1.574193e+21 2.478082e+42
4.900000e-15 1.659476e+21 2.753862e+42
4.910000e-15 1.742661e+21 3.036868e+42
4.920000e-15 1.823665e+21 3.325755e+42
4.930000e-15 1.902410e+21 3.619162e+42
4.940000e-15 1.978817e+21 3.915717e+42
4.950000e-15 2.052814e+21 4.214043e+42
4.960000e-15 2.124327e+21 4.512765e+42
4.970000e-15 2.193288e+21 4.810513e+42
4.980000e-15 2.259631e+21 5.105932e+42
4.990000e-15 2.323291e+21 5.397683e+42
5.000000e-15 2.384209e+21 5.684453e+42
5.010000e-15 2.442326e+21 5.964956e+42
5.020000e-15 2.497587e+21 6.237943e+42
5.030000e-15 2.549941e+21 6.502202e+42
5.040000e-15 2.599340e+21 6.756567e+42
5.050000e-15 2.645737e+21 6.999923e+42
5.060000e-15 2.689090e+21 7.231207e+42
5.070000e-15 2.729362e+21 7.449415e+42
5.080000e-15 2.766515e+21 7.653605e+42
5.090000e-15 2.800518e+21 7.842903e+42
5.100000e-15 2.831343e+21 8.016501e+42
5.110000e-15 2.858963e+21 8.173668e+42
5.120000e-15 2.883357e+21 8.313745e+42
5.130000e-15 2.904506e+21 8.436154e+42
5.140000e-15 2.922396e+21 8.540396e+42
5.150000e-15 2.937015e+21 8.626055e+42
5.160000e-15 2.948355e+21 8.692797e+42
5.170000e-15 2.956412e+21 8.740375e+42
5.180000e-15 2.961186e+21 8.768625e+42
5.190000e-15 2.962680e+21 8.777471e+42
5.200000e-15 2.960899e+21 8.766921e+42
5.210000e-15 2.955853e+21 8.737070e+42
5.220000e-15 2.947558e+21 8.688096e+42
5.230000e-15 2.936028e+21 8.620261e+42
5.240000e-15 2.921286e+21 8.533911e+42
5.250000e-15 2.903355e+21 8.429468e+42
5.260000e-15 2.882262e+21 8.307436e+42
5.270000e-15 2.858040e+21 8.168391e+42
5.280000e-15 2.830721e+21 8.012984e+42
5.290000e-15 2.800345e+21 7.841933e+42
5.300000e-15 2.766952e+21 7.656025e+42
5.310000e-15 2.730587e+21 7.456105e+42
5.320000e-15 2.691297e+21 7.243080e+42
5.330000e-15 2.649133e+21 7.017908e+42
5.340000e-15 2.604150e+21 6.781597e+42
5.350000e-15 2.556404e+21 6.535201e+42
5.360000e-15 2.505955e+21 6.279811e+42
5.370000e-15 2.452867e+21 6.016555e+42
5.380000e-15 2.397205e+21 5.746590e+42
5.390000e-15 2.339038e+21 5.471097e+42
5.400000e-15 2.278437e+21 5.191274e+42
5.410000e-15 2.215477e+21 4.908336e+42
5.420000e-15 2.150233e+21 4.623503e+42
5.430000e-15 2.082786e+21 4.337998e+42
5.440000e-15 2.013217e+21 4.053041e+42
5.450000e-15 1.941608e+21 3.769843e+42
5.460000e-15 1.868047e+21 3.489600e+42
5.470000e-15 1.792621e+21 3.213492e+42
5.480000e-15 1.715421e+21 2.942669e+42
5.490000e-15 1.636538e+21 2.678256e+42
5.500000e-15 1.556066e+21 2.421340e+42
5.510000e-15 1.474100e+21 2.172970e+42
5.520000e-15 1.390737e+21 1.934150e+42
5.530000e-15 1.306076e+21 1.705835e+42
5.540000e-15 1.220217e+21 1.488929e+42
5.550000e-15 1.133260e+21 1.284279e+42
5.560000e-15 1.045308e+21 1.092669e+42
5.570000e-15 9.564642e+20 9.148238e+41
5.580000e-15 8.668320e+20 7.513978e+41
5.590000e-15 7.765165e+20 6.029779e+41
5.600000e-15 6.856231e+20 4.700791e+41
5.610000e-15 5.942579e+20 3.531424e+41
5.620000e-15 5.025270e+20 2.525334e+41
5.630000e-15 4.105373e+20 1.685409e+41
5.640000e-15 3.183954e+20 1.013756e+41
5.650000e-15 2.262082e+20 5.117015e+40
5.660000e-15 1.340824e+20 1.797810e+40
5.670000e-15 4.212455e+19 1.774478e+39
5.680000e-15 -4.955924e+19 2.456118e+39
5.690000e-15 -1.408633e+20 1.984246e+40
5.700000e-15 -2.316824e+20 5.367673e+40
5.710000e-15 -3.219123e+20 1.036275e+41
5.720000e-15 -4.114493e+20 1.692905e+41
5.730000e-15 -5.001909e+20 2.501909e+41
5.740000e-15 -5.880355e+20 3.457857e+41
5.750000e-15 -6.748827e+20 4.554667e+41
5.760000e-15 -7.606336e+20 5.785635e+41
5.770000e-15 -8.451906e+20 7.143471e+41
5.780000e-15 -9.284574e+20 8.620332e+41
5.790000e-15 -1.010340e+21 1.020787e+42
5.800000e-15 -1.090745e+21 1.189725e+42
5.810000e-15 -1.169582e+21 1.367923e+42
5.820000e-15 -1.246763e+21 1.554418e+42
5.830000e-15 -1.322200e+21 1.748213e+42
5.840000e-15 -1.395809e+21 1.948283e+42
5.850000e-15 -1.467508e+21 2.153579e+42
5.860000e-15 -1.537216e+21 2.363033e+42
5.870000e-15 -1.604857e+21 2.575565e+42
5.880000e-15 -1.670355e+21 2.790086e+42
5.890000e-15 -1.733638e+21 3.005502e+42
5.900000e-15 -1.794637e+21 3.220724e+42
5.910000e-15 -1.853286e+21 3.434668e+42
5.920000e-15 -1.909519e+21 3.646263e+42
5.930000e-15 -1.963277e+21 3.854456e+42
5.940000e-15 -2.014501e+21 4.058215e+42
5.950000e-15 -2.063138e+21 4.256537e+42
5.960000e-15 -2.109134e+21 4.448448e+42
5.970000e-15 -2.152443e+21 4.633011e+42
5.980000e-15 -2.193019e+21 4.809332e+42
5.990000e-15 -2.230820e+21 4.976559e+42
6.000000e-15 -2.265808e+21 5.133888e+42
6.010000e-15 -2.297949e+21 5.280569e+42
6.020000e-15 -2.327210e+21 5.415907e+42
6.030000e-15 -2.353564e+21 5.539263e+42
6.040000e-15 -2.376986e+21 5.650064e+42
6.050000e-15 -2.397456e+21 5.747796e+42
6.060000e-15 -2.414956e+21 5.832014e+42
6.070000e-15 -2.429473e+21 5.902339e+42
6.080000e-15 -2.440996e+21 5.958463e+42
6.090000e-15 -2.449520e+21 6.000146e+42
6.100000e-15 -2.455040e+21 6.027222e+42
6.110000e-15 -2.457559e+21 6.039595e+42
6.120000e-15 -2.457080e+21 6.037241e+42
6.130000e-15 -2.453611e+21 6.020209e+42
6.140000e-15 -2.447165e+21 5.988618e+42
6.150000e-15 -2.437756e+21 5.942656e+42
6.160000e-15 -2.425403e+21 5.882582e+42
6.170000e-15 -2.410129e+21 5.808722e+42
6.180000e-15 -2.391959e+21 5.721467e+42
6.190000e-15 -2.370922e+21 5.621271e+42
6.200000e-15 -2.347052e+21 5.508651e+42
6.210000e-15 -2.320383e+21 5.384178e+42
6.220000e-15 -2.290957e+21 5.248483e+42
6.230000e-15 -2.258815e+21 5.102243e+42
6.240000e-15 -2.224003e+21 4.946188e+42
6.250000e-15 -2.186571e+21 4.781091e+42
6.260000e-15 -2.146570e+21 4.607763e+42
6.270000e-15 -2.104056e+21 4.427054e+42
6.280000e-15 -2.059088e+21 4.239844e+42
6.290000e-15 -2.011726e+21 4.047043e+42
6.300000e-15 -1.962035e+21 3.849581e+42
6.310000e-15 -1.910080e+21 3.648407e+42
6.320000e-15 -1.855933e+21 3.444486e+42
6.330000e-15 -1.799663e+21 3.238787e+42
6.340000e-15 -1.741346e+21 3.032287e+42
6.350000e-15 -1.681059e+21 2.825960e+42
6.360000e-15 -1.618881e+21 2.620774e+42
6.370000e-15 -1.554892e+21 2.417689e+42
6.380000e-15 -1.489177e+21 2.217647e+42
6.390000e-15 -1.421820e+21 2.021572e+42
6.400000e-15 -1.352909e+21 1.830362e+42
6.410000e-15 -1.282533e+21 1.644890e+42
6.420000e-15 -1.210782e+21 1.465992e+42
6.430000e-15 -1.137748e+21 1.294471e+42
6.440000e-15 -1.063526e+21 1.131087e+42
6.450000e-15 -9.882091e+20 9.765572e+41
6.460000e-15 -9.118944e+20 8.315513e+41
6.470000e-15 -8.346786e+20 6.966884e+41
6.480000e-15 -7.566600e+20 5.725343e+41
6.490000e-15 -6.779372e+20 4.595989e+41
6.500000e-15 -5.986100e+20 3.583339e+41
6.510000e-15 -5.187783e+20 2.691310e+41
6.520000e-15 -4.385429e+20 1.923198e+41
6.530000e-15 -3.580045e+20 1.281672e+41
6.540000e-15 -2.772643e+20 7.687548e+40
6.550000e-15 -1.964234e+20 3.858216e+40
6.560000e-15 -1.155830e+20 1.335943e+40
6.570000e-15 -3.484394e+19 1.214100e+39
6.580000e-15 4.569313e+19 2.087862e+39
6.590000e-15 1.259280e+20 1.585787e+40
6.600000e-15 2.057612e+20 4.233766e+40
6.610000e-15 2.850936e+20 8.127835e+40
6.620000e-15 3.638271e+20 1.323702e+41
6.630000e-15 4.418646e+20 1.952443e+41
6.640000e-15 5.191099e+20 2.694750e+41
6.650000e-15 5.954679e+20 3.545820e+41
6.660000e-15 6.708450e+20 4.500330e+41
6.670000e-15 7.451488e+20 5.552467e+41
6.680000e-15 8.182886e+20 6.695962e+41
6.690000e-15 8.901751e+20 7.924117e+41
6.700000e-15 9.607209e+20 9.229847e+41
6.710000e-15 1.029841e+21 1.060571e+42
6.720000e-15 1.097450e+21 1.204397e+42
6.730000e-15 1.163468e+21 1.353658e+42
6.740000e-15 1.227815e+21 1.507531e+42
6.750000e-15 1.290414e+21 1.665169e+42
6.760000e-15 1.351190e+21 1.825715e+42
6.770000e-15 1.410071e+21 1.988299e+42
6.780000e-15 1.466986e+21 2.152047e+42
6.790000e-15 1.521868e+21 2.316082e+42
6.800000e-15 1.574653e+21 2.479532e+42
6.810000e-15 1.625279e+21 2.641532e+42
6.820000e-15 1.673687e+21 2.801227e+42
6.830000e-15 1.719820e+21 2.957782e+42
6.840000e-15 1.763627e+21 3.110379e+42
6.850000e-15 1.805055e+21 3.258225e+42
6.860000e-15 1.844060e+21 3.400557e+42
6.870000e-15 1.880596e+21 3.536642e+42
6.880000e-15 1.914624e+21 3.665784e+42
6.890000e-15 1.946105e+21 3.787326e+42
6.900000e-15 1.975007e+21 3.900651e+42
6.910000e-15 2.001297e+21 4.005190e+42
6.920000e-15 2.024950e+21 4.100421e+42
6.930000e-15 2.045940e+21 4.185870e+42
6.940000e-15 2.064248e+21 4.261118e+42
6.950000e-15 2.079856e+21 4.325799e+42
6.960000e-15 2.092751e+21 4.379605e+42
6.970000e-15 2.102922e+21 4.422282e+42
6.980000e-15 2.110364e+21 4.453637e+42
6.990000e-15 2.115073e+21 4.473534e+42
7.000000e-15 2.117050e+21 4.481899e+42
7.010000e-15 2.116297e+21 4.478714e+42
7.020000e-15 2.112824e+21 4.464025e+42
7.030000e-15 2.106640e+21 4.437932e+42
7.040000e-15 2.097760e+21 4.400596e+42
7.050000e-15 2.086201e+21 4.352236e+42
7.060000e-15 2.071985e+21 4.293123e+42
7.070000e-15 2.055137e+21 4.223586e+42
7.080000e-15 2.035683e+21 4.144004e+42
7.090000e-15 2.013655e+21 4.054806e+42
7.100000e-15 1.989087e+21 3.956468e+42
7.110000e-15 1.962018e+21 3.849513e+42
7.120000e-15 1.932487e+21 3.734505e+42
7.130000e-15 1.900538e+21 3.612045e+42
7.140000e-15 1.866218e+21 3.482771e+42
7.150000e-15 1.829578e+21 3.347355e+42
7.160000e-15 1.790669e+21 3.206495e+42
7.170000e-15 1.749547e+21 3.060914e+42
7.180000e-15 1.706270e+21 2.911358e+42
7.190000e-15 1.660900e+21 2.758588e+42
7.200000e-15 1.613499e+21 2.603380e+42
7.210000e-15 1.564134e+21 2.446516e+42
7.220000e-15 1.512874e+21 2.288786e+42
7.230000e-15 1.459788e+21 2.130980e+42
7.240000e-15 1.404950e+21 1.973884e+42
7.250000e-15 1.348435e+21 1.818276e+42
7.260000e-15 1.290320e+21 1.664925e+42
7.270000e-15 1.230684e+21 1.514584e+42
7.280000e-15 1.169609e+21 1.367985e+42
7.290000e-15 1.107176e+21 1.225838e+42
7.300000e-15 1.043470e+21 1.088830e+42
7.310000e-15 9.785767e+20 9.576124e+41
7.320000e-15 9.125832e+20 8.328081e+41
7.330000e-15 8.455778e+20 7.150018e+41
7.340000e-15 7.776500e+20 6.047396e+41
7.350000e-15 7.088905e+20 5.025257e+41
7.360000e-15 6.393905e+20 4.088203e+41
7.370000e-15 5.692425e+20 3.240371e+41
7.380000e-15 4.985394e+20 2.485415e+41
7.390000e-15 4.273746e+20 1.826491e+41
7.400000e-15 3.558421e+20 1.266236e+41
7.410000e-15 2.840361e+20 8.067649e+40
7.420000e-15 2.120509e+20 4.496560e+40
7.430000e-15 1.399812e+20 1.959473e+40
7.440000e-15 6.792121e+19 4.613291e+39
7.450000e-15 -4.034785e+18 1.627949e+37
7.460000e-15 -7.579288e+19 5.744561e+39
7.470000e-15 -1.472596e+20 2.168539e+40
7.480000e-15 -2.183420e+20 4.767325e+40
7.490000e-15 -2.889479e+20 8.349091e+40
7.500000e-15 -3.589858e+20 1.288708e+41
7.510000e-15 -4.283652e+20 1.834967e+41
7.520000e-15 -4.969965e+20 2.470055e+41
7.530000e-15 -5.647914e+20 3.189893e+41
7.540000e-15 -6.316628e+20 3.989979e+41
7.550000e-15 -6.975249e+20 4.865410e+41
7.560000e-15 -7.622935e+20 5.810914e+41
7.570000e-15 -8.258860e+20 6.820876e+41
7.580000e-15 -8.882213e+20 7.889370e+41
7.590000e-15 -9.492203e+20 9.010192e+41
7.600000e-15 -1.008806e+21 1.017689e+42
7.610000e-15 -1.066902e+21 1.138281e+42
7.620000e-15 -1.123437e+21 1.262111e+42
7.630000e-15 -1.178339e+21 1.388482e+42
7.640000e-15 -1.231539e+21 1.516688e+42
7.650000e-15 -1.282971e+21 1.646014e+42
7.660000e-15 -1.332571e+21 1.775746e+42
7.670000e-15 -1.380278e+21 1.905168e+42
7.680000e-15 -1.426033e+21 2.033571e+42
7.690000e-15 -1.469781e+21 2.160255e+42
7.700000e-15 -1.511467e+21 2.284531e+42
7.710000e-15 -1.551041e+21 2.405727e+42
7.720000e-15 -1.588456e+21 2.523191e+42
7.730000e-15 -1.623666e+21 2.636292e+42
7.740000e-15 -1.656631e+21 2.744428e+42
7.750000e-15 -1.687312e+21 2.847023e+42
7.760000e-15 -1.715673e+21 2.943535e+42
7.770000e-15 -1.741682e+21 3.033457e+42
7.780000e-15 -1.765309e+21 3.116317e+42
7.790000e-15 -1.786529e+21 3.191687e+42
7.800000e-15 -1.805319e+21 3.259176e+42
7.810000e-15 -1.821659e+21 3.318440e+42
7.820000e-15 -1.835532e+21 3.369180e+42
7.830000e-15 -1.846927e+21 3.411140e+42
7.840000e-15 -1.855833e+21 3.444118e+42
7.850000e-15 -1.862245e+21 3.467955e+42
7.860000e-15 -1.866158e+21 3.482546e+42
7.870000e-15 -1.867574e+21 3.487832e+42
7.880000e-15 -1.866495e+21 3.483805e+42
7.890000e-15 -1.862930e+21 3.470509e+42
7.900000e-15 -1.856888e+21 3.448033e+42
7.910000e-15 -1.848382e+21 3.416518e+42
7.920000e-15 -1.837430e+21 3.376150e+42
7.930000e-15 -1.824052e+21 3.327165e+42
7.940000e-15 -1.808270e+21 3.269839e+42
7.950000e-15 -1.790110e+21 3.204495e+42
7.960000e-15 -1.769603e+21 3.131496e+42
7.970000e-15 -1.746781e+21 3.051244e+42
7.980000e-15 -1.721679e+21 2.964179e+42
7.990000e-15 -1.694336e+21 2.870774e+42
8.000000e-15 -1.664793e+21 2.771535e+42
8.010000e-15 -1.633094e+21 2.666997e+42
8.020000e-15 -1.599287e+21 2.557719e+42
8.030000e-15 -1.563421e+21 2.444286e+42
8.040000e-15 -1.525549e+21 2.327300e+42
8.050000e-15 -1.485725e+21 2.207380e+42
8.060000e-15 -1.444008e+21 2.085159e+42
8.070000e-15 -1.400457e+21 1.961279e+42
8.080000e-15 -1.355134e+21 1.836387e+42
8.090000e-15 -1.308104e+21 1.711135e+42
8.100000e-15 -1.259433e+21 1.586172e+42
8.110000e-15 -1.209191e+21 1.462142e+42
8.120000e-15 -1.157448e+21 1.339685e+42
8.130000e-15 -1.104276e+21 1.219425e+42
8.140000e-15 -1.049750e+21 1.101976e+42
8.150000e-15 -9.939466e+20 9.879299e+41
8.160000e-15 -9.369426e+20 8.778614e+41
8.170000e-15 -8.788173e+20 7.723199e+41
8.180000e-15 -8.196512e+20 6.718281e+41
8.190000e-15 -7.595259e+20 5.768796e+41
8.200000e-15 -6.985242e+20 4.879361e+41
8.210000e-15 -6.367300e+20 4.054252e+41
8.220000e-15 -5.742281e+20 3.297379e+41
8.230000e-15 -5.111039e+20 2.612272e+41
8.240000e-15 -4.474438e+20 2.002059e+41
8.250000e-15 -3.833343e+20 1.469452e+41
8.260000e-15 -3.188629e+20 1.016736e+41
8.270000e-15 -2.541170e+20 6.457545e+40
8.280000e-15 -1.891844e+20 3.579073e+40
8.290000e-15 -1.241529e+20 1.541394e+40
8.300000e-15 -5.911031e+19 3.494029e+39
8.310000e-15 5.855654e+18 3.428868e+37
8.320000e-15 7.065761e+19 4.992497e+39
8.330000e-15 1.352085e+20 1.828135e+40
8.340000e-15 1.994219e+20 3.976909e+40
8.350000e-15 2.632118e+20 6.928044e+40
8.360000e-15 3.264930e+20 1.065977e+41
8.370000e-15 3.891813e+20 1.514620e+41
8.380000e-15 4.511931e+20 2.035752e+41
8.390000e-15 5.124462e+20 2.626011e+41
8.400000e-15 5.728595e+20 3.281680e+41
8.410000e-15 6.323530e+20 3.998703e+41
8.420000e-15 6.908482e+20 4.772713e+41
8.430000e-15 7.482683e+20 5.599054e+41
8.440000e-15 8.045376e+20 6.472808e+41
8.450000e-15 8.595827e+20 7.388824e+41
8.460000e-15 9.133314e+20 8.341742e+41
8.470000e-15 9.657138e+20 9.326031e+41
8.480000e-15 1.016662e+21 1.033601e+42
8.490000e-15 1.066109e+21 1.136589e+42
8.500000e-15 1.113993e+21 1.240980e+42
8.510000e-15 1.160250e+21 1.346180e+42
8.520000e-15 1.204822e+21 1.451596e+42
8.530000e-15 1.247652e+21 1.556636e+42
8.540000e-15 1.288685e+21 1.660710e+42
8.550000e-15 1.327870e+21 1.763239e+42
8.560000e-15 1.365157e+21 1.863653e+42
8.570000e-15 1.400499e+21 1.961397e+42
8.580000e-15 1.433852e+21 2.055933e+42
8.590000e-15 1.465176e+21 2.146741e+42
8.600000e-15 1.494432e+21 2.233326e+42
8.610000e-15 1.521584e+21 2.315217e+42
8.620000e-15 1.546599e+21 2.391970e+42
8.630000e-15 1.569449e+21 2.463171e+42
8.640000e-15 1.590107e+21 2.528439e+42
8.650000e-15 1.608548e+21 2.587427e+42
8.660000e-15 1.624753e+21 2.639822e+42
8.670000e-15 1.638703e+21 2.685349e+42
8.680000e-15 1.650386e+21 2.723773e+42
8.690000e-15 1.659788e+21 2.754897e+42
8.700000e-15 1.666903e+21 2.778565e+42
8.710000e-15 1.671725e+21 2.794663e+42
8.720000e-15 1.674251e+21 2.803118e+42
8.730000e-15 1.674485e+21 2.803899e+42
8.740000e-15 1.672429e+21 2.797019e+42
8.750000e-15 1.668091e+21 2.782529e+42
8.760000e-15 1.661483e+21 2.760524e+42
8.770000e-15 1.652616e+21 2.731140e+42
8.780000e-15 1.641509e+21 2.694552e+42
8.790000e-15 1.628180e+21 2.650972e+42
8.800000e-15 1.612654e+21 2.600652e+42
8.810000e-15 1.594954e+21 2.543878e+42
8.820000e-15 1.575110e+21 2.480971e+42
8.830000e-15 1.553153e+21 2.412285e+42
8.840000e-15 1.529118e+21 2.338201e+42
8.850000e-15 1.503041e+21 2.259133e+42
8.860000e-15 1.474963e+21 2.175515e+42
8.870000e-15 1.444925e+21 2.087809e+42
8.880000e-15 1.412973e+21 1.996494e+42
8.890000e-15 1.379155e+21 1.902069e+42
8.900000e-15 1.343520e+21 1.805046e+42
8.910000e-15 1.306121e+21 1.705952e+42
8.920000e-15 1.267013e+21 1.605321e+42
8.930000e-15 1.226252e+21 1.503694e+42
8.940000e-15 1.183898e+21 1.401615e+42
8.950000e-15 1.140012e+21 1.299628e+42
8.960000e-15 1.094658e+21 1.198276e+42
8.970000e-15 1.047900e+21 1.098094e+42
8.980000e-15 9.998051e+20 9.996103e+41
8.990000e-15 9.504425e+20 9.033410e+41
9.000000e-15 8.998823e+20 8.097881e+41
9.010000e-15 8.481961e+20 7.194366e+41
9.020000e-15 7.954572e+20 6.327522e+41
9.030000e-15 7.417402e+20 5.501785e+41
9.040000e-15 6.871208e+20 4.721349e+41
9.050000e-15 6.316757e+20 3.990142e+41
9.060000e-15 5.754829e+20 3.311806e+41
9.070000e-15 5.186211e+20 2.689678e+41
9.080000e-15 4.611697e+20 2.126775e+41
9.090000e-15 4.032090e+20 1.625775e+41
9.100000e-15 3.448197e+20 1.189006e+41
9.110000e-15 2.860829e+20 8.184344e+40
9.120000e-15 2.270802e+20 5.156544e+40
9.130000e-15 1.678934e+20 2.818819e+40
9.140000e-15 1.086042e+20 1.179488e+40
9.150000e-15 4.929457e+19 2.429955e+39
9.160000e-15 -9.953838e+18 9.907890e+37
9.170000e-15 -6.905949e+19 4.769214e+39
9.180000e-15 -1.279412e+20 1.636896e+40
9.190000e-15 -1.865183e+20 3.478909e+40
9.200000e-15 -2.447107e+20 5.988332e+40
9.210000e-15 -3.024388e+20 9.146920e+40
9.220000e-15 -3.596239e+20 1.293293e+41
9.230000e-15 -4.161882e+20 1.732126e+41
9.240000e-15 -4.720549e+20 2.228359e+41
9.250000e-15 -5.271483e+20 2.778854e+41
9.260000e-15 -5.813939e+20 3.380189e+41
9.270000e-15 -6.347183e+20 4.028674e+41
9.280000e-15 -6.870499e+20 4.720375e+41
9.290000e-15 -7.383182e+20 5.451137e+41
9.300000e-15 -7.884545e+20 6.216604e+41
9.310000e-15 -8.373917e+20 7.012249e+41
9.320000e-15 -8.850646e+20 7.833393e+41
9.330000e-15 -9.314097e+20 8.675240e+41
9.340000e-15 -9.763655e+20 9.532896e+41
9.350000e-15 -1.019873e+21 1.040140e+42
9.360000e-15 -1.061874e+21 1.127576e+42
9.370000e-15 -1.102313e+21 1.215095e+42
9.380000e-15 -1.141139e+21 1.302198e+42
9.390000e-15 -1.178300e+21 1.388391e+42
9.400000e-15 -1.213748e+21 1.473184e+42
9.410000e-15 -1.247437e+21 1.556099e+42
9.420000e-15 -1.279324e+21 1.636671e+42
9.430000e-15 -1.309369e+21 1.714447e+42
9.440000e-15 -1.337533e+21 1.788994e+42
9.450000e-15 -1.363781e+21 1.859897e+42
9.460000e-15 -1.388080e+21 1.926765e+42
9.470000e-15 -1.410400e+21 1.989229e+42
9.480000e-15 -1.430715e+21 2.046945e+42
9.490000e-15 -1.448999e+21 2.099599e+42
9.500000e-15 -1.465232e+21 2.146906e+42
9.510000e-15 -1.479395e+21 2.188611e+42
9.520000e-15 -1.491473e+21 2.224491e+42
9.530000e-15 -1.501451e+21 2.254356e+42
9.540000e-15 -1.509322e+21 2.278052e+42
9.550000e-15 -1.515077e+21 2.295458e+42
9.560000e-15 -1.518713e+21 2.306490e+42
9.570000e-15 -1.520229e+21 2.311096e+42
9.580000e-15 -1.519627e+21 2.309266e+42
9.590000e-15 -1.516911e+21 2.301020e+42
9.600000e-15 -1.512090e+21 2.286417e+42
9.610000e-15 -1.505175e+21 2.265551e+42
9.620000e-15 -1.496178e+21 2.238548e+42
9.630000e-15 -1.485116e+21 2.205570e+42
9.640000e-15 -1.472009e+21 2.166812e+42
9.650000e-15 -1.456879e+21 2.122497e+42
9.660000e-15 -1.439751e+21 2.072882e+42
9.670000e-15 -1.420652e+21 2.018251e+42
9.680000e-15 -1.399612e+21 1.958913e+42
9.690000e-15 -1.376665e+21 1.895206e+42
9.700000e-15 -1.351846e+21 1.827487e+42
9.710000e-15 -1.325193e+21 1.756136e+42
9.720000e-15 -1.296747e+21 1.681552e+42
9.730000e-15 -1.266550e+21 1.604149e+42
9.740000e-15 -1.234649e+21 1.524358e+42
9.750000e-15 -1.201090e+21 1.442618e+42
9.760000e-15 -1.165924e+21 1.359379e+42
9.770000e-15 -1.129203e+21 1.275099e+42
9.780000e-15 -1.090980e+21 1.190237e+42
9.790000e-15 -1.051312e+21 1.105257e+42
9.800000e-15 -1.010257e+21 1.020619e+42
9.810000e-15 -9.678747e+20 9.367814e+41
9.820000e-15 -9.242265e+20 8.541947e+41
9.830000e-15 -8.793759e+20 7.733019e+41
9.840000e-15 -8.333875e+20 6.945347e+41
9.850000e-15 -7.863277e+20 6.183113e+41
9.860000e-15 -7.382642e+20 5.450341e+41
9.870000e-15 -6.892659e+20 4.750875e+41
9.880000e-15 -6.394029e+20 4.088361e+41
9.890000e-15 -5.887465e+20 3.466224e+41
9.900000e-15 -5.373688e+20 2.887652e+41
9.910000e-15 -4.853430e+20 2.355578e+41
9.920000e-15 -4.327428e+20 1.872664e+41
9.930000e-15 -3.796430e+20 1.441288e+41
9.940000e-15 -3.261185e+20 1.063533e+41
9.950000e-15 -2.722450e+20 7.411731e+40
9.960000e-15 -2.180983e+20 4.756687e+40
9.970000e-15 -1.637548e+20 2.681562e+40
9.980000e-15 -1.092906e+20 1.194444e+40
9.990000e-15 -5.478230e+19 3.001101e+39
1.000000e-14 -3.061027e+17 9.369887e+34
