0.000000e+00 nan nan
1.000000e-17 7.108269e+15 5.052748e+31
2.000000e-17 5.685898e+16 3.232944e+33
3.000000e-17 1.918587e+17 3.680977e+34
4.000000e-17 4.546424e+17 2.066998e+35
5.000000e-17 8.876376e+17 7.879006e+35
6.000000e-17 1.533129e+18 2.350484e+36
7.000000e-17 2.433221e+18 5.920565e+36
8.000000e-17 3.629807e+18 1.317550e+37
9.000000e-17 5.164527e+18 2.667234e+37
1.000000e-16 7.078740e+18 5.010855e+37
1.100000e-16 9.413482e+18 8.861365e+37
1.200000e-16 1.220944e+19 1.490704e+38
1.300000e-16 1.550690e+19 2.404640e+38
1.400000e-16 1.934575e+19 3.742579e+38
1.500000e-16 2.376538e+19 5.647934e+38
1.600000e-16 2.880474e+19 8.297130e+38
1.700000e-16 3.450222e+19 1.190403e+39
1.800000e-16 4.089565e+19 1.672455e+39
1.900000e-16 4.802231e+19 2.306143e+39
2.000000e-16 5.591882e+19 3.126915e+39
2.100000e-16 6.462117e+19 4.175896e+39
2.200000e-16 7.416465e+19 5.500395e+39
2.300000e-16 8.458384e+19 7.154426e+39
2.400000e-16 9.591259e+19 9.199225e+39
2.500000e-16 1.081840e+20 1.170377e+40
2.600000e-16 1.214302e+20 1.474529e+40
2.700000e-16 1.356828e+20 1.840981e+40
2.800000e-16 1.509722e+20 2.279260e+40
2.900000e-16 1.673282e+20 2.799872e+40
3.000000e-16 1.847795e+20 3.414347e+40
3.100000e-16 2.033540e+20 4.135285e+40
3.200000e-16 2.230785e+20 4.976402e+40
3.300000e-16 2.439789e+20 5.952571e+40
3.400000e-16 2.660801e+20 7.079861e+40
3.500000e-16 2.894058e+20 8.375573e+40
3.600000e-16 3.139789e+20 9.858277e+40
3.700000e-16 3.398211e+20 1.154784e+41
3.800000e-16 3.669528e+20 1.346544e+41
3.900000e-16 3.953936e+20 1.563361e+41
4.000000e-16 4.251619e+20 1.807626e+41
4.100000e-16 4.562747e+20 2.081866e+41
4.200000e-16 4.887480e+20 2.388746e+41
4.300000e-16 5.225967e+20 2.731073e+41
4.400000e-16 5.578342e+20 3.111790e+41
4.500000e-16 5.944731e+20 3.533982e+41
4.600000e-16 6.325243e+20 4.000870e+41
4.700000e-16 6.719978e+20 4.515810e+41
4.800000e-16 7.129021e+20 5.082293e+41
4.900000e-16 7.552445e+20 5.703943e+41
5.000000e-16 7.990312e+20 6.384509e+41
5.100000e-16 8.442668e+20 7.127865e+41
5.200000e-16 8.909549e+20 7.938006e+41
5.300000e-16 9.390974e+20 8.819039e+41
5.400000e-16 9.886952e+20 9.775183e+41
5.500000e-16 1.039748e+21 1.081076e+42
5.600000e-16 1.092254e+21 1.193018e+42
5.700000e-16 1.146209e+21 1.313795e+42
5.800000e-16 1.201610e+21 1.443866e+42
5.900000e-16 1.258450e+21 1.583696e+42
6.000000e-16 1.316722e+21 1.733757e+42
6.100000e-16 1.376418e+21 1.894527e+42
6.200000e-16 1.437528e+21 2.066487e+42
6.300000e-16 1.500041e+21 2.250123e+42
6.400000e-16 1.563944e+21 2.445920e+42
6.500000e-16 1.629223e+21 2.654368e+42
6.600000e-16 1.695864e+21 2.875953e+42
6.700000e-16 1.763849e+21 3.111162e+42
6.800000e-16 1.833161e+21 3.360479e+42
6.900000e-16 1.903781e+21 3.624382e+42
7.000000e-16 1.975688e+21 3.903345e+42
7.100000e-16 2.048862e+21 4.197835e+42
7.200000e-16 2.123278e+21 4.508311e+42
7.300000e-16 2.198914e+21 4.835221e+42
7.400000e-16 2.275742e+21 5.179003e+42
7.500000e-16 2.353738e+21 5.540082e+42
7.600000e-16 2.432872e+21 5.918869e+42
7.700000e-16 2.513117e+21 6.315757e+42
7.800000e-16 2.594441e+21 6.731127e+42
7.900000e-16 2.676814e+21 7.165335e+42
8.000000e-16 2.760203e+21 7.618721e+42
8.100000e-16 2.844574e+21 8.091602e+42
8.200000e-16 2.929893e+21 8.584273e+42
8.300000e-16 3.016123e+21 9.097001e+42
8.400000e-16 3.103229e+21 9.630030e+42
8.500000e-16 3.191172e+21 1.018358e+43
8.600000e-16 3.279912e+21 1.075783e+43
8.700000e-16 3.369412e+21 1.135293e+43
8.800000e-16 3.459628e+21 1.196903e+43
8.900000e-16 3.550521e+21 1.260620e+43
9.000000e-16 3.642046e+21 1.326450e+43
9.100000e-16 3.734161e+21 1.394396e+43
9.200000e-16 3.826821e+21 1.464456e+43
9.300000e-16 3.919981e+21 1.536625e+43
9.400000e-16 4.013595e+21 1.610894e+43
9.500000e-16 4.107616e+21 1.687251e+43
9.600000e-16 4.201997e+21 1.765678e+43
9.700000e-16 4.296689e+21 1.846153e+43
9.800000e-16 4.391643e+21 1.928653e+43
9.900000e-16 4.486811e+21 2.013147e+43
1.000000e-15 4.582142e+21 2.099602e+43
1.010000e-15 4.677585e+21 2.187980e+43
1.020000e-15 4.773090e+21 2.278239e+43
1.030000e-15 4.868604e+21 2.370330e+43
1.040000e-15 4.964075e+21 2.464204e+43
1.050000e-15 5.059451e+21 2.559805e+43
1.060000e-15 5.154679e+21 2.657072e+43
1.070000e-15 5.249706e+21 2.755941e+43
1.080000e-15 5.344477e+21 2.856344e+43
1.090000e-15 5.438940e+21 2.958207e+43
1.100000e-15 5.533039e+21 3.061453e+43
1.110000e-15 5.626721e+21 3.165999e+43
1.120000e-15 5.719931e+21 3.271761e+43
1.130000e-15 5.812615e+21 3.378649e+43
1.140000e-15 5.904717e+21 3.486569e+43
1.150000e-15 5.996183e+21 3.595421e+43
1.160000e-15 6.086958e+21 3.705106e+43
1.170000e-15 6.176987e+21 3.815517e+43
1.180000e-15 6.266216e+21 3.926546e+43
1.190000e-15 6.354590e+21 4.038081e+43
1.200000e-15 6.442054e+21 4.150005e+43
1.210000e-15 6.528554e+21 4.262201e+43
1.220000e-15 6.614036e+21 4.374547e+43
1.230000e-15 6.698446e+21 4.486917e+43
1.240000e-15 6.781730e+21 4.599186e+43
1.250000e-15 6.863836e+21 4.711224e+43
1.260000e-15 6.944710e+21 4.822900e+43
1.270000e-15 7.024300e+21 4.934079e+43
1.280000e-15 7.102554e+21 5.044628e+43
1.290000e-15 7.179422e+21 5.154410e+43
1.300000e-15 7.254850e+21 5.263284e+43
1.310000e-15 7.328788e+21 5.371114e+43
1.320000e-15 7.401188e+21 5.477758e+43
1.330000e-15 7.471999e+21 5.583077e+43
1.340000e-15 7.541173e+21 5.686930e+43
1.350000e-15 7.608663e+21 5.789175e+43
1.360000e-15 7.674420e+21 5.889672e+43
1.370000e-15 7.738398e+21 5.988281e+43
1.380000e-15 7.800553e+21 6.084862e+43
1.390000e-15 7.860838e+21 6.179277e+43
1.400000e-15 7.919210e+21 6.271389e+43
1.410000e-15 7.975626e+21 6.361061e+43
1.420000e-15 8.030044e+21 6.448161e+43
1.430000e-15 8.082422e+21 6.532555e+43
1.440000e-15 8.132721e+21 6.614115e+43
1.450000e-15 8.180901e+21 6.692714e+43
1.460000e-15 8.226924e+21 6.768228e+43
1.470000e-15 8.270753e+21 6.840536e+43
1.480000e-15 8.312352e+21 6.909520e+43
1.490000e-15 8.351687e+21 6.975067e+43
1.500000e-15 8.388721e+21 7.037065e+43
1.510000e-15 8.423426e+21 7.095411e+43
1.520000e-15 8.455768e+21 7.150002e+43
1.530000e-15 8.485718e+21 7.200742e+43
1.540000e-15 8.513247e+21 7.247538e+43
1.550000e-15 8.538328e+21 7.290304e+43
1.560000e-15 8.560933e+21 7.328957e+43
1.570000e-15 8.581038e+21 7.363422e+43
1.580000e-15 8.598620e+21 7.393627e+43
1.590000e-15 8.613657e+21 7.419509e+43
1.600000e-15 8.626127e+21 7.441007e+43
1.610000e-15 8.636011e+21 7.458069e+43
1.620000e-15 8.643292e+21 7.470649e+43
1.630000e-15 8.647951e+21 7.478706e+43
1.640000e-15 8.649976e+21 7.482208e+43
1.650000e-15 8.649350e+21 7.481126e+43
1.660000e-15 8.646064e+21 7.475442e+43
1.670000e-15 8.640105e+21 7.465141e+43
1.680000e-15 8.631464e+21 7.450217e+43
1.690000e-15 8.620134e+21 7.430670e+43
1.700000e-15 8.606108e+21 7.406509e+43
1.710000e-15 8.589381e+21 7.377747e+43
1.720000e-15 8.569952e+21 7.344407e+43
1.730000e-15 8.547816e+21 7.306516e+43
1.740000e-15 8.522976e+21 7.264111e+43
1.750000e-15 8.495431e+21 7.217234e+43
1.760000e-15 8.465184e+21 7.165935e+43
1.770000e-15 8.432241e+21 7.110270e+43
1.780000e-15 8.396608e+21 7.050302e+43
1.790000e-15 8.358291e+21 6.986102e+43
1.800000e-15 8.317299e+21 6.917747e+43
1.810000e-15 8.273644e+21 6.845319e+43
1.820000e-15 8.227338e+21 6.768909e+43
1.830000e-15 8.178394e+21 6.688612e+43
1.840000e-15 8.126826e+21 6.604531e+43
1.850000e-15 8.072653e+21 6.516773e+43
1.860000e-15 8.015892e+21 6.425453e+43
1.870000e-15 7.956563e+21 6.330690e+43
1.880000e-15 7.894687e+21 6.232609e+43
1.890000e-15 7.830287e+21 6.131339e+43
1.900000e-15 7.763386e+21 6.027016e+43
1.910000e-15 7.694010e+21 5.919779e+43
1.920000e-15 7.622186e+21 5.809773e+43
1.930000e-15 7.547943e+21 5.697145e+43
1.940000e-15 7.471311e+21 5.582048e+43
1.950000e-15 7.392319e+21 5.464638e+43
1.960000e-15 7.311002e+21 5.345075e+43
1.970000e-15 7.227392e+21 5.223520e+43
1.980000e-15 7.141525e+21 5.100138e+43
1.990000e-15 7.053438e+21 4.975099e+43
2.000000e-15 6.963168e+21 4.848570e+43
2.010000e-15 6.870753e+21 4.720725e+43
2.020000e-15 6.776235e+21 4.591737e+43
2.030000e-15 6.679655e+21 4.461779e+43
2.040000e-15 6.581055e+21 4.331029e+43
2.050000e-15 6.480479e+21 4.199661e+43
2.060000e-15 6.377972e+21 4.067853e+43
2.070000e-15 6.273580e+21 3.935780e+43
2.080000e-15 6.167349e+21 3.803619e+43
2.090000e-15 6.059328e+21 3.671545e+43
2.100000e-15 5.949566e+21 3.539733e+43
2.110000e-15 5.838112e+21 3.408355e+43
2.120000e-15 5.725018e+21 3.277583e+43
2.130000e-15 5.610335e+21 3.147586e+43
2.140000e-15 5.494117e+21 3.018532e+43
2.150000e-15 5.376416e+21 2.890584e+43
2.160000e-15 5.257286e+21 2.763906e+43
2.170000e-15 5.136784e+21 2.638655e+43
2.180000e-15 5.014964e+21 2.514986e+43
2.190000e-15 4.891882e+21 2.393051e+43
2.200000e-15 4.767597e+21 2.272998e+43
2.210000e-15 4.642166e+21 2.154970e+43
2.220000e-15 4.515646e+21 2.039106e+43
2.230000e-15 4.388097e+21 1.925539e+43
2.240000e-15 4.259577e+21 1.814400e+43
2.250000e-15 4.130147e+21 1.705812e+43
2.260000e-15 3.999867e+21 1.599894e+43
2.270000e-15 3.868797e+21 1.496759e+43
2.280000e-15 3.736998e+21 1.396515e+43
2.290000e-15 3.604530e+21 1.299264e+43
2.300000e-15 3.471455e+21 1.205100e+43
2.310000e-15 3.337836e+21 1.114115e+43
2.320000e-15 3.203732e+21 1.026390e+43
2.330000e-15 3.069206e+21 9.420028e+42
2.340000e-15 2.934321e+21 8.610239e+42
2.350000e-15 2.799137e+21 7.835168e+42
2.360000e-15 2.663717e+21 7.095388e+42
2.370000e-15 2.528122e+21 6.391402e+42
2.380000e-15 2.392415e+21 5.723650e+42
2.390000e-15 2.256657e+21 5.092499e+42
2.400000e-15 2.120909e+21 4.498253e+42
2.410000e-15 1.985232e+21 3.941147e+42
2.420000e-15 1.849689e+21 3.421348e+42
2.430000e-15 1.714338e+21 2.938956e+42
2.440000e-15 1.579242e+21 2.494004e+42
2.450000e-15 1.444459e+21 2.086462e+42
2.460000e-15 1.310050e+21 1.716231e+42
2.470000e-15 1.176073e+21 1.383148e+42
2.480000e-15 1.042588e+21 1.086990e+42
2.490000e-15 9.096528e+20 8.274682e+41
2.500000e-15 7.773246e+20 6.042336e+41
2.510000e-15 6.456609e+20 4.168780e+41
2.520000e-15 5.147181e+20 2.649347e+41
2.530000e-15 3.845520e+20 1.478803e+41
2.540000e-15 2.552178e+20 6.513615e+40
2.550000e-15 1.267700e+20 1.607063e+40
2.560000e-15 -7.378583e+17 5.444349e+35
2.570000e-15 -1.272528e+20 1.619327e+40
2.580000e-15 -2.527226e+20 6.386872e+40
2.590000e-15 -3.770962e+20 1.422015e+41
2.600000e-15 -5.003229e+20 2.503230e+41
2.610000e-15 -6.223535e+20 3.873238e+41
2.620000e-15 -7.431391e+20 5.522557e+41
2.630000e-15 -8.626322e+20 7.441342e+41
2.640000e-15 -9.807860e+20 9.619411e+41
2.650000e-15 -1.097555e+21 1.204626e+42
2.660000e-15 -1.212894e+21 1.471112e+42
2.670000e-15 -1.326760e+21 1.760291e+42
2.680000e-15 -1.439109e+21 2.071036e+42
2.690000e-15 -1.549901e+21 2.402195e+42
2.700000e-15 -1.659096e+21 2.752598e+42
2.710000e-15 -1.766652e+21 3.121060e+42
2.720000e-15 -1.872533e+21 3.506381e+42
2.730000e-15 -1.976702e+21 3.907349e+42
2.740000e-15 -2.079121e+21 4.322744e+42
2.750000e-15 -2.179757e+21 4.751341e+42
2.760000e-15 -2.278576e+21 5.191908e+42
2.770000e-15 -2.375545e+21 5.643214e+42
2.780000e-15 -2.470633e+21 6.104029e+42
2.790000e-15 -2.563811e+21 6.573125e+42
2.800000e-15 -2.655048e+21 7.049281e+42
2.810000e-15 -2.744318e+21 7.531284e+42
2.820000e-15 -2.831595e+21 8.017930e+42
2.830000e-15 -2.916852e+21 8.508028e+42
2.840000e-15 -3.000067e+21 9.000401e+42
2.850000e-15 -3.081216e+21 9.493890e+42
2.860000e-15 -3.160277e+21 9.987353e+42
2.870000e-15 -3.237232e+21 1.047967e+43
2.880000e-15 -3.312059e+21 1.096974e+43
2.890000e-15 -3.384743e+21 1.145648e+43
2.900000e-15 -3.455266e+21 1.193886e+43
2.910000e-15 -3.523612e+21 1.241584e+43
2.920000e-15 -3.589768e+21 1.288644e+43
2.930000e-15 -3.653721e+21 1.334968e+43
2.940000e-15 -3.715459e+21 1.380463e+43
2.950000e-15 -3.774971e+21 1.425041e+43
2.960000e-15 -3.832248e+21 1.468613e+43
2.970000e-15 -3.887283e+21 1.511097e+43
2.980000e-15 -3.940067e+21 1.552413e+43
2.990000e-15 -3.990596e+21 1.592485e+43
3.000000e-15 -4.038864e+21 1.631242e+43
3.010000e-15 -4.084868e+21 1.668614e+43
3.020000e-15 -4.128605e+21 1.704538e+43
3.030000e-15 -4.170075e+21 1.738953e+43
3.040000e-15 -4.209277e+21 1.771801e+43
3.050000e-15 -4.246212e+21 1.803032e+43
3.060000e-15 -4.280882e+21 1.832595e+43
3.070000e-15 -4.313289e+21 1.860447e+43
3.080000e-15 -4.343439e+21 1.886547e+43
3.090000e-15 -4.371336e+21 1.910858e+43
3.100000e-15 -4.396987e+21 1.933349e+43
3.110000e-15 -4.420397e+21 1.953991e+43
3.120000e-15 -4.441576e+21 1.972760e+43
3.130000e-15 -4.460533e+21 1.989635e+43
3.140000e-15 -4.477276e+21 2.004600e+43
3.150000e-15 -4.491819e+21 2.017643e+43
3.160000e-15 -4.504171e+21 2.028756e+43
3.170000e-15 -4.514346e+21 2.037932e+43
3.180000e-15 -4.522357e+21 2.045172e+43
3.190000e-15 -4.528220e+21 2.050477e+43
3.200000e-15 -4.531948e+21 2.053855e+43
3.210000e-15 -4.533558e+21 2.055315e+43
3.220000e-15 -4.533067e+21 2.054870e+43
3.230000e-15 -4.530492e+21 2.052536e+43
3.240000e-15 -4.525852e+21 2.048334e+43
3.250000e-15 -4.519166e+21 2.042286e+43
3.260000e-15 -4.510454e+21 2.034419e+43
3.270000e-15 -4.499736e+21 2.024762e+43
3.280000e-15 -4.487033e+21 2.013346e+43
3.290000e-15 -4.472367e+21 2.000206e+43
3.300000e-15 -4.455760e+21 1.985380e+43
3.310000e-15 -4.437236e+21 1.968907e+43
3.320000e-15 -4.416819e+21 1.950829e+43
3.330000e-15 -4.394531e+21 1.931191e+43
3.340000e-15 -4.370399e+21 1.910039e+43
3.350000e-15 -4.344448e+21 1.887423e+43
3.360000e-15 -4.316703e+21 1.863393e+43
3.370000e-15 -4.287191e+21 1.838001e+43
3.380000e-15 -4.255938e+21 1.811301e+43
3.390000e-15 -4.222973e+21 1.783350e+43
3.400000e-15 -4.188322e+21 1.754204e+43
3.410000e-15 -4.152014e+21 1.723922e+43
3.420000e-15 -4.114077e+21 1.692563e+43
3.430000e-15 -4.074541e+21 1.660188e+43
3.440000e-15 -4.033434e+21 1.626859e+43
3.450000e-15 -3.990788e+21 1.592639e+43
3.460000e-15 -3.946630e+21 1.557589e+43
3.470000e-15 -3.900993e+21 1.521775e+43
3.480000e-15 -3.853907e+21 1.485260e+43
3.490000e-15 -3.805402e+21 1.448109e+43
3.500000e-15 -3.755511e+21 1.410386e+43
3.510000e-15 -3.704264e+21 1.372157e+43
3.520000e-15 -3.651694e+21 1.333487e+43
3.530000e-15 -3.597832e+21 1.294440e+43
3.540000e-15 -3.542711e+21 1.255080e+43
3.550000e-15 -3.486364e+21 1.215473e+43
3.560000e-15 -3.428822e+21 1.175682e+43
3.570000e-15 -3.370120e+21 1.135771e+43
3.580000e-15 -3.310289e+21 1.095801e+43
3.590000e-15 -3.249364e+21 1.055836e+43
3.600000e-15 -3.187377e+21 1.015937e+43
3.610000e-15 -3.124362e+21 9.761638e+42
3.620000e-15 -3.060353e+21 9.365758e+42
3.630000e-15 -2.995382e+21 8.972316e+42
3.640000e-15 -2.929485e+21 8.581884e+42
3.650000e-15 -2.862695e+21 8.195023e+42
3.660000e-15 -2.795046e+21 7.812280e+42
3.670000e-15 -2.726571e+21 7.434189e+42
3.680000e-15 -2.657305e+21 7.061269e+42
3.690000e-15 -2.587282e+21 6.694027e+42
3.700000e-15 -2.516536e+21 6.332951e+42
3.710000e-15 -2.445100e+21 5.978516e+42
3.720000e-15 -2.373010e+21 5.631178e+42
3.730000e-15 -2.300299e+21 5.291377e+42
3.740000e-15 -2.227002e+21 4.959536e+42
3.750000e-15 -2.153151e+21 4.636059e+42
3.760000e-15 -2.078782e+21 4.321333e+42
3.770000e-15 -2.003928e+21 4.015726e+42
3.780000e-15 -1.928622e+21 3.719584e+42
3.790000e-15 -1.852900e+21 3.433238e+42
3.800000e-15 -1.776794e+21 3.156997e+42
3.810000e-15 -1.700338e+21 2.891151e+42
3.820000e-15 -1.623566e+21 2.635968e+42
3.830000e-15 -1.546511e+21 2.391697e+42
3.840000e-15 -1.469207e+21 2.158568e+42
3.850000e-15 -1.391685e+21 1.936788e+42
3.860000e-15 -1.313981e+21 1.726545e+42
3.870000e-15 -1.236125e+21 1.528006e+42
3.880000e-15 -1.158152e+21 1.341316e+42
3.890000e-15 -1.080094e+21 1.166602e+42
3.900000e-15 -1.001982e+21 1.003968e+42
3.910000e-15 -9.238498e+20 8.534984e+41
3.920000e-15 -8.457286e+20 7.152569e+41
3.930000e-15 -7.676505e+20 5.892873e+41
3.940000e-15 -6.896470e+20 4.756130e+41
3.950000e-15 -6.117495e+20 3.742374e+41
3.960000e-15 -5.339890e+20 2.851443e+41
3.970000e-15 -4.563966e+20 2.082978e+41
3.980000e-15 -3.790028e+20 1.436431e+41
3.990000e-15 -3.018381e+20 9.110624e+40
4.000000e-15 -2.249326e+20 5.059469e+40
4.010000e-15 -1.483163e+20 2.199772e+40
4.020000e-15 -7.201864e+19 5.186684e+39
4.030000e-15 3.930972e+18 1.545254e+37
4.040000e-15 7.950352e+19 6.320810e+39
4.050000e-15 1.546703e+20 2.392290e+40
4.060000e-15 2.294028e+20 5.262566e+40
4.070000e-15 3.036731e+20 9.221735e+40
4.080000e-15 3.774533e+20 1.424710e+41
4.090000e-15 4.507159e+20 2.031448e+41
4.100000e-15 5.234339e+20 2.739831e+41
4.110000e-15 5.955806e+20 3.547162e+41
4.120000e-15 6.671294e+20 4.450616e+41
4.130000e-15 7.380544e+20 5.447243e+41
4.140000e-15 8.083299e+20 6.533972e+41
4.150000e-15 8.779305e+20 7.707620e+41
4.160000e-15 9.468314e+20 8.964898e+41
4.170000e-15 1.015008e+21 1.030241e+42
4.180000e-15 1.082436e+21 1.171669e+42
4.190000e-15 1.149093e+21 1.320414e+42
4.200000e-15 1.214953e+21 1.476111e+42
4.210000e-15 1.279996e+21 1.638389e+42
4.220000e-15 1.344197e+21 1.806866e+42
4.230000e-15 1.407536e+21 1.981157e+42
4.240000e-15 1.469990e+21 2.160870e+42
4.250000e-15 1.531538e+21 2.345610e+42
4.260000e-15 1.592160e+21 2.534975e+42
4.270000e-15 1.651836e+21 2.728561e+42
4.280000e-15 1.710545e+21 2.925963e+42
4.290000e-15 1.768267e+21 3.126770e+42
4.300000e-15 1.824986e+21 3.330572e+42
4.310000e-15 1.880680e+21 3.536959e+42
4.320000e-15 1.935334e+21 3.745518e+42
4.330000e-15 1.988929e+21 3.955839e+42
4.340000e-15 2.041449e+21 4.167512e+42
4.350000e-15 2.092876e+21 4.380129e+42
4.360000e-15 2.143195e+21 4.593285e+42
4.370000e-15 2.192391e+21 4.806576e+42
4.380000e-15 2.240447e+21 5.019605e+42
4.390000e-15 2.287351e+21 5.231976e+42
4.400000e-15 2.333088e+21 5.443300e+42
4.410000e-15 2.377644e+21 5.653192e+42
4.420000e-15 2.421007e+21 5.861274e+42
4.430000e-15 2.463163e+21 6.067174e+42
4.440000e-15 2.504102e+21 6.270528e+42
4.450000e-15 2.543812e+21 6.470979e+42
4.460000e-15 2.582281e+21 6.668177e+42
4.470000e-15 2.619500e+21 6.861781e+42
4.480000e-15 2.655459e+21 7.051462e+42
4.490000e-15 2.690148e+21 7.236897e+42
4.500000e-15 2.723559e+21 7.417773e+42
4.510000e-15 2.755683e+21 7.593790e+42
4.520000e-15 2.786513e+21 7.764657e+42
4.530000e-15 2.816042e+21 7.930094e+42
4.540000e-15 2.844263e+21 8.089834e+42
4.550000e-15 2.871170e+21 8.243619e+42
4.560000e-15 2.896758e+21 8.391206e+42
4.570000e-15 2.921021e+21 8.532364e+42
4.580000e-15 2.943955e+21 8.666872e+42
4.590000e-15 2.965557e+21 8.794526e+42
4.600000e-15 2.985822e+21 8.915133e+42
4.610000e-15 3.004748e+21 9.028512e+42
4.620000e-15 3.022333e+21 9.134499e+42
4.630000e-15 3.038576e+21 9.232941e+42
4.640000e-15 3.053473e+21 9.323700e+42
4.650000e-15 3.067026e+21 9.406652e+42
4.660000e-15 3.079235e+21 9.481685e+42
4.670000e-15 3.090098e+21 9.548705e+42
4.680000e-15 3.099618e+21 9.607629e+42
4.690000e-15 3.107795e+21 9.658390e+42
4.700000e-15 3.114632e+21 9.700934e+42
4.710000e-15 3.120132e+21 9.735221e+42
4.720000e-15 3.124296e+21 9.761227e+42
4.730000e-15 3.127130e+21 9.778940e+42
4.740000e-15 3.128636e+21 9.788363e+42
4.750000e-15 3.128820e+21 9.789512e+42
4.760000e-15 3.127686e+21 9.782417e+42
4.770000e-15 3.125240e+21 9.767124e+42
4.780000e-15 3.121488e+21 9.743688e+42
4.790000e-15 3.116437e+21 9.712180e+42
4.800000e-15 3.110094e+21 9.672684e+42
4.810000e-15 3.102466e+21 9.625296e+42
4.820000e-15 3.093562e+21 9.570124e+42
4.830000e-15 3.083389e+21 9.507290e+42
4.840000e-15 3.071958e+21 9.436925e+42
4.850000e-15 3.059277e+21 9.359175e+42
4.860000e-15 3.045356e+21 9.274195e+42
4.870000e-15 3.030207e+21 9.182152e+42
4.880000e-15 3.013839e+21 9.083223e+42
4.890000e-15 2.996264e+21 8.977596e+42
4.900000e-15 2.977493e+21 8.865467e+42
4.910000e-15 2.957540e+21 8.747045e+42
4.920000e-15 2.936417e+21 8.622544e+42
4.930000e-15 2.914136e+21 8.492190e+42
4.940000e-15 2.890712e+21 8.356215e+42
4.950000e-15 2.866158e+21 8.214859e+42
4.960000e-15 2.840488e+21 8.068371e+42
4.970000e-15 2.813717e+21 7.917005e+42
4.980000e-15 2.785861e+21 7.761023e+42
4.990000e-15 2.756935e+21 7.600691e+42
5.000000e-15 2.726955e+21 7.436282e+42
5.010000e-15 2.695936e+21 7.268073e+42
5.020000e-15 2.663897e+21 7.096346e+42
5.030000e-15 2.630853e+21 6.921388e+42
5.040000e-15 2.596822e+21 6.743486e+42
5.050000e-15 2.561822e+21 6.562934e+42
5.060000e-15 2.525871e+21 6.380027e+42
5.070000e-15 2.488988e+21 6.195060e+42
5.080000e-15 2.451190e+21 6.008332e+42
5.090000e-15 2.412497e+21 5.820142e+42
5.100000e-15 2.372928e+21 5.630790e+42
5.110000e-15 2.332504e+21 5.440574e+42
5.120000e-15 2.291243e+21 5.249795e+42
5.130000e-15 2.249166e+21 5.058748e+42
5.140000e-15 2.206294e+21 4.867732e+42
5.150000e-15 2.162647e+21 4.677040e+42
5.160000e-15 2.118246e+21 4.486964e+42
5.170000e-15 2.073112e+21 4.297793e+42
5.180000e-15 2.027267e+21 4.109811e+42
5.190000e-15 1.980733e+21 3.923302e+42
5.200000e-15 1.933531e+21 3.738541e+42
5.210000e-15 1.885683e+21 3.555801e+42
5.220000e-15 1.837213e+21 3.375350e+42
5.230000e-15 1.788141e+21 3.197449e+42
5.240000e-15 1.738492e+21 3.022354e+42
5.250000e-15 1.688288e+21 2.850315e+42
5.260000e-15 1.637551e+21 2.681573e+42
5.270000e-15 1.586305e+21 2.516364e+42
5.280000e-15 1.534574e+21 2.354917e+42
5.290000e-15 1.482380e+21 2.197451e+42
5.300000e-15 1.429748e+21 2.044178e+42
5.310000e-15 1.376700e+21 1.895303e+42
5.320000e-15 1.323261e+21 1.751020e+42
5.330000e-15 1.269455e+21 1.611515e+42
5.340000e-15 1.215305e+21 1.476965e+42
5.350000e-15 1.160835e+21 1.347538e+42
5.360000e-15 1.106070e+21 1.223390e+42
5.370000e-15 1.051033e+21 1.104671e+42
5.380000e-15 9.957493e+20 9.915167e+41
5.390000e-15 9.402423e+20 8.840557e+41
5.400000e-15 8.845365e+20 7.824048e+41
5.410000e-15 8.286559e+20 6.866706e+41
5.420000e-15 7.726249e+20 5.969492e+41
5.430000e-15 7.164676e+20 5.133258e+41
5.440000e-15 6.602081e+20 4.358748e+41
5.450000e-15 6.038708e+20 3.646599e+41
5.460000e-15 5.474795e+20 2.997338e+41
5.470000e-15 4.910585e+20 2.411384e+41
5.480000e-15 4.346317e+20 1.889047e+41
5.490000e-15 3.782230e+20 1.430527e+41
5.500000e-15 3.218563e+20 1.035915e+41
5.510000e-15 2.655554e+20 7.051969e+40
5.520000e-15 2.093439e+20 4.382488e+40
5.530000e-15 1.532454e+20 2.348416e+40
5.540000e-15 9.728332e+19 9.464045e+39
5.550000e-15 4.148096e+19 1.720670e+39
5.560000e-15 -1.413850e+19 1.998973e+38
5.570000e-15 -6.955203e+19 4.837485e+39
5.580000e-15 -1.247367e+20 1.555925e+40
5.590000e-15 -1.796699e+20 3.228128e+40
5.600000e-15 -2.343291e+20 5.491010e+40
5.610000e-15 -2.886918e+20 8.334293e+40
5.620000e-15 -3.427359e+20 1.174679e+41
5.630000e-15 -3.964394e+20 1.571642e+41
5.640000e-15 -4.497807e+20 2.023027e+41
5.650000e-15 -5.027381e+20 2.527456e+41
5.660000e-15 -5.552903e+20 3.083473e+41
5.670000e-15 -6.074162e+20 3.689545e+41
5.680000e-15 -6.590951e+20 4.344064e+41
5.690000e-15 -7.103063e+20 5.045350e+41
5.700000e-15 -7.610294e+20 5.791657e+41
5.710000e-15 -8.112444e+20 6.581175e+41
5.720000e-15 -8.609315e+20 7.412031e+41
5.730000e-15 -9.100712e+20 8.282296e+41
5.740000e-15 -9.586442e+20 9.189988e+41
5.750000e-15 -1.006632e+21 1.013307e+42
5.760000e-15 -1.054015e+21 1.110947e+42
5.770000e-15 -1.100776e+21 1.211707e+42
5.780000e-15 -1.146896e+21 1.315370e+42
5.790000e-15 -1.192357e+21 1.421716e+42
5.800000e-15 -1.237144e+21 1.530525e+42
5.810000e-15 -1.281237e+21 1.641569e+42
5.820000e-15 -1.324622e+21 1.754622e+42
5.830000e-15 -1.367280e+21 1.869455e+42
5.840000e-15 -1.409197e+21 1.985837e+42
5.850000e-15 -1.450357e+21 2.103535e+42
5.860000e-15 -1.490744e+21 2.222318e+42
5.870000e-15 -1.530344e+21 2.341952e+42
5.880000e-15 -1.569142e+21 2.462206e+42
5.890000e-15 -1.607123e+21 2.582846e+42
5.900000e-15 -1.644276e+21 2.703642e+42
5.910000e-15 -1.680584e+21 2.824364e+42
5.920000e-15 -1.716037e+21 2.944783e+42
5.930000e-15 -1.750621e+21 3.064675e+42
5.940000e-15 -1.784324e+21 3.183814e+42
5.950000e-15 -1.817135e+21 3.301980e+42
5.960000e-15 -1.849042e+21 3.418955e+42
5.970000e-15 -1.880034e+21 3.534526e+42
5.980000e-15 -1.910100e+21 3.648482e+42
5.990000e-15 -1.939231e+21 3.760617e+42
6.000000e-15 -1.967417e+21 3.870730e+42
6.010000e-15 -1.994649e+21 3.978623e+42
6.020000e-15 -2.020917e+21 4.084106e+42
6.030000e-15 -2.046214e+21 4.186992e+42
6.040000e-15 -2.070531e+21 4.287100e+42
6.050000e-15 -2.093862e+21 4.384258e+42
6.060000e-15 -2.116199e+21 4.478297e+42
6.070000e-15 -2.137535e+21 4.569054e+42
6.080000e-15 -2.157864e+21 4.656376e+42
6.090000e-15 -2.177181e+21 4.740115e+42
6.100000e-15 -2.195480e+21 4.820131e+42
6.110000e-15 -2.212756e+21 4.896290e+42
6.120000e-15 -2.229006e+21 4.968466e+42
6.130000e-15 -2.244224e+21 5.036543e+42
6.140000e-15 -2.258409e+21 5.100409e+42
6.150000e-15 -2.271556e+21 5.159965e+42
6.160000e-15 -2.283663e+21 5.215115e+42
6.170000e-15 -2.294728e+21 5.265775e+42
6.180000e-15 -2.304749e+21 5.311867e+42
6.190000e-15 -2.313725e+21 5.353324e+42
6.200000e-15 -2.321656e+21 5.390086e+42
6.210000e-15 -2.328540e+21 5.422101e+42
6.220000e-15 -2.334379e+21 5.449326e+42
6.230000e-15 -2.339173e+21 5.471729e+42
6.240000e-15 -2.342922e+21 5.489283e+42
6.250000e-15 -2.345628e+21 5.501972e+42
6.260000e-15 -2.347294e+21 5.509788e+42
6.270000e-15 -2.347921e+21 5.512732e+42
6.280000e-15 -2.347512e+21 5.510813e+42
6.290000e-15 -2.346071e+21 5.504048e+42
6.300000e-15 -2.343601e+21 5.492465e+42
6.310000e-15 -2.340106e+21 5.476097e+42
6.320000e-15 -2.335591e+21 5.454986e+42
6.330000e-15 -2.330061e+21 5.429185e+42
6.340000e-15 -2.323521e+21 5.398751e+42
6.350000e-15 -2.315977e+21 5.363751e+42
6.360000e-15 -2.307436e+21 5.324259e+42
6.370000e-15 -2.297903e+21 5.280357e+42
6.380000e-15 -2.287386e+21 5.232133e+42
6.390000e-15 -2.275892e+21 5.179685e+42
6.400000e-15 -2.263430e+21 5.123114e+42
6.410000e-15 -2.250007e+21 5.062530e+42
6.420000e-15 -2.235632e+21 4.998050e+42
6.430000e-15 -2.220314e+21 4.929795e+42
6.440000e-15 -2.204063e+21 4.857894e+42
6.450000e-15 -2.186888e+21 4.782480e+42
6.460000e-15 -2.168800e+21 4.703693e+42
6.470000e-15 -2.149809e+21 4.621678e+42
6.480000e-15 -2.129926e+21 4.536583e+42
6.490000e-15 -2.109162e+21 4.448563e+42
6.500000e-15 -2.087529e+21 4.357776e+42
6.510000e-15 -2.065038e+21 4.264384e+42
6.520000e-15 -2.041703e+21 4.168552e+42
6.530000e-15 -2.017536e+21 4.070451e+42
6.540000e-15 -1.992549e+21 3.970252e+42
6.550000e-15 -1.966757e+21 3.868131e+42
6.560000e-15 -1.940171e+21 3.764265e+42
6.570000e-15 -1.912808e+21 3.658834e+42
6.580000e-15 -1.884680e+21 3.552019e+42
6.590000e-15 -1.855802e+21 3.444002e+42
6.600000e-15 -1.826190e+21 3.334969e+42
6.610000e-15 -1.795857e+21 3.225102e+42
6.620000e-15 -1.764820e+21 3.114589e+42
6.630000e-15 -1.733094e+21 3.003614e+42
6.640000e-15 -1.700694e+21 2.892362e+42
6.650000e-15 -1.667638e+21 2.781017e+42
6.660000e-15 -1.633941e+21 2.669764e+42
6.670000e-15 -1.599620e+21 2.558785e+42
6.680000e-15 -1.564692e+21 2.448262e+42
6.690000e-15 -1.529174e+21 2.338373e+42
6.700000e-15 -1.493083e+21 2.229296e+42
6.710000e-15 -1.456436e+21 2.121207e+42
6.720000e-15 -1.419252e+21 2.014276e+42
6.730000e-15 -1.381548e+21 1.908674e+42
6.740000e-15 -1.343341e+21 1.804566e+42
6.750000e-15 -1.304652e+21 1.702116e+42
6.760000e-15 -1.265496e+21 1.601481e+42
6.770000e-15 -1.225894e+21 1.502817e+42
6.780000e-15 -1.185864e+21 1.406274e+42
6.790000e-15 -1.145425e+21 1.311997e+42
6.800000e-15 -1.104595e+21 1.220129e+42
6.810000e-15 -1.063393e+21 1.130805e+42
6.820000e-15 -1.021840e+21 1.044156e+42
6.830000e-15 -9.799531e+20 9.603081e+41
6.840000e-15 -9.377530e+20 8.793807e+41
6.850000e-15 -8.952588e+20 8.014883e+41
6.860000e-15 -8.524899e+20 7.267391e+41
6.870000e-15 -8.094661e+20 6.552354e+41
6.880000e-15 -7.662069e+20 5.870731e+41
6.890000e-15 -7.227321e+20 5.223417e+41
6.900000e-15 -6.790614e+20 4.611244e+41
6.910000e-15 -6.352146e+20 4.034976e+41
6.920000e-15 -5.912115e+20 3.495311e+41
6.930000e-15 -5.470720e+20 2.992878e+41
6.940000e-15 -5.028159e+20 2.528238e+41
6.950000e-15 -4.584630e+20 2.101883e+41
6.960000e-15 -4.140331e+20 1.714234e+41
6.970000e-15 -3.695461e+20 1.365643e+41
6.980000e-15 -3.250218e+20 1.056392e+41
6.990000e-15 -2.804799e+20 7.866898e+40
7.000000e-15 -2.359401e+20 5.566775e+40
7.010000e-15 -1.914222e+20 3.664245e+40
7.020000e-15 -1.469456e+20 2.159301e+40
7.030000e-15 -1.025300e+20 1.051239e+40
7.040000e-15 -5.819472e+19 3.386625e+39
7.050000e-15 -1.395924e+19 1.948604e+38
7.060000e-15 3.015719e+19 9.094562e+38
7.070000e-15 7.413539e+19 5.496056e+39
7.080000e-15 1.179563e+20 1.391368e+40
7.090000e-15 1.616009e+20 2.611486e+40
7.100000e-15 2.050504e+20 4.204569e+40
7.110000e-15 2.482862e+20 6.164603e+40
7.120000e-15 2.912896e+20 8.484961e+40
7.130000e-15 3.340422e+20 1.115842e+41
7.140000e-15 3.765258e+20 1.417716e+41
7.150000e-15 4.187222e+20 1.753283e+41
7.160000e-15 4.606136e+20 2.121649e+41
7.170000e-15 5.021823e+20 2.521870e+41
7.180000e-15 5.434105e+20 2.952950e+41
7.190000e-15 5.842811e+20 3.413844e+41
7.200000e-15 6.247767e+20 3.903460e+41
7.210000e-15 6.648806e+20 4.420662e+41
7.220000e-15 7.045758e+20 4.964270e+41
7.230000e-15 7.438458e+20 5.533066e+41
7.240000e-15 7.826745e+20 6.125794e+41
7.250000e-15 8.210457e+20 6.741160e+41
7.260000e-15 8.589435e+20 7.377839e+41
7.270000e-15 8.963524e+20 8.034476e+41
7.280000e-15 9.332571e+20 8.709687e+41
7.290000e-15 9.696424e+20 9.402064e+41
7.300000e-15 1.005494e+21 1.011018e+42
7.310000e-15 1.040796e+21 1.083257e+42
7.320000e-15 1.075536e+21 1.156778e+42
7.330000e-15 1.109699e+21 1.231431e+42
7.340000e-15 1.143271e+21 1.307069e+42
7.350000e-15 1.176239e+21 1.383539e+42
7.360000e-15 1.208590e+21 1.460691e+42
7.370000e-15 1.240312e+21 1.538373e+42
7.380000e-15 1.271391e+21 1.616434e+42
7.390000e-15 1.301815e+21 1.694723e+42
7.400000e-15 1.331573e+21 1.773087e+42
7.410000e-15 1.360653e+21 1.851377e+42
7.420000e-15 1.389044e+21 1.929444e+42
7.430000e-15 1.416735e+21 2.007139e+42
7.440000e-15 1.443716e+21 2.084315e+42
7.450000e-15 1.469975e+21 2.160828e+42
7.460000e-15 1.495504e+21 2.236533e+42
7.470000e-15 1.520293e+21 2.311292e+42
7.480000e-15 1.544333e+21 2.384965e+42
7.490000e-15 1.567615e+21 2.457416e+42
7.500000e-15 1.590130e+21 2.528512e+42
7.510000e-15 1.611870e+21 2.598125e+42
7.520000e-15 1.632828e+21 2.666127e+42
7.530000e-15 1.652996e+21 2.732396e+42
7.540000e-15 1.672368e+21 2.796814e+42
7.550000e-15 1.690936e+21 2.859264e+42
7.560000e-15 1.708694e+21 2.919636e+42
7.570000e-15 1.725637e+21 2.977823e+42
7.580000e-15 1.741759e+21 3.033724e+42
7.590000e-15 1.757054e+21 3.087240e+42
7.600000e-15 1.771519e+21 3.138280e+42
7.610000e-15 1.785148e+21 3.186755e+42
7.620000e-15 1.797938e+21 3.232582e+42
7.630000e-15 1.809885e+21 3.275685e+42
7.640000e-15 1.820986e+21 3.315991e+42
7.650000e-15 1.831238e+21 3.353433e+42
7.660000e-15 1.840639e+21 3.387950e+42
7.670000e-15 1.849185e+21 3.419486e+42
7.680000e-15 1.856877e+21 3.447992e+42
7.690000e-15 1.863712e+21 3.473422e+42
7.700000e-15 1.869689e+21 3.495738e+42
7.710000e-15 1.874809e+21 3.514907e+42
7.720000e-15 1.879070e+21 3.530903e+42
7.730000e-15 1.882473e+21 3.543704e+42
7.740000e-15 1.885019e+21 3.553295e+42
7.750000e-15 1.886708e+21 3.559667e+42
7.760000e-15 1.887542e+21 3.562815e+42
7.770000e-15 1.887523e+21 3.562743e+42
7.780000e-15 1.886653e+21 3.559458e+42
7.790000e-15 1.884933e+21 3.552974e+42
7.800000e-15 1.882368e+21 3.543311e+42
7.810000e-15 1.878961e+21 3.530494e+42
7.820000e-15 1.874714e+21 3.514553e+42
7.830000e-15 1.869632e+21 3.495524e+42
7.840000e-15 1.863719e+21 3.473450e+42
7.850000e-15 1.856981e+21 3.448377e+42
7.860000e-15 1.849421e+21 3.420357e+42
7.870000e-15 1.841045e+21 3.389448e+42
7.880000e-15 1.831860e+21 3.355710e+42
7.890000e-15 1.821870e+21 3.319211e+42
7.900000e-15 1.811084e+21 3.280024e+42
7.910000e-15 1.799506e+21 3.238222e+42
7.920000e-15 1.787145e+21 3.193887e+42
7.930000e-15 1.774008e+21 3.147104e+42
7.940000e-15 1.760102e+21 3.097961e+42
7.950000e-15 1.745437e+21 3.046550e+42
7.960000e-15 1.730019e+21 2.992967e+42
7.970000e-15 1.713859e+21 2.937311e+42
7.980000e-15 1.696964e+21 2.879687e+42
7.990000e-15 1.679345e+21 2.820198e+42
8.000000e-15 1.661010e+21 2.758955e+42
8.010000e-15 1.641971e+21 2.696068e+42
8.020000e-15 1.622236e+21 2.631650e+42
8.030000e-15 1.601817e+21 2.565819e+42
8.040000e-15 1.580725e+21 2.498692e+42
8.050000e-15 1.558970e+21 2.430388e+42
8.060000e-15 1.536564e+21 2.361030e+42
8.070000e-15 1.513519e+21 2.290739e+42
8.080000e-15 1.489846e+21 2.219641e+42
8.090000e-15 1.465557e+21 2.147858e+42
8.100000e-15 1.440665e+21 2.075517e+42
8.110000e-15 1.415183e+21 2.002743e+42
8.120000e-15 1.389123e+21 1.929663e+42
8.130000e-15 1.362499e+21 1.856403e+42
8.140000e-15 1.335323e+21 1.783087e+42
8.150000e-15 1.307609e+21 1.709842e+42
8.160000e-15 1.279371e+21 1.636791e+42
8.170000e-15 1.250623e+21 1.564059e+42
8.180000e-15 1.221379e+21 1.491768e+42
8.190000e-15 1.191654e+21 1.420039e+42
8.200000e-15 1.161461e+21 1.348991e+42
8.210000e-15 1.130815e+21 1.278744e+42
8.220000e-15 1.099732e+21 1.209411e+42
8.230000e-15 1.068226e+21 1.141108e+42
8.240000e-15 1.036313e+21 1.073944e+42
8.250000e-15 1.004007e+21 1.008030e+42
8.260000e-15 9.713247e+20 9.434716e+41
8.270000e-15 9.382809e+20 8.803711e+41
8.280000e-15 9.048917e+20 8.188289e+41
8.290000e-15 8.711727e+20 7.589419e+41
8.300000e-15 8.371400e+20 7.008034e+41
8.310000e-15 8.028096e+20 6.445032e+41
8.320000e-15 7.681976e+20 5.901275e+41
8.330000e-15 7.333202e+20 5.377586e+41
8.340000e-15 6.981939e+20 4.874747e+41
8.350000e-15 6.628349e+20 4.393501e+41
8.360000e-15 6.272597e+20 3.934547e+41
8.370000e-15 5.914849e+20 3.498544e+41
8.380000e-15 5.555270e+20 3.086103e+41
8.390000e-15 5.194026e+20 2.697791e+41
8.400000e-15 4.831285e+20 2.334131e+41
8.410000e-15 4.467212e+20 1.995599e+41
8.420000e-15 4.101976e+20 1.682620e+41
8.430000e-15 3.735742e+20 1.395577e+41
8.440000e-15 3.368679e+20 1.134800e+41
8.450000e-15 3.000955e+20 9.005729e+40
8.460000e-15 2.632735e+20 6.931296e+40
8.470000e-15 2.264189e+20 5.126550e+40
8.480000e-15 1.895481e+20 3.592850e+40
8.490000e-15 1.526780e+20 2.331058e+40
8.500000e-15 1.158252e+20 1.341547e+40
8.510000e-15 7.900618e+19 6.241977e+39
8.520000e-15 4.223756e+19 1.784012e+39
8.530000e-15 5.535804e+18 3.064513e+37
8.540000e-15 -3.108267e+19 9.661324e+38
8.550000e-15 -6.760152e+19 4.569966e+39
8.560000e-15 -1.040045e+20 1.081693e+40
8.570000e-15 -1.402754e+20 1.967718e+40
8.580000e-15 -1.763981e+20 3.111629e+40
8.590000e-15 -2.123567e+20 4.509536e+40
8.600000e-15 -2.481353e+20 6.157111e+40
8.610000e-15 -2.837181e+20 8.049594e+40
8.620000e-15 -3.190894e+20 1.018181e+41
8.630000e-15 -3.542339e+20 1.254816e+41
8.640000e-15 -3.891360e+20 1.514268e+41
8.650000e-15 -4.237806e+20 1.795900e+41
8.660000e-15 -4.581525e+20 2.099037e+41
8.670000e-15 -4.922369e+20 2.422971e+41
8.680000e-15 -5.260188e+20 2.766958e+41
8.690000e-15 -5.594839e+20 3.130222e+41
8.700000e-15 -5.926175e+20 3.511955e+41
8.710000e-15 -6.254055e+20 3.911321e+41
8.720000e-15 -6.578338e+20 4.327453e+41
8.730000e-15 -6.898885e+20 4.759461e+41
8.740000e-15 -7.215558e+20 5.206428e+41
8.750000e-15 -7.528225e+20 5.667417e+41
8.760000e-15 -7.836751e+20 6.141466e+41
8.770000e-15 -8.141006e+20 6.627598e+41
8.780000e-15 -8.440862e+20 7.124815e+41
8.790000e-15 -8.736193e+20 7.632106e+41
8.800000e-15 -9.026874e+20 8.148446e+41
8.810000e-15 -9.312785e+20 8.672797e+41
8.820000e-15 -9.593807e+20 9.204113e+41
8.830000e-15 -9.869822e+20 9.741339e+41
8.840000e-15 -1.014072e+21 1.028341e+42
8.850000e-15 -1.040638e+21 1.082928e+42
8.860000e-15 -1.066670e+21 1.137786e+42
8.870000e-15 -1.092158e+21 1.192809e+42
8.880000e-15 -1.117090e+21 1.247891e+42
8.890000e-15 -1.141458e+21 1.302926e+42
8.900000e-15 -1.165250e+21 1.357808e+42
8.910000e-15 -1.188458e+21 1.412432e+42
8.920000e-15 -1.211072e+21 1.466695e+42
8.930000e-15 -1.233083e+21 1.520495e+42
8.940000e-15 -1.254483e+21 1.573729e+42
8.950000e-15 -1.275264e+21 1.626297e+42
8.960000e-15 -1.295416e+21 1.678103e+42
8.970000e-15 -1.314933e+21 1.729048e+42
8.980000e-15 -1.333806e+21 1.779039e+42
8.990000e-15 -1.352030e+21 1.827984e+42
9.000000e-15 -1.369596e+21 1.875793e+42
9.010000e-15 -1.386498e+21 1.922378e+42
9.020000e-15 -1.402731e+21 1.967654e+42
9.030000e-15 -1.418288e+21 2.011539e+42
9.040000e-15 -1.433163e+21 2.053955e+42
9.050000e-15 -1.447351e+21 2.094825e+42
9.060000e-15 -1.460848e+21 2.134077e+42
9.070000e-15 -1.473648e+21 2.171639e+42
9.080000e-15 -1.485748e+21 2.207447e+42
9.090000e-15 -1.497143e+21 2.241437e+42
9.100000e-15 -1.507830e+21 2.273550e+42
9.110000e-15 -1.517805e+21 2.303731e+42
9.120000e-15 -1.527065e+21 2.331927e+42
9.130000e-15 -1.535608e+21 2.358091e+42
9.140000e-15 -1.543431e+21 2.382179e+42
9.150000e-15 -1.550533e+21 2.404151e+42
9.160000e-15 -1.556911e+21 2.423970e+42
9.170000e-15 -1.562564e+21 2.441606e+42
9.180000e-15 -1.567491e+21 2.457029e+42
9.190000e-15 -1.571692e+21 2.470216e+42
9.200000e-15 -1.575166e+21 2.481148e+42
9.210000e-15 -1.577913e+21 2.489809e+42
9.220000e-15 -1.579933e+21 2.496189e+42
9.230000e-15 -1.581228e+21 2.500281e+42
9.240000e-15 -1.581797e+21 2.502081e+42
9.250000e-15 -1.581642e+21 2.501592e+42
9.260000e-15 -1.580765e+21 2.498819e+42
9.270000e-15 -1.579168e+21 2.493772e+42
9.280000e-15 -1.576853e+21 2.486465e+42
9.290000e-15 -1.573822e+21 2.476916e+42
9.300000e-15 -1.570079e+21 2.465147e+42
9.310000e-15 -1.565626e+21 2.451183e+42
9.320000e-15 -1.560467e+21 2.435056e+42
9.330000e-15 -1.554606e+21 2.416798e+42
9.340000e-15 -1.548046e+21 2.396447e+42
9.350000e-15 -1.540794e+21 2.374045e+42
9.360000e-15 -1.532852e+21 2.349635e+42
9.370000e-15 -1.524227e+21 2.323266e+42
9.380000e-15 -1.514923e+21 2.294990e+42
9.390000e-15 -1.504946e+21 2.264862e+42
9.400000e-15 -1.494302e+21 2.232939e+42
9.410000e-15 -1.482998e+21 2.199282e+42
9.420000e-15 -1.471039e+21 2.163956e+42
9.430000e-15 -1.458433e+21 2.127027e+42
9.440000e-15 -1.445186e+21 2.088564e+42
9.450000e-15 -1.431307e+21 2.048640e+42
9.460000e-15 -1.416802e+21 2.007328e+42
9.470000e-15 -1.401680e+21 1.964706e+42
9.480000e-15 -1.385948e+21 1.920852e+42
9.490000e-15 -1.369615e+21 1.875846e+42
9.500000e-15 -1.352690e+21 1.829771e+42
9.510000e-15 -1.335182e+21 1.782710e+42
9.520000e-15 -1.317099e+21 1.734750e+42
9.530000e-15 -1.298451e+21 1.685976e+42
9.540000e-15 -1.279248e+21 1.636477e+42
9.550000e-15 -1.259500e+21 1.586341e+42
9.560000e-15 -1.239217e+21 1.535658e+42
9.570000e-15 -1.218408e+21 1.484519e+42
9.580000e-15 -1.197086e+21 1.433014e+42
9.590000e-15 -1.175259e+21 1.381234e+42
9.600000e-15 -1.152940e+21 1.329271e+42
9.610000e-15 -1.130139e+21 1.277215e+42
9.620000e-15 -1.106869e+21 1.225158e+42
9.630000e-15 -1.083139e+21 1.173190e+42
9.640000e-15 -1.058963e+21 1.121402e+42
9.650000e-15 -1.034351e+21 1.069882e+42
9.660000e-15 -1.009317e+21 1.018721e+42
9.670000e-15 -9.838719e+20 9.680040e+41
9.680000e-15 -9.580288e+20 9.178191e+41
9.690000e-15 -9.317999e+20 8.682510e+41
9.700000e-15 -9.051981e+20 8.193836e+41
9.710000e-15 -8.782363e+20 7.712989e+41
9.720000e-15 -8.509274e+20 7.240774e+41
9.730000e-15 -8.232845e+20 6.777974e+41
9.740000e-15 -7.953211e+20 6.325356e+41
9.750000e-15 -7.670504e+20 5.883663e+41
9.760000e-15 -7.384859e+20 5.453615e+41
9.770000e-15 -7.096414e+20 5.035909e+41
9.780000e-15 -6.805304e+20 4.631216e+41
9.790000e-15 -6.511667e+20 4.240181e+41
9.800000e-15 -6.215644e+20 3.863423e+41
9.810000e-15 -5.917373e+20 3.501531e+41
9.820000e-15 -5.616996e+20 3.155064e+41
9.830000e-15 -5.314653e+20 2.824554e+41
9.840000e-15 -5.010486e+20 2.510497e+41
9.850000e-15 -4.704638e+20 2.213362e+41
9.860000e-15 -4.397252e+20 1.933582e+41
9.870000e-15 -4.088471e+20 1.671559e+41
9.880000e-15 -3.778438e+20 1.427659e+41
9.890000e-15 -3.467298e+20 1.202216e+41
9.900000e-15 -3.155196e+20 9.955260e+40
9.910000e-15 -2.842274e+20 8.078524e+40
9.920000e-15 -2.528679e+20 6.394218e+40
9.930000e-15 -2.214554e+20 4.904251e+40
9.940000e-15 -1.900045e+20 3.610170e+40
9.950000e-15 -1.585295e+20 2.513159e+40
9.960000e-15 -1.270448e+20 1.614039e+40
9.970000e-15 -9.556497e+19 9.132663e+39
9.980000e-15 -6.410427e+19 4.109357e+39
9.990000e-15 -3.267707e+19 1.067791e+39
1.000000e-14 -1.297658e+18 1.683916e+36
