0.000000e+00 nan nan
1.000000e-17 -7.466887e+14 5.575441e+29
2.000000e-17 -1.194209e+16 1.426135e+32
3.000000e-17 -6.041524e+16 3.650001e+33
4.000000e-17 -1.907581e+17 3.638866e+34
5.000000e-17 -4.651415e+17 2.163566e+35
6.000000e-17 -9.630577e+17 9.274800e+35
7.000000e-17 -1.780992e+18 3.171931e+36
8.000000e-17 -3.032021e+18 9.193153e+36
9.000000e-17 -4.845347e+18 2.347739e+37
1.000000e-16 -7.365754e+18 5.425433e+37
1.100000e-16 -1.075301e+19 1.156272e+38
1.200000e-16 -1.518119e+19 2.304687e+38
1.300000e-16 -2.083797e+19 4.342209e+38
1.400000e-16 -2.792378e+19 7.797376e+38
1.500000e-16 -3.665103e+19 1.343298e+39
1.600000e-16 -4.724316e+19 2.231916e+39
1.700000e-16 -5.993368e+19 3.592047e+39
1.800000e-16 -7.496522e+19 5.619784e+39
1.900000e-16 -9.258840e+19 8.572612e+39
2.000000e-16 -1.130608e+20 1.278275e+40
2.100000e-16 -1.366459e+20 1.867211e+40
2.200000e-16 -1.636118e+20 2.676881e+40
2.300000e-16 -1.942299e+20 3.772525e+40
2.400000e-16 -2.287741e+20 5.233758e+40
2.500000e-16 -2.675192e+20 7.156650e+40
2.600000e-16 -3.107397e+20 9.655914e+40
2.700000e-16 -3.587086e+20 1.286719e+41
2.800000e-16 -4.116963e+20 1.694938e+41
2.900000e-16 -4.699687e+20 2.208705e+41
3.000000e-16 -5.337866e+20 2.849281e+41
3.100000e-16 -6.034041e+20 3.640965e+41
3.200000e-16 -6.790672e+20 4.611323e+41
3.300000e-16 -7.610129e+20 5.791407e+41
3.400000e-16 -8.494675e+20 7.215951e+41
3.500000e-16 -9.446458e+20 8.923556e+41
3.600000e-16 -1.046749e+21 1.095684e+42
3.700000e-16 -1.155966e+21 1.336258e+42
3.800000e-16 -1.272468e+21 1.619176e+42
3.900000e-16 -1.396412e+21 1.949967e+42
4.000000e-16 -1.527936e+21 2.334589e+42
4.100000e-16 -1.667161e+21 2.779426e+42
4.200000e-16 -1.814187e+21 3.291275e+42
4.300000e-16 -1.969095e+21 3.877336e+42
4.400000e-16 -2.131945e+21 4.545189e+42
4.500000e-16 -2.302773e+21 5.302763e+42
4.600000e-16 -2.481594e+21 6.158311e+42
4.700000e-16 -2.668400e+21 7.120361e+42
4.800000e-16 -2.863158e+21 8.197674e+42
4.900000e-16 -3.065810e+21 9.399191e+42
5.000000e-16 -3.276274e+21 1.073397e+43
5.100000e-16 -3.494442e+21 1.221113e+43
5.200000e-16 -3.720181e+21 1.383974e+43
5.300000e-16 -3.953330e+21 1.562882e+43
5.400000e-16 -4.193705e+21 1.758716e+43
5.500000e-16 -4.441094e+21 1.972332e+43
5.600000e-16 -4.695258e+21 2.204545e+43
5.700000e-16 -4.955933e+21 2.456128e+43
5.800000e-16 -5.222830e+21 2.727795e+43
5.900000e-16 -5.495632e+21 3.020197e+43
6.000000e-16 -5.773999e+21 3.333906e+43
6.100000e-16 -6.057564e+21 3.669409e+43
6.200000e-16 -6.345938e+21 4.027093e+43
6.300000e-16 -6.638705e+21 4.407241e+43
6.400000e-16 -6.935429e+21 4.810018e+43
6.500000e-16 -7.235651e+21 5.235464e+43
6.600000e-16 -7.538888e+21 5.683483e+43
6.700000e-16 -7.844639e+21 6.153837e+43
6.800000e-16 -8.152383e+21 6.646135e+43
6.900000e-16 -8.461580e+21 7.159833e+43
7.000000e-16 -8.771671e+21 7.694222e+43
7.100000e-16 -9.082084e+21 8.248425e+43
7.200000e-16 -9.392229e+21 8.821397e+43
7.300000e-16 -9.701504e+21 9.411918e+43
7.400000e-16 -1.000929e+22 1.001860e+44
7.500000e-16 -1.031497e+22 1.063987e+44
7.600000e-16 -1.061791e+22 1.127399e+44
7.700000e-16 -1.091745e+22 1.191907e+44
7.800000e-16 -1.121295e+22 1.257303e+44
7.900000e-16 -1.150377e+22 1.323367e+44
8.000000e-16 -1.178923e+22 1.389859e+44
8.100000e-16 -1.206868e+22 1.456531e+44
8.200000e-16 -1.234147e+22 1.523119e+44
8.300000e-16 -1.260694e+22 1.589348e+44
8.400000e-16 -1.286443e+22 1.654934e+44
8.500000e-16 -1.311329e+22 1.719584e+44
8.600000e-16 -1.335290e+22 1.782998e+44
8.700000e-16 -1.358261e+22 1.844872e+44
8.800000e-16 -1.380181e+22 1.904898e+44
8.900000e-16 -1.400988e+22 1.962768e+44
9.000000e-16 -1.420625e+22 2.018175e+44
9.100000e-16 -1.439032e+22 2.070813e+44
9.200000e-16 -1.456154e+22 2.120385e+44
9.300000e-16 -1.471937e+22 2.166599e+44
9.400000e-16 -1.486329e+22 2.209174e+44
9.500000e-16 -1.499280e+22 2.247840e+44
9.600000e-16 -1.510743e+22 2.282343e+44
9.700000e-16 -1.520672e+22 2.312445e+44
9.800000e-16 -1.529027e+22 2.337924e+44
9.900000e-16 -1.535768e+22 2.358582e+44
1.000000e-15 -1.540857e+22 2.374241e+44
1.010000e-15 -1.544263e+22 2.384749e+44
1.020000e-15 -1.545955e+22 2.389978e+44
1.030000e-15 -1.545907e+22 2.389828e+44
1.040000e-15 -1.544095e+22 2.384228e+44
1.050000e-15 -1.540499e+22 2.373136e+44
1.060000e-15 -1.535103e+22 2.356541e+44
1.070000e-15 -1.527895e+22 2.334463e+44
1.080000e-15 -1.518866e+22 2.306954e+44
1.090000e-15 -1.508011e+22 2.274097e+44
1.100000e-15 -1.495329e+22 2.236009e+44
1.110000e-15 -1.480823e+22 2.192836e+44
1.120000e-15 -1.464499e+22 2.144757e+44
1.130000e-15 -1.446368e+22 2.091981e+44
1.140000e-15 -1.426446e+22 2.034747e+44
1.150000e-15 -1.404749e+22 1.973320e+44
1.160000e-15 -1.381302e+22 1.907995e+44
1.170000e-15 -1.356130e+22 1.839089e+44
1.180000e-15 -1.329265e+22 1.766944e+44
1.190000e-15 -1.300739e+22 1.691922e+44
1.200000e-15 -1.270592e+22 1.614404e+44
1.210000e-15 -1.238865e+22 1.534786e+44
1.220000e-15 -1.205604e+22 1.453480e+44
1.230000e-15 -1.170857e+22 1.370907e+44
1.240000e-15 -1.134678e+22 1.287495e+44
1.250000e-15 -1.097123e+22 1.203679e+44
1.260000e-15 -1.058251e+22 1.119895e+44
1.270000e-15 -1.018124e+22 1.036577e+44
1.280000e-15 -9.768084e+21 9.541546e+43
1.290000e-15 -9.343725e+21 8.730519e+43
1.300000e-15 -8.908877e+21 7.936808e+43
1.310000e-15 -8.464279e+21 7.164402e+43
1.320000e-15 -8.010696e+21 6.417126e+43
1.330000e-15 -7.548917e+21 5.698614e+43
1.340000e-15 -7.079749e+21 5.012285e+43
1.350000e-15 -6.604022e+21 4.361310e+43
1.360000e-15 -6.122581e+21 3.748600e+43
1.370000e-15 -5.636290e+21 3.176777e+43
1.380000e-15 -5.146024e+21 2.648157e+43
1.390000e-15 -4.652672e+21 2.164735e+43
1.400000e-15 -4.157130e+21 1.728173e+43
1.410000e-15 -3.660306e+21 1.339784e+43
1.420000e-15 -3.163110e+21 1.000526e+43
1.430000e-15 -2.666457e+21 7.109993e+42
1.440000e-15 -2.171264e+21 4.714388e+42
1.450000e-15 -1.678447e+21 2.817185e+42
1.460000e-15 -1.188919e+21 1.413528e+42
1.470000e-15 -7.035873e+20 4.950351e+41
1.480000e-15 -2.233536e+20 4.988685e+40
1.490000e-15 2.508907e+20 6.294612e+40
1.500000e-15 7.182652e+20 5.159050e+41
1.510000e-15 1.177903e+21 1.387456e+42
1.520000e-15 1.628954e+21 2.653490e+42
1.530000e-15 2.070582e+21 4.287312e+42
1.540000e-15 2.501976e+21 6.259882e+42
1.550000e-15 2.922341e+21 8.540075e+42
1.560000e-15 3.330909e+21 1.109495e+43
1.570000e-15 3.726935e+21 1.389005e+43
1.580000e-15 4.109704e+21 1.688967e+43
1.590000e-15 4.478527e+21 2.005720e+43
1.600000e-15 4.832747e+21 2.335544e+43
1.610000e-15 5.171738e+21 2.674687e+43
1.620000e-15 5.494908e+21 3.019402e+43
1.630000e-15 5.801701e+21 3.365974e+43
1.640000e-15 6.091597e+21 3.710755e+43
1.650000e-15 6.364111e+21 4.050191e+43
1.660000e-15 6.618801e+21 4.380853e+43
1.670000e-15 6.855262e+21 4.699461e+43
1.680000e-15 7.073130e+21 5.002916e+43
1.690000e-15 7.272083e+21 5.288320e+43
1.700000e-15 7.451843e+21 5.552997e+43
1.710000e-15 7.612173e+21 5.794518e+43
1.720000e-15 7.752880e+21 6.010715e+43
1.730000e-15 7.873816e+21 6.199697e+43
1.740000e-15 7.974876e+21 6.359865e+43
1.750000e-15 8.056002e+21 6.489916e+43
1.760000e-15 8.117177e+21 6.588857e+43
1.770000e-15 8.158434e+21 6.656004e+43
1.780000e-15 8.179845e+21 6.690986e+43
1.790000e-15 8.181530e+21 6.693744e+43
1.800000e-15 8.163653e+21 6.664523e+43
1.810000e-15 8.126420e+21 6.603870e+43
1.820000e-15 8.070080e+21 6.512620e+43
1.830000e-15 7.994927e+21 6.391887e+43
1.840000e-15 7.901295e+21 6.243046e+43
1.850000e-15 7.789557e+21 6.067720e+43
1.860000e-15 7.660129e+21 5.867758e+43
1.870000e-15 7.513464e+21 5.645213e+43
1.880000e-15 7.350052e+21 5.402326e+43
1.890000e-15 7.170421e+21 5.141494e+43
1.900000e-15 6.975133e+21 4.865248e+43
1.910000e-15 6.764783e+21 4.576229e+43
1.920000e-15 6.540000e+21 4.277160e+43
1.930000e-15 6.301441e+21 3.970815e+43
1.940000e-15 6.049792e+21 3.659998e+43
1.950000e-15 5.785768e+21 3.347511e+43
1.960000e-15 5.510107e+21 3.036128e+43
1.970000e-15 5.223572e+21 2.728571e+43
1.980000e-15 4.926946e+21 2.427480e+43
1.990000e-15 4.621033e+21 2.135394e+43
2.000000e-15 4.306651e+21 1.854725e+43
2.010000e-15 3.984638e+21 1.587734e+43
2.020000e-15 3.655843e+21 1.336519e+43
2.030000e-15 3.321124e+21 1.102987e+43
2.040000e-15 2.981352e+21 8.888461e+42
2.050000e-15 2.637403e+21 6.955892e+42
2.060000e-15 2.290156e+21 5.244814e+42
2.070000e-15 1.940495e+21 3.765522e+42
2.080000e-15 1.589304e+21 2.525887e+42
2.090000e-15 1.237464e+21 1.531317e+42
2.100000e-15 8.858518e+20 7.847334e+41
2.110000e-15 5.353395e+20 2.865884e+41
2.120000e-15 1.867898e+20 3.489044e+40
2.130000e-15 -1.589446e+20 2.526337e+40
2.140000e-15 -5.010236e+20 2.510246e+41
2.150000e-15 -8.386215e+20 7.032860e+41
2.160000e-15 -1.170929e+21 1.371075e+42
2.170000e-15 -1.497156e+21 2.241476e+42
2.180000e-15 -1.816531e+21 3.299785e+42
2.190000e-15 -2.128306e+21 4.529687e+42
2.200000e-15 -2.431757e+21 5.913440e+42
2.210000e-15 -2.726183e+21 7.432076e+42
2.220000e-15 -3.010915e+21 9.065607e+42
2.230000e-15 -3.285307e+21 1.079324e+43
2.240000e-15 -3.548748e+21 1.259361e+43
2.250000e-15 -3.800656e+21 1.444499e+43
2.260000e-15 -4.040482e+21 1.632549e+43
2.270000e-15 -4.267711e+21 1.821336e+43
2.280000e-15 -4.481865e+21 2.008712e+43
2.290000e-15 -4.682500e+21 2.192581e+43
2.300000e-15 -4.869210e+21 2.370920e+43
2.310000e-15 -5.041626e+21 2.541799e+43
2.320000e-15 -5.199420e+21 2.703396e+43
2.330000e-15 -5.342300e+21 2.854017e+43
2.340000e-15 -5.470017e+21 2.992109e+43
2.350000e-15 -5.582360e+21 3.116274e+43
2.360000e-15 -5.679160e+21 3.225285e+43
2.370000e-15 -5.760287e+21 3.318090e+43
2.380000e-15 -5.825653e+21 3.393823e+43
2.390000e-15 -5.875210e+21 3.451810e+43
2.400000e-15 -5.908953e+21 3.491572e+43
2.410000e-15 -5.926914e+21 3.512831e+43
2.420000e-15 -5.929168e+21 3.515503e+43
2.430000e-15 -5.915827e+21 3.499701e+43
2.440000e-15 -5.887046e+21 3.465731e+43
2.450000e-15 -5.843014e+21 3.414082e+43
2.460000e-15 -5.783962e+21 3.345422e+43
2.470000e-15 -5.710156e+21 3.260588e+43
2.480000e-15 -5.621897e+21 3.160572e+43
2.490000e-15 -5.519523e+21 3.046513e+43
2.500000e-15 -5.403406e+21 2.919680e+43
2.510000e-15 -5.273951e+21 2.781456e+43
2.520000e-15 -5.131593e+21 2.633324e+43
2.530000e-15 -4.976798e+21 2.476852e+43
2.540000e-15 -4.810063e+21 2.313671e+43
2.550000e-15 -4.631911e+21 2.145460e+43
2.560000e-15 -4.442889e+21 1.973926e+43
2.570000e-15 -4.243571e+21 1.800790e+43
2.580000e-15 -4.034554e+21 1.627762e+43
2.590000e-15 -3.816454e+21 1.456532e+43
2.600000e-15 -3.589908e+21 1.288744e+43
2.610000e-15 -3.355571e+21 1.125985e+43
2.620000e-15 -3.114111e+21 9.697686e+42
2.630000e-15 -2.866213e+21 8.215176e+42
2.640000e-15 -2.612573e+21 6.825536e+42
2.650000e-15 -2.353896e+21 5.540828e+42
2.660000e-15 -2.090898e+21 4.371856e+42
2.670000e-15 -1.824300e+21 3.328069e+42
2.680000e-15 -1.554826e+21 2.417483e+42
2.690000e-15 -1.283204e+21 1.646613e+42
2.700000e-15 -1.010164e+21 1.020431e+42
2.710000e-15 -7.364323e+20 5.423325e+41
2.720000e-15 -4.627336e+20 2.141224e+41
2.730000e-15 -1.897873e+20 3.601920e+40
2.740000e-15 8.169431e+19 6.673961e+39
2.750000e-15 3.510072e+20 1.232060e+41
2.760000e-15 6.174579e+20 3.812542e+41
2.770000e-15 8.803650e+20 7.750426e+41
2.780000e-15 1.139061e+21 1.297460e+42
2.790000e-15 1.392894e+21 1.940154e+42
2.800000e-15 1.641229e+21 2.693634e+42
2.810000e-15 1.883450e+21 3.547385e+42
2.820000e-15 2.118961e+21 4.489995e+42
2.830000e-15 2.347187e+21 5.509285e+42
2.840000e-15 2.567576e+21 6.592445e+42
2.850000e-15 2.779601e+21 7.726181e+42
2.860000e-15 2.982760e+21 8.896857e+42
2.870000e-15 3.176578e+21 1.009064e+43
2.880000e-15 3.360606e+21 1.129367e+43
2.890000e-15 3.534426e+21 1.249217e+43
2.900000e-15 3.697648e+21 1.367260e+43
2.910000e-15 3.849913e+21 1.482183e+43
2.920000e-15 3.990893e+21 1.592723e+43
2.930000e-15 4.120292e+21 1.697680e+43
2.940000e-15 4.237845e+21 1.795933e+43
2.950000e-15 4.343321e+21 1.886444e+43
2.960000e-15 4.436524e+21 1.968274e+43
2.970000e-15 4.517287e+21 2.040588e+43
2.980000e-15 4.585481e+21 2.102664e+43
2.990000e-15 4.641010e+21 2.153897e+43
3.000000e-15 4.683809e+21 2.193807e+43
3.010000e-15 4.713850e+21 2.222039e+43
3.020000e-15 4.731139e+21 2.238367e+43
3.030000e-15 4.735712e+21 2.242697e+43
3.040000e-15 4.727642e+21 2.235059e+43
3.050000e-15 4.707032e+21 2.215615e+43
3.060000e-15 4.674018e+21 2.184645e+43
3.070000e-15 4.628770e+21 2.142551e+43
3.080000e-15 4.571486e+21 2.089848e+43
3.090000e-15 4.502394e+21 2.027156e+43
3.100000e-15 4.421756e+21 1.955192e+43
3.110000e-15 4.329857e+21 1.874766e+43
3.120000e-15 4.227014e+21 1.786765e+43
3.130000e-15 4.113568e+21 1.692144e+43
3.140000e-15 3.989888e+21 1.591920e+43
3.150000e-15 3.856365e+21 1.487155e+43
3.160000e-15 3.713416e+21 1.378945e+43
3.170000e-15 3.561477e+21 1.268412e+43
3.180000e-15 3.401009e+21 1.156686e+43
3.190000e-15 3.232488e+21 1.044898e+43
3.200000e-15 3.056411e+21 9.341651e+42
3.210000e-15 2.873292e+21 8.255806e+42
3.220000e-15 2.683657e+21 7.202016e+42
3.230000e-15 2.488050e+21 6.190392e+42
3.240000e-15 2.287024e+21 5.230478e+42
3.250000e-15 2.081144e+21 4.331160e+42
3.260000e-15 1.870984e+21 3.500583e+42
3.270000e-15 1.657127e+21 2.746070e+42
3.280000e-15 1.440160e+21 2.074060e+42
3.290000e-15 1.220675e+21 1.490047e+42
3.300000e-15 9.992674e+20 9.985353e+41
3.310000e-15 7.765340e+20 6.030051e+41
3.320000e-15 5.530712e+20 3.058877e+41
3.330000e-15 3.294733e+20 1.085527e+41
3.340000e-15 1.063316e+20 1.130641e+40
3.350000e-15 -1.157675e+20 1.340212e+40
3.360000e-15 -3.362441e+20 1.130601e+41
3.370000e-15 -5.545260e+20 3.074991e+41
3.380000e-15 -7.700503e+20 5.929775e+41
3.390000e-15 -9.822648e+20 9.648442e+41
3.400000e-15 -1.190630e+21 1.417599e+42
3.410000e-15 -1.394618e+21 1.944958e+42
3.420000e-15 -1.593717e+21 2.539934e+42
3.430000e-15 -1.787432e+21 3.194913e+42
3.440000e-15 -1.975283e+21 3.901744e+42
3.450000e-15 -2.156810e+21 4.651830e+42
3.460000e-15 -2.331572e+21 5.436226e+42
3.470000e-15 -2.499147e+21 6.245734e+42
3.480000e-15 -2.659136e+21 7.071004e+42
3.490000e-15 -2.811162e+21 7.902632e+42
3.500000e-15 -2.954871e+21 8.731262e+42
3.510000e-15 -3.089932e+21 9.547683e+42
3.520000e-15 -3.216041e+21 1.034292e+43
3.530000e-15 -3.332917e+21 1.110834e+43
3.540000e-15 -3.440305e+21 1.183570e+43
3.550000e-15 -3.537978e+21 1.251729e+43
3.560000e-15 -3.625734e+21 1.314595e+43
3.570000e-15 -3.703400e+21 1.371517e+43
3.580000e-15 -3.770828e+21 1.421915e+43
3.590000e-15 -3.827901e+21 1.465282e+43
3.600000e-15 -3.874526e+21 1.501195e+43
3.610000e-15 -3.910640e+21 1.529311e+43
3.620000e-15 -3.936209e+21 1.549374e+43
3.630000e-15 -3.951225e+21 1.561218e+43
3.640000e-15 -3.955708e+21 1.564763e+43
3.650000e-15 -3.949705e+21 1.560017e+43
3.660000e-15 -3.933292e+21 1.547079e+43
3.670000e-15 -3.906571e+21 1.526129e+43
3.680000e-15 -3.869668e+21 1.497433e+43
3.690000e-15 -3.822739e+21 1.461333e+43
3.700000e-15 -3.765962e+21 1.418247e+43
3.710000e-15 -3.699542e+21 1.368661e+43
3.720000e-15 -3.623706e+21 1.313125e+43
3.730000e-15 -3.538707e+21 1.252245e+43
3.740000e-15 -3.444818e+21 1.186677e+43
3.750000e-15 -3.342335e+21 1.117120e+43
3.760000e-15 -3.231575e+21 1.044308e+43
3.770000e-15 -3.112875e+21 9.689988e+42
3.780000e-15 -2.986589e+21 8.919711e+42
3.790000e-15 -2.853091e+21 8.140126e+42
3.800000e-15 -2.712771e+21 7.359124e+42
3.810000e-15 -2.566034e+21 6.584533e+42
3.820000e-15 -2.413302e+21 5.824029e+42
3.830000e-15 -2.255008e+21 5.085062e+42
3.840000e-15 -2.091598e+21 4.374782e+42
3.850000e-15 -1.923528e+21 3.699961e+42
3.860000e-15 -1.751266e+21 3.066931e+42
3.870000e-15 -1.575285e+21 2.481523e+42
3.880000e-15 -1.396069e+21 1.949009e+42
3.890000e-15 -1.214106e+21 1.474052e+42
3.900000e-15 -1.029887e+21 1.060667e+42
3.910000e-15 -8.439094e+20 7.121831e+41
3.920000e-15 -6.566707e+20 4.312164e+41
3.930000e-15 -4.686693e+20 2.196510e+41
3.940000e-15 -2.804033e+20 7.862602e+40
3.950000e-15 -9.236863e+19 8.531964e+39
3.960000e-15 9.494191e+19 9.013967e+39
3.970000e-15 2.810400e+20 7.898346e+40
3.980000e-15 4.654428e+20 2.166370e+41
3.990000e-15 6.476748e+20 4.194826e+41
4.000000e-15 8.272682e+20 6.843727e+41
4.010000e-15 1.003765e+21 1.007544e+42
4.020000e-15 1.176717e+21 1.384662e+42
4.030000e-15 1.345687e+21 1.810874e+42
4.040000e-15 1.510253e+21 2.280864e+42
4.050000e-15 1.670004e+21 2.788912e+42
4.060000e-15 1.824544e+21 3.328961e+42
4.070000e-15 1.973494e+21 3.894678e+42
4.080000e-15 2.116490e+21 4.479530e+42
4.090000e-15 2.253187e+21 5.076850e+42
4.100000e-15 2.383255e+21 5.679907e+42
4.110000e-15 2.506388e+21 6.281980e+42
4.120000e-15 2.622294e+21 6.876428e+42
4.130000e-15 2.730706e+21 7.456757e+42
4.140000e-15 2.831375e+21 8.016687e+42
4.150000e-15 2.924075e+21 8.550215e+42
4.160000e-15 3.008600e+21 9.051676e+42
4.170000e-15 3.084769e+21 9.515800e+42
4.180000e-15 3.152421e+21 9.937761e+42
4.190000e-15 3.211421e+21 1.031322e+43
4.200000e-15 3.261654e+21 1.063839e+43
4.210000e-15 3.303030e+21 1.091001e+43
4.220000e-15 3.335484e+21 1.112545e+43
4.230000e-15 3.358972e+21 1.128270e+43
4.240000e-15 3.373476e+21 1.138034e+43
4.250000e-15 3.378999e+21 1.141764e+43
4.260000e-15 3.375570e+21 1.139447e+43
4.270000e-15 3.363240e+21 1.131138e+43
4.280000e-15 3.342082e+21 1.116951e+43
4.290000e-15 3.312194e+21 1.097063e+43
4.300000e-15 3.273695e+21 1.071708e+43
4.310000e-15 3.226727e+21 1.041177e+43
4.320000e-15 3.171452e+21 1.005810e+43
4.330000e-15 3.108053e+21 9.659992e+42
4.340000e-15 3.036735e+21 9.221759e+42
4.350000e-15 2.957722e+21 8.748118e+42
4.360000e-15 2.871256e+21 8.244113e+42
4.370000e-15 2.777600e+21 7.715063e+42
4.380000e-15 2.677032e+21 7.166502e+42
4.390000e-15 2.569849e+21 6.604123e+42
4.400000e-15 2.456361e+21 6.033711e+42
4.410000e-15 2.336897e+21 5.461088e+42
4.420000e-15 2.211797e+21 4.892046e+42
4.430000e-15 2.081416e+21 4.332293e+42
4.440000e-15 1.946121e+21 3.787386e+42
4.450000e-15 1.806289e+21 3.262681e+42
4.460000e-15 1.662310e+21 2.763273e+42
4.470000e-15 1.514580e+21 2.293951e+42
4.480000e-15 1.363505e+21 1.859145e+42
4.490000e-15 1.209497e+21 1.462883e+42
4.500000e-15 1.052976e+21 1.108758e+42
4.510000e-15 8.943642e+20 7.998874e+41
4.520000e-15 7.340891e+20 5.388867e+41
4.530000e-15 5.725800e+20 3.278478e+41
4.540000e-15 4.102680e+20 1.683198e+41
4.550000e-15 2.475844e+20 6.129802e+40
4.560000e-15 8.495959e+19 7.218132e+39
4.570000e-15 -7.717783e+19 5.956417e+39
4.580000e-15 -2.384024e+20 5.683572e+40
4.590000e-15 -3.982929e+20 1.586372e+41
4.600000e-15 -5.564332e+20 3.096179e+41
4.610000e-15 -7.124136e+20 5.075331e+41
4.620000e-15 -8.658316e+20 7.496643e+41
4.630000e-15 -1.016293e+21 1.032852e+42
4.640000e-15 -1.163414e+21 1.353531e+42
4.650000e-15 -1.306819e+21 1.707775e+42
4.660000e-15 -1.446145e+21 2.091335e+42
4.670000e-15 -1.581042e+21 2.499694e+42
4.680000e-15 -1.711172e+21 2.928109e+42
4.690000e-15 -1.836210e+21 3.371668e+42
4.700000e-15 -1.955848e+21 3.825342e+42
4.710000e-15 -2.069791e+21 4.284037e+42
4.720000e-15 -2.177763e+21 4.742650e+42
4.730000e-15 -2.279501e+21 5.196123e+42
4.740000e-15 -2.374762e+21 5.639495e+42
4.750000e-15 -2.463321e+21 6.067951e+42
4.760000e-15 -2.544971e+21 6.476878e+42
4.770000e-15 -2.619524e+21 6.861906e+42
4.780000e-15 -2.686811e+21 7.218954e+42
4.790000e-15 -2.746684e+21 7.544270e+42
4.800000e-15 -2.799013e+21 7.834472e+42
4.810000e-15 -2.843690e+21 8.086574e+42
4.820000e-15 -2.880628e+21 8.298020e+42
4.830000e-15 -2.909760e+21 8.466704e+42
4.840000e-15 -2.931039e+21 8.590991e+42
4.850000e-15 -2.944441e+21 8.669730e+42
4.860000e-15 -2.949959e+21 8.702260e+42
4.870000e-15 -2.947612e+21 8.688418e+42
4.880000e-15 -2.937436e+21 8.628531e+42
4.890000e-15 -2.919489e+21 8.523413e+42
4.900000e-15 -2.893847e+21 8.374353e+42
4.910000e-15 -2.860611e+21 8.183094e+42
4.920000e-15 -2.819896e+21 7.951814e+42
4.930000e-15 -2.771840e+21 7.683098e+42
4.940000e-15 -2.716599e+21 7.379909e+42
4.950000e-15 -2.654346e+21 7.045554e+42
4.960000e-15 -2.585275e+21 6.683645e+42
4.970000e-15 -2.509593e+21 6.298058e+42
4.980000e-15 -2.427528e+21 5.892892e+42
4.990000e-15 -2.339321e+21 5.472424e+42
5.000000e-15 -2.245230e+21 5.041060e+42
5.010000e-15 -2.145528e+21 4.603290e+42
5.020000e-15 -2.040499e+21 4.163637e+42
5.030000e-15 -1.930444e+21 3.726613e+42
5.040000e-15 -1.815673e+21 3.296668e+42
5.050000e-15 -1.696509e+21 2.878142e+42
5.060000e-15 -1.573285e+21 2.475225e+42
5.070000e-15 -1.446344e+21 2.091911e+42
5.080000e-15 -1.316037e+21 1.731953e+42
5.090000e-15 -1.182723e+21 1.398834e+42
5.100000e-15 -1.046768e+21 1.095723e+42
5.110000e-15 -9.085430e+20 8.254504e+41
5.120000e-15 -7.684241e+20 5.904755e+41
5.130000e-15 -6.267910e+20 3.928669e+41
5.140000e-15 -4.840261e+20 2.342813e+41
5.150000e-15 -3.405136e+20 1.159495e+41
5.160000e-15 -1.966380e+20 3.866651e+40
5.170000e-15 -5.278379e+19 2.786129e+39
5.180000e-15 9.066622e+19 8.220363e+39
5.190000e-15 2.333315e+20 5.444360e+40
5.200000e-15 3.748351e+20 1.405013e+41
5.210000e-15 5.148041e+20 2.650233e+41
5.220000e-15 6.528715e+20 4.262411e+41
5.230000e-15 7.886761e+20 6.220100e+41
5.240000e-15 9.218643e+20 8.498337e+41
5.250000e-15 1.052091e+21 1.106894e+42
5.260000e-15 1.179018e+21 1.390084e+42
5.270000e-15 1.302321e+21 1.696041e+42
5.280000e-15 1.421684e+21 2.021184e+42
5.290000e-15 1.536801e+21 2.361758e+42
5.300000e-15 1.647382e+21 2.713867e+42
5.310000e-15 1.753147e+21 3.073525e+42
5.320000e-15 1.853832e+21 3.436693e+42
5.330000e-15 1.949186e+21 3.799326e+42
5.340000e-15 2.038973e+21 4.157412e+42
5.350000e-15 2.122974e+21 4.507020e+42
5.360000e-15 2.200985e+21 4.844336e+42
5.370000e-15 2.272819e+21 5.165705e+42
5.380000e-15 2.338305e+21 5.467672e+42
5.390000e-15 2.397292e+21 5.747010e+42
5.400000e-15 2.449645e+21 6.000760e+42
5.410000e-15 2.495247e+21 6.226257e+42
5.420000e-15 2.534000e+21 6.421155e+42
5.430000e-15 2.565825e+21 6.583456e+42
5.440000e-15 2.590660e+21 6.711520e+42
5.450000e-15 2.608465e+21 6.804088e+42
5.460000e-15 2.619215e+21 6.860288e+42
5.470000e-15 2.622908e+21 6.879644e+42
5.480000e-15 2.619557e+21 6.862077e+42
5.490000e-15 2.609196e+21 6.807903e+42
5.500000e-15 2.591877e+21 6.717828e+42
5.510000e-15 2.567671e+21 6.592937e+42
5.520000e-15 2.536667e+21 6.434680e+42
5.530000e-15 2.498971e+21 6.244854e+42
5.540000e-15 2.454706e+21 6.025582e+42
5.550000e-15 2.404015e+21 5.779288e+42
5.560000e-15 2.347055e+21 5.508666e+42
5.570000e-15 2.284000e+21 5.216656e+42
5.580000e-15 2.215040e+21 4.906402e+42
5.590000e-15 2.140380e+21 4.581228e+42
5.600000e-15 2.060240e+21 4.244589e+42
5.610000e-15 1.974853e+21 3.900044e+42
5.620000e-15 1.884465e+21 3.551210e+42
5.630000e-15 1.789337e+21 3.201727e+42
5.640000e-15 1.689739e+21 2.855218e+42
5.650000e-15 1.585953e+21 2.515248e+42
5.660000e-15 1.478272e+21 2.185289e+42
5.670000e-15 1.366998e+21 1.868684e+42
5.680000e-15 1.252441e+21 1.568609e+42
5.690000e-15 1.134920e+21 1.288043e+42
5.700000e-15 1.014759e+21 1.029736e+42
5.710000e-15 8.922902e+20 7.961819e+41
5.720000e-15 7.678495e+20 5.895929e+41
5.730000e-15 6.417774e+20 4.118782e+41
5.740000e-15 5.144175e+20 2.646254e+41
5.750000e-15 3.861159e+20 1.490855e+41
5.760000e-15 2.572199e+20 6.616207e+40
5.770000e-15 1.280774e+20 1.640381e+40
5.780000e-15 -9.642823e+17 9.298403e+35
5.790000e-15 -1.295591e+20 1.678557e+40
5.800000e-15 -2.573636e+20 6.623602e+40
5.810000e-15 -3.840372e+20 1.474846e+41
5.820000e-15 -5.092439e+20 2.593293e+41
5.830000e-15 -6.326523e+20 4.002489e+41
5.840000e-15 -7.539372e+20 5.684212e+41
5.850000e-15 -8.727800e+20 7.617449e+41
5.860000e-15 -9.888698e+20 9.778635e+41
5.870000e-15 -1.101904e+21 1.214192e+42
5.880000e-15 -1.211589e+21 1.467949e+42
5.890000e-15 -1.317642e+21 1.736181e+42
5.900000e-15 -1.419790e+21 2.015804e+42
5.910000e-15 -1.517771e+21 2.303630e+42
5.920000e-15 -1.611337e+21 2.596405e+42
5.930000e-15 -1.700249e+21 2.890847e+42
5.940000e-15 -1.784286e+21 3.183676e+42
5.950000e-15 -1.863237e+21 3.471650e+42
5.960000e-15 -1.936906e+21 3.751606e+42
5.970000e-15 -2.005114e+21 4.020483e+42
5.980000e-15 -2.067695e+21 4.275365e+42
5.990000e-15 -2.124500e+21 4.513501e+42
6.000000e-15 -2.175395e+21 4.732342e+42
6.010000e-15 -2.220262e+21 4.929562e+42
6.020000e-15 -2.259000e+21 5.103082e+42
6.030000e-15 -2.291527e+21 5.251094e+42
6.040000e-15 -2.317774e+21 5.372074e+42
6.050000e-15 -2.337691e+21 5.464800e+42
6.060000e-15 -2.351246e+21 5.528360e+42
6.070000e-15 -2.358424e+21 5.562164e+42
6.080000e-15 -2.359225e+21 5.565944e+42
6.090000e-15 -2.353669e+21 5.539758e+42
6.100000e-15 -2.341791e+21 5.483984e+42
6.110000e-15 -2.323643e+21 5.399317e+42
6.120000e-15 -2.299295e+21 5.286759e+42
6.130000e-15 -2.268833e+21 5.147603e+42
6.140000e-15 -2.232358e+21 4.983422e+42
6.150000e-15 -2.189988e+21 4.796046e+42
6.160000e-15 -2.141856e+21 4.587545e+42
6.170000e-15 -2.088110e+21 4.360202e+42
6.180000e-15 -2.028912e+21 4.116486e+42
6.190000e-15 -1.964441e+21 3.859029e+42
6.200000e-15 -1.894886e+21 3.590593e+42
6.210000e-15 -1.820451e+21 3.314041e+42
6.220000e-15 -1.741351e+21 3.032304e+42
6.230000e-15 -1.657815e+21 2.748352e+42
6.240000e-15 -1.570082e+21 2.465158e+42
6.250000e-15 -1.478401e+21 2.185671e+42
6.260000e-15 -1.383032e+21 1.912778e+42
6.270000e-15 -1.284243e+21 1.649281e+42
6.280000e-15 -1.182311e+21 1.397860e+42
6.290000e-15 -1.077521e+21 1.161051e+42
6.300000e-15 -9.701627e+20 9.412158e+41
6.310000e-15 -8.605345e+20 7.405196e+41
6.320000e-15 -7.489382e+20 5.609085e+41
6.330000e-15 -6.356807e+20 4.040900e+41
6.340000e-15 -5.210721e+20 2.715162e+41
6.350000e-15 -4.054252e+20 1.643696e+41
6.360000e-15 -2.890547e+20 8.355262e+40
6.370000e-15 -1.722761e+20 2.967906e+40
6.380000e-15 -5.540520e+19 3.069736e+39
6.390000e-15 6.124311e+19 3.750719e+39
6.400000e-15 1.773554e+20 3.145495e+40
6.410000e-15 2.926208e+20 8.562693e+40
6.420000e-15 4.067315e+20 1.654305e+41
6.430000e-15 5.193839e+20 2.697596e+41
6.440000e-15 6.302791e+20 3.972517e+41
6.450000e-15 7.391241e+20 5.463045e+41
6.460000e-15 8.456322e+20 7.150937e+41
6.470000e-15 9.495237e+20 9.015952e+41
6.480000e-15 1.050527e+21 1.103607e+42
6.490000e-15 1.148379e+21 1.318775e+42
6.500000e-15 1.242827e+21 1.544618e+42
6.510000e-15 1.333625e+21 1.778556e+42
6.520000e-15 1.420542e+21 2.017938e+42
6.530000e-15 1.503354e+21 2.260073e+42
6.540000e-15 1.581852e+21 2.502255e+42
6.550000e-15 1.655837e+21 2.741796e+42
6.560000e-15 1.725124e+21 2.976054e+42
6.570000e-15 1.789541e+21 3.202458e+42
6.580000e-15 1.848929e+21 3.418540e+42
6.590000e-15 1.903144e+21 3.621958e+42
6.600000e-15 1.952055e+21 3.810520e+42
6.610000e-15 1.995547e+21 3.982210e+42
6.620000e-15 2.033520e+21 4.135203e+42
6.630000e-15 2.065887e+21 4.267888e+42
6.640000e-15 2.092578e+21 4.378884e+42
6.650000e-15 2.113540e+21 4.467051e+42
6.660000e-15 2.128732e+21 4.531500e+42
6.670000e-15 2.138132e+21 4.571607e+42
6.680000e-15 2.141731e+21 4.587011e+42
6.690000e-15 2.139537e+21 4.577620e+42
6.700000e-15 2.131574e+21 4.543609e+42
6.710000e-15 2.117881e+21 4.485419e+42
6.720000e-15 2.098511e+21 4.403748e+42
6.730000e-15 2.073534e+21 4.299543e+42
6.740000e-15 2.043034e+21 4.173987e+42
6.750000e-15 2.007109e+21 4.028487e+42
6.760000e-15 1.965873e+21 3.864657e+42
6.770000e-15 1.919452e+21 3.684298e+42
6.780000e-15 1.867988e+21 3.489379e+42
6.790000e-15 1.811633e+21 3.282014e+42
6.800000e-15 1.750554e+21 3.064440e+42
6.810000e-15 1.684930e+21 2.838989e+42
6.820000e-15 1.614951e+21 2.608066e+42
6.830000e-15 1.540818e+21 2.374120e+42
6.840000e-15 1.462744e+21 2.139619e+42
6.850000e-15 1.380950e+21 1.907023e+42
6.860000e-15 1.295668e+21 1.678755e+42
6.870000e-15 1.207138e+21 1.457182e+42
6.880000e-15 1.115608e+21 1.244581e+42
6.890000e-15 1.021334e+21 1.043123e+42
6.900000e-15 9.245772e+20 8.548430e+41
6.910000e-15 8.256065e+20 6.816262e+41
6.920000e-15 7.246950e+20 5.251828e+41
6.930000e-15 6.221202e+20 3.870336e+41
6.940000e-15 5.181636e+20 2.684936e+41
6.950000e-15 4.131095e+20 1.706595e+41
6.960000e-15 3.072444e+20 9.439909e+40
6.970000e-15 2.008559e+20 4.034309e+40
6.980000e-15 9.423256e+19 8.879775e+39
6.990000e-15 -1.233744e+19 1.522125e+38
7.000000e-15 -1.185668e+20 1.405810e+40
7.010000e-15 -2.241701e+20 5.025224e+40
7.020000e-15 -3.288642e+20 1.081517e+41
7.030000e-15 -4.323694e+20 1.869433e+41
7.040000e-15 -5.344097e+20 2.855938e+41
7.050000e-15 -6.347142e+20 4.028621e+41
7.060000e-15 -7.330171e+20 5.373141e+41
7.070000e-15 -8.290589e+20 6.873387e+41
7.080000e-15 -9.225869e+20 8.511665e+41
7.090000e-15 -1.013356e+21 1.026890e+42
7.100000e-15 -1.101128e+21 1.212483e+42
7.110000e-15 -1.185676e+21 1.405828e+42
7.120000e-15 -1.266780e+21 1.604732e+42
7.130000e-15 -1.344231e+21 1.806957e+42
7.140000e-15 -1.417830e+21 2.010242e+42
7.150000e-15 -1.487389e+21 2.212326e+42
7.160000e-15 -1.552732e+21 2.410976e+42
7.170000e-15 -1.613693e+21 2.604006e+42
7.180000e-15 -1.670121e+21 2.789305e+42
7.190000e-15 -1.721876e+21 2.964857e+42
7.200000e-15 -1.768830e+21 3.128761e+42
7.210000e-15 -1.810871e+21 3.279254e+42
7.220000e-15 -1.847898e+21 3.414726e+42
7.230000e-15 -1.879824e+21 3.533739e+42
7.240000e-15 -1.906578e+21 3.635041e+42
7.250000e-15 -1.928102e+21 3.717576e+42
7.260000e-15 -1.944351e+21 3.780500e+42
7.270000e-15 -1.955296e+21 3.823181e+42
7.280000e-15 -1.960921e+21 3.845211e+42
7.290000e-15 -1.961226e+21 3.846408e+42
7.300000e-15 -1.956225e+21 3.826816e+42
7.310000e-15 -1.945944e+21 3.786700e+42
7.320000e-15 -1.930427e+21 3.726549e+42
7.330000e-15 -1.909729e+21 3.647063e+42
7.340000e-15 -1.883919e+21 3.549150e+42
7.350000e-15 -1.853081e+21 3.433909e+42
7.360000e-15 -1.817312e+21 3.302622e+42
7.370000e-15 -1.776721e+21 3.156737e+42
7.380000e-15 -1.731431e+21 2.997853e+42
7.390000e-15 -1.681577e+21 2.827700e+42
7.400000e-15 -1.627305e+21 2.648120e+42
7.410000e-15 -1.568773e+21 2.461049e+42
7.420000e-15 -1.506152e+21 2.268493e+42
7.430000e-15 -1.439620e+21 2.072506e+42
7.440000e-15 -1.369369e+21 1.875171e+42
7.450000e-15 -1.295597e+21 1.678571e+42
7.460000e-15 -1.218513e+21 1.484774e+42
7.470000e-15 -1.138335e+21 1.295806e+42
7.480000e-15 -1.055286e+21 1.113628e+42
7.490000e-15 -9.695992e+20 9.401225e+41
7.500000e-15 -8.815127e+20 7.770646e+41
7.510000e-15 -7.912709e+20 6.261097e+41
7.520000e-15 -6.991234e+20 4.887736e+41
7.530000e-15 -6.053242e+20 3.664174e+41
7.540000e-15 -5.101312e+20 2.602339e+41
7.550000e-15 -4.138054e+20 1.712349e+41
7.560000e-15 -3.166102e+20 1.002420e+41
7.570000e-15 -2.188107e+20 4.787814e+40
7.580000e-15 -1.206730e+20 1.456197e+40
7.590000e-15 -2.246334e+19 5.046018e+38
7.600000e-15 7.555240e+19 5.708166e+39
7.610000e-15 1.731096e+20 2.996692e+40
7.620000e-15 2.699454e+20 7.287052e+40
7.630000e-15 3.657997e+20 1.338094e+41
7.640000e-15 4.604156e+20 2.119826e+41
7.650000e-15 5.535403e+20 3.064069e+41
7.660000e-15 6.449254e+20 4.159288e+41
7.670000e-15 7.343281e+20 5.392377e+41
7.680000e-15 8.215113e+20 6.748808e+41
7.690000e-15 9.062447e+20 8.212795e+41
7.700000e-15 9.883050e+20 9.767468e+41
7.710000e-15 1.067477e+21 1.139507e+42
7.720000e-15 1.143553e+21 1.307714e+42
7.730000e-15 1.216335e+21 1.479472e+42
7.740000e-15 1.285635e+21 1.652857e+42
7.750000e-15 1.351273e+21 1.825938e+42
7.760000e-15 1.413080e+21 1.996796e+42
7.770000e-15 1.470900e+21 2.163546e+42
7.780000e-15 1.524584e+21 2.324356e+42
7.790000e-15 1.573998e+21 2.477470e+42
7.800000e-15 1.619019e+21 2.621222e+42
7.810000e-15 1.659535e+21 2.754056e+42
7.820000e-15 1.695448e+21 2.874543e+42
7.830000e-15 1.726671e+21 2.981394e+42
7.840000e-15 1.753133e+21 3.073474e+42
7.850000e-15 1.774772e+21 3.149814e+42
7.860000e-15 1.791541e+21 3.209620e+42
7.870000e-15 1.803408e+21 3.252282e+42
7.880000e-15 1.810352e+21 3.277376e+42
7.890000e-15 1.812367e+21 3.284673e+42
7.900000e-15 1.809458e+21 3.274138e+42
7.910000e-15 1.801646e+21 3.245928e+42
7.920000e-15 1.788963e+21 3.200390e+42
7.930000e-15 1.771457e+21 3.138059e+42
7.940000e-15 1.749185e+21 3.059649e+42
7.950000e-15 1.722221e+21 2.966044e+42
7.960000e-15 1.690648e+21 2.858290e+42
7.970000e-15 1.654563e+21 2.737578e+42
7.980000e-15 1.614075e+21 2.605237e+42
7.990000e-15 1.569304e+21 2.462715e+42
8.000000e-15 1.520382e+21 2.311562e+42
8.010000e-15 1.467452e+21 2.153416e+42
8.020000e-15 1.410667e+21 1.989981e+42
8.030000e-15 1.350190e+21 1.823013e+42
8.040000e-15 1.286194e+21 1.654294e+42
8.050000e-15 1.218861e+21 1.485622e+42
8.060000e-15 1.148382e+21 1.318780e+42
8.070000e-15 1.074955e+21 1.155528e+42
8.080000e-15 9.987867e+20 9.975748e+41
8.090000e-15 9.200905e+20 8.465666e+41
8.100000e-15 8.390859e+20 7.040652e+41
8.110000e-15 7.559982e+20 5.715332e+41
8.120000e-15 6.710577e+20 4.503185e+41
8.130000e-15 5.844995e+20 3.416397e+41
8.140000e-15 4.965623e+20 2.465742e+41
8.150000e-15 4.074882e+20 1.660466e+41
8.160000e-15 3.175215e+20 1.008199e+41
8.170000e-15 2.269087e+20 5.148756e+40
8.180000e-15 1.358973e+20 1.846807e+40
8.190000e-15 4.473532e+19 2.001249e+39
8.200000e-15 -4.632933e+19 2.146406e+39
8.210000e-15 -1.370496e+20 1.878259e+40
8.220000e-15 -2.271799e+20 5.161073e+40
8.230000e-15 -3.164770e+20 1.001577e+41
8.240000e-15 -4.047002e+20 1.637823e+41
8.250000e-15 -4.916125e+20 2.416828e+41
8.260000e-15 -5.769808e+20 3.329068e+41
8.270000e-15 -6.605769e+20 4.363619e+41
8.280000e-15 -7.421779e+20 5.508281e+41
8.290000e-15 -8.215669e+20 6.749721e+41
8.300000e-15 -8.985332e+20 8.073619e+41
8.310000e-15 -9.728735e+20 9.464828e+41
8.320000e-15 -1.044392e+21 1.090754e+42
8.330000e-15 -1.112901e+21 1.238548e+42
8.340000e-15 -1.178221e+21 1.388204e+42
8.350000e-15 -1.240182e+21 1.538052e+42
8.360000e-15 -1.298624e+21 1.686425e+42
8.370000e-15 -1.353396e+21 1.831681e+42
8.380000e-15 -1.404358e+21 1.972222e+42
8.390000e-15 -1.451380e+21 2.106504e+42
8.400000e-15 -1.494344e+21 2.233063e+42
8.410000e-15 -1.533141e+21 2.350522e+42
8.420000e-15 -1.567677e+21 2.457612e+42
8.430000e-15 -1.597868e+21 2.553181e+42
8.440000e-15 -1.623641e+21 2.636209e+42
8.450000e-15 -1.644936e+21 2.705815e+42
8.460000e-15 -1.661707e+21 2.761269e+42
8.470000e-15 -1.673917e+21 2.801999e+42
8.480000e-15 -1.681545e+21 2.827594e+42
8.490000e-15 -1.684580e+21 2.837811e+42
8.500000e-15 -1.683025e+21 2.832573e+42
8.510000e-15 -1.676894e+21 2.811974e+42
8.520000e-15 -1.666215e+21 2.776273e+42
8.530000e-15 -1.651027e+21 2.725890e+42
8.540000e-15 -1.631382e+21 2.661407e+42
8.550000e-15 -1.607344e+21 2.583554e+42
8.560000e-15 -1.578987e+21 2.493201e+42
8.570000e-15 -1.546400e+21 2.391354e+42
8.580000e-15 -1.509681e+21 2.279136e+42
8.590000e-15 -1.468938e+21 2.157780e+42
8.600000e-15 -1.424293e+21 2.028610e+42
8.610000e-15 -1.375875e+21 1.893031e+42
8.620000e-15 -1.323824e+21 1.752511e+42
8.630000e-15 -1.268292e+21 1.608564e+42
8.640000e-15 -1.209436e+21 1.462735e+42
8.650000e-15 -1.147425e+21 1.316583e+42
8.660000e-15 -1.082434e+21 1.171663e+42
8.670000e-15 -1.014647e+21 1.029508e+42
8.680000e-15 -9.442546e+20 8.916168e+41
8.690000e-15 -8.714548e+20 7.594335e+41
8.700000e-15 -7.964509e+20 6.343340e+41
8.710000e-15 -7.194519e+20 5.176110e+41
8.720000e-15 -6.406719e+20 4.104605e+41
8.730000e-15 -5.603293e+20 3.139689e+41
8.740000e-15 -4.786462e+20 2.291022e+41
8.750000e-15 -3.958479e+20 1.566956e+41
8.760000e-15 -3.121623e+20 9.744529e+40
8.770000e-15 -2.278190e+20 5.190150e+40
8.780000e-15 -1.430491e+20 2.046303e+40
8.790000e-15 -5.808407e+19 3.373759e+39
8.800000e-15 2.684436e+19 7.206199e+38
8.810000e-15 1.115052e+20 1.243342e+40
8.820000e-15 1.956688e+20 3.828627e+40
8.830000e-15 2.791072e+20 7.790081e+40
8.840000e-15 3.615950e+20 1.307509e+41
8.850000e-15 4.429099e+20 1.961692e+41
8.860000e-15 5.228334e+20 2.733548e+41
8.870000e-15 6.011511e+20 3.613827e+41
8.880000e-15 6.776536e+20 4.592144e+41
8.890000e-15 7.521368e+20 5.657098e+41
8.900000e-15 8.244026e+20 6.796397e+41
8.910000e-15 8.942594e+20 7.996999e+41
8.920000e-15 9.615225e+20 9.245256e+41
8.930000e-15 1.026015e+21 1.052706e+42
8.940000e-15 1.087567e+21 1.182802e+42
8.950000e-15 1.146018e+21 1.313358e+42
8.960000e-15 1.201217e+21 1.442922e+42
8.970000e-15 1.253019e+21 1.570058e+42
8.980000e-15 1.301293e+21 1.693363e+42
8.990000e-15 1.345914e+21 1.811484e+42
9.000000e-15 1.386769e+21 1.923128e+42
9.010000e-15 1.423756e+21 2.027080e+42
9.020000e-15 1.456782e+21 2.122214e+42
9.030000e-15 1.485767e+21 2.207503e+42
9.040000e-15 1.510641e+21 2.282036e+42
9.050000e-15 1.531345e+21 2.345018e+42
9.060000e-15 1.547833e+21 2.395786e+42
9.070000e-15 1.560068e+21 2.433813e+42
9.080000e-15 1.568028e+21 2.458712e+42
9.090000e-15 1.571700e+21 2.470241e+42
9.100000e-15 1.571084e+21 2.468304e+42
9.110000e-15 1.566190e+21 2.452952e+42
9.120000e-15 1.557043e+21 2.424382e+42
9.130000e-15 1.543676e+21 2.382934e+42
9.140000e-15 1.526134e+21 2.329086e+42
9.150000e-15 1.504476e+21 2.263449e+42
9.160000e-15 1.478769e+21 2.186758e+42
9.170000e-15 1.449092e+21 2.099869e+42
9.180000e-15 1.415535e+21 2.003740e+42
9.190000e-15 1.378198e+21 1.899429e+42
9.200000e-15 1.337190e+21 1.788076e+42
9.210000e-15 1.292631e+21 1.670895e+42
9.220000e-15 1.244651e+21 1.549156e+42
9.230000e-15 1.193387e+21 1.424173e+42
9.240000e-15 1.138987e+21 1.297292e+42
9.250000e-15 1.081605e+21 1.169870e+42
9.260000e-15 1.021404e+21 1.043266e+42
9.270000e-15 9.585542e+20 9.188262e+41
9.280000e-15 8.932322e+20 7.978637e+41
9.290000e-15 8.256212e+20 6.816503e+41
9.300000e-15 7.559102e+20 5.714003e+41
9.310000e-15 6.842936e+20 4.682578e+41
9.320000e-15 6.109704e+20 3.732849e+41
9.330000e-15 5.361438e+20 2.874502e+41
9.340000e-15 4.600208e+20 2.116191e+41
9.350000e-15 3.828112e+20 1.465444e+41
9.360000e-15 3.047276e+20 9.285890e+40
9.370000e-15 2.259842e+20 5.106887e+40
9.380000e-15 1.467969e+20 2.154932e+40
9.390000e-15 6.738189e+19 4.540319e+39
9.400000e-15 -1.204412e+19 1.450607e+38
9.410000e-15 -9.126503e+19 8.329305e+39
9.420000e-15 -1.700657e+20 2.892236e+40
9.430000e-15 -2.482328e+20 6.161952e+40
9.440000e-15 -3.255549e+20 1.059860e+41
9.450000e-15 -4.018234e+20 1.614621e+41
9.460000e-15 -4.768332e+20 2.273699e+41
9.470000e-15 -5.503829e+20 3.029213e+41
9.480000e-15 -6.222755e+20 3.872268e+41
9.490000e-15 -6.923190e+20 4.793056e+41
9.500000e-15 -7.603268e+20 5.780969e+41
9.510000e-15 -8.261183e+20 6.824714e+41
9.520000e-15 -8.895191e+20 7.912442e+41
9.530000e-15 -9.503620e+20 9.031879e+41
9.540000e-15 -1.008487e+21 1.017046e+42
9.550000e-15 -1.063741e+21 1.131546e+42
9.560000e-15 -1.115981e+21 1.245414e+42
9.570000e-15 -1.165071e+21 1.357390e+42
9.580000e-15 -1.210883e+21 1.466238e+42
9.590000e-15 -1.253301e+21 1.570763e+42
9.600000e-15 -1.292216e+21 1.669821e+42
9.610000e-15 -1.327529e+21 1.762333e+42
9.620000e-15 -1.359152e+21 1.847294e+42
9.630000e-15 -1.387007e+21 1.923789e+42
9.640000e-15 -1.411026e+21 1.990995e+42
9.650000e-15 -1.431152e+21 2.048196e+42
9.660000e-15 -1.447338e+21 2.094787e+42
9.670000e-15 -1.459548e+21 2.130281e+42
9.680000e-15 -1.467758e+21 2.154313e+42
9.690000e-15 -1.471953e+21 2.166646e+42
9.700000e-15 -1.472131e+21 2.167169e+42
9.710000e-15 -1.468299e+21 2.155902e+42
9.720000e-15 -1.460476e+21 2.132991e+42
9.730000e-15 -1.448692e+21 2.098709e+42
9.740000e-15 -1.432987e+21 2.053453e+42
9.750000e-15 -1.413412e+21 1.997734e+42
9.760000e-15 -1.390028e+21 1.932179e+42
9.770000e-15 -1.362907e+21 1.857515e+42
9.780000e-15 -1.332130e+21 1.774570e+42
9.790000e-15 -1.297788e+21 1.684253e+42
9.800000e-15 -1.259982e+21 1.587555e+42
9.810000e-15 -1.218823e+21 1.485529e+42
9.820000e-15 -1.174428e+21 1.379281e+42
9.830000e-15 -1.126926e+21 1.269962e+42
9.840000e-15 -1.076451e+21 1.158748e+42
9.850000e-15 -1.023148e+21 1.046833e+42
9.860000e-15 -9.671675e+20 9.354129e+41
9.870000e-15 -9.086664e+20 8.256747e+41
9.880000e-15 -8.478096e+20 7.187811e+41
9.890000e-15 -7.847672e+20 6.158596e+41
9.900000e-15 -7.197153e+20 5.179901e+41
9.910000e-15 -6.528349e+20 4.261934e+41
9.920000e-15 -5.843117e+20 3.414201e+41
9.930000e-15 -5.143353e+20 2.645408e+41
9.940000e-15 -4.430993e+20 1.963370e+41
9.950000e-15 -3.707998e+20 1.374925e+41
9.960000e-15 -2.976358e+20 8.858704e+40
9.970000e-15 -2.238080e+20 5.009002e+40
9.980000e-15 -1.495187e+20 2.235585e+40
9.990000e-15 -7.497104e+19 5.620657e+39
1.000000e-14 -3.682688e+17 1.356219e+35
