0.000000e+00 nan nan
1.000000e-17 1.109838e+13 1.231741e+26
2.000000e-17 3.549695e+14 1.260034e+29
3.000000e-17 2.693289e+15 7.253805e+30
4.000000e-17 1.133617e+16 1.285088e+32
5.000000e-17 3.454302e+16 1.193220e+33
6.000000e-17 8.579549e+16 7.360866e+33
7.000000e-17 1.850334e+17 3.423737e+34
8.000000e-17 3.598450e+17 1.294884e+35
9.000000e-17 6.466025e+17 4.180947e+35
1.000000e-16 1.091535e+18 1.191448e+36
1.100000e-16 1.751729e+18 3.068555e+36
1.200000e-16 2.696056e+18 7.268715e+36
1.300000e-16 4.006003e+18 1.604806e+37
1.400000e-16 5.776427e+18 3.336711e+37
1.500000e-16 8.116193e+18 6.587259e+37
1.600000e-16 1.114872e+19 1.242940e+38
1.700000e-16 1.501241e+19 2.253725e+38
1.800000e-16 1.986098e+19 3.944584e+38
1.900000e-16 2.586363e+19 6.689272e+38
2.000000e-16 3.320515e+19 1.102582e+39
2.100000e-16 4.208587e+19 1.771220e+39
2.200000e-16 5.272147e+19 2.779553e+39
2.300000e-16 6.534270e+19 4.269668e+39
2.400000e-16 8.019492e+19 6.431225e+39
2.500000e-16 9.753759e+19 9.513581e+39
2.600000e-16 1.176435e+20 1.384000e+40
2.700000e-16 1.407982e+20 1.982412e+40
2.800000e-16 1.672985e+20 2.798879e+40
2.900000e-16 1.974522e+20 3.898738e+40
3.000000e-16 2.315764e+20 5.362761e+40
3.100000e-16 2.699960e+20 7.289786e+40
3.200000e-16 3.130432e+20 9.799605e+40
3.300000e-16 3.610549e+20 1.303607e+41
3.400000e-16 4.143720e+20 1.717042e+41
3.500000e-16 4.733372e+20 2.240481e+41
3.600000e-16 5.382934e+20 2.897597e+41
3.700000e-16 6.095818e+20 3.715899e+41
3.800000e-16 6.875401e+20 4.727114e+41
3.900000e-16 7.725005e+20 5.967570e+41
4.000000e-16 8.647877e+20 7.478578e+41
4.100000e-16 9.647168e+20 9.306785e+41
4.200000e-16 1.072591e+21 1.150452e+42
4.300000e-16 1.188700e+21 1.413009e+42
4.400000e-16 1.313319e+21 1.724806e+42
4.500000e-16 1.446701e+21 2.092945e+42
4.600000e-16 1.589085e+21 2.525191e+42
4.700000e-16 1.740683e+21 3.029976e+42
4.800000e-16 1.901684e+21 3.616403e+42
4.900000e-16 2.072254e+21 4.294235e+42
5.000000e-16 2.252526e+21 5.073875e+42
5.100000e-16 2.442608e+21 5.966333e+42
5.200000e-16 2.642573e+21 6.983191e+42
5.300000e-16 2.852462e+21 8.136537e+42
5.400000e-16 3.072281e+21 9.438909e+42
5.500000e-16 3.302000e+21 1.090320e+43
5.600000e-16 3.541550e+21 1.254258e+43
5.700000e-16 3.790826e+21 1.437037e+43
5.800000e-16 4.049681e+21 1.639992e+43
5.900000e-16 4.317926e+21 1.864449e+43
6.000000e-16 4.595333e+21 2.111708e+43
6.100000e-16 4.881629e+21 2.383030e+43
6.200000e-16 5.176501e+21 2.679617e+43
6.300000e-16 5.479592e+21 3.002593e+43
6.400000e-16 5.790500e+21 3.352989e+43
6.500000e-16 6.108783e+21 3.731723e+43
6.600000e-16 6.433953e+21 4.139576e+43
6.700000e-16 6.765484e+21 4.577177e+43
6.800000e-16 7.102803e+21 5.044981e+43
6.900000e-16 7.445301e+21 5.543250e+43
7.000000e-16 7.792325e+21 6.072034e+43
7.100000e-16 8.143188e+21 6.631151e+43
7.200000e-16 8.497161e+21 7.220174e+43
7.300000e-16 8.853482e+21 7.838414e+43
7.400000e-16 9.211355e+21 8.484905e+43
7.500000e-16 9.569951e+21 9.158396e+43
7.600000e-16 9.928412e+21 9.857337e+43
7.700000e-16 1.028585e+22 1.057988e+44
7.800000e-16 1.064136e+22 1.132386e+44
7.900000e-16 1.099401e+22 1.208682e+44
8.000000e-16 1.134283e+22 1.286599e+44
8.100000e-16 1.168687e+22 1.365830e+44
8.200000e-16 1.202514e+22 1.446039e+44
8.300000e-16 1.235664e+22 1.526865e+44
8.400000e-16 1.268037e+22 1.607918e+44
8.500000e-16 1.299533e+22 1.688785e+44
8.600000e-16 1.330050e+22 1.769033e+44
8.700000e-16 1.359489e+22 1.848209e+44
8.800000e-16 1.387749e+22 1.925847e+44
8.900000e-16 1.414732e+22 2.001466e+44
9.000000e-16 1.440340e+22 2.074579e+44
9.100000e-16 1.464477e+22 2.144694e+44
9.200000e-16 1.487051e+22 2.211320e+44
9.300000e-16 1.507968e+22 2.273969e+44
9.400000e-16 1.527142e+22 2.332163e+44
9.500000e-16 1.544487e+22 2.385439e+44
9.600000e-16 1.559920e+22 2.433350e+44
9.700000e-16 1.573364e+22 2.475475e+44
9.800000e-16 1.584745e+22 2.511418e+44
9.900000e-16 1.593995e+22 2.540819e+44
1.000000e-15 1.601047e+22 2.563352e+44
1.010000e-15 1.605844e+22 2.578735e+44
1.020000e-15 1.608331e+22 2.586728e+44
1.030000e-15 1.608460e+22 2.587143e+44
1.040000e-15 1.606188e+22 2.579841e+44
1.050000e-15 1.601480e+22 2.564740e+44
1.060000e-15 1.594306e+22 2.541813e+44
1.070000e-15 1.584643e+22 2.511094e+44
1.080000e-15 1.572475e+22 2.472676e+44
1.090000e-15 1.557791e+22 2.426713e+44
1.100000e-15 1.540590e+22 2.373418e+44
1.110000e-15 1.520877e+22 2.313068e+44
1.120000e-15 1.498664e+22 2.245994e+44
1.130000e-15 1.473970e+22 2.172588e+44
1.140000e-15 1.446823e+22 2.093296e+44
1.150000e-15 1.417256e+22 2.008613e+44
1.160000e-15 1.385311e+22 1.919085e+44
1.170000e-15 1.351037e+22 1.825300e+44
1.180000e-15 1.314490e+22 1.727884e+44
1.190000e-15 1.275734e+22 1.627498e+44
1.200000e-15 1.234840e+22 1.524829e+44
1.210000e-15 1.191884e+22 1.420587e+44
1.220000e-15 1.146950e+22 1.315495e+44
1.230000e-15 1.100130e+22 1.210287e+44
1.240000e-15 1.051521e+22 1.105696e+44
1.250000e-15 1.001225e+22 1.002451e+44
1.260000e-15 9.493507e+21 9.012668e+43
1.270000e-15 8.960135e+21 8.028403e+43
1.280000e-15 8.413327e+21 7.078407e+43
1.290000e-15 7.854327e+21 6.169045e+43
1.300000e-15 7.284425e+21 5.306285e+43
1.310000e-15 6.704953e+21 4.495640e+43
1.320000e-15 6.117281e+21 3.742112e+43
1.330000e-15 5.522810e+21 3.050143e+43
1.340000e-15 4.922972e+21 2.423566e+43
1.350000e-15 4.319226e+21 1.865571e+43
1.360000e-15 3.713047e+21 1.378672e+43
1.370000e-15 3.105930e+21 9.646800e+42
1.380000e-15 2.499379e+21 6.246893e+42
1.390000e-15 1.894904e+21 3.590662e+42
1.400000e-15 1.294019e+21 1.674486e+42
1.410000e-15 6.982341e+20 4.875308e+41
1.420000e-15 1.090498e+20 1.189186e+40
1.430000e-15 -4.720445e+20 2.228260e+41
1.440000e-15 -1.043578e+21 1.089054e+42
1.450000e-15 -1.604101e+21 2.573140e+42
1.460000e-15 -2.152193e+21 4.631935e+42
1.470000e-15 -2.686464e+21 7.217090e+42
1.480000e-15 -3.205562e+21 1.027563e+43
1.490000e-15 -3.708173e+21 1.375055e+43
1.500000e-15 -4.193032e+21 1.758152e+43
1.510000e-15 -4.658922e+21 2.170556e+43
1.520000e-15 -5.104681e+21 2.605777e+43
1.530000e-15 -5.529202e+21 3.057207e+43
1.540000e-15 -5.931442e+21 3.518201e+43
1.550000e-15 -6.310424e+21 3.982145e+43
1.560000e-15 -6.665236e+21 4.442537e+43
1.570000e-15 -6.995041e+21 4.893059e+43
1.580000e-15 -7.299074e+21 5.327648e+43
1.590000e-15 -7.576650e+21 5.740562e+43
1.600000e-15 -7.827161e+21 6.126444e+43
1.610000e-15 -8.050081e+21 6.480381e+43
1.620000e-15 -8.244971e+21 6.797954e+43
1.630000e-15 -8.411472e+21 7.075286e+43
1.640000e-15 -8.549315e+21 7.309079e+43
1.650000e-15 -8.658319e+21 7.496648e+43
1.660000e-15 -8.738388e+21 7.635942e+43
1.670000e-15 -8.789518e+21 7.725563e+43
1.680000e-15 -8.811792e+21 7.764768e+43
1.690000e-15 -8.805382e+21 7.753475e+43
1.700000e-15 -8.770548e+21 7.692252e+43
1.710000e-15 -8.707638e+21 7.582297e+43
1.720000e-15 -8.617085e+21 7.425416e+43
1.730000e-15 -8.499408e+21 7.223994e+43
1.740000e-15 -8.355207e+21 6.980949e+43
1.750000e-15 -8.185166e+21 6.699694e+43
1.760000e-15 -7.990045e+21 6.384082e+43
1.770000e-15 -7.770682e+21 6.038350e+43
1.780000e-15 -7.527988e+21 5.667060e+43
1.790000e-15 -7.262944e+21 5.275036e+43
1.800000e-15 -6.976600e+21 4.867294e+43
1.810000e-15 -6.670066e+21 4.448978e+43
1.820000e-15 -6.344514e+21 4.025286e+43
1.830000e-15 -6.001173e+21 3.601407e+43
1.840000e-15 -5.641320e+21 3.182450e+43
1.850000e-15 -5.266284e+21 2.773375e+43
1.860000e-15 -4.877432e+21 2.378934e+43
1.870000e-15 -4.476173e+21 2.003612e+43
1.880000e-15 -4.063946e+21 1.651566e+43
1.890000e-15 -3.642221e+21 1.326578e+43
1.900000e-15 -3.212491e+21 1.032010e+43
1.910000e-15 -2.776266e+21 7.707652e+42
1.920000e-15 -2.335070e+21 5.452552e+42
1.930000e-15 -1.890436e+21 3.573746e+42
1.940000e-15 -1.443897e+21 2.084839e+42
1.950000e-15 -9.969873e+20 9.939838e+41
1.960000e-15 -5.512310e+20 3.038557e+41
1.970000e-15 -1.081403e+20 1.169433e+40
1.980000e-15 3.307906e+20 1.094224e+41
1.990000e-15 7.640902e+20 5.838339e+41
2.000000e-15 1.190315e+21 1.416850e+42
2.010000e-15 1.608055e+21 2.585840e+42
2.020000e-15 2.015935e+21 4.063995e+42
2.030000e-15 2.412626e+21 5.820763e+42
2.040000e-15 2.796841e+21 7.822321e+42
2.050000e-15 3.167347e+21 1.003209e+43
2.060000e-15 3.522964e+21 1.241128e+43
2.070000e-15 3.862572e+21 1.491946e+43
2.080000e-15 4.185112e+21 1.751516e+43
2.090000e-15 4.489590e+21 2.015642e+43
2.100000e-15 4.775084e+21 2.280143e+43
2.110000e-15 5.040741e+21 2.540907e+43
2.120000e-15 5.285783e+21 2.793950e+43
2.130000e-15 5.509510e+21 3.035470e+43
2.140000e-15 5.711299e+21 3.261894e+43
2.150000e-15 5.890611e+21 3.469930e+43
2.160000e-15 6.046986e+21 3.656604e+43
2.170000e-15 6.180049e+21 3.819301e+43
2.180000e-15 6.289511e+21 3.955794e+43
2.190000e-15 6.375165e+21 4.064273e+43
2.200000e-15 6.436892e+21 4.143358e+43
2.210000e-15 6.474659e+21 4.192121e+43
2.220000e-15 6.488515e+21 4.210083e+43
2.230000e-15 6.478598e+21 4.197223e+43
2.240000e-15 6.445126e+21 4.153965e+43
2.250000e-15 6.388401e+21 4.081167e+43
2.260000e-15 6.308808e+21 3.980106e+43
2.270000e-15 6.206807e+21 3.852446e+43
2.280000e-15 6.082940e+21 3.700216e+43
2.290000e-15 5.937822e+21 3.525773e+43
2.300000e-15 5.772138e+21 3.331758e+43
2.310000e-15 5.586647e+21 3.121062e+43
2.320000e-15 5.382171e+21 2.896776e+43
2.330000e-15 5.159597e+21 2.662144e+43
2.340000e-15 4.919872e+21 2.420514e+43
2.350000e-15 4.663997e+21 2.175287e+43
2.360000e-15 4.393027e+21 1.929868e+43
2.370000e-15 4.108064e+21 1.687619e+43
2.380000e-15 3.810253e+21 1.451803e+43
2.390000e-15 3.500782e+21 1.225547e+43
2.400000e-15 3.180869e+21 1.011793e+43
2.410000e-15 2.851765e+21 8.132562e+42
2.420000e-15 2.514746e+21 6.323948e+42
2.430000e-15 2.171110e+21 4.713717e+42
2.440000e-15 1.822168e+21 3.320296e+42
2.450000e-15 1.469245e+21 2.158682e+42
2.460000e-15 1.113671e+21 1.240264e+42
2.470000e-15 7.567781e+20 5.727131e+41
2.480000e-15 3.998929e+20 1.599143e+41
2.490000e-15 4.433539e+19 1.965626e+39
2.500000e-15 -3.085882e+20 9.522666e+40
2.510000e-15 -6.575894e+20 4.324238e+41
2.520000e-15 -1.001403e+21 1.002807e+42
2.530000e-15 -1.338789e+21 1.792355e+42
2.540000e-15 -1.668541e+21 2.784028e+42
2.550000e-15 -1.989487e+21 3.958057e+42
2.560000e-15 -2.300495e+21 5.292277e+42
2.570000e-15 -2.600478e+21 6.762485e+42
2.580000e-15 -2.888395e+21 8.342824e+42
2.590000e-15 -3.163256e+21 1.000619e+43
2.600000e-15 -3.424128e+21 1.172465e+43
2.610000e-15 -3.670133e+21 1.346987e+43
2.620000e-15 -3.900454e+21 1.521354e+43
2.630000e-15 -4.114339e+21 1.692778e+43
2.640000e-15 -4.311099e+21 1.858558e+43
2.650000e-15 -4.490116e+21 2.016114e+43
2.660000e-15 -4.650840e+21 2.163031e+43
2.670000e-15 -4.792792e+21 2.297085e+43
2.680000e-15 -4.915567e+21 2.416280e+43
2.690000e-15 -5.018835e+21 2.518870e+43
2.700000e-15 -5.102337e+21 2.603385e+43
2.710000e-15 -5.165894e+21 2.668646e+43
2.720000e-15 -5.209400e+21 2.713785e+43
2.730000e-15 -5.232824e+21 2.738245e+43
2.740000e-15 -5.236212e+21 2.741792e+43
2.750000e-15 -5.219684e+21 2.724510e+43
2.760000e-15 -5.183434e+21 2.686799e+43
2.770000e-15 -5.127728e+21 2.629360e+43
2.780000e-15 -5.052905e+21 2.553185e+43
2.790000e-15 -4.959371e+21 2.459536e+43
2.800000e-15 -4.847602e+21 2.349924e+43
2.810000e-15 -4.718138e+21 2.226083e+43
2.820000e-15 -4.571585e+21 2.089939e+43
2.830000e-15 -4.408605e+21 1.943580e+43
2.840000e-15 -4.229922e+21 1.789224e+43
2.850000e-15 -4.036313e+21 1.629182e+43
2.860000e-15 -3.828606e+21 1.465823e+43
2.870000e-15 -3.607679e+21 1.301534e+43
2.880000e-15 -3.374451e+21 1.138692e+43
2.890000e-15 -3.129887e+21 9.796191e+42
2.900000e-15 -2.874984e+21 8.265532e+42
2.910000e-15 -2.610775e+21 6.816146e+42
2.920000e-15 -2.338321e+21 5.467747e+42
2.930000e-15 -2.058709e+21 4.238283e+42
2.940000e-15 -1.773045e+21 3.143688e+42
2.950000e-15 -1.482452e+21 2.197663e+42
2.960000e-15 -1.188064e+21 1.411497e+42
2.970000e-15 -8.910261e+20 7.939275e+41
2.980000e-15 -5.924825e+20 3.510355e+41
2.990000e-15 -2.935787e+20 8.618844e+40
3.000000e-15 4.545796e+18 2.066426e+37
3.010000e-15 3.007609e+20 9.045710e+40
3.020000e-15 5.939504e+20 3.527770e+41
3.030000e-15 8.830161e+20 7.797174e+41
3.040000e-15 1.166882e+21 1.361613e+42
3.050000e-15 1.444497e+21 2.086573e+42
3.060000e-15 1.714842e+21 2.940684e+42
3.070000e-15 1.976930e+21 3.908251e+42
3.080000e-15 2.229810e+21 4.972052e+42
3.090000e-15 2.472573e+21 6.113618e+42
3.100000e-15 2.704354e+21 7.313531e+42
3.110000e-15 2.924333e+21 8.551726e+42
3.120000e-15 3.131742e+21 9.807807e+42
3.130000e-15 3.325862e+21 1.106136e+43
3.140000e-15 3.506031e+21 1.229226e+43
3.150000e-15 3.671644e+21 1.348097e+43
3.160000e-15 3.822154e+21 1.460886e+43
3.170000e-15 3.957073e+21 1.565843e+43
3.180000e-15 4.075979e+21 1.661360e+43
3.190000e-15 4.178510e+21 1.745994e+43
3.200000e-15 4.264369e+21 1.818485e+43
3.210000e-15 4.333327e+21 1.877772e+43
3.220000e-15 4.385217e+21 1.923013e+43
3.230000e-15 4.419940e+21 1.953587e+43
3.240000e-15 4.437462e+21 1.969107e+43
3.250000e-15 4.437816e+21 1.969421e+43
3.260000e-15 4.421100e+21 1.954613e+43
3.270000e-15 4.387476e+21 1.924995e+43
3.280000e-15 4.337170e+21 1.881104e+43
3.290000e-15 4.270469e+21 1.823691e+43
3.300000e-15 4.187725e+21 1.753704e+43
3.310000e-15 4.089344e+21 1.672274e+43
3.320000e-15 3.975795e+21 1.580694e+43
3.330000e-15 3.847597e+21 1.480400e+43
3.340000e-15 3.705325e+21 1.372943e+43
3.350000e-15 3.549606e+21 1.259970e+43
3.360000e-15 3.381111e+21 1.143191e+43
3.370000e-15 3.200560e+21 1.024358e+43
3.380000e-15 3.008713e+21 9.052354e+42
3.390000e-15 2.806370e+21 7.875710e+42
3.400000e-15 2.594365e+21 6.730730e+42
3.410000e-15 2.373567e+21 5.633822e+42
3.420000e-15 2.144873e+21 4.600480e+42
3.430000e-15 1.909204e+21 3.645061e+42
3.440000e-15 1.667505e+21 2.780573e+42
3.450000e-15 1.420737e+21 2.018492e+42
3.460000e-15 1.169875e+21 1.368608e+42
3.470000e-15 9.159071e+20 8.388858e+41
3.480000e-15 6.598253e+20 4.353694e+41
3.490000e-15 4.026255e+20 1.621073e+41
3.500000e-15 1.453023e+20 2.111276e+40
3.510000e-15 -1.111545e+20 1.235533e+40
3.520000e-15 -3.657638e+20 1.337832e+41
3.530000e-15 -6.175568e+20 3.813764e+41
3.540000e-15 -8.655806e+20 7.492297e+41
3.550000e-15 -1.108902e+21 1.229663e+42
3.560000e-15 -1.346610e+21 1.813359e+42
3.570000e-15 -1.577822e+21 2.489521e+42
3.580000e-15 -1.801682e+21 3.246058e+42
3.590000e-15 -2.017369e+21 4.069779e+42
3.600000e-15 -2.224098e+21 4.946611e+42
3.610000e-15 -2.421120e+21 5.861823e+42
3.620000e-15 -2.607730e+21 6.800255e+42
3.630000e-15 -2.783265e+21 7.746562e+42
3.640000e-15 -2.947108e+21 8.685444e+42
3.650000e-15 -3.098691e+21 9.601884e+42
3.660000e-15 -3.237495e+21 1.048137e+43
3.670000e-15 -3.363054e+21 1.131013e+43
3.680000e-15 -3.474955e+21 1.207531e+43
3.690000e-15 -3.572838e+21 1.276517e+43
3.700000e-15 -3.656401e+21 1.336927e+43
3.710000e-15 -3.725398e+21 1.387859e+43
3.720000e-15 -3.779638e+21 1.428566e+43
3.730000e-15 -3.818991e+21 1.458469e+43
3.740000e-15 -3.843382e+21 1.477159e+43
3.750000e-15 -3.852797e+21 1.484405e+43
3.760000e-15 -3.847277e+21 1.480154e+43
3.770000e-15 -3.826921e+21 1.464532e+43
3.780000e-15 -3.791884e+21 1.437839e+43
3.790000e-15 -3.742379e+21 1.400540e+43
3.800000e-15 -3.678670e+21 1.353261e+43
3.810000e-15 -3.601077e+21 1.296776e+43
3.820000e-15 -3.509971e+21 1.231990e+43
3.830000e-15 -3.405772e+21 1.159929e+43
3.840000e-15 -3.288951e+21 1.081720e+43
3.850000e-15 -3.160021e+21 9.985734e+42
3.860000e-15 -3.019543e+21 9.117641e+42
3.870000e-15 -2.868118e+21 8.226099e+42
3.880000e-15 -2.706385e+21 7.324519e+42
3.890000e-15 -2.535021e+21 6.426331e+42
3.900000e-15 -2.354736e+21 5.544783e+42
3.910000e-15 -2.166272e+21 4.692734e+42
3.920000e-15 -1.970397e+21 3.882463e+42
3.930000e-15 -1.767904e+21 3.125483e+42
3.940000e-15 -1.559608e+21 2.432377e+42
3.950000e-15 -1.346343e+21 1.812640e+42
3.960000e-15 -1.128957e+21 1.274544e+42
3.970000e-15 -9.083099e+20 8.250269e+41
3.980000e-15 -6.852699e+20 4.695948e+41
3.990000e-15 -4.607102e+20 2.122539e+41
4.000000e-15 -2.355054e+20 5.546281e+40
4.010000e-15 -1.052861e+19 1.108516e+38
4.020000e-15 2.133525e+20 4.551931e+40
4.030000e-15 4.352787e+20 1.894676e+41
4.040000e-15 6.544025e+20 4.282426e+41
4.050000e-15 8.698911e+20 7.567105e+41
4.060000e-15 1.080930e+21 1.168410e+42
4.070000e-15 1.286726e+21 1.655664e+42
4.080000e-15 1.486510e+21 2.209711e+42
4.090000e-15 1.679538e+21 2.820848e+42
4.100000e-15 1.865099e+21 3.478594e+42
4.110000e-15 2.042512e+21 4.171854e+42
4.120000e-15 2.211130e+21 4.889096e+42
4.130000e-15 2.370345e+21 5.618536e+42
4.140000e-15 2.519588e+21 6.348321e+42
4.150000e-15 2.658329e+21 7.066711e+42
4.160000e-15 2.786083e+21 7.762257e+42
4.170000e-15 2.902409e+21 8.423980e+42
4.180000e-15 3.006914e+21 9.041530e+42
4.190000e-15 3.099249e+21 9.605342e+42
4.200000e-15 3.179116e+21 1.010678e+43
4.210000e-15 3.246266e+21 1.053824e+43
4.220000e-15 3.300500e+21 1.089330e+43
4.230000e-15 3.341671e+21 1.116677e+43
4.240000e-15 3.369681e+21 1.135475e+43
4.250000e-15 3.384486e+21 1.145474e+43
4.260000e-15 3.386089e+21 1.146560e+43
4.270000e-15 3.374548e+21 1.138758e+43
4.280000e-15 3.349971e+21 1.122230e+43
4.290000e-15 3.312513e+21 1.097274e+43
4.300000e-15 3.262380e+21 1.064312e+43
4.310000e-15 3.199827e+21 1.023889e+43
4.320000e-15 3.125153e+21 9.766582e+42
4.330000e-15 3.038705e+21 9.233731e+42
4.340000e-15 2.940873e+21 8.648737e+42
4.350000e-15 2.832089e+21 8.020730e+42
4.360000e-15 2.712825e+21 7.359420e+42
4.370000e-15 2.583592e+21 6.674947e+42
4.380000e-15 2.444936e+21 5.977713e+42
4.390000e-15 2.297439e+21 5.278226e+42
4.400000e-15 2.141713e+21 4.586933e+42
4.410000e-15 1.978398e+21 3.914060e+42
4.420000e-15 1.808164e+21 3.269457e+42
4.430000e-15 1.631701e+21 2.662447e+42
4.440000e-15 1.449721e+21 2.101691e+42
4.450000e-15 1.262956e+21 1.595057e+42
4.460000e-15 1.072150e+21 1.149506e+42
4.470000e-15 8.780622e+20 7.709933e+41
4.480000e-15 6.814597e+20 4.643873e+41
4.490000e-15 4.831159e+20 2.334009e+41
4.500000e-15 2.838077e+20 8.054681e+40
4.510000e-15 8.431228e+19 7.108561e+39
4.520000e-15 -1.145960e+20 1.313223e+40
4.530000e-15 -3.121483e+20 9.743656e+40
4.540000e-15 -5.075847e+20 2.576422e+41
4.550000e-15 -7.001566e+20 4.902192e+41
4.560000e-15 -8.891298e+20 7.905519e+41
4.570000e-15 -1.073787e+21 1.153019e+42
4.580000e-15 -1.253432e+21 1.571092e+42
4.590000e-15 -1.427390e+21 2.037441e+42
4.600000e-15 -1.595010e+21 2.544055e+42
4.610000e-15 -1.755670e+21 3.082377e+42
4.620000e-15 -1.908778e+21 3.643432e+42
4.630000e-15 -2.053772e+21 4.217980e+42
4.640000e-15 -2.190126e+21 4.796653e+42
4.650000e-15 -2.317348e+21 5.370102e+42
4.660000e-15 -2.434984e+21 5.929149e+42
4.670000e-15 -2.542620e+21 6.464916e+42
4.680000e-15 -2.639880e+21 6.968968e+42
4.690000e-15 -2.726433e+21 7.433438e+42
4.700000e-15 -2.801989e+21 7.851141e+42
4.710000e-15 -2.866301e+21 8.215682e+42
4.720000e-15 -2.919169e+21 8.521549e+42
4.730000e-15 -2.960437e+21 8.764187e+42
4.740000e-15 -2.989994e+21 8.940064e+42
4.750000e-15 -3.007775e+21 9.046713e+42
4.760000e-15 -3.013763e+21 9.082766e+42
4.770000e-15 -3.007983e+21 9.047962e+42
4.780000e-15 -2.990509e+21 8.943144e+42
4.790000e-15 -2.961458e+21 8.770234e+42
4.800000e-15 -2.920992e+21 8.532196e+42
4.810000e-15 -2.869317e+21 8.232982e+42
4.820000e-15 -2.806681e+21 7.877460e+42
4.830000e-15 -2.733374e+21 7.471334e+42
4.840000e-15 -2.649725e+21 7.021044e+42
4.850000e-15 -2.556104e+21 6.533666e+42
4.860000e-15 -2.452915e+21 6.016792e+42
4.870000e-15 -2.340601e+21 5.478411e+42
4.880000e-15 -2.219635e+21 4.926780e+42
4.890000e-15 -2.090525e+21 4.370295e+42
4.900000e-15 -1.953806e+21 3.817359e+42
4.910000e-15 -1.810043e+21 3.276254e+42
4.920000e-15 -1.659822e+21 2.755009e+42
4.930000e-15 -1.503756e+21 2.261282e+42
4.940000e-15 -1.342475e+21 1.802240e+42
4.950000e-15 -1.176629e+21 1.384457e+42
4.960000e-15 -1.006882e+21 1.013812e+42
4.970000e-15 -8.339109e+20 6.954074e+41
4.980000e-15 -6.584014e+20 4.334924e+41
4.990000e-15 -4.810474e+20 2.314066e+41
5.000000e-15 -3.025470e+20 9.153470e+40
5.010000e-15 -1.235999e+20 1.527694e+40
5.020000e-15 5.509528e+19 3.035489e+39
5.030000e-15 2.328436e+20 5.421613e+40
5.040000e-15 4.089564e+20 1.672454e+41
5.050000e-15 5.827544e+20 3.396027e+41
5.060000e-15 7.535697e+20 5.678672e+41
5.070000e-15 9.207486e+20 8.477779e+41
5.080000e-15 1.083654e+21 1.174306e+42
5.090000e-15 1.241668e+21 1.541741e+42
5.100000e-15 1.394195e+21 1.943780e+42
5.110000e-15 1.540661e+21 2.373637e+42
5.120000e-15 1.680520e+21 2.824147e+42
5.130000e-15 1.813252e+21 3.287882e+42
5.140000e-15 1.938367e+21 3.757267e+42
5.150000e-15 2.055408e+21 4.224702e+42
5.160000e-15 2.163949e+21 4.682677e+42
5.170000e-15 2.263601e+21 5.123891e+42
5.180000e-15 2.354009e+21 5.541359e+42
5.190000e-15 2.434856e+21 5.928526e+42
5.200000e-15 2.505864e+21 6.279356e+42
5.210000e-15 2.566794e+21 6.588432e+42
5.220000e-15 2.617446e+21 6.851026e+42
5.230000e-15 2.657663e+21 7.063173e+42
5.240000e-15 2.687327e+21 7.221726e+42
5.250000e-15 2.706363e+21 7.324399e+42
5.260000e-15 2.714736e+21 7.369793e+42
5.270000e-15 2.712455e+21 7.357415e+42
5.280000e-15 2.699570e+21 7.287676e+42
5.290000e-15 2.676169e+21 7.161879e+42
5.300000e-15 2.642384e+21 6.982194e+42
5.310000e-15 2.598387e+21 6.751613e+42
5.320000e-15 2.544386e+21 6.473901e+42
5.330000e-15 2.480631e+21 6.153532e+42
5.340000e-15 2.407407e+21 5.795610e+42
5.350000e-15 2.325035e+21 5.405789e+42
5.360000e-15 2.233871e+21 4.990181e+42
5.370000e-15 2.134304e+21 4.555253e+42
5.380000e-15 2.026753e+21 4.107728e+42
5.390000e-15 1.911669e+21 3.654477e+42
5.400000e-15 1.789528e+21 3.202412e+42
5.410000e-15 1.660835e+21 2.758373e+42
5.420000e-15 1.526116e+21 2.329029e+42
5.430000e-15 1.385919e+21 1.920772e+42
5.440000e-15 1.240814e+21 1.539619e+42
5.450000e-15 1.091384e+21 1.191120e+42
5.460000e-15 9.382308e+20 8.802771e+41
5.470000e-15 7.819658e+20 6.114705e+41
5.480000e-15 6.232117e+20 3.883928e+41
5.490000e-15 4.625983e+20 2.139972e+41
5.500000e-15 3.007607e+20 9.045699e+40
5.510000e-15 1.383364e+20 1.913695e+40
5.520000e-15 -2.403703e+19 5.777789e+38
5.530000e-15 -1.857243e+20 3.449353e+40
5.540000e-15 -3.460952e+20 1.197819e+41
5.550000e-15 -5.045267e+20 2.545472e+41
5.560000e-15 -6.604055e+20 4.361354e+41
5.570000e-15 -8.131304e+20 6.611811e+41
5.580000e-15 -9.621147e+20 9.256647e+41
5.590000e-15 -1.106788e+21 1.224980e+42
5.600000e-15 -1.246599e+21 1.554010e+42
5.610000e-15 -1.381018e+21 1.907210e+42
5.620000e-15 -1.509536e+21 2.278698e+42
5.630000e-15 -1.631671e+21 2.662349e+42
5.640000e-15 -1.746966e+21 3.051890e+42
5.650000e-15 -1.854994e+21 3.441002e+42
5.660000e-15 -1.955356e+21 3.823418e+42
5.670000e-15 -2.047686e+21 4.193018e+42
5.680000e-15 -2.131649e+21 4.543928e+42
5.690000e-15 -2.206945e+21 4.870608e+42
5.700000e-15 -2.273309e+21 5.167936e+42
5.710000e-15 -2.330511e+21 5.431283e+42
5.720000e-15 -2.378358e+21 5.656588e+42
5.730000e-15 -2.416694e+21 5.840411e+42
5.740000e-15 -2.445402e+21 5.979989e+42
5.750000e-15 -2.464400e+21 6.073268e+42
5.760000e-15 -2.473648e+21 6.118935e+42
5.770000e-15 -2.473142e+21 6.116433e+42
5.780000e-15 -2.462917e+21 6.065962e+42
5.790000e-15 -2.443046e+21 5.968474e+42
5.800000e-15 -2.413639e+21 5.825652e+42
5.810000e-15 -2.374843e+21 5.639877e+42
5.820000e-15 -2.326841e+21 5.414190e+42
5.830000e-15 -2.269853e+21 5.152235e+42
5.840000e-15 -2.204133e+21 4.858202e+42
5.850000e-15 -2.129967e+21 4.536758e+42
5.860000e-15 -2.047674e+21 4.192967e+42
5.870000e-15 -1.957604e+21 3.832212e+42
5.880000e-15 -1.860136e+21 3.460106e+42
5.890000e-15 -1.755678e+21 3.082404e+42
5.900000e-15 -1.644662e+21 2.704913e+42
5.910000e-15 -1.527546e+21 2.333398e+42
5.920000e-15 -1.404811e+21 1.973493e+42
5.930000e-15 -1.276955e+21 1.630614e+42
5.940000e-15 -1.144499e+21 1.309878e+42
5.950000e-15 -1.007978e+21 1.016019e+42
5.960000e-15 -8.679409e+20 7.533215e+41
5.970000e-15 -7.249500e+20 5.255525e+41
5.980000e-15 -5.795767e+20 3.359091e+41
5.990000e-15 -4.323999e+20 1.869697e+41
6.000000e-15 -2.840042e+20 8.065839e+40
6.010000e-15 -1.349768e+20 1.821874e+40
6.020000e-15 1.409431e+19 1.986497e+38
6.030000e-15 1.626228e+20 2.644617e+40
6.040000e-15 3.100263e+20 9.611628e+40
6.050000e-15 4.557285e+20 2.076885e+41
6.060000e-15 5.991619e+20 3.589950e+41
6.070000e-15 7.397693e+20 5.472586e+41
6.080000e-15 8.770064e+20 7.691403e+41
6.090000e-15 1.010344e+21 1.020795e+42
6.100000e-15 1.139269e+21 1.297935e+42
6.110000e-15 1.263289e+21 1.595900e+42
6.120000e-15 1.381931e+21 1.909734e+42
6.130000e-15 1.494744e+21 2.234260e+42
6.140000e-15 1.601303e+21 2.564171e+42
6.150000e-15 1.701207e+21 2.894106e+42
6.160000e-15 1.794085e+21 3.218739e+42
6.170000e-15 1.879591e+21 3.532861e+42
6.180000e-15 1.957412e+21 3.831461e+42
6.190000e-15 2.027265e+21 4.109804e+42
6.200000e-15 2.088900e+21 4.363504e+42
6.210000e-15 2.142099e+21 4.588590e+42
6.220000e-15 2.186679e+21 4.781565e+42
6.230000e-15 2.222490e+21 4.939461e+42
6.240000e-15 2.249418e+21 5.059880e+42
6.250000e-15 2.267384e+21 5.141028e+42
6.260000e-15 2.276344e+21 5.181741e+42
6.270000e-15 2.276291e+21 5.181499e+42
6.280000e-15 2.267251e+21 5.140429e+42
6.290000e-15 2.249289e+21 5.059302e+42
6.300000e-15 2.222502e+21 4.939515e+42
6.310000e-15 2.187021e+21 4.783063e+42
6.320000e-15 2.143014e+21 4.592509e+42
6.330000e-15 2.090679e+21 4.370939e+42
6.340000e-15 2.030248e+21 4.121906e+42
6.350000e-15 1.961983e+21 3.849376e+42
6.360000e-15 1.886177e+21 3.557662e+42
6.370000e-15 1.803151e+21 3.251354e+42
6.380000e-15 1.713255e+21 2.935244e+42
6.390000e-15 1.616864e+21 2.614250e+42
6.400000e-15 1.514378e+21 2.293340e+42
6.410000e-15 1.406218e+21 1.977450e+42
6.420000e-15 1.292829e+21 1.671408e+42
6.430000e-15 1.174674e+21 1.379859e+42
6.440000e-15 1.052233e+21 1.107195e+42
6.450000e-15 9.260021e+20 8.574799e+41
6.460000e-15 7.964908e+20 6.343976e+41
6.470000e-15 6.642201e+20 4.411883e+41
6.480000e-15 5.297204e+20 2.806037e+41
6.490000e-15 3.935295e+20 1.548654e+41
6.500000e-15 2.561901e+20 6.563335e+40
6.510000e-15 1.182480e+20 1.398259e+40
6.520000e-15 -1.975006e+19 3.900648e+38
6.530000e-15 -1.572588e+20 2.473033e+40
6.540000e-15 -2.937363e+20 8.628104e+40
6.550000e-15 -4.286464e+20 1.837378e+41
6.560000e-15 -5.614605e+20 3.152379e+41
6.570000e-15 -6.916598e+20 4.783933e+41
6.580000e-15 -8.187373e+20 6.703307e+41
6.590000e-15 -9.421996e+20 8.877400e+41
6.600000e-15 -1.061569e+21 1.126929e+42
6.610000e-15 -1.176386e+21 1.383884e+42
6.620000e-15 -1.286209e+21 1.654333e+42
6.630000e-15 -1.390618e+21 1.933818e+42
6.640000e-15 -1.489216e+21 2.217764e+42
6.650000e-15 -1.581630e+21 2.501552e+42
6.660000e-15 -1.667511e+21 2.780593e+42
6.670000e-15 -1.746539e+21 3.050399e+42
6.680000e-15 -1.818421e+21 3.306654e+42
6.690000e-15 -1.882892e+21 3.545282e+42
6.700000e-15 -1.939718e+21 3.762508e+42
6.710000e-15 -1.988697e+21 3.954917e+42
6.720000e-15 -2.029657e+21 4.119506e+42
6.730000e-15 -2.062457e+21 4.253729e+42
6.740000e-15 -2.086992e+21 4.355536e+42
6.750000e-15 -2.103187e+21 4.423397e+42
6.760000e-15 -2.111003e+21 4.456332e+42
6.770000e-15 -2.110430e+21 4.453915e+42
6.780000e-15 -2.101496e+21 4.416285e+42
6.790000e-15 -2.084259e+21 4.344134e+42
6.800000e-15 -2.058810e+21 4.238697e+42
6.810000e-15 -2.025273e+21 4.101730e+42
6.820000e-15 -1.983803e+21 3.935476e+42
6.830000e-15 -1.934588e+21 3.742629e+42
6.840000e-15 -1.877842e+21 3.526291e+42
6.850000e-15 -1.813813e+21 3.289916e+42
6.860000e-15 -1.742773e+21 3.037256e+42
6.870000e-15 -1.665023e+21 2.772302e+42
6.880000e-15 -1.580891e+21 2.499215e+42
6.890000e-15 -1.490726e+21 2.222264e+42
6.900000e-15 -1.394904e+21 1.945756e+42
6.910000e-15 -1.293818e+21 1.673966e+42
6.920000e-15 -1.187885e+21 1.411071e+42
6.930000e-15 -1.077537e+21 1.161087e+42
6.940000e-15 -9.632245e+20 9.278015e+41
6.950000e-15 -8.454105e+20 7.147189e+41
6.960000e-15 -7.245718e+20 5.250043e+41
6.970000e-15 -6.011959e+20 3.614365e+41
6.980000e-15 -4.757787e+20 2.263654e+41
6.990000e-15 -3.488231e+20 1.216776e+41
7.000000e-15 -2.208367e+20 4.876883e+40
7.010000e-15 -9.232965e+19 8.524765e+39
7.020000e-15 3.618690e+19 1.309492e+39
7.030000e-15 1.642033e+20 2.696273e+40
7.040000e-15 2.912132e+20 8.480512e+40
7.050000e-15 4.167155e+20 1.736518e+41
7.060000e-15 5.402166e+20 2.918339e+41
7.070000e-15 6.612318e+20 4.372275e+41
7.080000e-15 7.792879e+20 6.072896e+41
7.090000e-15 8.939245e+20 7.991010e+41
7.100000e-15 1.004696e+21 1.009414e+42
7.110000e-15 1.111173e+21 1.234705e+42
7.120000e-15 1.212945e+21 1.471235e+42
7.130000e-15 1.309620e+21 1.715105e+42
7.140000e-15 1.400829e+21 1.962323e+42
7.150000e-15 1.486225e+21 2.208863e+42
7.160000e-15 1.565483e+21 2.450735e+42
7.170000e-15 1.638305e+21 2.684044e+42
7.180000e-15 1.704421e+21 2.905050e+42
7.190000e-15 1.763584e+21 3.110229e+42
7.200000e-15 1.815580e+21 3.296330e+42
7.210000e-15 1.860220e+21 3.460418e+42
7.220000e-15 1.897347e+21 3.599925e+42
7.230000e-15 1.926833e+21 3.712686e+42
7.240000e-15 1.948582e+21 3.796972e+42
7.250000e-15 1.962528e+21 3.851516e+42
7.260000e-15 1.968636e+21 3.875527e+42
7.270000e-15 1.966902e+21 3.868705e+42
7.280000e-15 1.957355e+21 3.831239e+42
7.290000e-15 1.940053e+21 3.763805e+42
7.300000e-15 1.915084e+21 3.667548e+42
7.310000e-15 1.882570e+21 3.544068e+42
7.320000e-15 1.842657e+21 3.395386e+42
7.330000e-15 1.795525e+21 3.223912e+42
7.340000e-15 1.741381e+21 3.032406e+42
7.350000e-15 1.680456e+21 2.823933e+42
7.360000e-15 1.613012e+21 2.601808e+42
7.370000e-15 1.539333e+21 2.369548e+42
7.380000e-15 1.459730e+21 2.130810e+42
7.390000e-15 1.374532e+21 1.889338e+42
7.400000e-15 1.284094e+21 1.648898e+42
7.410000e-15 1.188790e+21 1.413221e+42
7.420000e-15 1.089009e+21 1.185941e+42
7.430000e-15 9.851618e+20 9.705438e+41
7.440000e-15 8.776705e+20 7.703056e+41
7.450000e-15 7.669723e+20 5.882465e+41
7.460000e-15 6.535156e+20 4.270826e+41
7.470000e-15 5.377586e+20 2.891844e+41
7.480000e-15 4.201677e+20 1.765409e+41
7.490000e-15 3.012151e+20 9.073051e+40
7.500000e-15 1.813773e+20 3.289773e+40
7.510000e-15 6.113328e+19 3.737277e+39
7.520000e-15 -5.903781e+19 3.485463e+39
7.530000e-15 -1.786582e+20 3.191875e+40
7.540000e-15 -2.972536e+20 8.835970e+40
7.550000e-15 -4.143549e+20 1.716900e+41
7.560000e-15 -5.295003e+20 2.803706e+41
7.570000e-15 -6.422367e+20 4.124680e+41
7.580000e-15 -7.521220e+20 5.656875e+41
7.590000e-15 -8.587263e+20 7.374108e+41
7.600000e-15 -9.616339e+20 9.247398e+41
7.610000e-15 -1.060445e+21 1.124544e+42
7.620000e-15 -1.154777e+21 1.333510e+42
7.630000e-15 -1.244266e+21 1.548198e+42
7.640000e-15 -1.328569e+21 1.765095e+42
7.650000e-15 -1.407363e+21 1.980669e+42
7.660000e-15 -1.480348e+21 2.191431e+42
7.670000e-15 -1.547250e+21 2.393983e+42
7.680000e-15 -1.607817e+21 2.585077e+42
7.690000e-15 -1.661826e+21 2.761665e+42
7.700000e-15 -1.709076e+21 2.920942e+42
7.710000e-15 -1.749399e+21 3.060396e+42
7.720000e-15 -1.782650e+21 3.177841e+42
7.730000e-15 -1.808716e+21 3.271453e+42
7.740000e-15 -1.827511e+21 3.339796e+42
7.750000e-15 -1.838978e+21 3.381842e+42
7.760000e-15 -1.843092e+21 3.396987e+42
7.770000e-15 -1.839853e+21 3.385059e+42
7.780000e-15 -1.829294e+21 3.346316e+42
7.790000e-15 -1.811475e+21 3.281441e+42
7.800000e-15 -1.786485e+21 3.191530e+42
7.810000e-15 -1.754443e+21 3.078069e+42
7.820000e-15 -1.715493e+21 2.942915e+42
7.830000e-15 -1.669808e+21 2.788258e+42
7.840000e-15 -1.617587e+21 2.616587e+42
7.850000e-15 -1.559054e+21 2.430650e+42
7.860000e-15 -1.494459e+21 2.233407e+42
7.870000e-15 -1.424073e+21 2.027985e+42
7.880000e-15 -1.348193e+21 1.817624e+42
7.890000e-15 -1.267133e+21 1.605626e+42
7.900000e-15 -1.181229e+21 1.395303e+42
7.910000e-15 -1.090837e+21 1.189925e+42
7.920000e-15 -9.963265e+20 9.926665e+41
7.930000e-15 -8.980850e+20 8.065567e+41
7.940000e-15 -7.965130e+20 6.344329e+41
7.950000e-15 -6.920234e+20 4.788964e+41
7.960000e-15 -5.850397e+20 3.422715e+41
7.970000e-15 -4.759944e+20 2.265707e+41
7.980000e-15 -3.653269e+20 1.334637e+41
7.990000e-15 -2.534820e+20 6.425315e+40
8.000000e-15 -1.409084e+20 1.985519e+40
8.010000e-15 -2.805632e+19 7.871572e+38
8.020000e-15 8.462404e+19 7.161227e+39
8.030000e-15 1.966841e+20 3.868465e+40
8.040000e-15 3.076791e+20 9.466643e+40
8.050000e-15 4.171693e+20 1.740303e+41
8.060000e-15 5.247224e+20 2.753335e+41
8.070000e-15 6.299144e+20 3.967922e+41
8.080000e-15 7.323323e+20 5.363105e+41
8.090000e-15 8.315747e+20 6.915164e+41
8.100000e-15 9.272541e+20 8.598001e+41
8.110000e-15 1.018998e+21 1.038357e+42
8.120000e-15 1.106451e+21 1.224233e+42
8.130000e-15 1.189274e+21 1.414373e+42
8.140000e-15 1.267150e+21 1.605668e+42
8.150000e-15 1.339779e+21 1.795008e+42
8.160000e-15 1.406886e+21 1.979329e+42
8.170000e-15 1.468217e+21 2.155661e+42
8.180000e-15 1.523541e+21 2.321178e+42
8.190000e-15 1.572653e+21 2.473238e+42
8.200000e-15 1.615372e+21 2.609427e+42
8.210000e-15 1.651544e+21 2.727598e+42
8.220000e-15 1.681040e+21 2.825897e+42
8.230000e-15 1.703760e+21 2.902799e+42
8.240000e-15 1.719629e+21 2.957125e+42
8.250000e-15 1.728601e+21 2.988062e+42
8.260000e-15 1.730657e+21 2.995174e+42
8.270000e-15 1.725806e+21 2.978405e+42
8.280000e-15 1.714083e+21 2.938081e+42
8.290000e-15 1.695553e+21 2.874899e+42
8.300000e-15 1.670305e+21 2.789920e+42
8.310000e-15 1.638458e+21 2.684543e+42
8.320000e-15 1.600153e+21 2.560488e+42
8.330000e-15 1.555559e+21 2.419763e+42
8.340000e-15 1.504869e+21 2.264631e+42
8.350000e-15 1.448301e+21 2.097574e+42
8.360000e-15 1.386093e+21 1.921253e+42
8.370000e-15 1.318507e+21 1.738462e+42
8.380000e-15 1.245827e+21 1.552085e+42
8.390000e-15 1.168354e+21 1.365050e+42
8.400000e-15 1.086408e+21 1.180282e+42
8.410000e-15 1.000327e+21 1.000654e+42
8.420000e-15 9.104639e+20 8.289446e+41
8.430000e-15 8.171866e+20 6.677939e+41
8.440000e-15 7.208749e+20 5.196606e+41
8.450000e-15 6.219201e+20 3.867846e+41
8.460000e-15 5.207231e+20 2.711526e+41
8.470000e-15 4.176928e+20 1.744673e+41
8.480000e-15 3.132445e+20 9.812212e+40
8.490000e-15 2.077979e+20 4.317998e+40
8.500000e-15 1.017760e+20 1.035835e+40
8.510000e-15 -4.397241e+18 1.933573e+37
8.520000e-15 -1.102980e+20 1.216565e+40
8.530000e-15 -2.155046e+20 4.644225e+40
8.540000e-15 -3.195993e+20 1.021437e+41
8.550000e-15 -4.221697e+20 1.782272e+41
8.560000e-15 -5.228102e+20 2.733305e+41
8.570000e-15 -6.211242e+20 3.857953e+41
8.580000e-15 -7.167253e+20 5.136951e+41
8.590000e-15 -8.092385e+20 6.548670e+41
8.600000e-15 -8.983023e+20 8.069471e+41
8.610000e-15 -9.835698e+20 9.674095e+41
8.620000e-15 -1.064710e+21 1.133607e+42
8.630000e-15 -1.141408e+21 1.302813e+42
8.640000e-15 -1.213371e+21 1.472268e+42
8.650000e-15 -1.280320e+21 1.639220e+42
8.660000e-15 -1.342002e+21 1.800970e+42
8.670000e-15 -1.398183e+21 1.954916e+42
8.680000e-15 -1.448652e+21 2.098592e+42
8.690000e-15 -1.493220e+21 2.229707e+42
8.700000e-15 -1.531725e+21 2.346181e+42
8.710000e-15 -1.564026e+21 2.446178e+42
8.720000e-15 -1.590010e+21 2.528131e+42
8.730000e-15 -1.609587e+21 2.590770e+42
8.740000e-15 -1.622695e+21 2.633138e+42
8.750000e-15 -1.629296e+21 2.654605e+42
8.760000e-15 -1.629379e+21 2.654876e+42
8.770000e-15 -1.622959e+21 2.633997e+42
8.780000e-15 -1.610078e+21 2.592350e+42
8.790000e-15 -1.590800e+21 2.530646e+42
8.800000e-15 -1.565219e+21 2.449910e+42
8.810000e-15 -1.533450e+21 2.351470e+42
8.820000e-15 -1.495636e+21 2.236926e+42
8.830000e-15 -1.451940e+21 2.108129e+42
8.840000e-15 -1.402550e+21 1.967147e+42
8.850000e-15 -1.347678e+21 1.816235e+42
8.860000e-15 -1.287553e+21 1.657793e+42
8.870000e-15 -1.222429e+21 1.494333e+42
8.880000e-15 -1.152577e+21 1.328433e+42
8.890000e-15 -1.078286e+21 1.162700e+42
8.900000e-15 -9.998619e+20 9.997238e+41
8.910000e-15 -9.176283e+20 8.420417e+41
8.920000e-15 -8.319214e+20 6.920932e+41
8.930000e-15 -7.430912e+20 5.521845e+41
8.940000e-15 -6.514990e+20 4.244510e+41
8.950000e-15 -5.575167e+20 3.108249e+41
8.960000e-15 -4.615245e+20 2.130049e+41
8.970000e-15 -3.639100e+20 1.324305e+41
8.980000e-15 -2.650663e+20 7.026012e+40
8.990000e-15 -1.653903e+20 2.735396e+40
9.000000e-15 -6.528178e+19 4.261711e+39
9.010000e-15 3.485908e+19 1.215156e+39
9.020000e-15 1.346327e+20 1.812597e+40
9.030000e-15 2.336419e+20 5.458855e+40
9.040000e-15 3.314935e+20 1.098879e+41
9.050000e-15 4.277997e+20 1.830126e+41
9.060000e-15 5.221798e+20 2.726717e+41
9.070000e-15 6.142616e+20 3.773174e+41
9.080000e-15 7.036831e+20 4.951700e+41
9.090000e-15 7.900935e+20 6.242477e+41
9.100000e-15 8.731548e+20 7.623993e+41
9.110000e-15 9.525432e+20 9.073385e+41
9.120000e-15 1.027950e+21 1.056682e+42
9.130000e-15 1.099084e+21 1.207986e+42
9.140000e-15 1.165670e+21 1.358787e+42
9.150000e-15 1.227454e+21 1.506642e+42
9.160000e-15 1.284198e+21 1.649165e+42
9.170000e-15 1.335689e+21 1.784065e+42
9.180000e-15 1.381732e+21 1.909185e+42
9.190000e-15 1.422157e+21 2.022529e+42
9.200000e-15 1.456813e+21 2.122304e+42
9.210000e-15 1.485576e+21 2.206936e+42
9.220000e-15 1.508344e+21 2.275101e+42
9.230000e-15 1.525039e+21 2.325744e+42
9.240000e-15 1.535609e+21 2.358094e+42
9.250000e-15 1.540024e+21 2.371674e+42
9.260000e-15 1.538281e+21 2.366308e+42
9.270000e-15 1.530400e+21 2.342123e+42
9.280000e-15 1.516426e+21 2.299547e+42
9.290000e-15 1.496428e+21 2.239297e+42
9.300000e-15 1.470499e+21 2.162369e+42
9.310000e-15 1.438757e+21 2.070021e+42
9.320000e-15 1.401339e+21 1.963751e+42
9.330000e-15 1.358408e+21 1.845272e+42
9.340000e-15 1.310147e+21 1.716486e+42
9.350000e-15 1.256761e+21 1.579448e+42
9.360000e-15 1.198473e+21 1.436337e+42
9.370000e-15 1.135527e+21 1.289421e+42
9.380000e-15 1.068184e+21 1.141016e+42
9.390000e-15 9.967220e+20 9.934547e+41
9.400000e-15 9.214356e+20 8.490435e+41
9.410000e-15 8.426332e+20 7.100308e+41
9.420000e-15 7.606370e+20 5.785687e+41
9.430000e-15 6.757810e+20 4.566800e+41
9.440000e-15 5.884099e+20 3.462263e+41
9.450000e-15 4.988779e+20 2.488792e+41
9.460000e-15 4.075468e+20 1.660944e+41
9.470000e-15 3.147849e+20 9.908956e+40
9.480000e-15 2.209656e+20 4.882579e+40
9.490000e-15 1.264653e+20 1.599348e+40
9.500000e-15 3.166280e+19 1.002533e+39
9.510000e-15 -6.306307e+19 3.976951e+39
9.520000e-15 -1.573344e+20 2.475413e+40
9.530000e-15 -2.507761e+20 6.288863e+40
9.540000e-15 -3.430168e+20 1.176605e+41
9.550000e-15 -4.336911e+20 1.880880e+41
9.560000e-15 -5.224404e+20 2.729440e+41
9.570000e-15 -6.089146e+20 3.707770e+41
9.580000e-15 -6.927735e+20 4.799351e+41
9.590000e-15 -7.736878e+20 5.985928e+41
9.600000e-15 -8.513409e+20 7.247813e+41
9.610000e-15 -9.254297e+20 8.564201e+41
9.620000e-15 -9.956660e+20 9.913507e+41
9.630000e-15 -1.061778e+21 1.127372e+42
9.640000e-15 -1.123509e+21 1.262273e+42
9.650000e-15 -1.180624e+21 1.393872e+42
9.660000e-15 -1.232903e+21 1.520049e+42
9.670000e-15 -1.280148e+21 1.638778e+42
9.680000e-15 -1.322181e+21 1.748162e+42
9.690000e-15 -1.358845e+21 1.846459e+42
9.700000e-15 -1.390005e+21 1.932113e+42
9.710000e-15 -1.415547e+21 2.003774e+42
9.720000e-15 -1.435382e+21 2.060323e+42
9.730000e-15 -1.449443e+21 2.100885e+42
9.740000e-15 -1.457684e+21 2.124844e+42
9.750000e-15 -1.460086e+21 2.131851e+42
9.760000e-15 -1.456650e+21 2.121829e+42
9.770000e-15 -1.447402e+21 2.094974e+42
9.780000e-15 -1.432392e+21 2.051747e+42
9.790000e-15 -1.411690e+21 1.992870e+42
9.800000e-15 -1.385392e+21 1.919311e+42
9.810000e-15 -1.353613e+21 1.832269e+42
9.820000e-15 -1.316492e+21 1.733151e+42
9.830000e-15 -1.274188e+21 1.623554e+42
9.840000e-15 -1.226879e+21 1.505233e+42
9.850000e-15 -1.174766e+21 1.380076e+42
9.860000e-15 -1.118066e+21 1.250073e+42
9.870000e-15 -1.057015e+21 1.117281e+42
9.880000e-15 -9.918651e+20 9.837964e+41
9.890000e-15 -9.228847e+20 8.517161e+41
9.900000e-15 -8.503569e+20 7.231069e+41
9.910000e-15 -7.745787e+20 5.999721e+41
9.920000e-15 -6.958590e+20 4.842197e+41
9.930000e-15 -6.145180e+20 3.776324e+41
9.940000e-15 -5.308859e+20 2.818398e+41
9.950000e-15 -4.453010e+20 1.982930e+41
9.960000e-15 -3.581091e+20 1.282421e+41
9.970000e-15 -2.696614e+20 7.271729e+40
9.980000e-15 -1.803138e+20 3.251306e+40
9.990000e-15 -9.042464e+19 8.176615e+39
1.000000e-14 -3.540389e+17 1.253435e+35
