0.000000e+00 nan nan
1.000000e-17 -4.341616e+09 1.884963e+19
2.000000e-17 -2.778052e+11 7.717575e+22
3.000000e-17 -3.163272e+12 1.000629e+25
4.000000e-17 -1.776466e+13 3.155830e+26
5.000000e-17 -6.772425e+13 4.586574e+27
6.000000e-17 -2.020684e+14 4.083162e+28
7.000000e-17 -5.090788e+14 2.591613e+29
8.000000e-17 -1.133136e+15 1.283997e+30
9.000000e-17 -2.294467e+15 5.264579e+30
1.000000e-16 -4.311721e+15 1.859094e+31
1.100000e-16 -7.627285e+15 5.817547e+31
1.200000e-16 -1.283523e+16 1.647432e+32
1.300000e-16 -2.071180e+16 4.289788e+32
1.400000e-16 -3.224829e+16 1.039952e+33
1.500000e-16 -4.868620e+16 2.370346e+33
1.600000e-16 -7.155452e+16 5.120049e+33
1.700000e-16 -1.027090e+17 1.054914e+34
1.800000e-16 -1.443733e+17 2.084365e+34
1.900000e-16 -1.991816e+17 3.967331e+34
2.000000e-16 -2.702229e+17 7.302041e+34
2.100000e-16 -3.610865e+17 1.303835e+35
2.200000e-16 -4.759087e+17 2.264891e+35
2.300000e-16 -6.194201e+17 3.836813e+35
2.400000e-16 -7.969940e+17 6.351994e+35
2.500000e-16 -1.014695e+18 1.029605e+36
2.600000e-16 -1.279327e+18 1.636678e+36
2.700000e-16 -1.598486e+18 2.555156e+36
2.800000e-16 -1.980602e+18 3.922783e+36
2.900000e-16 -2.434994e+18 5.929196e+36
3.000000e-16 -2.971916e+18 8.832283e+36
3.100000e-16 -3.602601e+18 1.297873e+37
3.200000e-16 -4.339311e+18 1.882962e+37
3.300000e-16 -5.195379e+18 2.699196e+37
3.400000e-16 -6.185253e+18 3.825735e+37
3.500000e-16 -7.324536e+18 5.364883e+37
3.600000e-16 -8.630029e+18 7.447740e+37
3.700000e-16 -1.011976e+19 1.024096e+38
3.800000e-16 -1.181303e+19 1.395478e+38
3.900000e-16 -1.373044e+19 1.885250e+38
4.000000e-16 -1.589391e+19 2.526164e+38
4.100000e-16 -1.832672e+19 3.358687e+38
4.200000e-16 -2.105353e+19 4.432509e+38
4.300000e-16 -2.410038e+19 5.808282e+38
4.400000e-16 -2.749474e+19 7.559607e+38
4.500000e-16 -3.126550e+19 9.775313e+38
4.600000e-16 -3.544296e+19 1.256204e+39
4.700000e-16 -4.005889e+19 1.604715e+39
4.800000e-16 -4.514646e+19 2.038203e+39
4.900000e-16 -5.074029e+19 2.574577e+39
5.000000e-16 -5.687640e+19 3.234925e+39
5.100000e-16 -6.359223e+19 4.043972e+39
5.200000e-16 -7.092659e+19 5.030581e+39
5.300000e-16 -7.891965e+19 6.228311e+39
5.400000e-16 -8.761292e+19 7.676023e+39
5.500000e-16 -9.704919e+19 9.418546e+39
5.600000e-16 -1.072725e+20 1.150739e+40
5.700000e-16 -1.183282e+20 1.400156e+40
5.800000e-16 -1.302626e+20 1.696834e+40
5.900000e-16 -1.431232e+20 2.048426e+40
6.000000e-16 -1.569587e+20 2.463604e+40
6.100000e-16 -1.718186e+20 2.952163e+40
6.200000e-16 -1.877533e+20 3.525129e+40
6.300000e-16 -2.048141e+20 4.194880e+40
6.400000e-16 -2.230530e+20 4.975263e+40
6.500000e-16 -2.425227e+20 5.881726e+40
6.600000e-16 -2.632765e+20 6.931449e+40
6.700000e-16 -2.853680e+20 8.143490e+40
6.800000e-16 -3.088514e+20 9.538919e+40
6.900000e-16 -3.337810e+20 1.114098e+41
7.000000e-16 -3.602114e+20 1.297522e+41
7.100000e-16 -3.881970e+20 1.506969e+41
7.200000e-16 -4.177923e+20 1.745504e+41
7.300000e-16 -4.490516e+20 2.016473e+41
7.400000e-16 -4.820287e+20 2.323517e+41
7.500000e-16 -5.167772e+20 2.670587e+41
7.600000e-16 -5.533499e+20 3.061962e+41
7.700000e-16 -5.917990e+20 3.502260e+41
7.800000e-16 -6.321755e+20 3.996459e+41
7.900000e-16 -6.745299e+20 4.549906e+41
8.000000e-16 -7.189112e+20 5.168333e+41
8.100000e-16 -7.653670e+20 5.857867e+41
8.200000e-16 -8.139438e+20 6.625046e+41
8.300000e-16 -8.646862e+20 7.476823e+41
8.400000e-16 -9.176372e+20 8.420580e+41
8.500000e-16 -9.728377e+20 9.464131e+41
8.600000e-16 -1.030327e+21 1.061573e+42
8.700000e-16 -1.090141e+21 1.188407e+42
8.800000e-16 -1.152315e+21 1.327830e+42
8.900000e-16 -1.216880e+21 1.480798e+42
9.000000e-16 -1.283867e+21 1.648313e+42
9.100000e-16 -1.353300e+21 1.831420e+42
9.200000e-16 -1.425203e+21 2.031205e+42
9.300000e-16 -1.499598e+21 2.248793e+42
9.400000e-16 -1.576500e+21 2.485352e+42
9.500000e-16 -1.655923e+21 2.742083e+42
9.600000e-16 -1.737879e+21 3.020222e+42
9.700000e-16 -1.822372e+21 3.321039e+42
9.800000e-16 -1.909406e+21 3.645830e+42
9.900000e-16 -1.998979e+21 3.995916e+42
1.000000e-15 -2.091086e+21 4.372641e+42
1.010000e-15 -2.185718e+21 4.777364e+42
1.020000e-15 -2.282861e+21 5.211454e+42
1.030000e-15 -2.382497e+21 5.676291e+42
1.040000e-15 -2.484603e+21 6.173252e+42
1.050000e-15 -2.589152e+21 6.703710e+42
1.060000e-15 -2.696113e+21 7.269028e+42
1.070000e-15 -2.805450e+21 7.870547e+42
1.080000e-15 -2.917119e+21 8.509586e+42
1.090000e-15 -3.031077e+21 9.187430e+42
1.100000e-15 -3.147272e+21 9.905321e+42
1.110000e-15 -3.265648e+21 1.066445e+43
1.120000e-15 -3.386143e+21 1.146597e+43
1.130000e-15 -3.508693e+21 1.231093e+43
1.140000e-15 -3.633227e+21 1.320034e+43
1.150000e-15 -3.759667e+21 1.413510e+43
1.160000e-15 -3.887934e+21 1.511603e+43
1.170000e-15 -4.017941e+21 1.614385e+43
1.180000e-15 -4.149598e+21 1.721916e+43
1.190000e-15 -4.282808e+21 1.834244e+43
1.200000e-15 -4.417470e+21 1.951404e+43
1.210000e-15 -4.553478e+21 2.073417e+43
1.220000e-15 -4.690723e+21 2.200288e+43
1.230000e-15 -4.829088e+21 2.332009e+43
1.240000e-15 -4.968453e+21 2.468553e+43
1.250000e-15 -5.108694e+21 2.609876e+43
1.260000e-15 -5.249682e+21 2.755916e+43
1.270000e-15 -5.391282e+21 2.906592e+43
1.280000e-15 -5.533358e+21 3.061805e+43
1.290000e-15 -5.675766e+21 3.221432e+43
1.300000e-15 -5.818363e+21 3.385334e+43
1.310000e-15 -5.960997e+21 3.553348e+43
1.320000e-15 -6.103515e+21 3.725289e+43
1.330000e-15 -6.245760e+21 3.900952e+43
1.340000e-15 -6.387573e+21 4.080109e+43
1.350000e-15 -6.528790e+21 4.262510e+43
1.360000e-15 -6.669245e+21 4.447883e+43
1.370000e-15 -6.808769e+21 4.635934e+43
1.380000e-15 -6.947191e+21 4.826346e+43
1.390000e-15 -7.084336e+21 5.018782e+43
1.400000e-15 -7.220030e+21 5.212883e+43
1.410000e-15 -7.354095e+21 5.408271e+43
1.420000e-15 -7.486352e+21 5.604546e+43
1.430000e-15 -7.616620e+21 5.801290e+43
1.440000e-15 -7.744720e+21 5.998068e+43
1.450000e-15 -7.870467e+21 6.194426e+43
1.460000e-15 -7.993681e+21 6.389894e+43
1.470000e-15 -8.114179e+21 6.583990e+43
1.480000e-15 -8.231778e+21 6.776217e+43
1.490000e-15 -8.346296e+21 6.966066e+43
1.500000e-15 -8.457552e+21 7.153019e+43
1.510000e-15 -8.565365e+21 7.336548e+43
1.520000e-15 -8.669556e+21 7.516121e+43
1.530000e-15 -8.769949e+21 7.691200e+43
1.540000e-15 -8.866366e+21 7.861245e+43
1.550000e-15 -8.958635e+21 8.025715e+43
1.560000e-15 -9.046585e+21 8.184071e+43
1.570000e-15 -9.130049e+21 8.335779e+43
1.580000e-15 -9.208860e+21 8.480310e+43
1.590000e-15 -9.282858e+21 8.617145e+43
1.600000e-15 -9.351885e+21 8.745775e+43
1.610000e-15 -9.415787e+21 8.865704e+43
1.620000e-15 -9.474415e+21 8.976454e+43
1.630000e-15 -9.527625e+21 9.077563e+43
1.640000e-15 -9.575276e+21 9.168591e+43
1.650000e-15 -9.617234e+21 9.249119e+43
1.660000e-15 -9.653371e+21 9.318757e+43
1.670000e-15 -9.683562e+21 9.377138e+43
1.680000e-15 -9.707692e+21 9.423928e+43
1.690000e-15 -9.725649e+21 9.458824e+43
1.700000e-15 -9.737328e+21 9.481556e+43
1.710000e-15 -9.742633e+21 9.491890e+43
1.720000e-15 -9.741473e+21 9.489630e+43
1.730000e-15 -9.733766e+21 9.474620e+43
1.740000e-15 -9.719435e+21 9.446741e+43
1.750000e-15 -9.698413e+21 9.405921e+43
1.760000e-15 -9.670640e+21 9.352128e+43
1.770000e-15 -9.636064e+21 9.285374e+43
1.780000e-15 -9.594643e+21 9.205717e+43
1.790000e-15 -9.546340e+21 9.113261e+43
1.800000e-15 -9.491131e+21 9.008156e+43
1.810000e-15 -9.428996e+21 8.890597e+43
1.820000e-15 -9.359928e+21 8.760825e+43
1.830000e-15 -9.283927e+21 8.619130e+43
1.840000e-15 -9.201002e+21 8.465844e+43
1.850000e-15 -9.111173e+21 8.301347e+43
1.860000e-15 -9.014466e+21 8.126060e+43
1.870000e-15 -8.910920e+21 7.940449e+43
1.880000e-15 -8.800580e+21 7.745021e+43
1.890000e-15 -8.683503e+21 7.540323e+43
1.900000e-15 -8.559755e+21 7.326940e+43
1.910000e-15 -8.429409e+21 7.105494e+43
1.920000e-15 -8.292551e+21 6.876640e+43
1.930000e-15 -8.149273e+21 6.641065e+43
1.940000e-15 -7.999679e+21 6.399486e+43
1.950000e-15 -7.843880e+21 6.152646e+43
1.960000e-15 -7.681998e+21 5.901309e+43
1.970000e-15 -7.514163e+21 5.646264e+43
1.980000e-15 -7.340514e+21 5.388314e+43
1.990000e-15 -7.161198e+21 5.128276e+43
2.000000e-15 -6.976373e+21 4.866978e+43
2.010000e-15 -6.786204e+21 4.605256e+43
2.020000e-15 -6.590863e+21 4.343948e+43
2.030000e-15 -6.390533e+21 4.083891e+43
2.040000e-15 -6.185402e+21 3.825920e+43
2.050000e-15 -5.975668e+21 3.570861e+43
2.060000e-15 -5.761535e+21 3.319529e+43
2.070000e-15 -5.543216e+21 3.072724e+43
2.080000e-15 -5.320927e+21 2.831227e+43
2.090000e-15 -5.094896e+21 2.595797e+43
2.100000e-15 -4.865353e+21 2.367166e+43
2.110000e-15 -4.632537e+21 2.146040e+43
2.120000e-15 -4.396690e+21 1.933088e+43
2.130000e-15 -4.158062e+21 1.728948e+43
2.140000e-15 -3.916906e+21 1.534215e+43
2.150000e-15 -3.673482e+21 1.349447e+43
2.160000e-15 -3.428053e+21 1.175155e+43
2.170000e-15 -3.180886e+21 1.011803e+43
2.180000e-15 -2.932251e+21 8.598094e+42
2.190000e-15 -2.682422e+21 7.195390e+42
2.200000e-15 -2.431678e+21 5.913058e+42
2.210000e-15 -2.180297e+21 4.753694e+42
2.220000e-15 -1.928560e+21 3.719344e+42
2.230000e-15 -1.676752e+21 2.811496e+42
2.240000e-15 -1.425155e+21 2.031068e+42
2.250000e-15 -1.174057e+21 1.378409e+42
2.260000e-15 -9.237416e+20 8.532986e+41
2.270000e-15 -6.744957e+20 4.549444e+41
2.280000e-15 -4.266043e+20 1.819912e+41
2.290000e-15 -1.803518e+20 3.252679e+40
2.300000e-15 6.397840e+19 4.093236e+39
2.310000e-15 3.061050e+20 9.370026e+40
2.320000e-15 5.457485e+20 2.978414e+41
2.330000e-15 7.826321e+20 6.125131e+41
2.340000e-15 1.016482e+21 1.033236e+42
2.350000e-15 1.247028e+21 1.555078e+42
2.360000e-15 1.474002e+21 2.172683e+42
2.370000e-15 1.697144e+21 2.880297e+42
2.380000e-15 1.916194e+21 3.671799e+42
2.390000e-15 2.130900e+21 4.540733e+42
2.400000e-15 2.341014e+21 5.480346e+42
2.410000e-15 2.546295e+21 6.483616e+42
2.420000e-15 2.746506e+21 7.543297e+42
2.430000e-15 2.941420e+21 8.651952e+42
2.440000e-15 3.130814e+21 9.801993e+42
2.450000e-15 3.314472e+21 1.098572e+43
2.460000e-15 3.492187e+21 1.219537e+43
2.470000e-15 3.663760e+21 1.342314e+43
2.480000e-15 3.828999e+21 1.466123e+43
2.490000e-15 3.987721e+21 1.590192e+43
2.500000e-15 4.139753e+21 1.713755e+43
2.510000e-15 4.284928e+21 1.836061e+43
2.520000e-15 4.423091e+21 1.956373e+43
2.530000e-15 4.554095e+21 2.073978e+43
2.540000e-15 4.677804e+21 2.188185e+43
2.550000e-15 4.794092e+21 2.298332e+43
2.560000e-15 4.902841e+21 2.403785e+43
2.570000e-15 5.003945e+21 2.503947e+43
2.580000e-15 5.097309e+21 2.598256e+43
2.590000e-15 5.182848e+21 2.686191e+43
2.600000e-15 5.260487e+21 2.767272e+43
2.610000e-15 5.330163e+21 2.841064e+43
2.620000e-15 5.391824e+21 2.907177e+43
2.630000e-15 5.445429e+21 2.965270e+43
2.640000e-15 5.490947e+21 3.015050e+43
2.650000e-15 5.528359e+21 3.056275e+43
2.660000e-15 5.557657e+21 3.088755e+43
2.670000e-15 5.578846e+21 3.112352e+43
2.680000e-15 5.591939e+21 3.126978e+43
2.690000e-15 5.596962e+21 3.132598e+43
2.700000e-15 5.593952e+21 3.129230e+43
2.710000e-15 5.582958e+21 3.116942e+43
2.720000e-15 5.564038e+21 3.095852e+43
2.730000e-15 5.537262e+21 3.066127e+43
2.740000e-15 5.502710e+21 3.027982e+43
2.750000e-15 5.460475e+21 2.981678e+43
2.760000e-15 5.410657e+21 2.927520e+43
2.770000e-15 5.353368e+21 2.865855e+43
2.780000e-15 5.288732e+21 2.797069e+43
2.790000e-15 5.216880e+21 2.721584e+43
2.800000e-15 5.137954e+21 2.639857e+43
2.810000e-15 5.052106e+21 2.552377e+43
2.820000e-15 4.959496e+21 2.459660e+43
2.830000e-15 4.860293e+21 2.362245e+43
2.840000e-15 4.754678e+21 2.260696e+43
2.850000e-15 4.642836e+21 2.155592e+43
2.860000e-15 4.524962e+21 2.047528e+43
2.870000e-15 4.401260e+21 1.937109e+43
2.880000e-15 4.271940e+21 1.824947e+43
2.890000e-15 4.137220e+21 1.711659e+43
2.900000e-15 3.997325e+21 1.597860e+43
2.910000e-15 3.852485e+21 1.484164e+43
2.920000e-15 3.702938e+21 1.371175e+43
2.930000e-15 3.548928e+21 1.259489e+43
2.940000e-15 3.390702e+21 1.149686e+43
2.950000e-15 3.228515e+21 1.042331e+43
2.960000e-15 3.062625e+21 9.379671e+42
2.970000e-15 2.893294e+21 8.371149e+42
2.980000e-15 2.720788e+21 7.402688e+42
2.990000e-15 2.545378e+21 6.478950e+42
3.000000e-15 2.367336e+21 5.604281e+42
3.010000e-15 2.186938e+21 4.782699e+42
3.020000e-15 2.004462e+21 4.017866e+42
3.030000e-15 1.820186e+21 3.313077e+42
3.040000e-15 1.634392e+21 2.671237e+42
3.050000e-15 1.447362e+21 2.094856e+42
3.060000e-15 1.259377e+21 1.586030e+42
3.070000e-15 1.070721e+21 1.146443e+42
3.080000e-15 8.816745e+20 7.773499e+41
3.090000e-15 6.925200e+20 4.795839e+41
3.100000e-15 5.035372e+20 2.535497e+41
3.110000e-15 3.150048e+20 9.922804e+40
3.120000e-15 1.271994e+20 1.617970e+40
3.130000e-15 -5.960468e+19 3.552718e+39
3.140000e-15 -2.451361e+20 6.009169e+40
3.150000e-15 -4.291264e+20 1.841495e+41
3.160000e-15 -6.113110e+20 3.737011e+41
3.170000e-15 -7.914290e+20 6.263598e+41
3.180000e-15 -9.692239e+20 9.393949e+41
3.190000e-15 -1.144444e+21 1.309752e+42
3.200000e-15 -1.316842e+21 1.734073e+42
3.210000e-15 -1.486177e+21 2.208722e+42
3.220000e-15 -1.652213e+21 2.729809e+42
3.230000e-15 -1.814721e+21 3.293212e+42
3.240000e-15 -1.973477e+21 3.894610e+42
3.250000e-15 -2.128264e+21 4.529507e+42
3.260000e-15 -2.278873e+21 5.193261e+42
3.270000e-15 -2.425101e+21 5.881115e+42
3.280000e-15 -2.566754e+21 6.588224e+42
3.290000e-15 -2.703643e+21 7.309687e+42
3.300000e-15 -2.835591e+21 8.040576e+42
3.310000e-15 -2.962426e+21 8.775966e+42
3.320000e-15 -3.083985e+21 9.510963e+42
3.330000e-15 -3.200115e+21 1.024074e+43
3.340000e-15 -3.310671e+21 1.096054e+43
3.350000e-15 -3.415516e+21 1.166575e+43
3.360000e-15 -3.514525e+21 1.235189e+43
3.370000e-15 -3.607580e+21 1.301463e+43
3.380000e-15 -3.694573e+21 1.364987e+43
3.390000e-15 -3.775405e+21 1.425368e+43
3.400000e-15 -3.849988e+21 1.482241e+43
3.410000e-15 -3.918243e+21 1.535263e+43
3.420000e-15 -3.980102e+21 1.584121e+43
3.430000e-15 -4.035505e+21 1.628530e+43
3.440000e-15 -4.084403e+21 1.668235e+43
3.450000e-15 -4.126758e+21 1.703013e+43
3.460000e-15 -4.162540e+21 1.732674e+43
3.470000e-15 -4.191729e+21 1.757059e+43
3.480000e-15 -4.214318e+21 1.776048e+43
3.490000e-15 -4.230307e+21 1.789550e+43
3.500000e-15 -4.239707e+21 1.797511e+43
3.510000e-15 -4.242538e+21 1.799913e+43
3.520000e-15 -4.238832e+21 1.796769e+43
3.530000e-15 -4.228627e+21 1.788129e+43
3.540000e-15 -4.211975e+21 1.774073e+43
3.550000e-15 -4.188933e+21 1.754716e+43
3.560000e-15 -4.159572e+21 1.730204e+43
3.570000e-15 -4.123968e+21 1.700711e+43
3.580000e-15 -4.082208e+21 1.666442e+43
3.590000e-15 -4.034388e+21 1.627628e+43
3.600000e-15 -3.980612e+21 1.584527e+43
3.610000e-15 -3.920994e+21 1.537419e+43
3.620000e-15 -3.855653e+21 1.486606e+43
3.630000e-15 -3.784721e+21 1.432411e+43
3.640000e-15 -3.708333e+21 1.375173e+43
3.650000e-15 -3.626634e+21 1.315247e+43
3.660000e-15 -3.539777e+21 1.253002e+43
3.670000e-15 -3.447920e+21 1.188815e+43
3.680000e-15 -3.351229e+21 1.123074e+43
3.690000e-15 -3.249877e+21 1.056170e+43
3.700000e-15 -3.144043e+21 9.885007e+42
3.710000e-15 -3.033911e+21 9.204619e+42
3.720000e-15 -2.919673e+21 8.524488e+42
3.730000e-15 -2.801522e+21 7.848528e+42
3.740000e-15 -2.679662e+21 7.180587e+42
3.750000e-15 -2.554296e+21 6.524428e+42
3.760000e-15 -2.425635e+21 5.883707e+42
3.770000e-15 -2.293894e+21 5.261948e+42
3.780000e-15 -2.159289e+21 4.662527e+42
3.790000e-15 -2.022041e+21 4.088652e+42
3.800000e-15 -1.882376e+21 3.543341e+42
3.810000e-15 -1.740520e+21 3.029411e+42
3.820000e-15 -1.596702e+21 2.549458e+42
3.830000e-15 -1.451154e+21 2.105847e+42
3.840000e-15 -1.304107e+21 1.700695e+42
3.850000e-15 -1.155797e+21 1.335866e+42
3.860000e-15 -1.006458e+21 1.012957e+42
3.870000e-15 -8.563253e+20 7.332930e+41
3.880000e-15 -7.056356e+20 4.979216e+41
3.890000e-15 -5.546241e+20 3.076079e+41
3.900000e-15 -4.035260e+20 1.628332e+41
3.910000e-15 -2.525754e+20 6.379434e+40
3.920000e-15 -1.020055e+20 1.040511e+40
3.930000e-15 4.795240e+19 2.299433e+39
3.940000e-15 1.970686e+20 3.883602e+40
3.950000e-15 3.451157e+20 1.191049e+41
3.960000e-15 4.918691e+20 2.419352e+41
3.970000e-15 6.371069e+20 4.059052e+41
3.980000e-15 7.806105e+20 6.093527e+41
3.990000e-15 9.221647e+20 8.503877e+41
4.000000e-15 1.061558e+21 1.126906e+42
4.010000e-15 1.198585e+21 1.436605e+42
4.020000e-15 1.333041e+21 1.776998e+42
4.030000e-15 1.464729e+21 2.145432e+42
4.040000e-15 1.593457e+21 2.539106e+42
4.050000e-15 1.719037e+21 2.955089e+42
4.060000e-15 1.841287e+21 3.390339e+42
4.070000e-15 1.960032e+21 3.841725e+42
4.080000e-15 2.075101e+21 4.306043e+42
4.090000e-15 2.186331e+21 4.780042e+42
4.100000e-15 2.293564e+21 5.260438e+42
4.110000e-15 2.396652e+21 5.743942e+42
4.120000e-15 2.495451e+21 6.227273e+42
4.130000e-15 2.589824e+21 6.707186e+42
4.140000e-15 2.679643e+21 7.180485e+42
4.150000e-15 2.764787e+21 7.644047e+42
4.160000e-15 2.845143e+21 8.094838e+42
4.170000e-15 2.920605e+21 8.529933e+42
4.180000e-15 2.991076e+21 8.946535e+42
4.190000e-15 3.056466e+21 9.341985e+42
4.200000e-15 3.116694e+21 9.713785e+42
4.210000e-15 3.171688e+21 1.005961e+43
4.220000e-15 3.221383e+21 1.037731e+43
4.230000e-15 3.265724e+21 1.066495e+43
4.240000e-15 3.304662e+21 1.092079e+43
4.250000e-15 3.338159e+21 1.114330e+43
4.260000e-15 3.366185e+21 1.133120e+43
4.270000e-15 3.388719e+21 1.148342e+43
4.280000e-15 3.405748e+21 1.159912e+43
4.290000e-15 3.417267e+21 1.167772e+43
4.300000e-15 3.423282e+21 1.171886e+43
4.310000e-15 3.423805e+21 1.172244e+43
4.320000e-15 3.418859e+21 1.168860e+43
4.330000e-15 3.408473e+21 1.161769e+43
4.340000e-15 3.392686e+21 1.151032e+43
4.350000e-15 3.371545e+21 1.136732e+43
4.360000e-15 3.345106e+21 1.118973e+43
4.370000e-15 3.313431e+21 1.097882e+43
4.380000e-15 3.276592e+21 1.073606e+43
4.390000e-15 3.234669e+21 1.046308e+43
4.400000e-15 3.187748e+21 1.016174e+43
4.410000e-15 3.135925e+21 9.834025e+42
4.420000e-15 3.079301e+21 9.482093e+42
4.430000e-15 3.017985e+21 9.108235e+42
4.440000e-15 2.952095e+21 8.714862e+42
4.450000e-15 2.881752e+21 8.304494e+42
4.460000e-15 2.807087e+21 7.879739e+42
4.470000e-15 2.728237e+21 7.443276e+42
4.480000e-15 2.645343e+21 6.997839e+42
4.490000e-15 2.558554e+21 6.546198e+42
4.500000e-15 2.468024e+21 6.091141e+42
4.510000e-15 2.373912e+21 5.635458e+42
4.520000e-15 2.276383e+21 5.181920e+42
4.530000e-15 2.175607e+21 4.733265e+42
4.540000e-15 2.071757e+21 4.292178e+42
4.550000e-15 1.965013e+21 3.861274e+42
4.560000e-15 1.855555e+21 3.443086e+42
4.570000e-15 1.743572e+21 3.040043e+42
4.580000e-15 1.629252e+21 2.654461e+42
4.590000e-15 1.512788e+21 2.288526e+42
4.600000e-15 1.394375e+21 1.944281e+42
4.610000e-15 1.274212e+21 1.623615e+42
4.620000e-15 1.152498e+21 1.328252e+42
4.630000e-15 1.029436e+21 1.059738e+42
4.640000e-15 9.052289e+20 8.194393e+41
4.650000e-15 7.800815e+20 6.085271e+41
4.660000e-15 6.541992e+20 4.279766e+41
4.670000e-15 5.277881e+20 2.785603e+41
4.680000e-15 4.010543e+20 1.608446e+41
4.690000e-15 2.742038e+20 7.518774e+40
4.700000e-15 1.474422e+20 2.173921e+40
4.710000e-15 2.097428e+19 4.399206e+38
4.720000e-15 -1.049964e+20 1.102425e+40
4.730000e-15 -2.302678e+20 5.302324e+40
4.740000e-15 -3.546393e+20 1.257691e+41
4.750000e-15 -4.779129e+20 2.284007e+41
4.760000e-15 -5.998925e+20 3.598710e+41
4.770000e-15 -7.203851e+20 5.189546e+41
4.780000e-15 -8.392004e+20 7.042574e+41
4.790000e-15 -9.561518e+20 9.142263e+41
4.800000e-15 -1.071056e+21 1.147161e+42
4.810000e-15 -1.183734e+21 1.401226e+42
4.820000e-15 -1.294010e+21 1.674462e+42
4.830000e-15 -1.401714e+21 1.964802e+42
4.840000e-15 -1.506680e+21 2.270084e+42
4.850000e-15 -1.608746e+21 2.588065e+42
4.860000e-15 -1.707758e+21 2.916438e+42
4.870000e-15 -1.803565e+21 3.252846e+42
4.880000e-15 -1.896022e+21 3.594898e+42
4.890000e-15 -1.984990e+21 3.940185e+42
4.900000e-15 -2.070337e+21 4.286297e+42
4.910000e-15 -2.151937e+21 4.630834e+42
4.920000e-15 -2.229670e+21 4.971430e+42
4.930000e-15 -2.303423e+21 5.305759e+42
4.940000e-15 -2.373090e+21 5.631555e+42
4.950000e-15 -2.438571e+21 5.946627e+42
4.960000e-15 -2.499774e+21 6.248870e+42
4.970000e-15 -2.556615e+21 6.536280e+42
4.980000e-15 -2.609016e+21 6.806964e+42
4.990000e-15 -2.656907e+21 7.059156e+42
5.000000e-15 -2.700226e+21 7.291223e+42
5.010000e-15 -2.738919e+21 7.501677e+42
5.020000e-15 -2.772938e+21 7.689185e+42
5.030000e-15 -2.802244e+21 7.852573e+42
5.040000e-15 -2.826807e+21 7.990836e+42
5.050000e-15 -2.846602e+21 8.103141e+42
5.060000e-15 -2.861614e+21 8.188835e+42
5.070000e-15 -2.871836e+21 8.247442e+42
5.080000e-15 -2.877268e+21 8.278670e+42
5.090000e-15 -2.877918e+21 8.282411e+42
5.100000e-15 -2.873802e+21 8.258737e+42
5.110000e-15 -2.864944e+21 8.207902e+42
5.120000e-15 -2.851375e+21 8.130337e+42
5.130000e-15 -2.833134e+21 8.026649e+42
5.140000e-15 -2.810269e+21 7.897610e+42
5.150000e-15 -2.782832e+21 7.744156e+42
5.160000e-15 -2.750887e+21 7.567377e+42
5.170000e-15 -2.714500e+21 7.368512e+42
5.180000e-15 -2.673749e+21 7.148936e+42
5.190000e-15 -2.628716e+21 6.910149e+42
5.200000e-15 -2.579491e+21 6.653771e+42
5.210000e-15 -2.526169e+21 6.381528e+42
5.220000e-15 -2.468853e+21 6.095234e+42
5.230000e-15 -2.407652e+21 5.796790e+42
5.240000e-15 -2.342682e+21 5.488159e+42
5.250000e-15 -2.274063e+21 5.171361e+42
5.260000e-15 -2.201921e+21 4.848454e+42
5.270000e-15 -2.126388e+21 4.521526e+42
5.280000e-15 -2.047602e+21 4.192672e+42
5.290000e-15 -1.965704e+21 3.863991e+42
5.300000e-15 -1.880841e+21 3.537562e+42
5.310000e-15 -1.793164e+21 3.215438e+42
5.320000e-15 -1.702829e+21 2.899627e+42
5.330000e-15 -1.609995e+21 2.592083e+42
5.340000e-15 -1.514824e+21 2.294692e+42
5.350000e-15 -1.417483e+21 2.009258e+42
5.360000e-15 -1.318141e+21 1.737497e+42
5.370000e-15 -1.216971e+21 1.481018e+42
5.380000e-15 -1.114146e+21 1.241322e+42
5.390000e-15 -1.009844e+21 1.019785e+42
5.400000e-15 -9.042429e+20 8.176551e+41
5.410000e-15 -7.975232e+20 6.360432e+41
5.420000e-15 -6.898664e+20 4.759156e+41
5.430000e-15 -5.814550e+20 3.380899e+41
5.440000e-15 -4.724722e+20 2.232300e+41
5.450000e-15 -3.631016e+20 1.318428e+41
5.460000e-15 -2.535268e+20 6.427585e+40
5.470000e-15 -1.439312e+20 2.071618e+40
5.480000e-15 -3.449754e+19 1.190080e+39
5.490000e-15 7.459206e+19 5.563975e+39
5.500000e-15 1.831568e+20 3.354640e+40
5.510000e-15 2.910171e+20 8.469098e+40
5.520000e-15 3.979955e+20 1.584004e+41
5.530000e-15 5.039162e+20 2.539315e+41
5.540000e-15 6.086058e+20 3.704010e+41
5.550000e-15 7.118936e+20 5.067925e+41
5.560000e-15 8.136117e+20 6.619640e+41
5.570000e-15 9.135953e+20 8.346563e+41
5.580000e-15 1.011683e+21 1.023502e+42
5.590000e-15 1.107717e+21 1.227037e+42
5.600000e-15 1.201544e+21 1.443708e+42
5.610000e-15 1.293014e+21 1.671884e+42
5.620000e-15 1.381981e+21 1.909871e+42
5.630000e-15 1.468306e+21 2.155921e+42
5.640000e-15 1.551851e+21 2.408243e+42
5.650000e-15 1.632488e+21 2.665017e+42
5.660000e-15 1.710089e+21 2.924406e+42
5.670000e-15 1.784536e+21 3.184569e+42
5.680000e-15 1.855713e+21 3.443673e+42
5.690000e-15 1.923513e+21 3.699902e+42
5.700000e-15 1.987832e+21 3.951477e+42
5.710000e-15 2.048574e+21 4.196657e+42
5.720000e-15 2.105649e+21 4.433760e+42
5.730000e-15 2.158974e+21 4.661167e+42
5.740000e-15 2.208470e+21 4.877339e+42
5.750000e-15 2.254067e+21 5.080819e+42
5.760000e-15 2.295702e+21 5.270247e+42
5.770000e-15 2.333317e+21 5.444367e+42
5.780000e-15 2.366862e+21 5.602035e+42
5.790000e-15 2.396294e+21 5.742225e+42
5.800000e-15 2.421577e+21 5.864035e+42
5.810000e-15 2.442681e+21 5.966693e+42
5.820000e-15 2.459586e+21 6.049562e+42
5.830000e-15 2.472275e+21 6.112141e+42
5.840000e-15 2.480740e+21 6.154073e+42
5.850000e-15 2.484982e+21 6.175138e+42
5.860000e-15 2.485007e+21 6.175260e+42
5.870000e-15 2.480828e+21 6.154506e+42
5.880000e-15 2.472465e+21 6.113082e+42
5.890000e-15 2.459946e+21 6.051334e+42
5.900000e-15 2.443305e+21 5.969740e+42
5.910000e-15 2.422584e+21 5.868912e+42
5.920000e-15 2.397829e+21 5.749586e+42
5.930000e-15 2.369097e+21 5.612620e+42
5.940000e-15 2.336447e+21 5.458985e+42
5.950000e-15 2.299947e+21 5.289758e+42
5.960000e-15 2.259672e+21 5.106116e+42
5.970000e-15 2.215699e+21 4.909324e+42
5.980000e-15 2.168117e+21 4.700731e+42
5.990000e-15 2.117015e+21 4.481754e+42
6.000000e-15 2.062492e+21 4.253875e+42
6.010000e-15 2.004651e+21 4.018625e+42
6.020000e-15 1.943598e+21 3.777575e+42
6.030000e-15 1.879449e+21 3.532328e+42
6.040000e-15 1.812320e+21 3.284502e+42
6.050000e-15 1.742334e+21 3.035727e+42
6.060000e-15 1.669619e+21 2.787626e+42
6.070000e-15 1.594305e+21 2.541810e+42
6.080000e-15 1.516530e+21 2.299863e+42
6.090000e-15 1.436431e+21 2.063334e+42
6.100000e-15 1.354152e+21 1.833727e+42
6.110000e-15 1.269838e+21 1.612488e+42
6.120000e-15 1.183639e+21 1.401001e+42
6.130000e-15 1.095706e+21 1.200572e+42
6.140000e-15 1.006194e+21 1.012427e+42
6.150000e-15 9.152595e+20 8.377000e+41
6.160000e-15 8.230609e+20 6.774292e+41
6.170000e-15 7.297583e+20 5.325471e+41
6.180000e-15 6.355135e+20 4.038774e+41
6.190000e-15 5.404892e+20 2.921286e+41
6.200000e-15 4.448492e+20 1.978908e+41
6.210000e-15 3.487576e+20 1.216319e+41
6.220000e-15 2.523791e+20 6.369519e+40
6.230000e-15 1.558782e+20 2.429800e+40
6.240000e-15 5.941923e+19 3.530645e+39
6.250000e-15 -3.683389e+19 1.356736e+39
6.260000e-15 -1.327182e+20 1.761411e+40
6.270000e-15 -2.280717e+20 5.201668e+40
6.280000e-15 -3.227337e+20 1.041570e+41
6.290000e-15 -4.165453e+20 1.735100e+41
6.300000e-15 -5.093494e+20 2.594368e+41
6.310000e-15 -6.009909e+20 3.611900e+41
6.320000e-15 -6.913172e+20 4.779194e+41
6.330000e-15 -7.801783e+20 6.086782e+41
6.340000e-15 -8.674272e+20 7.524300e+41
6.350000e-15 -9.529200e+20 9.080565e+41
6.360000e-15 -1.036516e+21 1.074366e+42
6.370000e-15 -1.118078e+21 1.250099e+42
6.380000e-15 -1.197474e+21 1.433944e+42
6.390000e-15 -1.274573e+21 1.624538e+42
6.400000e-15 -1.349252e+21 1.820482e+42
6.410000e-15 -1.421390e+21 2.020349e+42
6.420000e-15 -1.490870e+21 2.222695e+42
6.430000e-15 -1.557583e+21 2.426065e+42
6.440000e-15 -1.621422e+21 2.629009e+42
6.450000e-15 -1.682286e+21 2.830087e+42
6.460000e-15 -1.740081e+21 3.027881e+42
6.470000e-15 -1.794715e+21 3.221002e+42
6.480000e-15 -1.846105e+21 3.408105e+42
6.490000e-15 -1.894173e+21 3.587890e+42
6.500000e-15 -1.938845e+21 3.759118e+42
6.510000e-15 -1.980054e+21 3.920615e+42
6.520000e-15 -2.017741e+21 4.071280e+42
6.530000e-15 -2.051851e+21 4.210092e+42
6.540000e-15 -2.082335e+21 4.336120e+42
6.550000e-15 -2.109152e+21 4.448522e+42
6.560000e-15 -2.132266e+21 4.546558e+42
6.570000e-15 -2.151648e+21 4.629589e+42
6.580000e-15 -2.167275e+21 4.697083e+42
6.590000e-15 -2.179132e+21 4.748617e+42
6.600000e-15 -2.187208e+21 4.783880e+42
6.610000e-15 -2.191501e+21 4.802675e+42
6.620000e-15 -2.192013e+21 4.804920e+42
6.630000e-15 -2.188754e+21 4.790645e+42
6.640000e-15 -2.181741e+21 4.759995e+42
6.650000e-15 -2.170996e+21 4.713225e+42
6.660000e-15 -2.156548e+21 4.650701e+42
6.670000e-15 -2.138433e+21 4.572894e+42
6.680000e-15 -2.116690e+21 4.480378e+42
6.690000e-15 -2.091369e+21 4.373824e+42
6.700000e-15 -2.062522e+21 4.253996e+42
6.710000e-15 -2.030208e+21 4.121746e+42
6.720000e-15 -1.994494e+21 3.978006e+42
6.730000e-15 -1.955449e+21 3.823781e+42
6.740000e-15 -1.913150e+21 3.660144e+42
6.750000e-15 -1.867679e+21 3.488226e+42
6.760000e-15 -1.819123e+21 3.309208e+42
6.770000e-15 -1.767573e+21 3.124315e+42
6.780000e-15 -1.713127e+21 2.934805e+42
6.790000e-15 -1.655887e+21 2.741961e+42
6.800000e-15 -1.595958e+21 2.547081e+42
6.810000e-15 -1.533451e+21 2.351471e+42
6.820000e-15 -1.468480e+21 2.156435e+42
6.830000e-15 -1.401166e+21 1.963265e+42
6.840000e-15 -1.331628e+21 1.773234e+42
6.850000e-15 -1.259995e+21 1.587587e+42
6.860000e-15 -1.186394e+21 1.407530e+42
6.870000e-15 -1.110958e+21 1.234227e+42
6.880000e-15 -1.033821e+21 1.068787e+42
6.890000e-15 -9.551226e+20 9.122593e+41
6.900000e-15 -8.750012e+20 7.656272e+41
6.910000e-15 -7.935992e+20 6.297997e+41
6.920000e-15 -7.110604e+20 5.056070e+41
6.930000e-15 -6.275303e+20 3.937943e+41
6.940000e-15 -5.431556e+20 2.950180e+41
6.950000e-15 -4.580842e+20 2.098411e+41
6.960000e-15 -3.724647e+20 1.387300e+41
6.970000e-15 -2.864464e+20 8.205154e+40
6.980000e-15 -2.001788e+20 4.007155e+40
6.990000e-15 -1.138115e+20 1.295306e+40
7.000000e-15 -2.749390e+19 7.559146e+38
7.010000e-15 5.862513e+19 3.436906e+39
7.020000e-15 1.443974e+20 2.085061e+40
7.030000e-15 2.296757e+20 5.275093e+40
7.040000e-15 3.143141e+20 9.879333e+40
7.050000e-15 3.981680e+20 1.585377e+41
7.060000e-15 4.810947e+20 2.314521e+41
7.070000e-15 5.629534e+20 3.169165e+41
7.080000e-15 6.436054e+20 4.142279e+41
7.090000e-15 7.229146e+20 5.226055e+41
7.100000e-15 8.007475e+20 6.411966e+41
7.110000e-15 8.769735e+20 7.690825e+41
7.120000e-15 9.514650e+20 9.052857e+41
7.130000e-15 1.024098e+21 1.048777e+42
7.140000e-15 1.094752e+21 1.198481e+42
7.150000e-15 1.163309e+21 1.353288e+42
7.160000e-15 1.229657e+21 1.512057e+42
7.170000e-15 1.293687e+21 1.673627e+42
7.180000e-15 1.355295e+21 1.836824e+42
7.190000e-15 1.414379e+21 2.000469e+42
7.200000e-15 1.470845e+21 2.163386e+42
7.210000e-15 1.524602e+21 2.324411e+42
7.220000e-15 1.575564e+21 2.482401e+42
7.230000e-15 1.623650e+21 2.636238e+42
7.240000e-15 1.668784e+21 2.784839e+42
7.250000e-15 1.710896e+21 2.927166e+42
7.260000e-15 1.749922e+21 3.062226e+42
7.270000e-15 1.785801e+21 3.189085e+42
7.280000e-15 1.818480e+21 3.306871e+42
7.290000e-15 1.847911e+21 3.414776e+42
7.300000e-15 1.874052e+21 3.512070e+42
7.310000e-15 1.896865e+21 3.598097e+42
7.320000e-15 1.916320e+21 3.672283e+42
7.330000e-15 1.932393e+21 3.734141e+42
7.340000e-15 1.945063e+21 3.783271e+42
7.350000e-15 1.954319e+21 3.819362e+42
7.360000e-15 1.960153e+21 3.842199e+42
7.370000e-15 1.962564e+21 3.851656e+42
7.380000e-15 1.961556e+21 3.847703e+42
7.390000e-15 1.957141e+21 3.830403e+42
7.400000e-15 1.949336e+21 3.799910e+42
7.410000e-15 1.938162e+21 3.756470e+42
7.420000e-15 1.923647e+21 3.700419e+42
7.430000e-15 1.905826e+21 3.632175e+42
7.440000e-15 1.884739e+21 3.552241e+42
7.450000e-15 1.860430e+21 3.461199e+42
7.460000e-15 1.832950e+21 3.359704e+42
7.470000e-15 1.802354e+21 3.248481e+42
7.480000e-15 1.768705e+21 3.128318e+42
7.490000e-15 1.732068e+21 3.000061e+42
7.500000e-15 1.692516e+21 2.864609e+42
7.510000e-15 1.650123e+21 2.722905e+42
7.520000e-15 1.604971e+21 2.575933e+42
7.530000e-15 1.557146e+21 2.424704e+42
7.540000e-15 1.506738e+21 2.270259e+42
7.550000e-15 1.453840e+21 2.113652e+42
7.560000e-15 1.398552e+21 1.955948e+42
7.570000e-15 1.340975e+21 1.798215e+42
7.580000e-15 1.281216e+21 1.641515e+42
7.590000e-15 1.219384e+21 1.486896e+42
7.600000e-15 1.155591e+21 1.335390e+42
7.610000e-15 1.089953e+21 1.187998e+42
7.620000e-15 1.022590e+21 1.045691e+42
7.630000e-15 9.536234e+20 9.093975e+41
7.640000e-15 8.831763e+20 7.800003e+41
7.650000e-15 8.113754e+20 6.583300e+41
7.660000e-15 7.383491e+20 5.451593e+41
7.670000e-15 6.642274e+20 4.411980e+41
7.680000e-15 5.891420e+20 3.470883e+41
7.690000e-15 5.132261e+20 2.634011e+41
7.700000e-15 4.366139e+20 1.906317e+41
7.710000e-15 3.594402e+20 1.291973e+41
7.720000e-15 2.818410e+20 7.943436e+40
7.730000e-15 2.039523e+20 4.159654e+40
7.740000e-15 1.259103e+20 1.585342e+40
7.750000e-15 4.785142e+19 2.289758e+39
7.760000e-15 -3.008858e+19 9.053224e+38
7.770000e-15 -1.077742e+20 1.161529e+40
7.780000e-15 -1.850709e+20 3.425126e+40
7.790000e-15 -2.618451e+20 6.856285e+40
7.800000e-15 -3.379643e+20 1.142198e+41
7.810000e-15 -4.132975e+20 1.708148e+41
7.820000e-15 -4.877156e+20 2.378665e+41
7.830000e-15 -5.610912e+20 3.148233e+41
7.840000e-15 -6.332990e+20 4.010676e+41
7.850000e-15 -7.042161e+20 4.959203e+41
7.860000e-15 -7.737222e+20 5.986460e+41
7.870000e-15 -8.416995e+20 7.084581e+41
7.880000e-15 -9.080334e+20 8.245247e+41
7.890000e-15 -9.726124e+20 9.459748e+41
7.900000e-15 -1.035328e+21 1.071904e+42
7.910000e-15 -1.096076e+21 1.201382e+42
7.920000e-15 -1.154754e+21 1.333457e+42
7.930000e-15 -1.211266e+21 1.467166e+42
7.940000e-15 -1.265519e+21 1.601538e+42
7.950000e-15 -1.317423e+21 1.735603e+42
7.960000e-15 -1.366893e+21 1.868396e+42
7.970000e-15 -1.413849e+21 1.998969e+42
7.980000e-15 -1.458216e+21 2.126393e+42
7.990000e-15 -1.499921e+21 2.249763e+42
8.000000e-15 -1.538899e+21 2.368211e+42
8.010000e-15 -1.575089e+21 2.480904e+42
8.020000e-15 -1.608433e+21 2.587056e+42
8.030000e-15 -1.638881e+21 2.685930e+42
8.040000e-15 -1.666386e+21 2.776841e+42
8.050000e-15 -1.690907e+21 2.859165e+42
8.060000e-15 -1.712408e+21 2.932343e+42
8.070000e-15 -1.730860e+21 2.995878e+42
8.080000e-15 -1.746238e+21 3.049346e+42
8.090000e-15 -1.758521e+21 3.092395e+42
8.100000e-15 -1.767695e+21 3.124746e+42
8.110000e-15 -1.773753e+21 3.146198e+42
8.120000e-15 -1.776690e+21 3.156627e+42
8.130000e-15 -1.776509e+21 3.155984e+42
8.140000e-15 -1.773218e+21 3.144301e+42
8.150000e-15 -1.766829e+21 3.121685e+42
8.160000e-15 -1.757362e+21 3.088320e+42
8.170000e-15 -1.744839e+21 3.044464e+42
8.180000e-15 -1.729291e+21 2.990446e+42
8.190000e-15 -1.710750e+21 2.926667e+42
8.200000e-15 -1.689258e+21 2.853591e+42
8.210000e-15 -1.664857e+21 2.771748e+42
8.220000e-15 -1.637598e+21 2.681726e+42
8.230000e-15 -1.607534e+21 2.584166e+42
8.240000e-15 -1.574726e+21 2.479761e+42
8.250000e-15 -1.539236e+21 2.369247e+42
8.260000e-15 -1.501133e+21 2.253400e+42
8.270000e-15 -1.460489e+21 2.133030e+42
8.280000e-15 -1.417383e+21 2.008974e+42
8.290000e-15 -1.371894e+21 1.882093e+42
8.300000e-15 -1.324108e+21 1.753261e+42
8.310000e-15 -1.274113e+21 1.623365e+42
8.320000e-15 -1.222003e+21 1.493292e+42
8.330000e-15 -1.167874e+21 1.363929e+42
8.340000e-15 -1.111824e+21 1.236153e+42
8.350000e-15 -1.053957e+21 1.110825e+42
8.360000e-15 -9.943771e+20 9.887859e+41
8.370000e-15 -9.331937e+20 8.708505e+41
8.380000e-15 -8.705172e+20 7.578003e+41
8.390000e-15 -8.064609e+20 6.503792e+41
8.400000e-15 -7.411402e+20 5.492887e+41
8.410000e-15 -6.746722e+20 4.551826e+41
8.420000e-15 -6.071763e+20 3.686630e+41
8.430000e-15 -5.387729e+20 2.902762e+41
8.440000e-15 -4.695841e+20 2.205092e+41
8.450000e-15 -3.997328e+20 1.597863e+41
8.460000e-15 -3.293432e+20 1.084669e+41
8.470000e-15 -2.585398e+20 6.684282e+40
8.480000e-15 -1.874477e+20 3.513664e+40
8.490000e-15 -1.161923e+20 1.350065e+40
8.500000e-15 -4.489896e+19 2.015916e+39
8.510000e-15 2.630719e+19 6.920685e+38
8.520000e-15 9.730140e+19 9.467563e+39
8.530000e-15 1.679596e+20 2.821041e+40
8.540000e-15 2.381584e+20 5.671943e+40
8.550000e-15 3.077758e+20 9.472593e+40
8.560000e-15 3.766908e+20 1.418959e+41
8.570000e-15 4.447839e+20 1.978327e+41
8.580000e-15 5.119375e+20 2.620800e+41
8.590000e-15 5.780357e+20 3.341253e+41
8.600000e-15 6.429649e+20 4.134038e+41
8.610000e-15 7.066134e+20 4.993025e+41
8.620000e-15 7.688725e+20 5.911648e+41
8.630000e-15 8.296357e+20 6.882954e+41
8.640000e-15 8.887996e+20 7.899648e+41
8.650000e-15 9.462639e+20 8.954154e+41
8.660000e-15 1.001931e+21 1.003866e+42
8.670000e-15 1.055708e+21 1.114519e+42
8.680000e-15 1.107503e+21 1.226563e+42
8.690000e-15 1.157231e+21 1.339183e+42
8.700000e-15 1.204808e+21 1.451562e+42
8.710000e-15 1.250155e+21 1.562888e+42
8.720000e-15 1.293198e+21 1.672361e+42
8.730000e-15 1.333866e+21 1.779197e+42
8.740000e-15 1.372092e+21 1.882636e+42
8.750000e-15 1.407815e+21 1.981942e+42
8.760000e-15 1.440977e+21 2.076415e+42
8.770000e-15 1.471526e+21 2.165389e+42
8.780000e-15 1.499414e+21 2.248241e+42
8.790000e-15 1.524596e+21 2.324394e+42
8.800000e-15 1.547036e+21 2.393320e+42
8.810000e-15 1.566699e+21 2.454546e+42
8.820000e-15 1.583557e+21 2.507653e+42
8.830000e-15 1.597586e+21 2.552282e+42
8.840000e-15 1.608768e+21 2.588135e+42
8.850000e-15 1.617089e+21 2.614977e+42
8.860000e-15 1.622541e+21 2.632640e+42
8.870000e-15 1.625120e+21 2.641016e+42
8.880000e-15 1.624829e+21 2.640069e+42
8.890000e-15 1.621673e+21 2.629824e+42
8.900000e-15 1.615665e+21 2.610374e+42
8.910000e-15 1.606822e+21 2.581876e+42
8.920000e-15 1.595164e+21 2.544548e+42
8.930000e-15 1.580719e+21 2.498673e+42
8.940000e-15 1.563519e+21 2.444591e+42
8.950000e-15 1.543599e+21 2.382697e+42
8.960000e-15 1.521000e+21 2.313441e+42
8.970000e-15 1.495768e+21 2.237323e+42
8.980000e-15 1.467954e+21 2.154889e+42
8.990000e-15 1.437611e+21 2.066726e+42
9.000000e-15 1.404799e+21 1.973461e+42
9.010000e-15 1.369581e+21 1.875753e+42
9.020000e-15 1.332025e+21 1.774290e+42
9.030000e-15 1.292200e+21 1.669781e+42
9.040000e-15 1.250183e+21 1.562958e+42
9.050000e-15 1.206052e+21 1.454562e+42
9.060000e-15 1.159890e+21 1.345346e+42
9.070000e-15 1.111783e+21 1.236061e+42
9.080000e-15 1.061818e+21 1.127458e+42
9.090000e-15 1.010090e+21 1.020281e+42
9.100000e-15 9.566913e+20 9.152583e+41
9.110000e-15 9.017213e+20 8.131014e+41
9.120000e-15 8.452800e+20 7.144982e+41
9.130000e-15 7.874699e+20 6.201089e+41
9.140000e-15 7.283961e+20 5.305609e+41
9.150000e-15 6.681655e+20 4.464451e+41
9.160000e-15 6.068867e+20 3.683115e+41
9.170000e-15 5.446702e+20 2.966656e+41
9.180000e-15 4.816277e+20 2.319653e+41
9.190000e-15 4.178723e+20 1.746173e+41
9.200000e-15 3.535180e+20 1.249750e+41
9.210000e-15 2.886796e+20 8.333589e+40
9.220000e-15 2.234725e+20 4.993996e+40
9.230000e-15 1.580127e+20 2.496802e+40
9.240000e-15 9.241625e+19 8.540763e+39
9.250000e-15 2.679919e+19 7.181966e+38
9.260000e-15 -3.872259e+19 1.499439e+39
9.270000e-15 -1.040336e+20 1.082300e+40
9.280000e-15 -1.690191e+20 2.856746e+40
9.290000e-15 -2.335649e+20 5.455258e+40
9.300000e-15 -2.975581e+20 8.854083e+40
9.310000e-15 -3.608868e+20 1.302393e+41
9.320000e-15 -4.234407e+20 1.793020e+41
9.330000e-15 -4.851108e+20 2.353325e+41
9.340000e-15 -5.457903e+20 2.978870e+41
9.350000e-15 -6.053739e+20 3.664776e+41
9.360000e-15 -6.637589e+20 4.405758e+41
9.370000e-15 -7.208446e+20 5.196169e+41
9.380000e-15 -7.765329e+20 6.030033e+41
9.390000e-15 -8.307284e+20 6.901097e+41
9.400000e-15 -8.833387e+20 7.802872e+41
9.410000e-15 -9.342739e+20 8.728678e+41
9.420000e-15 -9.834478e+20 9.671696e+41
9.430000e-15 -1.030777e+21 1.062501e+42
9.440000e-15 -1.076182e+21 1.158168e+42
9.450000e-15 -1.119587e+21 1.253474e+42
9.460000e-15 -1.160918e+21 1.347731e+42
9.470000e-15 -1.200108e+21 1.440260e+42
9.480000e-15 -1.237092e+21 1.530396e+42
9.490000e-15 -1.271808e+21 1.617496e+42
9.500000e-15 -1.304201e+21 1.700939e+42
9.510000e-15 -1.334217e+21 1.780135e+42
9.520000e-15 -1.361809e+21 1.854524e+42
9.530000e-15 -1.386933e+21 1.923584e+42
9.540000e-15 -1.409550e+21 1.986832e+42
9.550000e-15 -1.429625e+21 2.043829e+42
9.560000e-15 -1.447128e+21 2.094180e+42
9.570000e-15 -1.462033e+21 2.137541e+42
9.580000e-15 -1.474319e+21 2.173617e+42
9.590000e-15 -1.483970e+21 2.202168e+42
9.600000e-15 -1.490975e+21 2.223006e+42
9.610000e-15 -1.495325e+21 2.235998e+42
9.620000e-15 -1.497020e+21 2.241070e+42
9.630000e-15 -1.496062e+21 2.238201e+42
9.640000e-15 -1.492457e+21 2.227428e+42
9.650000e-15 -1.486218e+21 2.208844e+42
9.660000e-15 -1.477361e+21 2.182595e+42
9.670000e-15 -1.465907e+21 2.148882e+42
9.680000e-15 -1.451881e+21 2.107958e+42
9.690000e-15 -1.435314e+21 2.060126e+42
9.700000e-15 -1.416240e+21 2.005736e+42
9.710000e-15 -1.394698e+21 1.945182e+42
9.720000e-15 -1.370731e+21 1.878903e+42
9.730000e-15 -1.344386e+21 1.807375e+42
9.740000e-15 -1.315715e+21 1.731107e+42
9.750000e-15 -1.284774e+21 1.650644e+42
9.760000e-15 -1.251620e+21 1.566554e+42
9.770000e-15 -1.216319e+21 1.479431e+42
9.780000e-15 -1.178935e+21 1.389889e+42
9.790000e-15 -1.139541e+21 1.298553e+42
9.800000e-15 -1.098208e+21 1.206062e+42
9.810000e-15 -1.055016e+21 1.113058e+42
9.820000e-15 -1.010042e+21 1.020185e+42
9.830000e-15 -9.633713e+20 9.280843e+41
9.840000e-15 -9.150891e+20 8.373881e+41
9.850000e-15 -8.652842e+20 7.487167e+41
9.860000e-15 -8.140476e+20 6.626735e+41
9.870000e-15 -7.614729e+20 5.798409e+41
9.880000e-15 -7.076557e+20 5.007766e+41
9.890000e-15 -6.526938e+20 4.260091e+41
9.900000e-15 -5.966866e+20 3.560349e+41
9.910000e-15 -5.397353e+20 2.913142e+41
9.920000e-15 -4.819427e+20 2.322687e+41
9.930000e-15 -4.234125e+20 1.792782e+41
9.940000e-15 -3.642499e+20 1.326780e+41
9.950000e-15 -3.045608e+20 9.275729e+40
9.960000e-15 -2.444519e+20 5.975672e+40
9.970000e-15 -1.840303e+20 3.386716e+40
9.980000e-15 -1.234037e+20 1.522848e+40
9.990000e-15 -6.267979e+19 3.928756e+39
1.000000e-14 -1.966199e+18 3.865939e+36
