0.000000e+00 nan nan
1.000000e-17 9.069897e+10 8.226304e+21
2.000000e-17 5.801688e+12 3.365959e+25
3.000000e-17 6.602707e+13 4.359574e+27
4.000000e-17 3.705293e+14 1.372919e+29
5.000000e-17 1.411232e+15 1.991577e+30
6.000000e-17 4.205811e+15 1.768885e+31
7.000000e-17 1.058137e+16 1.119654e+32
8.000000e-17 2.351542e+16 5.529748e+32
9.000000e-17 4.753071e+16 2.259168e+33
1.000000e-16 8.914008e+16 7.945953e+33
1.100000e-16 1.573367e+17 2.475483e+34
1.200000e-16 2.641248e+17 6.976188e+34
1.300000e-16 4.250854e+17 1.806976e+35
1.400000e-16 6.599714e+17 4.355623e+35
1.500000e-16 9.933253e+17 9.866952e+35
1.600000e-16 1.455113e+18 2.117354e+36
1.700000e-16 2.081368e+18 4.332093e+36
1.800000e-16 2.914836e+18 8.496270e+36
1.900000e-16 4.005617e+18 1.604497e+37
2.000000e-16 5.411791e+18 2.928748e+37
2.100000e-16 7.200028e+18 5.184040e+37
2.200000e-16 9.446168e+18 8.923008e+37
2.300000e-16 1.223576e+19 1.497139e+38
2.400000e-16 1.566458e+19 2.453791e+38
2.500000e-16 1.983906e+19 3.935884e+38
2.600000e-16 2.487670e+19 6.188502e+38
2.700000e-16 3.090639e+19 9.552048e+38
2.800000e-16 3.806866e+19 1.449223e+39
2.900000e-16 4.651590e+19 2.163729e+39
3.000000e-16 5.641241e+19 3.182360e+39
3.100000e-16 6.793444e+19 4.615088e+39
3.200000e-16 8.127009e+19 6.604827e+39
3.300000e-16 9.661916e+19 9.335261e+39
3.400000e-16 1.141928e+20 1.304000e+40
3.500000e-16 1.342133e+20 1.801321e+40
3.600000e-16 1.569133e+20 2.462179e+40
3.700000e-16 1.825355e+20 3.331920e+40
3.800000e-16 2.113316e+20 4.466107e+40
3.900000e-16 2.435621e+20 5.932249e+40
4.000000e-16 2.794944e+20 7.811714e+40
4.100000e-16 3.194029e+20 1.020182e+41
4.200000e-16 3.635667e+20 1.321807e+41
4.300000e-16 4.122694e+20 1.699660e+41
4.400000e-16 4.657970e+20 2.169668e+41
4.500000e-16 5.244368e+20 2.750340e+41
4.600000e-16 5.884759e+20 3.463039e+41
4.700000e-16 6.581993e+20 4.332263e+41
4.800000e-16 7.338885e+20 5.385924e+41
4.900000e-16 8.158197e+20 6.655617e+41
5.000000e-16 9.042616e+20 8.176890e+41
5.100000e-16 9.994740e+20 9.989483e+41
5.200000e-16 1.101706e+21 1.213755e+42
5.300000e-16 1.211192e+21 1.466987e+42
5.400000e-16 1.328155e+21 1.763996e+42
5.500000e-16 1.452797e+21 2.110620e+42
5.600000e-16 1.585304e+21 2.513188e+42
5.700000e-16 1.725839e+21 2.978519e+42
5.800000e-16 1.874543e+21 3.513910e+42
5.900000e-16 2.031532e+21 4.127121e+42
6.000000e-16 2.196895e+21 4.826348e+42
6.100000e-16 2.370693e+21 5.620186e+42
6.200000e-16 2.552956e+21 6.517584e+42
6.300000e-16 2.743682e+21 7.527790e+42
6.400000e-16 2.942835e+21 8.660276e+42
6.500000e-16 3.150344e+21 9.924667e+42
6.600000e-16 3.366102e+21 1.133064e+43
6.700000e-16 3.589964e+21 1.288784e+43
6.800000e-16 3.821745e+21 1.460574e+43
6.900000e-16 4.061222e+21 1.649352e+43
7.000000e-16 4.308129e+21 1.855998e+43
7.100000e-16 4.562161e+21 2.081332e+43
7.200000e-16 4.822970e+21 2.326104e+43
7.300000e-16 5.090167e+21 2.590980e+43
7.400000e-16 5.363319e+21 2.876519e+43
7.500000e-16 5.641953e+21 3.183164e+43
7.600000e-16 5.925554e+21 3.511219e+43
7.700000e-16 6.213564e+21 3.860838e+43
7.800000e-16 6.505388e+21 4.232008e+43
7.900000e-16 6.800390e+21 4.624530e+43
8.000000e-16 7.097894e+21 5.038011e+43
8.100000e-16 7.397191e+21 5.471844e+43
8.200000e-16 7.697535e+21 5.925204e+43
8.300000e-16 7.998144e+21 6.397032e+43
8.400000e-16 8.298211e+21 6.886030e+43
8.500000e-16 8.596893e+21 7.390657e+43
8.600000e-16 8.893325e+21 7.909124e+43
8.700000e-16 9.186618e+21 8.439395e+43
8.800000e-16 9.475859e+21 8.979190e+43
8.900000e-16 9.760118e+21 9.525991e+43
9.000000e-16 1.003845e+22 1.007705e+44
9.100000e-16 1.030991e+22 1.062941e+44
9.200000e-16 1.057351e+22 1.117991e+44
9.300000e-16 1.082830e+22 1.172522e+44
9.400000e-16 1.107331e+22 1.226182e+44
9.500000e-16 1.130757e+22 1.278610e+44
9.600000e-16 1.153011e+22 1.329434e+44
9.700000e-16 1.173999e+22 1.378274e+44
9.800000e-16 1.193628e+22 1.424748e+44
9.900000e-16 1.211806e+22 1.468473e+44
1.000000e-15 1.228443e+22 1.509073e+44
1.010000e-15 1.243454e+22 1.546177e+44
1.020000e-15 1.256754e+22 1.579431e+44
1.030000e-15 1.268264e+22 1.608494e+44
1.040000e-15 1.277908e+22 1.633050e+44
1.050000e-15 1.285615e+22 1.652805e+44
1.060000e-15 1.291316e+22 1.667497e+44
1.070000e-15 1.294951e+22 1.676897e+44
1.080000e-15 1.296462e+22 1.680813e+44
1.090000e-15 1.295799e+22 1.679095e+44
1.100000e-15 1.292917e+22 1.671635e+44
1.110000e-15 1.287778e+22 1.658372e+44
1.120000e-15 1.280350e+22 1.639296e+44
1.130000e-15 1.270609e+22 1.614446e+44
1.140000e-15 1.258536e+22 1.583912e+44
1.150000e-15 1.244121e+22 1.547837e+44
1.160000e-15 1.227362e+22 1.506418e+44
1.170000e-15 1.208264e+22 1.459902e+44
1.180000e-15 1.186839e+22 1.408588e+44
1.190000e-15 1.163109e+22 1.352823e+44
1.200000e-15 1.137102e+22 1.293001e+44
1.210000e-15 1.108855e+22 1.229559e+44
1.220000e-15 1.078413e+22 1.162974e+44
1.230000e-15 1.045828e+22 1.093756e+44
1.240000e-15 1.011162e+22 1.022449e+44
1.250000e-15 9.744839e+21 9.496188e+43
1.260000e-15 9.358692e+21 8.758512e+43
1.270000e-15 8.954024e+21 8.017455e+43
1.280000e-15 8.531748e+21 7.279072e+43
1.290000e-15 8.092848e+21 6.549419e+43
1.300000e-15 7.638379e+21 5.834483e+43
1.310000e-15 7.169460e+21 5.140116e+43
1.320000e-15 6.687273e+21 4.471962e+43
1.330000e-15 6.193058e+21 3.835397e+43
1.340000e-15 5.688113e+21 3.235463e+43
1.350000e-15 5.173782e+21 2.676802e+43
1.360000e-15 4.651461e+21 2.163609e+43
1.370000e-15 4.122583e+21 1.699569e+43
1.380000e-15 3.588621e+21 1.287820e+43
1.390000e-15 3.051079e+21 9.309082e+42
1.400000e-15 2.511487e+21 6.307569e+42
1.410000e-15 1.971399e+21 3.886413e+42
1.420000e-15 1.432380e+21 2.051713e+42
1.430000e-15 8.960087e+20 8.028316e+41
1.440000e-15 3.638660e+20 1.323984e+41
1.450000e-15 -1.624686e+20 2.639605e+40
1.460000e-15 -6.814235e+20 4.643380e+41
1.470000e-15 -1.191441e+21 1.419532e+42
1.480000e-15 -1.690983e+21 2.859424e+42
1.490000e-15 -2.178538e+21 4.746029e+42
1.500000e-15 -2.652626e+21 7.036423e+42
1.510000e-15 -3.111803e+21 9.683320e+42
1.520000e-15 -3.554672e+21 1.263569e+43
1.530000e-15 -3.979882e+21 1.583946e+43
1.540000e-15 -4.386137e+21 1.923820e+43
1.550000e-15 -4.772203e+21 2.277392e+43
1.560000e-15 -5.136909e+21 2.638783e+43
1.570000e-15 -5.479154e+21 3.002113e+43
1.580000e-15 -5.797914e+21 3.361581e+43
1.590000e-15 -6.092242e+21 3.711541e+43
1.600000e-15 -6.361273e+21 4.046580e+43
1.610000e-15 -6.604233e+21 4.361589e+43
1.620000e-15 -6.820435e+21 4.651833e+43
1.630000e-15 -7.009286e+21 4.913010e+43
1.640000e-15 -7.170292e+21 5.141309e+43
1.650000e-15 -7.303055e+21 5.333461e+43
1.660000e-15 -7.407279e+21 5.486778e+43
1.670000e-15 -7.482770e+21 5.599185e+43
1.680000e-15 -7.529439e+21 5.669246e+43
1.690000e-15 -7.547300e+21 5.696174e+43
1.700000e-15 -7.536473e+21 5.679842e+43
1.710000e-15 -7.497181e+21 5.620773e+43
1.720000e-15 -7.429755e+21 5.520125e+43
1.730000e-15 -7.334624e+21 5.379671e+43
1.740000e-15 -7.212325e+21 5.201763e+43
1.750000e-15 -7.063491e+21 4.989290e+43
1.760000e-15 -6.888855e+21 4.745632e+43
1.770000e-15 -6.689246e+21 4.474601e+43
1.780000e-15 -6.465584e+21 4.180377e+43
1.790000e-15 -6.218879e+21 3.867446e+43
1.800000e-15 -5.950228e+21 3.540521e+43
1.810000e-15 -5.660806e+21 3.204472e+43
1.820000e-15 -5.351867e+21 2.864248e+43
1.830000e-15 -5.024736e+21 2.524798e+43
1.840000e-15 -4.680807e+21 2.190995e+43
1.850000e-15 -4.321531e+21 1.867563e+43
1.860000e-15 -3.948419e+21 1.559002e+43
1.870000e-15 -3.563029e+21 1.269518e+43
1.880000e-15 -3.166964e+21 1.002966e+43
1.890000e-15 -2.761862e+21 7.627884e+42
1.900000e-15 -2.349395e+21 5.519655e+42
1.910000e-15 -1.931254e+21 3.729743e+42
1.920000e-15 -1.509152e+21 2.277541e+42
1.930000e-15 -1.084809e+21 1.176811e+42
1.940000e-15 -6.599492e+20 4.355330e+41
1.950000e-15 -2.362923e+20 5.583404e+40
1.960000e-15 1.844523e+20 3.402264e+40
1.970000e-15 6.005931e+20 3.607120e+41
1.980000e-15 1.010463e+21 1.021036e+42
1.990000e-15 1.412428e+21 1.994953e+42
2.000000e-15 1.804890e+21 3.257628e+42
2.010000e-15 2.186297e+21 4.779895e+42
2.020000e-15 2.555148e+21 6.528781e+42
2.030000e-15 2.909999e+21 8.468094e+42
2.040000e-15 3.249469e+21 1.055905e+43
2.050000e-15 3.572247e+21 1.276095e+43
2.060000e-15 3.877094e+21 1.503186e+43
2.070000e-15 4.162852e+21 1.732934e+43
2.080000e-15 4.428446e+21 1.961113e+43
2.090000e-15 4.672890e+21 2.183590e+43
2.100000e-15 4.895289e+21 2.396386e+43
2.110000e-15 5.094846e+21 2.595746e+43
2.120000e-15 5.270861e+21 2.778198e+43
2.130000e-15 5.422737e+21 2.940608e+43
2.140000e-15 5.549981e+21 3.080229e+43
2.150000e-15 5.652205e+21 3.194742e+43
2.160000e-15 5.729130e+21 3.282293e+43
2.170000e-15 5.780585e+21 3.341516e+43
2.180000e-15 5.806507e+21 3.371553e+43
2.190000e-15 5.806944e+21 3.372060e+43
2.200000e-15 5.782049e+21 3.343210e+43
2.210000e-15 5.732087e+21 3.285683e+43
2.220000e-15 5.657427e+21 3.200648e+43
2.230000e-15 5.558541e+21 3.089737e+43
2.240000e-15 5.436005e+21 2.955015e+43
2.250000e-15 5.290495e+21 2.798933e+43
2.260000e-15 5.122781e+21 2.624288e+43
2.270000e-15 4.933727e+21 2.434167e+43
2.280000e-15 4.724287e+21 2.231889e+43
2.290000e-15 4.495497e+21 2.020949e+43
2.300000e-15 4.248472e+21 1.804952e+43
2.310000e-15 3.984406e+21 1.587549e+43
2.320000e-15 3.704556e+21 1.372374e+43
2.330000e-15 3.410247e+21 1.162979e+43
2.340000e-15 3.102861e+21 9.627746e+42
2.350000e-15 2.783829e+21 7.749702e+42
2.360000e-15 2.454628e+21 6.025198e+42
2.370000e-15 2.116774e+21 4.480732e+42
2.380000e-15 1.771814e+21 3.139324e+42
2.390000e-15 1.421319e+21 2.020147e+42
2.400000e-15 1.066878e+21 1.138229e+42
2.410000e-15 7.100916e+20 5.042301e+41
2.420000e-15 3.525619e+20 1.242999e+41
2.430000e-15 -4.111708e+18 1.690615e+37
2.440000e-15 -3.583405e+20 1.284079e+41
2.450000e-15 -7.085538e+20 5.020485e+41
2.460000e-15 -1.053206e+21 1.109242e+42
2.470000e-15 -1.390781e+21 1.934272e+42
2.480000e-15 -1.719804e+21 2.957726e+42
2.490000e-15 -2.038843e+21 4.156879e+42
2.500000e-15 -2.346516e+21 5.506137e+42
2.510000e-15 -2.641500e+21 6.977522e+42
2.520000e-15 -2.922533e+21 8.541201e+42
2.530000e-15 -3.188422e+21 1.016604e+43
2.540000e-15 -3.438047e+21 1.182017e+43
2.550000e-15 -3.670366e+21 1.347159e+43
2.560000e-15 -3.884419e+21 1.508871e+43
2.570000e-15 -4.079332e+21 1.664095e+43
2.580000e-15 -4.254324e+21 1.809927e+43
2.590000e-15 -4.408704e+21 1.943667e+43
2.600000e-15 -4.541879e+21 2.062867e+43
2.610000e-15 -4.653354e+21 2.165371e+43
2.620000e-15 -4.742736e+21 2.249354e+43
2.630000e-15 -4.809731e+21 2.313351e+43
2.640000e-15 -4.854150e+21 2.356277e+43
2.650000e-15 -4.875908e+21 2.377448e+43
2.660000e-15 -4.875022e+21 2.376584e+43
2.670000e-15 -4.851613e+21 2.353815e+43
2.680000e-15 -4.805904e+21 2.309671e+43
2.690000e-15 -4.738219e+21 2.245072e+43
2.700000e-15 -4.648980e+21 2.161302e+43
2.710000e-15 -4.538708e+21 2.059987e+43
2.720000e-15 -4.408016e+21 1.943060e+43
2.730000e-15 -4.257609e+21 1.812723e+43
2.740000e-15 -4.088279e+21 1.671403e+43
2.750000e-15 -3.900903e+21 1.521704e+43
2.760000e-15 -3.696435e+21 1.366363e+43
2.770000e-15 -3.475904e+21 1.208191e+43
2.780000e-15 -3.240411e+21 1.050026e+43
2.790000e-15 -2.991119e+21 8.946791e+42
2.800000e-15 -2.729249e+21 7.448802e+42
2.810000e-15 -2.456079e+21 6.032323e+42
2.820000e-15 -2.172929e+21 4.721620e+42
2.830000e-15 -1.881163e+21 3.538774e+42
2.840000e-15 -1.582178e+21 2.503287e+42
2.850000e-15 -1.277399e+21 1.631747e+42
2.860000e-15 -9.682710e+20 9.375487e+41
2.870000e-15 -6.562550e+20 4.306707e+41
2.880000e-15 -3.428183e+20 1.175244e+41
2.890000e-15 -2.942875e+19 8.660510e+38
2.900000e-15 2.824516e+20 7.977889e+40
2.910000e-15 5.913737e+20 3.497229e+41
2.920000e-15 8.959084e+20 8.026519e+41
2.930000e-15 1.194652e+21 1.427194e+42
2.940000e-15 1.486235e+21 2.208895e+42
2.950000e-15 1.769325e+21 3.130512e+42
2.960000e-15 2.042636e+21 4.172362e+42
2.970000e-15 2.304931e+21 5.312709e+42
2.980000e-15 2.555032e+21 6.528188e+42
2.990000e-15 2.791820e+21 7.794258e+42
3.000000e-15 3.014244e+21 9.085666e+42
3.010000e-15 3.221325e+21 1.037693e+43
3.020000e-15 3.412158e+21 1.164282e+43
3.030000e-15 3.585919e+21 1.285882e+43
3.040000e-15 3.741868e+21 1.400157e+43
3.050000e-15 3.879349e+21 1.504935e+43
3.060000e-15 3.997797e+21 1.598238e+43
3.070000e-15 4.096738e+21 1.678326e+43
3.080000e-15 4.175792e+21 1.743724e+43
3.090000e-15 4.234674e+21 1.793247e+43
3.100000e-15 4.273195e+21 1.826019e+43
3.110000e-15 4.291260e+21 1.841492e+43
3.120000e-15 4.288875e+21 1.839445e+43
3.130000e-15 4.266140e+21 1.819995e+43
3.140000e-15 4.223250e+21 1.783584e+43
3.150000e-15 4.160494e+21 1.730971e+43
3.160000e-15 4.078257e+21 1.663218e+43
3.170000e-15 3.977010e+21 1.581661e+43
3.180000e-15 3.857315e+21 1.487888e+43
3.190000e-15 3.719818e+21 1.383704e+43
3.200000e-15 3.565246e+21 1.271098e+43
3.210000e-15 3.394406e+21 1.152199e+43
3.220000e-15 3.208177e+21 1.029240e+43
3.230000e-15 3.007507e+21 9.045100e+42
3.240000e-15 2.793412e+21 7.803151e+42
3.250000e-15 2.566965e+21 6.589308e+42
3.260000e-15 2.329293e+21 5.425608e+42
3.270000e-15 2.081575e+21 4.332956e+42
3.280000e-15 1.825031e+21 3.330738e+42
3.290000e-15 1.560918e+21 2.436465e+42
3.300000e-15 1.290526e+21 1.665456e+42
3.310000e-15 1.015168e+21 1.030566e+42
3.320000e-15 7.361773e+20 5.419571e+41
3.330000e-15 4.548992e+20 2.069333e+41
3.340000e-15 1.726843e+20 2.981988e+40
3.350000e-15 -1.091169e+20 1.190649e+40
3.360000e-15 -3.891610e+20 1.514463e+41
3.370000e-15 -6.661180e+20 4.437132e+41
3.380000e-15 -9.386774e+20 8.811153e+41
3.390000e-15 -1.205555e+21 1.453362e+42
3.400000e-15 -1.465497e+21 2.147681e+42
3.410000e-15 -1.717289e+21 2.949080e+42
3.420000e-15 -1.959759e+21 3.840654e+42
3.430000e-15 -2.191783e+21 4.803915e+42
3.440000e-15 -2.412294e+21 5.819164e+42
3.450000e-15 -2.620281e+21 6.865873e+42
3.460000e-15 -2.814797e+21 7.923082e+42
3.470000e-15 -2.994964e+21 8.969807e+42
3.480000e-15 -3.159974e+21 9.985435e+42
3.490000e-15 -3.309096e+21 1.095012e+43
3.500000e-15 -3.441678e+21 1.184515e+43
3.510000e-15 -3.557149e+21 1.265331e+43
3.520000e-15 -3.655020e+21 1.335917e+43
3.530000e-15 -3.734892e+21 1.394942e+43
3.540000e-15 -3.796450e+21 1.441304e+43
3.550000e-15 -3.839471e+21 1.474154e+43
3.560000e-15 -3.863819e+21 1.492910e+43
3.570000e-15 -3.869451e+21 1.497265e+43
3.580000e-15 -3.856411e+21 1.487190e+43
3.590000e-15 -3.824834e+21 1.462935e+43
3.600000e-15 -3.774943e+21 1.425020e+43
3.610000e-15 -3.707051e+21 1.374222e+43
3.620000e-15 -3.621551e+21 1.311563e+43
3.630000e-15 -3.518925e+21 1.238283e+43
3.640000e-15 -3.399731e+21 1.155817e+43
3.650000e-15 -3.264607e+21 1.065766e+43
3.660000e-15 -3.114266e+21 9.698652e+42
3.670000e-15 -2.949490e+21 8.699492e+42
3.680000e-15 -2.771129e+21 7.679158e+42
3.690000e-15 -2.580096e+21 6.656893e+42
3.700000e-15 -2.377359e+21 5.651835e+42
3.710000e-15 -2.163942e+21 4.682644e+42
3.720000e-15 -1.940915e+21 3.767153e+42
3.730000e-15 -1.709393e+21 2.922025e+42
3.740000e-15 -1.470526e+21 2.162445e+42
3.750000e-15 -1.225495e+21 1.501837e+42
3.760000e-15 -9.755078e+20 9.516154e+41
3.770000e-15 -7.217925e+20 5.209845e+41
3.780000e-15 -4.655899e+20 2.167739e+41
3.790000e-15 -2.081486e+20 4.332586e+40
3.800000e-15 4.928076e+19 2.428593e+39
3.810000e-15 3.054522e+20 9.330108e+40
3.820000e-15 5.591301e+20 3.126265e+41
3.830000e-15 8.090951e+20 6.546348e+41
3.840000e-15 1.054150e+21 1.111232e+42
3.850000e-15 1.293125e+21 1.672173e+42
3.860000e-15 1.524885e+21 2.325275e+42
3.870000e-15 1.748333e+21 3.056667e+42
3.880000e-15 1.962415e+21 3.851072e+42
3.890000e-15 2.166128e+21 4.692109e+42
3.900000e-15 2.358521e+21 5.562619e+42
3.910000e-15 2.538701e+21 6.445005e+42
3.920000e-15 2.705840e+21 7.321570e+42
3.930000e-15 2.859173e+21 8.174868e+42
3.940000e-15 2.998005e+21 8.988033e+42
3.950000e-15 3.121715e+21 9.745104e+42
3.960000e-15 3.229757e+21 1.043133e+43
3.970000e-15 3.321662e+21 1.103344e+43
3.980000e-15 3.397042e+21 1.153990e+43
3.990000e-15 3.455591e+21 1.194111e+43
4.000000e-15 3.497084e+21 1.222960e+43
4.010000e-15 3.521381e+21 1.240012e+43
4.020000e-15 3.528426e+21 1.244979e+43
4.030000e-15 3.518246e+21 1.237806e+43
4.040000e-15 3.490953e+21 1.218676e+43
4.050000e-15 3.446742e+21 1.188003e+43
4.060000e-15 3.385887e+21 1.146423e+43
4.070000e-15 3.308746e+21 1.094780e+43
4.080000e-15 3.215752e+21 1.034106e+43
4.090000e-15 3.107415e+21 9.656026e+42
4.100000e-15 2.984317e+21 8.906149e+42
4.110000e-15 2.847112e+21 8.106048e+42
4.120000e-15 2.696519e+21 7.271215e+42
4.130000e-15 2.533320e+21 6.417709e+42
4.140000e-15 2.358355e+21 5.561839e+42
4.150000e-15 2.172521e+21 4.719847e+42
4.160000e-15 1.976763e+21 3.907591e+42
4.170000e-15 1.772071e+21 3.140236e+42
4.180000e-15 1.559477e+21 2.431969e+42
4.190000e-15 1.340047e+21 1.795726e+42
4.200000e-15 1.114877e+21 1.242952e+42
4.210000e-15 8.850881e+20 7.833810e+41
4.220000e-15 6.518187e+20 4.248676e+41
4.230000e-15 4.162218e+20 1.732406e+41
4.240000e-15 1.794575e+20 3.220498e+40
4.250000e-15 -5.731223e+19 3.284692e+39
4.260000e-15 -2.929290e+20 8.580743e+40
4.270000e-15 -5.262442e+20 2.769329e+41
4.280000e-15 -7.561238e+20 5.717232e+41
4.290000e-15 -9.814547e+20 9.632533e+41
4.300000e-15 -1.201149e+21 1.442760e+42
4.310000e-15 -1.414152e+21 1.999825e+42
4.320000e-15 -1.619441e+21 2.622591e+42
4.330000e-15 -1.816040e+21 3.298000e+42
4.340000e-15 -2.003013e+21 4.012061e+42
4.350000e-15 -2.179479e+21 4.750127e+42
4.360000e-15 -2.344607e+21 5.497183e+42
4.370000e-15 -2.497629e+21 6.238148e+42
4.380000e-15 -2.637834e+21 6.958167e+42
4.390000e-15 -2.764579e+21 7.642897e+42
4.400000e-15 -2.877289e+21 8.278791e+42
4.410000e-15 -2.975458e+21 8.853351e+42
4.420000e-15 -3.058655e+21 9.355369e+42
4.430000e-15 -3.126522e+21 9.775137e+42
4.440000e-15 -3.178778e+21 1.010463e+43
4.450000e-15 -3.215219e+21 1.033763e+43
4.460000e-15 -3.235721e+21 1.046989e+43
4.470000e-15 -3.240237e+21 1.049914e+43
4.480000e-15 -3.228798e+21 1.042514e+43
4.490000e-15 -3.201516e+21 1.024970e+43
4.500000e-15 -3.158577e+21 9.976610e+42
4.510000e-15 -3.100246e+21 9.611525e+42
4.520000e-15 -3.026861e+21 9.161887e+42
4.530000e-15 -2.938834e+21 8.636743e+42
4.540000e-15 -2.836646e+21 8.046562e+42
4.550000e-15 -2.720849e+21 7.403020e+42
4.560000e-15 -2.592058e+21 6.718762e+42
4.570000e-15 -2.450949e+21 6.007150e+42
4.580000e-15 -2.298258e+21 5.281992e+42
4.590000e-15 -2.134777e+21 4.557273e+42
4.600000e-15 -1.961345e+21 3.846876e+42
4.610000e-15 -1.778851e+21 3.164310e+42
4.620000e-15 -1.588222e+21 2.522449e+42
4.630000e-15 -1.390425e+21 1.933282e+42
4.640000e-15 -1.186459e+21 1.407684e+42
4.650000e-15 -9.773479e+20 9.552088e+41
4.660000e-15 -7.641406e+20 5.839109e+41
4.670000e-15 -5.479013e+20 3.001958e+41
4.680000e-15 -3.297061e+20 1.087061e+41
4.690000e-15 -1.106373e+20 1.224060e+40
4.700000e-15 1.082219e+20 1.171197e+40
4.710000e-15 3.257925e+20 1.061407e+41
4.720000e-15 5.410054e+20 2.926869e+41
4.730000e-15 7.528065e+20 5.667177e+41
4.740000e-15 9.601618e+20 9.219107e+41
4.750000e-15 1.162062e+21 1.350389e+42
4.760000e-15 1.357529e+21 1.842886e+42
4.770000e-15 1.545618e+21 2.388936e+42
4.780000e-15 1.725425e+21 2.977092e+42
4.790000e-15 1.896088e+21 3.595151e+42
4.800000e-15 2.056795e+21 4.230405e+42
4.810000e-15 2.206783e+21 4.869890e+42
4.820000e-15 2.345346e+21 5.500648e+42
4.830000e-15 2.471837e+21 6.109977e+42
4.840000e-15 2.585669e+21 6.685683e+42
4.850000e-15 2.686320e+21 7.216317e+42
4.860000e-15 2.773336e+21 7.691395e+42
4.870000e-15 2.846331e+21 8.101597e+42
4.880000e-15 2.904987e+21 8.438948e+42
4.890000e-15 2.949061e+21 8.696963e+42
4.900000e-15 2.978383e+21 8.870764e+42
4.910000e-15 2.992853e+21 8.957171e+42
4.920000e-15 2.992449e+21 8.954752e+42
4.930000e-15 2.977220e+21 8.863836e+42
4.940000e-15 2.947287e+21 8.686503e+42
4.950000e-15 2.902848e+21 8.426526e+42
4.960000e-15 2.844167e+21 8.089287e+42
4.970000e-15 2.771581e+21 7.681663e+42
4.980000e-15 2.685494e+21 7.211877e+42
4.990000e-15 2.586374e+21 6.689330e+42
5.000000e-15 2.474754e+21 6.124409e+42
5.010000e-15 2.351227e+21 5.528270e+42
5.020000e-15 2.216443e+21 4.912620e+42
5.030000e-15 2.071105e+21 4.289475e+42
5.040000e-15 1.915967e+21 3.670928e+42
5.050000e-15 1.751828e+21 3.068902e+42
5.060000e-15 1.579532e+21 2.494921e+42
5.070000e-15 1.399958e+21 1.959882e+42
5.080000e-15 1.214019e+21 1.473842e+42
5.090000e-15 1.022658e+21 1.045830e+42
5.100000e-15 8.268419e+20 6.836675e+41
5.110000e-15 6.275551e+20 3.938254e+41
5.120000e-15 4.257978e+20 1.813037e+41
5.130000e-15 2.225790e+20 4.954139e+40
5.140000e-15 1.891190e+19 3.576601e+38
5.150000e-15 -1.841909e+20 3.392629e+40
5.160000e-15 -3.857229e+20 1.487821e+41
5.170000e-15 -5.846881e+20 3.418602e+41
5.180000e-15 -7.801064e+20 6.085660e+41
5.190000e-15 -9.710183e+20 9.428765e+41
5.200000e-15 -1.156489e+21 1.337467e+42
5.210000e-15 -1.335614e+21 1.783866e+42
5.220000e-15 -1.507524e+21 2.272628e+42
5.230000e-15 -1.671385e+21 2.793527e+42
5.240000e-15 -1.826408e+21 3.335766e+42
5.250000e-15 -1.971850e+21 3.888193e+42
5.260000e-15 -2.107018e+21 4.439523e+42
5.270000e-15 -2.231269e+21 4.978563e+42
5.280000e-15 -2.344022e+21 5.494437e+42
5.290000e-15 -2.444748e+21 5.976794e+42
5.300000e-15 -2.532985e+21 6.416014e+42
5.310000e-15 -2.608332e+21 6.803394e+42
5.320000e-15 -2.670452e+21 7.131314e+42
5.330000e-15 -2.719077e+21 7.393382e+42
5.340000e-15 -2.754007e+21 7.584553e+42
5.350000e-15 -2.775108e+21 7.701223e+42
5.360000e-15 -2.782317e+21 7.741289e+42
5.370000e-15 -2.775641e+21 7.704185e+42
5.380000e-15 -2.755155e+21 7.590881e+42
5.390000e-15 -2.721003e+21 7.403857e+42
5.400000e-15 -2.673395e+21 7.147042e+42
5.410000e-15 -2.612610e+21 6.825729e+42
5.420000e-15 -2.538989e+21 6.446464e+42
5.430000e-15 -2.452938e+21 6.016904e+42
5.440000e-15 -2.354923e+21 5.545661e+42
5.450000e-15 -2.245467e+21 5.042124e+42
5.460000e-15 -2.125152e+21 4.516270e+42
5.470000e-15 -1.994607e+21 3.978459e+42
5.480000e-15 -1.854516e+21 3.439229e+42
5.490000e-15 -1.705604e+21 2.909084e+42
5.500000e-15 -1.548640e+21 2.398284e+42
5.510000e-15 -1.384430e+21 1.916645e+42
5.520000e-15 -1.213814e+21 1.473345e+42
5.530000e-15 -1.037664e+21 1.076746e+42
5.540000e-15 -8.568719e+20 7.342294e+41
5.550000e-15 -6.723549e+20 4.520611e+41
5.560000e-15 -4.850440e+20 2.352677e+41
5.570000e-15 -2.958818e+20 8.754604e+40
5.580000e-15 -1.058175e+20 1.119735e+40
5.590000e-15 8.419786e+19 7.089279e+39
5.600000e-15 2.732162e+20 7.464712e+40
5.610000e-15 4.602972e+20 2.118736e+41
5.620000e-15 6.445128e+20 4.153967e+41
5.630000e-15 8.249517e+20 6.805454e+41
5.640000e-15 1.000724e+21 1.001449e+42
5.650000e-15 1.170967e+21 1.371163e+42
5.660000e-15 1.334845e+21 1.781810e+42
5.670000e-15 1.491559e+21 2.224747e+42
5.680000e-15 1.640347e+21 2.690738e+42
5.690000e-15 1.780489e+21 3.170141e+42
5.700000e-15 1.911310e+21 3.653108e+42
5.710000e-15 2.032184e+21 4.129773e+42
5.720000e-15 2.142536e+21 4.590459e+42
5.730000e-15 2.241844e+21 5.025863e+42
5.740000e-15 2.329644e+21 5.427240e+42
5.750000e-15 2.405530e+21 5.786577e+42
5.760000e-15 2.469159e+21 6.096745e+42
5.770000e-15 2.520246e+21 6.351639e+42
5.780000e-15 2.558573e+21 6.546294e+42
5.790000e-15 2.583984e+21 6.676972e+42
5.800000e-15 2.596389e+21 6.741238e+42
5.810000e-15 2.595765e+21 6.737994e+42
5.820000e-15 2.582150e+21 6.667499e+42
5.830000e-15 2.555651e+21 6.531351e+42
5.840000e-15 2.516436e+21 6.332451e+42
5.850000e-15 2.464738e+21 6.074935e+42
5.860000e-15 2.400852e+21 5.764089e+42
5.870000e-15 2.325130e+21 5.406231e+42
5.880000e-15 2.237987e+21 5.008586e+42
5.890000e-15 2.139890e+21 4.579128e+42
5.900000e-15 2.031361e+21 4.126427e+42
5.910000e-15 1.912973e+21 3.659466e+42
5.920000e-15 1.785346e+21 3.187462e+42
5.930000e-15 1.649146e+21 2.719682e+42
5.940000e-15 1.505078e+21 2.265259e+42
5.950000e-15 1.353885e+21 1.833006e+42
5.960000e-15 1.196346e+21 1.431243e+42
5.970000e-15 1.033266e+21 1.067638e+42
5.980000e-15 8.654772e+20 7.490508e+41
5.990000e-15 6.938339e+20 4.814055e+41
6.000000e-15 5.192063e+20 2.695752e+41
6.010000e-15 3.424775e+20 1.172908e+41
6.020000e-15 1.645386e+20 2.707294e+40
6.030000e-15 -1.371551e+19 1.881152e+38
6.040000e-15 -1.913908e+20 3.663044e+40
6.050000e-15 -3.675986e+20 1.351288e+41
6.060000e-15 -5.414601e+20 2.931790e+41
6.070000e-15 -7.121103e+20 5.071011e+41
6.080000e-15 -8.787029e+20 7.721188e+41
6.090000e-15 -1.040414e+21 1.082462e+42
6.100000e-15 -1.196447e+21 1.431485e+42
6.110000e-15 -1.346034e+21 1.811809e+42
6.120000e-15 -1.488445e+21 2.215468e+42
6.130000e-15 -1.622984e+21 2.634076e+42
6.140000e-15 -1.748998e+21 3.058994e+42
6.150000e-15 -1.865880e+21 3.481506e+42
6.160000e-15 -1.973067e+21 3.892993e+42
6.170000e-15 -2.070049e+21 4.285103e+42
6.180000e-15 -2.156368e+21 4.649922e+42
6.190000e-15 -2.231619e+21 4.980123e+42
6.200000e-15 -2.295456e+21 5.269116e+42
6.210000e-15 -2.347588e+21 5.511171e+42
6.220000e-15 -2.387788e+21 5.701530e+42
6.230000e-15 -2.415884e+21 5.836497e+42
6.240000e-15 -2.431770e+21 5.913507e+42
6.250000e-15 -2.435399e+21 5.931168e+42
6.260000e-15 -2.426786e+21 5.889288e+42
6.270000e-15 -2.406006e+21 5.788866e+42
6.280000e-15 -2.373198e+21 5.632071e+42
6.290000e-15 -2.328559e+21 5.422188e+42
6.300000e-15 -2.272345e+21 5.163552e+42
6.310000e-15 -2.204869e+21 4.861447e+42
6.320000e-15 -2.126500e+21 4.522003e+42
6.330000e-15 -2.037662e+21 4.152066e+42
6.340000e-15 -1.938828e+21 3.759054e+42
6.350000e-15 -1.830522e+21 3.350811e+42
6.360000e-15 -1.713313e+21 2.935442e+42
6.370000e-15 -1.587814e+21 2.521154e+42
6.380000e-15 -1.454678e+21 2.116087e+42
6.390000e-15 -1.314593e+21 1.728154e+42
6.400000e-15 -1.168282e+21 1.364882e+42
6.410000e-15 -1.016497e+21 1.033265e+42
6.420000e-15 -8.600144e+20 7.396247e+41
6.430000e-15 -6.996340e+20 4.894877e+41
6.440000e-15 -5.361718e+20 2.874802e+41
6.450000e-15 -3.704575e+20 1.372388e+41
6.460000e-15 -2.033299e+20 4.134306e+40
6.470000e-15 -3.563290e+19 1.269704e+39
6.480000e-15 1.317891e+20 1.736837e+40
6.490000e-15 2.980952e+20 8.886075e+40
6.500000e-15 4.624522e+20 2.138621e+41
6.510000e-15 6.240390e+20 3.894247e+41
6.520000e-15 7.820503e+20 6.116027e+41
6.530000e-15 9.357011e+20 8.755365e+41
6.540000e-15 1.084230e+21 1.175555e+42
6.550000e-15 1.226904e+21 1.505293e+42
6.560000e-15 1.363020e+21 1.857824e+42
6.570000e-15 1.491911e+21 2.225800e+42
6.580000e-15 1.612948e+21 2.601603e+42
6.590000e-15 1.725543e+21 2.977498e+42
6.600000e-15 1.829150e+21 3.345791e+42
6.610000e-15 1.923273e+21 3.698979e+42
6.620000e-15 2.007462e+21 4.029903e+42
6.630000e-15 2.081320e+21 4.331891e+42
6.640000e-15 2.144501e+21 4.598885e+42
6.650000e-15 2.196716e+21 4.825562e+42
6.660000e-15 2.237731e+21 5.007439e+42
6.670000e-15 2.267367e+21 5.140954e+42
6.680000e-15 2.285506e+21 5.223538e+42
6.690000e-15 2.292085e+21 5.253656e+42
6.700000e-15 2.287102e+21 5.230837e+42
6.710000e-15 2.270612e+21 5.155677e+42
6.720000e-15 2.242726e+21 5.029820e+42
6.730000e-15 2.203615e+21 4.855920e+42
6.740000e-15 2.153505e+21 4.637584e+42
6.750000e-15 2.092676e+21 4.379293e+42
6.760000e-15 2.021462e+21 4.086309e+42
6.770000e-15 1.940249e+21 3.764565e+42
6.780000e-15 1.849470e+21 3.420539e+42
6.790000e-15 1.749608e+21 3.061128e+42
6.800000e-15 1.641189e+21 2.693500e+42
6.810000e-15 1.524780e+21 2.324955e+42
6.820000e-15 1.400989e+21 1.962771e+42
6.830000e-15 1.270458e+21 1.614065e+42
6.840000e-15 1.133862e+21 1.285644e+42
6.850000e-15 9.919045e+20 9.838746e+41
6.860000e-15 8.453139e+20 7.145557e+41
6.870000e-15 6.948410e+20 4.828040e+41
6.880000e-15 5.412537e+20 2.929556e+41
6.890000e-15 3.853340e+20 1.484823e+41
6.900000e-15 2.278736e+20 5.192638e+40
6.910000e-15 6.966986e+19 4.853889e+39
6.920000e-15 -8.847792e+19 7.828342e+39
6.930000e-15 -2.457727e+20 6.040424e+40
6.940000e-15 -4.014239e+20 1.611411e+41
6.950000e-15 -5.546509e+20 3.076376e+41
6.960000e-15 -7.046873e+20 4.965842e+41
6.970000e-15 -8.507848e+20 7.238347e+41
6.980000e-15 -9.922166e+20 9.844938e+41
6.990000e-15 -1.128281e+21 1.273019e+42
7.000000e-15 -1.258306e+21 1.583335e+42
7.010000e-15 -1.381651e+21 1.908960e+42
7.020000e-15 -1.497710e+21 2.243136e+42
7.030000e-15 -1.605917e+21 2.578969e+42
7.040000e-15 -1.705744e+21 2.909564e+42
7.050000e-15 -1.796711e+21 3.228169e+42
7.060000e-15 -1.878378e+21 3.528306e+42
7.070000e-15 -1.950359e+21 3.803901e+42
7.080000e-15 -2.012314e+21 4.049407e+42
7.090000e-15 -2.063955e+21 4.259909e+42
7.100000e-15 -2.105047e+21 4.431222e+42
7.110000e-15 -2.135409e+21 4.559970e+42
7.120000e-15 -2.154914e+21 4.643655e+42
7.130000e-15 -2.163491e+21 4.680695e+42
7.140000e-15 -2.161124e+21 4.670457e+42
7.150000e-15 -2.147851e+21 4.613264e+42
7.160000e-15 -2.123766e+21 4.510383e+42
7.170000e-15 -2.089018e+21 4.363996e+42
7.180000e-15 -2.043808e+21 4.177149e+42
7.190000e-15 -1.988389e+21 3.953691e+42
7.200000e-15 -1.923067e+21 3.698187e+42
7.210000e-15 -1.848196e+21 3.415828e+42
7.220000e-15 -1.764177e+21 3.112319e+42
7.230000e-15 -1.671456e+21 2.793764e+42
7.240000e-15 -1.570523e+21 2.466542e+42
7.250000e-15 -1.461907e+21 2.137173e+42
7.260000e-15 -1.346176e+21 1.812191e+42
7.270000e-15 -1.223932e+21 1.498009e+42
7.280000e-15 -1.095806e+21 1.200792e+42
7.290000e-15 -9.624618e+20 9.263328e+41
7.300000e-15 -8.245840e+20 6.799388e+41
7.310000e-15 -6.828802e+20 4.663253e+41
7.320000e-15 -5.380753e+20 2.895251e+41
7.330000e-15 -3.909083e+20 1.528093e+41
7.340000e-15 -2.421281e+20 5.862603e+40
7.350000e-15 -9.249020e+19 8.554437e+39
7.360000e-15 5.724755e+19 3.277282e+39
7.370000e-15 2.063285e+20 4.257144e+40
7.380000e-15 3.540010e+20 1.253167e+41
7.390000e-15 4.995226e+20 2.495228e+41
7.400000e-15 6.421631e+20 4.123735e+41
7.410000e-15 7.812089e+20 6.102873e+41
7.420000e-15 9.159659e+20 8.389935e+41
7.430000e-15 1.045764e+21 1.093622e+42
7.440000e-15 1.169958e+21 1.368802e+42
7.450000e-15 1.287935e+21 1.658776e+42
7.460000e-15 1.399113e+21 1.957517e+42
7.470000e-15 1.502947e+21 2.258848e+42
7.480000e-15 1.598929e+21 2.556572e+42
7.490000e-15 1.686592e+21 2.844594e+42
7.500000e-15 1.765515e+21 3.117043e+42
7.510000e-15 1.835318e+21 3.368393e+42
7.520000e-15 1.895671e+21 3.593567e+42
7.530000e-15 1.946290e+21 3.788044e+42
7.540000e-15 1.986943e+21 3.947943e+42
7.550000e-15 2.017449e+21 4.070099e+42
7.560000e-15 2.037676e+21 4.152123e+42
7.570000e-15 2.047547e+21 4.192450e+42
7.580000e-15 2.047037e+21 4.190361e+42
7.590000e-15 2.036173e+21 4.145999e+42
7.600000e-15 2.015033e+21 4.060359e+42
7.610000e-15 1.983750e+21 3.935265e+42
7.620000e-15 1.942505e+21 3.773327e+42
7.630000e-15 1.891531e+21 3.577889e+42
7.640000e-15 1.831107e+21 3.352954e+42
7.650000e-15 1.761563e+21 3.103103e+42
7.660000e-15 1.683270e+21 2.833398e+42
7.670000e-15 1.596646e+21 2.549278e+42
7.680000e-15 1.502148e+21 2.256449e+42
7.690000e-15 1.400273e+21 1.960764e+42
7.700000e-15 1.291553e+21 1.668108e+42
7.710000e-15 1.176554e+21 1.384279e+42
7.720000e-15 1.055873e+21 1.114867e+42
7.730000e-15 9.301332e+20 8.651479e+41
7.740000e-15 7.999831e+20 6.399730e+41
7.750000e-15 6.660912e+20 4.436775e+41
7.760000e-15 5.291437e+20 2.799931e+41
7.770000e-15 3.898407e+20 1.519758e+41
7.780000e-15 2.488925e+20 6.194747e+40
7.790000e-15 1.070162e+20 1.145247e+40
7.800000e-15 -3.506802e+19 1.229766e+39
7.810000e-15 -1.766407e+20 3.120193e+40
7.820000e-15 -3.169864e+20 1.004804e+41
7.830000e-15 -4.553978e+20 2.073872e+41
7.840000e-15 -5.911788e+20 3.494924e+41
7.850000e-15 -7.236481e+20 5.236666e+41
7.860000e-15 -8.521429e+20 7.261475e+41
7.870000e-15 -9.760218e+20 9.526186e+41
7.880000e-15 -1.094669e+21 1.198299e+42
7.890000e-15 -1.207494e+21 1.458043e+42
7.900000e-15 -1.313942e+21 1.726442e+42
7.910000e-15 -1.413486e+21 1.997942e+42
7.920000e-15 -1.505639e+21 2.266949e+42
7.930000e-15 -1.589951e+21 2.527946e+42
7.940000e-15 -1.666014e+21 2.775604e+42
7.950000e-15 -1.733461e+21 3.004888e+42
7.960000e-15 -1.791970e+21 3.211158e+42
7.970000e-15 -1.841266e+21 3.390261e+42
7.980000e-15 -1.881119e+21 3.538610e+42
7.990000e-15 -1.911350e+21 3.653260e+42
8.000000e-15 -1.931827e+21 3.731957e+42
8.010000e-15 -1.942469e+21 3.773188e+42
8.020000e-15 -1.943245e+21 3.776200e+42
8.030000e-15 -1.934172e+21 3.741021e+42
8.040000e-15 -1.915319e+21 3.668447e+42
8.050000e-15 -1.886804e+21 3.560029e+42
8.060000e-15 -1.848793e+21 3.418036e+42
8.070000e-15 -1.801500e+21 3.245403e+42
8.080000e-15 -1.745186e+21 3.045675e+42
8.090000e-15 -1.680157e+21 2.822926e+42
8.100000e-15 -1.606761e+21 2.581680e+42
8.110000e-15 -1.525389e+21 2.326811e+42
8.120000e-15 -1.436472e+21 2.063450e+42
8.130000e-15 -1.340476e+21 1.796877e+42
8.140000e-15 -1.237905e+21 1.532410e+42
8.150000e-15 -1.129293e+21 1.275304e+42
8.160000e-15 -1.015204e+21 1.030640e+42
8.170000e-15 -8.962283e+20 8.032251e+41
8.180000e-15 -7.729794e+20 5.974972e+41
8.190000e-15 -6.460918e+20 4.174346e+41
8.200000e-15 -5.162166e+20 2.664796e+41
8.210000e-15 -3.840188e+20 1.474705e+41
8.220000e-15 -2.501735e+20 6.258679e+40
8.230000e-15 -1.153628e+20 1.330858e+40
8.240000e-15 1.972790e+19 3.891902e+38
8.250000e-15 1.544132e+20 2.384345e+40
8.260000e-15 2.880114e+20 8.295058e+40
8.270000e-15 4.198477e+20 1.762721e+41
8.280000e-15 5.492576e+20 3.016839e+41
8.290000e-15 6.755907e+20 4.564227e+41
8.300000e-15 7.982132e+20 6.371442e+41
8.310000e-15 9.165117e+20 8.399937e+41
8.320000e-15 1.029896e+21 1.060686e+42
8.330000e-15 1.137803e+21 1.294595e+42
8.340000e-15 1.239696e+21 1.536846e+42
8.350000e-15 1.335073e+21 1.782420e+42
8.360000e-15 1.423465e+21 2.026252e+42
8.370000e-15 1.504438e+21 2.263334e+42
8.380000e-15 1.577599e+21 2.488818e+42
8.390000e-15 1.642593e+21 2.698113e+42
8.400000e-15 1.699110e+21 2.886975e+42
8.410000e-15 1.746881e+21 3.051594e+42
8.420000e-15 1.785683e+21 3.188665e+42
8.430000e-15 1.815340e+21 3.295458e+42
8.440000e-15 1.835720e+21 3.369867e+42
8.450000e-15 1.846741e+21 3.410452e+42
8.460000e-15 1.848367e+21 3.416462e+42
8.470000e-15 1.840612e+21 3.387851e+42
8.480000e-15 1.823534e+21 3.325275e+42
8.490000e-15 1.797241e+21 3.230074e+42
8.500000e-15 1.761886e+21 3.104241e+42
8.510000e-15 1.717668e+21 2.950384e+42
8.520000e-15 1.664832e+21 2.771665e+42
8.530000e-15 1.603663e+21 2.571736e+42
8.540000e-15 1.534491e+21 2.354663e+42
8.550000e-15 1.457684e+21 2.124842e+42
8.560000e-15 1.373648e+21 1.886908e+42
8.570000e-15 1.282825e+21 1.645639e+42
8.580000e-15 1.185690e+21 1.405861e+42
8.590000e-15 1.082751e+21 1.172350e+42
8.600000e-15 9.745423e+20 9.497327e+41
8.610000e-15 8.616241e+20 7.423962e+41
8.620000e-15 7.445799e+20 5.543992e+41
8.630000e-15 6.240124e+20 3.893915e+41
8.640000e-15 5.005411e+20 2.505414e+41
8.650000e-15 3.747989e+20 1.404742e+41
8.660000e-15 2.474288e+20 6.122102e+40
8.670000e-15 1.190808e+20 1.418023e+40
8.680000e-15 -9.591776e+18 9.200216e+37
8.690000e-15 -1.379350e+20 1.902607e+40
8.700000e-15 -2.652983e+20 7.038319e+40
8.710000e-15 -3.910373e+20 1.529101e+41
8.720000e-15 -5.145172e+20 2.647279e+41
8.730000e-15 -6.351162e+20 4.033726e+41
8.740000e-15 -7.522283e+20 5.658474e+41
8.750000e-15 -8.652664e+20 7.486860e+41
8.760000e-15 -9.736656e+20 9.480247e+41
8.770000e-15 -1.076885e+21 1.159682e+42
8.780000e-15 -1.174413e+21 1.379246e+42
8.790000e-15 -1.265765e+21 1.602162e+42
8.800000e-15 -1.350492e+21 1.823829e+42
8.810000e-15 -1.428177e+21 2.039690e+42
8.820000e-15 -1.498441e+21 2.245325e+42
8.830000e-15 -1.560943e+21 2.436542e+42
8.840000e-15 -1.615382e+21 2.609458e+42
8.850000e-15 -1.661499e+21 2.760577e+42
8.860000e-15 -1.699077e+21 2.886862e+42
8.870000e-15 -1.727944e+21 2.985791e+42
8.880000e-15 -1.747972e+21 3.055406e+42
8.890000e-15 -1.759078e+21 3.094355e+42
8.900000e-15 -1.761224e+21 3.101911e+42
8.910000e-15 -1.754419e+21 3.077986e+42
8.920000e-15 -1.738716e+21 3.023133e+42
8.930000e-15 -1.714213e+21 2.938527e+42
8.940000e-15 -1.681054e+21 2.825944e+42
8.950000e-15 -1.639426e+21 2.687718e+42
8.960000e-15 -1.589557e+21 2.526693e+42
8.970000e-15 -1.531719e+21 2.346164e+42
8.980000e-15 -1.466222e+21 2.149807e+42
8.990000e-15 -1.393415e+21 1.941605e+42
9.000000e-15 -1.313683e+21 1.725763e+42
9.010000e-15 -1.227446e+21 1.506623e+42
9.020000e-15 -1.135155e+21 1.288576e+42
9.030000e-15 -1.037292e+21 1.075974e+42
9.040000e-15 -9.343659e+20 8.730396e+41
9.050000e-15 -8.269104e+20 6.837807e+41
9.060000e-15 -7.154806e+20 5.119125e+41
9.070000e-15 -6.006511e+20 3.607818e+41
9.080000e-15 -4.830124e+20 2.333010e+41
9.090000e-15 -3.631679e+20 1.318910e+41
9.100000e-15 -2.417313e+20 5.843404e+40
9.110000e-15 -1.193229e+20 1.423795e+40
9.120000e-15 3.433473e+18 1.178874e+37
9.130000e-15 1.259132e+20 1.585414e+40
9.140000e-15 2.474946e+20 6.125359e+40
9.150000e-15 3.675618e+20 1.351016e+41
9.160000e-15 4.855077e+20 2.357177e+41
9.170000e-15 6.007374e+20 3.608855e+41
9.180000e-15 7.126711e+20 5.079002e+41
9.190000e-15 8.207469e+20 6.736254e+41
9.200000e-15 9.244234e+20 8.545585e+41
9.210000e-15 1.023183e+21 1.046903e+42
9.220000e-15 1.116534e+21 1.246648e+42
9.230000e-15 1.204013e+21 1.449647e+42
9.240000e-15 1.285188e+21 1.651707e+42
9.250000e-15 1.359659e+21 1.848671e+42
9.260000e-15 1.427061e+21 2.036504e+42
9.270000e-15 1.487067e+21 2.211370e+42
9.280000e-15 1.539388e+21 2.369714e+42
9.290000e-15 1.583772e+21 2.508333e+42
9.300000e-15 1.620011e+21 2.624434e+42
9.310000e-15 1.647937e+21 2.715695e+42
9.320000e-15 1.667425e+21 2.780307e+42
9.330000e-15 1.678395e+21 2.817009e+42
9.340000e-15 1.680807e+21 2.825112e+42
9.350000e-15 1.674667e+21 2.804510e+42
9.360000e-15 1.660024e+21 2.755680e+42
9.370000e-15 1.636970e+21 2.679670e+42
9.380000e-15 1.605639e+21 2.578075e+42
9.390000e-15 1.566207e+21 2.453005e+42
9.400000e-15 1.518892e+21 2.307034e+42
9.410000e-15 1.463951e+21 2.143152e+42
9.420000e-15 1.401678e+21 1.964701e+42
9.430000e-15 1.332405e+21 1.775302e+42
9.440000e-15 1.256498e+21 1.578788e+42
9.450000e-15 1.174358e+21 1.379117e+42
9.460000e-15 1.086414e+21 1.180296e+42
9.470000e-15 9.931261e+20 9.862994e+41
9.480000e-15 8.949789e+20 8.009872e+41
9.490000e-15 7.924816e+20 6.280270e+41
9.500000e-15 6.861643e+20 4.708214e+41
9.510000e-15 5.765755e+20 3.324393e+41
9.520000e-15 4.642792e+20 2.155551e+41
9.530000e-15 3.498519e+20 1.223964e+41
9.540000e-15 2.338800e+20 5.469985e+40
9.550000e-15 1.169564e+20 1.367880e+40
9.560000e-15 -3.223077e+17 1.038823e+35
9.570000e-15 -1.173589e+20 1.377311e+40
9.580000e-15 -2.335586e+20 5.454963e+40
9.590000e-15 -3.483322e+20 1.213353e+41
9.600000e-15 -4.610986e+20 2.126119e+41
9.610000e-15 -5.712885e+20 3.263705e+41
9.620000e-15 -6.783465e+20 4.601539e+41
9.630000e-15 -7.817344e+20 6.111086e+41
9.640000e-15 -8.809337e+20 7.760442e+41
9.650000e-15 -9.754484e+20 9.514996e+41
9.660000e-15 -1.064807e+21 1.133814e+42
9.670000e-15 -1.148565e+21 1.319203e+42
9.680000e-15 -1.226309e+21 1.503834e+42
9.690000e-15 -1.297654e+21 1.683906e+42
9.700000e-15 -1.362251e+21 1.855727e+42
9.710000e-15 -1.419784e+21 2.015787e+42
9.720000e-15 -1.469976e+21 2.160828e+42
9.730000e-15 -1.512584e+21 2.287912e+42
9.740000e-15 -1.547409e+21 2.394476e+42
9.750000e-15 -1.574289e+21 2.478385e+42
9.760000e-15 -1.593102e+21 2.537973e+42
9.770000e-15 -1.603769e+21 2.572074e+42
9.780000e-15 -1.606252e+21 2.580046e+42
9.790000e-15 -1.600556e+21 2.561778e+42
9.800000e-15 -1.586724e+21 2.517694e+42
9.810000e-15 -1.564845e+21 2.448740e+42
9.820000e-15 -1.535045e+21 2.356364e+42
9.830000e-15 -1.497493e+21 2.242484e+42
9.840000e-15 -1.452393e+21 2.109447e+42
9.850000e-15 -1.399992e+21 1.959979e+42
9.860000e-15 -1.340571e+21 1.797130e+42
9.870000e-15 -1.274445e+21 1.624211e+42
9.880000e-15 -1.201965e+21 1.444721e+42
9.890000e-15 -1.123513e+21 1.262281e+42
9.900000e-15 -1.039499e+21 1.080558e+42
9.910000e-15 -9.503618e+20 9.031876e+41
9.920000e-15 -8.565659e+20 7.337051e+41
9.930000e-15 -7.585976e+20 5.754704e+41
9.940000e-15 -6.569640e+20 4.316017e+41
9.950000e-15 -5.521895e+20 3.049133e+41
9.960000e-15 -4.448137e+20 1.978593e+41
9.970000e-15 -3.353884e+20 1.124854e+41
9.980000e-15 -2.244745e+20 5.038880e+40
9.990000e-15 -1.126396e+20 1.268768e+40
1.000000e-14 -4.547819e+17 2.068266e+35
