0.000000e+00 nan nan
1.000000e-17 2.879628e+08 8.292257e+16
2.000000e-17 1.842782e+10 3.395846e+20
3.000000e-17 2.098703e+11 4.404552e+22
4.000000e-17 1.178920e+12 1.389853e+24
5.000000e-17 4.495907e+12 2.021318e+25
6.000000e-17 1.341990e+13 1.800938e+26
7.000000e-17 3.382567e+13 1.144176e+27
8.000000e-17 7.533314e+13 5.675083e+27
9.000000e-17 1.526374e+14 2.329817e+28
1.000000e-16 2.870366e+14 8.239002e+28
1.100000e-16 5.081554e+14 2.582219e+29
1.200000e-16 8.558599e+14 7.324961e+29
1.300000e-16 1.382362e+15 1.910924e+30
1.400000e-16 2.154507e+15 4.641901e+30
1.500000e-16 3.256244e+15 1.060313e+31
1.600000e-16 4.791270e+15 2.295627e+31
1.700000e-16 6.885845e+15 4.741486e+31
1.800000e-16 9.691774e+15 9.393048e+31
1.900000e-16 1.338955e+16 1.792800e+32
2.000000e-16 1.819164e+16 3.309359e+32
2.100000e-16 2.434596e+16 5.927256e+32
2.200000e-16 3.213940e+16 1.032941e+33
2.300000e-16 4.190162e+16 1.755746e+33
2.400000e-16 5.400883e+16 2.916954e+33
2.500000e-16 6.888781e+16 4.745530e+33
2.600000e-16 8.701994e+16 7.572470e+33
2.700000e-16 1.089454e+17 1.186911e+34
2.800000e-16 1.352676e+17 1.829731e+34
2.900000e-16 1.666571e+17 2.777459e+34
3.000000e-16 2.038567e+17 4.155756e+34
3.100000e-16 2.476855e+17 6.134810e+34
3.200000e-16 2.990435e+17 8.942701e+34
3.300000e-16 3.589165e+17 1.288210e+35
3.400000e-16 4.283805e+17 1.835099e+35
3.500000e-16 5.086066e+17 2.586807e+35
3.600000e-16 6.008656e+17 3.610395e+35
3.700000e-16 7.065328e+17 4.991886e+35
3.800000e-16 8.270928e+17 6.840824e+35
3.900000e-16 9.641440e+17 9.295736e+35
4.000000e-16 1.119404e+18 1.253065e+36
4.100000e-16 1.294712e+18 1.676280e+36
4.200000e-16 1.492039e+18 2.226180e+36
4.300000e-16 1.713485e+18 2.936029e+36
4.400000e-16 1.961288e+18 3.846650e+36
4.500000e-16 2.237829e+18 5.007878e+36
4.600000e-16 2.545634e+18 6.480252e+36
4.700000e-16 2.887380e+18 8.336963e+36
4.800000e-16 3.265898e+18 1.066609e+37
4.900000e-16 3.684178e+18 1.357317e+37
5.000000e-16 4.145372e+18 1.718411e+37
5.100000e-16 4.652801e+18 2.164855e+37
5.200000e-16 5.209952e+18 2.714360e+37
5.300000e-16 5.820489e+18 3.387809e+37
5.400000e-16 6.488252e+18 4.209741e+37
5.500000e-16 7.217261e+18 5.208886e+37
5.600000e-16 8.011721e+18 6.418767e+37
5.700000e-16 8.876020e+18 7.878373e+37
5.800000e-16 9.814738e+18 9.632908e+37
5.900000e-16 1.083264e+19 1.173462e+38
6.000000e-16 1.193470e+19 1.424371e+38
6.100000e-16 1.312607e+19 1.722936e+38
6.200000e-16 1.441210e+19 2.077086e+38
6.300000e-16 1.579835e+19 2.495878e+38
6.400000e-16 1.729057e+19 2.989638e+38
6.500000e-16 1.889472e+19 3.570104e+38
6.600000e-16 2.061695e+19 4.250585e+38
6.700000e-16 2.246362e+19 5.046141e+38
6.800000e-16 2.444128e+19 5.973764e+38
6.900000e-16 2.655671e+19 7.052588e+38
7.000000e-16 2.881685e+19 8.304111e+38
7.100000e-16 3.122888e+19 9.752431e+38
7.200000e-16 3.380015e+19 1.142450e+39
7.300000e-16 3.653823e+19 1.335042e+39
7.400000e-16 3.945086e+19 1.556370e+39
7.500000e-16 4.254600e+19 1.810162e+39
7.600000e-16 4.583179e+19 2.100553e+39
7.700000e-16 4.931655e+19 2.432123e+39
7.800000e-16 5.300882e+19 2.809935e+39
7.900000e-16 5.691727e+19 3.239576e+39
8.000000e-16 6.105080e+19 3.727200e+39
8.100000e-16 6.541844e+19 4.279573e+39
8.200000e-16 7.002943e+19 4.904122e+39
8.300000e-16 7.489316e+19 5.608985e+39
8.400000e-16 8.001916e+19 6.403066e+39
8.500000e-16 8.541714e+19 7.296088e+39
8.600000e-16 9.109696e+19 8.298657e+39
8.700000e-16 9.706861e+19 9.422316e+39
8.800000e-16 1.033422e+20 1.067962e+40
8.900000e-16 1.099281e+20 1.208418e+40
9.000000e-16 1.168365e+20 1.365077e+40
9.100000e-16 1.240780e+20 1.539536e+40
9.200000e-16 1.316633e+20 1.733522e+40
9.300000e-16 1.396030e+20 1.948899e+40
9.400000e-16 1.479078e+20 2.187673e+40
9.500000e-16 1.565888e+20 2.452006e+40
9.600000e-16 1.656568e+20 2.744218e+40
9.700000e-16 1.751229e+20 3.066802e+40
9.800000e-16 1.849980e+20 3.422427e+40
9.900000e-16 1.952934e+20 3.813951e+40
1.000000e-15 2.060202e+20 4.244430e+40
1.010000e-15 2.171894e+20 4.717125e+40
1.020000e-15 2.288124e+20 5.235512e+40
1.030000e-15 2.409003e+20 5.803294e+40
1.040000e-15 2.534642e+20 6.424408e+40
1.050000e-15 2.665152e+20 7.103037e+40
1.060000e-15 2.800646e+20 7.843619e+40
1.070000e-15 2.941233e+20 8.650853e+40
1.080000e-15 3.087024e+20 9.529717e+40
1.090000e-15 3.238127e+20 1.048547e+41
1.100000e-15 3.394652e+20 1.152366e+41
1.110000e-15 3.556705e+20 1.265015e+41
1.120000e-15 3.724394e+20 1.387111e+41
1.130000e-15 3.897822e+20 1.519302e+41
1.140000e-15 4.077095e+20 1.662270e+41
1.150000e-15 4.262313e+20 1.816731e+41
1.160000e-15 4.453578e+20 1.983436e+41
1.170000e-15 4.650989e+20 2.163169e+41
1.180000e-15 4.854641e+20 2.356754e+41
1.190000e-15 5.064631e+20 2.565049e+41
1.200000e-15 5.281051e+20 2.788950e+41
1.210000e-15 5.503990e+20 3.029391e+41
1.220000e-15 5.733537e+20 3.287345e+41
1.230000e-15 5.969777e+20 3.563824e+41
1.240000e-15 6.212792e+20 3.859879e+41
1.250000e-15 6.462662e+20 4.176600e+41
1.260000e-15 6.719462e+20 4.515117e+41
1.270000e-15 6.983266e+20 4.876601e+41
1.280000e-15 7.254145e+20 5.262262e+41
1.290000e-15 7.532163e+20 5.673348e+41
1.300000e-15 7.817384e+20 6.111150e+41
1.310000e-15 8.109868e+20 6.576995e+41
1.320000e-15 8.409668e+20 7.072251e+41
1.330000e-15 8.716836e+20 7.598322e+41
1.340000e-15 9.031418e+20 8.156652e+41
1.350000e-15 9.353458e+20 8.748718e+41
1.360000e-15 9.682994e+20 9.376037e+41
1.370000e-15 1.002006e+21 1.004016e+42
1.380000e-15 1.036468e+21 1.074266e+42
1.390000e-15 1.071688e+21 1.148516e+42
1.400000e-15 1.107669e+21 1.226930e+42
1.410000e-15 1.144411e+21 1.309676e+42
1.420000e-15 1.181915e+21 1.396924e+42
1.430000e-15 1.220182e+21 1.488845e+42
1.440000e-15 1.259212e+21 1.585615e+42
1.450000e-15 1.299004e+21 1.687410e+42
1.460000e-15 1.339556e+21 1.794409e+42
1.470000e-15 1.380866e+21 1.906792e+42
1.480000e-15 1.422933e+21 2.024739e+42
1.490000e-15 1.465753e+21 2.148433e+42
1.500000e-15 1.509323e+21 2.278056e+42
1.510000e-15 1.553638e+21 2.413791e+42
1.520000e-15 1.598693e+21 2.555820e+42
1.530000e-15 1.644484e+21 2.704326e+42
1.540000e-15 1.691003e+21 2.859491e+42
1.550000e-15 1.738244e+21 3.021493e+42
1.560000e-15 1.786200e+21 3.190511e+42
1.570000e-15 1.834863e+21 3.366722e+42
1.580000e-15 1.884224e+21 3.550298e+42
1.590000e-15 1.934273e+21 3.741411e+42
1.600000e-15 1.985001e+21 3.940228e+42
1.610000e-15 2.036397e+21 4.146911e+42
1.620000e-15 2.088449e+21 4.361619e+42
1.630000e-15 2.141146e+21 4.584506e+42
1.640000e-15 2.194475e+21 4.815720e+42
1.650000e-15 2.248422e+21 5.055403e+42
1.660000e-15 2.302974e+21 5.303690e+42
1.670000e-15 2.358116e+21 5.560710e+42
1.680000e-15 2.413832e+21 5.826584e+42
1.690000e-15 2.470106e+21 6.101425e+42
1.700000e-15 2.526922e+21 6.385335e+42
1.710000e-15 2.584262e+21 6.678411e+42
1.720000e-15 2.642108e+21 6.980737e+42
1.730000e-15 2.700442e+21 7.292388e+42
1.740000e-15 2.759244e+21 7.613427e+42
1.750000e-15 2.818494e+21 7.943907e+42
1.760000e-15 2.878171e+21 8.283867e+42
1.770000e-15 2.938254e+21 8.633337e+42
1.780000e-15 2.998721e+21 8.992330e+42
1.790000e-15 3.059550e+21 9.360848e+42
1.800000e-15 3.120718e+21 9.738878e+42
1.810000e-15 3.182200e+21 1.012639e+43
1.820000e-15 3.243972e+21 1.052335e+43
1.830000e-15 3.306009e+21 1.092970e+43
1.840000e-15 3.368287e+21 1.134536e+43
1.850000e-15 3.430778e+21 1.177024e+43
1.860000e-15 3.493457e+21 1.220424e+43
1.870000e-15 3.556295e+21 1.264723e+43
1.880000e-15 3.619266e+21 1.309908e+43
1.890000e-15 3.682341e+21 1.355963e+43
1.900000e-15 3.745491e+21 1.402870e+43
1.910000e-15 3.808688e+21 1.450610e+43
1.920000e-15 3.871901e+21 1.499162e+43
1.930000e-15 3.935102e+21 1.548503e+43
1.940000e-15 3.998259e+21 1.598607e+43
1.950000e-15 4.061341e+21 1.649449e+43
1.960000e-15 4.124317e+21 1.700999e+43
1.970000e-15 4.187157e+21 1.753228e+43
1.980000e-15 4.249827e+21 1.806103e+43
1.990000e-15 4.312295e+21 1.859589e+43
2.000000e-15 4.374530e+21 1.913651e+43
2.010000e-15 4.436497e+21 1.968251e+43
2.020000e-15 4.498165e+21 2.023349e+43
2.030000e-15 4.559499e+21 2.078903e+43
2.040000e-15 4.620467e+21 2.134872e+43
2.050000e-15 4.681034e+21 2.191208e+43
2.060000e-15 4.741167e+21 2.247867e+43
2.070000e-15 4.800831e+21 2.304798e+43
2.080000e-15 4.859993e+21 2.361954e+43
2.090000e-15 4.918619e+21 2.419281e+43
2.100000e-15 4.976673e+21 2.476727e+43
2.110000e-15 5.034121e+21 2.534238e+43
2.120000e-15 5.090931e+21 2.591757e+43
2.130000e-15 5.147066e+21 2.649228e+43
2.140000e-15 5.202492e+21 2.706593e+43
2.150000e-15 5.257177e+21 2.763791e+43
2.160000e-15 5.311084e+21 2.820762e+43
2.170000e-15 5.364181e+21 2.877444e+43
2.180000e-15 5.416434e+21 2.933776e+43
2.190000e-15 5.467808e+21 2.989693e+43
2.200000e-15 5.518271e+21 3.045132e+43
2.210000e-15 5.567789e+21 3.100027e+43
2.220000e-15 5.616329e+21 3.154315e+43
2.230000e-15 5.663858e+21 3.207929e+43
2.240000e-15 5.710344e+21 3.260803e+43
2.250000e-15 5.755755e+21 3.312871e+43
2.260000e-15 5.800059e+21 3.364068e+43
2.270000e-15 5.843224e+21 3.414327e+43
2.280000e-15 5.885221e+21 3.463582e+43
2.290000e-15 5.926017e+21 3.511768e+43
2.300000e-15 5.965584e+21 3.558820e+43
2.310000e-15 6.003892e+21 3.604672e+43
2.320000e-15 6.040911e+21 3.649261e+43
2.330000e-15 6.076614e+21 3.692524e+43
2.340000e-15 6.110972e+21 3.734397e+43
2.350000e-15 6.143957e+21 3.774821e+43
2.360000e-15 6.175544e+21 3.813734e+43
2.370000e-15 6.205705e+21 3.851078e+43
2.380000e-15 6.234416e+21 3.886795e+43
2.390000e-15 6.261652e+21 3.920829e+43
2.400000e-15 6.287389e+21 3.953125e+43
2.410000e-15 6.311602e+21 3.983632e+43
2.420000e-15 6.334270e+21 4.012298e+43
2.430000e-15 6.355371e+21 4.039074e+43
2.440000e-15 6.374884e+21 4.063914e+43
2.450000e-15 6.392787e+21 4.086773e+43
2.460000e-15 6.409062e+21 4.107608e+43
2.470000e-15 6.423691e+21 4.126380e+43
2.480000e-15 6.436654e+21 4.143052e+43
2.490000e-15 6.447936e+21 4.157588e+43
2.500000e-15 6.457519e+21 4.169956e+43
2.510000e-15 6.465390e+21 4.180127e+43
2.520000e-15 6.471533e+21 4.188074e+43
2.530000e-15 6.475935e+21 4.193773e+43
2.540000e-15 6.478583e+21 4.197204e+43
2.550000e-15 6.479466e+21 4.198349e+43
2.560000e-15 6.478574e+21 4.197192e+43
2.570000e-15 6.475896e+21 4.193724e+43
2.580000e-15 6.471425e+21 4.187934e+43
2.590000e-15 6.465151e+21 4.179818e+43
2.600000e-15 6.457069e+21 4.169374e+43
2.610000e-15 6.447172e+21 4.156603e+43
2.620000e-15 6.435456e+21 4.141510e+43
2.630000e-15 6.421917e+21 4.124102e+43
2.640000e-15 6.406552e+21 4.104391e+43
2.650000e-15 6.389360e+21 4.082392e+43
2.660000e-15 6.370338e+21 4.058121e+43
2.670000e-15 6.349489e+21 4.031600e+43
2.680000e-15 6.326811e+21 4.002854e+43
2.690000e-15 6.302309e+21 3.971910e+43
2.700000e-15 6.275985e+21 3.938798e+43
2.710000e-15 6.247842e+21 3.903553e+43
2.720000e-15 6.217887e+21 3.866212e+43
2.730000e-15 6.186125e+21 3.826814e+43
2.740000e-15 6.152563e+21 3.785403e+43
2.750000e-15 6.117209e+21 3.742025e+43
2.760000e-15 6.080073e+21 3.696728e+43
2.770000e-15 6.041163e+21 3.649565e+43
2.780000e-15 6.000492e+21 3.600590e+43
2.790000e-15 5.958071e+21 3.549860e+43
2.800000e-15 5.913912e+21 3.497435e+43
2.810000e-15 5.868029e+21 3.443377e+43
2.820000e-15 5.820437e+21 3.387749e+43
2.830000e-15 5.771152e+21 3.330620e+43
2.840000e-15 5.720189e+21 3.272057e+43
2.850000e-15 5.667566e+21 3.212131e+43
2.860000e-15 5.613302e+21 3.150916e+43
2.870000e-15 5.557414e+21 3.088485e+43
2.880000e-15 5.499922e+21 3.024915e+43
2.890000e-15 5.440849e+21 2.960283e+43
2.900000e-15 5.380213e+21 2.894669e+43
2.910000e-15 5.318039e+21 2.828154e+43
2.920000e-15 5.254348e+21 2.760817e+43
2.930000e-15 5.189165e+21 2.692743e+43
2.940000e-15 5.122513e+21 2.624014e+43
2.950000e-15 5.054419e+21 2.554715e+43
2.960000e-15 4.984907e+21 2.484930e+43
2.970000e-15 4.914005e+21 2.414744e+43
2.980000e-15 4.841739e+21 2.344244e+43
2.990000e-15 4.768138e+21 2.273514e+43
3.000000e-15 4.693229e+21 2.202640e+43
3.010000e-15 4.617043e+21 2.131709e+43
3.020000e-15 4.539608e+21 2.060804e+43
3.030000e-15 4.460955e+21 1.990012e+43
3.040000e-15 4.381115e+21 1.919417e+43
3.050000e-15 4.300119e+21 1.849102e+43
3.060000e-15 4.217998e+21 1.779151e+43
3.070000e-15 4.134786e+21 1.709645e+43
3.080000e-15 4.050514e+21 1.640667e+43
3.090000e-15 3.965217e+21 1.572295e+43
3.100000e-15 3.878928e+21 1.504608e+43
3.110000e-15 3.791680e+21 1.437684e+43
3.120000e-15 3.703510e+21 1.371598e+43
3.130000e-15 3.614450e+21 1.306425e+43
3.140000e-15 3.524537e+21 1.242236e+43
3.150000e-15 3.433807e+21 1.179103e+43
3.160000e-15 3.342294e+21 1.117093e+43
3.170000e-15 3.250036e+21 1.056273e+43
3.180000e-15 3.157068e+21 9.967081e+42
3.190000e-15 3.063428e+21 9.384593e+42
3.200000e-15 2.969153e+21 8.815867e+42
3.210000e-15 2.874278e+21 8.261476e+42
3.220000e-15 2.778843e+21 7.721969e+42
3.230000e-15 2.682884e+21 7.197868e+42
3.240000e-15 2.586440e+21 6.689671e+42
3.250000e-15 2.489547e+21 6.197846e+42
3.260000e-15 2.392245e+21 5.722836e+42
3.270000e-15 2.294571e+21 5.265055e+42
3.280000e-15 2.196563e+21 4.824888e+42
3.290000e-15 2.098260e+21 4.402694e+42
3.300000e-15 1.999699e+21 3.998798e+42
3.310000e-15 1.900921e+21 3.613499e+42
3.320000e-15 1.801961e+21 3.247065e+42
3.330000e-15 1.702860e+21 2.899734e+42
3.340000e-15 1.603656e+21 2.571712e+42
3.350000e-15 1.504386e+21 2.263178e+42
3.360000e-15 1.405090e+21 1.974278e+42
3.370000e-15 1.305805e+21 1.705127e+42
3.380000e-15 1.206570e+21 1.455810e+42
3.390000e-15 1.107422e+21 1.226383e+42
3.400000e-15 1.008400e+21 1.016871e+42
3.410000e-15 9.095416e+20 8.272659e+41
3.420000e-15 8.108845e+20 6.575337e+41
3.430000e-15 7.124663e+20 5.076082e+41
3.440000e-15 6.143244e+20 3.773945e+41
3.450000e-15 5.164960e+20 2.667681e+41
3.460000e-15 4.190182e+20 1.755762e+41
3.470000e-15 3.219278e+20 1.036375e+41
3.480000e-15 2.252614e+20 5.074270e+40
3.490000e-15 1.290554e+20 1.665531e+40
3.500000e-15 3.334604e+19 1.111958e+39
3.510000e-15 -6.183094e+19 3.823065e+39
3.520000e-15 -1.564399e+20 2.447344e+40
3.530000e-15 -2.504455e+20 6.272295e+40
3.540000e-15 -3.438127e+20 1.182072e+41
3.550000e-15 -4.365069e+20 1.905383e+41
3.560000e-15 -5.284936e+20 2.793055e+41
3.570000e-15 -6.197388e+20 3.840761e+41
3.580000e-15 -7.102087e+20 5.043965e+41
3.590000e-15 -7.998702e+20 6.397923e+41
3.600000e-15 -8.886901e+20 7.897700e+41
3.610000e-15 -9.766358e+20 9.538176e+41
3.620000e-15 -1.063675e+21 1.131405e+42
3.630000e-15 -1.149777e+21 1.321987e+42
3.640000e-15 -1.234909e+21 1.524999e+42
3.650000e-15 -1.319040e+21 1.739867e+42
3.660000e-15 -1.402141e+21 1.965999e+42
3.670000e-15 -1.484180e+21 2.202792e+42
3.680000e-15 -1.565130e+21 2.449631e+42
3.690000e-15 -1.644959e+21 2.705890e+42
3.700000e-15 -1.723640e+21 2.970936e+42
3.710000e-15 -1.801145e+21 3.244123e+42
3.720000e-15 -1.877446e+21 3.524802e+42
3.730000e-15 -1.952515e+21 3.812315e+42
3.740000e-15 -2.026327e+21 4.105999e+42
3.750000e-15 -2.098854e+21 4.405189e+42
3.760000e-15 -2.170072e+21 4.709215e+42
3.770000e-15 -2.239956e+21 5.017405e+42
3.780000e-15 -2.308481e+21 5.329087e+42
3.790000e-15 -2.375624e+21 5.643589e+42
3.800000e-15 -2.441360e+21 5.960241e+42
3.810000e-15 -2.505668e+21 6.278375e+42
3.820000e-15 -2.568526e+21 6.597325e+42
3.830000e-15 -2.629911e+21 6.916433e+42
3.840000e-15 -2.689803e+21 7.235043e+42
3.850000e-15 -2.748183e+21 7.552508e+42
3.860000e-15 -2.805029e+21 7.868188e+42
3.870000e-15 -2.860324e+21 8.181453e+42
3.880000e-15 -2.914049e+21 8.491681e+42
3.890000e-15 -2.966186e+21 8.798260e+42
3.900000e-15 -3.016719e+21 9.100593e+42
3.910000e-15 -3.065631e+21 9.398093e+42
3.920000e-15 -3.112906e+21 9.690187e+42
3.930000e-15 -3.158531e+21 9.976316e+42
3.940000e-15 -3.202489e+21 1.025594e+43
3.950000e-15 -3.244769e+21 1.052853e+43
3.960000e-15 -3.285357e+21 1.079357e+43
3.970000e-15 -3.324241e+21 1.105058e+43
3.980000e-15 -3.361409e+21 1.129907e+43
3.990000e-15 -3.396852e+21 1.153860e+43
4.000000e-15 -3.430559e+21 1.176873e+43
4.010000e-15 -3.462521e+21 1.198905e+43
4.020000e-15 -3.492729e+21 1.219916e+43
4.030000e-15 -3.521177e+21 1.239869e+43
4.040000e-15 -3.547856e+21 1.258728e+43
4.050000e-15 -3.572761e+21 1.276462e+43
4.060000e-15 -3.595887e+21 1.293041e+43
4.070000e-15 -3.617229e+21 1.308435e+43
4.080000e-15 -3.636783e+21 1.322619e+43
4.090000e-15 -3.654545e+21 1.335570e+43
4.100000e-15 -3.670514e+21 1.347268e+43
4.110000e-15 -3.684689e+21 1.357693e+43
4.120000e-15 -3.697067e+21 1.366831e+43
4.130000e-15 -3.707650e+21 1.374667e+43
4.140000e-15 -3.716438e+21 1.381191e+43
4.150000e-15 -3.723433e+21 1.386396e+43
4.160000e-15 -3.728638e+21 1.390274e+43
4.170000e-15 -3.732054e+21 1.392823e+43
4.180000e-15 -3.733687e+21 1.394042e+43
4.190000e-15 -3.733541e+21 1.393933e+43
4.200000e-15 -3.731621e+21 1.392500e+43
4.210000e-15 -3.727934e+21 1.389749e+43
4.220000e-15 -3.722487e+21 1.385691e+43
4.230000e-15 -3.715288e+21 1.380337e+43
4.240000e-15 -3.706346e+21 1.373700e+43
4.250000e-15 -3.695669e+21 1.365797e+43
4.260000e-15 -3.683268e+21 1.356646e+43
4.270000e-15 -3.669155e+21 1.346269e+43
4.280000e-15 -3.653340e+21 1.334689e+43
4.290000e-15 -3.635836e+21 1.321930e+43
4.300000e-15 -3.616656e+21 1.308020e+43
4.310000e-15 -3.595815e+21 1.292989e+43
4.320000e-15 -3.573328e+21 1.276867e+43
4.330000e-15 -3.549208e+21 1.259688e+43
4.340000e-15 -3.523474e+21 1.241487e+43
4.350000e-15 -3.496141e+21 1.222300e+43
4.360000e-15 -3.467227e+21 1.202167e+43
4.370000e-15 -3.436752e+21 1.181126e+43
4.380000e-15 -3.404733e+21 1.159220e+43
4.390000e-15 -3.371190e+21 1.136492e+43
4.400000e-15 -3.336144e+21 1.112986e+43
4.410000e-15 -3.299616e+21 1.088747e+43
4.420000e-15 -3.261628e+21 1.063822e+43
4.430000e-15 -3.222203e+21 1.038259e+43
4.440000e-15 -3.181362e+21 1.012107e+43
4.450000e-15 -3.139131e+21 9.854143e+42
4.460000e-15 -3.095533e+21 9.582323e+42
4.470000e-15 -3.050593e+21 9.306118e+42
4.480000e-15 -3.004337e+21 9.026041e+42
4.490000e-15 -2.956791e+21 8.742614e+42
4.500000e-15 -2.907982e+21 8.456360e+42
4.510000e-15 -2.857937e+21 8.167805e+42
4.520000e-15 -2.806684e+21 7.877475e+42
4.530000e-15 -2.754251e+21 7.585900e+42
4.540000e-15 -2.700668e+21 7.293607e+42
4.550000e-15 -2.645963e+21 7.001121e+42
4.560000e-15 -2.590167e+21 6.708965e+42
4.570000e-15 -2.533310e+21 6.417659e+42
4.580000e-15 -2.475423e+21 6.127719e+42
4.590000e-15 -2.416537e+21 5.839653e+42
4.600000e-15 -2.356685e+21 5.553963e+42
4.610000e-15 -2.295898e+21 5.271146e+42
4.620000e-15 -2.234209e+21 4.991688e+42
4.630000e-15 -2.171651e+21 4.716067e+42
4.640000e-15 -2.108257e+21 4.444748e+42
4.650000e-15 -2.044062e+21 4.178189e+42
4.660000e-15 -1.979099e+21 3.916833e+42
4.670000e-15 -1.913403e+21 3.661111e+42
4.680000e-15 -1.847009e+21 3.411441e+42
4.690000e-15 -1.779951e+21 3.168225e+42
4.700000e-15 -1.712265e+21 2.931852e+42
4.710000e-15 -1.643987e+21 2.702694e+42
4.720000e-15 -1.575153e+21 2.481105e+42
4.730000e-15 -1.505797e+21 2.267426e+42
4.740000e-15 -1.435958e+21 2.061976e+42
4.750000e-15 -1.365671e+21 1.865058e+42
4.760000e-15 -1.294973e+21 1.676956e+42
4.770000e-15 -1.223901e+21 1.497933e+42
4.780000e-15 -1.152491e+21 1.328236e+42
4.790000e-15 -1.080781e+21 1.168088e+42
4.800000e-15 -1.008808e+21 1.017694e+42
4.810000e-15 -9.366092e+20 8.772369e+41
4.820000e-15 -8.642216e+20 7.468790e+41
4.830000e-15 -7.916826e+20 6.267614e+41
4.840000e-15 -7.190297e+20 5.170037e+41
4.850000e-15 -6.463002e+20 4.177039e+41
4.860000e-15 -5.735314e+20 3.289383e+41
4.870000e-15 -5.007606e+20 2.507612e+41
4.880000e-15 -4.280252e+20 1.832055e+41
4.890000e-15 -3.553622e+20 1.262823e+41
4.900000e-15 -2.828087e+20 7.998078e+40
4.910000e-15 -2.104018e+20 4.426894e+40
4.920000e-15 -1.381784e+20 1.909326e+40
4.930000e-15 -6.617497e+19 4.379127e+39
4.940000e-15 5.571761e+18 3.104452e+37
4.950000e-15 7.702549e+19 5.932926e+39
4.960000e-15 1.481501e+20 2.194844e+40
4.970000e-15 2.189095e+20 4.792138e+40
4.980000e-15 2.892682e+20 8.367611e+40
4.990000e-15 3.591907e+20 1.290180e+41
5.000000e-15 4.286418e+20 1.837338e+41
5.010000e-15 4.975867e+20 2.475925e+41
5.020000e-15 5.659907e+20 3.203455e+41
5.030000e-15 6.338198e+20 4.017276e+41
5.040000e-15 7.010400e+20 4.914571e+41
5.050000e-15 7.676179e+20 5.892372e+41
5.060000e-15 8.335202e+20 6.947560e+41
5.070000e-15 8.987144e+20 8.076875e+41
5.080000e-15 9.631680e+20 9.276926e+41
5.090000e-15 1.026849e+21 1.054419e+42
5.100000e-15 1.089727e+21 1.187504e+42
5.110000e-15 1.151769e+21 1.326573e+42
5.120000e-15 1.212947e+21 1.471240e+42
5.130000e-15 1.273229e+21 1.621113e+42
5.140000e-15 1.332587e+21 1.775789e+42
5.150000e-15 1.390992e+21 1.934857e+42
5.160000e-15 1.448414e+21 2.097903e+42
5.170000e-15 1.504827e+21 2.264503e+42
5.180000e-15 1.560203e+21 2.434232e+42
5.190000e-15 1.614515e+21 2.606658e+42
5.200000e-15 1.667738e+21 2.781349e+42
5.210000e-15 1.719845e+21 2.957868e+42
5.220000e-15 1.770813e+21 3.135780e+42
5.230000e-15 1.820618e+21 3.314648e+42
5.240000e-15 1.869234e+21 3.494037e+42
5.250000e-15 1.916641e+21 3.673512e+42
5.260000e-15 1.962815e+21 3.852643e+42
5.270000e-15 2.007735e+21 4.031002e+42
5.280000e-15 2.051381e+21 4.208166e+42
5.290000e-15 2.093733e+21 4.383718e+42
5.300000e-15 2.134771e+21 4.557246e+42
5.310000e-15 2.174476e+21 4.728346e+42
5.320000e-15 2.212831e+21 4.896623e+42
5.330000e-15 2.249820e+21 5.061688e+42
5.340000e-15 2.285424e+21 5.223164e+42
5.350000e-15 2.319630e+21 5.380683e+42
5.360000e-15 2.352422e+21 5.533889e+42
5.370000e-15 2.383786e+21 5.682438e+42
5.380000e-15 2.413710e+21 5.825996e+42
5.390000e-15 2.442181e+21 5.964247e+42
5.400000e-15 2.469187e+21 6.096883e+42
5.410000e-15 2.494717e+21 6.223614e+42
5.420000e-15 2.518763e+21 6.344166e+42
5.430000e-15 2.541314e+21 6.458276e+42
5.440000e-15 2.562362e+21 6.565701e+42
5.450000e-15 2.581901e+21 6.666213e+42
5.460000e-15 2.599923e+21 6.759601e+42
5.470000e-15 2.616423e+21 6.845670e+42
5.480000e-15 2.631396e+21 6.924245e+42
5.490000e-15 2.644838e+21 6.995167e+42
5.500000e-15 2.656745e+21 7.058295e+42
5.510000e-15 2.667116e+21 7.113507e+42
5.520000e-15 2.675948e+21 7.160700e+42
5.530000e-15 2.683242e+21 7.199789e+42
5.540000e-15 2.688997e+21 7.230707e+42
5.550000e-15 2.693215e+21 7.253407e+42
5.560000e-15 2.695897e+21 7.267861e+42
5.570000e-15 2.697046e+21 7.274058e+42
5.580000e-15 2.696666e+21 7.272007e+42
5.590000e-15 2.694761e+21 7.261735e+42
5.600000e-15 2.691336e+21 7.243289e+42
5.610000e-15 2.686398e+21 7.216733e+42
5.620000e-15 2.679953e+21 7.182147e+42
5.630000e-15 2.672009e+21 7.139632e+42
5.640000e-15 2.662575e+21 7.089305e+42
5.650000e-15 2.651660e+21 7.031301e+42
5.660000e-15 2.639274e+21 6.965769e+42
5.670000e-15 2.625429e+21 6.892876e+42
5.680000e-15 2.610135e+21 6.812806e+42
5.690000e-15 2.593406e+21 6.725757e+42
5.700000e-15 2.575256e+21 6.631941e+42
5.710000e-15 2.555697e+21 6.531585e+42
5.720000e-15 2.534745e+21 6.424931e+42
5.730000e-15 2.512415e+21 6.312230e+42
5.740000e-15 2.488725e+21 6.193751e+42
5.750000e-15 2.463690e+21 6.069770e+42
5.760000e-15 2.437330e+21 5.940575e+42
5.770000e-15 2.409661e+21 5.806467e+42
5.780000e-15 2.380705e+21 5.667754e+42
5.790000e-15 2.350479e+21 5.524753e+42
5.800000e-15 2.319006e+21 5.377790e+42
5.810000e-15 2.286306e+21 5.227197e+42
5.820000e-15 2.252402e+21 5.073315e+42
5.830000e-15 2.217315e+21 4.916487e+42
5.840000e-15 2.181070e+21 4.757065e+42
5.850000e-15 2.143689e+21 4.595401e+42
5.860000e-15 2.105197e+21 4.431854e+42
5.870000e-15 2.065619e+21 4.266783e+42
5.880000e-15 2.024981e+21 4.100548e+42
5.890000e-15 1.983309e+21 3.933513e+42
5.900000e-15 1.940629e+21 3.766039e+42
5.910000e-15 1.896968e+21 3.598487e+42
5.920000e-15 1.852354e+21 3.431216e+42
5.930000e-15 1.806816e+21 3.264582e+42
5.940000e-15 1.760381e+21 3.098940e+42
5.950000e-15 1.713079e+21 2.934639e+42
5.960000e-15 1.664939e+21 2.772022e+42
5.970000e-15 1.615991e+21 2.611428e+42
5.980000e-15 1.566266e+21 2.453190e+42
5.990000e-15 1.515794e+21 2.297632e+42
6.000000e-15 1.464606e+21 2.145072e+42
6.010000e-15 1.412734e+21 1.995818e+42
6.020000e-15 1.360209e+21 1.850169e+42
6.030000e-15 1.307064e+21 1.708416e+42
6.040000e-15 1.253330e+21 1.570836e+42
6.050000e-15 1.199040e+21 1.437697e+42
6.060000e-15 1.144228e+21 1.309257e+42
6.070000e-15 1.088926e+21 1.185759e+42
6.080000e-15 1.033167e+21 1.067434e+42
6.090000e-15 9.769851e+20 9.545000e+41
6.100000e-15 9.204142e+20 8.471623e+41
6.110000e-15 8.634878e+20 7.456112e+41
6.120000e-15 8.062399e+20 6.500228e+41
6.130000e-15 7.487047e+20 5.605587e+41
6.140000e-15 6.909162e+20 4.773652e+41
6.150000e-15 6.329089e+20 4.005736e+41
6.160000e-15 5.747169e+20 3.302995e+41
6.170000e-15 5.163748e+20 2.666429e+41
6.180000e-15 4.579168e+20 2.096878e+41
6.190000e-15 3.993773e+20 1.595022e+41
6.200000e-15 3.407908e+20 1.161383e+41
6.210000e-15 2.821915e+20 7.963202e+40
6.220000e-15 2.236137e+20 5.000307e+40
6.230000e-15 1.650915e+20 2.725522e+40
6.240000e-15 1.066592e+20 1.137618e+40
6.250000e-15 4.835058e+19 2.337779e+39
6.260000e-15 -9.800474e+18 9.604929e+37
6.270000e-15 -6.776031e+19 4.591459e+39
6.280000e-15 -1.254954e+20 1.574910e+40
6.290000e-15 -1.829725e+20 3.347895e+40
6.300000e-15 -2.401586e+20 5.767615e+40
6.310000e-15 -2.970207e+20 8.822130e+40
6.320000e-15 -3.535263e+20 1.249808e+41
6.330000e-15 -4.096431e+20 1.678075e+41
6.340000e-15 -4.653390e+20 2.165404e+41
6.350000e-15 -5.205824e+20 2.710060e+41
6.360000e-15 -5.753418e+20 3.310182e+41
6.370000e-15 -6.295863e+20 3.963789e+41
6.380000e-15 -6.832850e+20 4.668784e+41
6.390000e-15 -7.364078e+20 5.422965e+41
6.400000e-15 -7.889248e+20 6.224023e+41
6.410000e-15 -8.408064e+20 7.069553e+41
6.420000e-15 -8.920235e+20 7.957060e+41
6.430000e-15 -9.425477e+20 8.883962e+41
6.440000e-15 -9.923507e+20 9.847599e+41
6.450000e-15 -1.041405e+21 1.084524e+42
6.460000e-15 -1.089683e+21 1.187409e+42
6.470000e-15 -1.137159e+21 1.293130e+42
6.480000e-15 -1.183806e+21 1.401396e+42
6.490000e-15 -1.229598e+21 1.511911e+42
6.500000e-15 -1.274511e+21 1.624379e+42
6.510000e-15 -1.318520e+21 1.738496e+42
6.520000e-15 -1.361602e+21 1.853960e+42
6.530000e-15 -1.403732e+21 1.970465e+42
6.540000e-15 -1.444889e+21 2.087705e+42
6.550000e-15 -1.485050e+21 2.205375e+42
6.560000e-15 -1.524194e+21 2.323169e+42
6.570000e-15 -1.562301e+21 2.440783e+42
6.580000e-15 -1.599349e+21 2.557916e+42
6.590000e-15 -1.635319e+21 2.674269e+42
6.600000e-15 -1.670193e+21 2.789546e+42
6.610000e-15 -1.703953e+21 2.903458e+42
6.620000e-15 -1.736582e+21 3.015716e+42
6.630000e-15 -1.768062e+21 3.126043e+42
6.640000e-15 -1.798377e+21 3.234162e+42
6.650000e-15 -1.827514e+21 3.339806e+42
6.660000e-15 -1.855456e+21 3.442716e+42
6.670000e-15 -1.882190e+21 3.542639e+42
6.680000e-15 -1.907704e+21 3.639333e+42
6.690000e-15 -1.931984e+21 3.732563e+42
6.700000e-15 -1.955020e+21 3.822104e+42
6.710000e-15 -1.976801e+21 3.907743e+42
6.720000e-15 -1.997317e+21 3.989274e+42
6.730000e-15 -2.016558e+21 4.066507e+42
6.740000e-15 -2.034517e+21 4.139259e+42
6.750000e-15 -2.051185e+21 4.207361e+42
6.760000e-15 -2.066557e+21 4.270656e+42
6.770000e-15 -2.080625e+21 4.328999e+42
6.780000e-15 -2.093385e+21 4.382259e+42
6.790000e-15 -2.104832e+21 4.430316e+42
6.800000e-15 -2.114962e+21 4.473066e+42
6.810000e-15 -2.123774e+21 4.510416e+42
6.820000e-15 -2.131264e+21 4.542287e+42
6.830000e-15 -2.137432e+21 4.568615e+42
6.840000e-15 -2.142277e+21 4.589350e+42
6.850000e-15 -2.145799e+21 4.604455e+42
6.860000e-15 -2.148000e+21 4.613906e+42
6.870000e-15 -2.148882e+21 4.617694e+42
6.880000e-15 -2.148447e+21 4.615825e+42
6.890000e-15 -2.146699e+21 4.608317e+42
6.900000e-15 -2.143642e+21 4.595202e+42
6.910000e-15 -2.139282e+21 4.576526e+42
6.920000e-15 -2.133623e+21 4.552349e+42
6.930000e-15 -2.126674e+21 4.522742e+42
6.940000e-15 -2.118441e+21 4.487792e+42
6.950000e-15 -2.108932e+21 4.447595e+42
6.960000e-15 -2.098157e+21 4.402263e+42
6.970000e-15 -2.086125e+21 4.351918e+42
6.980000e-15 -2.072847e+21 4.296693e+42
6.990000e-15 -2.058333e+21 4.236734e+42
7.000000e-15 -2.042596e+21 4.172198e+42
7.010000e-15 -2.025648e+21 4.103250e+42
7.020000e-15 -2.007503e+21 4.030067e+42
7.030000e-15 -1.988174e+21 3.952836e+42
7.040000e-15 -1.967677e+21 3.871751e+42
7.050000e-15 -1.946026e+21 3.787016e+42
7.060000e-15 -1.923238e+21 3.698844e+42
7.070000e-15 -1.899329e+21 3.607452e+42
7.080000e-15 -1.874318e+21 3.513066e+42
7.090000e-15 -1.848221e+21 3.415919e+42
7.100000e-15 -1.821057e+21 3.316249e+42
7.110000e-15 -1.792846e+21 3.214298e+42
7.120000e-15 -1.763608e+21 3.110314e+42
7.130000e-15 -1.733363e+21 3.004546e+42
7.140000e-15 -1.702131e+21 2.897251e+42
7.150000e-15 -1.669935e+21 2.788684e+42
7.160000e-15 -1.636797e+21 2.679104e+42
7.170000e-15 -1.602739e+21 2.568771e+42
7.180000e-15 -1.567784e+21 2.457946e+42
7.190000e-15 -1.531956e+21 2.346889e+42
7.200000e-15 -1.495279e+21 2.235859e+42
7.210000e-15 -1.457778e+21 2.125116e+42
7.220000e-15 -1.419477e+21 2.014916e+42
7.230000e-15 -1.380403e+21 1.905512e+42
7.240000e-15 -1.340581e+21 1.797157e+42
7.250000e-15 -1.300037e+21 1.690096e+42
7.260000e-15 -1.258798e+21 1.584573e+42
7.270000e-15 -1.216892e+21 1.480826e+42
7.280000e-15 -1.174345e+21 1.379086e+42
7.290000e-15 -1.131185e+21 1.279580e+42
7.300000e-15 -1.087441e+21 1.182528e+42
7.310000e-15 -1.043141e+21 1.088143e+42
7.320000e-15 -9.983129e+20 9.966286e+41
7.330000e-15 -9.529863e+20 9.081830e+41
7.340000e-15 -9.071904e+20 8.229944e+41
7.350000e-15 -8.609544e+20 7.412425e+41
7.360000e-15 -8.143080e+20 6.630976e+41
7.370000e-15 -7.672810e+20 5.887202e+41
7.380000e-15 -7.199034e+20 5.182609e+41
7.390000e-15 -6.722052e+20 4.518599e+41
7.400000e-15 -6.242169e+20 3.896467e+41
7.410000e-15 -5.759687e+20 3.317399e+41
7.420000e-15 -5.274911e+20 2.782469e+41
7.430000e-15 -4.788148e+20 2.292636e+41
7.440000e-15 -4.299703e+20 1.848745e+41
7.450000e-15 -3.809884e+20 1.451521e+41
7.460000e-15 -3.318996e+20 1.101574e+41
7.470000e-15 -2.827348e+20 7.993896e+40
7.480000e-15 -2.335246e+20 5.453372e+40
7.490000e-15 -1.842996e+20 3.396634e+40
7.500000e-15 -1.350904e+20 1.824943e+40
7.510000e-15 -8.592770e+19 7.383569e+39
7.520000e-15 -3.684176e+19 1.357315e+39
7.530000e-15 1.213703e+19 1.473074e+38
7.540000e-15 6.097846e+19 3.718373e+39
7.550000e-15 1.096525e+20 1.202367e+40
7.560000e-15 1.581292e+20 2.500484e+40
7.570000e-15 2.063789e+20 4.259224e+40
7.580000e-15 2.543720e+20 6.470513e+40
7.590000e-15 3.020793e+20 9.125193e+40
7.600000e-15 3.494718e+20 1.221305e+41
7.610000e-15 3.965205e+20 1.572285e+41
7.620000e-15 4.431969e+20 1.964235e+41
7.630000e-15 4.894728e+20 2.395837e+41
7.640000e-15 5.353203e+20 2.865678e+41
7.650000e-15 5.807117e+20 3.372261e+41
7.660000e-15 6.256197e+20 3.914001e+41
7.670000e-15 6.700175e+20 4.489234e+41
7.680000e-15 7.138783e+20 5.096222e+41
7.690000e-15 7.571761e+20 5.733156e+41
7.700000e-15 7.998850e+20 6.398160e+41
7.710000e-15 8.419797e+20 7.089299e+41
7.720000e-15 8.834353e+20 7.804580e+41
7.730000e-15 9.242273e+20 8.541961e+41
7.740000e-15 9.643317e+20 9.299356e+41
7.750000e-15 1.003725e+21 1.007464e+42
7.760000e-15 1.042384e+21 1.086564e+42
7.770000e-15 1.080286e+21 1.167018e+42
7.780000e-15 1.117409e+21 1.248603e+42
7.790000e-15 1.153732e+21 1.331098e+42
7.800000e-15 1.189234e+21 1.414277e+42
7.810000e-15 1.223894e+21 1.497916e+42
7.820000e-15 1.257692e+21 1.581790e+42
7.830000e-15 1.290610e+21 1.665674e+42
7.840000e-15 1.322628e+21 1.749345e+42
7.850000e-15 1.353728e+21 1.832581e+42
7.860000e-15 1.383894e+21 1.915162e+42
7.870000e-15 1.413107e+21 1.996872e+42
7.880000e-15 1.441353e+21 2.077497e+42
7.890000e-15 1.468614e+21 2.156828e+42
7.900000e-15 1.494877e+21 2.234658e+42
7.910000e-15 1.520127e+21 2.310787e+42
7.920000e-15 1.544351e+21 2.385019e+42
7.930000e-15 1.567535e+21 2.457165e+42
7.940000e-15 1.589667e+21 2.527040e+42
7.950000e-15 1.610736e+21 2.594469e+42
7.960000e-15 1.630730e+21 2.659281e+42
7.970000e-15 1.649640e+21 2.721312e+42
7.980000e-15 1.667456e+21 2.780410e+42
7.990000e-15 1.684169e+21 2.836427e+42
8.000000e-15 1.699772e+21 2.889225e+42
8.010000e-15 1.714256e+21 2.938674e+42
8.020000e-15 1.727616e+21 2.984656e+42
8.030000e-15 1.739844e+21 3.027058e+42
8.040000e-15 1.750937e+21 3.065779e+42
8.050000e-15 1.760889e+21 3.100730e+42
8.060000e-15 1.769697e+21 3.131827e+42
8.070000e-15 1.777357e+21 3.158999e+42
8.080000e-15 1.783868e+21 3.182187e+42
8.090000e-15 1.789228e+21 3.201338e+42
8.100000e-15 1.793436e+21 3.216414e+42
8.110000e-15 1.796492e+21 3.227385e+42
8.120000e-15 1.798397e+21 3.234231e+42
8.130000e-15 1.799151e+21 3.236945e+42
8.140000e-15 1.798758e+21 3.235529e+42
8.150000e-15 1.797219e+21 3.229995e+42
8.160000e-15 1.794538e+21 3.220367e+42
8.170000e-15 1.790720e+21 3.206678e+42
8.180000e-15 1.785769e+21 3.188972e+42
8.190000e-15 1.779692e+21 3.167303e+42
8.200000e-15 1.772493e+21 3.141733e+42
8.210000e-15 1.764182e+21 3.112337e+42
8.220000e-15 1.754764e+21 3.079197e+42
8.230000e-15 1.744249e+21 3.042404e+42
8.240000e-15 1.732646e+21 3.002061e+42
8.250000e-15 1.719964e+21 2.958275e+42
8.260000e-15 1.706213e+21 2.911164e+42
8.270000e-15 1.691406e+21 2.860855e+42
8.280000e-15 1.675554e+21 2.807480e+42
8.290000e-15 1.658668e+21 2.751180e+42
8.300000e-15 1.640762e+21 2.692102e+42
8.310000e-15 1.621851e+21 2.630399e+42
8.320000e-15 1.601947e+21 2.566233e+42
8.330000e-15 1.581065e+21 2.499767e+42
8.340000e-15 1.559222e+21 2.431174e+42
8.350000e-15 1.536433e+21 2.360627e+42
8.360000e-15 1.512715e+21 2.288306e+42
8.370000e-15 1.488084e+21 2.214395e+42
8.380000e-15 1.462559e+21 2.139079e+42
8.390000e-15 1.436158e+21 2.062550e+42
8.400000e-15 1.408899e+21 1.984997e+42
8.410000e-15 1.380802e+21 1.906614e+42
8.420000e-15 1.351886e+21 1.827596e+42
8.430000e-15 1.322172e+21 1.748139e+42
8.440000e-15 1.291680e+21 1.668438e+42
8.450000e-15 1.260432e+21 1.588689e+42
8.460000e-15 1.228449e+21 1.509086e+42
8.470000e-15 1.195752e+21 1.429824e+42
8.480000e-15 1.162366e+21 1.351094e+42
8.490000e-15 1.128311e+21 1.273086e+42
8.500000e-15 1.093612e+21 1.195987e+42
8.510000e-15 1.058292e+21 1.119982e+42
8.520000e-15 1.022375e+21 1.045250e+42
8.530000e-15 9.858847e+20 9.719686e+41
8.540000e-15 9.488464e+20 9.003094e+41
8.550000e-15 9.112846e+20 8.304396e+41
8.560000e-15 8.732246e+20 7.625211e+41
8.570000e-15 8.346916e+20 6.967101e+41
8.580000e-15 7.957115e+20 6.331568e+41
8.590000e-15 7.563101e+20 5.720049e+41
8.600000e-15 7.165135e+20 5.133916e+41
8.610000e-15 6.763480e+20 4.574466e+41
8.620000e-15 6.358402e+20 4.042927e+41
8.630000e-15 5.950167e+20 3.540449e+41
8.640000e-15 5.539044e+20 3.068100e+41
8.650000e-15 5.125301e+20 2.626871e+41
8.660000e-15 4.709211e+20 2.217667e+41
8.670000e-15 4.291045e+20 1.841306e+41
8.680000e-15 3.871074e+20 1.498522e+41
8.690000e-15 3.449573e+20 1.189956e+41
8.700000e-15 3.026815e+20 9.161611e+40
8.710000e-15 2.603075e+20 6.775997e+40
8.720000e-15 2.178625e+20 4.746407e+40
8.730000e-15 1.753740e+20 3.075605e+40
8.740000e-15 1.328695e+20 1.765429e+40
8.750000e-15 9.037611e+19 8.167841e+39
8.760000e-15 4.792125e+19 2.296446e+39
8.770000e-15 5.532093e+18 3.060405e+37
8.780000e-15 -3.676426e+19 1.351611e+39
8.790000e-15 -7.894081e+19 6.231652e+39
8.800000e-15 -1.209707e+20 1.463391e+40
8.810000e-15 -1.628272e+20 2.651269e+40
8.820000e-15 -2.044837e+20 4.181358e+40
8.830000e-15 -2.459138e+20 6.047362e+40
8.840000e-15 -2.870915e+20 8.242151e+40
8.850000e-15 -3.279905e+20 1.075778e+41
8.860000e-15 -3.685853e+20 1.358551e+41
8.870000e-15 -4.088503e+20 1.671586e+41
8.880000e-15 -4.487603e+20 2.013858e+41
8.890000e-15 -4.882901e+20 2.384273e+41
8.900000e-15 -5.274153e+20 2.781669e+41
8.910000e-15 -5.661113e+20 3.204821e+41
8.920000e-15 -6.043542e+20 3.652440e+41
8.930000e-15 -6.421201e+20 4.123183e+41
8.940000e-15 -6.793858e+20 4.615651e+41
8.950000e-15 -7.161281e+20 5.128395e+41
8.960000e-15 -7.523245e+20 5.659922e+41
8.970000e-15 -7.879527e+20 6.208695e+41
8.980000e-15 -8.229909e+20 6.773140e+41
8.990000e-15 -8.574176e+20 7.351650e+41
9.000000e-15 -8.912119e+20 7.942586e+41
9.010000e-15 -9.243532e+20 8.544288e+41
9.020000e-15 -9.568214e+20 9.155072e+41
9.030000e-15 -9.885969e+20 9.773239e+41
9.040000e-15 -1.019661e+21 1.039708e+42
9.050000e-15 -1.049994e+21 1.102487e+42
9.060000e-15 -1.079579e+21 1.165490e+42
9.070000e-15 -1.108397e+21 1.228544e+42
9.080000e-15 -1.136432e+21 1.291478e+42
9.090000e-15 -1.163668e+21 1.354122e+42
9.100000e-15 -1.190087e+21 1.416307e+42
9.110000e-15 -1.215675e+21 1.477866e+42
9.120000e-15 -1.240417e+21 1.538635e+42
9.130000e-15 -1.264299e+21 1.598451e+42
9.140000e-15 -1.287306e+21 1.657156e+42
9.150000e-15 -1.309425e+21 1.714595e+42
9.160000e-15 -1.330645e+21 1.770616e+42
9.170000e-15 -1.350953e+21 1.825073e+42
9.180000e-15 -1.370337e+21 1.877824e+42
9.190000e-15 -1.388788e+21 1.928732e+42
9.200000e-15 -1.406294e+21 1.977664e+42
9.210000e-15 -1.422847e+21 2.024494e+42
9.220000e-15 -1.438438e+21 2.069103e+42
9.230000e-15 -1.453058e+21 2.111377e+42
9.240000e-15 -1.466700e+21 2.151208e+42
9.250000e-15 -1.479357e+21 2.188496e+42
9.260000e-15 -1.491022e+21 2.223147e+42
9.270000e-15 -1.501691e+21 2.255075e+42
9.280000e-15 -1.511358e+21 2.284202e+42
9.290000e-15 -1.520018e+21 2.310456e+42
9.300000e-15 -1.527669e+21 2.333774e+42
9.310000e-15 -1.534308e+21 2.354100e+42
9.320000e-15 -1.539931e+21 2.371387e+42
9.330000e-15 -1.544537e+21 2.385596e+42
9.340000e-15 -1.548126e+21 2.396695e+42
9.350000e-15 -1.550697e+21 2.404662e+42
9.360000e-15 -1.552251e+21 2.409482e+42
9.370000e-15 -1.552787e+21 2.411149e+42
9.380000e-15 -1.552309e+21 2.409663e+42
9.390000e-15 -1.550818e+21 2.405037e+42
9.400000e-15 -1.548317e+21 2.397287e+42
9.410000e-15 -1.544811e+21 2.386440e+42
9.420000e-15 -1.540302e+21 2.372531e+42
9.430000e-15 -1.534797e+21 2.355601e+42
9.440000e-15 -1.528300e+21 2.335700e+42
9.450000e-15 -1.520818e+21 2.312887e+42
9.460000e-15 -1.512357e+21 2.287225e+42
9.470000e-15 -1.502926e+21 2.258786e+42
9.480000e-15 -1.492532e+21 2.227651e+42
9.490000e-15 -1.481183e+21 2.193903e+42
9.500000e-15 -1.468890e+21 2.157637e+42
9.510000e-15 -1.455661e+21 2.118949e+42
9.520000e-15 -1.441508e+21 2.077944e+42
9.530000e-15 -1.426441e+21 2.034733e+42
9.540000e-15 -1.410472e+21 1.989430e+42
9.550000e-15 -1.393613e+21 1.942156e+42
9.560000e-15 -1.375877e+21 1.893036e+42
9.570000e-15 -1.357277e+21 1.842200e+42
9.580000e-15 -1.337827e+21 1.789781e+42
9.590000e-15 -1.317541e+21 1.735915e+42
9.600000e-15 -1.296435e+21 1.680743e+42
9.610000e-15 -1.274523e+21 1.624409e+42
9.620000e-15 -1.251822e+21 1.567057e+42
9.630000e-15 -1.228347e+21 1.508836e+42
9.640000e-15 -1.204116e+21 1.449895e+42
9.650000e-15 -1.179145e+21 1.390384e+42
9.660000e-15 -1.153454e+21 1.330456e+42
9.670000e-15 -1.127059e+21 1.270262e+42
9.680000e-15 -1.099980e+21 1.209955e+42
9.690000e-15 -1.072235e+21 1.149687e+42
9.700000e-15 -1.043843e+21 1.089609e+42
9.710000e-15 -1.014826e+21 1.029872e+42
9.720000e-15 -9.852022e+20 9.706234e+41
9.730000e-15 -9.549928e+20 9.120113e+41
9.740000e-15 -9.242187e+20 8.541802e+41
9.750000e-15 -8.929010e+20 7.972721e+41
9.760000e-15 -8.610612e+20 7.414264e+41
9.770000e-15 -8.287212e+20 6.867788e+41
9.780000e-15 -7.959031e+20 6.334618e+41
9.790000e-15 -7.626293e+20 5.816035e+41
9.800000e-15 -7.289224e+20 5.313279e+41
9.810000e-15 -6.948054e+20 4.827545e+41
9.820000e-15 -6.603013e+20 4.359978e+41
9.830000e-15 -6.254334e+20 3.911670e+41
9.840000e-15 -5.902254e+20 3.483660e+41
9.850000e-15 -5.547008e+20 3.076929e+41
9.860000e-15 -5.188835e+20 2.692401e+41
9.870000e-15 -4.827977e+20 2.330936e+41
9.880000e-15 -4.464674e+20 1.993331e+41
9.890000e-15 -4.099168e+20 1.680318e+41
9.900000e-15 -3.731704e+20 1.392562e+41
9.910000e-15 -3.362526e+20 1.130658e+41
9.920000e-15 -2.991880e+20 8.951344e+40
9.930000e-15 -2.620010e+20 6.864453e+40
9.940000e-15 -2.247164e+20 5.049745e+40
9.950000e-15 -1.873587e+20 3.510327e+40
9.960000e-15 -1.499526e+20 2.248577e+40
9.970000e-15 -1.125227e+20 1.266135e+40
9.980000e-15 -7.509359e+19 5.639048e+39
9.990000e-15 -3.768987e+19 1.420526e+39
1.000000e-14 -3.360133e+17 1.129049e+35
