0.000000e+00 nan nan
1.000000e-17 -5.382462e+08 2.897090e+17
2.000000e-17 -3.444362e+10 1.186363e+21
3.000000e-17 -3.922559e+11 1.538647e+23
4.000000e-17 -2.203333e+12 4.854676e+24
5.000000e-17 -8.402020e+12 7.059394e+25
6.000000e-17 -2.507725e+13 6.288685e+26
7.000000e-17 -6.320255e+13 3.994562e+27
8.000000e-17 -1.407426e+14 1.980847e+28
9.000000e-17 -2.851313e+14 8.129988e+28
1.000000e-16 -5.361169e+14 2.874213e+29
1.100000e-16 -9.489653e+14 9.005352e+29
1.200000e-16 -1.598018e+15 2.553662e+30
1.300000e-16 -2.580593e+15 6.659459e+30
1.400000e-16 -4.021221e+15 1.617022e+31
1.500000e-16 -6.076210e+15 3.692033e+31
1.600000e-16 -8.938524e+15 7.989721e+31
1.700000e-16 -1.284296e+16 1.649417e+32
1.800000e-16 -1.807165e+16 3.265845e+32
1.900000e-16 -2.495977e+16 6.229899e+32
2.000000e-16 -3.390160e+16 1.149318e+33
2.100000e-16 -4.535680e+16 2.057239e+33
2.200000e-16 -5.985690e+16 3.582848e+33
2.300000e-16 -7.801206e+16 6.085882e+33
2.400000e-16 -1.005180e+17 1.010387e+34
2.500000e-16 -1.281632e+17 1.642580e+34
2.600000e-16 -1.618360e+17 2.619090e+34
2.700000e-16 -2.025325e+17 4.101940e+34
2.800000e-16 -2.513635e+17 6.318361e+34
2.900000e-16 -3.095630e+17 9.582923e+34
3.000000e-16 -3.784953e+17 1.432587e+35
3.100000e-16 -4.596636e+17 2.112907e+35
3.200000e-16 -5.547174e+17 3.077114e+35
3.300000e-16 -6.654609e+17 4.428382e+35
3.400000e-16 -7.938606e+17 6.302147e+35
3.500000e-16 -9.420540e+17 8.874658e+35
3.600000e-16 -1.112357e+18 1.237338e+36
3.700000e-16 -1.307273e+18 1.708962e+36
3.800000e-16 -1.529498e+18 2.339363e+36
3.900000e-16 -1.781932e+18 3.175282e+36
4.000000e-16 -2.067686e+18 4.275325e+36
4.100000e-16 -2.390087e+18 5.712514e+36
4.200000e-16 -2.752688e+18 7.577289e+36
4.300000e-16 -3.159274e+18 9.981014e+36
4.400000e-16 -3.613872e+18 1.306007e+37
4.500000e-16 -4.120754e+18 1.698061e+37
4.600000e-16 -4.684444e+18 2.194402e+37
4.700000e-16 -5.309729e+18 2.819322e+37
4.800000e-16 -6.001660e+18 3.601992e+37
4.900000e-16 -6.765560e+18 4.577280e+37
5.000000e-16 -7.607031e+18 5.786692e+37
5.100000e-16 -8.531956e+18 7.279427e+37
5.200000e-16 -9.546507e+18 9.113580e+37
5.300000e-16 -1.065715e+19 1.135748e+38
5.400000e-16 -1.187064e+19 1.409121e+38
5.500000e-16 -1.319404e+19 1.740827e+38
5.600000e-16 -1.463472e+19 2.141749e+38
5.700000e-16 -1.620034e+19 2.624510e+38
5.800000e-16 -1.789888e+19 3.203701e+38
5.900000e-16 -1.973865e+19 3.896142e+38
6.000000e-16 -2.172823e+19 4.721158e+38
6.100000e-16 -2.387654e+19 5.700892e+38
6.200000e-16 -2.619282e+19 6.860638e+38
6.300000e-16 -2.868661e+19 8.229215e+38
6.400000e-16 -3.136776e+19 9.839366e+38
6.500000e-16 -3.424645e+19 1.172820e+39
6.600000e-16 -3.733316e+19 1.393765e+39
6.700000e-16 -4.063867e+19 1.651502e+39
6.800000e-16 -4.417408e+19 1.951350e+39
6.900000e-16 -4.795079e+19 2.299278e+39
7.000000e-16 -5.198048e+19 2.701970e+39
7.100000e-16 -5.627515e+19 3.166892e+39
7.200000e-16 -6.084707e+19 3.702366e+39
7.300000e-16 -6.570879e+19 4.317645e+39
7.400000e-16 -7.087316e+19 5.023004e+39
7.500000e-16 -7.635326e+19 5.829821e+39
7.600000e-16 -8.216247e+19 6.750672e+39
7.700000e-16 -8.831440e+19 7.799433e+39
7.800000e-16 -9.482290e+19 8.991382e+39
7.900000e-16 -1.017021e+20 1.034331e+40
8.000000e-16 -1.089662e+20 1.187364e+40
8.100000e-16 -1.166299e+20 1.360253e+40
8.200000e-16 -1.247078e+20 1.555203e+40
8.300000e-16 -1.332148e+20 1.774619e+40
8.400000e-16 -1.421661e+20 2.021121e+40
8.500000e-16 -1.515769e+20 2.297557e+40
8.600000e-16 -1.614627e+20 2.607019e+40
8.700000e-16 -1.718388e+20 2.952858e+40
8.800000e-16 -1.827211e+20 3.338700e+40
8.900000e-16 -1.941252e+20 3.768460e+40
9.000000e-16 -2.060671e+20 4.246364e+40
9.100000e-16 -2.185625e+20 4.776958e+40
9.200000e-16 -2.316276e+20 5.365135e+40
9.300000e-16 -2.452783e+20 6.016144e+40
9.400000e-16 -2.595306e+20 6.735613e+40
9.500000e-16 -2.744005e+20 7.529565e+40
9.600000e-16 -2.899041e+20 8.404439e+40
9.700000e-16 -3.060573e+20 9.367105e+40
9.800000e-16 -3.228759e+20 1.042489e+41
9.900000e-16 -3.403758e+20 1.158557e+41
1.000000e-15 -3.585727e+20 1.285744e+41
1.010000e-15 -3.774822e+20 1.424928e+41
1.020000e-15 -3.971196e+20 1.577040e+41
1.030000e-15 -4.175003e+20 1.743065e+41
1.040000e-15 -4.386393e+20 1.924045e+41
1.050000e-15 -4.605515e+20 2.121077e+41
1.060000e-15 -4.832514e+20 2.335319e+41
1.070000e-15 -5.067534e+20 2.567990e+41
1.080000e-15 -5.310715e+20 2.820370e+41
1.090000e-15 -5.562196e+20 3.093803e+41
1.100000e-15 -5.822110e+20 3.389697e+41
1.110000e-15 -6.090588e+20 3.709526e+41
1.120000e-15 -6.367756e+20 4.054831e+41
1.130000e-15 -6.653737e+20 4.427222e+41
1.140000e-15 -6.948650e+20 4.828373e+41
1.150000e-15 -7.252607e+20 5.260031e+41
1.160000e-15 -7.565719e+20 5.724011e+41
1.170000e-15 -7.888089e+20 6.222195e+41
1.180000e-15 -8.219816e+20 6.756538e+41
1.190000e-15 -8.560993e+20 7.329059e+41
1.200000e-15 -8.911706e+20 7.941850e+41
1.210000e-15 -9.272038e+20 8.597069e+41
1.220000e-15 -9.642063e+20 9.296938e+41
1.230000e-15 -1.002185e+21 1.004375e+42
1.240000e-15 -1.041146e+21 1.083985e+42
1.250000e-15 -1.081095e+21 1.168767e+42
1.260000e-15 -1.122037e+21 1.258967e+42
1.270000e-15 -1.163975e+21 1.354838e+42
1.280000e-15 -1.206913e+21 1.456640e+42
1.290000e-15 -1.250854e+21 1.564636e+42
1.300000e-15 -1.295799e+21 1.679095e+42
1.310000e-15 -1.341749e+21 1.800290e+42
1.320000e-15 -1.388704e+21 1.928498e+42
1.330000e-15 -1.436663e+21 2.063999e+42
1.340000e-15 -1.485624e+21 2.207079e+42
1.350000e-15 -1.535585e+21 2.358022e+42
1.360000e-15 -1.586543e+21 2.517118e+42
1.370000e-15 -1.638492e+21 2.684657e+42
1.380000e-15 -1.691428e+21 2.860929e+42
1.390000e-15 -1.745344e+21 3.046225e+42
1.400000e-15 -1.800232e+21 3.240836e+42
1.410000e-15 -1.856085e+21 3.445051e+42
1.420000e-15 -1.912893e+21 3.659158e+42
1.430000e-15 -1.970645e+21 3.883440e+42
1.440000e-15 -2.029330e+21 4.118180e+42
1.450000e-15 -2.088936e+21 4.363653e+42
1.460000e-15 -2.149449e+21 4.620132e+42
1.470000e-15 -2.210855e+21 4.887880e+42
1.480000e-15 -2.273138e+21 5.167156e+42
1.490000e-15 -2.336281e+21 5.458210e+42
1.500000e-15 -2.400267e+21 5.761283e+42
1.510000e-15 -2.465077e+21 6.076605e+42
1.520000e-15 -2.530691e+21 6.404396e+42
1.530000e-15 -2.597088e+21 6.744864e+42
1.540000e-15 -2.664245e+21 7.098202e+42
1.550000e-15 -2.732141e+21 7.464592e+42
1.560000e-15 -2.800750e+21 7.844198e+42
1.570000e-15 -2.870047e+21 8.237169e+42
1.580000e-15 -2.940006e+21 8.643636e+42
1.590000e-15 -3.010600e+21 9.063711e+42
1.600000e-15 -3.081800e+21 9.497489e+42
1.610000e-15 -3.153576e+21 9.945041e+42
1.620000e-15 -3.225898e+21 1.040642e+43
1.630000e-15 -3.298735e+21 1.088165e+43
1.640000e-15 -3.372053e+21 1.137074e+43
1.650000e-15 -3.445820e+21 1.187368e+43
1.660000e-15 -3.520000e+21 1.239040e+43
1.670000e-15 -3.594558e+21 1.292085e+43
1.680000e-15 -3.669458e+21 1.346492e+43
1.690000e-15 -3.744662e+21 1.402249e+43
1.700000e-15 -3.820131e+21 1.459340e+43
1.710000e-15 -3.895827e+21 1.517747e+43
1.720000e-15 -3.971709e+21 1.577447e+43
1.730000e-15 -4.047736e+21 1.638417e+43
1.740000e-15 -4.123866e+21 1.700627e+43
1.750000e-15 -4.200058e+21 1.764048e+43
1.760000e-15 -4.276266e+21 1.828645e+43
1.770000e-15 -4.352448e+21 1.894380e+43
1.780000e-15 -4.428558e+21 1.961213e+43
1.790000e-15 -4.504551e+21 2.029098e+43
1.800000e-15 -4.580380e+21 2.097988e+43
1.810000e-15 -4.655999e+21 2.167833e+43
1.820000e-15 -4.731360e+21 2.238577e+43
1.830000e-15 -4.806416e+21 2.310164e+43
1.840000e-15 -4.881117e+21 2.382531e+43
1.850000e-15 -4.955416e+21 2.455614e+43
1.860000e-15 -5.029261e+21 2.529347e+43
1.870000e-15 -5.102605e+21 2.603657e+43
1.880000e-15 -5.175395e+21 2.678472e+43
1.890000e-15 -5.247583e+21 2.753712e+43
1.900000e-15 -5.319116e+21 2.829300e+43
1.910000e-15 -5.389945e+21 2.905151e+43
1.920000e-15 -5.460017e+21 2.981179e+43
1.930000e-15 -5.529282e+21 3.057296e+43
1.940000e-15 -5.597688e+21 3.133411e+43
1.950000e-15 -5.665183e+21 3.209430e+43
1.960000e-15 -5.731716e+21 3.285257e+43
1.970000e-15 -5.797235e+21 3.360794e+43
1.980000e-15 -5.861689e+21 3.435940e+43
1.990000e-15 -5.925026e+21 3.510594e+43
2.000000e-15 -5.987196e+21 3.584651e+43
2.010000e-15 -6.048146e+21 3.658007e+43
2.020000e-15 -6.107827e+21 3.730555e+43
2.030000e-15 -6.166188e+21 3.802187e+43
2.040000e-15 -6.223178e+21 3.872795e+43
2.050000e-15 -6.278749e+21 3.942269e+43
2.060000e-15 -6.332851e+21 4.010500e+43
2.070000e-15 -6.385435e+21 4.077378e+43
2.080000e-15 -6.436453e+21 4.142793e+43
2.090000e-15 -6.485858e+21 4.206635e+43
2.100000e-15 -6.533602e+21 4.268796e+43
2.110000e-15 -6.579640e+21 4.329166e+43
2.120000e-15 -6.623925e+21 4.387639e+43
2.130000e-15 -6.666414e+21 4.444107e+43
2.140000e-15 -6.707061e+21 4.498467e+43
2.150000e-15 -6.745825e+21 4.550616e+43
2.160000e-15 -6.782663e+21 4.600452e+43
2.170000e-15 -6.817534e+21 4.647877e+43
2.180000e-15 -6.850397e+21 4.692794e+43
2.190000e-15 -6.881215e+21 4.735111e+43
2.200000e-15 -6.909947e+21 4.774737e+43
2.210000e-15 -6.936559e+21 4.811585e+43
2.220000e-15 -6.961014e+21 4.845572e+43
2.230000e-15 -6.983278e+21 4.876617e+43
2.240000e-15 -7.003317e+21 4.904644e+43
2.250000e-15 -7.021099e+21 4.929583e+43
2.260000e-15 -7.036595e+21 4.951366e+43
2.270000e-15 -7.049774e+21 4.969931e+43
2.280000e-15 -7.060609e+21 4.985220e+43
2.290000e-15 -7.069074e+21 4.997181e+43
2.300000e-15 -7.075143e+21 5.005765e+43
2.310000e-15 -7.078794e+21 5.010932e+43
2.320000e-15 -7.080003e+21 5.012645e+43
2.330000e-15 -7.078752e+21 5.010873e+43
2.340000e-15 -7.075021e+21 5.005592e+43
2.350000e-15 -7.068792e+21 4.996782e+43
2.360000e-15 -7.060051e+21 4.984432e+43
2.370000e-15 -7.048783e+21 4.968535e+43
2.380000e-15 -7.034977e+21 4.949090e+43
2.390000e-15 -7.018621e+21 4.926104e+43
2.400000e-15 -6.999707e+21 4.899590e+43
2.410000e-15 -6.978228e+21 4.869566e+43
2.420000e-15 -6.954178e+21 4.836059e+43
2.430000e-15 -6.927553e+21 4.799099e+43
2.440000e-15 -6.898352e+21 4.758726e+43
2.450000e-15 -6.866575e+21 4.714985e+43
2.460000e-15 -6.832223e+21 4.667927e+43
2.470000e-15 -6.795300e+21 4.617610e+43
2.480000e-15 -6.755810e+21 4.564097e+43
2.490000e-15 -6.713762e+21 4.507460e+43
2.500000e-15 -6.669163e+21 4.447773e+43
2.510000e-15 -6.622024e+21 4.385120e+43
2.520000e-15 -6.572358e+21 4.319589e+43
2.530000e-15 -6.520178e+21 4.251272e+43
2.540000e-15 -6.465501e+21 4.180271e+43
2.550000e-15 -6.408345e+21 4.106688e+43
2.560000e-15 -6.348728e+21 4.030634e+43
2.570000e-15 -6.286671e+21 3.952223e+43
2.580000e-15 -6.222199e+21 3.871575e+43
2.590000e-15 -6.155334e+21 3.788814e+43
2.600000e-15 -6.086104e+21 3.704066e+43
2.610000e-15 -6.014537e+21 3.617465e+43
2.620000e-15 -5.940661e+21 3.529146e+43
2.630000e-15 -5.864509e+21 3.439247e+43
2.640000e-15 -5.786114e+21 3.347911e+43
2.650000e-15 -5.705509e+21 3.255283e+43
2.660000e-15 -5.622731e+21 3.161510e+43
2.670000e-15 -5.537817e+21 3.066742e+43
2.680000e-15 -5.450807e+21 2.971129e+43
2.690000e-15 -5.361740e+21 2.874826e+43
2.700000e-15 -5.270660e+21 2.777986e+43
2.710000e-15 -5.177609e+21 2.680764e+43
2.720000e-15 -5.082633e+21 2.583316e+43
2.730000e-15 -4.985777e+21 2.485797e+43
2.740000e-15 -4.887090e+21 2.388364e+43
2.750000e-15 -4.786619e+21 2.291172e+43
2.760000e-15 -4.684415e+21 2.194374e+43
2.770000e-15 -4.580529e+21 2.098125e+43
2.780000e-15 -4.475014e+21 2.002575e+43
2.790000e-15 -4.367923e+21 1.907875e+43
2.800000e-15 -4.259310e+21 1.814172e+43
2.810000e-15 -4.149232e+21 1.721613e+43
2.820000e-15 -4.037745e+21 1.630338e+43
2.830000e-15 -3.924907e+21 1.540489e+43
2.840000e-15 -3.810775e+21 1.452201e+43
2.850000e-15 -3.695411e+21 1.365606e+43
2.860000e-15 -3.578873e+21 1.280833e+43
2.870000e-15 -3.461223e+21 1.198007e+43
2.880000e-15 -3.342523e+21 1.117246e+43
2.890000e-15 -3.222835e+21 1.038666e+43
2.900000e-15 -3.102222e+21 9.623779e+42
2.910000e-15 -2.980747e+21 8.884854e+42
2.920000e-15 -2.858476e+21 8.170884e+42
2.930000e-15 -2.735472e+21 7.482807e+42
2.940000e-15 -2.611801e+21 6.821505e+42
2.950000e-15 -2.487528e+21 6.187798e+42
2.960000e-15 -2.362720e+21 5.582447e+42
2.970000e-15 -2.237442e+21 5.006148e+42
2.980000e-15 -2.111762e+21 4.459537e+42
2.990000e-15 -1.985745e+21 3.943182e+42
3.000000e-15 -1.859458e+21 3.457585e+42
3.010000e-15 -1.732969e+21 3.003183e+42
3.020000e-15 -1.606345e+21 2.580345e+42
3.030000e-15 -1.479653e+21 2.189373e+42
3.040000e-15 -1.352959e+21 1.830499e+42
3.050000e-15 -1.226332e+21 1.503889e+42
3.060000e-15 -1.099837e+21 1.209641e+42
3.070000e-15 -9.735412e+20 9.477825e+41
3.080000e-15 -8.475118e+20 7.182762e+41
3.090000e-15 -7.218147e+20 5.210164e+41
3.100000e-15 -5.965160e+20 3.558313e+41
3.110000e-15 -4.716813e+20 2.224832e+41
3.120000e-15 -3.473760e+20 1.206701e+41
3.130000e-15 -2.236649e+20 5.002600e+40
3.140000e-15 -1.006126e+20 1.012290e+40
3.150000e-15 2.171703e+19 4.716294e+38
3.160000e-15 1.432606e+20 2.052360e+40
3.170000e-15 2.639552e+20 6.967236e+40
3.180000e-15 3.837387e+20 1.472554e+41
3.190000e-15 5.025495e+20 2.525560e+41
3.200000e-15 6.203266e+20 3.848051e+41
3.210000e-15 7.370099e+20 5.431836e+41
3.220000e-15 8.525401e+20 7.268246e+41
3.230000e-15 9.668584e+20 9.348152e+41
3.240000e-15 1.079907e+21 1.166199e+42
3.250000e-15 1.191629e+21 1.419981e+42
3.260000e-15 1.301969e+21 1.695124e+42
3.270000e-15 1.410871e+21 1.990557e+42
3.280000e-15 1.518281e+21 2.305178e+42
3.290000e-15 1.624147e+21 2.637852e+42
3.300000e-15 1.728415e+21 2.987418e+42
3.310000e-15 1.831035e+21 3.352688e+42
3.320000e-15 1.931956e+21 3.732456e+42
3.330000e-15 2.031131e+21 4.125493e+42
3.340000e-15 2.128510e+21 4.530556e+42
3.350000e-15 2.224048e+21 4.946390e+42
3.360000e-15 2.317699e+21 5.371727e+42
3.370000e-15 2.409418e+21 5.805293e+42
3.380000e-15 2.499162e+21 6.245810e+42
3.390000e-15 2.586890e+21 6.691998e+42
3.400000e-15 2.672560e+21 7.142579e+42
3.410000e-15 2.756135e+21 7.596278e+42
3.420000e-15 2.837574e+21 8.051829e+42
3.430000e-15 2.916843e+21 8.507973e+42
3.440000e-15 2.993905e+21 8.963467e+42
3.450000e-15 3.068726e+21 9.417081e+42
3.460000e-15 3.141274e+21 9.867603e+42
3.470000e-15 3.211517e+21 1.031384e+43
3.480000e-15 3.279426e+21 1.075463e+43
3.490000e-15 3.344971e+21 1.118883e+43
3.500000e-15 3.408127e+21 1.161533e+43
3.510000e-15 3.468866e+21 1.203303e+43
3.520000e-15 3.527165e+21 1.244089e+43
3.530000e-15 3.583001e+21 1.283790e+43
3.540000e-15 3.636353e+21 1.322306e+43
3.550000e-15 3.687200e+21 1.359545e+43
3.560000e-15 3.735525e+21 1.395415e+43
3.570000e-15 3.781310e+21 1.429831e+43
3.580000e-15 3.824540e+21 1.462711e+43
3.590000e-15 3.865201e+21 1.493978e+43
3.600000e-15 3.903281e+21 1.523560e+43
3.610000e-15 3.938768e+21 1.551389e+43
3.620000e-15 3.971653e+21 1.577403e+43
3.630000e-15 4.001928e+21 1.601543e+43
3.640000e-15 4.029587e+21 1.623757e+43
3.650000e-15 4.054624e+21 1.643998e+43
3.660000e-15 4.077037e+21 1.662223e+43
3.670000e-15 4.096822e+21 1.678395e+43
3.680000e-15 4.113980e+21 1.692483e+43
3.690000e-15 4.128512e+21 1.704461e+43
3.700000e-15 4.140420e+21 1.714308e+43
3.710000e-15 4.149708e+21 1.722008e+43
3.720000e-15 4.156382e+21 1.727551e+43
3.730000e-15 4.160448e+21 1.730933e+43
3.740000e-15 4.161916e+21 1.732154e+43
3.750000e-15 4.160794e+21 1.731221e+43
3.760000e-15 4.157096e+21 1.728144e+43
3.770000e-15 4.150832e+21 1.722941e+43
3.780000e-15 4.142018e+21 1.715631e+43
3.790000e-15 4.130669e+21 1.706243e+43
3.800000e-15 4.116803e+21 1.694806e+43
3.810000e-15 4.100437e+21 1.681359e+43
3.820000e-15 4.081593e+21 1.665940e+43
3.830000e-15 4.060291e+21 1.648596e+43
3.840000e-15 4.036554e+21 1.629376e+43
3.850000e-15 4.010406e+21 1.608335e+43
3.860000e-15 3.981872e+21 1.585531e+43
3.870000e-15 3.950980e+21 1.561024e+43
3.880000e-15 3.917757e+21 1.534882e+43
3.890000e-15 3.882233e+21 1.507174e+43
3.900000e-15 3.844439e+21 1.477971e+43
3.910000e-15 3.804406e+21 1.447351e+43
3.920000e-15 3.762168e+21 1.415391e+43
3.930000e-15 3.717759e+21 1.382173e+43
3.940000e-15 3.671214e+21 1.347781e+43
3.950000e-15 3.622571e+21 1.312302e+43
3.960000e-15 3.571867e+21 1.275824e+43
3.970000e-15 3.519142e+21 1.238436e+43
3.980000e-15 3.464436e+21 1.200232e+43
3.990000e-15 3.407790e+21 1.161303e+43
4.000000e-15 3.349246e+21 1.121745e+43
4.010000e-15 3.288849e+21 1.081653e+43
4.020000e-15 3.226641e+21 1.041122e+43
4.030000e-15 3.162670e+21 1.000248e+43
4.040000e-15 3.096981e+21 9.591293e+42
4.050000e-15 3.029622e+21 9.178610e+42
4.060000e-15 2.960641e+21 8.765395e+42
4.070000e-15 2.890087e+21 8.352602e+42
4.080000e-15 2.818010e+21 7.941180e+42
4.090000e-15 2.744461e+21 7.532067e+42
4.100000e-15 2.669492e+21 7.126187e+42
4.110000e-15 2.593155e+21 6.724452e+42
4.120000e-15 2.515503e+21 6.327754e+42
4.130000e-15 2.436590e+21 5.936970e+42
4.140000e-15 2.356470e+21 5.552952e+42
4.150000e-15 2.275199e+21 5.176533e+42
4.160000e-15 2.192833e+21 4.808516e+42
4.170000e-15 2.109427e+21 4.449682e+42
4.180000e-15 2.025039e+21 4.100781e+42
4.190000e-15 1.939725e+21 3.762532e+42
4.200000e-15 1.853544e+21 3.435624e+42
4.210000e-15 1.766553e+21 3.120710e+42
4.220000e-15 1.678812e+21 2.818409e+42
4.230000e-15 1.590379e+21 2.529305e+42
4.240000e-15 1.501313e+21 2.253942e+42
4.250000e-15 1.411675e+21 1.992826e+42
4.260000e-15 1.321523e+21 1.746424e+42
4.270000e-15 1.230918e+21 1.515160e+42
4.280000e-15 1.139920e+21 1.299418e+42
4.290000e-15 1.048589e+21 1.099540e+42
4.300000e-15 9.569858e+20 9.158219e+41
4.310000e-15 8.651703e+20 7.485196e+41
4.320000e-15 7.732030e+20 5.978429e+41
4.330000e-15 6.811445e+20 4.639578e+41
4.340000e-15 5.890549e+20 3.469857e+41
4.350000e-15 4.969946e+20 2.470036e+41
4.360000e-15 4.050236e+20 1.640441e+41
4.370000e-15 3.132018e+20 9.809535e+40
4.380000e-15 2.215889e+20 4.910162e+40
4.390000e-15 1.302442e+20 1.696356e+40
4.400000e-15 3.922707e+19 1.538763e+39
4.410000e-15 -5.140390e+19 2.642361e+39
4.420000e-15 -1.415902e+20 2.004779e+40
4.430000e-15 -2.312739e+20 5.348761e+40
4.440000e-15 -3.203974e+20 1.026545e+41
4.450000e-15 -4.089035e+20 1.672021e+41
4.460000e-15 -4.967359e+20 2.467465e+41
4.470000e-15 -5.838384e+20 3.408672e+41
4.480000e-15 -6.701556e+20 4.491085e+41
4.490000e-15 -7.556328e+20 5.709810e+41
4.500000e-15 -8.402159e+20 7.059628e+41
4.510000e-15 -9.238515e+20 8.535016e+41
4.520000e-15 -1.006487e+21 1.013016e+42
4.530000e-15 -1.088070e+21 1.183897e+42
4.540000e-15 -1.168550e+21 1.365510e+42
4.550000e-15 -1.247877e+21 1.557197e+42
4.560000e-15 -1.326001e+21 1.758278e+42
4.570000e-15 -1.402873e+21 1.968054e+42
4.580000e-15 -1.478447e+21 2.185806e+42
4.590000e-15 -1.552675e+21 2.410800e+42
4.600000e-15 -1.625512e+21 2.642291e+42
4.610000e-15 -1.696914e+21 2.879518e+42
4.620000e-15 -1.766837e+21 3.121712e+42
4.630000e-15 -1.835238e+21 3.368098e+42
4.640000e-15 -1.902076e+21 3.617893e+42
4.650000e-15 -1.967311e+21 3.870313e+42
4.660000e-15 -2.030904e+21 4.124573e+42
4.670000e-15 -2.092818e+21 4.379886e+42
4.680000e-15 -2.153015e+21 4.635472e+42
4.690000e-15 -2.211460e+21 4.890554e+42
4.700000e-15 -2.268119e+21 5.144363e+42
4.710000e-15 -2.322959e+21 5.396138e+42
4.720000e-15 -2.375949e+21 5.645133e+42
4.730000e-15 -2.427058e+21 5.890612e+42
4.740000e-15 -2.476258e+21 6.131854e+42
4.750000e-15 -2.523521e+21 6.368158e+42
4.760000e-15 -2.568821e+21 6.598840e+42
4.770000e-15 -2.612133e+21 6.823236e+42
4.780000e-15 -2.653433e+21 7.040708e+42
4.790000e-15 -2.692701e+21 7.250637e+42
4.800000e-15 -2.729914e+21 7.452433e+42
4.810000e-15 -2.765055e+21 7.645532e+42
4.820000e-15 -2.798106e+21 7.829399e+42
4.830000e-15 -2.829051e+21 8.003527e+42
4.840000e-15 -2.857874e+21 8.167443e+42
4.850000e-15 -2.884563e+21 8.320703e+42
4.860000e-15 -2.909106e+21 8.462898e+42
4.870000e-15 -2.931493e+21 8.593653e+42
4.880000e-15 -2.951716e+21 8.712625e+42
4.890000e-15 -2.969766e+21 8.819511e+42
4.900000e-15 -2.985639e+21 8.914041e+42
4.910000e-15 -2.999331e+21 8.995984e+42
4.920000e-15 -3.010838e+21 9.065144e+42
4.930000e-15 -3.020160e+21 9.121364e+42
4.940000e-15 -3.027296e+21 9.164524e+42
4.950000e-15 -3.032250e+21 9.194542e+42
4.960000e-15 -3.035025e+21 9.211375e+42
4.970000e-15 -3.035625e+21 9.215016e+42
4.980000e-15 -3.034056e+21 9.205497e+42
4.990000e-15 -3.030328e+21 9.182885e+42
5.000000e-15 -3.024448e+21 9.147286e+42
5.010000e-15 -3.016429e+21 9.098842e+42
5.020000e-15 -3.006282e+21 9.037731e+42
5.030000e-15 -2.994021e+21 8.964163e+42
5.040000e-15 -2.979662e+21 8.878387e+42
5.050000e-15 -2.963221e+21 8.780681e+42
5.060000e-15 -2.944717e+21 8.671358e+42
5.070000e-15 -2.924168e+21 8.550761e+42
5.080000e-15 -2.901597e+21 8.419263e+42
5.090000e-15 -2.877024e+21 8.277267e+42
5.100000e-15 -2.850474e+21 8.125203e+42
5.110000e-15 -2.821972e+21 7.963526e+42
5.120000e-15 -2.791544e+21 7.792717e+42
5.130000e-15 -2.759217e+21 7.613281e+42
5.140000e-15 -2.725021e+21 7.425742e+42
5.150000e-15 -2.688986e+21 7.230647e+42
5.160000e-15 -2.651143e+21 7.028559e+42
5.170000e-15 -2.611524e+21 6.820059e+42
5.180000e-15 -2.570164e+21 6.605743e+42
5.190000e-15 -2.527097e+21 6.386219e+42
5.200000e-15 -2.482359e+21 6.162108e+42
5.210000e-15 -2.435988e+21 5.934039e+42
5.220000e-15 -2.388022e+21 5.702649e+42
5.230000e-15 -2.338500e+21 5.468580e+42
5.240000e-15 -2.287462e+21 5.232481e+42
5.250000e-15 -2.234949e+21 4.994999e+42
5.260000e-15 -2.181005e+21 4.756784e+42
5.270000e-15 -2.125672e+21 4.518482e+42
5.280000e-15 -2.068994e+21 4.280737e+42
5.290000e-15 -2.011017e+21 4.044188e+42
5.300000e-15 -1.951785e+21 3.809464e+42
5.310000e-15 -1.891346e+21 3.577189e+42
5.320000e-15 -1.829747e+21 3.347973e+42
5.330000e-15 -1.767036e+21 3.122415e+42
5.340000e-15 -1.703261e+21 2.901099e+42
5.350000e-15 -1.638473e+21 2.684595e+42
5.360000e-15 -1.572722e+21 2.473454e+42
5.370000e-15 -1.506057e+21 2.268208e+42
5.380000e-15 -1.438530e+21 2.069370e+42
5.390000e-15 -1.370194e+21 1.877431e+42
5.400000e-15 -1.301099e+21 1.692859e+42
5.410000e-15 -1.231299e+21 1.516097e+42
5.420000e-15 -1.160847e+21 1.347565e+42
5.430000e-15 -1.089795e+21 1.187653e+42
5.440000e-15 -1.018198e+21 1.036728e+42
5.450000e-15 -9.461102e+20 8.951245e+41
5.460000e-15 -8.735849e+20 7.631506e+41
5.470000e-15 -8.006768e+20 6.410833e+41
5.480000e-15 -7.274404e+20 5.291696e+41
5.490000e-15 -6.539305e+20 4.276252e+41
5.500000e-15 -5.802018e+20 3.366342e+41
5.510000e-15 -5.063091e+20 2.563489e+41
5.520000e-15 -4.323071e+20 1.868894e+41
5.530000e-15 -3.582506e+20 1.283435e+41
5.540000e-15 -2.841943e+20 8.076642e+40
5.550000e-15 -2.101928e+20 4.418099e+40
5.560000e-15 -1.363003e+20 1.857777e+40
5.570000e-15 -6.257112e+19 3.915145e+39
5.580000e-15 1.094081e+19 1.197012e+38
5.590000e-15 8.418183e+19 7.086580e+39
5.600000e-15 1.570986e+20 2.467997e+40
5.610000e-15 2.296381e+20 5.273366e+40
5.620000e-15 3.017478e+20 9.105173e+40
5.630000e-15 3.733755e+20 1.394092e+41
5.640000e-15 4.444694e+20 1.975531e+41
5.650000e-15 5.149785e+20 2.652029e+41
5.660000e-15 5.848521e+20 3.420519e+41
5.670000e-15 6.540400e+20 4.277684e+41
5.680000e-15 7.224930e+20 5.219962e+41
5.690000e-15 7.901622e+20 6.243563e+41
5.700000e-15 8.569995e+20 7.344481e+41
5.710000e-15 9.229575e+20 8.518506e+41
5.720000e-15 9.879897e+20 9.761237e+41
5.730000e-15 1.052050e+21 1.106810e+42
5.740000e-15 1.115094e+21 1.243435e+42
5.750000e-15 1.177077e+21 1.385510e+42
5.760000e-15 1.237956e+21 1.532535e+42
5.770000e-15 1.297689e+21 1.683996e+42
5.780000e-15 1.356233e+21 1.839369e+42
5.790000e-15 1.413550e+21 1.998124e+42
5.800000e-15 1.469599e+21 2.159722e+42
5.810000e-15 1.524342e+21 2.323620e+42
5.820000e-15 1.577742e+21 2.489271e+42
5.830000e-15 1.629763e+21 2.656127e+42
5.840000e-15 1.680369e+21 2.823640e+42
5.850000e-15 1.729526e+21 2.991262e+42
5.860000e-15 1.777203e+21 3.158450e+42
5.870000e-15 1.823366e+21 3.324664e+42
5.880000e-15 1.867986e+21 3.489373e+42
5.890000e-15 1.911034e+21 3.652051e+42
5.900000e-15 1.952481e+21 3.812183e+42
5.910000e-15 1.992301e+21 3.969265e+42
5.920000e-15 2.030469e+21 4.122805e+42
5.930000e-15 2.066960e+21 4.272324e+42
5.940000e-15 2.101752e+21 4.417362e+42
5.950000e-15 2.134823e+21 4.557470e+42
5.960000e-15 2.166153e+21 4.692221e+42
5.970000e-15 2.195724e+21 4.821204e+42
5.980000e-15 2.223518e+21 4.944032e+42
5.990000e-15 2.249519e+21 5.060334e+42
6.000000e-15 2.273712e+21 5.169765e+42
6.010000e-15 2.296084e+21 5.272003e+42
6.020000e-15 2.316624e+21 5.366748e+42
6.030000e-15 2.335321e+21 5.453725e+42
6.040000e-15 2.352166e+21 5.532686e+42
6.050000e-15 2.367152e+21 5.603408e+42
6.060000e-15 2.380272e+21 5.665695e+42
6.070000e-15 2.391522e+21 5.719376e+42
6.080000e-15 2.400898e+21 5.764311e+42
6.090000e-15 2.408399e+21 5.800385e+42
6.100000e-15 2.414024e+21 5.827511e+42
6.110000e-15 2.417774e+21 5.845631e+42
6.120000e-15 2.419652e+21 5.854714e+42
6.130000e-15 2.419661e+21 5.854758e+42
6.140000e-15 2.417807e+21 5.845789e+42
6.150000e-15 2.414096e+21 5.827859e+42
6.160000e-15 2.408536e+21 5.801047e+42
6.170000e-15 2.401138e+21 5.765462e+42
6.180000e-15 2.391911e+21 5.721236e+42
6.190000e-15 2.380867e+21 5.668529e+42
6.200000e-15 2.368021e+21 5.607525e+42
6.210000e-15 2.353388e+21 5.538433e+42
6.220000e-15 2.336982e+21 5.461485e+42
6.230000e-15 2.318822e+21 5.376938e+42
6.240000e-15 2.298928e+21 5.285068e+42
6.250000e-15 2.277317e+21 5.186175e+42
6.260000e-15 2.254013e+21 5.080576e+42
6.270000e-15 2.229038e+21 4.968611e+42
6.280000e-15 2.202415e+21 4.850633e+42
6.290000e-15 2.174170e+21 4.727015e+42
6.300000e-15 2.144328e+21 4.598144e+42
6.310000e-15 2.112918e+21 4.464422e+42
6.320000e-15 2.079967e+21 4.326263e+42
6.330000e-15 2.045505e+21 4.184092e+42
6.340000e-15 2.009563e+21 4.038345e+42
6.350000e-15 1.972173e+21 3.889468e+42
6.360000e-15 1.933368e+21 3.737911e+42
6.370000e-15 1.893180e+21 3.584132e+42
6.380000e-15 1.851646e+21 3.428593e+42
6.390000e-15 1.808800e+21 3.271759e+42
6.400000e-15 1.764680e+21 3.114097e+42
6.410000e-15 1.719323e+21 2.956073e+42
6.420000e-15 1.672768e+21 2.798152e+42
6.430000e-15 1.625053e+21 2.640797e+42
6.440000e-15 1.576219e+21 2.484466e+42
6.450000e-15 1.526306e+21 2.329611e+42
6.460000e-15 1.475357e+21 2.176679e+42
6.470000e-15 1.423413e+21 2.026106e+42
6.480000e-15 1.370518e+21 1.878320e+42
6.490000e-15 1.316715e+21 1.733737e+42
6.500000e-15 1.262047e+21 1.592764e+42
6.510000e-15 1.206561e+21 1.455790e+42
6.520000e-15 1.150301e+21 1.323192e+42
6.530000e-15 1.093313e+21 1.195333e+42
6.540000e-15 1.035643e+21 1.072556e+42
6.550000e-15 9.773375e+20 9.551886e+41
6.560000e-15 9.184442e+20 8.435397e+41
6.570000e-15 8.590101e+20 7.378984e+41
6.580000e-15 7.990830e+20 6.385337e+41
6.590000e-15 7.387109e+20 5.456937e+41
6.600000e-15 6.779418e+20 4.596051e+41
6.610000e-15 6.168243e+20 3.804722e+41
6.620000e-15 5.554069e+20 3.084769e+41
6.630000e-15 4.937383e+20 2.437775e+41
6.640000e-15 4.318673e+20 1.865094e+41
6.650000e-15 3.698428e+20 1.367837e+41
6.660000e-15 3.077134e+20 9.468754e+40
6.670000e-15 2.455281e+20 6.028406e+40
6.680000e-15 1.833356e+20 3.361196e+40
6.690000e-15 1.211846e+20 1.468571e+40
6.700000e-15 5.912352e+19 3.495591e+39
6.710000e-15 -2.799304e+18 7.836102e+36
6.720000e-15 -6.453575e+19 4.164863e+39
6.730000e-15 -1.260380e+20 1.588557e+40
6.740000e-15 -1.872584e+20 3.506570e+40
6.750000e-15 -2.481498e+20 6.157830e+40
6.760000e-15 -3.086652e+20 9.527421e+40
6.770000e-15 -3.687582e+20 1.359826e+41
6.780000e-15 -4.283828e+20 1.835118e+41
6.790000e-15 -4.874934e+20 2.376498e+41
6.800000e-15 -5.460448e+20 2.981649e+41
6.810000e-15 -6.039925e+20 3.648069e+41
6.820000e-15 -6.612926e+20 4.373079e+41
6.830000e-15 -7.179016e+20 5.153828e+41
6.840000e-15 -7.737770e+20 5.987308e+41
6.850000e-15 -8.288764e+20 6.870361e+41
6.860000e-15 -8.831587e+20 7.799693e+41
6.870000e-15 -9.365832e+20 8.771881e+41
6.880000e-15 -9.891100e+20 9.783386e+41
6.890000e-15 -1.040700e+21 1.083056e+42
6.900000e-15 -1.091315e+21 1.190968e+42
6.910000e-15 -1.140917e+21 1.301693e+42
6.920000e-15 -1.189471e+21 1.414841e+42
6.930000e-15 -1.236940e+21 1.530020e+42
6.940000e-15 -1.283289e+21 1.646832e+42
6.950000e-15 -1.328486e+21 1.764875e+42
6.960000e-15 -1.372497e+21 1.883747e+42
6.970000e-15 -1.415290e+21 2.003045e+42
6.980000e-15 -1.456835e+21 2.122367e+42
6.990000e-15 -1.497102e+21 2.241313e+42
7.000000e-15 -1.536062e+21 2.359486e+42
7.010000e-15 -1.573688e+21 2.476494e+42
7.020000e-15 -1.609954e+21 2.591951e+42
7.030000e-15 -1.644833e+21 2.705477e+42
7.040000e-15 -1.678303e+21 2.816703e+42
7.050000e-15 -1.710341e+21 2.925265e+42
7.060000e-15 -1.740923e+21 3.030813e+42
7.070000e-15 -1.770031e+21 3.133008e+42
7.080000e-15 -1.797643e+21 3.231521e+42
7.090000e-15 -1.823743e+21 3.326040e+42
7.100000e-15 -1.848314e+21 3.416264e+42
7.110000e-15 -1.871339e+21 3.501910e+42
7.120000e-15 -1.892805e+21 3.582709e+42
7.130000e-15 -1.912697e+21 3.658411e+42
7.140000e-15 -1.931005e+21 3.728782e+42
7.150000e-15 -1.947718e+21 3.793606e+42
7.160000e-15 -1.962826e+21 3.852688e+42
7.170000e-15 -1.976322e+21 3.905850e+42
7.180000e-15 -1.988199e+21 3.952935e+42
7.190000e-15 -1.998451e+21 3.993805e+42
7.200000e-15 -2.007074e+21 4.028346e+42
7.210000e-15 -2.014066e+21 4.056460e+42
7.220000e-15 -2.019424e+21 4.078074e+42
7.230000e-15 -2.023150e+21 4.093135e+42
7.240000e-15 -2.025243e+21 4.101609e+42
7.250000e-15 -2.025707e+21 4.103487e+42
7.260000e-15 -2.024544e+21 4.098779e+42
7.270000e-15 -2.021761e+21 4.087516e+42
7.280000e-15 -2.017362e+21 4.069751e+42
7.290000e-15 -2.011357e+21 4.045556e+42
7.300000e-15 -2.003753e+21 4.015024e+42
7.310000e-15 -1.994560e+21 3.978269e+42
7.320000e-15 -1.983790e+21 3.935423e+42
7.330000e-15 -1.971456e+21 3.886637e+42
7.340000e-15 -1.957570e+21 3.832081e+42
7.350000e-15 -1.942149e+21 3.771942e+42
7.360000e-15 -1.925207e+21 3.706423e+42
7.370000e-15 -1.906763e+21 3.635747e+42
7.380000e-15 -1.886835e+21 3.560148e+42
7.390000e-15 -1.865443e+21 3.479877e+42
7.400000e-15 -1.842607e+21 3.395199e+42
7.410000e-15 -1.818348e+21 3.306391e+42
7.420000e-15 -1.792691e+21 3.213742e+42
7.430000e-15 -1.765659e+21 3.117551e+42
7.440000e-15 -1.737277e+21 3.018131e+42
7.450000e-15 -1.707571e+21 2.915798e+42
7.460000e-15 -1.676568e+21 2.810879e+42
7.470000e-15 -1.644296e+21 2.703710e+42
7.480000e-15 -1.610785e+21 2.594627e+42
7.490000e-15 -1.576063e+21 2.483975e+42
7.500000e-15 -1.540163e+21 2.372101e+42
7.510000e-15 -1.503115e+21 2.259355e+42
7.520000e-15 -1.464953e+21 2.146086e+42
7.530000e-15 -1.425709e+21 2.032645e+42
7.540000e-15 -1.385417e+21 1.919381e+42
7.550000e-15 -1.344114e+21 1.806642e+42
7.560000e-15 -1.301834e+21 1.694771e+42
7.570000e-15 -1.258613e+21 1.584107e+42
7.580000e-15 -1.214489e+21 1.474985e+42
7.590000e-15 -1.169500e+21 1.367731e+42
7.600000e-15 -1.123684e+21 1.262665e+42
7.610000e-15 -1.077079e+21 1.160098e+42
7.620000e-15 -1.029725e+21 1.060333e+42
7.630000e-15 -9.816615e+20 9.636593e+41
7.640000e-15 -9.329298e+20 8.703581e+41
7.650000e-15 -8.835704e+20 7.806967e+41
7.660000e-15 -8.336246e+20 6.949299e+41
7.670000e-15 -7.831339e+20 6.132987e+41
7.680000e-15 -7.321404e+20 5.360296e+41
7.690000e-15 -6.806865e+20 4.633341e+41
7.700000e-15 -6.288147e+20 3.954079e+41
7.710000e-15 -5.765679e+20 3.324306e+41
7.720000e-15 -5.239891e+20 2.745646e+41
7.730000e-15 -4.711217e+20 2.219556e+41
7.740000e-15 -4.180088e+20 1.747314e+41
7.750000e-15 -3.646941e+20 1.330018e+41
7.760000e-15 -3.112210e+20 9.685852e+40
7.770000e-15 -2.576332e+20 6.637486e+40
7.780000e-15 -2.039742e+20 4.160547e+40
7.790000e-15 -1.502875e+20 2.258634e+40
7.800000e-15 -9.661669e+19 9.334785e+39
7.810000e-15 -4.300505e+19 1.849434e+39
7.820000e-15 1.050418e+19 1.103378e+38
7.830000e-15 6.386795e+19 4.079114e+39
7.840000e-15 1.170434e+20 1.369916e+40
7.850000e-15 1.699880e+20 2.889591e+40
7.860000e-15 2.226593e+20 4.957716e+40
7.870000e-15 2.750154e+20 7.563346e+40
7.880000e-15 3.270146e+20 1.069385e+41
7.890000e-15 3.786155e+20 1.433497e+41
7.900000e-15 4.297774e+20 1.847086e+41
7.910000e-15 4.804598e+20 2.308416e+41
7.920000e-15 5.306226e+20 2.815604e+41
7.930000e-15 5.802265e+20 3.366628e+41
7.940000e-15 6.292325e+20 3.959335e+41
7.950000e-15 6.776022e+20 4.591447e+41
7.960000e-15 7.252978e+20 5.260569e+41
7.970000e-15 7.722822e+20 5.964198e+41
7.980000e-15 8.185189e+20 6.699732e+41
7.990000e-15 8.639720e+20 7.464477e+41
8.000000e-15 9.086065e+20 8.255659e+41
8.010000e-15 9.523880e+20 9.070429e+41
8.020000e-15 9.952829e+20 9.905880e+41
8.030000e-15 1.037258e+21 1.075905e+42
8.040000e-15 1.078282e+21 1.162692e+42
8.050000e-15 1.118323e+21 1.250647e+42
8.060000e-15 1.157352e+21 1.339463e+42
8.070000e-15 1.195337e+21 1.428831e+42
8.080000e-15 1.232252e+21 1.518445e+42
8.090000e-15 1.268068e+21 1.607997e+42
8.100000e-15 1.302759e+21 1.697182e+42
8.110000e-15 1.336300e+21 1.785696e+42
8.120000e-15 1.368664e+21 1.873241e+42
8.130000e-15 1.399829e+21 1.959522e+42
8.140000e-15 1.429772e+21 2.044249e+42
8.150000e-15 1.458472e+21 2.127141e+42
8.160000e-15 1.485907e+21 2.207921e+42
8.170000e-15 1.512059e+21 2.286322e+42
8.180000e-15 1.536908e+21 2.362087e+42
8.190000e-15 1.560438e+21 2.434967e+42
8.200000e-15 1.582632e+21 2.504725e+42
8.210000e-15 1.603476e+21 2.571134e+42
8.220000e-15 1.622954e+21 2.633980e+42
8.230000e-15 1.641055e+21 2.693061e+42
8.240000e-15 1.657766e+21 2.748189e+42
8.250000e-15 1.673078e+21 2.799189e+42
8.260000e-15 1.686980e+21 2.845901e+42
8.270000e-15 1.699464e+21 2.888179e+42
8.280000e-15 1.710524e+21 2.925894e+42
8.290000e-15 1.720154e+21 2.958930e+42
8.300000e-15 1.728348e+21 2.987188e+42
8.310000e-15 1.735104e+21 3.010586e+42
8.320000e-15 1.740419e+21 3.029058e+42
8.330000e-15 1.744292e+21 3.042553e+42
8.340000e-15 1.746722e+21 3.051038e+42
8.350000e-15 1.747712e+21 3.054497e+42
8.360000e-15 1.747263e+21 3.052928e+42
8.370000e-15 1.745379e+21 3.046348e+42
8.380000e-15 1.742065e+21 3.034790e+42
8.390000e-15 1.737326e+21 3.018303e+42
8.400000e-15 1.731170e+21 2.996951e+42
8.410000e-15 1.723605e+21 2.970815e+42
8.420000e-15 1.714640e+21 2.939991e+42
8.430000e-15 1.704286e+21 2.904589e+42
8.440000e-15 1.692553e+21 2.864735e+42
8.450000e-15 1.679455e+21 2.820569e+42
8.460000e-15 1.665006e+21 2.772244e+42
8.470000e-15 1.649219e+21 2.719924e+42
8.480000e-15 1.632112e+21 2.663790e+42
8.490000e-15 1.613701e+21 2.604031e+42
8.500000e-15 1.594004e+21 2.540849e+42
8.510000e-15 1.573040e+21 2.474455e+42
8.520000e-15 1.550829e+21 2.405070e+42
8.530000e-15 1.527392e+21 2.332925e+42
8.540000e-15 1.502750e+21 2.258258e+42
8.550000e-15 1.476928e+21 2.181315e+42
8.560000e-15 1.449947e+21 2.102347e+42
8.570000e-15 1.421834e+21 2.021613e+42
8.580000e-15 1.392614e+21 1.939374e+42
8.590000e-15 1.362313e+21 1.855897e+42
8.600000e-15 1.330959e+21 1.771451e+42
8.610000e-15 1.298578e+21 1.686306e+42
8.620000e-15 1.265202e+21 1.600736e+42
8.630000e-15 1.230858e+21 1.515012e+42
8.640000e-15 1.195578e+21 1.429406e+42
8.650000e-15 1.159392e+21 1.344189e+42
8.660000e-15 1.122332e+21 1.259629e+42
8.670000e-15 1.084431e+21 1.175990e+42
8.680000e-15 1.045721e+21 1.093532e+42
8.690000e-15 1.006236e+21 1.012512e+42
8.700000e-15 9.660113e+20 9.331779e+41
8.710000e-15 9.250803e+20 8.557736e+41
8.720000e-15 8.834786e+20 7.805344e+41
8.730000e-15 8.412420e+20 7.076881e+41
8.740000e-15 7.984066e+20 6.374531e+41
8.750000e-15 7.550090e+20 5.700387e+41
8.760000e-15 7.110863e+20 5.056437e+41
8.770000e-15 6.666757e+20 4.444565e+41
8.780000e-15 6.218150e+20 3.866539e+41
8.790000e-15 5.765420e+20 3.324007e+41
8.800000e-15 5.308951e+20 2.818496e+41
8.810000e-15 4.849126e+20 2.351402e+41
8.820000e-15 4.386333e+20 1.923992e+41
8.830000e-15 3.920959e+20 1.537392e+41
8.840000e-15 3.453394e+20 1.192593e+41
8.850000e-15 2.984030e+20 8.904433e+40
8.860000e-15 2.513256e+20 6.316456e+40
8.870000e-15 2.041465e+20 4.167580e+40
8.880000e-15 1.569049e+20 2.461915e+40
8.890000e-15 1.096399e+20 1.202091e+40
8.900000e-15 6.239064e+19 3.892591e+39
8.910000e-15 1.519607e+19 2.309205e+38
8.920000e-15 -3.190491e+19 1.017923e+39
8.930000e-15 -7.887356e+19 6.221039e+39
8.940000e-15 -1.256714e+20 1.579329e+40
8.950000e-15 -1.722600e+20 2.967350e+40
8.960000e-15 -2.186013e+20 4.778654e+40
8.970000e-15 -2.646576e+20 7.004365e+40
8.980000e-15 -3.103914e+20 9.634280e+40
8.990000e-15 -3.557654e+20 1.265690e+41
9.000000e-15 -4.007430e+20 1.605950e+41
9.010000e-15 -4.452878e+20 1.982812e+41
9.020000e-15 -4.893638e+20 2.394769e+41
9.030000e-15 -5.329355e+20 2.840202e+41
9.040000e-15 -5.759679e+20 3.317390e+41
9.050000e-15 -6.184265e+20 3.824514e+41
9.060000e-15 -6.602774e+20 4.359663e+41
9.070000e-15 -7.014872e+20 4.920843e+41
9.080000e-15 -7.420231e+20 5.505983e+41
9.090000e-15 -7.818530e+20 6.112941e+41
9.100000e-15 -8.209452e+20 6.739511e+41
9.110000e-15 -8.592691e+20 7.383433e+41
9.120000e-15 -8.967943e+20 8.042400e+41
9.130000e-15 -9.334915e+20 8.714064e+41
9.140000e-15 -9.693320e+20 9.396046e+41
9.150000e-15 -1.004288e+21 1.008594e+42
9.160000e-15 -1.038332e+21 1.078133e+42
9.170000e-15 -1.071438e+21 1.147979e+42
9.180000e-15 -1.103580e+21 1.217889e+42
9.190000e-15 -1.134734e+21 1.287621e+42
9.200000e-15 -1.164876e+21 1.356935e+42
9.210000e-15 -1.193982e+21 1.425594e+42
9.220000e-15 -1.222032e+21 1.493362e+42
9.230000e-15 -1.249003e+21 1.560009e+42
9.240000e-15 -1.274876e+21 1.625310e+42
9.250000e-15 -1.299632e+21 1.689043e+42
9.260000e-15 -1.323252e+21 1.750995e+42
9.270000e-15 -1.345718e+21 1.810957e+42
9.280000e-15 -1.367015e+21 1.868730e+42
9.290000e-15 -1.387127e+21 1.924122e+42
9.300000e-15 -1.406041e+21 1.976950e+42
9.310000e-15 -1.423741e+21 2.027040e+42
9.320000e-15 -1.440218e+21 2.074227e+42
9.330000e-15 -1.455458e+21 2.118359e+42
9.340000e-15 -1.469453e+21 2.159292e+42
9.350000e-15 -1.482192e+21 2.196895e+42
9.360000e-15 -1.493669e+21 2.231047e+42
9.370000e-15 -1.503875e+21 2.261641e+42
9.380000e-15 -1.512806e+21 2.288580e+42
9.390000e-15 -1.520455e+21 2.311783e+42
9.400000e-15 -1.526820e+21 2.331178e+42
9.410000e-15 -1.531897e+21 2.346708e+42
9.420000e-15 -1.535685e+21 2.358328e+42
9.430000e-15 -1.538184e+21 2.366009e+42
9.440000e-15 -1.539393e+21 2.369731e+42
9.450000e-15 -1.539315e+21 2.369490e+42
9.460000e-15 -1.537952e+21 2.365296e+42
9.470000e-15 -1.535308e+21 2.357169e+42
9.480000e-15 -1.531387e+21 2.345145e+42
9.490000e-15 -1.526195e+21 2.329272e+42
9.500000e-15 -1.519740e+21 2.309609e+42
9.510000e-15 -1.512029e+21 2.286230e+42
9.520000e-15 -1.503070e+21 2.259220e+42
9.530000e-15 -1.492875e+21 2.228675e+42
9.540000e-15 -1.481453e+21 2.194703e+42
9.550000e-15 -1.468817e+21 2.157423e+42
9.560000e-15 -1.454980e+21 2.116966e+42
9.570000e-15 -1.439955e+21 2.073470e+42
9.580000e-15 -1.423758e+21 2.027086e+42
9.590000e-15 -1.406403e+21 1.977971e+42
9.600000e-15 -1.387909e+21 1.926292e+42
9.610000e-15 -1.368293e+21 1.872225e+42
9.620000e-15 -1.347573e+21 1.815952e+42
9.630000e-15 -1.325768e+21 1.757660e+42
9.640000e-15 -1.302899e+21 1.697546e+42
9.650000e-15 -1.278987e+21 1.635809e+42
9.660000e-15 -1.254055e+21 1.572654e+42
9.670000e-15 -1.228124e+21 1.508289e+42
9.680000e-15 -1.201219e+21 1.442928e+42
9.690000e-15 -1.173364e+21 1.376783e+42
9.700000e-15 -1.144584e+21 1.310071e+42
9.710000e-15 -1.114904e+21 1.243011e+42
9.720000e-15 -1.084352e+21 1.175819e+42
9.730000e-15 -1.052954e+21 1.108712e+42
9.740000e-15 -1.020739e+21 1.041907e+42
9.750000e-15 -9.877342e+20 9.756189e+41
9.760000e-15 -9.539698e+20 9.100584e+41
9.770000e-15 -9.194751e+20 8.454344e+41
9.780000e-15 -8.842803e+20 7.819516e+41
9.790000e-15 -8.484162e+20 7.198100e+41
9.800000e-15 -8.119141e+20 6.592045e+41
9.810000e-15 -7.748057e+20 6.003239e+41
9.820000e-15 -7.371233e+20 5.433508e+41
9.830000e-15 -6.988994e+20 4.884604e+41
9.840000e-15 -6.601672e+20 4.358207e+41
9.850000e-15 -6.209598e+20 3.855911e+41
9.860000e-15 -5.813112e+20 3.379227e+41
9.870000e-15 -5.412552e+20 2.929572e+41
9.880000e-15 -5.008262e+20 2.508269e+41
9.890000e-15 -4.600588e+20 2.116541e+41
9.900000e-15 -4.189878e+20 1.755507e+41
9.910000e-15 -3.776480e+20 1.426180e+41
9.920000e-15 -3.360746e+20 1.129462e+41
9.930000e-15 -2.943030e+20 8.661424e+40
9.940000e-15 -2.523684e+20 6.368979e+40
9.950000e-15 -2.103062e+20 4.422872e+40
9.960000e-15 -1.681521e+20 2.827512e+40
9.970000e-15 -1.259414e+20 1.586123e+40
9.980000e-15 -8.370960e+19 7.007297e+39
9.990000e-15 -4.149218e+19 1.721601e+39
1.000000e-14 6.755190e+17 4.563259e+35
