0.000000e+00 nan nan
1.000000e-17 -1.089512e+08 1.187035e+16
2.000000e-17 -1.394137e+10 1.943617e+20
3.000000e-17 -2.380766e+11 5.668047e+22
4.000000e-17 -1.782253e+12 3.176427e+24
5.000000e-17 -8.490437e+12 7.208752e+25
6.000000e-17 -3.038773e+13 9.234142e+26
7.000000e-17 -8.927589e+13 7.970185e+27
8.000000e-17 -2.269839e+14 5.152171e+28
9.000000e-17 -5.167601e+14 2.670410e+29
1.000000e-16 -1.078267e+15 1.162660e+30
1.100000e-16 -2.096615e+15 4.395796e+30
1.200000e-16 -3.845838e+15 1.479047e+31
1.300000e-16 -6.717175e+15 4.512045e+31
1.400000e-16 -1.125250e+16 1.266187e+32
1.500000e-16 -1.818316e+16 3.306274e+32
1.600000e-16 -2.847454e+16 8.107996e+32
1.700000e-16 -4.337644e+16 1.881515e+33
1.800000e-16 -6.447950e+16 4.157606e+33
1.900000e-16 -9.377782e+16 8.794279e+33
2.000000e-16 -1.337376e+17 1.788575e+34
2.100000e-16 -1.873723e+17 3.510836e+34
2.200000e-16 -2.583231e+17 6.673084e+34
2.300000e-16 -3.509468e+17 1.231636e+35
2.400000e-16 -4.704077e+17 2.212834e+35
2.500000e-16 -6.227767e+17 3.878509e+35
2.600000e-16 -8.151350e+17 6.644450e+35
2.700000e-16 -1.055682e+18 1.114465e+36
2.800000e-16 -1.353850e+18 1.832911e+36
2.900000e-16 -1.720421e+18 2.959848e+36
3.000000e-16 -2.167646e+18 4.698688e+36
3.100000e-16 -2.709371e+18 7.340689e+36
3.200000e-16 -3.361163e+18 1.129742e+37
3.300000e-16 -4.140439e+18 1.714324e+37
3.400000e-16 -5.066593e+18 2.567037e+37
3.500000e-16 -6.161128e+18 3.795950e+37
3.600000e-16 -7.447783e+18 5.546947e+37
3.700000e-16 -8.952662e+18 8.015016e+37
3.800000e-16 -1.070436e+19 1.145833e+38
3.900000e-16 -1.273409e+19 1.621570e+38
4.000000e-16 -1.507578e+19 2.272793e+38
4.100000e-16 -1.776623e+19 3.156391e+38
4.200000e-16 -2.084518e+19 4.345215e+38
4.300000e-16 -2.435542e+19 5.931862e+38
4.400000e-16 -2.834289e+19 8.033192e+38
4.500000e-16 -3.285677e+19 1.079567e+39
4.600000e-16 -3.794956e+19 1.440169e+39
4.700000e-16 -4.367711e+19 1.907690e+39
4.800000e-16 -5.009871e+19 2.509881e+39
4.900000e-16 -5.727711e+19 3.280668e+39
5.000000e-16 -6.527858e+19 4.261293e+39
5.100000e-16 -7.417285e+19 5.501612e+39
5.200000e-16 -8.403321e+19 7.061580e+39
5.300000e-16 -9.493640e+19 9.012919e+39
5.400000e-16 -1.069626e+20 1.144100e+40
5.500000e-16 -1.201955e+20 1.444695e+40
5.600000e-16 -1.347219e+20 1.815000e+40
5.700000e-16 -1.506321e+20 2.269004e+40
5.800000e-16 -1.680194e+20 2.823052e+40
5.900000e-16 -1.869801e+20 3.496156e+40
6.000000e-16 -2.076134e+20 4.310333e+40
6.100000e-16 -2.300212e+20 5.290975e+40
6.200000e-16 -2.543078e+20 6.467248e+40
6.300000e-16 -2.805801e+20 7.872518e+40
6.400000e-16 -3.089467e+20 9.544803e+40
6.500000e-16 -3.395182e+20 1.152726e+41
6.600000e-16 -3.724067e+20 1.386868e+41
6.700000e-16 -4.077258e+20 1.662403e+41
6.800000e-16 -4.455896e+20 1.985501e+41
6.900000e-16 -4.861133e+20 2.363061e+41
7.000000e-16 -5.294120e+20 2.802771e+41
7.100000e-16 -5.756010e+20 3.313165e+41
7.200000e-16 -6.247948e+20 3.903685e+41
7.300000e-16 -6.771073e+20 4.584743e+41
7.400000e-16 -7.326510e+20 5.367775e+41
7.500000e-16 -7.915366e+20 6.265303e+41
7.600000e-16 -8.538728e+20 7.290988e+41
7.700000e-16 -9.197655e+20 8.459686e+41
7.800000e-16 -9.893175e+20 9.787492e+41
7.900000e-16 -1.062628e+21 1.129178e+42
8.000000e-16 -1.139792e+21 1.299127e+42
8.100000e-16 -1.220901e+21 1.490599e+42
8.200000e-16 -1.306039e+21 1.705739e+42
8.300000e-16 -1.395287e+21 1.946826e+42
8.400000e-16 -1.488719e+21 2.216283e+42
8.500000e-16 -1.586401e+21 2.516667e+42
8.600000e-16 -1.688393e+21 2.850671e+42
8.700000e-16 -1.794748e+21 3.221122e+42
8.800000e-16 -1.905511e+21 3.630973e+42
8.900000e-16 -2.020717e+21 4.083295e+42
9.000000e-16 -2.140391e+21 4.581274e+42
9.100000e-16 -2.264552e+21 5.128196e+42
9.200000e-16 -2.393206e+21 5.727433e+42
9.300000e-16 -2.526349e+21 6.382437e+42
9.400000e-16 -2.663966e+21 7.096715e+42
9.500000e-16 -2.806032e+21 7.873815e+42
9.600000e-16 -2.952509e+21 8.717308e+42
9.700000e-16 -3.103346e+21 9.630759e+42
9.800000e-16 -3.258483e+21 1.061771e+43
9.900000e-16 -3.417842e+21 1.168165e+43
1.000000e-15 -3.581337e+21 1.282598e+43
1.010000e-15 -3.748866e+21 1.405399e+43
1.020000e-15 -3.920313e+21 1.536885e+43
1.030000e-15 -4.095550e+21 1.677353e+43
1.040000e-15 -4.274435e+21 1.827080e+43
1.050000e-15 -4.456810e+21 1.986316e+43
1.060000e-15 -4.642506e+21 2.155286e+43
1.070000e-15 -4.831336e+21 2.334181e+43
1.080000e-15 -5.023102e+21 2.523155e+43
1.090000e-15 -5.217591e+21 2.722326e+43
1.100000e-15 -5.414576e+21 2.931764e+43
1.110000e-15 -5.613817e+21 3.151494e+43
1.120000e-15 -5.815058e+21 3.381489e+43
1.130000e-15 -6.018031e+21 3.621670e+43
1.140000e-15 -6.222455e+21 3.871895e+43
1.150000e-15 -6.428037e+21 4.131967e+43
1.160000e-15 -6.634470e+21 4.401619e+43
1.170000e-15 -6.841435e+21 4.680523e+43
1.180000e-15 -7.048602e+21 4.968279e+43
1.190000e-15 -7.255629e+21 5.264416e+43
1.200000e-15 -7.462165e+21 5.568391e+43
1.210000e-15 -7.667848e+21 5.879590e+43
1.220000e-15 -7.872307e+21 6.197321e+43
1.230000e-15 -8.075160e+21 6.520822e+43
1.240000e-15 -8.276022e+21 6.849254e+43
1.250000e-15 -8.474497e+21 7.181709e+43
1.260000e-15 -8.670182e+21 7.517206e+43
1.270000e-15 -8.862673e+21 7.854696e+43
1.280000e-15 -9.051556e+21 8.193066e+43
1.290000e-15 -9.236417e+21 8.531139e+43
1.300000e-15 -9.416837e+21 8.867683e+43
1.310000e-15 -9.592398e+21 9.201410e+43
1.320000e-15 -9.762678e+21 9.530988e+43
1.330000e-15 -9.927257e+21 9.855043e+43
1.340000e-15 -1.008572e+22 1.017217e+44
1.350000e-15 -1.023764e+22 1.048092e+44
1.360000e-15 -1.038261e+22 1.077986e+44
1.370000e-15 -1.052022e+22 1.106751e+44
1.380000e-15 -1.065008e+22 1.134241e+44
1.390000e-15 -1.077177e+22 1.160310e+44
1.400000e-15 -1.088492e+22 1.184815e+44
1.410000e-15 -1.098914e+22 1.207613e+44
1.420000e-15 -1.108407e+22 1.228567e+44
1.430000e-15 -1.116935e+22 1.247544e+44
1.440000e-15 -1.124463e+22 1.264418e+44
1.450000e-15 -1.130959e+22 1.279068e+44
1.460000e-15 -1.136390e+22 1.291382e+44
1.470000e-15 -1.140726e+22 1.301257e+44
1.480000e-15 -1.143940e+22 1.308599e+44
1.490000e-15 -1.146004e+22 1.313325e+44
1.500000e-15 -1.146893e+22 1.315364e+44
1.510000e-15 -1.146586e+22 1.314658e+44
1.520000e-15 -1.145060e+22 1.311162e+44
1.530000e-15 -1.142298e+22 1.304845e+44
1.540000e-15 -1.138283e+22 1.295689e+44
1.550000e-15 -1.133002e+22 1.283693e+44
1.560000e-15 -1.126442e+22 1.268872e+44
1.570000e-15 -1.118595e+22 1.251255e+44
1.580000e-15 -1.109454e+22 1.230889e+44
1.590000e-15 -1.099015e+22 1.207835e+44
1.600000e-15 -1.087277e+22 1.182172e+44
1.610000e-15 -1.074242e+22 1.153995e+44
1.620000e-15 -1.059912e+22 1.123414e+44
1.630000e-15 -1.044296e+22 1.090554e+44
1.640000e-15 -1.027403e+22 1.055556e+44
1.650000e-15 -1.009245e+22 1.018575e+44
1.660000e-15 -9.898376e+21 9.797784e+43
1.670000e-15 -9.691994e+21 9.393475e+43
1.680000e-15 -9.473513e+21 8.974745e+43
1.690000e-15 -9.243170e+21 8.543620e+43
1.700000e-15 -9.001233e+21 8.102219e+43
1.710000e-15 -8.747995e+21 7.652741e+43
1.720000e-15 -8.483779e+21 7.197450e+43
1.730000e-15 -8.208934e+21 6.738660e+43
1.740000e-15 -7.923836e+21 6.278718e+43
1.750000e-15 -7.628887e+21 5.819991e+43
1.760000e-15 -7.324514e+21 5.364851e+43
1.770000e-15 -7.011170e+21 4.915651e+43
1.780000e-15 -6.689331e+21 4.474715e+43
1.790000e-15 -6.359497e+21 4.044320e+43
1.800000e-15 -6.022189e+21 3.626676e+43
1.810000e-15 -5.677950e+21 3.223912e+43
1.820000e-15 -5.327343e+21 2.838059e+43
1.830000e-15 -4.970952e+21 2.471036e+43
1.840000e-15 -4.609374e+21 2.124633e+43
1.850000e-15 -4.243229e+21 1.800499e+43
1.860000e-15 -3.873147e+21 1.500127e+43
1.870000e-15 -3.499775e+21 1.224843e+43
1.880000e-15 -3.123772e+21 9.757953e+42
1.890000e-15 -2.745807e+21 7.539458e+42
1.900000e-15 -2.366560e+21 5.600609e+42
1.910000e-15 -1.986719e+21 3.947053e+42
1.920000e-15 -1.606977e+21 2.582376e+42
1.930000e-15 -1.228034e+21 1.508067e+42
1.940000e-15 -8.505914e+20 7.235058e+41
1.950000e-15 -4.753536e+20 2.259610e+41
1.960000e-15 -1.030242e+20 1.061399e+40
1.970000e-15 2.656947e+20 7.059369e+40
1.980000e-15 6.301046e+20 3.970319e+41
1.990000e-15 9.895122e+20 9.791344e+41
2.000000e-15 1.343231e+21 1.804269e+42
2.010000e-15 1.690583e+21 2.858070e+42
2.020000e-15 2.030901e+21 4.124557e+42
2.030000e-15 2.363528e+21 5.586266e+42
2.040000e-15 2.687824e+21 7.224400e+42
2.050000e-15 3.003162e+21 9.018983e+42
2.060000e-15 3.308932e+21 1.094903e+43
2.070000e-15 3.604543e+21 1.299273e+43
2.080000e-15 3.889423e+21 1.512761e+43
2.090000e-15 4.163024e+21 1.733077e+43
2.100000e-15 4.424818e+21 1.957902e+43
2.110000e-15 4.674304e+21 2.184912e+43
2.120000e-15 4.911006e+21 2.411798e+43
2.130000e-15 5.134475e+21 2.636283e+43
2.140000e-15 5.344289e+21 2.856142e+43
2.150000e-15 5.540057e+21 3.069224e+43
2.160000e-15 5.721420e+21 3.273465e+43
2.170000e-15 5.888048e+21 3.466910e+43
2.180000e-15 6.039644e+21 3.647730e+43
2.190000e-15 6.175946e+21 3.814231e+43
2.200000e-15 6.296725e+21 3.964875e+43
2.210000e-15 6.401788e+21 4.098289e+43
2.220000e-15 6.490976e+21 4.213277e+43
2.230000e-15 6.564168e+21 4.308830e+43
2.240000e-15 6.621278e+21 4.384132e+43
2.250000e-15 6.662257e+21 4.438567e+43
2.260000e-15 6.687094e+21 4.471723e+43
2.270000e-15 6.695815e+21 4.483394e+43
2.280000e-15 6.688484e+21 4.473581e+43
2.290000e-15 6.665199e+21 4.442488e+43
2.300000e-15 6.626100e+21 4.390520e+43
2.310000e-15 6.571360e+21 4.318277e+43
2.320000e-15 6.501191e+21 4.226548e+43
2.330000e-15 6.415838e+21 4.116298e+43
2.340000e-15 6.315586e+21 3.988663e+43
2.350000e-15 6.200752e+21 3.844933e+43
2.360000e-15 6.071687e+21 3.686539e+43
2.370000e-15 5.928777e+21 3.515040e+43
2.380000e-15 5.772439e+21 3.332106e+43
2.390000e-15 5.603123e+21 3.139499e+43
2.400000e-15 5.421308e+21 2.939058e+43
2.410000e-15 5.227502e+21 2.732678e+43
2.420000e-15 5.022243e+21 2.522293e+43
2.430000e-15 4.806095e+21 2.309855e+43
2.440000e-15 4.579645e+21 2.097315e+43
2.450000e-15 4.343507e+21 1.886605e+43
2.460000e-15 4.098315e+21 1.679618e+43
2.470000e-15 3.844725e+21 1.478191e+43
2.480000e-15 3.583411e+21 1.284083e+43
2.490000e-15 3.315065e+21 1.098966e+43
2.500000e-15 3.040395e+21 9.244003e+42
2.510000e-15 2.760122e+21 7.618273e+42
2.520000e-15 2.474979e+21 6.125519e+42
2.530000e-15 2.185708e+21 4.777321e+42
2.540000e-15 1.893062e+21 3.583685e+42
2.550000e-15 1.597798e+21 2.552958e+42
2.560000e-15 1.300677e+21 1.691761e+42
2.570000e-15 1.002464e+21 1.004934e+42
2.580000e-15 7.039223e+20 4.955066e+41
2.590000e-15 4.058155e+20 1.646862e+41
2.600000e-15 1.089024e+20 1.185974e+40
2.610000e-15 -1.860634e+20 3.461957e+40
2.620000e-15 -4.783358e+20 2.288051e+41
2.630000e-15 -7.671783e+20 5.885625e+41
2.640000e-15 -1.051866e+21 1.106421e+42
2.650000e-15 -1.331686e+21 1.773387e+42
2.660000e-15 -1.605942e+21 2.579048e+42
2.670000e-15 -1.873953e+21 3.511701e+42
2.680000e-15 -2.135059e+21 4.558477e+42
2.690000e-15 -2.388618e+21 5.705495e+42
2.700000e-15 -2.634010e+21 6.938010e+42
2.710000e-15 -2.870641e+21 8.240578e+42
2.720000e-15 -3.097939e+21 9.597224e+42
2.730000e-15 -3.315360e+21 1.099161e+43
2.740000e-15 -3.522388e+21 1.240722e+43
2.750000e-15 -3.718537e+21 1.382751e+43
2.760000e-15 -3.903349e+21 1.523613e+43
2.770000e-15 -4.076400e+21 1.661703e+43
2.780000e-15 -4.237297e+21 1.795468e+43
2.790000e-15 -4.385682e+21 1.923420e+43
2.800000e-15 -4.521230e+21 2.044152e+43
2.810000e-15 -4.643653e+21 2.156352e+43
2.820000e-15 -4.752698e+21 2.258814e+43
2.830000e-15 -4.848148e+21 2.350454e+43
2.840000e-15 -4.929825e+21 2.430317e+43
2.850000e-15 -4.997585e+21 2.497585e+43
2.860000e-15 -5.051325e+21 2.551588e+43
2.870000e-15 -5.090979e+21 2.591806e+43
2.880000e-15 -5.116517e+21 2.617875e+43
2.890000e-15 -5.127950e+21 2.629588e+43
2.900000e-15 -5.125326e+21 2.626896e+43
2.910000e-15 -5.108728e+21 2.609910e+43
2.920000e-15 -5.078279e+21 2.578892e+43
2.930000e-15 -5.034138e+21 2.534254e+43
2.940000e-15 -4.976500e+21 2.476555e+43
2.950000e-15 -4.905596e+21 2.406487e+43
2.960000e-15 -4.821691e+21 2.324870e+43
2.970000e-15 -4.725085e+21 2.232643e+43
2.980000e-15 -4.616112e+21 2.130849e+43
2.990000e-15 -4.495135e+21 2.020624e+43
3.000000e-15 -4.362551e+21 1.903185e+43
3.010000e-15 -4.218786e+21 1.779815e+43
3.020000e-15 -4.064293e+21 1.651848e+43
3.030000e-15 -3.899556e+21 1.520653e+43
3.040000e-15 -3.725080e+21 1.387622e+43
3.050000e-15 -3.541398e+21 1.254150e+43
3.060000e-15 -3.349064e+21 1.121623e+43
3.070000e-15 -3.148654e+21 9.914023e+42
3.080000e-15 -2.940764e+21 8.648094e+42
3.090000e-15 -2.726007e+21 7.431115e+42
3.100000e-15 -2.505012e+21 6.275087e+42
3.110000e-15 -2.278423e+21 5.191213e+42
3.120000e-15 -2.046897e+21 4.189785e+42
3.130000e-15 -1.811099e+21 3.280078e+42
3.140000e-15 -1.571705e+21 2.470258e+42
3.150000e-15 -1.329399e+21 1.767302e+42
3.160000e-15 -1.084867e+21 1.176937e+42
3.170000e-15 -8.388002e+20 7.035857e+41
3.180000e-15 -5.918896e+20 3.503333e+41
3.190000e-15 -3.448263e+20 1.189052e+41
3.200000e-15 -9.829818e+19 9.662533e+39
3.210000e-15 1.470113e+20 2.161232e+40
3.220000e-15 3.904253e+20 1.524319e+41
3.230000e-15 6.312752e+20 3.985084e+41
3.240000e-15 8.689027e+20 7.549919e+41
3.250000e-15 1.102661e+21 1.215862e+42
3.260000e-15 1.331919e+21 1.774008e+42
3.270000e-15 1.556058e+21 2.421316e+42
3.280000e-15 1.774478e+21 3.148773e+42
3.290000e-15 1.986599e+21 3.946575e+42
3.300000e-15 2.191858e+21 4.804243e+42
3.310000e-15 2.389718e+21 5.710751e+42
3.320000e-15 2.579661e+21 6.654651e+42
3.330000e-15 2.761196e+21 7.624205e+42
3.340000e-15 2.933858e+21 8.607524e+42
3.350000e-15 3.097208e+21 9.592697e+42
3.360000e-15 3.250835e+21 1.056793e+43
3.370000e-15 3.394358e+21 1.152166e+43
3.380000e-15 3.527425e+21 1.244273e+43
3.390000e-15 3.649717e+21 1.332044e+43
3.400000e-15 3.760945e+21 1.414471e+43
3.410000e-15 3.860854e+21 1.490619e+43
3.420000e-15 3.949219e+21 1.559633e+43
3.430000e-15 4.025853e+21 1.620749e+43
3.440000e-15 4.090599e+21 1.673300e+43
3.450000e-15 4.143336e+21 1.716724e+43
3.460000e-15 4.183979e+21 1.750568e+43
3.470000e-15 4.212474e+21 1.774493e+43
3.480000e-15 4.228804e+21 1.788278e+43
3.490000e-15 4.232986e+21 1.791817e+43
3.500000e-15 4.225071e+21 1.785123e+43
3.510000e-15 4.205145e+21 1.768324e+43
3.520000e-15 4.173326e+21 1.741665e+43
3.530000e-15 4.129766e+21 1.705497e+43
3.540000e-15 4.074650e+21 1.660277e+43
3.550000e-15 4.008194e+21 1.606562e+43
3.560000e-15 3.930645e+21 1.544997e+43
3.570000e-15 3.842283e+21 1.476314e+43
3.580000e-15 3.743413e+21 1.401314e+43
3.590000e-15 3.634372e+21 1.320866e+43
3.600000e-15 3.515523e+21 1.235890e+43
3.610000e-15 3.387256e+21 1.147350e+43
3.620000e-15 3.249984e+21 1.056240e+43
3.630000e-15 3.104146e+21 9.635723e+42
3.640000e-15 2.950202e+21 8.703694e+42
3.650000e-15 2.788634e+21 7.776482e+42
3.660000e-15 2.619943e+21 6.864101e+42
3.670000e-15 2.444647e+21 5.976299e+42
3.680000e-15 2.263282e+21 5.122445e+42
3.690000e-15 2.076398e+21 4.311428e+42
3.700000e-15 1.884558e+21 3.551561e+42
3.710000e-15 1.688339e+21 2.850487e+42
3.720000e-15 1.488323e+21 2.215105e+42
3.730000e-15 1.285105e+21 1.651495e+42
3.740000e-15 1.079284e+21 1.164853e+42
3.750000e-15 8.714635e+20 7.594487e+41
3.760000e-15 6.622516e+20 4.385771e+41
3.770000e-15 4.522560e+20 2.045355e+41
3.780000e-15 2.420847e+20 5.860499e+40
3.790000e-15 3.234304e+19 1.046072e+39
3.800000e-15 -1.763674e+20 3.110547e+40
3.810000e-15 -3.834510e+20 1.470347e+41
3.820000e-15 -5.883193e+20 3.461196e+41
3.830000e-15 -7.903929e+20 6.247210e+41
3.840000e-15 -9.891033e+20 9.783253e+41
3.850000e-15 -1.183894e+21 1.401605e+42
3.860000e-15 -1.374222e+21 1.888487e+42
3.870000e-15 -1.559561e+21 2.432231e+42
3.880000e-15 -1.739400e+21 3.025511e+42
3.890000e-15 -1.913246e+21 3.660508e+42
3.900000e-15 -2.080626e+21 4.329004e+42
3.910000e-15 -2.241088e+21 5.022477e+42
3.920000e-15 -2.394203e+21 5.732208e+42
3.930000e-15 -2.539562e+21 6.449377e+42
3.940000e-15 -2.676784e+21 7.165171e+42
3.950000e-15 -2.805509e+21 7.870883e+42
3.960000e-15 -2.925407e+21 8.558009e+42
3.970000e-15 -3.036174e+21 9.218350e+42
3.980000e-15 -3.137530e+21 9.844098e+42
3.990000e-15 -3.229230e+21 1.042793e+43
4.000000e-15 -3.311052e+21 1.096307e+43
4.010000e-15 -3.382807e+21 1.144339e+43
4.020000e-15 -3.444335e+21 1.186345e+43
4.030000e-15 -3.495506e+21 1.221856e+43
4.040000e-15 -3.536221e+21 1.250486e+43
4.050000e-15 -3.566411e+21 1.271929e+43
4.060000e-15 -3.586038e+21 1.285967e+43
4.070000e-15 -3.595096e+21 1.292472e+43
4.080000e-15 -3.593608e+21 1.291402e+43
4.090000e-15 -3.581628e+21 1.282806e+43
4.100000e-15 -3.559240e+21 1.266819e+43
4.110000e-15 -3.526559e+21 1.243662e+43
4.120000e-15 -3.483728e+21 1.213636e+43
4.130000e-15 -3.430918e+21 1.177120e+43
4.140000e-15 -3.368331e+21 1.134565e+43
4.150000e-15 -3.296195e+21 1.086490e+43
4.160000e-15 -3.214763e+21 1.033470e+43
4.170000e-15 -3.124318e+21 9.761363e+42
4.180000e-15 -3.025164e+21 9.151617e+42
4.190000e-15 -2.917631e+21 8.512570e+42
4.200000e-15 -2.802072e+21 7.851605e+42
4.210000e-15 -2.678860e+21 7.176292e+42
4.220000e-15 -2.548392e+21 6.494301e+42
4.230000e-15 -2.411081e+21 5.813312e+42
4.240000e-15 -2.267361e+21 5.140924e+42
4.250000e-15 -2.117680e+21 4.484568e+42
4.260000e-15 -1.962504e+21 3.851422e+42
4.270000e-15 -1.802312e+21 3.248328e+42
4.280000e-15 -1.637595e+21 2.681717e+42
4.290000e-15 -1.468856e+21 2.157539e+42
4.300000e-15 -1.296608e+21 1.681194e+42
4.310000e-15 -1.121372e+21 1.257474e+42
4.320000e-15 -9.436728e+20 8.905184e+41
4.330000e-15 -7.640443e+20 5.837636e+41
4.340000e-15 -5.830214e+20 3.399139e+41
4.350000e-15 -4.011414e+20 1.609145e+41
4.360000e-15 -2.189422e+20 4.793568e+40
4.370000e-15 -3.695989e+19 1.366034e+39
4.380000e-15 1.442719e+20 2.081438e+40
4.390000e-15 3.242240e+20 1.051212e+41
4.400000e-15 5.023733e+20 2.523790e+41
4.410000e-15 6.782039e+20 4.599606e+41
4.420000e-15 8.512089e+20 7.245566e+41
4.430000e-15 1.020892e+21 1.042220e+42
4.440000e-15 1.186767e+21 1.408417e+42
4.450000e-15 1.348364e+21 1.818086e+42
4.460000e-15 1.505225e+21 2.265701e+42
4.470000e-15 1.656907e+21 2.745342e+42
4.480000e-15 1.802988e+21 3.250765e+42
4.490000e-15 1.943059e+21 3.775479e+42
4.500000e-15 2.076735e+21 4.312826e+42
4.510000e-15 2.203647e+21 4.856059e+42
4.520000e-15 2.323450e+21 5.398420e+42
4.530000e-15 2.435821e+21 5.933226e+42
4.540000e-15 2.540460e+21 6.453938e+42
4.550000e-15 2.637090e+21 6.954246e+42
4.560000e-15 2.725460e+21 7.428133e+42
4.570000e-15 2.805343e+21 7.869949e+42
4.580000e-15 2.876538e+21 8.274473e+42
4.590000e-15 2.938872e+21 8.636969e+42
4.600000e-15 2.992197e+21 8.953240e+42
4.610000e-15 3.036392e+21 9.219674e+42
4.620000e-15 3.071364e+21 9.433278e+42
4.630000e-15 3.097049e+21 9.591712e+42
4.640000e-15 3.113408e+21 9.693309e+42
4.650000e-15 3.120431e+21 9.737089e+42
4.660000e-15 3.118136e+21 9.722769e+42
4.670000e-15 3.106567e+21 9.650755e+42
4.680000e-15 3.085796e+21 9.522137e+42
4.690000e-15 3.055923e+21 9.338665e+42
4.700000e-15 3.017073e+21 9.102728e+42
4.710000e-15 2.969397e+21 8.817319e+42
4.720000e-15 2.913073e+21 8.485994e+42
4.730000e-15 2.848302e+21 8.112827e+42
4.740000e-15 2.775312e+21 7.702355e+42
4.750000e-15 2.694351e+21 7.259525e+42
4.760000e-15 2.605691e+21 6.789627e+42
4.770000e-15 2.509628e+21 6.298233e+42
4.780000e-15 2.406476e+21 5.791128e+42
4.790000e-15 2.296570e+21 5.274235e+42
4.800000e-15 2.180264e+21 4.753552e+42
4.810000e-15 2.057929e+21 4.235073e+42
4.820000e-15 1.929953e+21 3.724720e+42
4.830000e-15 1.796740e+21 3.228275e+42
4.840000e-15 1.658706e+21 2.751306e+42
4.850000e-15 1.516282e+21 2.299113e+42
4.860000e-15 1.369910e+21 1.876654e+42
4.870000e-15 1.220041e+21 1.488501e+42
4.880000e-15 1.067137e+21 1.138781e+42
4.890000e-15 9.116642e+20 8.311316e+41
4.900000e-15 7.540977e+20 5.686633e+41
4.910000e-15 5.949159e+20 3.539249e+41
4.920000e-15 4.346004e+20 1.888775e+41
4.930000e-15 2.736347e+20 7.487594e+40
4.940000e-15 1.125024e+20 1.265678e+40
4.950000e-15 -4.831408e+19 2.334250e+39
4.960000e-15 -2.083348e+20 4.340340e+40
4.970000e-15 -3.670841e+20 1.347507e+41
4.980000e-15 -5.240914e+20 2.746718e+41
4.990000e-15 -6.788933e+20 4.608961e+41
5.000000e-15 -8.310342e+20 6.906179e+41
5.010000e-15 -9.800684e+20 9.605341e+41
5.020000e-15 -1.125561e+21 1.266887e+42
5.030000e-15 -1.267088e+21 1.605512e+42
5.040000e-15 -1.404240e+21 1.971891e+42
5.050000e-15 -1.536623e+21 2.361209e+42
5.060000e-15 -1.663855e+21 2.768414e+42
5.070000e-15 -1.785575e+21 3.188276e+42
5.080000e-15 -1.901436e+21 3.615458e+42
5.090000e-15 -2.011112e+21 4.044571e+42
5.100000e-15 -2.114296e+21 4.470247e+42
5.110000e-15 -2.210701e+21 4.887199e+42
5.120000e-15 -2.300062e+21 5.290286e+42
5.130000e-15 -2.382136e+21 5.674571e+42
5.140000e-15 -2.456701e+21 6.035381e+42
5.150000e-15 -2.523561e+21 6.368359e+42
5.160000e-15 -2.582541e+21 6.669517e+42
5.170000e-15 -2.633492e+21 6.935279e+42
5.180000e-15 -2.676288e+21 7.162520e+42
5.190000e-15 -2.710831e+21 7.348605e+42
5.200000e-15 -2.737045e+21 7.491413e+42
5.210000e-15 -2.754879e+21 7.589359e+42
5.220000e-15 -2.764310e+21 7.641412e+42
5.230000e-15 -2.765339e+21 7.647102e+42
5.240000e-15 -2.757992e+21 7.606522e+42
5.250000e-15 -2.742321e+21 7.520323e+42
5.260000e-15 -2.718401e+21 7.389702e+42
5.270000e-15 -2.686333e+21 7.216384e+42
5.280000e-15 -2.646242e+21 7.002598e+42
5.290000e-15 -2.598278e+21 6.751049e+42
5.300000e-15 -2.542612e+21 6.464876e+42
5.310000e-15 -2.479439e+21 6.147617e+42
5.320000e-15 -2.408976e+21 5.803163e+42
5.330000e-15 -2.331460e+21 5.435706e+42
5.340000e-15 -2.247151e+21 5.049687e+42
5.350000e-15 -2.156326e+21 4.649743e+42
5.360000e-15 -2.059284e+21 4.240649e+42
5.370000e-15 -1.956337e+21 3.827256e+42
5.380000e-15 -1.847820e+21 3.414439e+42
5.390000e-15 -1.734079e+21 3.007029e+42
5.400000e-15 -1.615476e+21 2.609762e+42
5.410000e-15 -1.492387e+21 2.227220e+42
5.420000e-15 -1.365202e+21 1.863776e+42
5.430000e-15 -1.234319e+21 1.523543e+42
5.440000e-15 -1.100147e+21 1.210324e+42
5.450000e-15 -9.631063e+20 9.275737e+41
5.460000e-15 -8.236209e+20 6.783515e+41
5.470000e-15 -6.821232e+20 4.652921e+41
5.480000e-15 -5.390496e+20 2.905745e+41
5.490000e-15 -3.948402e+20 1.558988e+41
5.500000e-15 -2.499372e+20 6.246861e+40
5.510000e-15 -1.047835e+20 1.097957e+40
5.520000e-15 4.017865e+19 1.614324e+39
5.530000e-15 1.845087e+20 3.404346e+40
5.540000e-15 3.277694e+20 1.074328e+41
5.550000e-15 4.695282e+20 2.204567e+41
5.560000e-15 6.093582e+20 3.713174e+41
5.570000e-15 7.468397e+20 5.577695e+41
5.580000e-15 8.815614e+20 7.771505e+41
5.590000e-15 1.013122e+21 1.026416e+42
5.600000e-15 1.141130e+21 1.302177e+42
5.610000e-15 1.265206e+21 1.600747e+42
5.620000e-15 1.384986e+21 1.918186e+42
5.630000e-15 1.500117e+21 2.250350e+42
5.640000e-15 1.610262e+21 2.592944e+42
5.650000e-15 1.715102e+21 2.941574e+42
5.660000e-15 1.814333e+21 3.291803e+42
5.670000e-15 1.907669e+21 3.639203e+42
5.680000e-15 1.994846e+21 3.979410e+42
5.690000e-15 2.075615e+21 4.308176e+42
5.700000e-15 2.149749e+21 4.621423e+42
5.710000e-15 2.217045e+21 4.915287e+42
5.720000e-15 2.277316e+21 5.186167e+42
5.730000e-15 2.330401e+21 5.430767e+42
5.740000e-15 2.376160e+21 5.646134e+42
5.750000e-15 2.414475e+21 5.829691e+42
5.760000e-15 2.445254e+21 5.979267e+42
5.770000e-15 2.468425e+21 6.093121e+42
5.780000e-15 2.483941e+21 6.169962e+42
5.790000e-15 2.491778e+21 6.208959e+42
5.800000e-15 2.491937e+21 6.209749e+42
5.810000e-15 2.484440e+21 6.172443e+42
5.820000e-15 2.469335e+21 6.097616e+42
5.830000e-15 2.446691e+21 5.986298e+42
5.840000e-15 2.416602e+21 5.839964e+42
5.850000e-15 2.379182e+21 5.660506e+42
5.860000e-15 2.334569e+21 5.450212e+42
5.870000e-15 2.282922e+21 5.211733e+42
5.880000e-15 2.224422e+21 4.948053e+42
5.890000e-15 2.159269e+21 4.662442e+42
5.900000e-15 2.087684e+21 4.358423e+42
5.910000e-15 2.009906e+21 4.039722e+42
5.920000e-15 1.926194e+21 3.710222e+42
5.930000e-15 1.836823e+21 3.373917e+42
5.940000e-15 1.742085e+21 3.034859e+42
5.950000e-15 1.642288e+21 2.697109e+42
5.960000e-15 1.537754e+21 2.364688e+42
5.970000e-15 1.428820e+21 2.041527e+42
5.980000e-15 1.315834e+21 1.731419e+42
5.990000e-15 1.199156e+21 1.437976e+42
6.000000e-15 1.079157e+21 1.164580e+42
6.010000e-15 9.562165e+20 9.143499e+41
6.020000e-15 8.307218e+20 6.900987e+41
6.030000e-15 7.030675e+20 4.943039e+41
6.040000e-15 5.736535e+20 3.290783e+41
6.050000e-15 4.428840e+20 1.961462e+41
6.060000e-15 3.111663e+20 9.682448e+40
6.070000e-15 1.789095e+20 3.200862e+40
6.080000e-15 4.652311e+19 2.164400e+39
6.090000e-15 -8.558407e+19 7.324633e+39
6.100000e-15 -2.170052e+20 4.709127e+40
6.110000e-15 -3.473368e+20 1.206429e+41
6.120000e-15 -4.761798e+20 2.267472e+41
6.130000e-15 -6.031407e+20 3.637788e+41
6.140000e-15 -7.278333e+20 5.297413e+41
6.150000e-15 -8.498790e+20 7.222943e+41
6.160000e-15 -9.689087e+20 9.387841e+41
6.170000e-15 -1.084564e+21 1.176278e+42
6.180000e-15 -1.196497e+21 1.431604e+42
6.190000e-15 -1.304372e+21 1.701387e+42
6.200000e-15 -1.407870e+21 1.982097e+42
6.210000e-15 -1.506681e+21 2.270089e+42
6.220000e-15 -1.600516e+21 2.561651e+42
6.230000e-15 -1.689098e+21 2.853051e+42
6.240000e-15 -1.772168e+21 3.140580e+42
6.250000e-15 -1.849487e+21 3.420601e+42
6.260000e-15 -1.920831e+21 3.689591e+42
6.270000e-15 -1.985998e+21 3.944187e+42
6.280000e-15 -2.044804e+21 4.181222e+42
6.290000e-15 -2.097085e+21 4.397767e+42
6.300000e-15 -2.142700e+21 4.591164e+42
6.310000e-15 -2.181526e+21 4.759058e+42
6.320000e-15 -2.213464e+21 4.899422e+42
6.330000e-15 -2.238434e+21 5.010586e+42
6.340000e-15 -2.256379e+21 5.091248e+42
6.350000e-15 -2.267266e+21 5.140494e+42
6.360000e-15 -2.271080e+21 5.157804e+42
6.370000e-15 -2.267831e+21 5.143057e+42
6.380000e-15 -2.257549e+21 5.096528e+42
6.390000e-15 -2.240288e+21 5.018889e+42
6.400000e-15 -2.216120e+21 4.911189e+42
6.410000e-15 -2.185142e+21 4.774848e+42
6.420000e-15 -2.147470e+21 4.611628e+42
6.430000e-15 -2.103240e+21 4.423618e+42
6.440000e-15 -2.052608e+21 4.213200e+42
6.450000e-15 -1.995751e+21 3.983022e+42
6.460000e-15 -1.932863e+21 3.735961e+42
6.470000e-15 -1.864158e+21 3.475085e+42
6.480000e-15 -1.789865e+21 3.203618e+42
6.490000e-15 -1.710233e+21 2.924896e+42
6.500000e-15 -1.625523e+21 2.642325e+42
6.510000e-15 -1.536014e+21 2.359340e+42
6.520000e-15 -1.441999e+21 2.079361e+42
6.530000e-15 -1.343782e+21 1.805751e+42
6.540000e-15 -1.241682e+21 1.541773e+42
6.550000e-15 -1.136026e+21 1.290556e+42
6.560000e-15 -1.027155e+21 1.055047e+42
6.570000e-15 -9.154156e+20 8.379858e+41
6.580000e-15 -8.011643e+20 6.418642e+41
6.590000e-15 -6.847637e+20 4.689013e+41
6.600000e-15 -5.665823e+20 3.210155e+41
6.610000e-15 -4.469930e+20 1.998028e+41
6.620000e-15 -3.263723e+20 1.065189e+41
6.630000e-15 -2.050985e+20 4.206539e+40
6.640000e-15 -8.355116e+19 6.980796e+39
6.650000e-15 3.789049e+19 1.435690e+39
6.660000e-15 1.588486e+20 2.523287e+40
6.670000e-15 2.789477e+20 7.781183e+40
6.680000e-15 3.978164e+20 1.582579e+41
6.690000e-15 5.150877e+20 2.653153e+41
6.700000e-15 6.304010e+20 3.974054e+41
6.710000e-15 7.434026e+20 5.526474e+41
6.720000e-15 8.537469e+20 7.288838e+41
6.730000e-15 9.610978e+20 9.237090e+41
6.740000e-15 1.065129e+21 1.134500e+42
6.750000e-15 1.165526e+21 1.358452e+42
6.760000e-15 1.261987e+21 1.592611e+42
6.770000e-15 1.354221e+21 1.833914e+42
6.780000e-15 1.441953e+21 2.079229e+42
6.790000e-15 1.524923e+21 2.325391e+42
6.800000e-15 1.602886e+21 2.569242e+42
6.810000e-15 1.675612e+21 2.807674e+42
6.820000e-15 1.742889e+21 3.037664e+42
6.830000e-15 1.804525e+21 3.256309e+42
6.840000e-15 1.860341e+21 3.460869e+42
6.850000e-15 1.910181e+21 3.648793e+42
6.860000e-15 1.953907e+21 3.817752e+42
6.870000e-15 1.991398e+21 3.965668e+42
6.880000e-15 2.022557e+21 4.090738e+42
6.890000e-15 2.047304e+21 4.191453e+42
6.900000e-15 2.065579e+21 4.266618e+42
6.910000e-15 2.077345e+21 4.315362e+42
6.920000e-15 2.082583e+21 4.337151e+42
6.930000e-15 2.081295e+21 4.331788e+42
6.940000e-15 2.073504e+21 4.299418e+42
6.950000e-15 2.059252e+21 4.240520e+42
6.960000e-15 2.038604e+21 4.155905e+42
6.970000e-15 2.011640e+21 4.046696e+42
6.980000e-15 1.978464e+21 3.914320e+42
6.990000e-15 1.939197e+21 3.760483e+42
7.000000e-15 1.893978e+21 3.587152e+42
7.010000e-15 1.842966e+21 3.396523e+42
7.020000e-15 1.786337e+21 3.190999e+42
7.030000e-15 1.724283e+21 2.973152e+42
7.040000e-15 1.657014e+21 2.745696e+42
7.050000e-15 1.584755e+21 2.511449e+42
7.060000e-15 1.507746e+21 2.273298e+42
7.070000e-15 1.426241e+21 2.034163e+42
7.080000e-15 1.340507e+21 1.796960e+42
7.090000e-15 1.250825e+21 1.564564e+42
7.100000e-15 1.157487e+21 1.339775e+42
7.110000e-15 1.060793e+21 1.125282e+42
7.120000e-15 9.610568e+20 9.236302e+41
7.130000e-15 8.585982e+20 7.371908e+41
7.140000e-15 7.537454e+20 5.681321e+41
7.150000e-15 6.468332e+20 4.183932e+41
7.160000e-15 5.382019e+20 2.896612e+41
7.170000e-15 4.281960e+20 1.833518e+41
7.180000e-15 3.171638e+20 1.005929e+41
7.190000e-15 2.054555e+20 4.221197e+40
7.200000e-15 9.342263e+19 8.727787e+39
7.210000e-15 -1.858334e+19 3.453405e+38
7.220000e-15 -1.302119e+20 1.695513e+40
7.230000e-15 -2.411146e+20 5.813626e+40
7.240000e-15 -3.509464e+20 1.231634e+41
7.250000e-15 -4.593664e+20 2.110175e+41
7.260000e-15 -5.660391e+20 3.204003e+41
7.270000e-15 -6.706354e+20 4.497518e+41
7.280000e-15 -7.728334e+20 5.972715e+41
7.290000e-15 -8.723198e+20 7.609419e+41
7.300000e-15 -9.687906e+20 9.385553e+41
7.310000e-15 -1.061952e+21 1.127742e+42
7.320000e-15 -1.151521e+21 1.326001e+42
7.330000e-15 -1.237228e+21 1.530733e+42
7.340000e-15 -1.318814e+21 1.739270e+42
7.350000e-15 -1.396035e+21 1.948914e+42
7.360000e-15 -1.468661e+21 2.156966e+42
7.370000e-15 -1.536478e+21 2.360765e+42
7.380000e-15 -1.599286e+21 2.557716e+42
7.390000e-15 -1.656902e+21 2.745324e+42
7.400000e-15 -1.709159e+21 2.921226e+42
7.410000e-15 -1.755909e+21 3.083218e+42
7.420000e-15 -1.797020e+21 3.229282e+42
7.430000e-15 -1.832379e+21 3.357613e+42
7.440000e-15 -1.861890e+21 3.466634e+42
7.450000e-15 -1.885476e+21 3.555022e+42
7.460000e-15 -1.903081e+21 3.621717e+42
7.470000e-15 -1.914664e+21 3.665940e+42
7.480000e-15 -1.920207e+21 3.687194e+42
7.490000e-15 -1.919707e+21 3.685275e+42
7.500000e-15 -1.913183e+21 3.660269e+42
7.510000e-15 -1.900671e+21 3.612551e+42
7.520000e-15 -1.882227e+21 3.542779e+42
7.530000e-15 -1.857925e+21 3.451884e+42
7.540000e-15 -1.827856e+21 3.341057e+42
7.550000e-15 -1.792130e+21 3.211730e+42
7.560000e-15 -1.750875e+21 3.065562e+42
7.570000e-15 -1.704234e+21 2.904412e+42
7.580000e-15 -1.652368e+21 2.730320e+42
7.590000e-15 -1.595454e+21 2.545474e+42
7.600000e-15 -1.533684e+21 2.352186e+42
7.610000e-15 -1.467264e+21 2.152864e+42
7.620000e-15 -1.396416e+21 1.949976e+42
7.630000e-15 -1.321372e+21 1.746024e+42
7.640000e-15 -1.242380e+21 1.543508e+42
7.650000e-15 -1.159698e+21 1.344900e+42
7.660000e-15 -1.073595e+21 1.152606e+42
7.670000e-15 -9.843502e+20 9.689453e+41
7.680000e-15 -8.922519e+20 7.961135e+41
7.690000e-15 -7.975966e+20 6.361604e+41
7.700000e-15 -7.006881e+20 4.909638e+41
7.710000e-15 -6.018363e+20 3.622070e+41
7.720000e-15 -5.013567e+20 2.513585e+41
7.730000e-15 -3.995687e+20 1.596552e+41
7.740000e-15 -2.967954e+20 8.808749e+40
7.750000e-15 -1.933618e+20 3.738879e+40
7.760000e-15 -8.959440e+19 8.027157e+39
7.770000e-15 1.418022e+19 2.010786e+38
7.780000e-15 1.176362e+20 1.383829e+40
7.790000e-15 2.204497e+20 4.859807e+40
7.800000e-15 3.222995e+20 1.038769e+41
7.810000e-15 4.228682e+20 1.788175e+41
7.820000e-15 5.218434e+20 2.723205e+41
7.830000e-15 6.189184e+20 3.830599e+41
7.840000e-15 7.137931e+20 5.095006e+41
7.850000e-15 8.061754e+20 6.499188e+41
7.860000e-15 8.957814e+20 8.024242e+41
7.870000e-15 9.823367e+20 9.649853e+41
7.880000e-15 1.065577e+21 1.135455e+42
7.890000e-15 1.145250e+21 1.311598e+42
7.900000e-15 1.221114e+21 1.491119e+42
7.910000e-15 1.292940e+21 1.671693e+42
7.920000e-15 1.360513e+21 1.850995e+42
7.930000e-15 1.423631e+21 2.026725e+42
7.940000e-15 1.482107e+21 2.196642e+42
7.950000e-15 1.535770e+21 2.358589e+42
7.960000e-15 1.584462e+21 2.510519e+42
7.970000e-15 1.628043e+21 2.650524e+42
7.980000e-15 1.666389e+21 2.776852e+42
7.990000e-15 1.699392e+21 2.887934e+42
8.000000e-15 1.726963e+21 2.982400e+42
8.010000e-15 1.749027e+21 3.059095e+42
8.020000e-15 1.765529e+21 3.117093e+42
8.030000e-15 1.776431e+21 3.155709e+42
8.040000e-15 1.781713e+21 3.174503e+42
8.050000e-15 1.781372e+21 3.173287e+42
8.060000e-15 1.775423e+21 3.152127e+42
8.070000e-15 1.763898e+21 3.111336e+42
8.080000e-15 1.746847e+21 3.051476e+42
8.090000e-15 1.724338e+21 2.973341e+42
8.100000e-15 1.696454e+21 2.877957e+42
8.110000e-15 1.663297e+21 2.766556e+42
8.120000e-15 1.624983e+21 2.640569e+42
8.130000e-15 1.581645e+21 2.501602e+42
8.140000e-15 1.533433e+21 2.351417e+42
8.150000e-15 1.480509e+21 2.191907e+42
8.160000e-15 1.423052e+21 2.025076e+42
8.170000e-15 1.361252e+21 1.853008e+42
8.180000e-15 1.295316e+21 1.677843e+42
8.190000e-15 1.225460e+21 1.501752e+42
8.200000e-15 1.151914e+21 1.326905e+42
8.210000e-15 1.074917e+21 1.155447e+42
8.220000e-15 9.947212e+20 9.894702e+41
8.230000e-15 9.115857e+20 8.309885e+41
8.240000e-15 8.257794e+20 6.819116e+41
8.250000e-15 7.375786e+20 5.440223e+41
8.260000e-15 6.472668e+20 4.189544e+41
8.270000e-15 5.551333e+20 3.081730e+41
8.280000e-15 4.614723e+20 2.129567e+41
8.290000e-15 3.665825e+20 1.343827e+41
8.300000e-15 2.707654e+20 7.331393e+40
8.310000e-15 1.743251e+20 3.038923e+40
8.320000e-15 7.756657e+19 6.016572e+39
8.330000e-15 -1.920460e+19 3.688168e+38
8.340000e-15 -1.156836e+20 1.338270e+40
8.350000e-15 -2.115672e+20 4.476070e+40
8.360000e-15 -3.065548e+20 9.397586e+40
8.370000e-15 -4.003492e+20 1.602795e+41
8.380000e-15 -4.926577e+20 2.427116e+41
8.390000e-15 -5.831928e+20 3.401138e+41
8.400000e-15 -6.716733e+20 4.511450e+41
8.410000e-15 -7.578252e+20 5.742991e+41
8.420000e-15 -8.413824e+20 7.079243e+41
8.430000e-15 -9.220873e+20 8.502451e+41
8.440000e-15 -9.996923e+20 9.993846e+41
8.450000e-15 -1.073960e+21 1.153389e+42
8.460000e-15 -1.144663e+21 1.310253e+42
8.470000e-15 -1.211587e+21 1.467944e+42
8.480000e-15 -1.274530e+21 1.624427e+42
8.490000e-15 -1.333303e+21 1.777696e+42
8.500000e-15 -1.387728e+21 1.925789e+42
8.510000e-15 -1.437645e+21 2.066824e+42
8.520000e-15 -1.482907e+21 2.199012e+42
8.530000e-15 -1.523380e+21 2.320686e+42
8.540000e-15 -1.558948e+21 2.430320e+42
8.550000e-15 -1.589510e+21 2.526543e+42
8.560000e-15 -1.614981e+21 2.608164e+42
8.570000e-15 -1.635291e+21 2.674178e+42
8.580000e-15 -1.650389e+21 2.723782e+42
8.590000e-15 -1.660237e+21 2.756386e+42
8.600000e-15 -1.664816e+21 2.771613e+42
8.610000e-15 -1.664125e+21 2.769310e+42
8.620000e-15 -1.658175e+21 2.749545e+42
8.630000e-15 -1.646999e+21 2.712606e+42
8.640000e-15 -1.630642e+21 2.658994e+42
8.650000e-15 -1.609168e+21 2.589422e+42
8.660000e-15 -1.582656e+21 2.504800e+42
8.670000e-15 -1.551200e+21 2.406221e+42
8.680000e-15 -1.514911e+21 2.294954e+42
8.690000e-15 -1.473913e+21 2.172420e+42
8.700000e-15 -1.428347e+21 2.040175e+42
8.710000e-15 -1.378366e+21 1.899893e+42
8.720000e-15 -1.324138e+21 1.753341e+42
8.730000e-15 -1.265843e+21 1.602358e+42
8.740000e-15 -1.203674e+21 1.448832e+42
8.750000e-15 -1.137836e+21 1.294672e+42
8.760000e-15 -1.068546e+21 1.141790e+42
8.770000e-15 -9.960282e+20 9.920721e+41
8.780000e-15 -9.205201e+20 8.473573e+41
8.790000e-15 -8.422665e+20 7.094129e+41
8.800000e-15 -7.615206e+20 5.799137e+41
8.810000e-15 -6.785430e+20 4.604206e+41
8.820000e-15 -5.936007e+20 3.523618e+41
8.830000e-15 -5.069665e+20 2.570150e+41
8.840000e-15 -4.189179e+20 1.754922e+41
8.850000e-15 -3.297363e+20 1.087260e+41
8.860000e-15 -2.397062e+20 5.745906e+40
8.870000e-15 -1.491141e+20 2.223501e+40
8.880000e-15 -5.824768e+19 3.392792e+39
8.890000e-15 3.260500e+19 1.063086e+39
8.900000e-15 1.231566e+20 1.516754e+40
8.910000e-15 2.131212e+20 4.542065e+40
8.920000e-15 3.022155e+20 9.133419e+40
8.930000e-15 3.901593e+20 1.522242e+41
8.940000e-15 4.766767e+20 2.272207e+41
8.950000e-15 5.614970e+20 3.152788e+41
8.960000e-15 6.443551e+20 4.151935e+41
8.970000e-15 7.249930e+20 5.256149e+41
8.980000e-15 8.031600e+20 6.450659e+41
8.990000e-15 8.786137e+20 7.719620e+41
9.000000e-15 9.511208e+20 9.046308e+41
9.010000e-15 1.020458e+21 1.041335e+42
9.020000e-15 1.086412e+21 1.180291e+42
9.030000e-15 1.148781e+21 1.319699e+42
9.040000e-15 1.207376e+21 1.457756e+42
9.050000e-15 1.262017e+21 1.592687e+42
9.060000e-15 1.312541e+21 1.722763e+42
9.070000e-15 1.358795e+21 1.846324e+42
9.080000e-15 1.400642e+21 1.961799e+42
9.090000e-15 1.437959e+21 2.067726e+42
9.100000e-15 1.470636e+21 2.162769e+42
9.110000e-15 1.498579e+21 2.245739e+42
9.120000e-15 1.521709e+21 2.315600e+42
9.130000e-15 1.539964e+21 2.371489e+42
9.140000e-15 1.553295e+21 2.412724e+42
9.150000e-15 1.561669e+21 2.438810e+42
9.160000e-15 1.565071e+21 2.449446e+42
9.170000e-15 1.563499e+21 2.444529e+42
9.180000e-15 1.556969e+21 2.424153e+42
9.190000e-15 1.545512e+21 2.388606e+42
9.200000e-15 1.529173e+21 2.338371e+42
9.210000e-15 1.508015e+21 2.274110e+42
9.220000e-15 1.482115e+21 2.196664e+42
9.230000e-15 1.451563e+21 2.107037e+42
9.240000e-15 1.416468e+21 2.006381e+42
9.250000e-15 1.376948e+21 1.895985e+42
9.260000e-15 1.333138e+21 1.777258e+42
9.270000e-15 1.285187e+21 1.651705e+42
9.280000e-15 1.233254e+21 1.520915e+42
9.290000e-15 1.177512e+21 1.386535e+42
9.300000e-15 1.118147e+21 1.250252e+42
9.310000e-15 1.055352e+21 1.113769e+42
9.320000e-15 9.893361e+20 9.787858e+41
9.330000e-15 9.203136e+20 8.469771e+41
9.340000e-15 8.485102e+20 7.199696e+41
9.350000e-15 7.741594e+20 5.993228e+41
9.360000e-15 6.975024e+20 4.865095e+41
9.370000e-15 6.187872e+20 3.828976e+41
9.380000e-15 5.382679e+20 2.897324e+41
9.390000e-15 4.562040e+20 2.081220e+41
9.400000e-15 3.728590e+20 1.390238e+41
9.410000e-15 2.885004e+20 8.323250e+40
9.420000e-15 2.033982e+20 4.137083e+40
9.430000e-15 1.178242e+20 1.388254e+40
9.440000e-15 3.205128e+19 1.027284e+39
9.450000e-15 -5.364765e+19 2.878070e+39
9.460000e-15 -1.390004e+20 1.932110e+40
9.470000e-15 -2.237363e+20 5.005794e+40
9.480000e-15 -3.075874e+20 9.461002e+40
9.490000e-15 -3.902889e+20 1.523254e+41
9.500000e-15 -4.715801e+20 2.223878e+41
9.510000e-15 -5.512055e+20 3.038275e+41
9.520000e-15 -6.289152e+20 3.955343e+41
9.530000e-15 -7.044659e+20 4.962722e+41
9.540000e-15 -7.776217e+20 6.046955e+41
9.550000e-15 -8.481547e+20 7.193663e+41
9.560000e-15 -9.158457e+20 8.387734e+41
9.570000e-15 -9.804852e+20 9.613512e+41
9.580000e-15 -1.041874e+21 1.085500e+42
9.590000e-15 -1.099822e+21 1.209608e+42
9.600000e-15 -1.154153e+21 1.332069e+42
9.610000e-15 -1.204700e+21 1.451303e+42
9.620000e-15 -1.251312e+21 1.565781e+42
9.630000e-15 -1.293846e+21 1.674037e+42
9.640000e-15 -1.332175e+21 1.774691e+42
9.650000e-15 -1.366187e+21 1.866467e+42
9.660000e-15 -1.395781e+21 1.948205e+42
9.670000e-15 -1.420872e+21 2.018877e+42
9.680000e-15 -1.441388e+21 2.077601e+42
9.690000e-15 -1.457275e+21 2.123649e+42
9.700000e-15 -1.468489e+21 2.156459e+42
9.710000e-15 -1.475004e+21 2.175638e+42
9.720000e-15 -1.476810e+21 2.180968e+42
9.730000e-15 -1.473910e+21 2.172410e+42
9.740000e-15 -1.466321e+21 2.150098e+42
9.750000e-15 -1.454078e+21 2.114343e+42
9.760000e-15 -1.437229e+21 2.065626e+42
9.770000e-15 -1.415836e+21 2.004590e+42
9.780000e-15 -1.389976e+21 1.932033e+42
9.790000e-15 -1.359741e+21 1.848895e+42
9.800000e-15 -1.325235e+21 1.756247e+42
9.810000e-15 -1.286577e+21 1.655280e+42
9.820000e-15 -1.243897e+21 1.547281e+42
9.830000e-15 -1.197341e+21 1.433626e+42
9.840000e-15 -1.147063e+21 1.315754e+42
9.850000e-15 -1.093232e+21 1.195156e+42
9.860000e-15 -1.036025e+21 1.073348e+42
9.870000e-15 -9.756315e+20 9.518568e+41
9.880000e-15 -9.122503e+20 8.322006e+41
9.890000e-15 -8.460890e+20 7.158667e+41
9.900000e-15 -7.773640e+20 6.042948e+41
9.910000e-15 -7.062993e+20 4.988587e+41
9.920000e-15 -6.331258e+20 4.008483e+41
9.930000e-15 -5.580809e+20 3.114543e+41
9.940000e-15 -4.814074e+20 2.317531e+41
9.950000e-15 -4.033529e+20 1.626936e+41
9.960000e-15 -3.241689e+20 1.050854e+41
9.970000e-15 -2.441098e+20 5.958960e+40
9.980000e-15 -1.634327e+20 2.671023e+40
9.990000e-15 -8.239577e+19 6.789064e+39
1.000000e-14 -1.258168e+18 1.582988e+36
