0.000000e+00 nan nan
1.000000e-17 -1.663169e+06 2.766132e+12
2.000000e-17 -2.128607e+08 4.530967e+16
3.000000e-17 -3.636214e+09 1.322205e+19
4.000000e-17 -2.723339e+10 7.416575e+20
5.000000e-17 -1.298132e+11 1.685148e+22
6.000000e-17 -4.649443e+11 2.161732e+23
7.000000e-17 -1.367124e+12 1.869027e+24
8.000000e-17 -3.479339e+12 1.210580e+25
9.000000e-17 -7.930047e+12 6.288565e+25
1.000000e-16 -1.656745e+13 2.744804e+26
1.100000e-16 -3.225878e+13 1.040629e+27
1.200000e-16 -5.926215e+13 3.512002e+27
1.300000e-16 -1.036783e+14 1.074918e+28
1.400000e-16 -1.739891e+14 3.027222e+28
1.500000e-16 -2.816906e+14 7.934960e+28
1.600000e-16 -4.420254e+14 1.953864e+29
1.700000e-16 -6.748225e+14 4.553854e+29
1.800000e-16 -1.005450e+15 1.010930e+30
1.900000e-16 -1.465886e+15 2.148821e+30
2.000000e-16 -2.095911e+15 4.392844e+30
2.100000e-16 -2.944435e+15 8.669699e+30
2.200000e-16 -4.070951e+15 1.657264e+31
2.300000e-16 -5.547127e+15 3.077062e+31
2.400000e-16 -7.458546e+15 5.562991e+31
2.500000e-16 -9.906583e+15 9.814039e+31
2.600000e-16 -1.301043e+16 1.692713e+32
2.700000e-16 -1.690928e+16 2.859236e+32
2.800000e-16 -2.176464e+16 4.736994e+32
2.900000e-16 -2.776283e+16 7.707750e+32
3.000000e-16 -3.511764e+16 1.233248e+33
3.100000e-16 -4.407305e+16 1.942434e+33
3.200000e-16 -5.490627e+16 3.014698e+33
3.300000e-16 -6.793078e+16 4.614590e+33
3.400000e-16 -8.349960e+16 6.972184e+33
3.500000e-16 -1.020087e+17 1.040578e+34
3.600000e-16 -1.239007e+17 1.535138e+34
3.700000e-16 -1.496682e+17 2.240057e+34
3.800000e-16 -1.798581e+17 3.234892e+34
3.900000e-16 -2.150752e+17 4.625734e+34
4.000000e-16 -2.559867e+17 6.552921e+34
4.100000e-16 -3.033263e+17 9.200684e+34
4.200000e-16 -3.578983e+17 1.280912e+35
4.300000e-16 -4.205828e+17 1.768899e+35
4.400000e-16 -4.923396e+17 2.423983e+35
4.500000e-16 -5.742135e+17 3.297211e+35
4.600000e-16 -6.673389e+17 4.453412e+35
4.700000e-16 -7.729449e+17 5.974438e+35
4.800000e-16 -8.923600e+17 7.963064e+35
4.900000e-16 -1.027018e+18 1.054766e+36
5.000000e-16 -1.178462e+18 1.388772e+36
5.100000e-16 -1.348350e+18 1.818049e+36
5.200000e-16 -1.538463e+18 2.366868e+36
5.300000e-16 -1.750704e+18 3.064965e+36
5.400000e-16 -1.987111e+18 3.948609e+36
5.500000e-16 -2.249856e+18 5.061851e+36
5.600000e-16 -2.541254e+18 6.457973e+36
5.700000e-16 -2.863769e+18 8.201173e+36
5.800000e-16 -3.220016e+18 1.036850e+37
5.900000e-16 -3.612768e+18 1.305209e+37
6.000000e-16 -4.044964e+18 1.636173e+37
6.100000e-16 -4.519710e+18 2.042778e+37
6.200000e-16 -5.040288e+18 2.540450e+37
6.300000e-16 -5.610157e+18 3.147386e+37
6.400000e-16 -6.232963e+18 3.884983e+37
6.500000e-16 -6.912539e+18 4.778320e+37
6.600000e-16 -7.652915e+18 5.856711e+37
6.700000e-16 -8.458319e+18 7.154316e+37
6.800000e-16 -9.333181e+18 8.710827e+37
6.900000e-16 -1.028214e+19 1.057224e+38
7.000000e-16 -1.131005e+19 1.279173e+38
7.100000e-16 -1.242198e+19 1.543057e+38
7.200000e-16 -1.362322e+19 1.855922e+38
7.300000e-16 -1.491928e+19 2.225850e+38
7.400000e-16 -1.631590e+19 2.662087e+38
7.500000e-16 -1.781906e+19 3.175189e+38
7.600000e-16 -1.943495e+19 3.777174e+38
7.700000e-16 -2.117003e+19 4.481700e+38
7.800000e-16 -2.303096e+19 5.304251e+38
7.900000e-16 -2.502468e+19 6.262344e+38
8.000000e-16 -2.715834e+19 7.375753e+38
8.100000e-16 -2.943936e+19 8.666757e+38
8.200000e-16 -3.187538e+19 1.016040e+39
8.300000e-16 -3.447432e+19 1.188479e+39
8.400000e-16 -3.724431e+19 1.387139e+39
8.500000e-16 -4.019376e+19 1.615538e+39
8.600000e-16 -4.333129e+19 1.877601e+39
8.700000e-16 -4.666581e+19 2.177698e+39
8.800000e-16 -5.020644e+19 2.520686e+39
8.900000e-16 -5.396255e+19 2.911957e+39
9.000000e-16 -5.794376e+19 3.357480e+39
9.100000e-16 -6.215994e+19 3.863858e+39
9.200000e-16 -6.662117e+19 4.438380e+39
9.300000e-16 -7.133777e+19 5.089077e+39
9.400000e-16 -7.632030e+19 5.824789e+39
9.500000e-16 -8.157955e+19 6.655223e+39
9.600000e-16 -8.712651e+19 7.591029e+39
9.700000e-16 -9.297240e+19 8.643868e+39
9.800000e-16 -9.912865e+19 9.826490e+39
9.900000e-16 -1.056069e+20 1.115282e+40
1.000000e-15 -1.124189e+20 1.263802e+40
1.010000e-15 -1.195768e+20 1.429862e+40
1.020000e-15 -1.270928e+20 1.615257e+40
1.030000e-15 -1.349791e+20 1.821936e+40
1.040000e-15 -1.432484e+20 2.052010e+40
1.050000e-15 -1.519133e+20 2.307766e+40
1.060000e-15 -1.609868e+20 2.591675e+40
1.070000e-15 -1.704817e+20 2.906402e+40
1.080000e-15 -1.804113e+20 3.254822e+40
1.090000e-15 -1.907886e+20 3.640030e+40
1.100000e-15 -2.016271e+20 4.065350e+40
1.110000e-15 -2.129402e+20 4.534353e+40
1.120000e-15 -2.247414e+20 5.050868e+40
1.130000e-15 -2.370442e+20 5.618994e+40
1.140000e-15 -2.498622e+20 6.243114e+40
1.150000e-15 -2.632092e+20 6.927911e+40
1.160000e-15 -2.770989e+20 7.678377e+40
1.170000e-15 -2.915448e+20 8.499835e+40
1.180000e-15 -3.065607e+20 9.397943e+40
1.190000e-15 -3.221602e+20 1.037872e+41
1.200000e-15 -3.383570e+20 1.144855e+41
1.210000e-15 -3.551647e+20 1.261420e+41
1.220000e-15 -3.725967e+20 1.388283e+41
1.230000e-15 -3.906665e+20 1.526203e+41
1.240000e-15 -4.093873e+20 1.675980e+41
1.250000e-15 -4.287723e+20 1.838457e+41
1.260000e-15 -4.488346e+20 2.014525e+41
1.270000e-15 -4.695871e+20 2.205120e+41
1.280000e-15 -4.910423e+20 2.411225e+41
1.290000e-15 -5.132128e+20 2.633874e+41
1.300000e-15 -5.361109e+20 2.874149e+41
1.310000e-15 -5.597485e+20 3.133184e+41
1.320000e-15 -5.841375e+20 3.412166e+41
1.330000e-15 -6.092892e+20 3.712334e+41
1.340000e-15 -6.352150e+20 4.034980e+41
1.350000e-15 -6.619255e+20 4.381453e+41
1.360000e-15 -6.894313e+20 4.753155e+41
1.370000e-15 -7.177426e+20 5.151544e+41
1.380000e-15 -7.468690e+20 5.578133e+41
1.390000e-15 -7.768200e+20 6.034492e+41
1.400000e-15 -8.076043e+20 6.522248e+41
1.410000e-15 -8.392306e+20 7.043080e+41
1.420000e-15 -8.717067e+20 7.598726e+41
1.430000e-15 -9.050402e+20 8.190978e+41
1.440000e-15 -9.392380e+20 8.821681e+41
1.450000e-15 -9.743066e+20 9.492734e+41
1.460000e-15 -1.010252e+21 1.020609e+42
1.470000e-15 -1.047079e+21 1.096374e+42
1.480000e-15 -1.084793e+21 1.176775e+42
1.490000e-15 -1.123397e+21 1.262022e+42
1.500000e-15 -1.162896e+21 1.352327e+42
1.510000e-15 -1.203292e+21 1.447911e+42
1.520000e-15 -1.244587e+21 1.548996e+42
1.530000e-15 -1.286782e+21 1.655808e+42
1.540000e-15 -1.329878e+21 1.768577e+42
1.550000e-15 -1.373876e+21 1.887536e+42
1.560000e-15 -1.418774e+21 2.012920e+42
1.570000e-15 -1.464571e+21 2.144968e+42
1.580000e-15 -1.511264e+21 2.283920e+42
1.590000e-15 -1.558851e+21 2.430017e+42
1.600000e-15 -1.607327e+21 2.583501e+42
1.610000e-15 -1.656688e+21 2.744615e+42
1.620000e-15 -1.706928e+21 2.913603e+42
1.630000e-15 -1.758040e+21 3.090705e+42
1.640000e-15 -1.810017e+21 3.276162e+42
1.650000e-15 -1.862851e+21 3.470215e+42
1.660000e-15 -1.916533e+21 3.673099e+42
1.670000e-15 -1.971052e+21 3.885048e+42
1.680000e-15 -2.026399e+21 4.106291e+42
1.690000e-15 -2.082559e+21 4.337053e+42
1.700000e-15 -2.139522e+21 4.577554e+42
1.710000e-15 -2.197272e+21 4.828006e+42
1.720000e-15 -2.255796e+21 5.088618e+42
1.730000e-15 -2.315078e+21 5.359586e+42
1.740000e-15 -2.375101e+21 5.641103e+42
1.750000e-15 -2.435847e+21 5.933349e+42
1.760000e-15 -2.497297e+21 6.236494e+42
1.770000e-15 -2.559433e+21 6.550699e+42
1.780000e-15 -2.622234e+21 6.876111e+42
1.790000e-15 -2.685678e+21 7.212865e+42
1.800000e-15 -2.749742e+21 7.561084e+42
1.810000e-15 -2.814404e+21 7.920873e+42
1.820000e-15 -2.879639e+21 8.292323e+42
1.830000e-15 -2.945422e+21 8.675511e+42
1.840000e-15 -3.011726e+21 9.070495e+42
1.850000e-15 -3.078524e+21 9.477312e+42
1.860000e-15 -3.145789e+21 9.895986e+42
1.870000e-15 -3.213490e+21 1.032652e+43
1.880000e-15 -3.281598e+21 1.076889e+43
1.890000e-15 -3.350083e+21 1.122305e+43
1.900000e-15 -3.418911e+21 1.168896e+43
1.910000e-15 -3.488052e+21 1.216651e+43
1.920000e-15 -3.557471e+21 1.265560e+43
1.930000e-15 -3.627134e+21 1.315610e+43
1.940000e-15 -3.697005e+21 1.366785e+43
1.950000e-15 -3.767050e+21 1.419067e+43
1.960000e-15 -3.837231e+21 1.472434e+43
1.970000e-15 -3.907510e+21 1.526864e+43
1.980000e-15 -3.977851e+21 1.582330e+43
1.990000e-15 -4.048212e+21 1.638802e+43
2.000000e-15 -4.118556e+21 1.696250e+43
2.010000e-15 -4.188841e+21 1.754639e+43
2.020000e-15 -4.259028e+21 1.813932e+43
2.030000e-15 -4.329073e+21 1.874087e+43
2.040000e-15 -4.398936e+21 1.935064e+43
2.050000e-15 -4.468573e+21 1.996815e+43
2.060000e-15 -4.537942e+21 2.059292e+43
2.070000e-15 -4.606999e+21 2.122444e+43
2.080000e-15 -4.675699e+21 2.186216e+43
2.090000e-15 -4.743998e+21 2.250552e+43
2.100000e-15 -4.811852e+21 2.315392e+43
2.110000e-15 -4.879215e+21 2.380674e+43
2.120000e-15 -4.946042e+21 2.446333e+43
2.130000e-15 -5.012286e+21 2.512301e+43
2.140000e-15 -5.077902e+21 2.578508e+43
2.150000e-15 -5.142843e+21 2.644883e+43
2.160000e-15 -5.207063e+21 2.711350e+43
2.170000e-15 -5.270516e+21 2.777833e+43
2.180000e-15 -5.333154e+21 2.844253e+43
2.190000e-15 -5.394931e+21 2.910529e+43
2.200000e-15 -5.455801e+21 2.976577e+43
2.210000e-15 -5.515717e+21 3.042314e+43
2.220000e-15 -5.574633e+21 3.107653e+43
2.230000e-15 -5.632501e+21 3.172506e+43
2.240000e-15 -5.689275e+21 3.236785e+43
2.250000e-15 -5.744911e+21 3.300400e+43
2.260000e-15 -5.799361e+21 3.363259e+43
2.270000e-15 -5.852581e+21 3.425270e+43
2.280000e-15 -5.904525e+21 3.486341e+43
2.290000e-15 -5.955148e+21 3.546379e+43
2.300000e-15 -6.004407e+21 3.605290e+43
2.310000e-15 -6.052256e+21 3.662981e+43
2.320000e-15 -6.098654e+21 3.719358e+43
2.330000e-15 -6.143557e+21 3.774329e+43
2.340000e-15 -6.186922e+21 3.827801e+43
2.350000e-15 -6.228709e+21 3.879682e+43
2.360000e-15 -6.268877e+21 3.929881e+43
2.370000e-15 -6.307384e+21 3.978309e+43
2.380000e-15 -6.344192e+21 4.024878e+43
2.390000e-15 -6.379263e+21 4.069499e+43
2.400000e-15 -6.412558e+21 4.112090e+43
2.410000e-15 -6.444040e+21 4.152565e+43
2.420000e-15 -6.473673e+21 4.190845e+43
2.430000e-15 -6.501423e+21 4.226851e+43
2.440000e-15 -6.527256e+21 4.260507e+43
2.450000e-15 -6.551137e+21 4.291740e+43
2.460000e-15 -6.573036e+21 4.320480e+43
2.470000e-15 -6.592921e+21 4.346661e+43
2.480000e-15 -6.610763e+21 4.370219e+43
2.490000e-15 -6.626533e+21 4.391094e+43
2.500000e-15 -6.640203e+21 4.409230e+43
2.510000e-15 -6.651748e+21 4.424576e+43
2.520000e-15 -6.661143e+21 4.437082e+43
2.530000e-15 -6.668363e+21 4.446707e+43
2.540000e-15 -6.673387e+21 4.453409e+43
2.550000e-15 -6.676193e+21 4.457155e+43
2.560000e-15 -6.676762e+21 4.457915e+43
2.570000e-15 -6.675075e+21 4.455662e+43
2.580000e-15 -6.671116e+21 4.450378e+43
2.590000e-15 -6.664869e+21 4.442047e+43
2.600000e-15 -6.656319e+21 4.430659e+43
2.610000e-15 -6.645456e+21 4.416208e+43
2.620000e-15 -6.632266e+21 4.398696e+43
2.630000e-15 -6.616742e+21 4.378127e+43
2.640000e-15 -6.598874e+21 4.354514e+43
2.650000e-15 -6.578656e+21 4.327871e+43
2.660000e-15 -6.556083e+21 4.298222e+43
2.670000e-15 -6.531151e+21 4.265593e+43
2.680000e-15 -6.503859e+21 4.230018e+43
2.690000e-15 -6.474206e+21 4.191534e+43
2.700000e-15 -6.442193e+21 4.150184e+43
2.710000e-15 -6.407822e+21 4.106019e+43
2.720000e-15 -6.371099e+21 4.059090e+43
2.730000e-15 -6.332029e+21 4.009459e+43
2.740000e-15 -6.290619e+21 3.957188e+43
2.750000e-15 -6.246878e+21 3.902348e+43
2.760000e-15 -6.200817e+21 3.845013e+43
2.770000e-15 -6.152448e+21 3.785261e+43
2.780000e-15 -6.101784e+21 3.723177e+43
2.790000e-15 -6.048841e+21 3.658848e+43
2.800000e-15 -5.993635e+21 3.592366e+43
2.810000e-15 -5.936185e+21 3.523830e+43
2.820000e-15 -5.876511e+21 3.453338e+43
2.830000e-15 -5.814633e+21 3.380996e+43
2.840000e-15 -5.750574e+21 3.306911e+43
2.850000e-15 -5.684360e+21 3.231195e+43
2.860000e-15 -5.616014e+21 3.153962e+43
2.870000e-15 -5.545566e+21 3.075330e+43
2.880000e-15 -5.473042e+21 2.995419e+43
2.890000e-15 -5.398473e+21 2.914352e+43
2.900000e-15 -5.321891e+21 2.832253e+43
2.910000e-15 -5.243329e+21 2.749250e+43
2.920000e-15 -5.162819e+21 2.665470e+43
2.930000e-15 -5.080399e+21 2.581045e+43
2.940000e-15 -4.996103e+21 2.496105e+43
2.950000e-15 -4.909971e+21 2.410782e+43
2.960000e-15 -4.822042e+21 2.325209e+43
2.970000e-15 -4.732356e+21 2.239519e+43
2.980000e-15 -4.640955e+21 2.153846e+43
2.990000e-15 -4.547880e+21 2.068322e+43
3.000000e-15 -4.453178e+21 1.983079e+43
3.010000e-15 -4.356891e+21 1.898250e+43
3.020000e-15 -4.259067e+21 1.813965e+43
3.030000e-15 -4.159753e+21 1.730354e+43
3.040000e-15 -4.058996e+21 1.647545e+43
3.050000e-15 -3.956846e+21 1.565663e+43
3.060000e-15 -3.853353e+21 1.484833e+43
3.070000e-15 -3.748567e+21 1.405176e+43
3.080000e-15 -3.642541e+21 1.326811e+43
3.090000e-15 -3.535327e+21 1.249854e+43
3.100000e-15 -3.426979e+21 1.174418e+43
3.110000e-15 -3.317550e+21 1.100614e+43
3.120000e-15 -3.207096e+21 1.028546e+43
3.130000e-15 -3.095672e+21 9.583182e+42
3.140000e-15 -2.983334e+21 8.900282e+42
3.150000e-15 -2.870140e+21 8.237703e+42
3.160000e-15 -2.756146e+21 7.596343e+42
3.170000e-15 -2.641412e+21 6.977055e+42
3.180000e-15 -2.525994e+21 6.380646e+42
3.190000e-15 -2.409953e+21 5.807872e+42
3.200000e-15 -2.293347e+21 5.259440e+42
3.210000e-15 -2.176236e+21 4.736005e+42
3.220000e-15 -2.058681e+21 4.238168e+42
3.230000e-15 -1.940742e+21 3.766478e+42
3.240000e-15 -1.822479e+21 3.321429e+42
3.250000e-15 -1.703953e+21 2.903456e+42
3.260000e-15 -1.585226e+21 2.512941e+42
3.270000e-15 -1.466359e+21 2.150207e+42
3.280000e-15 -1.347412e+21 1.815520e+42
3.290000e-15 -1.228449e+21 1.509086e+42
3.300000e-15 -1.109529e+21 1.231055e+42
3.310000e-15 -9.907151e+20 9.815165e+41
3.320000e-15 -8.720682e+20 7.605030e+41
3.330000e-15 -7.536499e+20 5.679881e+41
3.340000e-15 -6.355212e+20 4.038873e+41
3.350000e-15 -5.177436e+20 2.680584e+41
3.360000e-15 -4.003778e+20 1.603024e+41
3.370000e-15 -2.834847e+20 8.036356e+40
3.380000e-15 -1.671247e+20 2.793066e+40
3.390000e-15 -5.135806e+19 2.637651e+39
3.400000e-15 6.375535e+19 4.064745e+39
3.410000e-15 1.781560e+20 3.173957e+40
3.420000e-15 2.917849e+20 8.513841e+40
3.430000e-15 4.045832e+20 1.636875e+41
3.440000e-15 5.164927e+20 2.667648e+41
3.450000e-15 6.274559e+20 3.937009e+41
3.460000e-15 7.374154e+20 5.437814e+41
3.470000e-15 8.463146e+20 7.162485e+41
3.480000e-15 9.540977e+20 9.103024e+41
3.490000e-15 1.060709e+21 1.125104e+42
3.500000e-15 1.166094e+21 1.359776e+42
3.510000e-15 1.270199e+21 1.613406e+42
3.520000e-15 1.372970e+21 1.885047e+42
3.530000e-15 1.474355e+21 2.173724e+42
3.540000e-15 1.574303e+21 2.478430e+42
3.550000e-15 1.672762e+21 2.798131e+42
3.560000e-15 1.769681e+21 3.131773e+42
3.570000e-15 1.865014e+21 3.478276e+42
3.580000e-15 1.958709e+21 3.836543e+42
3.590000e-15 2.050722e+21 4.205460e+42
3.600000e-15 2.141005e+21 4.583901e+42
3.610000e-15 2.229512e+21 4.970724e+42
3.620000e-15 2.316200e+21 5.364783e+42
3.630000e-15 2.401025e+21 5.764923e+42
3.640000e-15 2.483946e+21 6.169987e+42
3.650000e-15 2.564920e+21 6.578815e+42
3.660000e-15 2.643908e+21 6.990250e+42
3.670000e-15 2.720871e+21 7.403141e+42
3.680000e-15 2.795772e+21 7.816342e+42
3.690000e-15 2.868574e+21 8.228715e+42
3.700000e-15 2.939241e+21 8.639138e+42
3.710000e-15 3.007740e+21 9.046499e+42
3.720000e-15 3.074038e+21 9.449708e+42
3.730000e-15 3.138103e+21 9.847690e+42
3.740000e-15 3.199905e+21 1.023939e+43
3.750000e-15 3.259416e+21 1.062379e+43
3.760000e-15 3.316607e+21 1.099988e+43
3.770000e-15 3.371453e+21 1.136670e+43
3.780000e-15 3.423929e+21 1.172329e+43
3.790000e-15 3.474011e+21 1.206876e+43
3.800000e-15 3.521678e+21 1.240221e+43
3.810000e-15 3.566908e+21 1.272283e+43
3.820000e-15 3.609683e+21 1.302981e+43
3.830000e-15 3.649984e+21 1.332239e+43
3.840000e-15 3.687796e+21 1.359984e+43
3.850000e-15 3.723104e+21 1.386151e+43
3.860000e-15 3.755895e+21 1.410674e+43
3.870000e-15 3.786155e+21 1.433497e+43
3.880000e-15 3.813877e+21 1.454566e+43
3.890000e-15 3.839049e+21 1.473830e+43
3.900000e-15 3.861666e+21 1.491247e+43
3.910000e-15 3.881721e+21 1.506776e+43
3.920000e-15 3.899211e+21 1.520385e+43
3.930000e-15 3.914132e+21 1.532043e+43
3.940000e-15 3.926483e+21 1.541727e+43
3.950000e-15 3.936265e+21 1.549418e+43
3.960000e-15 3.943479e+21 1.555103e+43
3.970000e-15 3.948130e+21 1.558773e+43
3.980000e-15 3.950222e+21 1.560425e+43
3.990000e-15 3.949762e+21 1.560062e+43
4.000000e-15 3.946757e+21 1.557689e+43
4.010000e-15 3.941218e+21 1.553320e+43
4.020000e-15 3.933155e+21 1.546971e+43
4.030000e-15 3.922583e+21 1.538665e+43
4.040000e-15 3.909514e+21 1.528430e+43
4.050000e-15 3.893964e+21 1.516296e+43
4.060000e-15 3.875952e+21 1.502300e+43
4.070000e-15 3.855495e+21 1.486484e+43
4.080000e-15 3.832614e+21 1.468893e+43
4.090000e-15 3.807331e+21 1.449577e+43
4.100000e-15 3.779670e+21 1.428591e+43
4.110000e-15 3.749655e+21 1.405991e+43
4.120000e-15 3.717312e+21 1.381841e+43
4.130000e-15 3.682669e+21 1.356205e+43
4.140000e-15 3.645755e+21 1.329153e+43
4.150000e-15 3.606601e+21 1.300757e+43
4.160000e-15 3.565238e+21 1.271092e+43
4.170000e-15 3.521700e+21 1.240237e+43
4.180000e-15 3.476022e+21 1.208273e+43
4.190000e-15 3.428239e+21 1.175282e+43
4.200000e-15 3.378389e+21 1.141351e+43
4.210000e-15 3.326510e+21 1.106567e+43
4.220000e-15 3.272643e+21 1.071019e+43
4.230000e-15 3.216828e+21 1.034798e+43
4.240000e-15 3.159107e+21 9.979960e+42
4.250000e-15 3.099525e+21 9.607056e+42
4.260000e-15 3.038126e+21 9.230209e+42
4.270000e-15 2.974955e+21 8.850358e+42
4.280000e-15 2.910060e+21 8.468450e+42
4.290000e-15 2.843489e+21 8.085428e+42
4.300000e-15 2.775290e+21 7.702234e+42
4.310000e-15 2.705514e+21 7.319806e+42
4.320000e-15 2.634212e+21 6.939072e+42
4.330000e-15 2.561436e+21 6.560952e+42
4.340000e-15 2.487238e+21 6.186353e+42
4.350000e-15 2.411673e+21 5.816167e+42
4.360000e-15 2.334795e+21 5.451269e+42
4.370000e-15 2.256660e+21 5.092516e+42
4.380000e-15 2.177325e+21 4.740742e+42
4.390000e-15 2.096845e+21 4.396757e+42
4.400000e-15 2.015278e+21 4.061347e+42
4.410000e-15 1.932684e+21 3.735269e+42
4.420000e-15 1.849121e+21 3.419250e+42
4.430000e-15 1.764649e+21 3.113986e+42
4.440000e-15 1.679327e+21 2.820140e+42
4.450000e-15 1.593217e+21 2.538340e+42
4.460000e-15 1.506379e+21 2.269178e+42
4.470000e-15 1.418875e+21 2.013207e+42
4.480000e-15 1.330767e+21 1.770941e+42
4.490000e-15 1.242117e+21 1.542855e+42
4.500000e-15 1.152988e+21 1.329381e+42
4.510000e-15 1.063442e+21 1.130908e+42
4.520000e-15 9.735417e+20 9.477834e+41
4.530000e-15 8.833511e+20 7.803092e+41
4.540000e-15 7.929332e+20 6.287431e+41
4.550000e-15 7.023513e+20 4.932973e+41
4.560000e-15 6.116686e+20 3.741385e+41
4.570000e-15 5.209486e+20 2.713874e+41
4.580000e-15 4.302544e+20 1.851189e+41
4.590000e-15 3.396493e+20 1.153617e+41
4.600000e-15 2.491963e+20 6.209881e+40
4.610000e-15 1.589583e+20 2.526773e+40
4.620000e-15 6.899772e+19 4.760686e+39
4.630000e-15 -2.062298e+19 4.253074e+38
4.640000e-15 -1.098418e+20 1.206523e+40
4.650000e-15 -1.985973e+20 3.944087e+40
4.660000e-15 -2.868280e+20 8.227029e+40
4.670000e-15 -3.744733e+20 1.402302e+41
4.680000e-15 -4.614729e+20 2.129572e+41
4.690000e-15 -5.477670e+20 3.000487e+41
4.700000e-15 -6.332967e+20 4.010647e+41
4.710000e-15 -7.180032e+20 5.155286e+41
4.720000e-15 -8.018288e+20 6.429295e+41
4.730000e-15 -8.847164e+20 7.827232e+41
4.740000e-15 -9.666096e+20 9.343341e+41
4.750000e-15 -1.047453e+21 1.097157e+42
4.760000e-15 -1.127191e+21 1.270560e+42
4.770000e-15 -1.205771e+21 1.453883e+42
4.780000e-15 -1.283139e+21 1.646445e+42
4.790000e-15 -1.359243e+21 1.847541e+42
4.800000e-15 -1.434032e+21 2.056449e+42
4.810000e-15 -1.507457e+21 2.272426e+42
4.820000e-15 -1.579468e+21 2.494718e+42
4.830000e-15 -1.650017e+21 2.722555e+42
4.840000e-15 -1.719057e+21 2.955158e+42
4.850000e-15 -1.786544e+21 3.191739e+42
4.860000e-15 -1.852432e+21 3.431503e+42
4.870000e-15 -1.916678e+21 3.673654e+42
4.880000e-15 -1.979240e+21 3.917393e+42
4.890000e-15 -2.040079e+21 4.161921e+42
4.900000e-15 -2.099153e+21 4.406444e+42
4.910000e-15 -2.156426e+21 4.650173e+42
4.920000e-15 -2.211861e+21 4.892327e+42
4.930000e-15 -2.265422e+21 5.132135e+42
4.940000e-15 -2.317075e+21 5.368837e+42
4.950000e-15 -2.366789e+21 5.601690e+42
4.960000e-15 -2.414532e+21 5.829965e+42
4.970000e-15 -2.460275e+21 6.052954e+42
4.980000e-15 -2.503990e+21 6.269967e+42
4.990000e-15 -2.545651e+21 6.480338e+42
5.000000e-15 -2.585232e+21 6.683426e+42
5.010000e-15 -2.622711e+21 6.878615e+42
5.020000e-15 -2.658066e+21 7.065316e+42
5.030000e-15 -2.691277e+21 7.242971e+42
5.040000e-15 -2.722325e+21 7.411053e+42
5.050000e-15 -2.751193e+21 7.569065e+42
5.060000e-15 -2.777867e+21 7.716545e+42
5.070000e-15 -2.802332e+21 7.853067e+42
5.080000e-15 -2.824578e+21 7.978239e+42
5.090000e-15 -2.844593e+21 8.091707e+42
5.100000e-15 -2.862368e+21 8.193153e+42
5.110000e-15 -2.877899e+21 8.282300e+42
5.120000e-15 -2.891177e+21 8.358907e+42
5.130000e-15 -2.902202e+21 8.422776e+42
5.140000e-15 -2.910970e+21 8.473746e+42
5.150000e-15 -2.917481e+21 8.511698e+42
5.160000e-15 -2.921738e+21 8.536553e+42
5.170000e-15 -2.923743e+21 8.548271e+42
5.180000e-15 -2.923501e+21 8.546855e+42
5.190000e-15 -2.921018e+21 8.532347e+42
5.200000e-15 -2.916304e+21 8.504827e+42
5.210000e-15 -2.909367e+21 8.464417e+42
5.220000e-15 -2.900220e+21 8.411276e+42
5.230000e-15 -2.888876e+21 8.345602e+42
5.240000e-15 -2.875349e+21 8.267630e+42
5.250000e-15 -2.859656e+21 8.177631e+42
5.260000e-15 -2.841815e+21 8.075912e+42
5.270000e-15 -2.821846e+21 7.962814e+42
5.280000e-15 -2.799770e+21 7.838711e+42
5.290000e-15 -2.775609e+21 7.704007e+42
5.300000e-15 -2.749389e+21 7.559141e+42
5.310000e-15 -2.721135e+21 7.404575e+42
5.320000e-15 -2.690874e+21 7.240804e+42
5.330000e-15 -2.658635e+21 7.068343e+42
5.340000e-15 -2.624449e+21 6.887735e+42
5.350000e-15 -2.588348e+21 6.699543e+42
5.360000e-15 -2.550363e+21 6.504352e+42
5.370000e-15 -2.510531e+21 6.302764e+42
5.380000e-15 -2.468886e+21 6.095397e+42
5.390000e-15 -2.425466e+21 5.882886e+42
5.400000e-15 -2.380310e+21 5.665875e+42
5.410000e-15 -2.333457e+21 5.445021e+42
5.420000e-15 -2.284948e+21 5.220988e+42
5.430000e-15 -2.234826e+21 4.994447e+42
5.440000e-15 -2.183133e+21 4.766071e+42
5.450000e-15 -2.129915e+21 4.536539e+42
5.460000e-15 -2.075217e+21 4.306525e+42
5.470000e-15 -2.019085e+21 4.076704e+42
5.480000e-15 -1.961567e+21 3.847746e+42
5.490000e-15 -1.902712e+21 3.620314e+42
5.500000e-15 -1.842570e+21 3.395064e+42
5.510000e-15 -1.781190e+21 3.172639e+42
5.520000e-15 -1.718625e+21 2.953672e+42
5.530000e-15 -1.654926e+21 2.738781e+42
5.540000e-15 -1.590147e+21 2.528567e+42
5.550000e-15 -1.524341e+21 2.323615e+42
5.560000e-15 -1.457562e+21 2.124488e+42
5.570000e-15 -1.389867e+21 1.931729e+42
5.580000e-15 -1.321309e+21 1.745858e+42
5.590000e-15 -1.251947e+21 1.567370e+42
5.600000e-15 -1.181835e+21 1.396735e+42
5.610000e-15 -1.111033e+21 1.234394e+42
5.620000e-15 -1.039597e+21 1.080761e+42
5.630000e-15 -9.675850e+20 9.362208e+41
5.640000e-15 -8.950563e+20 8.011258e+41
5.650000e-15 -8.220692e+20 6.757978e+41
5.660000e-15 -7.486827e+20 5.605258e+41
5.670000e-15 -6.749560e+20 4.555657e+41
5.680000e-15 -6.009484e+20 3.611390e+41
5.690000e-15 -5.267194e+20 2.774333e+41
5.700000e-15 -4.523283e+20 2.046009e+41
5.710000e-15 -3.778348e+20 1.427592e+41
5.720000e-15 -3.032983e+20 9.198985e+40
5.730000e-15 -2.287781e+20 5.233944e+40
5.740000e-15 -1.543336e+20 2.381887e+40
5.750000e-15 -8.002382e+19 6.403812e+39
5.760000e-15 -5.907586e+18 3.489958e+37
5.770000e-15 6.795649e+19 4.618084e+39
5.780000e-15 1.415101e+20 2.002512e+40
5.790000e-15 2.146954e+20 4.609413e+40
5.800000e-15 2.874549e+20 8.263032e+40
5.810000e-15 3.597315e+20 1.294067e+41
5.820000e-15 4.314686e+20 1.861652e+41
5.830000e-15 5.026103e+20 2.526171e+41
5.840000e-15 5.731012e+20 3.284449e+41
5.850000e-15 6.428863e+20 4.133029e+41
5.860000e-15 7.119118e+20 5.068184e+41
5.870000e-15 7.801240e+20 6.085935e+41
5.880000e-15 8.474705e+20 7.182062e+41
5.890000e-15 9.138993e+20 8.352120e+41
5.900000e-15 9.793595e+20 9.591451e+41
5.910000e-15 1.043801e+21 1.089520e+42
5.920000e-15 1.107174e+21 1.225835e+42
5.930000e-15 1.169432e+21 1.367571e+42
5.940000e-15 1.230526e+21 1.514193e+42
5.950000e-15 1.290410e+21 1.665158e+42
5.960000e-15 1.349039e+21 1.819907e+42
5.970000e-15 1.406370e+21 1.977877e+42
5.980000e-15 1.462359e+21 2.138494e+42
5.990000e-15 1.516965e+21 2.301181e+42
6.000000e-15 1.570146e+21 2.465359e+42
6.010000e-15 1.621864e+21 2.630444e+42
6.020000e-15 1.672081e+21 2.795856e+42
6.030000e-15 1.720760e+21 2.961016e+42
6.040000e-15 1.767866e+21 3.125349e+42
6.050000e-15 1.813364e+21 3.288288e+42
6.060000e-15 1.857222e+21 3.449272e+42
6.070000e-15 1.899408e+21 3.607750e+42
6.080000e-15 1.939893e+21 3.763184e+42
6.090000e-15 1.978648e+21 3.915047e+42
6.100000e-15 2.015646e+21 4.062830e+42
6.110000e-15 2.050862e+21 4.206036e+42
6.120000e-15 2.084272e+21 4.344190e+42
6.130000e-15 2.115853e+21 4.476835e+42
6.140000e-15 2.145585e+21 4.603534e+42
6.150000e-15 2.173447e+21 4.723873e+42
6.160000e-15 2.199423e+21 4.837462e+42
6.170000e-15 2.223496e+21 4.943934e+42
6.180000e-15 2.245651e+21 5.042948e+42
6.190000e-15 2.265875e+21 5.134191e+42
6.200000e-15 2.284157e+21 5.217375e+42
6.210000e-15 2.300488e+21 5.292243e+42
6.220000e-15 2.314858e+21 5.358566e+42
6.230000e-15 2.327261e+21 5.416143e+42
6.240000e-15 2.337692e+21 5.464805e+42
6.250000e-15 2.346149e+21 5.504413e+42
6.260000e-15 2.352628e+21 5.534859e+42
6.270000e-15 2.357131e+21 5.556065e+42
6.280000e-15 2.359658e+21 5.567986e+42
6.290000e-15 2.360213e+21 5.570606e+42
6.300000e-15 2.358801e+21 5.563941e+42
6.310000e-15 2.355427e+21 5.548038e+42
6.320000e-15 2.350101e+21 5.522974e+42
6.330000e-15 2.342831e+21 5.488857e+42
6.340000e-15 2.333629e+21 5.445822e+42
6.350000e-15 2.322507e+21 5.394037e+42
6.360000e-15 2.309479e+21 5.333695e+42
6.370000e-15 2.294562e+21 5.265017e+42
6.380000e-15 2.277773e+21 5.188251e+42
6.390000e-15 2.259131e+21 5.103672e+42
6.400000e-15 2.238655e+21 5.011578e+42
6.410000e-15 2.216369e+21 4.912291e+42
6.420000e-15 2.192294e+21 4.806154e+42
6.430000e-15 2.166456e+21 4.693534e+42
6.440000e-15 2.138882e+21 4.574814e+42
6.450000e-15 2.109597e+21 4.450400e+42
6.460000e-15 2.078632e+21 4.320710e+42
6.470000e-15 2.046016e+21 4.186182e+42
6.480000e-15 2.011781e+21 4.047264e+42
6.490000e-15 1.975960e+21 3.904418e+42
6.500000e-15 1.938587e+21 3.758118e+42
6.510000e-15 1.899696e+21 3.608845e+42
6.520000e-15 1.859325e+21 3.457090e+42
6.530000e-15 1.817511e+21 3.303346e+42
6.540000e-15 1.774293e+21 3.148114e+42
6.550000e-15 1.729710e+21 2.991896e+42
6.560000e-15 1.683803e+21 2.835193e+42
6.570000e-15 1.636615e+21 2.678508e+42
6.580000e-15 1.588188e+21 2.522340e+42
6.590000e-15 1.538565e+21 2.367184e+42
6.600000e-15 1.487793e+21 2.213527e+42
6.610000e-15 1.435915e+21 2.061853e+42
6.620000e-15 1.382979e+21 1.912632e+42
6.630000e-15 1.329032e+21 1.766326e+42
6.640000e-15 1.274122e+21 1.623386e+42
6.650000e-15 1.218297e+21 1.484247e+42
6.660000e-15 1.161606e+21 1.349329e+42
6.670000e-15 1.104101e+21 1.219038e+42
6.680000e-15 1.045830e+21 1.093760e+42
6.690000e-15 9.868456e+20 9.738642e+41
6.700000e-15 9.271990e+20 8.596981e+41
6.710000e-15 8.669423e+20 7.515889e+41
6.720000e-15 8.061277e+20 6.498418e+41
6.730000e-15 7.448081e+20 5.547390e+41
6.740000e-15 6.830365e+20 4.665388e+41
6.750000e-15 6.208663e+20 3.854750e+41
6.760000e-15 5.583512e+20 3.117560e+41
6.770000e-15 4.955448e+20 2.455646e+41
6.780000e-15 4.325011e+20 1.870572e+41
6.790000e-15 3.692740e+20 1.363633e+41
6.800000e-15 3.059176e+20 9.358559e+40
6.810000e-15 2.424860e+20 5.879944e+40
6.820000e-15 1.790330e+20 3.205282e+40
6.830000e-15 1.156127e+20 1.336629e+40
6.840000e-15 5.227868e+19 2.733060e+39
6.850000e-15 -1.091538e+19 1.191455e+38
6.860000e-15 -7.391617e+19 5.463600e+39
6.870000e-15 -1.366706e+20 1.867886e+40
6.880000e-15 -1.991260e+20 3.965115e+40
6.890000e-15 -2.612298e+20 6.824103e+40
6.900000e-15 -3.229302e+20 1.042839e+41
6.910000e-15 -3.841756e+20 1.475909e+41
6.920000e-15 -4.449150e+20 1.979493e+41
6.930000e-15 -5.050977e+20 2.551237e+41
6.940000e-15 -5.646740e+20 3.188567e+41
6.950000e-15 -6.235944e+20 3.888700e+41
6.960000e-15 -6.818104e+20 4.648655e+41
6.970000e-15 -7.392740e+20 5.465260e+41
6.980000e-15 -7.959379e+20 6.335171e+41
6.990000e-15 -8.517557e+20 7.254877e+41
7.000000e-15 -9.066817e+20 8.220718e+41
7.010000e-15 -9.606713e+20 9.228894e+41
7.020000e-15 -1.013681e+21 1.027548e+42
7.030000e-15 -1.065666e+21 1.135645e+42
7.040000e-15 -1.116587e+21 1.246766e+42
7.050000e-15 -1.166401e+21 1.360492e+42
7.060000e-15 -1.215069e+21 1.476393e+42
7.070000e-15 -1.262552e+21 1.594037e+42
7.080000e-15 -1.308811e+21 1.712987e+42
7.090000e-15 -1.353811e+21 1.832805e+42
7.100000e-15 -1.397516e+21 1.953051e+42
7.110000e-15 -1.439891e+21 2.073286e+42
7.120000e-15 -1.480903e+21 2.193075e+42
7.130000e-15 -1.520521e+21 2.311984e+42
7.140000e-15 -1.558713e+21 2.429587e+42
7.150000e-15 -1.595451e+21 2.545464e+42
7.160000e-15 -1.630706e+21 2.659201e+42
7.170000e-15 -1.664451e+21 2.770397e+42
7.180000e-15 -1.696662e+21 2.878661e+42
7.190000e-15 -1.727313e+21 2.983611e+42
7.200000e-15 -1.756383e+21 3.084883e+42
7.210000e-15 -1.783851e+21 3.182124e+42
7.220000e-15 -1.809696e+21 3.274999e+42
7.230000e-15 -1.833900e+21 3.363189e+42
7.240000e-15 -1.856446e+21 3.446392e+42
7.250000e-15 -1.877319e+21 3.524328e+42
7.260000e-15 -1.896505e+21 3.596732e+42
7.270000e-15 -1.913991e+21 3.663363e+42
7.280000e-15 -1.929767e+21 3.724000e+42
7.290000e-15 -1.943822e+21 3.778445e+42
7.300000e-15 -1.956149e+21 3.826521e+42
7.310000e-15 -1.966742e+21 3.868074e+42
7.320000e-15 -1.975595e+21 3.902975e+42
7.330000e-15 -1.982704e+21 3.931117e+42
7.340000e-15 -1.988069e+21 3.952418e+42
7.350000e-15 -1.991688e+21 3.966821e+42
7.360000e-15 -1.993562e+21 3.974291e+42
7.370000e-15 -1.993695e+21 3.974820e+42
7.380000e-15 -1.992090e+21 3.968421e+42
7.390000e-15 -1.988752e+21 3.955134e+42
7.400000e-15 -1.983689e+21 3.935022e+42
7.410000e-15 -1.976909e+21 3.908170e+42
7.420000e-15 -1.968423e+21 3.874688e+42
7.430000e-15 -1.958241e+21 3.834707e+42
7.440000e-15 -1.946377e+21 3.788382e+42
7.450000e-15 -1.932844e+21 3.735886e+42
7.460000e-15 -1.917659e+21 3.677417e+42
7.470000e-15 -1.900839e+21 3.613190e+42
7.480000e-15 -1.882402e+21 3.543439e+42
7.490000e-15 -1.862369e+21 3.468418e+42
7.500000e-15 -1.840760e+21 3.388396e+42
7.510000e-15 -1.817597e+21 3.303660e+42
7.520000e-15 -1.792906e+21 3.214511e+42
7.530000e-15 -1.766710e+21 3.121264e+42
7.540000e-15 -1.739037e+21 3.024248e+42
7.550000e-15 -1.709913e+21 2.923803e+42
7.560000e-15 -1.679368e+21 2.820278e+42
7.570000e-15 -1.647432e+21 2.714033e+42
7.580000e-15 -1.614136e+21 2.605435e+42
7.590000e-15 -1.579512e+21 2.494858e+42
7.600000e-15 -1.543593e+21 2.382681e+42
7.610000e-15 -1.506415e+21 2.269285e+42
7.620000e-15 -1.468011e+21 2.155057e+42
7.630000e-15 -1.428419e+21 2.040382e+42
7.640000e-15 -1.387677e+21 1.925647e+42
7.650000e-15 -1.345822e+21 1.811236e+42
7.660000e-15 -1.302893e+21 1.697530e+42
7.670000e-15 -1.258931e+21 1.584908e+42
7.680000e-15 -1.213977e+21 1.473740e+42
7.690000e-15 -1.168072e+21 1.364392e+42
7.700000e-15 -1.121258e+21 1.257220e+42
7.710000e-15 -1.073580e+21 1.152573e+42
7.720000e-15 -1.025080e+21 1.050788e+42
7.730000e-15 -9.758023e+20 9.521901e+41
7.740000e-15 -9.257930e+20 8.570926e+41
7.750000e-15 -8.750971e+20 7.657949e+41
7.760000e-15 -8.237607e+20 6.785817e+41
7.770000e-15 -7.718304e+20 5.957221e+41
7.780000e-15 -7.193530e+20 5.174687e+41
7.790000e-15 -6.663759e+20 4.440569e+41
7.800000e-15 -6.129468e+20 3.757038e+41
7.810000e-15 -5.591136e+20 3.126080e+41
7.820000e-15 -5.049245e+20 2.549488e+41
7.830000e-15 -4.504281e+20 2.028854e+41
7.840000e-15 -3.956728e+20 1.565569e+41
7.850000e-15 -3.407074e+20 1.160815e+41
7.860000e-15 -2.855808e+20 8.155637e+40
7.870000e-15 -2.303417e+20 5.305731e+40
7.880000e-15 -1.750392e+20 3.063872e+40
7.890000e-15 -1.197219e+20 1.433334e+40
7.900000e-15 -6.443872e+19 4.152349e+39
7.910000e-15 -9.238156e+18 8.534353e+37
7.920000e-15 4.583132e+19 2.100510e+39
7.930000e-15 1.007215e+20 1.014482e+40
7.940000e-15 1.553843e+20 2.414429e+40
7.950000e-15 2.097722e+20 4.400439e+40
7.960000e-15 2.638378e+20 6.961038e+40
7.970000e-15 3.175341e+20 1.008279e+41
7.980000e-15 3.708145e+20 1.375034e+41
7.990000e-15 4.236330e+20 1.794650e+41
8.000000e-15 4.759440e+20 2.265227e+41
8.010000e-15 5.277025e+20 2.784699e+41
8.020000e-15 5.788638e+20 3.350834e+41
8.030000e-15 6.293843e+20 3.961246e+41
8.040000e-15 6.792206e+20 4.613406e+41
8.050000e-15 7.283303e+20 5.304650e+41
8.060000e-15 7.766714e+20 6.032185e+41
8.070000e-15 8.242031e+20 6.793107e+41
8.080000e-15 8.708850e+20 7.584407e+41
8.090000e-15 9.166777e+20 8.402980e+41
8.100000e-15 9.615427e+20 9.245643e+41
8.110000e-15 1.005442e+21 1.010914e+42
8.120000e-15 1.048340e+21 1.099016e+42
8.130000e-15 1.090199e+21 1.188534e+42
8.140000e-15 1.130986e+21 1.279129e+42
8.150000e-15 1.170666e+21 1.370459e+42
8.160000e-15 1.209207e+21 1.462182e+42
8.170000e-15 1.246577e+21 1.553955e+42
8.180000e-15 1.282746e+21 1.645437e+42
8.190000e-15 1.317683e+21 1.736290e+42
8.200000e-15 1.351362e+21 1.826179e+42
8.210000e-15 1.383754e+21 1.914775e+42
8.220000e-15 1.414834e+21 2.001755e+42
8.230000e-15 1.444577e+21 2.086802e+42
8.240000e-15 1.472959e+21 2.169608e+42
8.250000e-15 1.499959e+21 2.249876e+42
8.260000e-15 1.525554e+21 2.327316e+42
8.270000e-15 1.549727e+21 2.401653e+42
8.280000e-15 1.572457e+21 2.472622e+42
8.290000e-15 1.593729e+21 2.539972e+42
8.300000e-15 1.613526e+21 2.603466e+42
8.310000e-15 1.631834e+21 2.662883e+42
8.320000e-15 1.648640e+21 2.718014e+42
8.330000e-15 1.663932e+21 2.768671e+42
8.340000e-15 1.677700e+21 2.814678e+42
8.350000e-15 1.689935e+21 2.855881e+42
8.360000e-15 1.700630e+21 2.892141e+42
8.370000e-15 1.709777e+21 2.923337e+42
8.380000e-15 1.717373e+21 2.949369e+42
8.390000e-15 1.723413e+21 2.970154e+42
8.400000e-15 1.727897e+21 2.985628e+42
8.410000e-15 1.730823e+21 2.995747e+42
8.420000e-15 1.732192e+21 3.000488e+42
8.430000e-15 1.732006e+21 2.999843e+42
8.440000e-15 1.730268e+21 2.993828e+42
8.450000e-15 1.726984e+21 2.982475e+42
8.460000e-15 1.722160e+21 2.965836e+42
8.470000e-15 1.715804e+21 2.943982e+42
8.480000e-15 1.707923e+21 2.917002e+42
8.490000e-15 1.698530e+21 2.885004e+42
8.500000e-15 1.687635e+21 2.848111e+42
8.510000e-15 1.675251e+21 2.806465e+42
8.520000e-15 1.661392e+21 2.760224e+42
8.530000e-15 1.646075e+21 2.709563e+42
8.540000e-15 1.629316e+21 2.654670e+42
8.550000e-15 1.611132e+21 2.595748e+42
8.560000e-15 1.591545e+21 2.533014e+42
8.570000e-15 1.570572e+21 2.466698e+42
8.580000e-15 1.548238e+21 2.397040e+42
8.590000e-15 1.524564e+21 2.324295e+42
8.600000e-15 1.499574e+21 2.248723e+42
8.610000e-15 1.473295e+21 2.170597e+42
8.620000e-15 1.445751e+21 2.090196e+42
8.630000e-15 1.416971e+21 2.007806e+42
8.640000e-15 1.386982e+21 1.923719e+42
8.650000e-15 1.355815e+21 1.838234e+42
8.660000e-15 1.323500e+21 1.751651e+42
8.670000e-15 1.290067e+21 1.664274e+42
8.680000e-15 1.255551e+21 1.576407e+42
8.690000e-15 1.219983e+21 1.488358e+42
8.700000e-15 1.183398e+21 1.400430e+42
8.710000e-15 1.145831e+21 1.312928e+42
8.720000e-15 1.107317e+21 1.226152e+42
8.730000e-15 1.067894e+21 1.140399e+42
8.740000e-15 1.027599e+21 1.055960e+42
8.750000e-15 9.864697e+20 9.731225e+41
8.760000e-15 9.445446e+20 8.921645e+41
8.770000e-15 9.018633e+20 8.133574e+41
8.780000e-15 8.584657e+20 7.369634e+41
8.790000e-15 8.143925e+20 6.632351e+41
8.800000e-15 7.696845e+20 5.924143e+41
8.810000e-15 7.243835e+20 5.247314e+41
8.820000e-15 6.785313e+20 4.604047e+41
8.830000e-15 6.321704e+20 3.996394e+41
8.840000e-15 5.853436e+20 3.426271e+41
8.850000e-15 5.380940e+20 2.895452e+41
8.860000e-15 4.904651e+20 2.405560e+41
8.870000e-15 4.425004e+20 1.958066e+41
8.880000e-15 3.942440e+20 1.554284e+41
8.890000e-15 3.457399e+20 1.195361e+41
8.900000e-15 2.970323e+20 8.822821e+40
8.910000e-15 2.481656e+20 6.158615e+40
8.920000e-15 1.991840e+20 3.967427e+40
8.930000e-15 1.501321e+20 2.253964e+40
8.940000e-15 1.010541e+20 1.021193e+40
8.950000e-15 5.199439e+19 2.703416e+39
8.960000e-15 2.997192e+18 8.983159e+36
8.970000e-15 -4.589344e+19 2.106207e+39
8.980000e-15 -9.463360e+19 8.955519e+39
8.990000e-15 -1.431796e+20 2.050041e+40
9.000000e-15 -1.914881e+20 3.666770e+40
9.010000e-15 -2.395159e+20 5.736788e+40
9.020000e-15 -2.872203e+20 8.249550e+40
9.030000e-15 -3.345588e+20 1.119296e+41
9.040000e-15 -3.814894e+20 1.455342e+41
9.050000e-15 -4.279706e+20 1.831588e+41
9.060000e-15 -4.739613e+20 2.246393e+41
9.070000e-15 -5.194209e+20 2.697981e+41
9.080000e-15 -5.643095e+20 3.184452e+41
9.090000e-15 -6.085876e+20 3.703789e+41
9.100000e-15 -6.522164e+20 4.253863e+41
9.110000e-15 -6.951579e+20 4.832445e+41
9.120000e-15 -7.373746e+20 5.437213e+41
9.130000e-15 -7.788297e+20 6.065757e+41
9.140000e-15 -8.194874e+20 6.715596e+41
9.150000e-15 -8.593124e+20 7.384178e+41
9.160000e-15 -8.982704e+20 8.068897e+41
9.170000e-15 -9.363279e+20 8.767099e+41
9.180000e-15 -9.734523e+20 9.476093e+41
9.190000e-15 -1.009612e+21 1.019316e+42
9.200000e-15 -1.044776e+21 1.091556e+42
9.210000e-15 -1.078914e+21 1.164055e+42
9.220000e-15 -1.111998e+21 1.236539e+42
9.230000e-15 -1.144000e+21 1.308735e+42
9.240000e-15 -1.174892e+21 1.380372e+42
9.250000e-15 -1.204650e+21 1.451182e+42
9.260000e-15 -1.233249e+21 1.520902e+42
9.270000e-15 -1.260664e+21 1.589274e+42
9.280000e-15 -1.286874e+21 1.656044e+42
9.290000e-15 -1.311856e+21 1.720967e+42
9.300000e-15 -1.335592e+21 1.783806e+42
9.310000e-15 -1.358061e+21 1.844330e+42
9.320000e-15 -1.379246e+21 1.902321e+42
9.330000e-15 -1.399131e+21 1.957567e+42
9.340000e-15 -1.417699e+21 2.009871e+42
9.350000e-15 -1.434937e+21 2.059044e+42
9.360000e-15 -1.450831e+21 2.104912e+42
9.370000e-15 -1.465370e+21 2.147311e+42
9.380000e-15 -1.478544e+21 2.186092e+42
9.390000e-15 -1.490342e+21 2.221119e+42
9.400000e-15 -1.500757e+21 2.252272e+42
9.410000e-15 -1.509783e+21 2.279444e+42
9.420000e-15 -1.517413e+21 2.302542e+42
9.430000e-15 -1.523644e+21 2.321490e+42
9.440000e-15 -1.528472e+21 2.336227e+42
9.450000e-15 -1.531897e+21 2.346707e+42
9.460000e-15 -1.533917e+21 2.352901e+42
9.470000e-15 -1.534533e+21 2.354793e+42
9.480000e-15 -1.533749e+21 2.352386e+42
9.490000e-15 -1.531567e+21 2.345696e+42
9.500000e-15 -1.527991e+21 2.334757e+42
9.510000e-15 -1.523029e+21 2.319616e+42
9.520000e-15 -1.516686e+21 2.300337e+42
9.530000e-15 -1.508972e+21 2.276998e+42
9.540000e-15 -1.499897e+21 2.249690e+42
9.550000e-15 -1.489470e+21 2.218522e+42
9.560000e-15 -1.477705e+21 2.183613e+42
9.570000e-15 -1.464615e+21 2.145097e+42
9.580000e-15 -1.450213e+21 2.103119e+42
9.590000e-15 -1.434517e+21 2.057839e+42
9.600000e-15 -1.417542e+21 2.009425e+42
9.610000e-15 -1.399306e+21 1.958058e+42
9.620000e-15 -1.379829e+21 1.903929e+42
9.630000e-15 -1.359131e+21 1.847238e+42
9.640000e-15 -1.337233e+21 1.788192e+42
9.650000e-15 -1.314157e+21 1.727009e+42
9.660000e-15 -1.289927e+21 1.663911e+42
9.670000e-15 -1.264566e+21 1.599127e+42
9.680000e-15 -1.238101e+21 1.532893e+42
9.690000e-15 -1.210557e+21 1.465448e+42
9.700000e-15 -1.181962e+21 1.397033e+42
9.710000e-15 -1.152343e+21 1.327895e+42
9.720000e-15 -1.121731e+21 1.258280e+42
9.730000e-15 -1.090154e+21 1.188435e+42
9.740000e-15 -1.057643e+21 1.118609e+42
9.750000e-15 -1.024230e+21 1.049048e+42
9.760000e-15 -9.899478e+20 9.799966e+41
9.770000e-15 -9.548282e+20 9.116968e+41
9.780000e-15 -9.189053e+20 8.443870e+41
9.790000e-15 -8.822136e+20 7.783009e+41
9.800000e-15 -8.447880e+20 7.136668e+41
9.810000e-15 -8.066642e+20 6.507071e+41
9.820000e-15 -7.678782e+20 5.896370e+41
9.830000e-15 -7.284670e+20 5.306641e+41
9.840000e-15 -6.884676e+20 4.739877e+41
9.850000e-15 -6.479179e+20 4.197975e+41
9.860000e-15 -6.068559e+20 3.682740e+41
9.870000e-15 -5.653201e+20 3.195869e+41
9.880000e-15 -5.233496e+20 2.738949e+41
9.890000e-15 -4.809836e+20 2.313452e+41
9.900000e-15 -4.382616e+20 1.920732e+41
9.910000e-15 -3.952233e+20 1.562014e+41
9.920000e-15 -3.519088e+20 1.238398e+41
9.930000e-15 -3.083583e+20 9.508484e+40
9.940000e-15 -2.646121e+20 7.001957e+40
9.950000e-15 -2.207107e+20 4.871322e+40
9.960000e-15 -1.766946e+20 3.122098e+40
9.970000e-15 -1.326043e+20 1.758390e+40
9.980000e-15 -8.848042e+19 7.828785e+39
9.990000e-15 -4.436344e+19 1.968115e+39
1.000000e-14 -2.937848e+17 8.630950e+34
