0.000000e+00 nan nan
1.000000e-17 -9.496603e-01 9.018547e-01
2.000000e-17 -2.431184e+02 5.910657e+04
3.000000e-17 -6.231089e+03 3.882647e+07
4.000000e-17 -6.224381e+04 3.874292e+09
5.000000e-17 -3.710265e+05 1.376607e+11
6.000000e-17 -1.595474e+06 2.545538e+12
7.000000e-17 -5.476525e+06 2.999233e+13
8.000000e-17 -1.593998e+07 2.540830e+14
9.000000e-17 -4.090355e+07 1.673100e+15
1.000000e-16 -9.503417e+07 9.031493e+15
1.100000e-16 -2.037445e+08 4.151181e+16
1.200000e-16 -4.087562e+08 1.670817e+17
1.300000e-16 -7.755981e+08 6.015524e+17
1.400000e-16 -1.403443e+09 1.969653e+18
1.500000e-16 -2.437734e+09 5.942549e+18
1.600000e-16 -4.086079e+09 1.669604e+19
1.700000e-16 -6.637941e+09 4.406226e+19
1.800000e-16 -1.048870e+10 1.100128e+20
1.900000e-16 -1.616866e+10 2.614255e+20
2.000000e-16 -2.437770e+10 5.942722e+20
2.100000e-16 -3.602619e+10 1.297886e+21
2.200000e-16 -5.228293e+10 2.733505e+21
2.300000e-16 -7.463093e+10 5.569776e+21
2.400000e-16 -1.049317e+11 1.101065e+22
2.500000e-16 -1.454989e+11 2.116993e+22
2.600000e-16 -1.991827e+11 3.967373e+22
2.700000e-16 -2.694647e+11 7.261123e+22
2.800000e-16 -3.605659e+11 1.300078e+23
2.900000e-16 -4.775669e+11 2.280701e+23
3.000000e-16 -6.265431e+11 3.925563e+23
3.100000e-16 -8.147150e+11 6.637605e+23
3.200000e-16 -1.050615e+12 1.103791e+24
3.300000e-16 -1.344270e+12 1.807061e+24
3.400000e-16 -1.707406e+12 2.915236e+24
3.500000e-16 -2.153673e+12 4.638306e+24
3.600000e-16 -2.698882e+12 7.283964e+24
3.700000e-16 -3.361279e+12 1.129820e+25
3.800000e-16 -4.161831e+12 1.732083e+25
3.900000e-16 -5.124540e+12 2.626091e+25
4.000000e-16 -6.276790e+12 3.939809e+25
4.100000e-16 -7.649709e+12 5.851805e+25
4.200000e-16 -9.278573e+12 8.609192e+25
4.300000e-16 -1.120323e+13 1.255124e+26
4.400000e-16 -1.346857e+13 1.814025e+26
4.500000e-16 -1.612501e+13 2.600159e+26
4.600000e-16 -1.922902e+13 3.697551e+26
4.700000e-16 -2.284369e+13 5.218341e+26
4.800000e-16 -2.703935e+13 7.311266e+26
4.900000e-16 -3.189420e+13 1.017240e+27
5.000000e-16 -3.749497e+13 1.405873e+27
5.100000e-16 -4.393769e+13 1.930521e+27
5.200000e-16 -5.132842e+13 2.634606e+27
5.300000e-16 -5.978407e+13 3.574135e+27
5.400000e-16 -6.943329e+13 4.820982e+27
5.500000e-16 -8.041733e+13 6.466947e+27
5.600000e-16 -9.289104e+13 8.628745e+27
5.700000e-16 -1.070238e+14 1.145410e+28
5.800000e-16 -1.230008e+14 1.512919e+28
5.900000e-16 -1.410237e+14 1.988769e+28
6.000000e-16 -1.613124e+14 2.602170e+28
6.100000e-16 -1.841057e+14 3.389492e+28
6.200000e-16 -2.096630e+14 4.395859e+28
6.300000e-16 -2.382654e+14 5.677038e+28
6.400000e-16 -2.702170e+14 7.301722e+28
6.500000e-16 -3.058467e+14 9.354222e+28
6.600000e-16 -3.455096e+14 1.193769e+29
6.700000e-16 -3.895883e+14 1.517791e+29
6.800000e-16 -4.384949e+14 1.922778e+29
6.900000e-16 -4.926724e+14 2.427261e+29
7.000000e-16 -5.525969e+14 3.053634e+29
7.100000e-16 -6.187790e+14 3.828875e+29
7.200000e-16 -6.917658e+14 4.785399e+29
7.300000e-16 -7.721431e+14 5.962050e+29
7.400000e-16 -8.605373e+14 7.405244e+29
7.500000e-16 -9.576173e+14 9.170309e+29
7.600000e-16 -1.064097e+15 1.132303e+30
7.700000e-16 -1.180738e+15 1.394142e+30
7.800000e-16 -1.308350e+15 1.711779e+30
7.900000e-16 -1.447795e+15 2.096110e+30
8.000000e-16 -1.599990e+15 2.559969e+30
8.100000e-16 -1.765909e+15 3.118435e+30
8.200000e-16 -1.946584e+15 3.789190e+30
8.300000e-16 -2.143110e+15 4.592920e+30
8.400000e-16 -2.356646e+15 5.553781e+30
8.500000e-16 -2.588420e+15 6.699918e+30
8.600000e-16 -2.839729e+15 8.064061e+30
8.700000e-16 -3.111944e+15 9.684197e+30
8.800000e-16 -3.406513e+15 1.160433e+31
8.900000e-16 -3.724962e+15 1.387535e+31
9.000000e-16 -4.068902e+15 1.655596e+31
9.100000e-16 -4.440027e+15 1.971384e+31
9.200000e-16 -4.840123e+15 2.342679e+31
9.300000e-16 -5.271065e+15 2.778413e+31
9.400000e-16 -5.734828e+15 3.288826e+31
9.500000e-16 -6.233484e+15 3.885633e+31
9.600000e-16 -6.769208e+15 4.582218e+31
9.700000e-16 -7.344282e+15 5.393848e+31
9.800000e-16 -7.961098e+15 6.337908e+31
9.900000e-16 -8.622162e+15 7.434168e+31
1.000000e-15 -9.330098e+15 8.705074e+31
1.010000e-15 -1.008765e+16 1.017607e+32
1.020000e-15 -1.089769e+16 1.187598e+32
1.030000e-15 -1.176323e+16 1.383735e+32
1.040000e-15 -1.268738e+16 1.609697e+32
1.050000e-15 -1.367343e+16 1.869627e+32
1.060000e-15 -1.472479e+16 2.168194e+32
1.070000e-15 -1.584502e+16 2.510645e+32
1.080000e-15 -1.703782e+16 2.902873e+32
1.090000e-15 -1.830707e+16 3.351486e+32
1.100000e-15 -1.965678e+16 3.863888e+32
1.110000e-15 -2.109114e+16 4.448361e+32
1.120000e-15 -2.261450e+16 5.114158e+32
1.130000e-15 -2.423140e+16 5.871609e+32
1.140000e-15 -2.594654e+16 6.732227e+32
1.150000e-15 -2.776479e+16 7.708834e+32
1.160000e-15 -2.969123e+16 8.815691e+32
1.170000e-15 -3.173112e+16 1.006864e+33
1.180000e-15 -3.388992e+16 1.148527e+33
1.190000e-15 -3.617328e+16 1.308506e+33
1.200000e-15 -3.858707e+16 1.488962e+33
1.210000e-15 -4.113735e+16 1.692282e+33
1.220000e-15 -4.383042e+16 1.921105e+33
1.230000e-15 -4.667277e+16 2.178347e+33
1.240000e-15 -4.967113e+16 2.467222e+33
1.250000e-15 -5.283248e+16 2.791271e+33
1.260000e-15 -5.616399e+16 3.154394e+33
1.270000e-15 -5.967310e+16 3.560879e+33
1.280000e-15 -6.336749e+16 4.015439e+33
1.290000e-15 -6.725508e+16 4.523246e+33
1.300000e-15 -7.134406e+16 5.089975e+33
1.310000e-15 -7.564286e+16 5.721842e+33
1.320000e-15 -8.016019e+16 6.425657e+33
1.330000e-15 -8.490503e+16 7.208864e+33
1.340000e-15 -8.988662e+16 8.079605e+33
1.350000e-15 -9.511450e+16 9.046768e+33
1.360000e-15 -1.005985e+17 1.012005e+34
1.370000e-15 -1.063487e+17 1.131004e+34
1.380000e-15 -1.123754e+17 1.262824e+34
1.390000e-15 -1.186895e+17 1.408721e+34
1.400000e-15 -1.253019e+17 1.570058e+34
1.410000e-15 -1.322240e+17 1.748319e+34
1.420000e-15 -1.394673e+17 1.945113e+34
1.430000e-15 -1.470439e+17 2.162190e+34
1.440000e-15 -1.549659e+17 2.401444e+34
1.450000e-15 -1.632461e+17 2.664930e+34
1.460000e-15 -1.718974e+17 2.954871e+34
1.470000e-15 -1.809330e+17 3.273677e+34
1.480000e-15 -1.903667e+17 3.623949e+34
1.490000e-15 -2.002124e+17 4.008501e+34
1.500000e-15 -2.104845e+17 4.430370e+34
1.510000e-15 -2.211976e+17 4.892837e+34
1.520000e-15 -2.323669e+17 5.399437e+34
1.530000e-15 -2.440078e+17 5.953980e+34
1.540000e-15 -2.561362e+17 6.560573e+34
1.550000e-15 -2.687682e+17 7.223634e+34
1.560000e-15 -2.819205e+17 7.947915e+34
1.570000e-15 -2.956100e+17 8.738528e+34
1.580000e-15 -3.098542e+17 9.600964e+34
1.590000e-15 -3.246709e+17 1.054112e+35
1.600000e-15 -3.400781e+17 1.156531e+35
1.610000e-15 -3.560946e+17 1.268034e+35
1.620000e-15 -3.727394e+17 1.389347e+35
1.630000e-15 -3.900319e+17 1.521249e+35
1.640000e-15 -4.079920e+17 1.664575e+35
1.650000e-15 -4.266399e+17 1.820216e+35
1.660000e-15 -4.459965e+17 1.989129e+35
1.670000e-15 -4.660828e+17 2.172332e+35
1.680000e-15 -4.869205e+17 2.370915e+35
1.690000e-15 -5.085315e+17 2.586043e+35
1.700000e-15 -5.309385e+17 2.818957e+35
1.710000e-15 -5.541644e+17 3.070982e+35
1.720000e-15 -5.782326e+17 3.343529e+35
1.730000e-15 -6.031668e+17 3.638102e+35
1.740000e-15 -6.289916e+17 3.956304e+35
1.750000e-15 -6.557316e+17 4.299839e+35
1.760000e-15 -6.834121e+17 4.670522e+35
1.770000e-15 -7.120590e+17 5.070280e+35
1.780000e-15 -7.416983e+17 5.501163e+35
1.790000e-15 -7.723567e+17 5.965349e+35
1.800000e-15 -8.040616e+17 6.465150e+35
1.810000e-15 -8.368404e+17 7.003019e+35
1.820000e-15 -8.707215e+17 7.581559e+35
1.830000e-15 -9.057333e+17 8.203529e+35
1.840000e-15 -9.419051e+17 8.871853e+35
1.850000e-15 -9.792665e+17 9.589629e+35
1.860000e-15 -1.017848e+18 1.036014e+36
1.870000e-15 -1.057679e+18 1.118685e+36
1.880000e-15 -1.098792e+18 1.207343e+36
1.890000e-15 -1.141218e+18 1.302378e+36
1.900000e-15 -1.184989e+18 1.404198e+36
1.910000e-15 -1.230138e+18 1.513239e+36
1.920000e-15 -1.276698e+18 1.629957e+36
1.930000e-15 -1.324702e+18 1.754836e+36
1.940000e-15 -1.374186e+18 1.888387e+36
1.950000e-15 -1.425183e+18 2.031146e+36
1.960000e-15 -1.477728e+18 2.183681e+36
1.970000e-15 -1.531858e+18 2.346590e+36
1.980000e-15 -1.587609e+18 2.520502e+36
1.990000e-15 -1.645017e+18 2.706081e+36
2.000000e-15 -1.704120e+18 2.904024e+36
2.010000e-15 -1.764955e+18 3.115065e+36
2.020000e-15 -1.827561e+18 3.339978e+36
2.030000e-15 -1.891976e+18 3.579573e+36
2.040000e-15 -1.958240e+18 3.834704e+36
2.050000e-15 -2.026393e+18 4.106268e+36
2.060000e-15 -2.096475e+18 4.395206e+36
2.070000e-15 -2.168527e+18 4.702508e+36
2.080000e-15 -2.242590e+18 5.029209e+36
2.090000e-15 -2.318707e+18 5.376400e+36
2.100000e-15 -2.396919e+18 5.745221e+36
2.110000e-15 -2.477270e+18 6.136868e+36
2.120000e-15 -2.559804e+18 6.552596e+36
2.130000e-15 -2.644564e+18 6.993718e+36
2.140000e-15 -2.731595e+18 7.461611e+36
2.150000e-15 -2.820942e+18 7.957713e+36
2.160000e-15 -2.912651e+18 8.483534e+36
2.170000e-15 -3.006767e+18 9.040649e+36
2.180000e-15 -3.103338e+18 9.630708e+36
2.190000e-15 -3.202411e+18 1.025544e+37
2.200000e-15 -3.304034e+18 1.091664e+37
2.210000e-15 -3.408254e+18 1.161619e+37
2.220000e-15 -3.515121e+18 1.235607e+37
2.230000e-15 -3.624683e+18 1.313833e+37
2.240000e-15 -3.736992e+18 1.396511e+37
2.250000e-15 -3.852097e+18 1.483865e+37
2.260000e-15 -3.970050e+18 1.576130e+37
2.270000e-15 -4.090901e+18 1.673547e+37
2.280000e-15 -4.214704e+18 1.776373e+37
2.290000e-15 -4.341510e+18 1.884871e+37
2.300000e-15 -4.471373e+18 1.999317e+37
2.310000e-15 -4.604346e+18 2.120000e+37
2.320000e-15 -4.740485e+18 2.247220e+37
2.330000e-15 -4.879843e+18 2.381287e+37
2.340000e-15 -5.022477e+18 2.522527e+37
2.350000e-15 -5.168442e+18 2.671279e+37
2.360000e-15 -5.317795e+18 2.827894e+37
2.370000e-15 -5.470593e+18 2.992738e+37
2.380000e-15 -5.626894e+18 3.166193e+37
2.390000e-15 -5.786756e+18 3.348655e+37
2.400000e-15 -5.950239e+18 3.540535e+37
2.410000e-15 -6.117402e+18 3.742261e+37
2.420000e-15 -6.288306e+18 3.954279e+37
2.430000e-15 -6.463010e+18 4.177050e+37
2.440000e-15 -6.641577e+18 4.411055e+37
2.450000e-15 -6.824069e+18 4.656792e+37
2.460000e-15 -7.010549e+18 4.914780e+37
2.470000e-15 -7.201080e+18 5.185555e+37
2.480000e-15 -7.395726e+18 5.469676e+37
2.490000e-15 -7.594552e+18 5.767722e+37
2.500000e-15 -7.797623e+18 6.080293e+37
2.510000e-15 -8.005007e+18 6.408013e+37
2.520000e-15 -8.216769e+18 6.751529e+37
2.530000e-15 -8.432977e+18 7.111510e+37
2.540000e-15 -8.653700e+18 7.488652e+37
2.550000e-15 -8.879007e+18 7.883676e+37
2.560000e-15 -9.108967e+18 8.297328e+37
2.570000e-15 -9.343652e+18 8.730383e+37
2.580000e-15 -9.583133e+18 9.183643e+37
2.590000e-15 -9.827481e+18 9.657938e+37
2.600000e-15 -1.007677e+19 1.015413e+38
2.610000e-15 -1.033108e+19 1.067311e+38
2.620000e-15 -1.059047e+19 1.121580e+38
2.630000e-15 -1.085503e+19 1.178316e+38
2.640000e-15 -1.112483e+19 1.237618e+38
2.650000e-15 -1.139995e+19 1.299588e+38
2.660000e-15 -1.168047e+19 1.364333e+38
2.670000e-15 -1.196646e+19 1.431961e+38
2.680000e-15 -1.225801e+19 1.502588e+38
2.690000e-15 -1.255520e+19 1.576329e+38
2.700000e-15 -1.285810e+19 1.653308e+38
2.710000e-15 -1.316681e+19 1.733649e+38
2.720000e-15 -1.348141e+19 1.817483e+38
2.730000e-15 -1.380197e+19 1.904945e+38
2.740000e-15 -1.412860e+19 1.996173e+38
2.750000e-15 -1.446137e+19 2.091311e+38
2.760000e-15 -1.480037e+19 2.190509e+38
2.770000e-15 -1.514569e+19 2.293920e+38
2.780000e-15 -1.549743e+19 2.401703e+38
2.790000e-15 -1.585567e+19 2.514022e+38
2.800000e-15 -1.622050e+19 2.631048e+38
2.810000e-15 -1.659203e+19 2.752955e+38
2.820000e-15 -1.697034e+19 2.879926e+38
2.830000e-15 -1.735554e+19 3.012147e+38
2.840000e-15 -1.774771e+19 3.149812e+38
2.850000e-15 -1.814696e+19 3.293122e+38
2.860000e-15 -1.855339e+19 3.442282e+38
2.870000e-15 -1.896710e+19 3.597507e+38
2.880000e-15 -1.938818e+19 3.759016e+38
2.890000e-15 -1.981676e+19 3.927038e+38
2.900000e-15 -2.025292e+19 4.101807e+38
2.910000e-15 -2.069678e+19 4.283566e+38
2.920000e-15 -2.114844e+19 4.472565e+38
2.930000e-15 -2.160802e+19 4.669064e+38
2.940000e-15 -2.207562e+19 4.873329e+38
2.950000e-15 -2.255135e+19 5.085635e+38
2.960000e-15 -2.303534e+19 5.306268e+38
2.970000e-15 -2.352769e+19 5.535521e+38
2.980000e-15 -2.402852e+19 5.773697e+38
2.990000e-15 -2.453794e+19 6.021107e+38
3.000000e-15 -2.505609e+19 6.278076e+38
3.010000e-15 -2.558307e+19 6.544936e+38
3.020000e-15 -2.611901e+19 6.822029e+38
3.030000e-15 -2.666404e+19 7.109710e+38
3.040000e-15 -2.721827e+19 7.408344e+38
3.050000e-15 -2.778184e+19 7.718308e+38
3.060000e-15 -2.835488e+19 8.039991e+38
3.070000e-15 -2.893750e+19 8.373792e+38
3.080000e-15 -2.952986e+19 8.720124e+38
3.090000e-15 -3.013207e+19 9.079415e+38
3.100000e-15 -3.074427e+19 9.452102e+38
3.110000e-15 -3.136660e+19 9.838637e+38
3.120000e-15 -3.199920e+19 1.023949e+39
3.130000e-15 -3.264220e+19 1.065513e+39
3.140000e-15 -3.329576e+19 1.108607e+39
3.150000e-15 -3.396000e+19 1.153281e+39
3.160000e-15 -3.463507e+19 1.199588e+39
3.170000e-15 -3.532112e+19 1.247582e+39
3.180000e-15 -3.601830e+19 1.297318e+39
3.190000e-15 -3.672676e+19 1.348855e+39
3.200000e-15 -3.744664e+19 1.402251e+39
3.210000e-15 -3.817810e+19 1.457568e+39
3.220000e-15 -3.892130e+19 1.514867e+39
3.230000e-15 -3.967638e+19 1.574215e+39
3.240000e-15 -4.044351e+19 1.635677e+39
3.250000e-15 -4.122284e+19 1.699323e+39
3.260000e-15 -4.201454e+19 1.765222e+39
3.270000e-15 -4.281877e+19 1.833447e+39
3.280000e-15 -4.363568e+19 1.904073e+39
3.290000e-15 -4.446545e+19 1.977177e+39
3.300000e-15 -4.530825e+19 2.052837e+39
3.310000e-15 -4.616423e+19 2.131136e+39
3.320000e-15 -4.703358e+19 2.212158e+39
3.330000e-15 -4.791646e+19 2.295987e+39
3.340000e-15 -4.881305e+19 2.382714e+39
3.350000e-15 -4.972351e+19 2.472428e+39
3.360000e-15 -5.064804e+19 2.565224e+39
3.370000e-15 -5.158680e+19 2.661198e+39
3.380000e-15 -5.253997e+19 2.760449e+39
3.390000e-15 -5.350774e+19 2.863079e+39
3.400000e-15 -5.449029e+19 2.969192e+39
3.410000e-15 -5.548780e+19 3.078896e+39
3.420000e-15 -5.650045e+19 3.192301e+39
3.430000e-15 -5.752844e+19 3.309522e+39
3.440000e-15 -5.857195e+19 3.430674e+39
3.450000e-15 -5.963118e+19 3.555877e+39
3.460000e-15 -6.070630e+19 3.685255e+39
3.470000e-15 -6.179752e+19 3.818934e+39
3.480000e-15 -6.290503e+19 3.957043e+39
3.490000e-15 -6.402903e+19 4.099716e+39
3.500000e-15 -6.516970e+19 4.247090e+39
3.510000e-15 -6.632725e+19 4.399304e+39
3.520000e-15 -6.750188e+19 4.556504e+39
3.530000e-15 -6.869379e+19 4.718837e+39
3.540000e-15 -6.990318e+19 4.886454e+39
3.550000e-15 -7.113024e+19 5.059512e+39
3.560000e-15 -7.237520e+19 5.238170e+39
3.570000e-15 -7.363825e+19 5.422591e+39
3.580000e-15 -7.491959e+19 5.612945e+39
3.590000e-15 -7.621944e+19 5.809403e+39
3.600000e-15 -7.753801e+19 6.012142e+39
3.610000e-15 -7.887549e+19 6.221343e+39
3.620000e-15 -8.023212e+19 6.437192e+39
3.630000e-15 -8.160808e+19 6.659879e+39
3.640000e-15 -8.300361e+19 6.889600e+39
3.650000e-15 -8.441891e+19 7.126553e+39
3.660000e-15 -8.585420e+19 7.370944e+39
3.670000e-15 -8.730969e+19 7.622982e+39
3.680000e-15 -8.878560e+19 7.882883e+39
3.690000e-15 -9.028215e+19 8.150867e+39
3.700000e-15 -9.179956e+19 8.427159e+39
3.710000e-15 -9.333804e+19 8.711989e+39
3.720000e-15 -9.489781e+19 9.005594e+39
3.730000e-15 -9.647910e+19 9.308216e+39
3.740000e-15 -9.808212e+19 9.620103e+39
3.750000e-15 -9.970711e+19 9.941507e+39
3.760000e-15 -1.013543e+20 1.027269e+40
3.770000e-15 -1.030238e+20 1.061391e+40
3.780000e-15 -1.047160e+20 1.096545e+40
3.790000e-15 -1.064311e+20 1.132758e+40
3.800000e-15 -1.081692e+20 1.170058e+40
3.810000e-15 -1.099307e+20 1.208475e+40
3.820000e-15 -1.117156e+20 1.248038e+40
3.830000e-15 -1.135243e+20 1.288778e+40
3.840000e-15 -1.153571e+20 1.330725e+40
3.850000e-15 -1.172140e+20 1.373912e+40
3.860000e-15 -1.190953e+20 1.418370e+40
3.870000e-15 -1.210013e+20 1.464133e+40
3.880000e-15 -1.229323e+20 1.511234e+40
3.890000e-15 -1.248883e+20 1.559709e+40
3.900000e-15 -1.268697e+20 1.609592e+40
3.910000e-15 -1.288767e+20 1.660920e+40
3.920000e-15 -1.309095e+20 1.713729e+40
3.930000e-15 -1.329683e+20 1.768057e+40
3.940000e-15 -1.350534e+20 1.823942e+40
3.950000e-15 -1.371650e+20 1.881423e+40
3.960000e-15 -1.393033e+20 1.940541e+40
3.970000e-15 -1.414686e+20 2.001336e+40
3.980000e-15 -1.436610e+20 2.063849e+40
3.990000e-15 -1.458809e+20 2.128124e+40
4.000000e-15 -1.481284e+20 2.194204e+40
4.010000e-15 -1.504038e+20 2.262132e+40
4.020000e-15 -1.527073e+20 2.331953e+40
4.030000e-15 -1.550392e+20 2.403715e+40
4.040000e-15 -1.573996e+20 2.477463e+40
4.050000e-15 -1.597888e+20 2.553245e+40
4.060000e-15 -1.622070e+20 2.631110e+40
4.070000e-15 -1.646544e+20 2.711107e+40
4.080000e-15 -1.671313e+20 2.793287e+40
4.090000e-15 -1.696379e+20 2.877702e+40
4.100000e-15 -1.721744e+20 2.964404e+40
4.110000e-15 -1.747411e+20 3.053446e+40
4.120000e-15 -1.773382e+20 3.144882e+40
4.130000e-15 -1.799658e+20 3.238769e+40
4.140000e-15 -1.826243e+20 3.335162e+40
4.150000e-15 -1.853138e+20 3.434119e+40
4.160000e-15 -1.880345e+20 3.535699e+40
4.170000e-15 -1.907868e+20 3.639960e+40
4.180000e-15 -1.935708e+20 3.746964e+40
4.190000e-15 -1.963867e+20 3.856772e+40
4.200000e-15 -1.992347e+20 3.969446e+40
4.210000e-15 -2.021151e+20 4.085051e+40
4.220000e-15 -2.050281e+20 4.203651e+40
4.230000e-15 -2.079738e+20 4.325312e+40
4.240000e-15 -2.109526e+20 4.450101e+40
4.250000e-15 -2.139646e+20 4.578087e+40
4.260000e-15 -2.170101e+20 4.709338e+40
4.270000e-15 -2.200892e+20 4.843926e+40
4.280000e-15 -2.232022e+20 4.981921e+40
4.290000e-15 -2.263492e+20 5.123396e+40
4.300000e-15 -2.295305e+20 5.268426e+40
4.310000e-15 -2.327463e+20 5.417085e+40
4.320000e-15 -2.359968e+20 5.569449e+40
4.330000e-15 -2.392822e+20 5.725597e+40
4.340000e-15 -2.426027e+20 5.885606e+40
4.350000e-15 -2.459585e+20 6.049556e+40
4.360000e-15 -2.493497e+20 6.217529e+40
4.370000e-15 -2.527767e+20 6.389606e+40
4.380000e-15 -2.562396e+20 6.565871e+40
4.390000e-15 -2.597385e+20 6.746409e+40
4.400000e-15 -2.632737e+20 6.931306e+40
4.410000e-15 -2.668454e+20 7.120649e+40
4.420000e-15 -2.704538e+20 7.314525e+40
4.430000e-15 -2.740990e+20 7.513026e+40
4.440000e-15 -2.777812e+20 7.716242e+40
4.450000e-15 -2.815007e+20 7.924264e+40
4.460000e-15 -2.852575e+20 8.137187e+40
4.470000e-15 -2.890520e+20 8.355105e+40
4.480000e-15 -2.928842e+20 8.578114e+40
4.490000e-15 -2.967543e+20 8.806311e+40
4.500000e-15 -3.006625e+20 9.039795e+40
4.510000e-15 -3.046090e+20 9.278666e+40
4.520000e-15 -3.085940e+20 9.523025e+40
4.530000e-15 -3.126176e+20 9.772974e+40
4.540000e-15 -3.166799e+20 1.002862e+41
4.550000e-15 -3.207812e+20 1.029006e+41
4.560000e-15 -3.249216e+20 1.055740e+41
4.570000e-15 -3.291012e+20 1.083076e+41
4.580000e-15 -3.333203e+20 1.111024e+41
4.590000e-15 -3.375789e+20 1.139595e+41
4.600000e-15 -3.418773e+20 1.168801e+41
4.610000e-15 -3.462155e+20 1.198652e+41
4.620000e-15 -3.505937e+20 1.229159e+41
4.630000e-15 -3.550121e+20 1.260336e+41
4.640000e-15 -3.594707e+20 1.292192e+41
4.650000e-15 -3.639698e+20 1.324740e+41
4.660000e-15 -3.685095e+20 1.357992e+41
4.670000e-15 -3.730898e+20 1.391960e+41
4.680000e-15 -3.777110e+20 1.426656e+41
4.690000e-15 -3.823731e+20 1.462092e+41
4.700000e-15 -3.870762e+20 1.498280e+41
4.710000e-15 -3.918206e+20 1.535234e+41
4.720000e-15 -3.966063e+20 1.572965e+41
4.730000e-15 -4.014333e+20 1.611487e+41
4.740000e-15 -4.063019e+20 1.650812e+41
4.750000e-15 -4.112121e+20 1.690954e+41
4.760000e-15 -4.161641e+20 1.731926e+41
4.770000e-15 -4.211579e+20 1.773740e+41
4.780000e-15 -4.261936e+20 1.816410e+41
4.790000e-15 -4.312713e+20 1.859950e+41
4.800000e-15 -4.363912e+20 1.904373e+41
4.810000e-15 -4.415532e+20 1.949693e+41
4.820000e-15 -4.467576e+20 1.995923e+41
4.830000e-15 -4.520042e+20 2.043078e+41
4.840000e-15 -4.572934e+20 2.091172e+41
4.850000e-15 -4.626250e+20 2.140219e+41
4.860000e-15 -4.679992e+20 2.190232e+41
4.870000e-15 -4.734160e+20 2.241227e+41
4.880000e-15 -4.788756e+20 2.293218e+41
4.890000e-15 -4.843779e+20 2.346219e+41
4.900000e-15 -4.899230e+20 2.400245e+41
4.910000e-15 -4.955109e+20 2.455311e+41
4.920000e-15 -5.011418e+20 2.511431e+41
4.930000e-15 -5.068156e+20 2.568621e+41
4.940000e-15 -5.125324e+20 2.626895e+41
4.950000e-15 -5.182922e+20 2.686268e+41
4.960000e-15 -5.240951e+20 2.746756e+41
4.970000e-15 -5.299410e+20 2.808374e+41
4.980000e-15 -5.358300e+20 2.871138e+41
4.990000e-15 -5.417621e+20 2.935062e+41
5.000000e-15 -5.477373e+20 3.000162e+41
5.010000e-15 -5.537557e+20 3.066453e+41
5.020000e-15 -5.598171e+20 3.133952e+41
5.030000e-15 -5.659217e+20 3.202674e+41
5.040000e-15 -5.720695e+20 3.272635e+41
5.050000e-15 -5.782603e+20 3.343850e+41
5.060000e-15 -5.844942e+20 3.416335e+41
5.070000e-15 -5.907712e+20 3.490107e+41
5.080000e-15 -5.970913e+20 3.565180e+41
5.090000e-15 -6.034544e+20 3.641572e+41
5.100000e-15 -6.098605e+20 3.719298e+41
5.110000e-15 -6.163095e+20 3.798374e+41
5.120000e-15 -6.228015e+20 3.878817e+41
5.130000e-15 -6.293363e+20 3.960642e+41
5.140000e-15 -6.359139e+20 4.043865e+41
5.150000e-15 -6.425343e+20 4.128504e+41
5.160000e-15 -6.491974e+20 4.214573e+41
5.170000e-15 -6.559032e+20 4.302090e+41
5.180000e-15 -6.626514e+20 4.391069e+41
5.190000e-15 -6.694422e+20 4.481529e+41
5.200000e-15 -6.762754e+20 4.573484e+41
5.210000e-15 -6.831509e+20 4.666951e+41
5.220000e-15 -6.900686e+20 4.761947e+41
5.230000e-15 -6.970285e+20 4.858487e+41
5.240000e-15 -7.040303e+20 4.956587e+41
5.250000e-15 -7.110741e+20 5.056264e+41
5.260000e-15 -7.181597e+20 5.157534e+41
5.270000e-15 -7.252870e+20 5.260413e+41
5.280000e-15 -7.324559e+20 5.364917e+41
5.290000e-15 -7.396662e+20 5.471061e+41
5.300000e-15 -7.469179e+20 5.578863e+41
5.310000e-15 -7.542106e+20 5.688337e+41
5.320000e-15 -7.615445e+20 5.799500e+41
5.330000e-15 -7.689192e+20 5.912367e+41
5.340000e-15 -7.763346e+20 6.026954e+41
5.350000e-15 -7.837906e+20 6.143277e+41
5.360000e-15 -7.912870e+20 6.261351e+41
5.370000e-15 -7.988236e+20 6.381191e+41
5.380000e-15 -8.064003e+20 6.502814e+41
5.390000e-15 -8.140168e+20 6.626234e+41
5.400000e-15 -8.216730e+20 6.751466e+41
5.410000e-15 -8.293688e+20 6.878525e+41
5.420000e-15 -8.371038e+20 7.007427e+41
5.430000e-15 -8.448779e+20 7.138186e+41
5.440000e-15 -8.526908e+20 7.270817e+41
5.450000e-15 -8.605425e+20 7.405334e+41
5.460000e-15 -8.684326e+20 7.541751e+41
5.470000e-15 -8.763608e+20 7.680083e+41
5.480000e-15 -8.843271e+20 7.820344e+41
5.490000e-15 -8.923311e+20 7.962548e+41
5.500000e-15 -9.003726e+20 8.106709e+41
5.510000e-15 -9.084514e+20 8.252839e+41
5.520000e-15 -9.165671e+20 8.400953e+41
5.530000e-15 -9.247196e+20 8.551064e+41
5.540000e-15 -9.329086e+20 8.703184e+41
5.550000e-15 -9.411337e+20 8.857326e+41
5.560000e-15 -9.493947e+20 9.013503e+41
5.570000e-15 -9.576914e+20 9.171728e+41
5.580000e-15 -9.660234e+20 9.332011e+41
5.590000e-15 -9.743904e+20 9.494366e+41
5.600000e-15 -9.827921e+20 9.658804e+41
5.610000e-15 -9.912283e+20 9.825336e+41
5.620000e-15 -9.996986e+20 9.993973e+41
5.630000e-15 -1.008203e+21 1.016473e+42
5.640000e-15 -1.016740e+21 1.033761e+42
5.650000e-15 -1.025311e+21 1.051262e+42
5.660000e-15 -1.033914e+21 1.068979e+42
5.670000e-15 -1.042550e+21 1.086911e+42
5.680000e-15 -1.051218e+21 1.105060e+42
5.690000e-15 -1.059918e+21 1.123426e+42
5.700000e-15 -1.068649e+21 1.142011e+42
5.710000e-15 -1.077411e+21 1.160815e+42
5.720000e-15 -1.086204e+21 1.179839e+42
5.730000e-15 -1.095027e+21 1.199084e+42
5.740000e-15 -1.103880e+21 1.218550e+42
5.750000e-15 -1.112762e+21 1.238239e+42
5.760000e-15 -1.121673e+21 1.258151e+42
5.770000e-15 -1.130613e+21 1.278287e+42
5.780000e-15 -1.139582e+21 1.298646e+42
5.790000e-15 -1.148578e+21 1.319231e+42
5.800000e-15 -1.157601e+21 1.340041e+42
5.810000e-15 -1.166652e+21 1.361077e+42
5.820000e-15 -1.175729e+21 1.382339e+42
5.830000e-15 -1.184832e+21 1.403827e+42
5.840000e-15 -1.193961e+21 1.425543e+42
5.850000e-15 -1.203115e+21 1.447486e+42
5.860000e-15 -1.212294e+21 1.469656e+42
5.870000e-15 -1.221497e+21 1.492055e+42
5.880000e-15 -1.230724e+21 1.514681e+42
5.890000e-15 -1.239974e+21 1.537536e+42
5.900000e-15 -1.249247e+21 1.560618e+42
5.910000e-15 -1.258543e+21 1.583929e+42
5.920000e-15 -1.267860e+21 1.607469e+42
5.930000e-15 -1.277199e+21 1.631236e+42
5.940000e-15 -1.286558e+21 1.655232e+42
5.950000e-15 -1.295938e+21 1.679455e+42
5.960000e-15 -1.305338e+21 1.703907e+42
5.970000e-15 -1.314757e+21 1.728585e+42
5.980000e-15 -1.324195e+21 1.753491e+42
5.990000e-15 -1.333651e+21 1.778624e+42
6.000000e-15 -1.343124e+21 1.803983e+42
6.010000e-15 -1.352615e+21 1.829568e+42
6.020000e-15 -1.362123e+21 1.855378e+42
6.030000e-15 -1.371646e+21 1.881413e+42
6.040000e-15 -1.381185e+21 1.907673e+42
6.050000e-15 -1.390739e+21 1.934155e+42
6.060000e-15 -1.400307e+21 1.960861e+42
6.070000e-15 -1.409889e+21 1.987788e+42
6.080000e-15 -1.419484e+21 2.014936e+42
6.090000e-15 -1.429092e+21 2.042305e+42
6.100000e-15 -1.438712e+21 2.069892e+42
6.110000e-15 -1.448343e+21 2.097697e+42
6.120000e-15 -1.457985e+21 2.125719e+42
6.130000e-15 -1.467637e+21 2.153957e+42
6.140000e-15 -1.477298e+21 2.182410e+42
6.150000e-15 -1.486968e+21 2.211075e+42
6.160000e-15 -1.496647e+21 2.239952e+42
6.170000e-15 -1.506333e+21 2.269040e+42
6.180000e-15 -1.516026e+21 2.298336e+42
6.190000e-15 -1.525726e+21 2.327840e+42
6.200000e-15 -1.535431e+21 2.357549e+42
6.210000e-15 -1.545142e+21 2.387462e+42
6.220000e-15 -1.554856e+21 2.417578e+42
6.230000e-15 -1.564575e+21 2.447894e+42
6.240000e-15 -1.574296e+21 2.478408e+42
6.250000e-15 -1.584020e+21 2.509118e+42
6.260000e-15 -1.593745e+21 2.540023e+42
6.270000e-15 -1.603471e+21 2.571120e+42
6.280000e-15 -1.613198e+21 2.602408e+42
6.290000e-15 -1.622924e+21 2.633883e+42
6.300000e-15 -1.632649e+21 2.665544e+42
6.310000e-15 -1.642373e+21 2.697388e+42
6.320000e-15 -1.652093e+21 2.729413e+42
6.330000e-15 -1.661811e+21 2.761616e+42
6.340000e-15 -1.671524e+21 2.793994e+42
6.350000e-15 -1.681233e+21 2.826546e+42
6.360000e-15 -1.690937e+21 2.859267e+42
6.370000e-15 -1.700634e+21 2.892156e+42
6.380000e-15 -1.710324e+21 2.925210e+42
6.390000e-15 -1.720007e+21 2.958425e+42
6.400000e-15 -1.729681e+21 2.991798e+42
6.410000e-15 -1.739347e+21 3.025327e+42
6.420000e-15 -1.749002e+21 3.059008e+42
6.430000e-15 -1.758647e+21 3.092838e+42
6.440000e-15 -1.768280e+21 3.126813e+42
6.450000e-15 -1.777901e+21 3.160931e+42
6.460000e-15 -1.787509e+21 3.195188e+42
6.470000e-15 -1.797103e+21 3.229580e+42
6.480000e-15 -1.806683e+21 3.264103e+42
6.490000e-15 -1.816248e+21 3.298755e+42
6.500000e-15 -1.825796e+21 3.333531e+42
6.510000e-15 -1.835327e+21 3.368427e+42
6.520000e-15 -1.844841e+21 3.403439e+42
6.530000e-15 -1.854337e+21 3.438564e+42
6.540000e-15 -1.863813e+21 3.473798e+42
6.550000e-15 -1.873269e+21 3.509136e+42
6.560000e-15 -1.882704e+21 3.544574e+42
6.570000e-15 -1.892117e+21 3.580108e+42
6.580000e-15 -1.901508e+21 3.615734e+42
6.590000e-15 -1.910876e+21 3.651446e+42
6.600000e-15 -1.920219e+21 3.687242e+42
6.610000e-15 -1.929538e+21 3.723116e+42
6.620000e-15 -1.938830e+21 3.759063e+42
6.630000e-15 -1.948096e+21 3.795079e+42
6.640000e-15 -1.957335e+21 3.831160e+42
6.650000e-15 -1.966545e+21 3.867299e+42
6.660000e-15 -1.975726e+21 3.903494e+42
6.670000e-15 -1.984877e+21 3.939738e+42
6.680000e-15 -1.993997e+21 3.976026e+42
6.690000e-15 -2.003086e+21 4.012354e+42
6.700000e-15 -2.012142e+21 4.048716e+42
6.710000e-15 -2.021165e+21 4.085107e+42
6.720000e-15 -2.030153e+21 4.121523e+42
6.730000e-15 -2.039107e+21 4.157957e+42
6.740000e-15 -2.048024e+21 4.194403e+42
6.750000e-15 -2.056905e+21 4.230858e+42
6.760000e-15 -2.065748e+21 4.267315e+42
6.770000e-15 -2.074553e+21 4.303768e+42
6.780000e-15 -2.083318e+21 4.340213e+42
6.790000e-15 -2.092043e+21 4.376643e+42
6.800000e-15 -2.100727e+21 4.413052e+42
6.810000e-15 -2.109368e+21 4.449435e+42
6.820000e-15 -2.117967e+21 4.485786e+42
6.830000e-15 -2.126523e+21 4.522099e+42
6.840000e-15 -2.135034e+21 4.558368e+42
6.850000e-15 -2.143499e+21 4.594587e+42
6.860000e-15 -2.151918e+21 4.630750e+42
6.870000e-15 -2.160290e+21 4.666851e+42
6.880000e-15 -2.168613e+21 4.702884e+42
6.890000e-15 -2.176888e+21 4.738842e+42
6.900000e-15 -2.185113e+21 4.774719e+42
6.910000e-15 -2.193287e+21 4.810509e+42
6.920000e-15 -2.201410e+21 4.846206e+42
6.930000e-15 -2.209480e+21 4.881802e+42
6.940000e-15 -2.217497e+21 4.917293e+42
6.950000e-15 -2.225460e+21 4.952671e+42
6.960000e-15 -2.233367e+21 4.987929e+42
6.970000e-15 -2.241219e+21 5.023062e+42
6.980000e-15 -2.249014e+21 5.058063e+42
6.990000e-15 -2.256751e+21 5.092924e+42
7.000000e-15 -2.264429e+21 5.127640e+42
7.010000e-15 -2.272048e+21 5.162203e+42
7.020000e-15 -2.279607e+21 5.196608e+42
7.030000e-15 -2.287104e+21 5.230846e+42
7.040000e-15 -2.294540e+21 5.264912e+42
7.050000e-15 -2.301912e+21 5.298799e+42
7.060000e-15 -2.309221e+21 5.332500e+42
7.070000e-15 -2.316464e+21 5.366008e+42
7.080000e-15 -2.323643e+21 5.399315e+42
7.090000e-15 -2.330755e+21 5.432417e+42
7.100000e-15 -2.337799e+21 5.465304e+42
7.110000e-15 -2.344775e+21 5.497971e+42
7.120000e-15 -2.351683e+21 5.530411e+42
7.130000e-15 -2.358520e+21 5.562616e+42
7.140000e-15 -2.365286e+21 5.594580e+42
7.150000e-15 -2.371981e+21 5.626296e+42
7.160000e-15 -2.378604e+21 5.657756e+42
7.170000e-15 -2.385153e+21 5.688955e+42
7.180000e-15 -2.391628e+21 5.719884e+42
7.190000e-15 -2.398028e+21 5.750537e+42
7.200000e-15 -2.404352e+21 5.780907e+42
7.210000e-15 -2.410599e+21 5.810988e+42
7.220000e-15 -2.416769e+21 5.840771e+42
7.230000e-15 -2.422860e+21 5.870250e+42
7.240000e-15 -2.428872e+21 5.899418e+42
7.250000e-15 -2.434804e+21 5.928269e+42
7.260000e-15 -2.440655e+21 5.956795e+42
7.270000e-15 -2.446424e+21 5.984989e+42
7.280000e-15 -2.452110e+21 6.012845e+42
7.290000e-15 -2.457714e+21 6.040356e+42
7.300000e-15 -2.463232e+21 6.067514e+42
7.310000e-15 -2.468666e+21 6.094314e+42
7.320000e-15 -2.474014e+21 6.120747e+42
7.330000e-15 -2.479276e+21 6.146809e+42
7.340000e-15 -2.484450e+21 6.172491e+42
7.350000e-15 -2.489535e+21 6.197787e+42
7.360000e-15 -2.494532e+21 6.222690e+42
7.370000e-15 -2.499439e+21 6.247194e+42
7.380000e-15 -2.504255e+21 6.271292e+42
7.390000e-15 -2.508980e+21 6.294978e+42
7.400000e-15 -2.513612e+21 6.318245e+42
7.410000e-15 -2.518152e+21 6.341087e+42
7.420000e-15 -2.522597e+21 6.363497e+42
7.430000e-15 -2.526949e+21 6.385469e+42
7.440000e-15 -2.531204e+21 6.406996e+42
7.450000e-15 -2.535364e+21 6.428073e+42
7.460000e-15 -2.539428e+21 6.448692e+42
7.470000e-15 -2.543393e+21 6.468849e+42
7.480000e-15 -2.547261e+21 6.488537e+42
7.490000e-15 -2.551029e+21 6.507749e+42
7.500000e-15 -2.554698e+21 6.526480e+42
7.510000e-15 -2.558266e+21 6.544724e+42
7.520000e-15 -2.561733e+21 6.562476e+42
7.530000e-15 -2.565098e+21 6.579728e+42
7.540000e-15 -2.568361e+21 6.596477e+42
7.550000e-15 -2.571520e+21 6.612715e+42
7.560000e-15 -2.574575e+21 6.628439e+42
7.570000e-15 -2.577526e+21 6.643641e+42
7.580000e-15 -2.580371e+21 6.658317e+42
7.590000e-15 -2.583111e+21 6.672462e+42
7.600000e-15 -2.585744e+21 6.686070e+42
7.610000e-15 -2.588269e+21 6.699136e+42
7.620000e-15 -2.590686e+21 6.711655e+42
7.630000e-15 -2.592995e+21 6.723623e+42
7.640000e-15 -2.595194e+21 6.735034e+42
7.650000e-15 -2.597284e+21 6.745884e+42
7.660000e-15 -2.599263e+21 6.756168e+42
7.670000e-15 -2.601131e+21 6.765882e+42
7.680000e-15 -2.602887e+21 6.775020e+42
7.690000e-15 -2.604531e+21 6.783580e+42
7.700000e-15 -2.606061e+21 6.791556e+42
7.710000e-15 -2.607479e+21 6.798945e+42
7.720000e-15 -2.608782e+21 6.805742e+42
7.730000e-15 -2.609970e+21 6.811944e+42
7.740000e-15 -2.611043e+21 6.817547e+42
7.750000e-15 -2.612001e+21 6.822547e+42
7.760000e-15 -2.612841e+21 6.826941e+42
7.770000e-15 -2.613565e+21 6.830725e+42
7.780000e-15 -2.614172e+21 6.833896e+42
7.790000e-15 -2.614661e+21 6.836451e+42
7.800000e-15 -2.615031e+21 6.838386e+42
7.810000e-15 -2.615282e+21 6.839700e+42
7.820000e-15 -2.615414e+21 6.840389e+42
7.830000e-15 -2.615425e+21 6.840450e+42
7.840000e-15 -2.615317e+21 6.839881e+42
7.850000e-15 -2.615087e+21 6.838680e+42
7.860000e-15 -2.614736e+21 6.836844e+42
7.870000e-15 -2.614263e+21 6.834371e+42
7.880000e-15 -2.613668e+21 6.831260e+42
7.890000e-15 -2.612950e+21 6.827508e+42
7.900000e-15 -2.612109e+21 6.823114e+42
7.910000e-15 -2.611145e+21 6.818076e+42
7.920000e-15 -2.610056e+21 6.812393e+42
7.930000e-15 -2.608843e+21 6.806063e+42
7.940000e-15 -2.607506e+21 6.799086e+42
7.950000e-15 -2.606043e+21 6.791460e+42
7.960000e-15 -2.604455e+21 6.783185e+42
7.970000e-15 -2.602741e+21 6.774261e+42
7.980000e-15 -2.600901e+21 6.764685e+42
7.990000e-15 -2.598934e+21 6.754459e+42
8.000000e-15 -2.596841e+21 6.743582e+42
8.010000e-15 -2.594620e+21 6.732054e+42
8.020000e-15 -2.592272e+21 6.719875e+42
8.030000e-15 -2.589796e+21 6.707045e+42
8.040000e-15 -2.587193e+21 6.693565e+42
8.050000e-15 -2.584460e+21 6.679436e+42
8.060000e-15 -2.581600e+21 6.664657e+42
8.070000e-15 -2.578610e+21 6.649231e+42
8.080000e-15 -2.575492e+21 6.633158e+42
8.090000e-15 -2.572244e+21 6.616439e+42
8.100000e-15 -2.568867e+21 6.599076e+42
8.110000e-15 -2.565360e+21 6.581070e+42
8.120000e-15 -2.561723e+21 6.562424e+42
8.130000e-15 -2.557956e+21 6.543138e+42
8.140000e-15 -2.554059e+21 6.523215e+42
8.150000e-15 -2.550031e+21 6.502658e+42
8.160000e-15 -2.545873e+21 6.481468e+42
8.170000e-15 -2.541584e+21 6.459648e+42
8.180000e-15 -2.537164e+21 6.437202e+42
8.190000e-15 -2.532613e+21 6.414131e+42
8.200000e-15 -2.527932e+21 6.390438e+42
8.210000e-15 -2.523119e+21 6.366128e+42
8.220000e-15 -2.518175e+21 6.341204e+42
8.230000e-15 -2.513099e+21 6.315668e+42
8.240000e-15 -2.507893e+21 6.289525e+42
8.250000e-15 -2.502554e+21 6.262778e+42
8.260000e-15 -2.497085e+21 6.235433e+42
8.270000e-15 -2.491484e+21 6.207491e+42
8.280000e-15 -2.485751e+21 6.178960e+42
8.290000e-15 -2.479887e+21 6.149841e+42
8.300000e-15 -2.473892e+21 6.120142e+42
8.310000e-15 -2.467765e+21 6.089865e+42
8.320000e-15 -2.461507e+21 6.059017e+42
8.330000e-15 -2.455118e+21 6.027603e+42
8.340000e-15 -2.448597e+21 5.995627e+42
8.350000e-15 -2.441945e+21 5.963095e+42
8.360000e-15 -2.435162e+21 5.930014e+42
8.370000e-15 -2.428248e+21 5.896389e+42
8.380000e-15 -2.421203e+21 5.862225e+42
8.390000e-15 -2.414028e+21 5.827529e+42
8.400000e-15 -2.406721e+21 5.792308e+42
8.410000e-15 -2.399285e+21 5.756568e+42
8.420000e-15 -2.391718e+21 5.720314e+42
8.430000e-15 -2.384021e+21 5.683555e+42
8.440000e-15 -2.376194e+21 5.646297e+42
8.450000e-15 -2.368237e+21 5.608547e+42
8.460000e-15 -2.360151e+21 5.570313e+42
8.470000e-15 -2.351936e+21 5.531601e+42
8.480000e-15 -2.343591e+21 5.492419e+42
8.490000e-15 -2.335118e+21 5.452775e+42
8.500000e-15 -2.326516e+21 5.412677e+42
8.510000e-15 -2.317786e+21 5.372132e+42
8.520000e-15 -2.308928e+21 5.331149e+42
8.530000e-15 -2.299942e+21 5.289735e+42
8.540000e-15 -2.290830e+21 5.247900e+42
8.550000e-15 -2.281590e+21 5.205651e+42
8.560000e-15 -2.272223e+21 5.162998e+42
8.570000e-15 -2.262730e+21 5.119948e+42
8.580000e-15 -2.253111e+21 5.076511e+42
8.590000e-15 -2.243367e+21 5.032696e+42
8.600000e-15 -2.233498e+21 4.988512e+42
8.610000e-15 -2.223504e+21 4.943968e+42
8.620000e-15 -2.213385e+21 4.899074e+42
8.630000e-15 -2.203143e+21 4.853838e+42
8.640000e-15 -2.192777e+21 4.808271e+42
8.650000e-15 -2.182288e+21 4.762382e+42
8.660000e-15 -2.171677e+21 4.716181e+42
8.670000e-15 -2.160944e+21 4.669678e+42
8.680000e-15 -2.150089e+21 4.622883e+42
8.690000e-15 -2.139113e+21 4.575806e+42
8.700000e-15 -2.128017e+21 4.528457e+42
8.710000e-15 -2.116801e+21 4.480846e+42
8.720000e-15 -2.105465e+21 4.432985e+42
8.730000e-15 -2.094011e+21 4.384882e+42
8.740000e-15 -2.082439e+21 4.336550e+42
8.750000e-15 -2.070748e+21 4.287998e+42
8.760000e-15 -2.058941e+21 4.239238e+42
8.770000e-15 -2.047017e+21 4.190279e+42
8.780000e-15 -2.034978e+21 4.141134e+42
8.790000e-15 -2.022823e+21 4.091813e+42
8.800000e-15 -2.010554e+21 4.042326e+42
8.810000e-15 -1.998171e+21 3.992686e+42
8.820000e-15 -1.985674e+21 3.942902e+42
8.830000e-15 -1.973066e+21 3.892988e+42
8.840000e-15 -1.960345e+21 3.842952e+42
8.850000e-15 -1.947513e+21 3.792808e+42
8.860000e-15 -1.934571e+21 3.742567e+42
8.870000e-15 -1.921520e+21 3.692239e+42
8.880000e-15 -1.908360e+21 3.641836e+42
8.890000e-15 -1.895091e+21 3.591370e+42
8.900000e-15 -1.881715e+21 3.540853e+42
8.910000e-15 -1.868233e+21 3.490295e+42
8.920000e-15 -1.854645e+21 3.439708e+42
8.930000e-15 -1.840952e+21 3.389105e+42
8.940000e-15 -1.827155e+21 3.338497e+42
8.950000e-15 -1.813255e+21 3.287894e+42
8.960000e-15 -1.799253e+21 3.237310e+42
8.970000e-15 -1.785149e+21 3.186756e+42
8.980000e-15 -1.770944e+21 3.136243e+42
8.990000e-15 -1.756640e+21 3.085783e+42
9.000000e-15 -1.742236e+21 3.035387e+42
9.010000e-15 -1.727735e+21 2.985069e+42
9.020000e-15 -1.713137e+21 2.934838e+42
9.030000e-15 -1.698443e+21 2.884707e+42
9.040000e-15 -1.683653e+21 2.834688e+42
9.050000e-15 -1.668770e+21 2.784792e+42
9.060000e-15 -1.653793e+21 2.735031e+42
9.070000e-15 -1.638724e+21 2.685416e+42
9.080000e-15 -1.623564e+21 2.635959e+42
9.090000e-15 -1.608313e+21 2.586671e+42
9.100000e-15 -1.592973e+21 2.537564e+42
9.110000e-15 -1.577545e+21 2.488649e+42
9.120000e-15 -1.562030e+21 2.439939e+42
9.130000e-15 -1.546429e+21 2.391443e+42
9.140000e-15 -1.530743e+21 2.343174e+42
9.150000e-15 -1.514973e+21 2.295142e+42
9.160000e-15 -1.499119e+21 2.247359e+42
9.170000e-15 -1.483185e+21 2.199836e+42
9.180000e-15 -1.467169e+21 2.152584e+42
9.190000e-15 -1.451074e+21 2.105614e+42
9.200000e-15 -1.434900e+21 2.058937e+42
9.210000e-15 -1.418649e+21 2.012564e+42
9.220000e-15 -1.402321e+21 1.966505e+42
9.230000e-15 -1.385919e+21 1.920771e+42
9.240000e-15 -1.369443e+21 1.875373e+42
9.250000e-15 -1.352894e+21 1.830321e+42
9.260000e-15 -1.336273e+21 1.785626e+42
9.270000e-15 -1.319582e+21 1.741297e+42
9.280000e-15 -1.302822e+21 1.697346e+42
9.290000e-15 -1.285994e+21 1.653781e+42
9.300000e-15 -1.269100e+21 1.610614e+42
9.310000e-15 -1.252139e+21 1.567853e+42
9.320000e-15 -1.235115e+21 1.525509e+42
9.330000e-15 -1.218027e+21 1.483591e+42
9.340000e-15 -1.200878e+21 1.442108e+42
9.350000e-15 -1.183668e+21 1.401071e+42
9.360000e-15 -1.166400e+21 1.360488e+42
9.370000e-15 -1.149073e+21 1.320368e+42
9.380000e-15 -1.131689e+21 1.280721e+42
9.390000e-15 -1.114250e+21 1.241554e+42
9.400000e-15 -1.096758e+21 1.202877e+42
9.410000e-15 -1.079212e+21 1.164699e+42
9.420000e-15 -1.061615e+21 1.127027e+42
9.430000e-15 -1.043968e+21 1.089869e+42
9.440000e-15 -1.026272e+21 1.053235e+42
9.450000e-15 -1.008529e+21 1.017131e+42
9.460000e-15 -9.907401e+20 9.815659e+41
9.470000e-15 -9.729063e+20 9.465466e+41
9.480000e-15 -9.550292e+20 9.120808e+41
9.490000e-15 -9.371102e+20 8.781756e+41
9.500000e-15 -9.191507e+20 8.448381e+41
9.510000e-15 -9.011521e+20 8.120751e+41
9.520000e-15 -8.831157e+20 7.798934e+41
9.530000e-15 -8.650430e+20 7.482994e+41
9.540000e-15 -8.469354e+20 7.172996e+41
9.550000e-15 -8.287943e+20 6.868999e+41
9.560000e-15 -8.106210e+20 6.571065e+41
9.570000e-15 -7.924172e+20 6.279250e+41
9.580000e-15 -7.741841e+20 5.993610e+41
9.590000e-15 -7.559232e+20 5.714199e+41
9.600000e-15 -7.376360e+20 5.441069e+41
9.610000e-15 -7.193239e+20 5.174269e+41
9.620000e-15 -7.009884e+20 4.913848e+41
9.630000e-15 -6.826310e+20 4.659850e+41
9.640000e-15 -6.642530e+20 4.412321e+41
9.650000e-15 -6.458561e+20 4.171301e+41
9.660000e-15 -6.274416e+20 3.936829e+41
9.670000e-15 -6.090110e+20 3.708944e+41
9.680000e-15 -5.905659e+20 3.487681e+41
9.690000e-15 -5.721077e+20 3.273072e+41
9.700000e-15 -5.536379e+20 3.065150e+41
9.710000e-15 -5.351581e+20 2.863942e+41
9.720000e-15 -5.166696e+20 2.669475e+41
9.730000e-15 -4.981741e+20 2.481775e+41
9.740000e-15 -4.796731e+20 2.300862e+41
9.750000e-15 -4.611679e+20 2.126759e+41
9.760000e-15 -4.426603e+20 1.959482e+41
9.770000e-15 -4.241517e+20 1.799046e+41
9.780000e-15 -4.056435e+20 1.645467e+41
9.790000e-15 -3.871375e+20 1.498754e+41
9.800000e-15 -3.686350e+20 1.358917e+41
9.810000e-15 -3.501376e+20 1.225963e+41
9.820000e-15 -3.316468e+20 1.099896e+41
9.830000e-15 -3.131642e+20 9.807183e+40
9.840000e-15 -2.946914e+20 8.684299e+40
9.850000e-15 -2.762297e+20 7.630287e+40
9.860000e-15 -2.577809e+20 6.645101e+40
9.870000e-15 -2.393465e+20 5.728673e+40
9.880000e-15 -2.209279e+20 4.880913e+40
9.890000e-15 -2.025267e+20 4.101708e+40
9.900000e-15 -1.841446e+20 3.390922e+40
9.910000e-15 -1.657829e+20 2.748398e+40
9.920000e-15 -1.474434e+20 2.173954e+40
9.930000e-15 -1.291274e+20 1.667389e+40
9.940000e-15 -1.108367e+20 1.228477e+40
9.950000e-15 -9.257263e+19 8.569692e+39
9.960000e-15 -7.433687e+19 5.525971e+39
9.970000e-15 -5.613095e+19 3.150683e+39
9.980000e-15 -3.795639e+19 1.440688e+39
9.990000e-15 -1.981477e+19 3.926251e+38
1.000000e-14 -1.707618e+18 2.915959e+36
