0.000000e+00 nan nan
1.000000e-17 -1.138734e+06 1.296715e+12
2.000000e-17 -2.914112e+08 8.492049e+16
3.000000e-17 -7.464083e+09 5.571253e+19
4.000000e-17 -7.449421e+10 5.549387e+21
5.000000e-17 -4.435420e+11 1.967295e+23
6.000000e-17 -1.904640e+12 3.627653e+24
7.000000e-17 -6.526965e+12 4.260127e+25
8.000000e-17 -1.896124e+13 3.595287e+26
9.000000e-17 -4.855152e+13 2.357250e+27
1.000000e-16 -1.125316e+14 1.266335e+28
1.100000e-16 -2.406152e+14 5.789569e+28
1.200000e-16 -4.813207e+14 2.316696e+29
1.300000e-16 -9.103952e+14 8.288194e+29
1.400000e-16 -1.641729e+15 2.695274e+30
1.500000e-16 -2.841166e+15 8.072224e+30
1.600000e-16 -4.743633e+15 2.250205e+31
1.700000e-16 -7.674012e+15 5.889046e+31
1.800000e-16 -1.207219e+16 1.457378e+32
1.900000e-16 -1.852272e+16 3.430911e+32
2.000000e-16 -2.778949e+16 7.722559e+32
2.100000e-16 -4.085586e+16 1.669202e+33
2.200000e-16 -5.897058e+16 3.477529e+33
2.300000e-16 -8.369990e+16 7.005674e+33
2.400000e-16 -1.169862e+17 1.368578e+34
2.500000e-16 -1.612135e+17 2.598980e+34
2.600000e-16 -2.192798e+17 4.808365e+34
2.700000e-16 -2.946770e+17 8.683454e+34
2.800000e-16 -3.915779e+17 1.533332e+35
2.900000e-16 -5.149309e+17 2.651538e+35
3.000000e-16 -6.705623e+17 4.496538e+35
3.100000e-16 -8.652861e+17 7.487201e+35
3.200000e-16 -1.107021e+18 1.225495e+36
3.300000e-16 -1.404914e+18 1.973783e+36
3.400000e-16 -1.769473e+18 3.131035e+36
3.500000e-16 -2.212704e+18 4.896061e+36
3.600000e-16 -2.748256e+18 7.552911e+36
3.700000e-16 -3.391568e+18 1.150273e+37
3.800000e-16 -4.160028e+18 1.730584e+37
3.900000e-16 -5.073130e+18 2.573665e+37
4.000000e-16 -6.152638e+18 3.785496e+37
4.100000e-16 -7.422751e+18 5.509723e+37
4.200000e-16 -8.910271e+18 7.939293e+37
4.300000e-16 -1.064478e+19 1.133112e+38
4.400000e-16 -1.265878e+19 1.602447e+38
4.500000e-16 -1.498792e+19 2.246376e+38
4.600000e-16 -1.767108e+19 3.122670e+38
4.700000e-16 -2.075061e+19 4.305878e+38
4.800000e-16 -2.427244e+19 5.891514e+38
4.900000e-16 -2.828625e+19 8.001117e+38
5.000000e-16 -3.284558e+19 1.078832e+39
5.100000e-16 -3.800803e+19 1.444611e+39
5.200000e-16 -4.383532e+19 1.921535e+39
5.300000e-16 -5.039340e+19 2.539495e+39
5.400000e-16 -5.775261e+19 3.335364e+39
5.500000e-16 -6.598769e+19 4.354376e+39
5.600000e-16 -7.517789e+19 5.651715e+39
5.700000e-16 -8.540698e+19 7.294352e+39
5.800000e-16 -9.676330e+19 9.363136e+39
5.900000e-16 -1.093398e+20 1.195519e+40
6.000000e-16 -1.232339e+20 1.518659e+40
6.100000e-16 -1.385475e+20 1.919542e+40
6.200000e-16 -1.553872e+20 2.414519e+40
6.300000e-16 -1.738637e+20 3.022858e+40
6.400000e-16 -1.940919e+20 3.767166e+40
6.500000e-16 -2.161909e+20 4.673850e+40
6.600000e-16 -2.402837e+20 5.773624e+40
6.700000e-16 -2.664969e+20 7.102057e+40
6.800000e-16 -2.949605e+20 8.700170e+40
6.900000e-16 -3.258079e+20 1.061508e+41
7.000000e-16 -3.591751e+20 1.290067e+41
7.100000e-16 -3.952007e+20 1.561836e+41
7.200000e-16 -4.340255e+20 1.883781e+41
7.300000e-16 -4.757921e+20 2.263781e+41
7.400000e-16 -5.206441e+20 2.710703e+41
7.500000e-16 -5.687264e+20 3.234497e+41
7.600000e-16 -6.201838e+20 3.846279e+41
7.700000e-16 -6.751611e+20 4.558426e+41
7.800000e-16 -7.338025e+20 5.384662e+41
7.900000e-16 -7.962506e+20 6.340150e+41
8.000000e-16 -8.626461e+20 7.441584e+41
8.100000e-16 -9.331272e+20 8.707264e+41
8.200000e-16 -1.007829e+21 1.015719e+42
8.300000e-16 -1.086881e+21 1.181311e+42
8.400000e-16 -1.170412e+21 1.369864e+42
8.500000e-16 -1.258540e+21 1.583924e+42
8.600000e-16 -1.351382e+21 1.826234e+42
8.700000e-16 -1.449045e+21 2.099730e+42
8.800000e-16 -1.551628e+21 2.407549e+42
8.900000e-16 -1.659224e+21 2.753023e+42
9.000000e-16 -1.771915e+21 3.139681e+42
9.100000e-16 -1.889773e+21 3.571241e+42
9.200000e-16 -2.012860e+21 4.051606e+42
9.300000e-16 -2.141227e+21 4.584851e+42
9.400000e-16 -2.274910e+21 5.175215e+42
9.500000e-16 -2.413935e+21 5.827082e+42
9.600000e-16 -2.558312e+21 6.544963e+42
9.700000e-16 -2.708039e+21 7.333475e+42
9.800000e-16 -2.863096e+21 8.197316e+42
9.900000e-16 -3.023447e+21 9.141235e+42
1.000000e-15 -3.189044e+21 1.017000e+43
1.010000e-15 -3.359816e+21 1.128836e+43
1.020000e-15 -3.535677e+21 1.250102e+43
1.030000e-15 -3.716525e+21 1.381256e+43
1.040000e-15 -3.902236e+21 1.522744e+43
1.050000e-15 -4.092667e+21 1.674992e+43
1.060000e-15 -4.287658e+21 1.838401e+43
1.070000e-15 -4.487028e+21 2.013342e+43
1.080000e-15 -4.690576e+21 2.200150e+43
1.090000e-15 -4.898080e+21 2.399118e+43
1.100000e-15 -5.109298e+21 2.610493e+43
1.110000e-15 -5.323970e+21 2.834466e+43
1.120000e-15 -5.541813e+21 3.071169e+43
1.130000e-15 -5.762523e+21 3.320668e+43
1.140000e-15 -5.985780e+21 3.582956e+43
1.150000e-15 -6.211240e+21 3.857951e+43
1.160000e-15 -6.438542e+21 4.145483e+43
1.170000e-15 -6.667305e+21 4.445296e+43
1.180000e-15 -6.897129e+21 4.757039e+43
1.190000e-15 -7.127597e+21 5.080264e+43
1.200000e-15 -7.358273e+21 5.414419e+43
1.210000e-15 -7.588707e+21 5.758848e+43
1.220000e-15 -7.818431e+21 6.112786e+43
1.230000e-15 -8.046962e+21 6.475360e+43
1.240000e-15 -8.273805e+21 6.845584e+43
1.250000e-15 -8.498449e+21 7.222364e+43
1.260000e-15 -8.720375e+21 7.604495e+43
1.270000e-15 -8.939051e+21 7.990663e+43
1.280000e-15 -9.153935e+21 8.379453e+43
1.290000e-15 -9.364480e+21 8.769349e+43
1.300000e-15 -9.570130e+21 9.158739e+43
1.310000e-15 -9.770325e+21 9.545924e+43
1.320000e-15 -9.964500e+21 9.929127e+43
1.330000e-15 -1.015209e+22 1.030650e+44
1.340000e-15 -1.033253e+22 1.067612e+44
1.350000e-15 -1.050526e+22 1.103605e+44
1.360000e-15 -1.066971e+22 1.138427e+44
1.370000e-15 -1.082533e+22 1.171878e+44
1.380000e-15 -1.097157e+22 1.203753e+44
1.390000e-15 -1.110788e+22 1.233851e+44
1.400000e-15 -1.123375e+22 1.261970e+44
1.410000e-15 -1.134864e+22 1.287916e+44
1.420000e-15 -1.145206e+22 1.311496e+44
1.430000e-15 -1.154351e+22 1.332527e+44
1.440000e-15 -1.162254e+22 1.350833e+44
1.450000e-15 -1.168868e+22 1.366252e+44
1.460000e-15 -1.174151e+22 1.378630e+44
1.470000e-15 -1.178062e+22 1.387830e+44
1.480000e-15 -1.180564e+22 1.393731e+44
1.490000e-15 -1.181621e+22 1.396227e+44
1.500000e-15 -1.181200e+22 1.395233e+44
1.510000e-15 -1.179272e+22 1.390682e+44
1.520000e-15 -1.175811e+22 1.382531e+44
1.530000e-15 -1.170794e+22 1.370758e+44
1.540000e-15 -1.164200e+22 1.355363e+44
1.550000e-15 -1.156015e+22 1.336371e+44
1.560000e-15 -1.146226e+22 1.313835e+44
1.570000e-15 -1.134825e+22 1.287827e+44
1.580000e-15 -1.121806e+22 1.258449e+44
1.590000e-15 -1.107170e+22 1.225825e+44
1.600000e-15 -1.090920e+22 1.190106e+44
1.610000e-15 -1.073063e+22 1.151465e+44
1.620000e-15 -1.053613e+22 1.110100e+44
1.630000e-15 -1.032584e+22 1.066231e+44
1.640000e-15 -1.009999e+22 1.020097e+44
1.650000e-15 -9.858802e+21 9.719598e+43
1.660000e-15 -9.602586e+21 9.220966e+43
1.670000e-15 -9.331672e+21 8.708009e+43
1.680000e-15 -9.046437e+21 8.183802e+43
1.690000e-15 -8.747303e+21 7.651531e+43
1.700000e-15 -8.434732e+21 7.114471e+43
1.710000e-15 -8.109229e+21 6.575959e+43
1.720000e-15 -7.771336e+21 6.039367e+43
1.730000e-15 -7.421639e+21 5.508073e+43
1.740000e-15 -7.060761e+21 4.985434e+43
1.750000e-15 -6.689360e+21 4.474754e+43
1.760000e-15 -6.308133e+21 3.979254e+43
1.770000e-15 -5.917809e+21 3.502047e+43
1.780000e-15 -5.519152e+21 3.046104e+43
1.790000e-15 -5.112956e+21 2.614231e+43
1.800000e-15 -4.700042e+21 2.209040e+43
1.810000e-15 -4.281262e+21 1.832920e+43
1.820000e-15 -3.857489e+21 1.488022e+43
1.830000e-15 -3.429622e+21 1.176231e+43
1.840000e-15 -2.998579e+21 8.991473e+42
1.850000e-15 -2.565294e+21 6.580732e+42
1.860000e-15 -2.130719e+21 4.539963e+42
1.870000e-15 -1.695818e+21 2.875798e+42
1.880000e-15 -1.261564e+21 1.591544e+42
1.890000e-15 -8.289394e+20 6.871405e+41
1.900000e-15 -3.989288e+20 1.591442e+41
1.910000e-15 2.748038e+19 7.551715e+38
1.920000e-15 4.493022e+20 2.018725e+41
1.930000e-15 8.655551e+20 7.491856e+41
1.940000e-15 1.275264e+21 1.626299e+42
1.950000e-15 1.677466e+21 2.813892e+42
1.960000e-15 2.071208e+21 4.289904e+42
1.970000e-15 2.455556e+21 6.029756e+42
1.980000e-15 2.829594e+21 8.006600e+42
1.990000e-15 3.192426e+21 1.019158e+43
2.000000e-15 3.543184e+21 1.255415e+43
2.010000e-15 3.881024e+21 1.506235e+43
2.020000e-15 4.205137e+21 1.768317e+43
2.030000e-15 4.514741e+21 2.038289e+43
2.040000e-15 4.809095e+21 2.312740e+43
2.050000e-15 5.087494e+21 2.588259e+43
2.060000e-15 5.349271e+21 2.861470e+43
2.070000e-15 5.593805e+21 3.129066e+43
2.080000e-15 5.820520e+21 3.387845e+43
2.090000e-15 6.028885e+21 3.634746e+43
2.100000e-15 6.218419e+21 3.866874e+43
2.110000e-15 6.388692e+21 4.081538e+43
2.120000e-15 6.539325e+21 4.276277e+43
2.130000e-15 6.669994e+21 4.448882e+43
2.140000e-15 6.780431e+21 4.597424e+43
2.150000e-15 6.870421e+21 4.720268e+43
2.160000e-15 6.939809e+21 4.816095e+43
2.170000e-15 6.988498e+21 4.883910e+43
2.180000e-15 7.016447e+21 4.923053e+43
2.190000e-15 7.023678e+21 4.933205e+43
2.200000e-15 7.010268e+21 4.914386e+43
2.210000e-15 6.976356e+21 4.866955e+43
2.220000e-15 6.922140e+21 4.791602e+43
2.230000e-15 6.847875e+21 4.689339e+43
2.240000e-15 6.753875e+21 4.561483e+43
2.250000e-15 6.640513e+21 4.409641e+43
2.260000e-15 6.508217e+21 4.235689e+43
2.270000e-15 6.357471e+21 4.041743e+43
2.280000e-15 6.188811e+21 3.830139e+43
2.290000e-15 6.002830e+21 3.603397e+43
2.300000e-15 5.800169e+21 3.364196e+43
2.310000e-15 5.581518e+21 3.115334e+43
2.320000e-15 5.347614e+21 2.859698e+43
2.330000e-15 5.099242e+21 2.600227e+43
2.340000e-15 4.837225e+21 2.339874e+43
2.350000e-15 4.562429e+21 2.081576e+43
2.360000e-15 4.275758e+21 1.828211e+43
2.370000e-15 3.978149e+21 1.582567e+43
2.380000e-15 3.670572e+21 1.347310e+43
2.390000e-15 3.354024e+21 1.124947e+43
2.400000e-15 3.029530e+21 9.178050e+42
2.410000e-15 2.698136e+21 7.279938e+42
2.420000e-15 2.360909e+21 5.573891e+42
2.430000e-15 2.018930e+21 4.076078e+42
2.440000e-15 1.673293e+21 2.799910e+42
2.450000e-15 1.325102e+21 1.755895e+42
2.460000e-15 9.754643e+20 9.515306e+41
2.470000e-15 6.254914e+20 3.912395e+41
2.480000e-15 2.762918e+20 7.633714e+40
2.490000e-15 -7.103093e+19 5.045393e+39
2.500000e-15 -4.153819e+20 1.725421e+41
2.510000e-15 -7.556787e+20 5.710504e+41
2.520000e-15 -1.090855e+21 1.189964e+42
2.530000e-15 -1.419863e+21 2.016010e+42
2.540000e-15 -1.741677e+21 3.033440e+42
2.550000e-15 -2.055301e+21 4.224262e+42
2.560000e-15 -2.359764e+21 5.568484e+42
2.570000e-15 -2.654128e+21 7.044398e+42
2.580000e-15 -2.937494e+21 8.628871e+42
2.590000e-15 -3.208997e+21 1.029766e+43
2.600000e-15 -3.467816e+21 1.202575e+43
2.610000e-15 -3.713173e+21 1.378766e+43
2.620000e-15 -3.944337e+21 1.555779e+43
2.630000e-15 -4.160624e+21 1.731079e+43
2.640000e-15 -4.361403e+21 1.902184e+43
2.650000e-15 -4.546096e+21 2.066699e+43
2.660000e-15 -4.714179e+21 2.222348e+43
2.670000e-15 -4.865185e+21 2.367002e+43
2.680000e-15 -4.998704e+21 2.498704e+43
2.690000e-15 -5.114388e+21 2.615696e+43
2.700000e-15 -5.211947e+21 2.716439e+43
2.710000e-15 -5.291153e+21 2.799630e+43
2.720000e-15 -5.351841e+21 2.864220e+43
2.730000e-15 -5.393908e+21 2.909424e+43
2.740000e-15 -5.417312e+21 2.934727e+43
2.750000e-15 -5.422076e+21 2.939891e+43
2.760000e-15 -5.408286e+21 2.924956e+43
2.770000e-15 -5.376087e+21 2.890231e+43
2.780000e-15 -5.325689e+21 2.836296e+43
2.790000e-15 -5.257361e+21 2.763984e+43
2.800000e-15 -5.171431e+21 2.674370e+43
2.810000e-15 -5.068287e+21 2.568754e+43
2.820000e-15 -4.948375e+21 2.448641e+43
2.830000e-15 -4.812192e+21 2.315719e+43
2.840000e-15 -4.660293e+21 2.171833e+43
2.850000e-15 -4.493283e+21 2.018960e+43
2.860000e-15 -4.311816e+21 1.859176e+43
2.870000e-15 -4.116594e+21 1.694634e+43
2.880000e-15 -3.908361e+21 1.527528e+43
2.890000e-15 -3.687905e+21 1.360064e+43
2.900000e-15 -3.456054e+21 1.194431e+43
2.910000e-15 -3.213668e+21 1.032767e+43
2.920000e-15 -2.961645e+21 8.771342e+42
2.930000e-15 -2.700909e+21 7.294908e+42
2.940000e-15 -2.432411e+21 5.916624e+42
2.950000e-15 -2.157127e+21 4.653196e+42
2.960000e-15 -1.876051e+21 3.519565e+42
2.970000e-15 -1.590193e+21 2.528713e+42
2.980000e-15 -1.300576e+21 1.691499e+42
2.990000e-15 -1.008234e+21 1.016536e+42
3.000000e-15 -7.142026e+20 5.100854e+41
3.010000e-15 -4.195217e+20 1.759984e+41
3.020000e-15 -1.252283e+20 1.568213e+40
3.030000e-15 1.676459e+20 2.810513e+40
3.040000e-15 4.580784e+20 2.098358e+41
3.050000e-15 7.450596e+20 5.551138e+41
3.060000e-15 1.027596e+21 1.055954e+42
3.070000e-15 1.304714e+21 1.702279e+42
3.080000e-15 1.575463e+21 2.482084e+42
3.090000e-15 1.838919e+21 3.381622e+42
3.100000e-15 2.094186e+21 4.385617e+42
3.110000e-15 2.340404e+21 5.477491e+42
3.120000e-15 2.576745e+21 6.639616e+42
3.130000e-15 2.802422e+21 7.853570e+42
3.140000e-15 3.016687e+21 9.100403e+42
3.150000e-15 3.218838e+21 1.036092e+43
3.160000e-15 3.408217e+21 1.161594e+43
3.170000e-15 3.584214e+21 1.284659e+43
3.180000e-15 3.746270e+21 1.403454e+43
3.190000e-15 3.893880e+21 1.516230e+43
3.200000e-15 4.026589e+21 1.621342e+43
3.210000e-15 4.143998e+21 1.717272e+43
3.220000e-15 4.245767e+21 1.802654e+43
3.230000e-15 4.331611e+21 1.876285e+43
3.240000e-15 4.401302e+21 1.937146e+43
3.250000e-15 4.454675e+21 1.984413e+43
3.260000e-15 4.491619e+21 2.017464e+43
3.270000e-15 4.512088e+21 2.035894e+43
3.280000e-15 4.516090e+21 2.039507e+43
3.290000e-15 4.503696e+21 2.028328e+43
3.300000e-15 4.475035e+21 2.002594e+43
3.310000e-15 4.430292e+21 1.962749e+43
3.320000e-15 4.369711e+21 1.909437e+43
3.330000e-15 4.293592e+21 1.843493e+43
3.340000e-15 4.202290e+21 1.765924e+43
3.350000e-15 4.096211e+21 1.677895e+43
3.360000e-15 3.975817e+21 1.580712e+43
3.370000e-15 3.841615e+21 1.475801e+43
3.380000e-15 3.694164e+21 1.364685e+43
3.390000e-15 3.534067e+21 1.248963e+43
3.400000e-15 3.361968e+21 1.130283e+43
3.410000e-15 3.178556e+21 1.010322e+43
3.420000e-15 2.984554e+21 8.907565e+42
3.430000e-15 2.780725e+21 7.732431e+42
3.440000e-15 2.567860e+21 6.593904e+42
3.450000e-15 2.346782e+21 5.507384e+42
3.460000e-15 2.118339e+21 4.487360e+42
3.470000e-15 1.883404e+21 3.547211e+42
3.480000e-15 1.642869e+21 2.699017e+42
3.490000e-15 1.397641e+21 1.953400e+42
3.500000e-15 1.148643e+21 1.319380e+42
3.510000e-15 8.968056e+20 8.042603e+41
3.520000e-15 6.430673e+20 4.135356e+41
3.530000e-15 3.883687e+20 1.508302e+41
3.540000e-15 1.336498e+20 1.786227e+40
3.550000e-15 -1.201531e+20 1.443677e+40
3.560000e-15 -3.721113e+20 1.384668e+41
3.570000e-15 -6.213066e+20 3.860219e+41
3.580000e-15 -8.668354e+20 7.514036e+41
3.590000e-15 -1.107811e+21 1.227245e+42
3.600000e-15 -1.343368e+21 1.804637e+42
3.610000e-15 -1.572663e+21 2.473269e+42
3.620000e-15 -1.794882e+21 3.221601e+42
3.630000e-15 -2.009238e+21 4.037036e+42
3.640000e-15 -2.214978e+21 4.906125e+42
3.650000e-15 -2.411383e+21 5.814766e+42
3.660000e-15 -2.597772e+21 6.748419e+42
3.670000e-15 -2.773505e+21 7.692329e+42
3.680000e-15 -2.937982e+21 8.631738e+42
3.690000e-15 -3.090649e+21 9.552112e+42
3.700000e-15 -3.230997e+21 1.043934e+43
3.710000e-15 -3.358566e+21 1.127997e+43
3.720000e-15 -3.472944e+21 1.206134e+43
3.730000e-15 -3.573770e+21 1.277183e+43
3.740000e-15 -3.660735e+21 1.340098e+43
3.750000e-15 -3.733582e+21 1.393964e+43
3.760000e-15 -3.792110e+21 1.438010e+43
3.770000e-15 -3.836169e+21 1.471619e+43
3.780000e-15 -3.865665e+21 1.494336e+43
3.790000e-15 -3.880558e+21 1.505873e+43
3.800000e-15 -3.880862e+21 1.506109e+43
3.810000e-15 -3.866647e+21 1.495096e+43
3.820000e-15 -3.838035e+21 1.473051e+43
3.830000e-15 -3.795202e+21 1.440356e+43
3.840000e-15 -3.738375e+21 1.397545e+43
3.850000e-15 -3.667834e+21 1.345301e+43
3.860000e-15 -3.583908e+21 1.284440e+43
3.870000e-15 -3.486975e+21 1.215899e+43
3.880000e-15 -3.377458e+21 1.140722e+43
3.890000e-15 -3.255828e+21 1.060041e+43
3.900000e-15 -3.122597e+21 9.750613e+42
3.910000e-15 -2.978320e+21 8.870390e+42
3.920000e-15 -2.823590e+21 7.972659e+42
3.930000e-15 -2.659036e+21 7.070471e+42
3.940000e-15 -2.485322e+21 6.176823e+42
3.950000e-15 -2.303143e+21 5.304467e+42
3.960000e-15 -2.113223e+21 4.465712e+42
3.970000e-15 -1.916312e+21 3.672254e+42
3.980000e-15 -1.713184e+21 2.934999e+42
3.990000e-15 -1.504630e+21 2.263911e+42
4.000000e-15 -1.291461e+21 1.667871e+42
4.010000e-15 -1.074500e+21 1.154551e+42
4.020000e-15 -8.545831e+20 7.303123e+41
4.030000e-15 -6.325511e+20 4.001209e+41
4.040000e-15 -4.092510e+20 1.674864e+41
4.050000e-15 -1.855304e+20 3.442152e+40
4.060000e-15 3.776496e+19 1.426192e+39
4.070000e-15 2.597945e+20 6.749317e+40
4.080000e-15 4.797260e+20 2.301370e+41
4.090000e-15 6.967386e+20 4.854447e+41
4.100000e-15 9.100260e+20 8.281473e+41
4.110000e-15 1.118799e+21 1.251712e+42
4.120000e-15 1.322290e+21 1.748450e+42
4.130000e-15 1.519752e+21 2.309647e+42
4.140000e-15 1.710467e+21 2.925697e+42
4.150000e-15 1.893743e+21 3.586262e+42
4.160000e-15 2.068920e+21 4.280429e+42
4.170000e-15 2.235371e+21 4.996885e+42
4.180000e-15 2.392506e+21 5.724086e+42
4.190000e-15 2.539771e+21 6.450437e+42
4.200000e-15 2.676652e+21 7.164467e+42
4.210000e-15 2.802677e+21 7.855000e+42
4.220000e-15 2.917417e+21 8.511321e+42
4.230000e-15 3.020486e+21 9.123338e+42
4.240000e-15 3.111547e+21 9.681725e+42
4.250000e-15 3.190307e+21 1.017806e+43
4.260000e-15 3.256521e+21 1.060493e+43
4.270000e-15 3.309995e+21 1.095607e+43
4.280000e-15 3.350582e+21 1.122640e+43
4.290000e-15 3.378185e+21 1.141213e+43
4.300000e-15 3.392757e+21 1.151080e+43
4.310000e-15 3.394300e+21 1.152127e+43
4.320000e-15 3.382867e+21 1.144379e+43
4.330000e-15 3.358558e+21 1.127991e+43
4.340000e-15 3.321524e+21 1.103252e+43
4.350000e-15 3.271961e+21 1.070573e+43
4.360000e-15 3.210115e+21 1.030484e+43
4.370000e-15 3.136275e+21 9.836219e+42
4.380000e-15 3.050775e+21 9.307231e+42
4.390000e-15 2.953995e+21 8.726085e+42
4.400000e-15 2.846352e+21 8.101718e+42
4.410000e-15 2.728305e+21 7.443650e+42
4.420000e-15 2.600352e+21 6.761831e+42
4.430000e-15 2.463025e+21 6.066490e+42
4.440000e-15 2.316889e+21 5.367974e+42
4.450000e-15 2.162542e+21 4.676589e+42
4.460000e-15 2.000611e+21 4.002445e+42
4.470000e-15 1.831749e+21 3.355303e+42
4.480000e-15 1.656631e+21 2.744426e+42
4.490000e-15 1.475957e+21 2.178448e+42
4.500000e-15 1.290442e+21 1.665239e+42
4.510000e-15 1.100818e+21 1.211800e+42
4.520000e-15 9.078309e+20 8.241569e+41
4.530000e-15 7.122349e+20 5.072786e+41
4.540000e-15 5.147919e+20 2.650107e+41
4.550000e-15 3.162677e+20 1.000253e+41
4.560000e-15 1.174293e+20 1.378964e+40
4.570000e-15 -8.095817e+19 6.554225e+39
4.580000e-15 -2.781342e+20 7.735865e+40
4.590000e-15 -4.733461e+20 2.240565e+41
4.600000e-15 -6.658514e+20 4.433581e+41
4.610000e-15 -8.549211e+20 7.308901e+41
4.620000e-15 -1.039842e+21 1.081272e+42
4.630000e-15 -1.219920e+21 1.488206e+42
4.640000e-15 -1.394483e+21 1.944582e+42
4.650000e-15 -1.562880e+21 2.442592e+42
4.660000e-15 -1.724488e+21 2.973860e+42
4.670000e-15 -1.878714e+21 3.529567e+42
4.680000e-15 -2.024994e+21 4.100599e+42
4.690000e-15 -2.162795e+21 4.677683e+42
4.700000e-15 -2.291622e+21 5.251533e+42
4.710000e-15 -2.411015e+21 5.812995e+42
4.720000e-15 -2.520552e+21 6.353182e+42
4.730000e-15 -2.619850e+21 6.863613e+42
4.740000e-15 -2.708568e+21 7.336338e+42
4.750000e-15 -2.786406e+21 7.764056e+42
4.760000e-15 -2.853108e+21 8.140222e+42
4.770000e-15 -2.908461e+21 8.459144e+42
4.780000e-15 -2.952298e+21 8.716061e+42
4.790000e-15 -2.984495e+21 8.907210e+42
4.800000e-15 -3.004975e+21 9.029877e+42
4.810000e-15 -3.013707e+21 9.082428e+42
4.820000e-15 -3.010703e+21 9.064331e+42
4.830000e-15 -2.996022e+21 8.976147e+42
4.840000e-15 -2.969768e+21 8.819521e+42
4.850000e-15 -2.932089e+21 8.597144e+42
4.860000e-15 -2.883176e+21 8.312703e+42
4.870000e-15 -2.823264e+21 7.970818e+42
4.880000e-15 -2.752628e+21 7.576961e+42
4.890000e-15 -2.671585e+21 7.137368e+42
4.900000e-15 -2.580491e+21 6.658934e+42
4.910000e-15 -2.479738e+21 6.149103e+42
4.920000e-15 -2.369756e+21 5.615745e+42
4.930000e-15 -2.251008e+21 5.067037e+42
4.940000e-15 -2.123989e+21 4.511329e+42
4.950000e-15 -1.989225e+21 3.957016e+42
4.960000e-15 -1.847270e+21 3.412405e+42
4.970000e-15 -1.698703e+21 2.885591e+42
4.980000e-15 -1.544128e+21 2.384331e+42
4.990000e-15 -1.384169e+21 1.915923e+42
5.000000e-15 -1.219469e+21 1.487104e+42
5.010000e-15 -1.050687e+21 1.103943e+42
5.020000e-15 -8.784959e+20 7.717551e+41
5.030000e-15 -7.035788e+20 4.950232e+41
5.040000e-15 -5.266274e+20 2.773364e+41
5.050000e-15 -3.483385e+20 1.213397e+41
5.060000e-15 -1.694118e+20 2.870036e+40
5.070000e-15 9.452893e+18 8.935719e+37
5.080000e-15 1.875587e+20 3.517826e+40
5.090000e-15 3.642140e+20 1.326519e+41
5.100000e-15 5.387354e+20 2.902359e+41
5.110000e-15 7.104501e+20 5.047394e+41
5.120000e-15 8.786986e+20 7.721113e+41
5.130000e-15 1.042837e+21 1.087510e+42
5.140000e-15 1.202241e+21 1.445383e+42
5.150000e-15 1.356304e+21 1.839560e+42
5.160000e-15 1.504445e+21 2.263355e+42
5.170000e-15 1.646108e+21 2.709671e+42
5.180000e-15 1.780762e+21 3.171113e+42
5.190000e-15 1.907907e+21 3.640110e+42
5.200000e-15 2.027074e+21 4.109030e+42
5.210000e-15 2.137826e+21 4.570301e+42
5.220000e-15 2.239761e+21 5.016530e+42
5.230000e-15 2.332512e+21 5.440612e+42
5.240000e-15 2.415749e+21 5.835845e+42
5.250000e-15 2.489182e+21 6.196028e+42
5.260000e-15 2.552559e+21 6.515556e+42
5.270000e-15 2.605667e+21 6.789500e+42
5.280000e-15 2.648336e+21 7.013684e+42
5.290000e-15 2.680437e+21 7.184740e+42
5.300000e-15 2.701881e+21 7.300159e+42
5.310000e-15 2.712623e+21 7.358322e+42
5.320000e-15 2.712659e+21 7.358518e+42
5.330000e-15 2.702027e+21 7.300951e+42
5.340000e-15 2.680808e+21 7.186729e+42
5.350000e-15 2.649121e+21 7.017842e+42
5.360000e-15 2.607129e+21 6.797121e+42
5.370000e-15 2.555033e+21 6.528193e+42
5.380000e-15 2.493073e+21 6.215413e+42
5.390000e-15 2.421528e+21 5.863796e+42
5.400000e-15 2.340712e+21 5.478931e+42
5.410000e-15 2.250975e+21 5.066888e+42
5.420000e-15 2.152702e+21 4.634125e+42
5.430000e-15 2.046308e+21 4.187378e+42
5.440000e-15 1.932241e+21 3.733557e+42
5.450000e-15 1.810976e+21 3.279635e+42
5.460000e-15 1.683015e+21 2.832539e+42
5.470000e-15 1.548884e+21 2.399043e+42
5.480000e-15 1.409134e+21 1.985659e+42
5.490000e-15 1.264333e+21 1.598539e+42
5.500000e-15 1.115070e+21 1.243381e+42
5.510000e-15 9.619470e+20 9.253420e+41
5.520000e-15 8.055813e+20 6.489613e+41
5.530000e-15 6.466002e+20 4.180918e+41
5.540000e-15 4.856391e+20 2.358453e+41
5.550000e-15 3.233395e+20 1.045484e+41
5.560000e-15 1.603459e+20 2.571082e+40
5.570000e-15 -2.696233e+18 7.269672e+36
5.580000e-15 -1.651436e+20 2.727239e+40
5.590000e-15 -3.263570e+20 1.065089e+41
5.600000e-15 -4.857042e+20 2.359086e+41
5.610000e-15 -6.425625e+20 4.128865e+41
5.620000e-15 -7.963206e+20 6.341264e+41
5.630000e-15 -9.463815e+20 8.956380e+41
5.640000e-15 -1.092165e+21 1.192824e+42
5.650000e-15 -1.233108e+21 1.520557e+42
5.660000e-15 -1.368672e+21 1.873262e+42
5.670000e-15 -1.498336e+21 2.245010e+42
5.680000e-15 -1.621608e+21 2.629613e+42
5.690000e-15 -1.738022e+21 3.020719e+42
5.700000e-15 -1.847139e+21 3.411922e+42
5.710000e-15 -1.948551e+21 3.796853e+42
5.720000e-15 -2.041884e+21 4.169289e+42
5.730000e-15 -2.126792e+21 4.523244e+42
5.740000e-15 -2.202968e+21 4.853068e+42
5.750000e-15 -2.270138e+21 5.153528e+42
5.760000e-15 -2.328066e+21 5.419891e+42
5.770000e-15 -2.376551e+21 5.647997e+42
5.780000e-15 -2.415433e+21 5.834317e+42
5.790000e-15 -2.444588e+21 5.976008e+42
5.800000e-15 -2.463931e+21 6.070955e+42
5.810000e-15 -2.473417e+21 6.117794e+42
5.820000e-15 -2.473041e+21 6.115934e+42
5.830000e-15 -2.462836e+21 6.065561e+42
5.840000e-15 -2.442872e+21 5.967626e+42
5.850000e-15 -2.413262e+21 5.823831e+42
5.860000e-15 -2.374151e+21 5.636594e+42
5.870000e-15 -2.325727e+21 5.409006e+42
5.880000e-15 -2.268210e+21 5.144779e+42
5.890000e-15 -2.201859e+21 4.848183e+42
5.900000e-15 -2.126964e+21 4.523975e+42
5.910000e-15 -2.043849e+21 4.177320e+42
5.920000e-15 -1.952872e+21 3.813708e+42
5.930000e-15 -1.854418e+21 3.438864e+42
5.940000e-15 -1.748901e+21 3.058656e+42
5.950000e-15 -1.636765e+21 2.678998e+42
5.960000e-15 -1.518474e+21 2.305764e+42
5.970000e-15 -1.394520e+21 1.944686e+42
5.980000e-15 -1.265413e+21 1.601269e+42
5.990000e-15 -1.131682e+21 1.280704e+42
6.000000e-15 -9.938743e+20 9.877861e+41
6.010000e-15 -8.525513e+20 7.268438e+41
6.020000e-15 -7.082866e+20 5.016699e+41
6.030000e-15 -5.616637e+20 3.154661e+41
6.040000e-15 -4.132741e+20 1.707955e+41
6.050000e-15 -2.637145e+20 6.954531e+40
6.060000e-15 -1.135845e+20 1.290143e+40
6.070000e-15 3.651562e+19 1.333391e+39
6.080000e-15 1.859874e+20 3.459133e+40
6.090000e-15 3.342368e+20 1.117142e+41
6.100000e-15 4.806760e+20 2.310494e+41
6.110000e-15 6.247263e+20 3.902830e+41
6.120000e-15 7.658202e+20 5.864806e+41
6.130000e-15 9.034033e+20 8.161376e+41
6.140000e-15 1.036937e+21 1.075238e+42
6.150000e-15 1.165900e+21 1.359324e+42
6.160000e-15 1.289792e+21 1.663563e+42
6.170000e-15 1.408132e+21 1.982836e+42
6.180000e-15 1.520465e+21 2.311813e+42
6.190000e-15 1.626359e+21 2.645042e+42
6.200000e-15 1.725410e+21 2.977039e+42
6.210000e-15 1.817243e+21 3.302372e+42
6.220000e-15 1.901512e+21 3.615747e+42
6.230000e-15 1.977902e+21 3.912097e+42
6.240000e-15 2.046131e+21 4.186654e+42
6.250000e-15 2.105951e+21 4.435029e+42
6.260000e-15 2.157146e+21 4.653278e+42
6.270000e-15 2.199537e+21 4.837962e+42
6.280000e-15 2.232980e+21 4.986200e+42
6.290000e-15 2.257368e+21 5.095708e+42
6.300000e-15 2.272628e+21 5.164839e+42
6.310000e-15 2.278728e+21 5.192600e+42
6.320000e-15 2.275668e+21 5.178665e+42
6.330000e-15 2.263488e+21 5.123379e+42
6.340000e-15 2.242264e+21 5.027746e+42
6.350000e-15 2.212105e+21 4.893408e+42
6.360000e-15 2.173159e+21 4.722622e+42
6.370000e-15 2.125608e+21 4.518211e+42
6.380000e-15 2.069667e+21 4.283522e+42
6.390000e-15 2.005584e+21 4.022368e+42
6.400000e-15 1.933640e+21 3.738964e+42
6.410000e-15 1.854146e+21 3.437857e+42
6.420000e-15 1.767442e+21 3.123851e+42
6.430000e-15 1.673897e+21 2.801932e+42
6.440000e-15 1.573906e+21 2.477181e+42
6.450000e-15 1.467889e+21 2.154699e+42
6.460000e-15 1.356289e+21 1.839519e+42
6.470000e-15 1.239569e+21 1.536530e+42
6.480000e-15 1.118212e+21 1.250399e+42
6.490000e-15 9.927203e+20 9.854936e+41
6.500000e-15 8.636086e+20 7.458199e+41
6.510000e-15 7.314063e+20 5.349552e+41
6.520000e-15 5.966532e+20 3.559951e+41
6.530000e-15 4.598984e+20 2.115065e+41
6.540000e-15 3.216970e+20 1.034890e+41
6.550000e-15 1.826090e+20 3.334605e+40
6.560000e-15 4.319611e+19 1.865904e+39
6.570000e-15 -9.597998e+19 9.212157e+39
6.580000e-15 -2.343601e+20 5.492465e+40
6.590000e-15 -3.713896e+20 1.379303e+41
6.600000e-15 -5.065210e+20 2.565635e+41
6.610000e-15 -6.392155e+20 4.085965e+41
6.620000e-15 -7.689460e+20 5.912779e+41
6.630000e-15 -8.951982e+20 8.013798e+41
6.640000e-15 -1.017473e+21 1.035252e+42
6.650000e-15 -1.135290e+21 1.288884e+42
6.660000e-15 -1.248187e+21 1.557970e+42
6.670000e-15 -1.355721e+21 1.837980e+42
6.680000e-15 -1.457476e+21 2.124235e+42
6.690000e-15 -1.553056e+21 2.411982e+42
6.700000e-15 -1.642093e+21 2.696469e+42
6.710000e-15 -1.724247e+21 2.973027e+42
6.720000e-15 -1.799205e+21 3.237138e+42
6.730000e-15 -1.866684e+21 3.484511e+42
6.740000e-15 -1.926434e+21 3.711148e+42
6.750000e-15 -1.978234e+21 3.913409e+42
6.760000e-15 -2.021896e+21 4.088065e+42
6.770000e-15 -2.057268e+21 4.232352e+42
6.780000e-15 -2.084228e+21 4.344008e+42
6.790000e-15 -2.102692e+21 4.421312e+42
6.800000e-15 -2.112606e+21 4.463106e+42
6.810000e-15 -2.113956e+21 4.468809e+42
6.820000e-15 -2.106757e+21 4.438427e+42
6.830000e-15 -2.091064e+21 4.372548e+42
6.840000e-15 -2.066961e+21 4.272328e+42
6.850000e-15 -2.034570e+21 4.139473e+42
6.860000e-15 -1.994042e+21 3.976205e+42
6.870000e-15 -1.945565e+21 3.785223e+42
6.880000e-15 -1.889355e+21 3.569662e+42
6.890000e-15 -1.825660e+21 3.333035e+42
6.900000e-15 -1.754758e+21 3.079177e+42
6.910000e-15 -1.676955e+21 2.812178e+42
6.920000e-15 -1.592584e+21 2.536323e+42
6.930000e-15 -1.502003e+21 2.256013e+42
6.940000e-15 -1.405596e+21 1.975699e+42
6.950000e-15 -1.303768e+21 1.699810e+42
6.960000e-15 -1.196945e+21 1.432677e+42
6.970000e-15 -1.085573e+21 1.178469e+42
6.980000e-15 -9.701150e+20 9.411232e+41
6.990000e-15 -8.510488e+20 7.242840e+41
7.000000e-15 -7.288658e+20 5.312454e+41
7.010000e-15 -6.040690e+20 3.648994e+41
7.020000e-15 -4.771705e+20 2.276917e+41
7.030000e-15 -3.486897e+20 1.215845e+41
7.040000e-15 -2.191511e+20 4.802719e+40
7.050000e-15 -8.908197e+19 7.935598e+39
7.060000e-15 4.098933e+19 1.680125e+39
7.070000e-15 1.705359e+20 2.908251e+40
7.080000e-15 2.990344e+20 8.942156e+40
7.090000e-15 4.259668e+20 1.814477e+41
7.100000e-15 5.508229e+20 3.034058e+41
7.110000e-15 6.731021e+20 4.530664e+41
7.120000e-15 7.923155e+20 6.277639e+41
7.130000e-15 9.079881e+20 8.244423e+41
7.140000e-15 1.019660e+21 1.039706e+42
7.150000e-15 1.126889e+21 1.269879e+42
7.160000e-15 1.229252e+21 1.511060e+42
7.170000e-15 1.326346e+21 1.759194e+42
7.180000e-15 1.417792e+21 2.010133e+42
7.190000e-15 1.503232e+21 2.259707e+42
7.200000e-15 1.582337e+21 2.503791e+42
7.210000e-15 1.654802e+21 2.738370e+42
7.220000e-15 1.720350e+21 2.959603e+42
7.230000e-15 1.778733e+21 3.163889e+42
7.240000e-15 1.829732e+21 3.347919e+42
7.250000e-15 1.873160e+21 3.508729e+42
7.260000e-15 1.908861e+21 3.643748e+42
7.270000e-15 1.936708e+21 3.750839e+42
7.280000e-15 1.956610e+21 3.828325e+42
7.290000e-15 1.968507e+21 3.875020e+42
7.300000e-15 1.972370e+21 3.890245e+42
7.310000e-15 1.968206e+21 3.873834e+42
7.320000e-15 1.956050e+21 3.826133e+42
7.330000e-15 1.935975e+21 3.747998e+42
7.340000e-15 1.908081e+21 3.640772e+42
7.350000e-15 1.872502e+21 3.506263e+42
7.360000e-15 1.829402e+21 3.346713e+42
7.370000e-15 1.778977e+21 3.164759e+42
7.380000e-15 1.721450e+21 2.963389e+42
7.390000e-15 1.657072e+21 2.745889e+42
7.400000e-15 1.586124e+21 2.515791e+42
7.410000e-15 1.508911e+21 2.276813e+42
7.420000e-15 1.425763e+21 2.032800e+42
7.430000e-15 1.337033e+21 1.787658e+42
7.440000e-15 1.243097e+21 1.545290e+42
7.450000e-15 1.144349e+21 1.309535e+42
7.460000e-15 1.041205e+21 1.084107e+42
7.470000e-15 9.340941e+20 8.725318e+41
7.480000e-15 8.234634e+20 6.780919e+41
7.490000e-15 7.097717e+20 5.037758e+41
7.500000e-15 5.934896e+20 3.522299e+41
7.510000e-15 4.750969e+20 2.257171e+41
7.520000e-15 3.550811e+20 1.260826e+41
7.530000e-15 2.339347e+20 5.472546e+40
7.540000e-15 1.121540e+20 1.257851e+40
7.550000e-15 -9.763730e+18 9.533041e+37
7.560000e-15 -1.313216e+20 1.724535e+40
7.570000e-15 -2.520254e+20 6.351680e+40
7.580000e-15 -3.713858e+20 1.379274e+41
7.590000e-15 -4.889200e+20 2.390428e+41
7.600000e-15 -6.041539e+20 3.650020e+41
7.610000e-15 -7.166239e+20 5.135498e+41
7.620000e-15 -8.258786e+20 6.820755e+41
7.630000e-15 -9.314812e+20 8.676571e+41
7.640000e-15 -1.033010e+21 1.067110e+42
7.650000e-15 -1.130063e+21 1.277042e+42
7.660000e-15 -1.222254e+21 1.493906e+42
7.670000e-15 -1.309221e+21 1.714060e+42
7.680000e-15 -1.390622e+21 1.933831e+42
7.690000e-15 -1.466140e+21 2.149566e+42
7.700000e-15 -1.535481e+21 2.357700e+42
7.710000e-15 -1.598377e+21 2.554810e+42
7.720000e-15 -1.654590e+21 2.737668e+42
7.730000e-15 -1.703906e+21 2.903296e+42
7.740000e-15 -1.746142e+21 3.049011e+42
7.750000e-15 -1.781142e+21 3.172468e+42
7.760000e-15 -1.808784e+21 3.271698e+42
7.770000e-15 -1.828971e+21 3.345135e+42
7.780000e-15 -1.841641e+21 3.391642e+42
7.790000e-15 -1.846761e+21 3.410525e+42
7.800000e-15 -1.844328e+21 3.401545e+42
7.810000e-15 -1.834371e+21 3.364918e+42
7.820000e-15 -1.816951e+21 3.301310e+42
7.830000e-15 -1.792156e+21 3.211822e+42
7.840000e-15 -1.760106e+21 3.097973e+42
7.850000e-15 -1.720950e+21 2.961669e+42
7.860000e-15 -1.674866e+21 2.805176e+42
7.870000e-15 -1.622059e+21 2.631075e+42
7.880000e-15 -1.562761e+21 2.442222e+42
7.890000e-15 -1.497230e+21 2.241699e+42
7.900000e-15 -1.425751e+21 2.032765e+42
7.910000e-15 -1.348628e+21 1.818798e+42
7.920000e-15 -1.266192e+21 1.603241e+42
7.930000e-15 -1.178791e+21 1.389548e+42
7.940000e-15 -1.086796e+21 1.181125e+42
7.950000e-15 -9.905930e+20 9.812745e+41
7.960000e-15 -8.905859e+20 7.931432e+41
7.970000e-15 -7.871924e+20 6.196719e+41
7.980000e-15 -6.808434e+20 4.635477e+41
7.990000e-15 -5.719805e+20 3.271617e+41
8.000000e-15 -4.610548e+20 2.125715e+41
8.010000e-15 -3.485246e+20 1.214694e+41
8.020000e-15 -2.348537e+20 5.515628e+40
8.030000e-15 -1.205094e+20 1.452252e+40
8.040000e-15 -5.960673e+18 3.552962e+37
8.050000e-15 1.083239e+20 1.173406e+40
8.060000e-15 2.218778e+20 4.922975e+40
8.070000e-15 3.342387e+20 1.117155e+41
8.080000e-15 4.449502e+20 1.979807e+41
8.090000e-15 5.535639e+20 3.064329e+41
8.100000e-15 6.596407e+20 4.351259e+41
8.110000e-15 7.627533e+20 5.817926e+41
8.120000e-15 8.624874e+20 7.438844e+41
8.130000e-15 9.584433e+20 9.186135e+41
8.140000e-15 1.050238e+21 1.103000e+42
8.150000e-15 1.137506e+21 1.293920e+42
8.160000e-15 1.219902e+21 1.488161e+42
8.170000e-15 1.297101e+21 1.682471e+42
8.180000e-15 1.368799e+21 1.873611e+42
8.190000e-15 1.434717e+21 2.058413e+42
8.200000e-15 1.494599e+21 2.233826e+42
8.210000e-15 1.548215e+21 2.396970e+42
8.220000e-15 1.595361e+21 2.545176e+42
8.230000e-15 1.635859e+21 2.676035e+42
8.240000e-15 1.669561e+21 2.787433e+42
8.250000e-15 1.696344e+21 2.877583e+42
8.260000e-15 1.716116e+21 2.945054e+42
8.270000e-15 1.728813e+21 2.988795e+42
8.280000e-15 1.734401e+21 3.008145e+42
8.290000e-15 1.732872e+21 3.002846e+42
8.300000e-15 1.724252e+21 2.973045e+42
8.310000e-15 1.708592e+21 2.919287e+42
8.320000e-15 1.685974e+21 2.842507e+42
8.330000e-15 1.656506e+21 2.744013e+42
8.340000e-15 1.620327e+21 2.625458e+42
8.350000e-15 1.577599e+21 2.488819e+42
8.360000e-15 1.528515e+21 2.336357e+42
8.370000e-15 1.473289e+21 2.170582e+42
8.380000e-15 1.412164e+21 1.994207e+42
8.390000e-15 1.345403e+21 1.810110e+42
8.400000e-15 1.273294e+21 1.621277e+42
8.410000e-15 1.196144e+21 1.430759e+42
8.420000e-15 1.114281e+21 1.241622e+42
8.430000e-15 1.028052e+21 1.056891e+42
8.440000e-15 9.378206e+20 8.795075e+41
8.450000e-15 8.439658e+20 7.122782e+41
8.460000e-15 7.468806e+20 5.578306e+41
8.470000e-15 6.469704e+20 4.185707e+41
8.480000e-15 5.446511e+20 2.966448e+41
8.490000e-15 4.403475e+20 1.939059e+41
8.500000e-15 3.344917e+20 1.118847e+41
8.510000e-15 2.275209e+20 5.176578e+40
8.520000e-15 1.198761e+20 1.437028e+40
8.530000e-15 1.199981e+19 1.439955e+38
8.540000e-15 -9.566546e+19 9.151879e+39
8.550000e-15 -2.026791e+20 4.107881e+40
8.560000e-15 -3.086041e+20 9.523651e+40
8.570000e-15 -4.130092e+20 1.705766e+41
8.580000e-15 -5.154700e+20 2.657093e+41
8.590000e-15 -6.155713e+20 3.789280e+41
8.600000e-15 -7.129085e+20 5.082385e+41
8.610000e-15 -8.070891e+20 6.513929e+41
8.620000e-15 -8.977348e+20 8.059277e+41
8.630000e-15 -9.844822e+20 9.692051e+41
8.640000e-15 -1.066985e+21 1.138457e+42
8.650000e-15 -1.144915e+21 1.310830e+42
8.660000e-15 -1.217963e+21 1.483435e+42
8.670000e-15 -1.285843e+21 1.653391e+42
8.680000e-15 -1.348286e+21 1.817875e+42
8.690000e-15 -1.405051e+21 1.974167e+42
8.700000e-15 -1.455917e+21 2.119694e+42
8.710000e-15 -1.500690e+21 2.252072e+42
8.720000e-15 -1.539201e+21 2.369141e+42
8.730000e-15 -1.571307e+21 2.469005e+42
8.740000e-15 -1.596890e+21 2.550057e+42
8.750000e-15 -1.615861e+21 2.611005e+42
8.760000e-15 -1.628157e+21 2.650895e+42
8.770000e-15 -1.633744e+21 2.669119e+42
8.780000e-15 -1.632614e+21 2.665429e+42
8.790000e-15 -1.624788e+21 2.639935e+42
8.800000e-15 -1.610313e+21 2.593106e+42
8.810000e-15 -1.589263e+21 2.525757e+42
8.820000e-15 -1.561741e+21 2.439034e+42
8.830000e-15 -1.527874e+21 2.334398e+42
8.840000e-15 -1.487815e+21 2.213594e+42
8.850000e-15 -1.441744e+21 2.078626e+42
8.860000e-15 -1.389863e+21 1.931719e+42
8.870000e-15 -1.332398e+21 1.775285e+42
8.880000e-15 -1.269598e+21 1.611879e+42
8.890000e-15 -1.201732e+21 1.444161e+42
8.900000e-15 -1.129091e+21 1.274847e+42
8.910000e-15 -1.051984e+21 1.106670e+42
8.920000e-15 -9.707368e+20 9.423299e+41
8.930000e-15 -8.856924e+20 7.844510e+41
8.940000e-15 -7.972085e+20 6.355414e+41
8.950000e-15 -7.056560e+20 4.979503e+41
8.960000e-15 -6.114174e+20 3.738313e+41
8.970000e-15 -5.148857e+20 2.651073e+41
8.980000e-15 -4.164620e+20 1.734406e+41
8.990000e-15 -3.165547e+20 1.002069e+41
9.000000e-15 -2.155769e+20 4.647341e+40
9.010000e-15 -1.139456e+20 1.298360e+40
9.020000e-15 -1.207924e+19 1.459080e+38
9.030000e-15 8.960354e+19 8.028794e+39
9.040000e-15 1.906858e+20 3.636109e+40
9.050000e-15 2.907541e+20 8.453797e+40
9.060000e-15 3.894000e+20 1.516324e+41
9.070000e-15 4.862218e+20 2.364116e+41
9.080000e-15 5.808261e+20 3.373590e+41
9.090000e-15 6.728296e+20 4.526997e+41
9.100000e-15 7.618605e+20 5.804315e+41
9.110000e-15 8.475600e+20 7.183579e+41
9.120000e-15 9.295836e+20 8.641256e+41
9.130000e-15 1.007603e+21 1.015264e+42
9.140000e-15 1.081306e+21 1.169224e+42
9.150000e-15 1.150401e+21 1.323423e+42
9.160000e-15 1.214614e+21 1.475287e+42
9.170000e-15 1.273692e+21 1.622291e+42
9.180000e-15 1.327404e+21 1.762000e+42
9.190000e-15 1.375541e+21 1.892112e+42
9.200000e-15 1.417917e+21 2.010490e+42
9.210000e-15 1.454373e+21 2.115201e+42
9.220000e-15 1.484771e+21 2.204544e+42
9.230000e-15 1.508999e+21 2.277077e+42
9.240000e-15 1.526971e+21 2.331642e+42
9.250000e-15 1.538629e+21 2.367378e+42
9.260000e-15 1.543937e+21 2.383740e+42
9.270000e-15 1.542887e+21 2.380501e+42
9.280000e-15 1.535499e+21 2.357756e+42
9.290000e-15 1.521815e+21 2.315921e+42
9.300000e-15 1.501907e+21 2.255724e+42
9.310000e-15 1.475869e+21 2.178189e+42
9.320000e-15 1.443822e+21 2.084621e+42
9.330000e-15 1.405910e+21 1.976583e+42
9.340000e-15 1.362302e+21 1.855867e+42
9.350000e-15 1.313190e+21 1.724468e+42
9.360000e-15 1.258787e+21 1.584544e+42
9.370000e-15 1.199328e+21 1.438387e+42
9.380000e-15 1.135068e+21 1.288379e+42
9.390000e-15 1.066281e+21 1.136956e+42
9.400000e-15 9.932611e+20 9.865677e+41
9.410000e-15 9.163160e+20 8.396351e+41
9.420000e-15 8.357707e+20 6.985126e+41
9.430000e-15 7.519637e+20 5.654494e+41
9.440000e-15 6.652466e+20 4.425530e+41
9.450000e-15 5.759818e+20 3.317550e+41
9.460000e-15 4.845416e+20 2.347805e+41
9.470000e-15 3.913064e+20 1.531207e+41
9.480000e-15 2.966633e+20 8.800911e+40
9.490000e-15 2.010041e+20 4.040267e+40
9.500000e-15 1.047243e+20 1.096717e+40
9.510000e-15 8.220726e+18 6.758033e+37
9.520000e-15 -8.810940e+19 7.763266e+39
9.530000e-15 -1.838705e+20 3.380837e+40
9.540000e-15 -2.786702e+20 7.765709e+40
9.550000e-15 -3.721208e+20 1.384739e+41
9.560000e-15 -4.638411e+20 2.151486e+41
9.570000e-15 -5.534576e+20 3.063153e+41
9.580000e-15 -6.406063e+20 4.103764e+41
9.590000e-15 -7.249342e+20 5.255296e+41
9.600000e-15 -8.061004e+20 6.497979e+41
9.610000e-15 -8.837779e+20 7.810634e+41
9.620000e-15 -9.576546e+20 9.171023e+41
9.630000e-15 -1.027435e+21 1.055622e+42
9.640000e-15 -1.092840e+21 1.194299e+42
9.650000e-15 -1.153610e+21 1.330816e+42
9.660000e-15 -1.209505e+21 1.462902e+42
9.670000e-15 -1.260305e+21 1.588369e+42
9.680000e-15 -1.305812e+21 1.705145e+42
9.690000e-15 -1.345849e+21 1.811310e+42
9.700000e-15 -1.380264e+21 1.905129e+42
9.710000e-15 -1.408926e+21 1.985072e+42
9.720000e-15 -1.431729e+21 2.049848e+42
9.730000e-15 -1.448591e+21 2.098417e+42
9.740000e-15 -1.459456e+21 2.130012e+42
9.750000e-15 -1.464291e+21 2.144147e+42
9.760000e-15 -1.463087e+21 2.140624e+42
9.770000e-15 -1.455864e+21 2.119539e+42
9.780000e-15 -1.442661e+21 2.081272e+42
9.790000e-15 -1.423547e+21 2.026487e+42
9.800000e-15 -1.398612e+21 1.956115e+42
9.810000e-15 -1.367969e+21 1.871340e+42
9.820000e-15 -1.331757e+21 1.773577e+42
9.830000e-15 -1.290136e+21 1.664452e+42
9.840000e-15 -1.243288e+21 1.545766e+42
9.850000e-15 -1.191417e+21 1.419474e+42
9.860000e-15 -1.134745e+21 1.287646e+42
9.870000e-15 -1.073516e+21 1.152437e+42
9.880000e-15 -1.007991e+21 1.016046e+42
9.890000e-15 -9.384479e+20 8.806845e+41
9.900000e-15 -8.651812e+20 7.485385e+41
9.910000e-15 -7.884998e+20 6.217319e+41
9.920000e-15 -7.087260e+20 5.022925e+41
9.930000e-15 -6.261944e+20 3.921194e+41
9.940000e-15 -5.412501e+20 2.929516e+41
9.950000e-15 -4.542475e+20 2.063408e+41
9.960000e-15 -3.655489e+20 1.336260e+41
9.970000e-15 -2.755228e+20 7.591279e+40
9.980000e-15 -1.845422e+20 3.405583e+40
9.990000e-15 -9.298371e+19 8.645970e+39
1.000000e-14 -1.225322e+18 1.501413e+36
