0.000000e+00 nan nan
1.000000e-17 3.130392e+03 9.799356e+06
2.000000e-17 1.602265e+06 2.567252e+12
3.000000e-17 6.156466e+07 3.790207e+15
4.000000e-17 8.193441e+08 6.713247e+17
5.000000e-17 6.098921e+09 3.719683e+19
6.000000e-17 3.143338e+10 9.880571e+20
7.000000e-17 1.256983e+11 1.580005e+22
8.000000e-17 4.174305e+11 1.742482e+23
9.000000e-17 1.202803e+12 1.446734e+24
1.000000e-16 3.098557e+12 9.601058e+24
1.100000e-16 7.290404e+12 5.314999e+25
1.200000e-16 1.591536e+13 2.532988e+26
1.300000e-16 3.262523e+13 1.064405e+27
1.400000e-16 6.338750e+13 4.017975e+27
1.500000e-16 1.175900e+14 1.382741e+28
1.600000e-16 2.095254e+14 4.390090e+28
1.700000e-16 3.603418e+14 1.298462e+29
1.800000e-16 6.005568e+14 3.606684e+29
1.900000e-16 9.732417e+14 9.471994e+29
2.000000e-16 1.537994e+15 2.365425e+30
2.100000e-16 2.375823e+15 5.644534e+30
2.200000e-16 3.595089e+15 1.292466e+31
2.300000e-16 5.338636e+15 2.850104e+31
2.400000e-16 7.792279e+15 6.071961e+31
2.500000e-16 1.119479e+16 1.253233e+32
2.600000e-16 1.584957e+16 2.512088e+32
2.700000e-16 2.213815e+16 4.900978e+32
2.800000e-16 3.053575e+16 9.324323e+32
2.900000e-16 4.162898e+16 1.732972e+33
3.000000e-16 5.613593e+16 3.151243e+33
3.100000e-16 7.492884e+16 5.614331e+33
3.200000e-16 9.905942e+16 9.812768e+33
3.300000e-16 1.297871e+17 1.684470e+34
3.400000e-16 1.686104e+17 2.842947e+34
3.500000e-16 2.173012e+17 4.721983e+34
3.600000e-16 2.779428e+17 7.725220e+34
3.700000e-16 3.529709e+17 1.245884e+35
3.800000e-16 4.452186e+17 1.982196e+35
3.900000e-16 5.579649e+17 3.113249e+35
4.000000e-16 6.949870e+17 4.830069e+35
4.100000e-16 8.606157e+17 7.406594e+35
4.200000e-16 1.059796e+18 1.123168e+36
4.300000e-16 1.298151e+18 1.685196e+36
4.400000e-16 1.582047e+18 2.502874e+36
4.500000e-16 1.918669e+18 3.681290e+36
4.600000e-16 2.316090e+18 5.364272e+36
4.700000e-16 2.783354e+18 7.747057e+36
4.800000e-16 3.330555e+18 1.109260e+37
4.900000e-16 3.968924e+18 1.575235e+37
5.000000e-16 4.710914e+18 2.219271e+37
5.100000e-16 5.570293e+18 3.102817e+37
5.200000e-16 6.562237e+18 4.306296e+37
5.300000e-16 7.703423e+18 5.934273e+37
5.400000e-16 9.012127e+18 8.121844e+37
5.500000e-16 1.050832e+19 1.104249e+38
5.600000e-16 1.221378e+19 1.491764e+38
5.700000e-16 1.415216e+19 2.002836e+38
5.800000e-16 1.634912e+19 2.672937e+38
5.900000e-16 1.883241e+19 3.546597e+38
6.000000e-16 2.163197e+19 4.679421e+38
6.100000e-16 2.478002e+19 6.140493e+38
6.200000e-16 2.831116e+19 8.015215e+38
6.300000e-16 3.226244e+19 1.040865e+39
6.400000e-16 3.667348e+19 1.344944e+39
6.500000e-16 4.158652e+19 1.729439e+39
6.600000e-16 4.704651e+19 2.213374e+39
6.700000e-16 5.310114e+19 2.819731e+39
6.800000e-16 5.980098e+19 3.576157e+39
6.900000e-16 6.719944e+19 4.515765e+39
7.000000e-16 7.535289e+19 5.678058e+39
7.100000e-16 8.432064e+19 7.109970e+39
7.200000e-16 9.416500e+19 8.867048e+39
7.300000e-16 1.049513e+20 1.101477e+40
7.400000e-16 1.167478e+20 1.363005e+40
7.500000e-16 1.296258e+20 1.680285e+40
7.600000e-16 1.436596e+20 2.063808e+40
7.700000e-16 1.589263e+20 2.525757e+40
7.800000e-16 1.755060e+20 3.080235e+40
7.900000e-16 1.934815e+20 3.743508e+40
8.000000e-16 2.129383e+20 4.534272e+40
8.100000e-16 2.339646e+20 5.473944e+40
8.200000e-16 2.566510e+20 6.586974e+40
8.300000e-16 2.810905e+20 7.901185e+40
8.400000e-16 3.073781e+20 9.448129e+40
8.500000e-16 3.356111e+20 1.126348e+41
8.600000e-16 3.658883e+20 1.338742e+41
8.700000e-16 3.983103e+20 1.586511e+41
8.800000e-16 4.329790e+20 1.874708e+41
8.900000e-16 4.699974e+20 2.208976e+41
9.000000e-16 5.094693e+20 2.595589e+41
9.100000e-16 5.514990e+20 3.041511e+41
9.200000e-16 5.961911e+20 3.554438e+41
9.300000e-16 6.436500e+20 4.142853e+41
9.400000e-16 6.939797e+20 4.816079e+41
9.500000e-16 7.472834e+20 5.584325e+41
9.600000e-16 8.036630e+20 6.458742e+41
9.700000e-16 8.632188e+20 7.451466e+41
9.800000e-16 9.260490e+20 8.575667e+41
9.900000e-16 9.922494e+20 9.845589e+41
1.000000e-15 1.061913e+21 1.127659e+42
1.010000e-15 1.135129e+21 1.288518e+42
1.020000e-15 1.211984e+21 1.468904e+42
1.030000e-15 1.292557e+21 1.670705e+42
1.040000e-15 1.376927e+21 1.895929e+42
1.050000e-15 1.465164e+21 2.146706e+42
1.060000e-15 1.557334e+21 2.425288e+42
1.070000e-15 1.653495e+21 2.734044e+42
1.080000e-15 1.753699e+21 3.075460e+42
1.090000e-15 1.857991e+21 3.452132e+42
1.100000e-15 1.966409e+21 3.866766e+42
1.110000e-15 2.078981e+21 4.322161e+42
1.120000e-15 2.195726e+21 4.821211e+42
1.130000e-15 2.316654e+21 5.366887e+42
1.140000e-15 2.441767e+21 5.962225e+42
1.150000e-15 2.571053e+21 6.610316e+42
1.160000e-15 2.704494e+21 7.314285e+42
1.170000e-15 2.842055e+21 8.077278e+42
1.180000e-15 2.983695e+21 8.902436e+42
1.190000e-15 3.129357e+21 9.792877e+42
1.200000e-15 3.278974e+21 1.075167e+43
1.210000e-15 3.432464e+21 1.178181e+43
1.220000e-15 3.589735e+21 1.288619e+43
1.230000e-15 3.750677e+21 1.406758e+43
1.240000e-15 3.915172e+21 1.532857e+43
1.250000e-15 4.083084e+21 1.667157e+43
1.260000e-15 4.254264e+21 1.809876e+43
1.270000e-15 4.428549e+21 1.961204e+43
1.280000e-15 4.605762e+21 2.121304e+43
1.290000e-15 4.785711e+21 2.290303e+43
1.300000e-15 4.968190e+21 2.468291e+43
1.310000e-15 5.152978e+21 2.655318e+43
1.320000e-15 5.339841e+21 2.851390e+43
1.330000e-15 5.528530e+21 3.056464e+43
1.340000e-15 5.718780e+21 3.270445e+43
1.350000e-15 5.910317e+21 3.493184e+43
1.360000e-15 6.102848e+21 3.724475e+43
1.370000e-15 6.296070e+21 3.964050e+43
1.380000e-15 6.489667e+21 4.211578e+43
1.390000e-15 6.683310e+21 4.466663e+43
1.400000e-15 6.876657e+21 4.728841e+43
1.410000e-15 7.069355e+21 4.997579e+43
1.420000e-15 7.261043e+21 5.272274e+43
1.430000e-15 7.451345e+21 5.552255e+43
1.440000e-15 7.639880e+21 5.836776e+43
1.450000e-15 7.826254e+21 6.125026e+43
1.460000e-15 8.010069e+21 6.416121e+43
1.470000e-15 8.190918e+21 6.709113e+43
1.480000e-15 8.368386e+21 7.002989e+43
1.490000e-15 8.542056e+21 7.296672e+43
1.500000e-15 8.711505e+21 7.589032e+43
1.510000e-15 8.876306e+21 7.878880e+43
1.520000e-15 9.036030e+21 8.164984e+43
1.530000e-15 9.190249e+21 8.446067e+43
1.540000e-15 9.338532e+21 8.720817e+43
1.550000e-15 9.480450e+21 8.987893e+43
1.560000e-15 9.615578e+21 9.245933e+43
1.570000e-15 9.743491e+21 9.493563e+43
1.580000e-15 9.863774e+21 9.729403e+43
1.590000e-15 9.976012e+21 9.952082e+43
1.600000e-15 1.007980e+22 1.016024e+44
1.610000e-15 1.017475e+22 1.035255e+44
1.620000e-15 1.026046e+22 1.052771e+44
1.630000e-15 1.033657e+22 1.068447e+44
1.640000e-15 1.040271e+22 1.082163e+44
1.650000e-15 1.045853e+22 1.093808e+44
1.660000e-15 1.050370e+22 1.103277e+44
1.670000e-15 1.053790e+22 1.110473e+44
1.680000e-15 1.056083e+22 1.115311e+44
1.690000e-15 1.057221e+22 1.117716e+44
1.700000e-15 1.057177e+22 1.117624e+44
1.710000e-15 1.055929e+22 1.114985e+44
1.720000e-15 1.053453e+22 1.109762e+44
1.730000e-15 1.049730e+22 1.101933e+44
1.740000e-15 1.044744e+22 1.091490e+44
1.750000e-15 1.038480e+22 1.078440e+44
1.760000e-15 1.030925e+22 1.062806e+44
1.770000e-15 1.022071e+22 1.044630e+44
1.780000e-15 1.011912e+22 1.023966e+44
1.790000e-15 1.000443e+22 1.000887e+44
1.800000e-15 9.876649e+21 9.754819e+43
1.810000e-15 9.735792e+21 9.478564e+43
1.820000e-15 9.581916e+21 9.181312e+43
1.830000e-15 9.415108e+21 8.864425e+43
1.840000e-15 9.235483e+21 8.529415e+43
1.850000e-15 9.043192e+21 8.177932e+43
1.860000e-15 8.838414e+21 7.811756e+43
1.870000e-15 8.621361e+21 7.432787e+43
1.880000e-15 8.392279e+21 7.043035e+43
1.890000e-15 8.151443e+21 6.644602e+43
1.900000e-15 7.899161e+21 6.239674e+43
1.910000e-15 7.635772e+21 5.830502e+43
1.920000e-15 7.361647e+21 5.419385e+43
1.930000e-15 7.077186e+21 5.008656e+43
1.940000e-15 6.782820e+21 4.600665e+43
1.950000e-15 6.479010e+21 4.197757e+43
1.960000e-15 6.166243e+21 3.802256e+43
1.970000e-15 5.845037e+21 3.416446e+43
1.980000e-15 5.515934e+21 3.042553e+43
1.990000e-15 5.179503e+21 2.682725e+43
2.000000e-15 4.836338e+21 2.339017e+43
2.010000e-15 4.487055e+21 2.013366e+43
2.020000e-15 4.132293e+21 1.707585e+43
2.030000e-15 3.772712e+21 1.423336e+43
2.040000e-15 3.408989e+21 1.162121e+43
2.050000e-15 3.041822e+21 9.252680e+42
2.060000e-15 2.671921e+21 7.139163e+42
2.070000e-15 2.300014e+21 5.290064e+42
2.080000e-15 1.926839e+21 3.712708e+42
2.090000e-15 1.553145e+21 2.412260e+42
2.100000e-15 1.179691e+21 1.391672e+42
2.110000e-15 8.072425e+20 6.516404e+41
2.120000e-15 4.365682e+20 1.905918e+41
2.130000e-15 6.844135e+19 4.684219e+39
2.140000e-15 -2.963644e+20 8.783187e+40
2.150000e-15 -6.570769e+20 4.317500e+41
2.160000e-15 -1.012927e+21 1.026021e+42
2.170000e-15 -1.363152e+21 1.858183e+42
2.180000e-15 -1.706995e+21 2.913833e+42
2.190000e-15 -2.043711e+21 4.176757e+42
2.200000e-15 -2.372566e+21 5.629071e+42
2.210000e-15 -2.692840e+21 7.251385e+42
2.220000e-15 -3.003827e+21 9.022979e+42
2.230000e-15 -3.304844e+21 1.092199e+43
2.240000e-15 -3.595223e+21 1.292563e+43
2.250000e-15 -3.874322e+21 1.501037e+43
2.260000e-15 -4.141521e+21 1.715220e+43
2.270000e-15 -4.396228e+21 1.932682e+43
2.280000e-15 -4.637875e+21 2.150989e+43
2.290000e-15 -4.865929e+21 2.367726e+43
2.300000e-15 -5.079884e+21 2.580522e+43
2.310000e-15 -5.279270e+21 2.787069e+43
2.320000e-15 -5.463649e+21 2.985146e+43
2.330000e-15 -5.632621e+21 3.172642e+43
2.340000e-15 -5.785823e+21 3.347574e+43
2.350000e-15 -5.922929e+21 3.508109e+43
2.360000e-15 -6.043657e+21 3.652579e+43
2.370000e-15 -6.147760e+21 3.779496e+43
2.380000e-15 -6.235039e+21 3.887571e+43
2.390000e-15 -6.305332e+21 3.975722e+43
2.400000e-15 -6.358525e+21 4.043084e+43
2.410000e-15 -6.394545e+21 4.089021e+43
2.420000e-15 -6.413365e+21 4.113125e+43
2.430000e-15 -6.415002e+21 4.115225e+43
2.440000e-15 -6.399518e+21 4.095382e+43
2.450000e-15 -6.367020e+21 4.053894e+43
2.460000e-15 -6.317660e+21 3.991282e+43
2.470000e-15 -6.251635e+21 3.908294e+43
2.480000e-15 -6.169187e+21 3.805887e+43
2.490000e-15 -6.070600e+21 3.685219e+43
2.500000e-15 -5.956203e+21 3.547636e+43
2.510000e-15 -5.826368e+21 3.394656e+43
2.520000e-15 -5.681506e+21 3.227951e+43
2.530000e-15 -5.522071e+21 3.049327e+43
2.540000e-15 -5.348557e+21 2.860707e+43
2.550000e-15 -5.161495e+21 2.664103e+43
2.560000e-15 -4.961453e+21 2.461601e+43
2.570000e-15 -4.749034e+21 2.255332e+43
2.580000e-15 -4.524877e+21 2.047451e+43
2.590000e-15 -4.289650e+21 1.840110e+43
2.600000e-15 -4.044054e+21 1.635438e+43
2.610000e-15 -3.788818e+21 1.435514e+43
2.620000e-15 -3.524694e+21 1.242347e+43
2.630000e-15 -3.252463e+21 1.057852e+43
2.640000e-15 -2.972925e+21 8.838285e+42
2.650000e-15 -2.686901e+21 7.219436e+42
2.660000e-15 -2.395227e+21 5.737114e+42
2.670000e-15 -2.098758e+21 4.404785e+42
2.680000e-15 -1.798358e+21 3.234092e+42
2.690000e-15 -1.494903e+21 2.234735e+42
2.700000e-15 -1.189276e+21 1.414376e+42
2.710000e-15 -8.823634e+20 7.785652e+41
2.720000e-15 -5.750566e+20 3.306901e+41
2.730000e-15 -2.682448e+20 7.195525e+40
2.740000e-15 3.718534e+19 1.382749e+39
2.750000e-15 3.403526e+20 1.158399e+41
2.760000e-15 6.403840e+20 4.100917e+41
2.770000e-15 9.364175e+20 8.768778e+41
2.780000e-15 1.227604e+21 1.507012e+42
2.790000e-15 1.513112e+21 2.289507e+42
2.800000e-15 1.792125e+21 3.211711e+42
2.810000e-15 2.063850e+21 4.259478e+42
2.820000e-15 2.327518e+21 5.417340e+42
2.830000e-15 2.582383e+21 6.668700e+42
2.840000e-15 2.827728e+21 7.996043e+42
2.850000e-15 3.062866e+21 9.381145e+42
2.860000e-15 3.287142e+21 1.080530e+43
2.870000e-15 3.499935e+21 1.224954e+43
2.880000e-15 3.700660e+21 1.369488e+43
2.890000e-15 3.888770e+21 1.512253e+43
2.900000e-15 4.063756e+21 1.651411e+43
2.910000e-15 4.225151e+21 1.785190e+43
2.920000e-15 4.372531e+21 1.911903e+43
2.930000e-15 4.505513e+21 2.029965e+43
2.940000e-15 4.623762e+21 2.137918e+43
2.950000e-15 4.726986e+21 2.234440e+43
2.960000e-15 4.814940e+21 2.318365e+43
2.970000e-15 4.887428e+21 2.388696e+43
2.980000e-15 4.944300e+21 2.444611e+43
2.990000e-15 4.985456e+21 2.485477e+43
3.000000e-15 5.010841e+21 2.510853e+43
3.010000e-15 5.020454e+21 2.520496e+43
3.020000e-15 5.014338e+21 2.514358e+43
3.030000e-15 4.992586e+21 2.492592e+43
3.040000e-15 4.955341e+21 2.455540e+43
3.050000e-15 4.902790e+21 2.403735e+43
3.060000e-15 4.835170e+21 2.337886e+43
3.070000e-15 4.752762e+21 2.258874e+43
3.080000e-15 4.655893e+21 2.167734e+43
3.090000e-15 4.544935e+21 2.065644e+43
3.100000e-15 4.420302e+21 1.953907e+43
3.110000e-15 4.282450e+21 1.833938e+43
3.120000e-15 4.131873e+21 1.707237e+43
3.130000e-15 3.969106e+21 1.575380e+43
3.140000e-15 3.794719e+21 1.439990e+43
3.150000e-15 3.609319e+21 1.302718e+43
3.160000e-15 3.413542e+21 1.165227e+43
3.170000e-15 3.208057e+21 1.029163e+43
3.180000e-15 2.993563e+21 8.961419e+42
3.190000e-15 2.770782e+21 7.677233e+42
3.200000e-15 2.540462e+21 6.453949e+42
3.210000e-15 2.303373e+21 5.305526e+42
3.220000e-15 2.060301e+21 4.244841e+42
3.230000e-15 1.812052e+21 3.283531e+42
3.240000e-15 1.559443e+21 2.431862e+42
3.250000e-15 1.303304e+21 1.698601e+42
3.260000e-15 1.044472e+21 1.090922e+42
3.270000e-15 7.837917e+20 6.143294e+41
3.280000e-15 5.221089e+20 2.725977e+41
3.290000e-15 2.602706e+20 6.774080e+40
3.300000e-15 -8.786482e+17 7.720227e+35
3.310000e-15 -2.604996e+20 6.786007e+40
3.320000e-15 -5.177609e+20 2.680764e+41
3.330000e-15 -7.718416e+20 5.957395e+41
3.340000e-15 -1.021934e+21 1.044349e+42
3.350000e-15 -1.267246e+21 1.605912e+42
3.360000e-15 -1.507004e+21 2.271060e+42
3.370000e-15 -1.740454e+21 3.029182e+42
3.380000e-15 -1.966868e+21 3.868571e+42
3.390000e-15 -2.185541e+21 4.776590e+42
3.400000e-15 -2.395796e+21 5.739840e+42
3.410000e-15 -2.596987e+21 6.744340e+42
3.420000e-15 -2.788498e+21 7.775720e+42
3.430000e-15 -2.969748e+21 8.819405e+42
3.440000e-15 -3.140193e+21 9.860812e+42
3.450000e-15 -3.299324e+21 1.088554e+43
3.460000e-15 -3.446671e+21 1.187954e+43
3.470000e-15 -3.581807e+21 1.282934e+43
3.480000e-15 -3.704343e+21 1.372216e+43
3.490000e-15 -3.813936e+21 1.454611e+43
3.500000e-15 -3.910285e+21 1.529033e+43
3.510000e-15 -3.993133e+21 1.594511e+43
3.520000e-15 -4.062271e+21 1.650205e+43
3.530000e-15 -4.117534e+21 1.695409e+43
3.540000e-15 -4.158804e+21 1.729565e+43
3.550000e-15 -4.186010e+21 1.752268e+43
3.560000e-15 -4.199127e+21 1.763267e+43
3.570000e-15 -4.198177e+21 1.762469e+43
3.580000e-15 -4.183229e+21 1.749940e+43
3.590000e-15 -4.154397e+21 1.725902e+43
3.600000e-15 -4.111843e+21 1.690725e+43
3.610000e-15 -4.055771e+21 1.644928e+43
3.620000e-15 -3.986432e+21 1.589164e+43
3.630000e-15 -3.904117e+21 1.524213e+43
3.640000e-15 -3.809163e+21 1.450972e+43
3.650000e-15 -3.701944e+21 1.370439e+43
3.660000e-15 -3.582877e+21 1.283701e+43
3.670000e-15 -3.452414e+21 1.191916e+43
3.680000e-15 -3.311046e+21 1.096302e+43
3.690000e-15 -3.159296e+21 9.981151e+42
3.700000e-15 -2.997722e+21 8.986335e+42
3.710000e-15 -2.826911e+21 7.991425e+42
3.720000e-15 -2.647480e+21 7.009151e+42
3.730000e-15 -2.460073e+21 6.051957e+42
3.740000e-15 -2.265356e+21 5.131837e+42
3.750000e-15 -2.064019e+21 4.260176e+42
3.760000e-15 -1.856772e+21 3.447604e+42
3.770000e-15 -1.644341e+21 2.703857e+42
3.780000e-15 -1.427466e+21 2.037660e+42
3.790000e-15 -1.206901e+21 1.456611e+42
3.800000e-15 -9.834091e+20 9.670934e+41
3.810000e-15 -7.577589e+20 5.741985e+41
3.820000e-15 -5.307249e+20 2.816689e+41
3.830000e-15 -3.030826e+20 9.185909e+40
3.840000e-15 -7.560700e+19 5.716419e+39
3.850000e-15 1.509309e+20 2.278013e+40
3.860000e-15 3.757660e+20 1.412001e+41
3.870000e-15 5.981419e+20 3.577737e+41
3.880000e-15 8.173136e+20 6.680015e+41
3.890000e-15 1.032550e+21 1.066159e+42
3.900000e-15 1.243135e+21 1.545386e+42
3.910000e-15 1.448374e+21 2.097787e+42
3.920000e-15 1.647589e+21 2.714551e+42
3.930000e-15 1.840130e+21 3.386077e+42
3.940000e-15 2.025367e+21 4.102112e+42
3.950000e-15 2.202702e+21 4.851896e+42
3.960000e-15 2.371564e+21 5.624314e+42
3.970000e-15 2.531412e+21 6.408048e+42
3.980000e-15 2.681742e+21 7.191738e+42
3.990000e-15 2.822079e+21 7.964130e+42
4.000000e-15 2.951989e+21 8.714237e+42
4.010000e-15 3.071072e+21 9.431480e+42
4.020000e-15 3.178968e+21 1.010583e+43
4.030000e-15 3.275356e+21 1.072796e+43
4.040000e-15 3.359958e+21 1.128932e+43
4.050000e-15 3.432534e+21 1.178229e+43
4.060000e-15 3.492888e+21 1.220027e+43
4.070000e-15 3.540868e+21 1.253775e+43
4.080000e-15 3.576363e+21 1.279037e+43
4.090000e-15 3.599306e+21 1.295500e+43
4.100000e-15 3.609674e+21 1.302975e+43
4.110000e-15 3.607487e+21 1.301396e+43
4.120000e-15 3.592807e+21 1.290826e+43
4.130000e-15 3.565742e+21 1.271452e+43
4.140000e-15 3.526439e+21 1.243577e+43
4.150000e-15 3.475088e+21 1.207624e+43
4.160000e-15 3.411921e+21 1.164120e+43
4.170000e-15 3.337207e+21 1.113695e+43
4.180000e-15 3.251257e+21 1.057067e+43
4.190000e-15 3.154418e+21 9.950353e+42
4.200000e-15 3.047074e+21 9.284657e+42
4.210000e-15 2.929642e+21 8.582803e+42
4.220000e-15 2.802576e+21 7.854432e+42
4.230000e-15 2.666358e+21 7.109467e+42
4.240000e-15 2.521503e+21 6.357978e+42
4.250000e-15 2.368551e+21 5.610036e+42
4.260000e-15 2.208071e+21 4.875578e+42
4.270000e-15 2.040653e+21 4.164266e+42
4.280000e-15 1.866912e+21 3.485360e+42
4.290000e-15 1.687479e+21 2.847587e+42
4.300000e-15 1.503007e+21 2.259029e+42
4.310000e-15 1.314159e+21 1.727014e+42
4.320000e-15 1.121615e+21 1.258019e+42
4.330000e-15 9.260621e+20 8.575910e+41
4.340000e-15 7.281978e+20 5.302720e+41
4.350000e-15 5.287235e+20 2.795486e+41
4.360000e-15 3.283441e+20 1.078098e+41
4.370000e-15 1.277647e+20 1.632383e+40
4.380000e-15 -7.231115e+19 5.228903e+39
4.390000e-15 -2.711847e+20 7.354114e+40
4.400000e-15 -4.681638e+20 2.191774e+41
4.410000e-15 -6.625657e+20 4.389932e+41
4.420000e-15 -8.537190e+20 7.288360e+41
4.430000e-15 -1.040966e+21 1.083611e+42
4.440000e-15 -1.223667e+21 1.497360e+42
4.450000e-15 -1.401197e+21 1.963352e+42
4.460000e-15 -1.572954e+21 2.474186e+42
4.470000e-15 -1.738360e+21 3.021895e+42
4.480000e-15 -1.896857e+21 3.598067e+42
4.490000e-15 -2.047918e+21 4.193966e+42
4.500000e-15 -2.191040e+21 4.800655e+42
4.510000e-15 -2.325753e+21 5.409125e+42
4.520000e-15 -2.451616e+21 6.010421e+42
4.530000e-15 -2.568223e+21 6.595768e+42
4.540000e-15 -2.675200e+21 7.156693e+42
4.550000e-15 -2.772209e+21 7.685142e+42
4.560000e-15 -2.858949e+21 8.173589e+42
4.570000e-15 -2.935156e+21 8.615138e+42
4.580000e-15 -3.000603e+21 9.003617e+42
4.590000e-15 -3.055103e+21 9.333655e+42
4.600000e-15 -3.098509e+21 9.600756e+42
4.610000e-15 -3.130711e+21 9.801352e+42
4.620000e-15 -3.151642e+21 9.932848e+42
4.630000e-15 -3.161273e+21 9.993649e+42
4.640000e-15 -3.159617e+21 9.983178e+42
4.650000e-15 -3.146724e+21 9.901871e+42
4.660000e-15 -3.122686e+21 9.751167e+42
4.670000e-15 -3.087633e+21 9.533479e+42
4.680000e-15 -3.041735e+21 9.252151e+42
4.690000e-15 -2.985197e+21 8.911404e+42
4.700000e-15 -2.918265e+21 8.516268e+42
4.710000e-15 -2.841216e+21 8.072507e+42
4.720000e-15 -2.754366e+21 7.586531e+42
4.730000e-15 -2.658063e+21 7.065297e+42
4.740000e-15 -2.552687e+21 6.516210e+42
4.750000e-15 -2.438650e+21 5.947013e+42
4.760000e-15 -2.316392e+21 5.365672e+42
4.770000e-15 -2.186382e+21 4.780266e+42
4.780000e-15 -2.049114e+21 4.198866e+42
4.790000e-15 -1.905105e+21 3.629427e+42
4.800000e-15 -1.754898e+21 3.079666e+42
4.810000e-15 -1.599051e+21 2.556964e+42
4.820000e-15 -1.438144e+21 2.068259e+42
4.830000e-15 -1.272772e+21 1.619948e+42
4.840000e-15 -1.103543e+21 1.217806e+42
4.850000e-15 -9.310763e+20 8.669031e+41
4.860000e-15 -7.560027e+20 5.715400e+41
4.870000e-15 -5.789583e+20 3.351927e+41
4.880000e-15 -4.005845e+20 1.604679e+41
4.890000e-15 -2.215254e+20 4.907349e+40
4.900000e-15 -4.242501e+19 1.799882e+39
4.910000e-15 1.360745e+20 1.851626e+40
4.920000e-15 3.133354e+20 9.817906e+40
4.930000e-15 4.887266e+20 2.388537e+41
4.940000e-15 6.616260e+20 4.377489e+41
4.950000e-15 8.314223e+20 6.912630e+41
4.960000e-15 9.975176e+20 9.950413e+41
4.970000e-15 1.159329e+21 1.344044e+42
4.980000e-15 1.316292e+21 1.732624e+42
4.990000e-15 1.467859e+21 2.154611e+42
5.000000e-15 1.613507e+21 2.603406e+42
5.010000e-15 1.752734e+21 3.072075e+42
5.020000e-15 1.885061e+21 3.553456e+42
5.030000e-15 2.010040e+21 4.040259e+42
5.040000e-15 2.127246e+21 4.525176e+42
5.050000e-15 2.236287e+21 5.000980e+42
5.060000e-15 2.336800e+21 5.460634e+42
5.070000e-15 2.428454e+21 5.897389e+42
5.080000e-15 2.510951e+21 6.304876e+42
5.090000e-15 2.584028e+21 6.677199e+42
5.100000e-15 2.647454e+21 7.009014e+42
5.110000e-15 2.701037e+21 7.295602e+42
5.120000e-15 2.744619e+21 7.532935e+42
5.130000e-15 2.778079e+21 7.717725e+42
5.140000e-15 2.801333e+21 7.847469e+42
5.150000e-15 2.814334e+21 7.920478e+42
5.160000e-15 2.817072e+21 7.935897e+42
5.170000e-15 2.809575e+21 7.893711e+42
5.180000e-15 2.791906e+21 7.794737e+42
5.190000e-15 2.764165e+21 7.640611e+42
5.200000e-15 2.726491e+21 7.433753e+42
5.210000e-15 2.679054e+21 7.177332e+42
5.220000e-15 2.622062e+21 6.875210e+42
5.230000e-15 2.555755e+21 6.531886e+42
5.240000e-15 2.480408e+21 6.152423e+42
5.250000e-15 2.396325e+21 5.742372e+42
5.260000e-15 2.303842e+21 5.307689e+42
5.270000e-15 2.203326e+21 4.854645e+42
5.280000e-15 2.095169e+21 4.389734e+42
5.290000e-15 1.979792e+21 3.919576e+42
5.300000e-15 1.857639e+21 3.450821e+42
5.310000e-15 1.729177e+21 2.990054e+42
5.320000e-15 1.594897e+21 2.543697e+42
5.330000e-15 1.455307e+21 2.117919e+42
5.340000e-15 1.310934e+21 1.718547e+42
5.350000e-15 1.162319e+21 1.350985e+42
5.360000e-15 1.010018e+21 1.020137e+42
5.370000e-15 8.546002e+20 7.303415e+41
5.380000e-15 6.966413e+20 4.853091e+41
5.390000e-15 5.367261e+20 2.880749e+41
5.400000e-15 3.754446e+20 1.409586e+41
5.410000e-15 2.133897e+20 4.553515e+40
5.420000e-15 5.115530e+19 2.616865e+39
5.430000e-15 -1.106657e+20 1.224690e+40
5.440000e-15 -2.714840e+20 7.370356e+40
5.450000e-15 -4.307155e+20 1.855159e+41
5.460000e-15 -5.877839e+20 3.454899e+41
5.470000e-15 -7.421225e+20 5.507458e+41
5.480000e-15 -8.931761e+20 7.977635e+41
5.490000e-15 -1.040403e+21 1.082439e+42
5.500000e-15 -1.183279e+21 1.400149e+42
5.510000e-15 -1.321294e+21 1.745817e+42
5.520000e-15 -1.453959e+21 2.113998e+42
5.530000e-15 -1.580808e+21 2.498954e+42
5.540000e-15 -1.701394e+21 2.894741e+42
5.550000e-15 -1.815296e+21 3.295300e+42
5.560000e-15 -1.922119e+21 3.694543e+42
5.570000e-15 -2.021495e+21 4.086444e+42
5.580000e-15 -2.113084e+21 4.465125e+42
5.590000e-15 -2.196576e+21 4.824944e+42
5.600000e-15 -2.271689e+21 5.160573e+42
5.610000e-15 -2.338177e+21 5.467074e+42
5.620000e-15 -2.395824e+21 5.739971e+42
5.630000e-15 -2.444445e+21 5.975312e+42
5.640000e-15 -2.483892e+21 6.169721e+42
5.650000e-15 -2.514050e+21 6.320449e+42
5.660000e-15 -2.534838e+21 6.425404e+42
5.670000e-15 -2.546209e+21 6.483182e+42
5.680000e-15 -2.548153e+21 6.493082e+42
5.690000e-15 -2.540691e+21 6.455111e+42
5.700000e-15 -2.523882e+21 6.369981e+42
5.710000e-15 -2.497817e+21 6.239092e+42
5.720000e-15 -2.462623e+21 6.064511e+42
5.730000e-15 -2.418457e+21 5.848933e+42
5.740000e-15 -2.365510e+21 5.595639e+42
5.750000e-15 -2.304007e+21 5.308446e+42
5.760000e-15 -2.234199e+21 4.991647e+42
5.770000e-15 -2.156372e+21 4.649941e+42
5.780000e-15 -2.070838e+21 4.288368e+42
5.790000e-15 -1.977935e+21 3.912227e+42
5.800000e-15 -1.878031e+21 3.526999e+42
5.810000e-15 -1.771515e+21 3.138266e+42
5.820000e-15 -1.658803e+21 2.751626e+42
5.830000e-15 -1.540329e+21 2.372612e+42
5.840000e-15 -1.416549e+21 2.006610e+42
5.850000e-15 -1.287937e+21 1.658782e+42
5.860000e-15 -1.154984e+21 1.333987e+42
5.870000e-15 -1.018194e+21 1.036719e+42
5.880000e-15 -8.780858e+20 7.710346e+41
5.890000e-15 -7.351875e+20 5.405007e+41
5.900000e-15 -5.900368e+20 3.481434e+41
5.910000e-15 -4.431777e+20 1.964065e+41
5.920000e-15 -2.951594e+20 8.711909e+40
5.930000e-15 -1.465337e+20 2.147213e+40
5.940000e-15 2.146913e+18 4.609235e+36
5.950000e-15 1.503313e+20 2.259949e+40
5.960000e-15 2.974715e+20 8.848929e+40
5.970000e-15 4.430252e+20 1.962713e+41
5.980000e-15 5.864572e+20 3.439321e+41
5.990000e-15 7.272419e+20 5.288808e+41
6.000000e-15 8.648647e+20 7.479910e+41
6.010000e-15 9.988243e+20 9.976501e+41
6.020000e-15 1.128634e+21 1.273815e+42
6.030000e-15 1.253825e+21 1.572077e+42
6.040000e-15 1.373945e+21 1.887725e+42
6.050000e-15 1.488563e+21 2.215820e+42
6.060000e-15 1.597270e+21 2.551271e+42
6.070000e-15 1.699678e+21 2.888906e+42
6.080000e-15 1.795427e+21 3.223556e+42
6.090000e-15 1.884178e+21 3.550127e+42
6.100000e-15 1.965623e+21 3.863675e+42
6.110000e-15 2.039480e+21 4.159481e+42
6.120000e-15 2.105497e+21 4.433118e+42
6.130000e-15 2.163451e+21 4.680519e+42
6.140000e-15 2.213148e+21 4.898026e+42
6.150000e-15 2.254430e+21 5.082454e+42
6.160000e-15 2.287165e+21 5.231125e+42
6.170000e-15 2.311258e+21 5.341913e+42
6.180000e-15 2.326643e+21 5.413267e+42
6.190000e-15 2.333288e+21 5.444234e+42
6.200000e-15 2.331194e+21 5.434468e+42
6.210000e-15 2.320395e+21 5.384231e+42
6.220000e-15 2.300954e+21 5.294390e+42
6.230000e-15 2.272971e+21 5.166395e+42
6.240000e-15 2.236573e+21 5.002259e+42
6.250000e-15 2.191921e+21 4.804519e+42
6.260000e-15 2.139206e+21 4.576204e+42
6.270000e-15 2.078648e+21 4.320777e+42
6.280000e-15 2.010495e+21 4.042088e+42
6.290000e-15 1.935023e+21 3.744314e+42
6.300000e-15 1.852536e+21 3.431890e+42
6.310000e-15 1.763363e+21 3.109448e+42
6.320000e-15 1.667855e+21 2.781739e+42
6.330000e-15 1.566388e+21 2.453571e+42
6.340000e-15 1.459359e+21 2.129728e+42
6.350000e-15 1.347183e+21 1.814903e+42
6.360000e-15 1.230297e+21 1.513630e+42
6.370000e-15 1.109149e+21 1.230212e+42
6.380000e-15 9.842072e+20 9.686639e+41
6.390000e-15 8.559492e+20 7.326491e+41
6.400000e-15 7.248651e+20 5.254295e+41
6.410000e-15 5.914542e+20 3.498181e+41
6.420000e-15 4.562232e+20 2.081396e+41
6.430000e-15 3.196843e+20 1.021980e+41
6.440000e-15 1.823531e+20 3.325266e+40
6.450000e-15 4.474724e+19 2.002315e+39
6.460000e-15 -9.261630e+19 8.577780e+39
6.470000e-15 -2.292226e+20 5.254301e+40
6.480000e-15 -3.645610e+20 1.329047e+41
6.490000e-15 -4.981267e+20 2.481302e+41
6.500000e-15 -6.294231e+20 3.961735e+41
6.510000e-15 -7.579633e+20 5.745083e+41
6.520000e-15 -8.832718e+20 7.801690e+41
6.530000e-15 -1.004887e+21 1.009797e+42
6.540000e-15 -1.122361e+21 1.259694e+42
6.550000e-15 -1.235264e+21 1.525878e+42
6.560000e-15 -1.343185e+21 1.804145e+42
6.570000e-15 -1.445730e+21 2.090135e+42
6.580000e-15 -1.542529e+21 2.379395e+42
6.590000e-15 -1.633233e+21 2.667449e+42
6.600000e-15 -1.717517e+21 2.949866e+42
6.610000e-15 -1.795083e+21 3.222322e+42
6.620000e-15 -1.865655e+21 3.480668e+42
6.630000e-15 -1.928987e+21 3.720992e+42
6.640000e-15 -1.984861e+21 3.939673e+42
6.650000e-15 -2.033086e+21 4.133437e+42
6.660000e-15 -2.073500e+21 4.299403e+42
6.670000e-15 -2.105974e+21 4.435125e+42
6.680000e-15 -2.130405e+21 4.538626e+42
6.690000e-15 -2.146724e+21 4.608424e+42
6.700000e-15 -2.154891e+21 4.643553e+42
6.710000e-15 -2.154896e+21 4.643577e+42
6.720000e-15 -2.146762e+21 4.608589e+42
6.730000e-15 -2.130542e+21 4.539210e+42
6.740000e-15 -2.106318e+21 4.436576e+42
6.750000e-15 -2.074203e+21 4.302320e+42
6.760000e-15 -2.034340e+21 4.138541e+42
6.770000e-15 -1.986900e+21 3.947772e+42
6.780000e-15 -1.932082e+21 3.732940e+42
6.790000e-15 -1.870113e+21 3.497322e+42
6.800000e-15 -1.801246e+21 3.244487e+42
6.810000e-15 -1.725760e+21 2.978247e+42
6.820000e-15 -1.643958e+21 2.702596e+42
6.830000e-15 -1.556165e+21 2.421650e+42
6.840000e-15 -1.462730e+21 2.139579e+42
6.850000e-15 -1.364021e+21 1.860554e+42
6.860000e-15 -1.260425e+21 1.588672e+42
6.870000e-15 -1.152348e+21 1.327905e+42
6.880000e-15 -1.040209e+21 1.082035e+42
6.890000e-15 -9.244444e+20 8.545974e+41
6.900000e-15 -8.055015e+20 6.488326e+41
6.910000e-15 -6.838390e+20 4.676358e+41
6.920000e-15 -5.599248e+20 3.135158e+41
6.930000e-15 -4.342341e+20 1.885593e+41
6.940000e-15 -3.072477e+20 9.440113e+40
6.950000e-15 -1.794499e+20 3.220228e+40
6.960000e-15 -5.132729e+19 2.634491e+39
6.970000e-15 7.663386e+19 5.872748e+39
6.980000e-15 2.039489e+20 4.159516e+40
6.990000e-15 3.301369e+20 1.089904e+41
7.000000e-15 4.547224e+20 2.067724e+41
7.010000e-15 5.772370e+20 3.332026e+41
7.020000e-15 6.972215e+20 4.861178e+41
7.030000e-15 8.142273e+20 6.629661e+41
7.040000e-15 9.278183e+20 8.608468e+41
7.050000e-15 1.037572e+21 1.076556e+42
7.060000e-15 1.143083e+21 1.306638e+42
7.070000e-15 1.243960e+21 1.547436e+42
7.080000e-15 1.339833e+21 1.795153e+42
7.090000e-15 1.430351e+21 2.045905e+42
7.100000e-15 1.515184e+21 2.295784e+42
7.110000e-15 1.594025e+21 2.540916e+42
7.120000e-15 1.666589e+21 2.777520e+42
7.130000e-15 1.732618e+21 3.001964e+42
7.140000e-15 1.791876e+21 3.210820e+42
7.150000e-15 1.844157e+21 3.400914e+42
7.160000e-15 1.889279e+21 3.569375e+42
7.170000e-15 1.927090e+21 3.713674e+42
7.180000e-15 1.957464e+21 3.831664e+42
7.190000e-15 1.980305e+21 3.921609e+42
7.200000e-15 1.995546e+21 3.982205e+42
7.210000e-15 2.003149e+21 4.012605e+42
7.220000e-15 2.003103e+21 4.012422e+42
7.230000e-15 1.995429e+21 3.981738e+42
7.240000e-15 1.980176e+21 3.921097e+42
7.250000e-15 1.957421e+21 3.831496e+42
7.260000e-15 1.927270e+21 3.714368e+42
7.270000e-15 1.889856e+21 3.571556e+42
7.280000e-15 1.845341e+21 3.405284e+42
7.290000e-15 1.793913e+21 3.218123e+42
7.300000e-15 1.735784e+21 3.012947e+42
7.310000e-15 1.671194e+21 2.792890e+42
7.320000e-15 1.600405e+21 2.561298e+42
7.330000e-15 1.523703e+21 2.321672e+42
7.340000e-15 1.441395e+21 2.077621e+42
7.350000e-15 1.353809e+21 1.832800e+42
7.360000e-15 1.261293e+21 1.590860e+42
7.370000e-15 1.164211e+21 1.355388e+42
7.380000e-15 1.062946e+21 1.129854e+42
7.390000e-15 9.578940e+20 9.175610e+41
7.400000e-15 8.494658e+20 7.215921e+41
7.410000e-15 7.380833e+20 5.447670e+41
7.420000e-15 6.241791e+20 3.895996e+41
7.430000e-15 5.081942e+20 2.582613e+41
7.440000e-15 3.905764e+20 1.525500e+41
7.450000e-15 2.717789e+20 7.386376e+40
7.460000e-15 1.522580e+20 2.318249e+40
7.470000e-15 3.247179e+19 1.054417e+39
7.480000e-15 -8.712162e+19 7.590176e+39
7.490000e-15 -2.060661e+20 4.246323e+40
7.500000e-15 -3.239090e+20 1.049170e+41
7.510000e-15 -4.402030e+20 1.937787e+41
7.520000e-15 -5.545079e+20 3.074790e+41
7.530000e-15 -6.663918e+20 4.440781e+41
7.540000e-15 -7.754336e+20 6.012972e+41
7.550000e-15 -8.812235e+20 7.765549e+41
7.560000e-15 -9.833656e+20 9.670080e+41
7.570000e-15 -1.081479e+21 1.169596e+42
7.580000e-15 -1.175198e+21 1.381089e+42
7.590000e-15 -1.264175e+21 1.598139e+42
7.600000e-15 -1.348083e+21 1.817329e+42
7.610000e-15 -1.426614e+21 2.035227e+42
7.620000e-15 -1.499480e+21 2.248439e+42
7.630000e-15 -1.566416e+21 2.453660e+42
7.640000e-15 -1.627183e+21 2.647724e+42
7.650000e-15 -1.681562e+21 2.827652e+42
7.660000e-15 -1.729362e+21 2.990694e+42
7.670000e-15 -1.770416e+21 3.134375e+42
7.680000e-15 -1.804585e+21 3.256526e+42
7.690000e-15 -1.831753e+21 3.355321e+42
7.700000e-15 -1.851836e+21 3.429297e+42
7.710000e-15 -1.864773e+21 3.477380e+42
7.720000e-15 -1.870534e+21 3.498896e+42
7.730000e-15 -1.869113e+21 3.493583e+42
7.740000e-15 -1.860534e+21 3.461588e+42
7.750000e-15 -1.844849e+21 3.403466e+42
7.760000e-15 -1.822133e+21 3.320170e+42
7.770000e-15 -1.792494e+21 3.213033e+42
7.780000e-15 -1.756059e+21 3.083745e+42
7.790000e-15 -1.712988e+21 2.934327e+42
7.800000e-15 -1.663460e+21 2.767099e+42
7.810000e-15 -1.607682e+21 2.584641e+42
7.820000e-15 -1.545883e+21 2.389754e+42
7.830000e-15 -1.478314e+21 2.185413e+42
7.840000e-15 -1.405250e+21 1.974728e+42
7.850000e-15 -1.326983e+21 1.760885e+42
7.860000e-15 -1.243827e+21 1.547107e+42
7.870000e-15 -1.156113e+21 1.336597e+42
7.880000e-15 -1.064188e+21 1.132496e+42
7.890000e-15 -9.684148e+20 9.378273e+41
7.900000e-15 -8.691707e+20 7.554577e+41
7.910000e-15 -7.668447e+20 5.880507e+41
7.920000e-15 -6.618369e+20 4.380281e+41
7.930000e-15 -5.545568e+20 3.075332e+41
7.940000e-15 -4.454216e+20 1.984004e+41
7.950000e-15 -3.348545e+20 1.121275e+41
7.960000e-15 -2.232834e+20 4.985548e+40
7.970000e-15 -1.111389e+20 1.235185e+40
7.980000e-15 1.147306e+18 1.316310e+36
7.990000e-15 1.131438e+20 1.280152e+40
8.000000e-15 2.244214e+20 5.036496e+40
8.010000e-15 3.345547e+20 1.119269e+41
8.020000e-15 4.431238e+20 1.963587e+41
8.030000e-15 5.497156e+20 3.021872e+41
8.040000e-15 6.539257e+20 4.276188e+41
8.050000e-15 7.553597e+20 5.705683e+41
8.060000e-15 8.536349e+20 7.286926e+41
8.070000e-15 9.483817e+20 8.994278e+41
8.080000e-15 1.039245e+21 1.080029e+42
8.090000e-15 1.125884e+21 1.267616e+42
8.100000e-15 1.207978e+21 1.459211e+42
8.110000e-15 1.285222e+21 1.651795e+42
8.120000e-15 1.357331e+21 1.842346e+42
8.130000e-15 1.424040e+21 2.027889e+42
8.140000e-15 1.485106e+21 2.205539e+42
8.150000e-15 1.540308e+21 2.372550e+42
8.160000e-15 1.589449e+21 2.526349e+42
8.170000e-15 1.632354e+21 2.664581e+42
8.180000e-15 1.668874e+21 2.785141e+42
8.190000e-15 1.698883e+21 2.886205e+42
8.200000e-15 1.722283e+21 2.966258e+42
8.210000e-15 1.738998e+21 3.024115e+42
8.220000e-15 1.748982e+21 3.058938e+42
8.230000e-15 1.752212e+21 3.070246e+42
8.240000e-15 1.748691e+21 3.057921e+42
8.250000e-15 1.738451e+21 3.022211e+42
8.260000e-15 1.721546e+21 2.963719e+42
8.270000e-15 1.698057e+21 2.883398e+42
8.280000e-15 1.668091e+21 2.782529e+42
8.290000e-15 1.631780e+21 2.662705e+42
8.300000e-15 1.589276e+21 2.525800e+42
8.310000e-15 1.540761e+21 2.373943e+42
8.320000e-15 1.486433e+21 2.209483e+42
8.330000e-15 1.426517e+21 2.034951e+42
8.340000e-15 1.361256e+21 1.853019e+42
8.350000e-15 1.290915e+21 1.666462e+42
8.360000e-15 1.215776e+21 1.478112e+42
8.370000e-15 1.136140e+21 1.290815e+42
8.380000e-15 1.052325e+21 1.107387e+42
8.390000e-15 9.646621e+20 9.305730e+41
8.400000e-15 8.734992e+20 7.630009e+41
8.410000e-15 7.791954e+20 6.071454e+41
8.420000e-15 6.821211e+20 4.652892e+41
8.430000e-15 5.826567e+20 3.394889e+41
8.440000e-15 4.811911e+20 2.315448e+41
8.450000e-15 3.781195e+20 1.429744e+41
8.460000e-15 2.738429e+20 7.498991e+40
8.470000e-15 1.687655e+20 2.848181e+40
8.480000e-15 6.329417e+19 4.006151e+39
8.490000e-15 -4.216411e+19 1.777812e+39
8.500000e-15 -1.472031e+20 2.166876e+40
8.510000e-15 -2.514192e+20 6.321163e+40
8.520000e-15 -3.544130e+20 1.256085e+41
8.530000e-15 -4.557904e+20 2.077449e+41
8.540000e-15 -5.551648e+20 3.082080e+41
8.550000e-15 -6.521581e+20 4.253102e+41
8.560000e-15 -7.464022e+20 5.571162e+41
8.570000e-15 -8.375403e+20 7.014738e+41
8.580000e-15 -9.252287e+20 8.560482e+41
8.590000e-15 -1.009138e+21 1.018359e+42
8.600000e-15 -1.088953e+21 1.185818e+42
8.610000e-15 -1.164375e+21 1.355770e+42
8.620000e-15 -1.235126e+21 1.525536e+42
8.630000e-15 -1.300943e+21 1.692452e+42
8.640000e-15 -1.361583e+21 1.853908e+42
8.650000e-15 -1.416826e+21 2.007395e+42
8.660000e-15 -1.466470e+21 2.150535e+42
8.670000e-15 -1.510339e+21 2.281123e+42
8.680000e-15 -1.548275e+21 2.397155e+42
8.690000e-15 -1.580147e+21 2.496864e+42
8.700000e-15 -1.605846e+21 2.578741e+42
8.710000e-15 -1.625287e+21 2.641558e+42
8.720000e-15 -1.638410e+21 2.684388e+42
8.730000e-15 -1.645179e+21 2.706615e+42
8.740000e-15 -1.645583e+21 2.707944e+42
8.750000e-15 -1.639635e+21 2.688402e+42
8.760000e-15 -1.627372e+21 2.648341e+42
8.770000e-15 -1.608857e+21 2.588422e+42
8.780000e-15 -1.584176e+21 2.509614e+42
8.790000e-15 -1.553438e+21 2.413169e+42
8.800000e-15 -1.516775e+21 2.300607e+42
8.810000e-15 -1.474343e+21 2.173688e+42
8.820000e-15 -1.426319e+21 2.034387e+42
8.830000e-15 -1.372901e+21 1.884859e+42
8.840000e-15 -1.314308e+21 1.727406e+42
8.850000e-15 -1.250778e+21 1.564445e+42
8.860000e-15 -1.182566e+21 1.398463e+42
8.870000e-15 -1.109948e+21 1.231984e+42
8.880000e-15 -1.033213e+21 1.067529e+42
8.890000e-15 -9.526673e+20 9.075749e+41
8.900000e-15 -8.686303e+20 7.545185e+41
8.910000e-15 -7.814343e+20 6.106396e+41
8.920000e-15 -6.914233e+20 4.780662e+41
8.930000e-15 -5.989510e+20 3.587423e+41
8.940000e-15 -5.043800e+20 2.543992e+41
8.950000e-15 -4.080803e+20 1.665295e+41
8.960000e-15 -3.104274e+20 9.636518e+40
8.970000e-15 -2.118016e+20 4.485991e+40
8.980000e-15 -1.125858e+20 1.267556e+40
8.990000e-15 -1.316440e+19 1.733015e+38
9.000000e-15 8.607817e+19 7.409452e+39
9.010000e-15 1.847591e+20 3.413594e+40
9.020000e-15 2.824987e+20 7.980550e+40
9.030000e-15 3.789215e+20 1.435815e+41
9.040000e-15 4.736581e+20 2.243520e+41
9.050000e-15 5.663465e+20 3.207484e+41
9.060000e-15 6.566333e+20 4.311673e+41
9.070000e-15 7.441751e+20 5.537966e+41
9.080000e-15 8.286400e+20 6.866443e+41
9.090000e-15 9.097086e+20 8.275698e+41
9.100000e-15 9.870754e+20 9.743178e+41
9.110000e-15 1.060450e+21 1.124553e+42
9.120000e-15 1.129557e+21 1.275899e+42
9.130000e-15 1.194140e+21 1.425970e+42
9.140000e-15 1.253959e+21 1.572412e+42
9.150000e-15 1.308793e+21 1.712939e+42
9.160000e-15 1.358442e+21 1.845366e+42
9.170000e-15 1.402726e+21 1.967640e+42
9.180000e-15 1.441485e+21 2.077879e+42
9.190000e-15 1.474582e+21 2.174391e+42
9.200000e-15 1.501900e+21 2.255705e+42
9.210000e-15 1.523349e+21 2.320592e+42
9.220000e-15 1.538857e+21 2.368080e+42
9.230000e-15 1.548377e+21 2.397472e+42
9.240000e-15 1.551887e+21 2.408353e+42
9.250000e-15 1.549385e+21 2.400594e+42
9.260000e-15 1.540895e+21 2.374357e+42
9.270000e-15 1.526462e+21 2.330087e+42
9.280000e-15 1.506156e+21 2.268506e+42
9.290000e-15 1.480067e+21 2.190600e+42
9.300000e-15 1.448310e+21 2.097602e+42
9.310000e-15 1.411019e+21 1.990974e+42
9.320000e-15 1.368350e+21 1.872382e+42
9.330000e-15 1.320481e+21 1.743669e+42
9.340000e-15 1.267607e+21 1.606826e+42
9.350000e-15 1.209944e+21 1.463963e+42
9.360000e-15 1.147725e+21 1.317272e+42
9.370000e-15 1.081201e+21 1.168995e+42
9.380000e-15 1.010638e+21 1.021389e+42
9.390000e-15 9.363184e+20 8.766921e+41
9.400000e-15 8.585371e+20 7.370859e+41
9.410000e-15 7.776026e+20 6.046657e+41
9.420000e-15 6.938346e+20 4.814065e+41
9.430000e-15 6.075634e+20 3.691333e+41
9.440000e-15 5.191280e+20 2.694939e+41
9.450000e-15 4.288752e+20 1.839339e+41
9.460000e-15 3.371580e+20 1.136755e+41
9.470000e-15 2.443343e+20 5.969927e+40
9.480000e-15 1.507658e+20 2.273032e+40
9.490000e-15 5.681592e+19 3.228049e+39
9.500000e-15 -3.715089e+19 1.380188e+39
9.510000e-15 -1.307710e+20 1.710105e+40
9.520000e-15 -2.236829e+20 5.003402e+40
9.530000e-15 -3.155284e+20 9.955817e+40
9.540000e-15 -4.059544e+20 1.647990e+41
9.550000e-15 -4.946139e+20 2.446429e+41
9.560000e-15 -5.811675e+20 3.377556e+41
9.570000e-15 -6.652845e+20 4.426034e+41
9.580000e-15 -7.466444e+20 5.574779e+41
9.590000e-15 -8.249382e+20 6.805231e+41
9.600000e-15 -8.998691e+20 8.097644e+41
9.610000e-15 -9.711541e+20 9.431402e+41
9.620000e-15 -1.038525e+21 1.078534e+42
9.630000e-15 -1.101728e+21 1.213805e+42
9.640000e-15 -1.160529e+21 1.346827e+42
9.650000e-15 -1.214708e+21 1.475515e+42
9.660000e-15 -1.264065e+21 1.597860e+42
9.670000e-15 -1.308419e+21 1.711960e+42
9.680000e-15 -1.347609e+21 1.816049e+42
9.690000e-15 -1.381493e+21 1.908522e+42
9.700000e-15 -1.409951e+21 1.987961e+42
9.710000e-15 -1.432884e+21 2.053157e+42
9.720000e-15 -1.450215e+21 2.103123e+42
9.730000e-15 -1.461887e+21 2.137115e+42
9.740000e-15 -1.467868e+21 2.154637e+42
9.750000e-15 -1.468146e+21 2.155452e+42
9.760000e-15 -1.462731e+21 2.139581e+42
9.770000e-15 -1.451655e+21 2.107303e+42
9.780000e-15 -1.434974e+21 2.059150e+42
9.790000e-15 -1.412763e+21 1.995899e+42
9.800000e-15 -1.385119e+21 1.918555e+42
9.810000e-15 -1.352161e+21 1.828339e+42
9.820000e-15 -1.314026e+21 1.726665e+42
9.830000e-15 -1.270874e+21 1.615121e+42
9.840000e-15 -1.222881e+21 1.495439e+42
9.850000e-15 -1.170244e+21 1.369470e+42
9.860000e-15 -1.113175e+21 1.239158e+42
9.870000e-15 -1.051904e+21 1.106502e+42
9.880000e-15 -9.866774e+20 9.735323e+41
9.890000e-15 -9.177561e+20 8.422763e+41
9.900000e-15 -8.454144e+20 7.147255e+41
9.910000e-15 -7.699395e+20 5.928068e+41
9.920000e-15 -6.916302e+20 4.783524e+41
9.930000e-15 -6.107958e+20 3.730715e+41
9.940000e-15 -5.277546e+20 2.785249e+41
9.950000e-15 -4.428329e+20 1.961010e+41
9.960000e-15 -3.563637e+20 1.269951e+41
9.970000e-15 -2.686854e+20 7.219186e+40
9.980000e-15 -1.801404e+20 3.245055e+40
9.990000e-15 -9.107363e+19 8.294406e+39
1.000000e-14 -1.831628e+18 3.354862e+36
