0.000000e+00 nan nan
1.000000e-17 5.556144e+00 3.087073e+01
2.000000e-17 2.844429e+03 8.090774e+06
3.000000e-17 1.093291e+05 1.195285e+10
4.000000e-17 1.455698e+06 2.119058e+12
5.000000e-17 1.084217e+07 1.175527e+14
6.000000e-17 5.592038e+07 3.127089e+15
7.000000e-17 2.238111e+08 5.009141e+16
8.000000e-17 7.439903e+08 5.535216e+17
9.000000e-17 2.146179e+09 4.606085e+18
1.000000e-16 5.535759e+09 3.064463e+19
1.100000e-16 1.304287e+10 1.701163e+20
1.200000e-16 2.851672e+10 8.132035e+20
1.300000e-16 5.855393e+10 3.428563e+21
1.400000e-16 1.139682e+11 1.298875e+22
1.500000e-16 2.118293e+11 4.487165e+22
1.600000e-16 3.782213e+11 1.430513e+23
1.700000e-16 6.518924e+11 4.249637e+23
1.800000e-16 1.088995e+12 1.185909e+24
1.900000e-16 1.769137e+12 3.129844e+24
2.000000e-16 2.802998e+12 7.856799e+24
2.100000e-16 4.341789e+12 1.885113e+25
2.200000e-16 6.588850e+12 4.341294e+25
2.300000e-16 9.813746e+12 9.630961e+25
2.400000e-16 1.436920e+13 2.064740e+26
2.500000e-16 2.071129e+13 4.289577e+26
2.600000e-16 2.942331e+13 8.657310e+26
2.700000e-16 4.124374e+13 1.701046e+27
2.800000e-16 5.709891e+13 3.260286e+27
2.900000e-16 7.814076e+13 6.105979e+27
3.000000e-16 1.057903e+14 1.119159e+28
3.100000e-16 1.417874e+14 2.010366e+28
3.200000e-16 1.882473e+14 3.543705e+28
3.300000e-16 2.477252e+14 6.136775e+28
3.400000e-16 3.232880e+14 1.045152e+29
3.500000e-16 4.185966e+14 1.752231e+29
3.600000e-16 5.379958e+14 2.894395e+29
3.700000e-16 6.866166e+14 4.714424e+29
3.800000e-16 8.704883e+14 7.577499e+29
3.900000e-16 1.096663e+15 1.202670e+30
4.000000e-16 1.373354e+15 1.886102e+30
4.100000e-16 1.710086e+15 2.924393e+30
4.200000e-16 2.117858e+15 4.485324e+30
4.300000e-16 2.609333e+15 6.808616e+30
4.400000e-16 3.199023e+15 1.023375e+31
4.500000e-16 3.903514e+15 1.523742e+31
4.600000e-16 4.741695e+15 2.248367e+31
4.700000e-16 5.735008e+15 3.289032e+31
4.800000e-16 6.907723e+15 4.771663e+31
4.900000e-16 8.287228e+15 6.867815e+31
5.000000e-16 9.904348e+15 9.809612e+31
5.100000e-16 1.179368e+16 1.390909e+32
5.200000e-16 1.399395e+16 1.958306e+32
5.300000e-16 1.654841e+16 2.738499e+32
5.400000e-16 1.950525e+16 3.804546e+32
5.500000e-16 2.291801e+16 5.252350e+32
5.600000e-16 2.684609e+16 7.207123e+32
5.700000e-16 3.135521e+16 9.831490e+32
5.800000e-16 3.651795e+16 1.333561e+33
5.900000e-16 4.241431e+16 1.798974e+33
6.000000e-16 4.913227e+16 2.413980e+33
6.100000e-16 5.676843e+16 3.222655e+33
6.200000e-16 6.542866e+16 4.280910e+33
6.300000e-16 7.522877e+16 5.659368e+33
6.400000e-16 8.629523e+16 7.446867e+33
6.500000e-16 9.876594e+16 9.754711e+33
6.600000e-16 1.127910e+17 1.272181e+34
6.700000e-16 1.285335e+17 1.652086e+34
6.800000e-16 1.461705e+17 2.136580e+34
6.900000e-16 1.658937e+17 2.752072e+34
7.000000e-16 1.879107e+17 3.531042e+34
7.100000e-16 2.124456e+17 4.513314e+34
7.200000e-16 2.397404e+17 5.747547e+34
7.300000e-16 2.700557e+17 7.293009e+34
7.400000e-16 3.036720e+17 9.221667e+34
7.500000e-16 3.408907e+17 1.162064e+35
7.600000e-16 3.820353e+17 1.459510e+35
7.700000e-16 4.274528e+17 1.827159e+35
7.800000e-16 4.775146e+17 2.280202e+35
7.900000e-16 5.326180e+17 2.836820e+35
8.000000e-16 5.931875e+17 3.518715e+35
8.100000e-16 6.596761e+17 4.351726e+35
8.200000e-16 7.325667e+17 5.366540e+35
8.300000e-16 8.123736e+17 6.599508e+35
8.400000e-16 8.996438e+17 8.093589e+35
8.500000e-16 9.949587e+17 9.899428e+35
8.600000e-16 1.098936e+18 1.207659e+36
8.700000e-16 1.212229e+18 1.469500e+36
8.800000e-16 1.335533e+18 1.783649e+36
8.900000e-16 1.469582e+18 2.159671e+36
9.000000e-16 1.615152e+18 2.608716e+36
9.100000e-16 1.773064e+18 3.143757e+36
9.200000e-16 1.944186e+18 3.779858e+36
9.300000e-16 2.129430e+18 4.534471e+36
9.400000e-16 2.329760e+18 5.427781e+36
9.500000e-16 2.546191e+18 6.483086e+36
9.600000e-16 2.779789e+18 7.727228e+36
9.700000e-16 3.031678e+18 9.191071e+36
9.800000e-16 3.303036e+18 1.091004e+37
9.900000e-16 3.595099e+18 1.292474e+37
1.000000e-15 3.909167e+18 1.528158e+37
1.010000e-15 4.246598e+18 1.803359e+37
1.020000e-15 4.608817e+18 2.124119e+37
1.030000e-15 4.997314e+18 2.497315e+37
1.040000e-15 5.413647e+18 2.930758e+37
1.050000e-15 5.859446e+18 3.433311e+37
1.060000e-15 6.336410e+18 4.015009e+37
1.070000e-15 6.846313e+18 4.687200e+37
1.080000e-15 7.391005e+18 5.462695e+37
1.090000e-15 7.972413e+18 6.355936e+37
1.100000e-15 8.592544e+18 7.383181e+37
1.110000e-15 9.253487e+18 8.562702e+37
1.120000e-15 9.957413e+18 9.915007e+37
1.130000e-15 1.070658e+19 1.146308e+38
1.140000e-15 1.150333e+19 1.323265e+38
1.150000e-15 1.235009e+19 1.525247e+38
1.160000e-15 1.324939e+19 1.755463e+38
1.170000e-15 1.420384e+19 2.017491e+38
1.180000e-15 1.521615e+19 2.315312e+38
1.190000e-15 1.628912e+19 2.653355e+38
1.200000e-15 1.742565e+19 3.036534e+38
1.210000e-15 1.862874e+19 3.470301e+38
1.220000e-15 1.990149e+19 3.960694e+38
1.230000e-15 2.124710e+19 4.514391e+38
1.240000e-15 2.266886e+19 5.138770e+38
1.250000e-15 2.417018e+19 5.841974e+38
1.260000e-15 2.575456e+19 6.632975e+38
1.270000e-15 2.742563e+19 7.521654e+38
1.280000e-15 2.918711e+19 8.518873e+38
1.290000e-15 3.104281e+19 9.636563e+38
1.300000e-15 3.299669e+19 1.088781e+39
1.310000e-15 3.505278e+19 1.228697e+39
1.320000e-15 3.721523e+19 1.384973e+39
1.330000e-15 3.948832e+19 1.559327e+39
1.340000e-15 4.187641e+19 1.753634e+39
1.350000e-15 4.438400e+19 1.969939e+39
1.360000e-15 4.701567e+19 2.210473e+39
1.370000e-15 4.977613e+19 2.477663e+39
1.380000e-15 5.267020e+19 2.774150e+39
1.390000e-15 5.570281e+19 3.102803e+39
1.400000e-15 5.887898e+19 3.466734e+39
1.410000e-15 6.220385e+19 3.869319e+39
1.420000e-15 6.568269e+19 4.314216e+39
1.430000e-15 6.932085e+19 4.805380e+39
1.440000e-15 7.312379e+19 5.347089e+39
1.450000e-15 7.709708e+19 5.943960e+39
1.460000e-15 8.124639e+19 6.600976e+39
1.470000e-15 8.557750e+19 7.323508e+39
1.480000e-15 9.009627e+19 8.117338e+39
1.490000e-15 9.480868e+19 8.988685e+39
1.500000e-15 9.972078e+19 9.944235e+39
1.510000e-15 1.048388e+20 1.099116e+40
1.520000e-15 1.101688e+20 1.213717e+40
1.530000e-15 1.157174e+20 1.339051e+40
1.540000e-15 1.214907e+20 1.476000e+40
1.550000e-15 1.274955e+20 1.625511e+40
1.560000e-15 1.337382e+20 1.788592e+40
1.570000e-15 1.402256e+20 1.966321e+40
1.580000e-15 1.469642e+20 2.159849e+40
1.590000e-15 1.539611e+20 2.370401e+40
1.600000e-15 1.612229e+20 2.599282e+40
1.610000e-15 1.687566e+20 2.847879e+40
1.620000e-15 1.765692e+20 3.117669e+40
1.630000e-15 1.846678e+20 3.410219e+40
1.640000e-15 1.930593e+20 3.727189e+40
1.650000e-15 2.017509e+20 4.070343e+40
1.660000e-15 2.107498e+20 4.441546e+40
1.670000e-15 2.200630e+20 4.842773e+40
1.680000e-15 2.296979e+20 5.276111e+40
1.690000e-15 2.396615e+20 5.743765e+40
1.700000e-15 2.499612e+20 6.248062e+40
1.710000e-15 2.606042e+20 6.791454e+40
1.720000e-15 2.715976e+20 7.376528e+40
1.730000e-15 2.829488e+20 8.006003e+40
1.740000e-15 2.946649e+20 8.682739e+40
1.750000e-15 3.067530e+20 9.409743e+40
1.760000e-15 3.192204e+20 1.019017e+41
1.770000e-15 3.320742e+20 1.102733e+41
1.780000e-15 3.453214e+20 1.192469e+41
1.790000e-15 3.589691e+20 1.288588e+41
1.800000e-15 3.730241e+20 1.391470e+41
1.810000e-15 3.874935e+20 1.501512e+41
1.820000e-15 4.023840e+20 1.619129e+41
1.830000e-15 4.177023e+20 1.744752e+41
1.840000e-15 4.334551e+20 1.878834e+41
1.850000e-15 4.496490e+20 2.021842e+41
1.860000e-15 4.662903e+20 2.174267e+41
1.870000e-15 4.833855e+20 2.336615e+41
1.880000e-15 5.009406e+20 2.509414e+41
1.890000e-15 5.189617e+20 2.693212e+41
1.900000e-15 5.374547e+20 2.888576e+41
1.910000e-15 5.564255e+20 3.096093e+41
1.920000e-15 5.758795e+20 3.316372e+41
1.930000e-15 5.958223e+20 3.550042e+41
1.940000e-15 6.162590e+20 3.797751e+41
1.950000e-15 6.371947e+20 4.060171e+41
1.960000e-15 6.586343e+20 4.337991e+41
1.970000e-15 6.805824e+20 4.631924e+41
1.980000e-15 7.030435e+20 4.942702e+41
1.990000e-15 7.260218e+20 5.271077e+41
2.000000e-15 7.495213e+20 5.617821e+41
2.010000e-15 7.735456e+20 5.983728e+41
2.020000e-15 7.980984e+20 6.369610e+41
2.030000e-15 8.231827e+20 6.776298e+41
2.040000e-15 8.488016e+20 7.204642e+41
2.050000e-15 8.749578e+20 7.655512e+41
2.060000e-15 9.016537e+20 8.129794e+41
2.070000e-15 9.288914e+20 8.628391e+41
2.080000e-15 9.566726e+20 9.152224e+41
2.090000e-15 9.849989e+20 9.702228e+41
2.100000e-15 1.013871e+21 1.027935e+42
2.110000e-15 1.043291e+21 1.088456e+42
2.120000e-15 1.073258e+21 1.151884e+42
2.130000e-15 1.103774e+21 1.218316e+42
2.140000e-15 1.134836e+21 1.287853e+42
2.150000e-15 1.166446e+21 1.360597e+42
2.160000e-15 1.198603e+21 1.436648e+42
2.170000e-15 1.231304e+21 1.516109e+42
2.180000e-15 1.264549e+21 1.599083e+42
2.190000e-15 1.298335e+21 1.685673e+42
2.200000e-15 1.332660e+21 1.775983e+42
2.210000e-15 1.367522e+21 1.870115e+42
2.220000e-15 1.402916e+21 1.968175e+42
2.230000e-15 1.438841e+21 2.070263e+42
2.240000e-15 1.475291e+21 2.176484e+42
2.250000e-15 1.512263e+21 2.286938e+42
2.260000e-15 1.549751e+21 2.401728e+42
2.270000e-15 1.587750e+21 2.520951e+42
2.280000e-15 1.626256e+21 2.644708e+42
2.290000e-15 1.665261e+21 2.773094e+42
2.300000e-15 1.704760e+21 2.906206e+42
2.310000e-15 1.744745e+21 3.044135e+42
2.320000e-15 1.785210e+21 3.186973e+42
2.330000e-15 1.826146e+21 3.334808e+42
2.340000e-15 1.867545e+21 3.487726e+42
2.350000e-15 1.909400e+21 3.645808e+42
2.360000e-15 1.951701e+21 3.809135e+42
2.370000e-15 1.994438e+21 3.977782e+42
2.380000e-15 2.037602e+21 4.151820e+42
2.390000e-15 2.081182e+21 4.331318e+42
2.400000e-15 2.125168e+21 4.516340e+42
2.410000e-15 2.169549e+21 4.706944e+42
2.420000e-15 2.214313e+21 4.903184e+42
2.430000e-15 2.259449e+21 5.105109e+42
2.440000e-15 2.304943e+21 5.312764e+42
2.450000e-15 2.350784e+21 5.526186e+42
2.460000e-15 2.396958e+21 5.745408e+42
2.470000e-15 2.443451e+21 5.970455e+42
2.480000e-15 2.490250e+21 6.201347e+42
2.490000e-15 2.537340e+21 6.438097e+42
2.500000e-15 2.584707e+21 6.680711e+42
2.510000e-15 2.632335e+21 6.929189e+42
2.520000e-15 2.680209e+21 7.183521e+42
2.530000e-15 2.728313e+21 7.443692e+42
2.540000e-15 2.776631e+21 7.709679e+42
2.550000e-15 2.825146e+21 7.981449e+42
2.560000e-15 2.873841e+21 8.258963e+42
2.570000e-15 2.922699e+21 8.542172e+42
2.580000e-15 2.971703e+21 8.831020e+42
2.590000e-15 3.020834e+21 9.125441e+42
2.600000e-15 3.070075e+21 9.425360e+42
2.610000e-15 3.119406e+21 9.730695e+42
2.620000e-15 3.168809e+21 1.004135e+43
2.630000e-15 3.218265e+21 1.035723e+43
2.640000e-15 3.267754e+21 1.067821e+43
2.650000e-15 3.317256e+21 1.100419e+43
2.660000e-15 3.366752e+21 1.133502e+43
2.670000e-15 3.416221e+21 1.167057e+43
2.680000e-15 3.465644e+21 1.201069e+43
2.690000e-15 3.514998e+21 1.235521e+43
2.700000e-15 3.564264e+21 1.270398e+43
2.710000e-15 3.613420e+21 1.305680e+43
2.720000e-15 3.662445e+21 1.341350e+43
2.730000e-15 3.711317e+21 1.377387e+43
2.740000e-15 3.760015e+21 1.413771e+43
2.750000e-15 3.808516e+21 1.450480e+43
2.760000e-15 3.856800e+21 1.487491e+43
2.770000e-15 3.904843e+21 1.524780e+43
2.780000e-15 3.952624e+21 1.562323e+43
2.790000e-15 4.000119e+21 1.600096e+43
2.800000e-15 4.047308e+21 1.638070e+43
2.810000e-15 4.094166e+21 1.676219e+43
2.820000e-15 4.140671e+21 1.714516e+43
2.830000e-15 4.186802e+21 1.752931e+43
2.840000e-15 4.232534e+21 1.791434e+43
2.850000e-15 4.277845e+21 1.829995e+43
2.860000e-15 4.322712e+21 1.868584e+43
2.870000e-15 4.367112e+21 1.907167e+43
2.880000e-15 4.411023e+21 1.945712e+43
2.890000e-15 4.454421e+21 1.984187e+43
2.900000e-15 4.497284e+21 2.022556e+43
2.910000e-15 4.539588e+21 2.060786e+43
2.920000e-15 4.581312e+21 2.098842e+43
2.930000e-15 4.622432e+21 2.136688e+43
2.940000e-15 4.662926e+21 2.174287e+43
2.950000e-15 4.702770e+21 2.211605e+43
2.960000e-15 4.741943e+21 2.248603e+43
2.970000e-15 4.780423e+21 2.285244e+43
2.980000e-15 4.818186e+21 2.321492e+43
2.990000e-15 4.855211e+21 2.357308e+43
3.000000e-15 4.891476e+21 2.392654e+43
3.010000e-15 4.926959e+21 2.427493e+43
3.020000e-15 4.961639e+21 2.461786e+43
3.030000e-15 4.995493e+21 2.495495e+43
3.040000e-15 5.028500e+21 2.528582e+43
3.050000e-15 5.060640e+21 2.561008e+43
3.060000e-15 5.091892e+21 2.592736e+43
3.070000e-15 5.122234e+21 2.623728e+43
3.080000e-15 5.151647e+21 2.653947e+43
3.090000e-15 5.180110e+21 2.683354e+43
3.100000e-15 5.207604e+21 2.711913e+43
3.110000e-15 5.234108e+21 2.739588e+43
3.120000e-15 5.259603e+21 2.766342e+43
3.130000e-15 5.284070e+21 2.792140e+43
3.140000e-15 5.307491e+21 2.816946e+43
3.150000e-15 5.329847e+21 2.840727e+43
3.160000e-15 5.351120e+21 2.863449e+43
3.170000e-15 5.371292e+21 2.885077e+43
3.180000e-15 5.390345e+21 2.905582e+43
3.190000e-15 5.408263e+21 2.924931e+43
3.200000e-15 5.425028e+21 2.943093e+43
3.210000e-15 5.440625e+21 2.960040e+43
3.220000e-15 5.455037e+21 2.975743e+43
3.230000e-15 5.468249e+21 2.990174e+43
3.240000e-15 5.480245e+21 3.003309e+43
3.250000e-15 5.491011e+21 3.015121e+43
3.260000e-15 5.500533e+21 3.025586e+43
3.270000e-15 5.508796e+21 3.034684e+43
3.280000e-15 5.515788e+21 3.042391e+43
3.290000e-15 5.521494e+21 3.048690e+43
3.300000e-15 5.525903e+21 3.053560e+43
3.310000e-15 5.529002e+21 3.056987e+43
3.320000e-15 5.530781e+21 3.058953e+43
3.330000e-15 5.531227e+21 3.059447e+43
3.340000e-15 5.530330e+21 3.058455e+43
3.350000e-15 5.528080e+21 3.055966e+43
3.360000e-15 5.524467e+21 3.051974e+43
3.370000e-15 5.519483e+21 3.046469e+43
3.380000e-15 5.513118e+21 3.039448e+43
3.390000e-15 5.505366e+21 3.030905e+43
3.400000e-15 5.496218e+21 3.020841e+43
3.410000e-15 5.485667e+21 3.009254e+43
3.420000e-15 5.473707e+21 2.996147e+43
3.430000e-15 5.460332e+21 2.981523e+43
3.440000e-15 5.445538e+21 2.965388e+43
3.450000e-15 5.429318e+21 2.947750e+43
3.460000e-15 5.411671e+21 2.928618e+43
3.470000e-15 5.392591e+21 2.908004e+43
3.480000e-15 5.372077e+21 2.885921e+43
3.490000e-15 5.350125e+21 2.862384e+43
3.500000e-15 5.326735e+21 2.837410e+43
3.510000e-15 5.301905e+21 2.811019e+43
3.520000e-15 5.275635e+21 2.783232e+43
3.530000e-15 5.247925e+21 2.754071e+43
3.540000e-15 5.218776e+21 2.723562e+43
3.550000e-15 5.188190e+21 2.691732e+43
3.560000e-15 5.156169e+21 2.658608e+43
3.570000e-15 5.122716e+21 2.624222e+43
3.580000e-15 5.087834e+21 2.588605e+43
3.590000e-15 5.051527e+21 2.551793e+43
3.600000e-15 5.013801e+21 2.513820e+43
3.610000e-15 4.974661e+21 2.474725e+43
3.620000e-15 4.934112e+21 2.434546e+43
3.630000e-15 4.892163e+21 2.393326e+43
3.640000e-15 4.848819e+21 2.351105e+43
3.650000e-15 4.804091e+21 2.307929e+43
3.660000e-15 4.757986e+21 2.263843e+43
3.670000e-15 4.710514e+21 2.218894e+43
3.680000e-15 4.661686e+21 2.173131e+43
3.690000e-15 4.611511e+21 2.126604e+43
3.700000e-15 4.560003e+21 2.079363e+43
3.710000e-15 4.507174e+21 2.031462e+43
3.720000e-15 4.453036e+21 1.982953e+43
3.730000e-15 4.397603e+21 1.933891e+43
3.740000e-15 4.340890e+21 1.884332e+43
3.750000e-15 4.282911e+21 1.834333e+43
3.760000e-15 4.223683e+21 1.783950e+43
3.770000e-15 4.163223e+21 1.733242e+43
3.780000e-15 4.101546e+21 1.682268e+43
3.790000e-15 4.038672e+21 1.631087e+43
3.800000e-15 3.974619e+21 1.579759e+43
3.810000e-15 3.909405e+21 1.528345e+43
3.820000e-15 3.843052e+21 1.476905e+43
3.830000e-15 3.775579e+21 1.425499e+43
3.840000e-15 3.707007e+21 1.374190e+43
3.850000e-15 3.637360e+21 1.323039e+43
3.860000e-15 3.566659e+21 1.272105e+43
3.870000e-15 3.494927e+21 1.221451e+43
3.880000e-15 3.422189e+21 1.171137e+43
3.890000e-15 3.348468e+21 1.121224e+43
3.900000e-15 3.273791e+21 1.071771e+43
3.910000e-15 3.198182e+21 1.022837e+43
3.920000e-15 3.121669e+21 9.744818e+42
3.930000e-15 3.044278e+21 9.267629e+42
3.940000e-15 2.966037e+21 8.797376e+42
3.950000e-15 2.886974e+21 8.334619e+42
3.960000e-15 2.807118e+21 7.879911e+42
3.970000e-15 2.726498e+21 7.433791e+42
3.980000e-15 2.645144e+21 6.996787e+42
3.990000e-15 2.563087e+21 6.569414e+42
4.000000e-15 2.480357e+21 6.152171e+42
4.010000e-15 2.396986e+21 5.745544e+42
4.020000e-15 2.313007e+21 5.350001e+42
4.030000e-15 2.228451e+21 4.965995e+42
4.040000e-15 2.143352e+21 4.593958e+42
4.050000e-15 2.057743e+21 4.234306e+42
4.060000e-15 1.971658e+21 3.887436e+42
4.070000e-15 1.885132e+21 3.553722e+42
4.080000e-15 1.798199e+21 3.233519e+42
4.090000e-15 1.710894e+21 2.927160e+42
4.100000e-15 1.623254e+21 2.634954e+42
4.110000e-15 1.535314e+21 2.357189e+42
4.120000e-15 1.447111e+21 2.094129e+42
4.130000e-15 1.358680e+21 1.846012e+42
4.140000e-15 1.270060e+21 1.613053e+42
4.150000e-15 1.181288e+21 1.395441e+42
4.160000e-15 1.092401e+21 1.193340e+42
4.170000e-15 1.003437e+21 1.006886e+42
4.180000e-15 9.144344e+20 8.361902e+41
4.190000e-15 8.254314e+20 6.813371e+41
4.200000e-15 7.364668e+20 5.423833e+41
4.210000e-15 6.475792e+20 4.193588e+41
4.220000e-15 5.588075e+20 3.122658e+41
4.230000e-15 4.701910e+20 2.210795e+41
4.240000e-15 3.817687e+20 1.457473e+41
4.250000e-15 2.935801e+20 8.618925e+40
4.260000e-15 2.056644e+20 4.229786e+40
4.270000e-15 1.180613e+20 1.393847e+40
4.280000e-15 3.081015e+19 9.492654e+38
4.290000e-15 -5.604950e+19 3.141546e+39
4.300000e-15 -1.424781e+20 2.030002e+40
4.310000e-15 -2.284363e+20 5.218314e+40
4.320000e-15 -3.138845e+20 9.852350e+40
4.330000e-15 -3.987835e+20 1.590283e+41
4.340000e-15 -4.830940e+20 2.333798e+41
4.350000e-15 -5.667769e+20 3.212361e+41
4.360000e-15 -6.497932e+20 4.222313e+41
4.370000e-15 -7.321042e+20 5.359765e+41
4.380000e-15 -8.136712e+20 6.620608e+41
4.390000e-15 -8.944558e+20 8.000512e+41
4.400000e-15 -9.744200e+20 9.494943e+41
4.410000e-15 -1.053526e+21 1.109917e+42
4.420000e-15 -1.131736e+21 1.280826e+42
4.430000e-15 -1.209013e+21 1.461712e+42
4.440000e-15 -1.285319e+21 1.652046e+42
4.450000e-15 -1.360620e+21 1.851286e+42
4.460000e-15 -1.434877e+21 2.058872e+42
4.470000e-15 -1.508056e+21 2.274233e+42
4.480000e-15 -1.580121e+21 2.496783e+42
4.490000e-15 -1.651038e+21 2.725926e+42
4.500000e-15 -1.720771e+21 2.961054e+42
4.510000e-15 -1.789288e+21 3.201552e+42
4.520000e-15 -1.856555e+21 3.446796e+42
4.530000e-15 -1.922539e+21 3.696155e+42
4.540000e-15 -1.987208e+21 3.948994e+42
4.550000e-15 -2.050530e+21 4.204672e+42
4.560000e-15 -2.112474e+21 4.462548e+42
4.570000e-15 -2.173011e+21 4.721977e+42
4.580000e-15 -2.232110e+21 4.982316e+42
4.590000e-15 -2.289743e+21 5.242922e+42
4.600000e-15 -2.345881e+21 5.503157e+42
4.610000e-15 -2.400496e+21 5.762383e+42
4.620000e-15 -2.453563e+21 6.019971e+42
4.630000e-15 -2.505055e+21 6.275299e+42
4.640000e-15 -2.554946e+21 6.527749e+42
4.650000e-15 -2.603213e+21 6.776716e+42
4.660000e-15 -2.649831e+21 7.021605e+42
4.670000e-15 -2.694779e+21 7.261832e+42
4.680000e-15 -2.738033e+21 7.496827e+42
4.690000e-15 -2.779574e+21 7.726033e+42
4.700000e-15 -2.819381e+21 7.948911e+42
4.710000e-15 -2.857435e+21 8.164937e+42
4.720000e-15 -2.893718e+21 8.373605e+42
4.730000e-15 -2.928212e+21 8.574428e+42
4.740000e-15 -2.960902e+21 8.766939e+42
4.750000e-15 -2.991771e+21 8.950693e+42
4.760000e-15 -3.020805e+21 9.125265e+42
4.770000e-15 -3.047992e+21 9.290254e+42
4.780000e-15 -3.073318e+21 9.445284e+42
4.790000e-15 -3.096773e+21 9.590001e+42
4.800000e-15 -3.118345e+21 9.724078e+42
4.810000e-15 -3.138027e+21 9.847214e+42
4.820000e-15 -3.155809e+21 9.959132e+42
4.830000e-15 -3.171685e+21 1.005959e+43
4.840000e-15 -3.185649e+21 1.014836e+43
4.850000e-15 -3.197695e+21 1.022525e+43
4.860000e-15 -3.207820e+21 1.029011e+43
4.870000e-15 -3.216021e+21 1.034279e+43
4.880000e-15 -3.222296e+21 1.038319e+43
4.890000e-15 -3.226645e+21 1.041124e+43
4.900000e-15 -3.229069e+21 1.042688e+43
4.910000e-15 -3.229568e+21 1.043011e+43
4.920000e-15 -3.228147e+21 1.042093e+43
4.930000e-15 -3.224809e+21 1.039939e+43
4.940000e-15 -3.219559e+21 1.036556e+43
4.950000e-15 -3.212402e+21 1.031953e+43
4.960000e-15 -3.203348e+21 1.026144e+43
4.970000e-15 -3.192403e+21 1.019144e+43
4.980000e-15 -3.179578e+21 1.010972e+43
4.990000e-15 -3.164883e+21 1.001649e+43
5.000000e-15 -3.148330e+21 9.911984e+42
5.010000e-15 -3.129933e+21 9.796478e+42
5.020000e-15 -3.109704e+21 9.670258e+42
5.030000e-15 -3.087659e+21 9.533640e+42
5.040000e-15 -3.063815e+21 9.386963e+42
5.050000e-15 -3.038189e+21 9.230591e+42
5.060000e-15 -3.010799e+21 9.064908e+42
5.070000e-15 -2.981664e+21 8.890320e+42
5.080000e-15 -2.950806e+21 8.707255e+42
5.090000e-15 -2.918245e+21 8.516156e+42
5.100000e-15 -2.884006e+21 8.317488e+42
5.110000e-15 -2.848110e+21 8.111731e+42
5.120000e-15 -2.810583e+21 7.899379e+42
5.130000e-15 -2.771452e+21 7.680944e+42
5.140000e-15 -2.730741e+21 7.456947e+42
5.150000e-15 -2.688480e+21 7.227924e+42
5.160000e-15 -2.644697e+21 6.994420e+42
5.170000e-15 -2.599421e+21 6.756987e+42
5.180000e-15 -2.552683e+21 6.516189e+42
5.190000e-15 -2.504514e+21 6.272592e+42
5.200000e-15 -2.454948e+21 6.026769e+42
5.210000e-15 -2.404016e+21 5.779295e+42
5.220000e-15 -2.351754e+21 5.530749e+42
5.230000e-15 -2.298197e+21 5.281707e+42
5.240000e-15 -2.243379e+21 5.032748e+42
5.250000e-15 -2.187337e+21 4.784445e+42
5.260000e-15 -2.130110e+21 4.537369e+42
5.270000e-15 -2.071735e+21 4.292084e+42
5.280000e-15 -2.012250e+21 4.049151e+42
5.290000e-15 -1.951696e+21 3.809117e+42
5.300000e-15 -1.890113e+21 3.572525e+42
5.310000e-15 -1.827541e+21 3.339904e+42
5.320000e-15 -1.764022e+21 3.111772e+42
5.330000e-15 -1.699598e+21 2.888632e+42
5.340000e-15 -1.634312e+21 2.670974e+42
5.350000e-15 -1.568206e+21 2.459272e+42
5.360000e-15 -1.501326e+21 2.253981e+42
5.370000e-15 -1.433715e+21 2.055539e+42
5.380000e-15 -1.365418e+21 1.864366e+42
5.390000e-15 -1.296479e+21 1.680859e+42
5.400000e-15 -1.226946e+21 1.505396e+42
5.410000e-15 -1.156862e+21 1.338330e+42
5.420000e-15 -1.086276e+21 1.179995e+42
5.430000e-15 -1.015233e+21 1.030698e+42
5.440000e-15 -9.437804e+20 8.907214e+41
5.450000e-15 -8.719654e+20 7.603236e+41
5.460000e-15 -7.998353e+20 6.397365e+41
5.470000e-15 -7.274379e+20 5.291659e+41
5.480000e-15 -6.548208e+20 4.287902e+41
5.490000e-15 -5.820319e+20 3.387611e+41
5.500000e-15 -5.091193e+20 2.592025e+41
5.510000e-15 -4.361310e+20 1.902102e+41
5.520000e-15 -3.631151e+20 1.318526e+41
5.530000e-15 -2.901198e+20 8.416948e+40
5.540000e-15 -2.171930e+20 4.717281e+40
5.550000e-15 -1.443829e+20 2.084642e+40
5.560000e-15 -7.173732e+19 5.146243e+39
5.570000e-15 6.959159e+17 4.842990e+35
5.580000e-15 7.286918e+19 5.309917e+39
5.590000e-15 1.447350e+20 2.094822e+40
5.600000e-15 2.162462e+20 4.676243e+40
5.610000e-15 2.873558e+20 8.257336e+40
5.620000e-15 3.580171e+20 1.281763e+41
5.630000e-15 4.281838e+20 1.833414e+41
5.640000e-15 4.978099e+20 2.478147e+41
5.650000e-15 5.668498e+20 3.213187e+41
5.660000e-15 6.352582e+20 4.035530e+41
5.670000e-15 7.029905e+20 4.941956e+41
5.680000e-15 7.700023e+20 5.929036e+41
5.690000e-15 8.362500e+20 6.993141e+41
5.700000e-15 9.016903e+20 8.130454e+41
5.710000e-15 9.662805e+20 9.336981e+41
5.720000e-15 1.029979e+21 1.060856e+42
5.730000e-15 1.092743e+21 1.194088e+42
5.740000e-15 1.154534e+21 1.332949e+42
5.750000e-15 1.215310e+21 1.476979e+42
5.760000e-15 1.275033e+21 1.625709e+42
5.770000e-15 1.333663e+21 1.778658e+42
5.780000e-15 1.391164e+21 1.935337e+42
5.790000e-15 1.447498e+21 2.095249e+42
5.800000e-15 1.502628e+21 2.257890e+42
5.810000e-15 1.556520e+21 2.422754e+42
5.820000e-15 1.609139e+21 2.589327e+42
5.830000e-15 1.660451e+21 2.757097e+42
5.840000e-15 1.710424e+21 2.925550e+42
5.850000e-15 1.759026e+21 3.094173e+42
5.860000e-15 1.806227e+21 3.262456e+42
5.870000e-15 1.851997e+21 3.429891e+42
5.880000e-15 1.896306e+21 3.595977e+42
5.890000e-15 1.939128e+21 3.760218e+42
5.900000e-15 1.980436e+21 3.922127e+42
5.910000e-15 2.020204e+21 4.081225e+42
5.920000e-15 2.058408e+21 4.237044e+42
5.930000e-15 2.095025e+21 4.389128e+42
5.940000e-15 2.130032e+21 4.537034e+42
5.950000e-15 2.163408e+21 4.680333e+42
5.960000e-15 2.195133e+21 4.818611e+42
5.970000e-15 2.225190e+21 4.951470e+42
5.980000e-15 2.253559e+21 5.078530e+42
5.990000e-15 2.280226e+21 5.199431e+42
6.000000e-15 2.305174e+21 5.313829e+42
6.010000e-15 2.328391e+21 5.421404e+42
6.020000e-15 2.349862e+21 5.521854e+42
6.030000e-15 2.369578e+21 5.614900e+42
6.040000e-15 2.387527e+21 5.700287e+42
6.050000e-15 2.403702e+21 5.777782e+42
6.060000e-15 2.418093e+21 5.847176e+42
6.070000e-15 2.430696e+21 5.908283e+42
6.080000e-15 2.441504e+21 5.960944e+42
6.090000e-15 2.450515e+21 6.005024e+42
6.100000e-15 2.457725e+21 6.040413e+42
6.110000e-15 2.463134e+21 6.067028e+42
6.120000e-15 2.466741e+21 6.084811e+42
6.130000e-15 2.468548e+21 6.093729e+42
6.140000e-15 2.468558e+21 6.093776e+42
6.150000e-15 2.466774e+21 6.084972e+42
6.160000e-15 2.463201e+21 6.067360e+42
6.170000e-15 2.457847e+21 6.041012e+42
6.180000e-15 2.450719e+21 6.006023e+42
6.190000e-15 2.441826e+21 5.962512e+42
6.200000e-15 2.431178e+21 5.910625e+42
6.210000e-15 2.418786e+21 5.850528e+42
6.220000e-15 2.404665e+21 5.782414e+42
6.230000e-15 2.388827e+21 5.706495e+42
6.240000e-15 2.371288e+21 5.623008e+42
6.250000e-15 2.352065e+21 5.532209e+42
6.260000e-15 2.331174e+21 5.434374e+42
6.270000e-15 2.308636e+21 5.329799e+42
6.280000e-15 2.284469e+21 5.218800e+42
6.290000e-15 2.258696e+21 5.101707e+42
6.300000e-15 2.231338e+21 4.978869e+42
6.310000e-15 2.202419e+21 4.850650e+42
6.320000e-15 2.171964e+21 4.717427e+42
6.330000e-15 2.139998e+21 4.579591e+42
6.340000e-15 2.106548e+21 4.437544e+42
6.350000e-15 2.071642e+21 4.291699e+42
6.360000e-15 2.035308e+21 4.142478e+42
6.370000e-15 1.997577e+21 3.990313e+42
6.380000e-15 1.958479e+21 3.835640e+42
6.390000e-15 1.918046e+21 3.678901e+42
6.400000e-15 1.876311e+21 3.520544e+42
6.410000e-15 1.833308e+21 3.361018e+42
6.420000e-15 1.789071e+21 3.200774e+42
6.430000e-15 1.743635e+21 3.040262e+42
6.440000e-15 1.697037e+21 2.879933e+42
6.450000e-15 1.649313e+21 2.720235e+42
6.460000e-15 1.600503e+21 2.561609e+42
6.470000e-15 1.550643e+21 2.404495e+42
6.480000e-15 1.499775e+21 2.249324e+42
6.490000e-15 1.447937e+21 2.096521e+42
6.500000e-15 1.395170e+21 1.946499e+42
6.510000e-15 1.341516e+21 1.799665e+42
6.520000e-15 1.287017e+21 1.656412e+42
6.530000e-15 1.231715e+21 1.517121e+42
6.540000e-15 1.175653e+21 1.382160e+42
6.550000e-15 1.118875e+21 1.251881e+42
6.560000e-15 1.061425e+21 1.126623e+42
6.570000e-15 1.003347e+21 1.006706e+42
6.580000e-15 9.446869e+20 8.924334e+41
6.590000e-15 8.854892e+20 7.840912e+41
6.600000e-15 8.257997e+20 6.819452e+41
6.610000e-15 7.656644e+20 5.862420e+41
6.620000e-15 7.051295e+20 4.972076e+41
6.630000e-15 6.442414e+20 4.150470e+41
6.640000e-15 5.830468e+20 3.399436e+41
6.650000e-15 5.215926e+20 2.720588e+41
6.660000e-15 4.599255e+20 2.115315e+41
6.670000e-15 3.980929e+20 1.584779e+41
6.680000e-15 3.361416e+20 1.129912e+41
6.690000e-15 2.741189e+20 7.514117e+40
6.700000e-15 2.120719e+20 4.497449e+40
6.710000e-15 1.500477e+20 2.251430e+40
6.720000e-15 8.809319e+19 7.760410e+39
6.730000e-15 2.625538e+19 6.893450e+38
6.740000e-15 -3.541905e+19 1.254509e+39
6.750000e-15 -9.688357e+19 9.386425e+39
6.760000e-15 -1.580918e+20 2.499303e+40
6.770000e-15 -2.189978e+20 4.796005e+40
6.780000e-15 -2.795558e+20 7.815143e+40
6.790000e-15 -3.397202e+20 1.154098e+41
6.800000e-15 -3.994461e+20 1.595572e+41
6.810000e-15 -4.586888e+20 2.103954e+41
6.820000e-15 -5.174040e+20 2.677069e+41
6.830000e-15 -5.755480e+20 3.312555e+41
6.840000e-15 -6.330774e+20 4.007870e+41
6.850000e-15 -6.899496e+20 4.760305e+41
6.860000e-15 -7.461223e+20 5.566986e+41
6.870000e-15 -8.015540e+20 6.424889e+41
6.880000e-15 -8.562038e+20 7.330849e+41
6.890000e-15 -9.100312e+20 8.281567e+41
6.900000e-15 -9.629967e+20 9.273626e+41
6.910000e-15 -1.015061e+21 1.030350e+42
6.920000e-15 -1.066187e+21 1.136755e+42
6.930000e-15 -1.116337e+21 1.246207e+42
6.940000e-15 -1.165473e+21 1.358328e+42
6.950000e-15 -1.213561e+21 1.472731e+42
6.960000e-15 -1.260566e+21 1.589026e+42
6.970000e-15 -1.306453e+21 1.706819e+42
6.980000e-15 -1.351189e+21 1.825712e+42
6.990000e-15 -1.394743e+21 1.945308e+42
7.000000e-15 -1.437083e+21 2.065208e+42
7.010000e-15 -1.478179e+21 2.185014e+42
7.020000e-15 -1.518002e+21 2.304330e+42
7.030000e-15 -1.556524e+21 2.422766e+42
7.040000e-15 -1.593717e+21 2.539933e+42
7.050000e-15 -1.629555e+21 2.655450e+42
7.060000e-15 -1.664015e+21 2.768944e+42
7.070000e-15 -1.697071e+21 2.880048e+42
7.080000e-15 -1.728701e+21 2.988406e+42
7.090000e-15 -1.758883e+21 3.093670e+42
7.100000e-15 -1.787598e+21 3.195506e+42
7.110000e-15 -1.814825e+21 3.293591e+42
7.120000e-15 -1.840548e+21 3.387616e+42
7.130000e-15 -1.864748e+21 3.477286e+42
7.140000e-15 -1.887411e+21 3.562320e+42
7.150000e-15 -1.908522e+21 3.642455e+42
7.160000e-15 -1.928067e+21 3.717443e+42
7.170000e-15 -1.946036e+21 3.787054e+42
7.180000e-15 -1.962416e+21 3.851077e+42
7.190000e-15 -1.977200e+21 3.909318e+42
7.200000e-15 -1.990378e+21 3.961604e+42
7.210000e-15 -2.001944e+21 4.007778e+42
7.220000e-15 -2.011892e+21 4.047708e+42
7.230000e-15 -2.020218e+21 4.081279e+42
7.240000e-15 -2.026918e+21 4.108398e+42
7.250000e-15 -2.031992e+21 4.128992e+42
7.260000e-15 -2.035439e+21 4.143010e+42
7.270000e-15 -2.037258e+21 4.150422e+42
7.280000e-15 -2.037454e+21 4.151217e+42
7.290000e-15 -2.036028e+21 4.145409e+42
7.300000e-15 -2.032985e+21 4.133029e+42
7.310000e-15 -2.028332e+21 4.114132e+42
7.320000e-15 -2.022076e+21 4.088790e+42
7.330000e-15 -2.014224e+21 4.057099e+42
7.340000e-15 -2.004787e+21 4.019172e+42
7.350000e-15 -1.993776e+21 3.975142e+42
7.360000e-15 -1.981202e+21 3.925161e+42
7.370000e-15 -1.967079e+21 3.869400e+42
7.380000e-15 -1.951422e+21 3.808047e+42
7.390000e-15 -1.934246e+21 3.741307e+42
7.400000e-15 -1.915568e+21 3.669402e+42
7.410000e-15 -1.895407e+21 3.592567e+42
7.420000e-15 -1.873781e+21 3.511055e+42
7.430000e-15 -1.850711e+21 3.425132e+42
7.440000e-15 -1.826219e+21 3.335075e+42
7.450000e-15 -1.800326e+21 3.241175e+42
7.460000e-15 -1.773058e+21 3.143733e+42
7.470000e-15 -1.744437e+21 3.043061e+42
7.480000e-15 -1.714491e+21 2.939479e+42
7.490000e-15 -1.683246e+21 2.833317e+42
7.500000e-15 -1.650729e+21 2.724907e+42
7.510000e-15 -1.616970e+21 2.614593e+42
7.520000e-15 -1.581998e+21 2.502719e+42
7.530000e-15 -1.545844e+21 2.389635e+42
7.540000e-15 -1.508540e+21 2.275691e+42
7.550000e-15 -1.470116e+21 2.161242e+42
7.560000e-15 -1.430608e+21 2.046639e+42
7.570000e-15 -1.390049e+21 1.932235e+42
7.580000e-15 -1.348473e+21 1.818379e+42
7.590000e-15 -1.305916e+21 1.705417e+42
7.600000e-15 -1.262415e+21 1.593693e+42
7.610000e-15 -1.218007e+21 1.483542e+42
7.620000e-15 -1.172729e+21 1.375294e+42
7.630000e-15 -1.126620e+21 1.269272e+42
7.640000e-15 -1.079718e+21 1.165791e+42
7.650000e-15 -1.032063e+21 1.065155e+42
7.660000e-15 -9.836955e+20 9.676568e+41
7.670000e-15 -9.346553e+20 8.735806e+41
7.680000e-15 -8.849838e+20 7.831963e+41
7.690000e-15 -8.347224e+20 6.967615e+41
7.700000e-15 -7.839129e+20 6.145195e+41
7.710000e-15 -7.325977e+20 5.366994e+41
7.720000e-15 -6.808193e+20 4.635149e+41
7.730000e-15 -6.286206e+20 3.951639e+41
7.740000e-15 -5.760448e+20 3.318276e+41
7.750000e-15 -5.231352e+20 2.736705e+41
7.760000e-15 -4.699355e+20 2.208394e+41
7.770000e-15 -4.164895e+20 1.734635e+41
7.780000e-15 -3.628410e+20 1.316536e+41
7.790000e-15 -3.090340e+20 9.550203e+40
7.800000e-15 -2.551126e+20 6.508245e+40
7.810000e-15 -2.011208e+20 4.044959e+40
7.820000e-15 -1.471027e+20 2.163921e+40
7.830000e-15 -9.310231e+19 8.668039e+39
7.840000e-15 -3.916348e+19 1.533778e+39
7.850000e-15 1.466995e+19 2.152075e+38
7.860000e-15 6.835435e+19 4.672318e+39
7.870000e-15 1.218463e+20 1.484652e+40
7.880000e-15 1.751025e+20 3.066089e+40
7.890000e-15 2.280801e+20 5.202053e+40
7.900000e-15 2.807364e+20 7.881290e+40
7.910000e-15 3.330290e+20 1.109083e+41
7.920000e-15 3.849160e+20 1.481603e+41
7.930000e-15 4.363558e+20 1.904064e+41
7.940000e-15 4.873073e+20 2.374684e+41
7.950000e-15 5.377299e+20 2.891534e+41
7.960000e-15 5.875832e+20 3.452541e+41
7.970000e-15 6.368278e+20 4.055497e+41
7.980000e-15 6.854245e+20 4.698068e+41
7.990000e-15 7.333349e+20 5.377801e+41
8.000000e-15 7.805210e+20 6.092131e+41
8.010000e-15 8.269457e+20 6.838392e+41
8.020000e-15 8.725724e+20 7.613827e+41
8.030000e-15 9.173654e+20 8.415593e+41
8.040000e-15 9.612895e+20 9.240775e+41
8.050000e-15 1.004310e+21 1.008639e+42
8.060000e-15 1.046395e+21 1.094942e+42
8.070000e-15 1.087510e+21 1.182677e+42
8.080000e-15 1.127623e+21 1.271535e+42
8.090000e-15 1.166705e+21 1.361201e+42
8.100000e-15 1.204725e+21 1.451361e+42
8.110000e-15 1.241653e+21 1.541701e+42
8.120000e-15 1.277461e+21 1.631907e+42
8.130000e-15 1.312123e+21 1.721667e+42
8.140000e-15 1.345612e+21 1.810671e+42
8.150000e-15 1.377902e+21 1.898615e+42
8.160000e-15 1.408971e+21 1.985198e+42
8.170000e-15 1.438793e+21 2.070125e+42
8.180000e-15 1.467348e+21 2.153110e+42
8.190000e-15 1.494614e+21 2.233871e+42
8.200000e-15 1.520571e+21 2.312137e+42
8.210000e-15 1.545201e+21 2.387647e+42
8.220000e-15 1.568486e+21 2.460149e+42
8.230000e-15 1.590409e+21 2.529402e+42
8.240000e-15 1.610956e+21 2.595178e+42
8.250000e-15 1.630111e+21 2.657261e+42
8.260000e-15 1.647861e+21 2.715447e+42
8.270000e-15 1.664196e+21 2.769547e+42
8.280000e-15 1.679103e+21 2.819388e+42
8.290000e-15 1.692575e+21 2.864809e+42
8.300000e-15 1.704601e+21 2.905665e+42
8.310000e-15 1.715176e+21 2.941830e+42
8.320000e-15 1.724294e+21 2.973189e+42
8.330000e-15 1.731949e+21 2.999648e+42
8.340000e-15 1.738139e+21 3.021128e+42
8.350000e-15 1.742861e+21 3.037566e+42
8.360000e-15 1.746115e+21 3.048917e+42
8.370000e-15 1.747900e+21 3.055154e+42
8.380000e-15 1.748218e+21 3.056266e+42
8.390000e-15 1.747072e+21 3.052261e+42
8.400000e-15 1.744466e+21 3.043160e+42
8.410000e-15 1.740404e+21 3.029006e+42
8.420000e-15 1.734893e+21 3.009855e+42
8.430000e-15 1.727942e+21 2.985782e+42
8.440000e-15 1.719557e+21 2.956877e+42
8.450000e-15 1.709750e+21 2.923244e+42
8.460000e-15 1.698531e+21 2.885007e+42
8.470000e-15 1.685912e+21 2.842300e+42
8.480000e-15 1.671908e+21 2.795275e+42
8.490000e-15 1.656531e+21 2.744095e+42
8.500000e-15 1.639799e+21 2.688940e+42
8.510000e-15 1.621727e+21 2.629999e+42
8.520000e-15 1.602334e+21 2.567474e+42
8.530000e-15 1.581638e+21 2.501579e+42
8.540000e-15 1.559660e+21 2.432538e+42
8.550000e-15 1.536419e+21 2.360585e+42
8.560000e-15 1.511940e+21 2.285961e+42
8.570000e-15 1.486243e+21 2.208919e+42
8.580000e-15 1.459354e+21 2.129714e+42
8.590000e-15 1.431297e+21 2.048612e+42
8.600000e-15 1.402098e+21 1.965880e+42
8.610000e-15 1.371785e+21 1.881794e+42
8.620000e-15 1.340384e+21 1.796629e+42
8.630000e-15 1.307924e+21 1.710665e+42
8.640000e-15 1.274435e+21 1.624184e+42
8.650000e-15 1.239947e+21 1.537467e+42
8.660000e-15 1.204490e+21 1.450796e+42
8.670000e-15 1.168097e+21 1.364451e+42
8.680000e-15 1.130801e+21 1.278710e+42
8.690000e-15 1.092633e+21 1.193847e+42
8.700000e-15 1.053629e+21 1.110134e+42
8.710000e-15 1.013823e+21 1.027836e+42
8.720000e-15 9.732492e+20 9.472141e+41
8.730000e-15 9.319444e+20 8.685204e+41
8.740000e-15 8.899445e+20 7.920013e+41
8.750000e-15 8.472864e+20 7.178943e+41
8.760000e-15 8.040074e+20 6.464280e+41
8.770000e-15 7.601453e+20 5.778209e+41
8.780000e-15 7.157382e+20 5.122812e+41
8.790000e-15 6.708249e+20 4.500060e+41
8.800000e-15 6.254441e+20 3.911804e+41
8.810000e-15 5.796354e+20 3.359771e+41
8.820000e-15 5.334381e+20 2.845562e+41
8.830000e-15 4.868923e+20 2.370641e+41
8.840000e-15 4.400380e+20 1.936334e+41
8.850000e-15 3.929155e+20 1.543826e+41
8.860000e-15 3.455652e+20 1.194153e+41
8.870000e-15 2.980277e+20 8.882049e+40
8.880000e-15 2.503436e+20 6.267193e+40
8.890000e-15 2.025538e+20 4.102802e+40
8.900000e-15 1.546988e+20 2.393172e+40
8.910000e-15 1.068195e+20 1.141041e+40
8.920000e-15 5.895656e+19 3.475876e+39
8.930000e-15 1.115055e+19 1.243347e+38
8.940000e-15 -3.655803e+19 1.336490e+39
8.950000e-15 -8.412884e+19 7.077661e+39
8.960000e-15 -1.315217e+20 1.729796e+40
8.970000e-15 -1.786967e+20 3.193251e+40
8.980000e-15 -2.256141e+20 5.090174e+40
8.990000e-15 -2.722346e+20 7.411168e+40
9.000000e-15 -3.185190e+20 1.014544e+41
9.010000e-15 -3.644286e+20 1.328082e+41
9.020000e-15 -4.099250e+20 1.680385e+41
9.030000e-15 -4.549704e+20 2.069980e+41
9.040000e-15 -4.995271e+20 2.495273e+41
9.050000e-15 -5.435581e+20 2.954554e+41
9.060000e-15 -5.870270e+20 3.446008e+41
9.070000e-15 -6.298978e+20 3.967713e+41
9.080000e-15 -6.721350e+20 4.517655e+41
9.090000e-15 -7.137039e+20 5.093733e+41
9.100000e-15 -7.545702e+20 5.693762e+41
9.110000e-15 -7.947004e+20 6.315488e+41
9.120000e-15 -8.340617e+20 6.956589e+41
9.130000e-15 -8.726219e+20 7.614690e+41
9.140000e-15 -9.103496e+20 8.287364e+41
9.150000e-15 -9.472141e+20 8.972146e+41
9.160000e-15 -9.831857e+20 9.666540e+41
9.170000e-15 -1.018235e+21 1.036803e+42
9.180000e-15 -1.052334e+21 1.107408e+42
9.190000e-15 -1.085456e+21 1.178214e+42
9.200000e-15 -1.117573e+21 1.248970e+42
9.210000e-15 -1.148661e+21 1.319422e+42
9.220000e-15 -1.178694e+21 1.389320e+42
9.230000e-15 -1.207650e+21 1.458417e+42
9.240000e-15 -1.235504e+21 1.526470e+42
9.250000e-15 -1.262236e+21 1.593239e+42
9.260000e-15 -1.287824e+21 1.658491e+42
9.270000e-15 -1.312249e+21 1.721998e+42
9.280000e-15 -1.335492e+21 1.783540e+42
9.290000e-15 -1.357536e+21 1.842904e+42
9.300000e-15 -1.378363e+21 1.899885e+42
9.310000e-15 -1.397959e+21 1.954288e+42
9.320000e-15 -1.416308e+21 2.005927e+42
9.330000e-15 -1.433397e+21 2.054626e+42
9.340000e-15 -1.449214e+21 2.100221e+42
9.350000e-15 -1.463748e+21 2.142557e+42
9.360000e-15 -1.476988e+21 2.181494e+42
9.370000e-15 -1.488926e+21 2.216901e+42
9.380000e-15 -1.499554e+21 2.248663e+42
9.390000e-15 -1.508865e+21 2.276675e+42
9.400000e-15 -1.516854e+21 2.300846e+42
9.410000e-15 -1.523516e+21 2.321101e+42
9.420000e-15 -1.528848e+21 2.337376e+42
9.430000e-15 -1.532848e+21 2.349623e+42
9.440000e-15 -1.535515e+21 2.357805e+42
9.450000e-15 -1.536848e+21 2.361903e+42
9.460000e-15 -1.536851e+21 2.361910e+42
9.470000e-15 -1.535524e+21 2.357834e+42
9.480000e-15 -1.532872e+21 2.349696e+42
9.490000e-15 -1.528899e+21 2.337531e+42
9.500000e-15 -1.523611e+21 2.321391e+42
9.510000e-15 -1.517015e+21 2.301336e+42
9.520000e-15 -1.509120e+21 2.277444e+42
9.530000e-15 -1.499934e+21 2.249803e+42
9.540000e-15 -1.489469e+21 2.218517e+42
9.550000e-15 -1.477734e+21 2.183698e+42
9.560000e-15 -1.464743e+21 2.145473e+42
9.570000e-15 -1.450510e+21 2.103979e+42
9.580000e-15 -1.435048e+21 2.059364e+42
9.590000e-15 -1.418374e+21 2.011786e+42
9.600000e-15 -1.400505e+21 1.961413e+42
9.610000e-15 -1.381457e+21 1.908422e+42
9.620000e-15 -1.361249e+21 1.853000e+42
9.630000e-15 -1.339902e+21 1.795338e+42
9.640000e-15 -1.317436e+21 1.735637e+42
9.650000e-15 -1.293871e+21 1.674103e+42
9.660000e-15 -1.269232e+21 1.610950e+42
9.670000e-15 -1.243540e+21 1.546393e+42
9.680000e-15 -1.216821e+21 1.480654e+42
9.690000e-15 -1.189099e+21 1.413957e+42
9.700000e-15 -1.160400e+21 1.346528e+42
9.710000e-15 -1.130751e+21 1.278598e+42
9.720000e-15 -1.100179e+21 1.210394e+42
9.730000e-15 -1.068712e+21 1.142146e+42
9.740000e-15 -1.036380e+21 1.074084e+42
9.750000e-15 -1.003212e+21 1.006435e+42
9.760000e-15 -9.692386e+20 9.394235e+41
9.770000e-15 -9.344902e+20 8.732720e+41
9.780000e-15 -8.989988e+20 8.081988e+41
9.790000e-15 -8.627965e+20 7.444177e+41
9.800000e-15 -8.259160e+20 6.821372e+41
9.810000e-15 -7.883907e+20 6.215599e+41
9.820000e-15 -7.502543e+20 5.628816e+41
9.830000e-15 -7.115412e+20 5.062909e+41
9.840000e-15 -6.722860e+20 4.519685e+41
9.850000e-15 -6.325239e+20 4.000865e+41
9.860000e-15 -5.922904e+20 3.508080e+41
9.870000e-15 -5.516214e+20 3.042862e+41
9.880000e-15 -5.105530e+20 2.606644e+41
9.890000e-15 -4.691218e+20 2.200753e+41
9.900000e-15 -4.273645e+20 1.826404e+41
9.910000e-15 -3.853180e+20 1.484700e+41
9.920000e-15 -3.430196e+20 1.176624e+41
9.930000e-15 -3.005064e+20 9.030413e+40
9.940000e-15 -2.578161e+20 6.646915e+40
9.950000e-15 -2.149861e+20 4.621903e+40
9.960000e-15 -1.720540e+20 2.960259e+40
9.970000e-15 -1.290575e+20 1.665585e+40
9.980000e-15 -8.603422e+19 7.401888e+39
9.990000e-15 -4.302171e+19 1.850867e+39
1.000000e-14 -5.751112e+16 3.307529e+33
