0.000000e+00 nan nan
1.000000e-17 -1.310006e+01 1.716117e+02
2.000000e-17 -6.706422e+03 4.497609e+07
3.000000e-17 -2.577654e+05 6.644300e+10
4.000000e-17 -3.432027e+06 1.177881e+13
5.000000e-17 -2.556132e+07 6.533810e+14
6.000000e-17 -1.318323e+08 1.737976e+16
7.000000e-17 -5.276130e+08 2.783754e+17
8.000000e-17 -1.753802e+09 3.075820e+18
9.000000e-17 -5.058895e+09 2.559242e+19
1.000000e-16 -1.304790e+10 1.702477e+20
1.100000e-16 -3.074025e+10 9.449631e+20
1.200000e-16 -6.720510e+10 4.516525e+21
1.300000e-16 -1.379825e+11 1.903917e+22
1.400000e-16 -2.685432e+11 7.211543e+22
1.500000e-16 -4.990870e+11 2.490878e+23
1.600000e-16 -8.910315e+11 7.939371e+23
1.700000e-16 -1.535596e+12 2.358055e+24
1.800000e-16 -2.564945e+12 6.578941e+24
1.900000e-16 -4.166409e+12 1.735896e+25
2.000000e-16 -6.600377e+12 4.356498e+25
2.100000e-16 -1.022250e+13 1.044995e+26
2.200000e-16 -1.551092e+13 2.405887e+26
2.300000e-16 -2.309933e+13 5.335791e+26
2.400000e-16 -3.381668e+13 1.143568e+27
2.500000e-16 -4.873447e+13 2.375048e+27
2.600000e-16 -6.922264e+13 4.791774e+27
2.700000e-16 -9.701510e+13 9.411930e+27
2.800000e-16 -1.342860e+14 1.803274e+28
2.900000e-16 -1.837381e+14 3.375969e+28
3.000000e-16 -2.487041e+14 6.185375e+28
3.100000e-16 -3.332630e+14 1.110642e+29
3.200000e-16 -4.423721e+14 1.956930e+29
3.300000e-16 -5.820163e+14 3.387430e+29
3.400000e-16 -7.593775e+14 5.766542e+29
3.500000e-16 -9.830227e+14 9.663337e+29
3.600000e-16 -1.263116e+15 1.595463e+30
3.700000e-16 -1.611655e+15 2.597433e+30
3.800000e-16 -2.042730e+15 4.172745e+30
3.900000e-16 -2.572812e+15 6.619362e+30
4.000000e-16 -3.221075e+15 1.037532e+31
4.100000e-16 -4.009740e+15 1.607801e+31
4.200000e-16 -4.964460e+15 2.464586e+31
4.300000e-16 -6.114738e+15 3.739002e+31
4.400000e-16 -7.494378e+15 5.616571e+31
4.500000e-16 -9.141984e+15 8.357588e+31
4.600000e-16 -1.110149e+16 1.232431e+32
4.700000e-16 -1.342274e+16 1.801698e+32
4.800000e-16 -1.616210e+16 2.612134e+32
4.900000e-16 -1.938315e+16 3.757064e+32
5.000000e-16 -2.315738e+16 5.362644e+32
5.100000e-16 -2.756499e+16 7.598285e+32
5.200000e-16 -3.269565e+16 1.069006e+33
5.300000e-16 -3.864946e+16 1.493781e+33
5.400000e-16 -4.553783e+16 2.073694e+33
5.500000e-16 -5.348446e+16 2.860588e+33
5.600000e-16 -6.262645e+16 3.922073e+33
5.700000e-16 -7.311538e+16 5.345858e+33
5.800000e-16 -8.511845e+16 7.245151e+33
5.900000e-16 -9.881981e+16 9.765355e+33
6.000000e-16 -1.144218e+17 1.309235e+34
6.100000e-16 -1.321463e+17 1.746266e+34
6.200000e-16 -1.522364e+17 2.317592e+34
6.300000e-16 -1.749575e+17 3.061013e+34
6.400000e-16 -2.005993e+17 4.024008e+34
6.500000e-16 -2.294772e+17 5.265981e+34
6.600000e-16 -2.619343e+17 6.860959e+34
6.700000e-16 -2.983429e+17 8.900847e+34
6.800000e-16 -3.391064e+17 1.149932e+35
6.900000e-16 -3.846617e+17 1.479646e+35
7.000000e-16 -4.354807e+17 1.896434e+35
7.100000e-16 -4.920725e+17 2.421354e+35
7.200000e-16 -5.549860e+17 3.080095e+35
7.300000e-16 -6.248116e+17 3.903895e+35
7.400000e-16 -7.021838e+17 4.930622e+35
7.500000e-16 -7.877838e+17 6.206033e+35
7.600000e-16 -8.823413e+17 7.785262e+35
7.700000e-16 -9.866380e+17 9.734545e+35
7.800000e-16 -1.101509e+18 1.213323e+36
7.900000e-16 -1.227848e+18 1.507610e+36
8.000000e-16 -1.366605e+18 1.867609e+36
8.100000e-16 -1.518795e+18 2.306738e+36
8.200000e-16 -1.685498e+18 2.840903e+36
8.300000e-16 -1.867861e+18 3.488904e+36
8.400000e-16 -2.067103e+18 4.272913e+36
8.500000e-16 -2.284516e+18 5.219015e+36
8.600000e-16 -2.521472e+18 6.357822e+36
8.700000e-16 -2.779421e+18 7.725181e+36
8.800000e-16 -3.059897e+18 9.362969e+36
8.900000e-16 -3.364521e+18 1.132000e+37
9.000000e-16 -3.695006e+18 1.365307e+37
9.100000e-16 -4.053155e+18 1.642806e+37
9.200000e-16 -4.440870e+18 1.972133e+37
9.300000e-16 -4.860154e+18 2.362109e+37
9.400000e-16 -5.313110e+18 2.822914e+37
9.500000e-16 -5.801953e+18 3.366266e+37
9.600000e-16 -6.329003e+18 4.005628e+37
9.700000e-16 -6.896698e+18 4.756444e+37
9.800000e-16 -7.507590e+18 5.636391e+37
9.900000e-16 -8.164353e+18 6.665667e+37
1.000000e-15 -8.869785e+18 7.867309e+37
1.010000e-15 -9.626810e+18 9.267548e+37
1.020000e-15 -1.043848e+19 1.089620e+38
1.030000e-15 -1.130800e+19 1.278708e+38
1.040000e-15 -1.223867e+19 1.497850e+38
1.050000e-15 -1.323397e+19 1.751380e+38
1.060000e-15 -1.429751e+19 2.044189e+38
1.070000e-15 -1.543305e+19 2.381791e+38
1.080000e-15 -1.664449e+19 2.770389e+38
1.090000e-15 -1.793588e+19 3.216957e+38
1.100000e-15 -1.931143e+19 3.729315e+38
1.110000e-15 -2.077553e+19 4.316227e+38
1.120000e-15 -2.233269e+19 4.987492e+38
1.130000e-15 -2.398762e+19 5.754057e+38
1.140000e-15 -2.574515e+19 6.628130e+38
1.150000e-15 -2.761033e+19 7.623306e+38
1.160000e-15 -2.958835e+19 8.754704e+38
1.170000e-15 -3.168457e+19 1.003912e+39
1.180000e-15 -3.390452e+19 1.149516e+39
1.190000e-15 -3.625392e+19 1.314347e+39
1.200000e-15 -3.873866e+19 1.500684e+39
1.210000e-15 -4.136481e+19 1.711047e+39
1.220000e-15 -4.413860e+19 1.948216e+39
1.230000e-15 -4.706646e+19 2.215251e+39
1.240000e-15 -5.015498e+19 2.515522e+39
1.250000e-15 -5.341095e+19 2.852730e+39
1.260000e-15 -5.684133e+19 3.230937e+39
1.270000e-15 -6.045325e+19 3.654596e+39
1.280000e-15 -6.425404e+19 4.128582e+39
1.290000e-15 -6.825119e+19 4.658224e+39
1.300000e-15 -7.245236e+19 5.249345e+39
1.310000e-15 -7.686542e+19 5.908293e+39
1.320000e-15 -8.149838e+19 6.641986e+39
1.330000e-15 -8.635944e+19 7.457953e+39
1.340000e-15 -9.145696e+19 8.364376e+39
1.350000e-15 -9.679948e+19 9.370139e+39
1.360000e-15 -1.023957e+20 1.048488e+40
1.370000e-15 -1.082545e+20 1.171903e+40
1.380000e-15 -1.143848e+20 1.308388e+40
1.390000e-15 -1.207959e+20 1.459164e+40
1.400000e-15 -1.274970e+20 1.625549e+40
1.410000e-15 -1.344977e+20 1.808963e+40
1.420000e-15 -1.418075e+20 2.010937e+40
1.430000e-15 -1.494362e+20 2.233117e+40
1.440000e-15 -1.573936e+20 2.477275e+40
1.450000e-15 -1.656898e+20 2.745311e+40
1.460000e-15 -1.743348e+20 3.039263e+40
1.470000e-15 -1.833389e+20 3.361317e+40
1.480000e-15 -1.927124e+20 3.713809e+40
1.490000e-15 -2.024658e+20 4.099239e+40
1.500000e-15 -2.126094e+20 4.520277e+40
1.510000e-15 -2.231540e+20 4.979770e+40
1.520000e-15 -2.341101e+20 5.480754e+40
1.530000e-15 -2.454885e+20 6.026460e+40
1.540000e-15 -2.572999e+20 6.620325e+40
1.550000e-15 -2.695552e+20 7.266000e+40
1.560000e-15 -2.822651e+20 7.967361e+40
1.570000e-15 -2.954406e+20 8.728517e+40
1.580000e-15 -3.090925e+20 9.553819e+40
1.590000e-15 -3.232317e+20 1.044787e+41
1.600000e-15 -3.378690e+20 1.141554e+41
1.610000e-15 -3.530151e+20 1.246197e+41
1.620000e-15 -3.686811e+20 1.359257e+41
1.630000e-15 -3.848774e+20 1.481306e+41
1.640000e-15 -4.016148e+20 1.612945e+41
1.650000e-15 -4.189039e+20 1.754805e+41
1.660000e-15 -4.367552e+20 1.907551e+41
1.670000e-15 -4.551791e+20 2.071880e+41
1.680000e-15 -4.741857e+20 2.248521e+41
1.690000e-15 -4.937853e+20 2.438239e+41
1.700000e-15 -5.139877e+20 2.641834e+41
1.710000e-15 -5.348029e+20 2.860142e+41
1.720000e-15 -5.562404e+20 3.094034e+41
1.730000e-15 -5.783097e+20 3.344421e+41
1.740000e-15 -6.010198e+20 3.612248e+41
1.750000e-15 -6.243799e+20 3.898503e+41
1.760000e-15 -6.483987e+20 4.204209e+41
1.770000e-15 -6.730846e+20 4.530428e+41
1.780000e-15 -6.984457e+20 4.878265e+41
1.790000e-15 -7.244901e+20 5.248859e+41
1.800000e-15 -7.512252e+20 5.643393e+41
1.810000e-15 -7.786583e+20 6.063088e+41
1.820000e-15 -8.067964e+20 6.509204e+41
1.830000e-15 -8.356458e+20 6.983039e+41
1.840000e-15 -8.652128e+20 7.485933e+41
1.850000e-15 -8.955032e+20 8.019260e+41
1.860000e-15 -9.265222e+20 8.584434e+41
1.870000e-15 -9.582748e+20 9.182906e+41
1.880000e-15 -9.907654e+20 9.816161e+41
1.890000e-15 -1.023998e+21 1.048572e+42
1.900000e-15 -1.057976e+21 1.119314e+42
1.910000e-15 -1.092703e+21 1.193999e+42
1.920000e-15 -1.128181e+21 1.272791e+42
1.930000e-15 -1.164411e+21 1.355853e+42
1.940000e-15 -1.201396e+21 1.443353e+42
1.950000e-15 -1.239137e+21 1.535460e+42
1.960000e-15 -1.277633e+21 1.632345e+42
1.970000e-15 -1.316884e+21 1.734183e+42
1.980000e-15 -1.356889e+21 1.841148e+42
1.990000e-15 -1.397648e+21 1.953419e+42
2.000000e-15 -1.439157e+21 2.071172e+42
2.010000e-15 -1.481413e+21 2.194586e+42
2.020000e-15 -1.524415e+21 2.323840e+42
2.030000e-15 -1.568156e+21 2.459114e+42
2.040000e-15 -1.612633e+21 2.600586e+42
2.050000e-15 -1.657840e+21 2.748434e+42
2.060000e-15 -1.703771e+21 2.902835e+42
2.070000e-15 -1.750418e+21 3.063964e+42
2.080000e-15 -1.797775e+21 3.231995e+42
2.090000e-15 -1.845832e+21 3.407098e+42
2.100000e-15 -1.894582e+21 3.589440e+42
2.110000e-15 -1.944013e+21 3.779186e+42
2.120000e-15 -1.994115e+21 3.976496e+42
2.130000e-15 -2.044878e+21 4.181525e+42
2.140000e-15 -2.096288e+21 4.394424e+42
2.150000e-15 -2.148333e+21 4.615336e+42
2.160000e-15 -2.201000e+21 4.844400e+42
2.170000e-15 -2.254273e+21 5.081748e+42
2.180000e-15 -2.308138e+21 5.327502e+42
2.190000e-15 -2.362579e+21 5.581780e+42
2.200000e-15 -2.417579e+21 5.844688e+42
2.210000e-15 -2.473120e+21 6.116323e+42
2.220000e-15 -2.529185e+21 6.396775e+42
2.230000e-15 -2.585753e+21 6.686119e+42
2.240000e-15 -2.642806e+21 6.984423e+42
2.250000e-15 -2.700322e+21 7.291741e+42
2.260000e-15 -2.758281e+21 7.608115e+42
2.270000e-15 -2.816660e+21 7.933575e+42
2.280000e-15 -2.875437e+21 8.268136e+42
2.290000e-15 -2.934587e+21 8.611800e+42
2.300000e-15 -2.994087e+21 8.964555e+42
2.310000e-15 -3.053911e+21 9.326372e+42
2.320000e-15 -3.114034e+21 9.697206e+42
2.330000e-15 -3.174429e+21 1.007700e+43
2.340000e-15 -3.235069e+21 1.046567e+43
2.350000e-15 -3.295927e+21 1.086313e+43
2.360000e-15 -3.356974e+21 1.126927e+43
2.370000e-15 -3.418180e+21 1.168395e+43
2.380000e-15 -3.479516e+21 1.210703e+43
2.390000e-15 -3.540952e+21 1.253834e+43
2.400000e-15 -3.602457e+21 1.297770e+43
2.410000e-15 -3.663999e+21 1.342489e+43
2.420000e-15 -3.725546e+21 1.387970e+43
2.430000e-15 -3.787066e+21 1.434187e+43
2.440000e-15 -3.848525e+21 1.481115e+43
2.450000e-15 -3.909890e+21 1.528724e+43
2.460000e-15 -3.971127e+21 1.576985e+43
2.470000e-15 -4.032201e+21 1.625864e+43
2.480000e-15 -4.093077e+21 1.675328e+43
2.490000e-15 -4.153719e+21 1.725338e+43
2.500000e-15 -4.214093e+21 1.775858e+43
2.510000e-15 -4.274161e+21 1.826845e+43
2.520000e-15 -4.333888e+21 1.878258e+43
2.530000e-15 -4.393236e+21 1.930052e+43
2.540000e-15 -4.452169e+21 1.982180e+43
2.550000e-15 -4.510648e+21 2.034595e+43
2.560000e-15 -4.568638e+21 2.087245e+43
2.570000e-15 -4.626099e+21 2.140080e+43
2.580000e-15 -4.682995e+21 2.193044e+43
2.590000e-15 -4.739287e+21 2.246084e+43
2.600000e-15 -4.794936e+21 2.299141e+43
2.610000e-15 -4.849905e+21 2.352158e+43
2.620000e-15 -4.904156e+21 2.405074e+43
2.630000e-15 -4.957649e+21 2.457829e+43
2.640000e-15 -5.010348e+21 2.510358e+43
2.650000e-15 -5.062213e+21 2.562600e+43
2.660000e-15 -5.113206e+21 2.614488e+43
2.670000e-15 -5.163290e+21 2.665957e+43
2.680000e-15 -5.212427e+21 2.716939e+43
2.690000e-15 -5.260578e+21 2.767368e+43
2.700000e-15 -5.307706e+21 2.817174e+43
2.710000e-15 -5.353774e+21 2.866290e+43
2.720000e-15 -5.398745e+21 2.914645e+43
2.730000e-15 -5.442582e+21 2.962169e+43
2.740000e-15 -5.485248e+21 3.008794e+43
2.750000e-15 -5.526707e+21 3.054449e+43
2.760000e-15 -5.566924e+21 3.099065e+43
2.770000e-15 -5.605864e+21 3.142571e+43
2.780000e-15 -5.643490e+21 3.184898e+43
2.790000e-15 -5.679770e+21 3.225979e+43
2.800000e-15 -5.714669e+21 3.265744e+43
2.810000e-15 -5.748153e+21 3.304126e+43
2.820000e-15 -5.780190e+21 3.341060e+43
2.830000e-15 -5.810748e+21 3.376479e+43
2.840000e-15 -5.839795e+21 3.410320e+43
2.850000e-15 -5.867299e+21 3.442520e+43
2.860000e-15 -5.893231e+21 3.473018e+43
2.870000e-15 -5.917562e+21 3.501754e+43
2.880000e-15 -5.940261e+21 3.528670e+43
2.890000e-15 -5.961302e+21 3.553712e+43
2.900000e-15 -5.980656e+21 3.576824e+43
2.910000e-15 -5.998297e+21 3.597956e+43
2.920000e-15 -6.014199e+21 3.617059e+43
2.930000e-15 -6.028338e+21 3.634086e+43
2.940000e-15 -6.040690e+21 3.648993e+43
2.950000e-15 -6.051230e+21 3.661739e+43
2.960000e-15 -6.059938e+21 3.672285e+43
2.970000e-15 -6.066792e+21 3.680597e+43
2.980000e-15 -6.071772e+21 3.686641e+43
2.990000e-15 -6.074857e+21 3.690389e+43
3.000000e-15 -6.076031e+21 3.691815e+43
3.010000e-15 -6.075276e+21 3.690897e+43
3.020000e-15 -6.072574e+21 3.687616e+43
3.030000e-15 -6.067913e+21 3.681956e+43
3.040000e-15 -6.061276e+21 3.673907e+43
3.050000e-15 -6.052651e+21 3.663459e+43
3.060000e-15 -6.042027e+21 3.650609e+43
3.070000e-15 -6.029392e+21 3.635357e+43
3.080000e-15 -6.014737e+21 3.617706e+43
3.090000e-15 -5.998052e+21 3.597663e+43
3.100000e-15 -5.979332e+21 3.575241e+43
3.110000e-15 -5.958569e+21 3.550455e+43
3.120000e-15 -5.935759e+21 3.523324e+43
3.130000e-15 -5.910898e+21 3.493871e+43
3.140000e-15 -5.883983e+21 3.462125e+43
3.150000e-15 -5.855012e+21 3.428117e+43
3.160000e-15 -5.823986e+21 3.391881e+43
3.170000e-15 -5.790906e+21 3.353459e+43
3.180000e-15 -5.755773e+21 3.312892e+43
3.190000e-15 -5.718592e+21 3.270229e+43
3.200000e-15 -5.679367e+21 3.225521e+43
3.210000e-15 -5.638103e+21 3.178821e+43
3.220000e-15 -5.594810e+21 3.130189e+43
3.230000e-15 -5.549494e+21 3.079688e+43
3.240000e-15 -5.502165e+21 3.027382e+43
3.250000e-15 -5.452835e+21 2.973341e+43
3.260000e-15 -5.401516e+21 2.917637e+43
3.270000e-15 -5.348221e+21 2.860346e+43
3.280000e-15 -5.292965e+21 2.801547e+43
3.290000e-15 -5.235764e+21 2.741322e+43
3.300000e-15 -5.176635e+21 2.679755e+43
3.310000e-15 -5.115597e+21 2.616933e+43
3.320000e-15 -5.052670e+21 2.552947e+43
3.330000e-15 -4.987874e+21 2.487888e+43
3.340000e-15 -4.921231e+21 2.421852e+43
3.350000e-15 -4.852766e+21 2.354934e+43
3.360000e-15 -4.782503e+21 2.287233e+43
3.370000e-15 -4.710467e+21 2.218850e+43
3.380000e-15 -4.636685e+21 2.149885e+43
3.390000e-15 -4.561187e+21 2.080442e+43
3.400000e-15 -4.484000e+21 2.010626e+43
3.410000e-15 -4.405157e+21 1.940540e+43
3.420000e-15 -4.324687e+21 1.870292e+43
3.430000e-15 -4.242625e+21 1.799987e+43
3.440000e-15 -4.159005e+21 1.729732e+43
3.450000e-15 -4.073860e+21 1.659634e+43
3.460000e-15 -3.987229e+21 1.589799e+43
3.470000e-15 -3.899146e+21 1.520334e+43
3.480000e-15 -3.809652e+21 1.451345e+43
3.490000e-15 -3.718786e+21 1.382937e+43
3.500000e-15 -3.626587e+21 1.315213e+43
3.510000e-15 -3.533097e+21 1.248278e+43
3.520000e-15 -3.438359e+21 1.182231e+43
3.530000e-15 -3.342416e+21 1.117174e+43
3.540000e-15 -3.245312e+21 1.053205e+43
3.550000e-15 -3.147092e+21 9.904191e+42
3.560000e-15 -3.047803e+21 9.289105e+42
3.570000e-15 -2.947492e+21 8.687709e+42
3.580000e-15 -2.846206e+21 8.100888e+42
3.590000e-15 -2.743994e+21 7.529502e+42
3.600000e-15 -2.640905e+21 6.974381e+42
3.610000e-15 -2.536991e+21 6.436322e+42
3.620000e-15 -2.432301e+21 5.916087e+42
3.630000e-15 -2.326887e+21 5.414405e+42
3.640000e-15 -2.220803e+21 4.931967e+42
3.650000e-15 -2.114101e+21 4.469423e+42
3.660000e-15 -2.006834e+21 4.027384e+42
3.670000e-15 -1.899058e+21 3.606422e+42
3.680000e-15 -1.790827e+21 3.207061e+42
3.690000e-15 -1.682196e+21 2.829784e+42
3.700000e-15 -1.573222e+21 2.475027e+42
3.710000e-15 -1.463961e+21 2.143181e+42
3.720000e-15 -1.354469e+21 1.834586e+42
3.730000e-15 -1.244805e+21 1.549539e+42
3.740000e-15 -1.135025e+21 1.288282e+42
3.750000e-15 -1.025189e+21 1.051012e+42
3.760000e-15 -9.153530e+20 8.378712e+41
3.770000e-15 -8.055774e+20 6.489549e+41
3.780000e-15 -6.959203e+20 4.843051e+41
3.790000e-15 -5.864409e+20 3.439130e+41
3.800000e-15 -4.771984e+20 2.277184e+41
3.810000e-15 -3.682522e+20 1.356097e+41
3.820000e-15 -2.596615e+20 6.742409e+40
3.830000e-15 -1.514859e+20 2.294797e+40
3.840000e-15 -4.378480e+19 1.917109e+39
3.850000e-15 6.338233e+19 4.017319e+39
3.860000e-15 1.699561e+20 2.888509e+40
3.870000e-15 2.758774e+20 7.610834e+40
3.880000e-15 3.810870e+20 1.452273e+41
3.890000e-15 4.855261e+20 2.357356e+41
3.900000e-15 5.891359e+20 3.470812e+41
3.910000e-15 6.918582e+20 4.786678e+41
3.920000e-15 7.936348e+20 6.298562e+41
3.930000e-15 8.944080e+20 7.999658e+41
3.940000e-15 9.941206e+20 9.882757e+41
3.950000e-15 1.092716e+21 1.194027e+42
3.960000e-15 1.190137e+21 1.416425e+42
3.970000e-15 1.286328e+21 1.654639e+42
3.980000e-15 1.381234e+21 1.907806e+42
3.990000e-15 1.474800e+21 2.175034e+42
4.000000e-15 1.566972e+21 2.455401e+42
4.010000e-15 1.657697e+21 2.747959e+42
4.020000e-15 1.746922e+21 3.051737e+42
4.030000e-15 1.834595e+21 3.365740e+42
4.040000e-15 1.920666e+21 3.688958e+42
4.050000e-15 2.005083e+21 4.020359e+42
4.060000e-15 2.087798e+21 4.358903e+42
4.070000e-15 2.168763e+21 4.703532e+42
4.080000e-15 2.247929e+21 5.053185e+42
4.090000e-15 2.325251e+21 5.406791e+42
4.100000e-15 2.400683e+21 5.763277e+42
4.110000e-15 2.474180e+21 6.121568e+42
4.120000e-15 2.545701e+21 6.480592e+42
4.130000e-15 2.615202e+21 6.839279e+42
4.140000e-15 2.682642e+21 7.196571e+42
4.150000e-15 2.747984e+21 7.551414e+42
4.160000e-15 2.811187e+21 7.902772e+42
4.170000e-15 2.872215e+21 8.249620e+42
4.180000e-15 2.931033e+21 8.590953e+42
4.190000e-15 2.987605e+21 8.925787e+42
4.200000e-15 3.041900e+21 9.253157e+42
4.210000e-15 3.093886e+21 9.572129e+42
4.220000e-15 3.143532e+21 9.881793e+42
4.230000e-15 3.190810e+21 1.018127e+43
4.240000e-15 3.235694e+21 1.046971e+43
4.250000e-15 3.278157e+21 1.074631e+43
4.260000e-15 3.318175e+21 1.101029e+43
4.270000e-15 3.355727e+21 1.126091e+43
4.280000e-15 3.390792e+21 1.149747e+43
4.290000e-15 3.423351e+21 1.171933e+43
4.300000e-15 3.453385e+21 1.192587e+43
4.310000e-15 3.480881e+21 1.211653e+43
4.320000e-15 3.505823e+21 1.229079e+43
4.330000e-15 3.528199e+21 1.244819e+43
4.340000e-15 3.547998e+21 1.258829e+43
4.350000e-15 3.565213e+21 1.271074e+43
4.360000e-15 3.579836e+21 1.281522e+43
4.370000e-15 3.591861e+21 1.290146e+43
4.380000e-15 3.601285e+21 1.296925e+43
4.390000e-15 3.608106e+21 1.301843e+43
4.400000e-15 3.612326e+21 1.304890e+43
4.410000e-15 3.613944e+21 1.306059e+43
4.420000e-15 3.612966e+21 1.305352e+43
4.430000e-15 3.609397e+21 1.302775e+43
4.440000e-15 3.603244e+21 1.298337e+43
4.450000e-15 3.594517e+21 1.292055e+43
4.460000e-15 3.583226e+21 1.283951e+43
4.470000e-15 3.569385e+21 1.274051e+43
4.480000e-15 3.553008e+21 1.262386e+43
4.490000e-15 3.534112e+21 1.248994e+43
4.500000e-15 3.512715e+21 1.233916e+43
4.510000e-15 3.488837e+21 1.217198e+43
4.520000e-15 3.462501e+21 1.198891e+43
4.530000e-15 3.433730e+21 1.179050e+43
4.540000e-15 3.402549e+21 1.157734e+43
4.550000e-15 3.368986e+21 1.135007e+43
4.560000e-15 3.333071e+21 1.110936e+43
4.570000e-15 3.294833e+21 1.085592e+43
4.580000e-15 3.254305e+21 1.059050e+43
4.590000e-15 3.211522e+21 1.031387e+43
4.600000e-15 3.166519e+21 1.002684e+43
4.610000e-15 3.119334e+21 9.730242e+42
4.620000e-15 3.070005e+21 9.424932e+42
4.630000e-15 3.018574e+21 9.111790e+42
4.640000e-15 2.965083e+21 8.791718e+42
4.650000e-15 2.909576e+21 8.465631e+42
4.660000e-15 2.852097e+21 8.134460e+42
4.670000e-15 2.792695e+21 7.799145e+42
4.680000e-15 2.731417e+21 7.460636e+42
4.690000e-15 2.668312e+21 7.119889e+42
4.700000e-15 2.603432e+21 6.777859e+42
4.710000e-15 2.536830e+21 6.435506e+42
4.720000e-15 2.468558e+21 6.093781e+42
4.730000e-15 2.398673e+21 5.753633e+42
4.740000e-15 2.327230e+21 5.416000e+42
4.750000e-15 2.254287e+21 5.081808e+42
4.760000e-15 2.179901e+21 4.751970e+42
4.770000e-15 2.104134e+21 4.427380e+42
4.780000e-15 2.027045e+21 4.108912e+42
4.790000e-15 1.948697e+21 3.797418e+42
4.800000e-15 1.869151e+21 3.493725e+42
4.810000e-15 1.788472e+21 3.198632e+42
4.820000e-15 1.706724e+21 2.912907e+42
4.830000e-15 1.623972e+21 2.637286e+42
4.840000e-15 1.540283e+21 2.372472e+42
4.850000e-15 1.455723e+21 2.119130e+42
4.860000e-15 1.370360e+21 1.877885e+42
4.870000e-15 1.284261e+21 1.649326e+42
4.880000e-15 1.197495e+21 1.433995e+42
4.890000e-15 1.110132e+21 1.232393e+42
4.900000e-15 1.022241e+21 1.044976e+42
4.910000e-15 9.338916e+20 8.721536e+41
4.920000e-15 8.451546e+20 7.142863e+41
4.930000e-15 7.561004e+20 5.716879e+41
4.940000e-15 6.667999e+20 4.446221e+41
4.950000e-15 5.773240e+20 3.333030e+41
4.960000e-15 4.877439e+20 2.378941e+41
4.970000e-15 3.981307e+20 1.585080e+41
4.980000e-15 3.085555e+20 9.520651e+40
4.990000e-15 2.190896e+20 4.800025e+40
5.000000e-15 1.298038e+20 1.684903e+40
5.010000e-15 4.076906e+19 1.662117e+39
5.020000e-15 -4.794412e+19 2.298638e+39
5.030000e-15 -1.362654e+20 1.856826e+40
5.040000e-15 -2.241249e+20 5.023197e+40
5.050000e-15 -3.114530e+20 9.700297e+40
5.060000e-15 -3.981807e+20 1.585478e+41
5.070000e-15 -4.842393e+20 2.344877e+41
5.080000e-15 -5.695610e+20 3.243997e+41
5.090000e-15 -6.540783e+20 4.278184e+41
5.100000e-15 -7.377246e+20 5.442376e+41
5.110000e-15 -8.204341e+20 6.731121e+41
5.120000e-15 -9.021415e+20 8.138592e+41
5.130000e-15 -9.827826e+20 9.658616e+41
5.140000e-15 -1.062294e+21 1.128469e+42
5.150000e-15 -1.140614e+21 1.300999e+42
5.160000e-15 -1.217680e+21 1.482744e+42
5.170000e-15 -1.293432e+21 1.672967e+42
5.180000e-15 -1.367812e+21 1.870909e+42
5.190000e-15 -1.440760e+21 2.075791e+42
5.200000e-15 -1.512222e+21 2.286814e+42
5.210000e-15 -1.582139e+21 2.503165e+42
5.220000e-15 -1.650460e+21 2.724018e+42
5.230000e-15 -1.717130e+21 2.948536e+42
5.240000e-15 -1.782099e+21 3.175876e+42
5.250000e-15 -1.845316e+21 3.405191e+42
5.260000e-15 -1.906733e+21 3.635630e+42
5.270000e-15 -1.966302e+21 3.866345e+42
5.280000e-15 -2.023980e+21 4.096494e+42
5.290000e-15 -2.079721e+21 4.325239e+42
5.300000e-15 -2.133484e+21 4.551752e+42
5.310000e-15 -2.185228e+21 4.775220e+42
5.320000e-15 -2.234914e+21 4.994842e+42
5.330000e-15 -2.282507e+21 5.209837e+42
5.340000e-15 -2.327970e+21 5.419442e+42
5.350000e-15 -2.371270e+21 5.622920e+42
5.360000e-15 -2.412376e+21 5.819556e+42
5.370000e-15 -2.451258e+21 6.008665e+42
5.380000e-15 -2.487889e+21 6.189590e+42
5.390000e-15 -2.522242e+21 6.361706e+42
5.400000e-15 -2.554295e+21 6.524423e+42
5.410000e-15 -2.584025e+21 6.677186e+42
5.420000e-15 -2.611413e+21 6.819477e+42
5.430000e-15 -2.636440e+21 6.950817e+42
5.440000e-15 -2.659092e+21 7.070769e+42
5.450000e-15 -2.679354e+21 7.178936e+42
5.460000e-15 -2.697214e+21 7.274964e+42
5.470000e-15 -2.712664e+21 7.358544e+42
5.480000e-15 -2.725695e+21 7.429413e+42
5.490000e-15 -2.736302e+21 7.487351e+42
5.500000e-15 -2.744483e+21 7.532186e+42
5.510000e-15 -2.750235e+21 7.563793e+42
5.520000e-15 -2.753560e+21 7.582091e+42
5.530000e-15 -2.754460e+21 7.587049e+42
5.540000e-15 -2.752941e+21 7.578682e+42
5.550000e-15 -2.749009e+21 7.557051e+42
5.560000e-15 -2.742675e+21 7.522264e+42
5.570000e-15 -2.733948e+21 7.474474e+42
5.580000e-15 -2.722844e+21 7.413879e+42
5.590000e-15 -2.709376e+21 7.340720e+42
5.600000e-15 -2.693563e+21 7.255283e+42
5.610000e-15 -2.675424e+21 7.157895e+42
5.620000e-15 -2.654981e+21 7.048923e+42
5.630000e-15 -2.632256e+21 6.928773e+42
5.640000e-15 -2.607276e+21 6.797889e+42
5.650000e-15 -2.580068e+21 6.656751e+42
5.660000e-15 -2.550661e+21 6.505872e+42
5.670000e-15 -2.519086e+21 6.345796e+42
5.680000e-15 -2.485377e+21 6.177099e+42
5.690000e-15 -2.449568e+21 6.000385e+42
5.700000e-15 -2.411697e+21 5.816280e+42
5.710000e-15 -2.371800e+21 5.625437e+42
5.720000e-15 -2.329920e+21 5.428528e+42
5.730000e-15 -2.286098e+21 5.226243e+42
5.740000e-15 -2.240377e+21 5.019287e+42
5.750000e-15 -2.192802e+21 4.808381e+42
5.760000e-15 -2.143421e+21 4.594254e+42
5.770000e-15 -2.092282e+21 4.377643e+42
5.780000e-15 -2.039434e+21 4.159292e+42
5.790000e-15 -1.984930e+21 3.939946e+42
5.800000e-15 -1.928821e+21 3.720350e+42
5.810000e-15 -1.871162e+21 3.501247e+42
5.820000e-15 -1.812008e+21 3.283373e+42
5.830000e-15 -1.751416e+21 3.067458e+42
5.840000e-15 -1.689444e+21 2.854220e+42
5.850000e-15 -1.626150e+21 2.644365e+42
5.860000e-15 -1.561596e+21 2.438581e+42
5.870000e-15 -1.495841e+21 2.237540e+42
5.880000e-15 -1.428949e+21 2.041894e+42
5.890000e-15 -1.360981e+21 1.852270e+42
5.900000e-15 -1.292004e+21 1.669273e+42
5.910000e-15 -1.222080e+21 1.493479e+42
5.920000e-15 -1.151276e+21 1.325436e+42
5.930000e-15 -1.079658e+21 1.165661e+42
5.940000e-15 -1.007293e+21 1.014638e+42
5.950000e-15 -9.342477e+20 8.728187e+41
5.960000e-15 -8.605911e+20 7.406170e+41
5.970000e-15 -7.863913e+20 6.184112e+41
5.980000e-15 -7.117171e+20 5.065413e+41
5.990000e-15 -6.366378e+20 4.053077e+41
6.000000e-15 -5.612227e+20 3.149709e+41
6.010000e-15 -4.855415e+20 2.357506e+41
6.020000e-15 -4.096641e+20 1.678247e+41
6.030000e-15 -3.336602e+20 1.113291e+41
6.040000e-15 -2.575997e+20 6.635763e+40
6.050000e-15 -1.815526e+20 3.296133e+40
6.060000e-15 -1.055884e+20 1.114890e+40
6.070000e-15 -2.977663e+19 8.866480e+38
6.080000e-15 4.581332e+19 2.098861e+39
6.090000e-15 1.211125e+20 1.466825e+40
6.100000e-15 1.960524e+20 3.843656e+40
6.110000e-15 2.705649e+20 7.320534e+40
6.120000e-15 3.445821e+20 1.187368e+41
6.130000e-15 4.180371e+20 1.747551e+41
6.140000e-15 4.908634e+20 2.409469e+41
6.150000e-15 5.629952e+20 3.169636e+41
6.160000e-15 6.343674e+20 4.024220e+41
6.170000e-15 7.049157e+20 4.969062e+41
6.180000e-15 7.745769e+20 5.999694e+41
6.190000e-15 8.432884e+20 7.111352e+41
6.200000e-15 9.109886e+20 8.299003e+41
6.210000e-15 9.776173e+20 9.557355e+41
6.220000e-15 1.043115e+21 1.088089e+42
6.230000e-15 1.107423e+21 1.226386e+42
6.240000e-15 1.170486e+21 1.370036e+42
6.250000e-15 1.232246e+21 1.518429e+42
6.260000e-15 1.292649e+21 1.670942e+42
6.270000e-15 1.351643e+21 1.826940e+42
6.280000e-15 1.409176e+21 1.985777e+42
6.290000e-15 1.465197e+21 2.146802e+42
6.300000e-15 1.519657e+21 2.309359e+42
6.310000e-15 1.572510e+21 2.472789e+42
6.320000e-15 1.623710e+21 2.636434e+42
6.330000e-15 1.673212e+21 2.799638e+42
6.340000e-15 1.720974e+21 2.961752e+42
6.350000e-15 1.766956e+21 3.122133e+42
6.360000e-15 1.811118e+21 3.280149e+42
6.370000e-15 1.853424e+21 3.435180e+42
6.380000e-15 1.893837e+21 3.586620e+42
6.390000e-15 1.932325e+21 3.733881e+42
6.400000e-15 1.968856e+21 3.876394e+42
6.410000e-15 2.003400e+21 4.013611e+42
6.420000e-15 2.035928e+21 4.145005e+42
6.430000e-15 2.066416e+21 4.270076e+42
6.440000e-15 2.094839e+21 4.388352e+42
6.450000e-15 2.121176e+21 4.499386e+42
6.460000e-15 2.145405e+21 4.602763e+42
6.470000e-15 2.167510e+21 4.698100e+42
6.480000e-15 2.187474e+21 4.785044e+42
6.490000e-15 2.205284e+21 4.863279e+42
6.500000e-15 2.220928e+21 4.932522e+42
6.510000e-15 2.234396e+21 4.992525e+42
6.520000e-15 2.245680e+21 5.043080e+42
6.530000e-15 2.254776e+21 5.084014e+42
6.540000e-15 2.261679e+21 5.115190e+42
6.550000e-15 2.266388e+21 5.136513e+42
6.560000e-15 2.268904e+21 5.147924e+42
6.570000e-15 2.269229e+21 5.149402e+42
6.580000e-15 2.267370e+21 5.140965e+42
6.590000e-15 2.263332e+21 5.122670e+42
6.600000e-15 2.257124e+21 5.094609e+42
6.610000e-15 2.248758e+21 5.056915e+42
6.620000e-15 2.238248e+21 5.009753e+42
6.630000e-15 2.225607e+21 4.953326e+42
6.640000e-15 2.210854e+21 4.887873e+42
6.650000e-15 2.194007e+21 4.813665e+42
6.660000e-15 2.175087e+21 4.731004e+42
6.670000e-15 2.154119e+21 4.640227e+42
6.680000e-15 2.131126e+21 4.541696e+42
6.690000e-15 2.106135e+21 4.435806e+42
6.700000e-15 2.079176e+21 4.322975e+42
6.710000e-15 2.050280e+21 4.203647e+42
6.720000e-15 2.019478e+21 4.078290e+42
6.730000e-15 1.986804e+21 3.947392e+42
6.740000e-15 1.952296e+21 3.811459e+42
6.750000e-15 1.915990e+21 3.671017e+42
6.760000e-15 1.877926e+21 3.526605e+42
6.770000e-15 1.838144e+21 3.378775e+42
6.780000e-15 1.796689e+21 3.228090e+42
6.790000e-15 1.753602e+21 3.075121e+42
6.800000e-15 1.708931e+21 2.920445e+42
6.810000e-15 1.662722e+21 2.764644e+42
6.820000e-15 1.615024e+21 2.608302e+42
6.830000e-15 1.565886e+21 2.451999e+42
6.840000e-15 1.515360e+21 2.296316e+42
6.850000e-15 1.463498e+21 2.141827e+42
6.860000e-15 1.410354e+21 1.989098e+42
6.870000e-15 1.355982e+21 1.838688e+42
6.880000e-15 1.300439e+21 1.691141e+42
6.890000e-15 1.243781e+21 1.546991e+42
6.900000e-15 1.186066e+21 1.406752e+42
6.910000e-15 1.127353e+21 1.270925e+42
6.920000e-15 1.067702e+21 1.139987e+42
6.930000e-15 1.007173e+21 1.014396e+42
6.940000e-15 9.458268e+20 8.945883e+41
6.950000e-15 8.837264e+20 7.809724e+41
6.960000e-15 8.209340e+20 6.739326e+41
6.970000e-15 7.575125e+20 5.738253e+41
6.980000e-15 6.935258e+20 4.809781e+41
6.990000e-15 6.290379e+20 3.956886e+41
7.000000e-15 5.641131e+20 3.182236e+41
7.010000e-15 4.988164e+20 2.488178e+41
7.020000e-15 4.332127e+20 1.876732e+41
7.030000e-15 3.673672e+20 1.349586e+41
7.040000e-15 3.013452e+20 9.080894e+40
7.050000e-15 2.352122e+20 5.532478e+40
7.060000e-15 1.690335e+20 2.857232e+40
7.070000e-15 1.028744e+20 1.058315e+40
7.080000e-15 3.680018e+19 1.354253e+39
7.090000e-15 -2.912430e+19 8.482246e+38
7.100000e-15 -9.483428e+19 8.993540e+39
7.110000e-15 -1.602654e+20 2.568499e+40
7.120000e-15 -2.253536e+20 5.078424e+40
7.130000e-15 -2.900354e+20 8.412052e+40
7.140000e-15 -3.542477e+20 1.254914e+41
7.150000e-15 -4.179281e+20 1.746639e+41
7.160000e-15 -4.810148e+20 2.313752e+41
7.170000e-15 -5.434466e+20 2.953342e+41
7.180000e-15 -6.051632e+20 3.662225e+41
7.190000e-15 -6.661050e+20 4.436959e+41
7.200000e-15 -7.262134e+20 5.273859e+41
7.210000e-15 -7.854305e+20 6.169011e+41
7.220000e-15 -8.436997e+20 7.118291e+41
7.230000e-15 -9.009652e+20 8.117382e+41
7.240000e-15 -9.571723e+20 9.161788e+41
7.250000e-15 -1.012268e+21 1.024686e+42
7.260000e-15 -1.066199e+21 1.136780e+42
7.270000e-15 -1.118915e+21 1.251971e+42
7.280000e-15 -1.170366e+21 1.369757e+42
7.290000e-15 -1.220504e+21 1.489631e+42
7.300000e-15 -1.269282e+21 1.611078e+42
7.310000e-15 -1.316654e+21 1.733579e+42
7.320000e-15 -1.362577e+21 1.856615e+42
7.330000e-15 -1.407006e+21 1.979667e+42
7.340000e-15 -1.449903e+21 2.102218e+42
7.350000e-15 -1.491227e+21 2.223757e+42
7.360000e-15 -1.530940e+21 2.343776e+42
7.370000e-15 -1.569006e+21 2.461781e+42
7.380000e-15 -1.605392e+21 2.577283e+42
7.390000e-15 -1.640064e+21 2.689810e+42
7.400000e-15 -1.672992e+21 2.798901e+42
7.410000e-15 -1.704146e+21 2.904112e+42
7.420000e-15 -1.733499e+21 3.005019e+42
7.430000e-15 -1.761026e+21 3.101214e+42
7.440000e-15 -1.786704e+21 3.192312e+42
7.450000e-15 -1.810511e+21 3.277949e+42
7.460000e-15 -1.832427e+21 3.357787e+42
7.470000e-15 -1.852434e+21 3.431510e+42
7.480000e-15 -1.870516e+21 3.498831e+42
7.490000e-15 -1.886661e+21 3.559488e+42
7.500000e-15 -1.900855e+21 3.613249e+42
7.510000e-15 -1.913089e+21 3.659909e+42
7.520000e-15 -1.923355e+21 3.699293e+42
7.530000e-15 -1.931647e+21 3.731259e+42
7.540000e-15 -1.937961e+21 3.755693e+42
7.550000e-15 -1.942295e+21 3.772511e+42
7.560000e-15 -1.944650e+21 3.781663e+42
7.570000e-15 -1.945027e+21 3.783129e+42
7.580000e-15 -1.943430e+21 3.776920e+42
7.590000e-15 -1.939865e+21 3.763078e+42
7.600000e-15 -1.934341e+21 3.741676e+42
7.610000e-15 -1.926868e+21 3.712818e+42
7.620000e-15 -1.917456e+21 3.676637e+42
7.630000e-15 -1.906120e+21 3.633294e+42
7.640000e-15 -1.892876e+21 3.582981e+42
7.650000e-15 -1.877742e+21 3.525915e+42
7.660000e-15 -1.860737e+21 3.462341e+42
7.670000e-15 -1.841882e+21 3.392528e+42
7.680000e-15 -1.821200e+21 3.316770e+42
7.690000e-15 -1.798717e+21 3.235383e+42
7.700000e-15 -1.774460e+21 3.148707e+42
7.710000e-15 -1.748456e+21 3.057098e+42
7.720000e-15 -1.720737e+21 2.960935e+42
7.730000e-15 -1.691333e+21 2.860609e+42
7.740000e-15 -1.660280e+21 2.756530e+42
7.750000e-15 -1.627611e+21 2.649119e+42
7.760000e-15 -1.593365e+21 2.538811e+42
7.770000e-15 -1.557578e+21 2.426049e+42
7.780000e-15 -1.520291e+21 2.311285e+42
7.790000e-15 -1.481546e+21 2.194977e+42
7.800000e-15 -1.441384e+21 2.077587e+42
7.810000e-15 -1.399850e+21 1.959579e+42
7.820000e-15 -1.356989e+21 1.841419e+42
7.830000e-15 -1.312848e+21 1.723570e+42
7.840000e-15 -1.267475e+21 1.606492e+42
7.850000e-15 -1.220918e+21 1.490641e+42
7.860000e-15 -1.173228e+21 1.376464e+42
7.870000e-15 -1.124456e+21 1.264402e+42
7.880000e-15 -1.074654e+21 1.154882e+42
7.890000e-15 -1.023876e+21 1.048322e+42
7.900000e-15 -9.721748e+20 9.451239e+41
7.910000e-15 -9.196060e+20 8.456752e+41
7.920000e-15 -8.662251e+20 7.503459e+41
7.930000e-15 -8.120885e+20 6.594877e+41
7.940000e-15 -7.572534e+20 5.734326e+41
7.950000e-15 -7.017773e+20 4.924914e+41
7.960000e-15 -6.457186e+20 4.169526e+41
7.970000e-15 -5.891360e+20 3.470813e+41
7.980000e-15 -5.320887e+20 2.831184e+41
7.990000e-15 -4.746361e+20 2.252794e+41
8.000000e-15 -4.168381e+20 1.737540e+41
8.010000e-15 -3.587548e+20 1.287050e+41
8.020000e-15 -3.004465e+20 9.026811e+40
8.030000e-15 -2.419735e+20 5.855120e+40
8.040000e-15 -1.833964e+20 3.363424e+40
8.050000e-15 -1.247755e+20 1.556892e+40
8.060000e-15 -6.617121e+19 4.378630e+39
8.070000e-15 -7.643838e+18 5.842826e+37
8.080000e-15 5.074657e+19 2.575215e+39
8.090000e-15 1.089402e+20 1.186797e+40
8.100000e-15 1.668775e+20 2.784810e+40
8.110000e-15 2.244994e+20 5.039998e+40
8.120000e-15 2.817471e+20 7.938143e+40
8.130000e-15 3.385625e+20 1.146245e+41
8.140000e-15 3.948877e+20 1.559363e+41
8.150000e-15 4.506659e+20 2.030998e+41
8.160000e-15 5.058406e+20 2.558747e+41
8.170000e-15 5.603561e+20 3.139989e+41
8.180000e-15 6.141575e+20 3.771894e+41
8.190000e-15 6.671907e+20 4.451434e+41
8.200000e-15 7.194026e+20 5.175401e+41
8.210000e-15 7.707410e+20 5.940417e+41
8.220000e-15 8.211546e+20 6.742948e+41
8.230000e-15 8.705932e+20 7.579325e+41
8.240000e-15 9.190077e+20 8.445752e+41
8.250000e-15 9.663502e+20 9.338327e+41
8.260000e-15 1.012574e+21 1.025306e+42
8.270000e-15 1.057633e+21 1.118588e+42
8.280000e-15 1.101484e+21 1.213268e+42
8.290000e-15 1.144084e+21 1.308928e+42
8.300000e-15 1.185390e+21 1.405150e+42
8.310000e-15 1.225364e+21 1.501516e+42
8.320000e-15 1.263965e+21 1.597609e+42
8.330000e-15 1.301158e+21 1.693013e+42
8.340000e-15 1.336907e+21 1.787319e+42
8.350000e-15 1.371176e+21 1.880124e+42
8.360000e-15 1.403935e+21 1.971032e+42
8.370000e-15 1.435151e+21 2.059658e+42
8.380000e-15 1.464796e+21 2.145628e+42
8.390000e-15 1.492843e+21 2.228579e+42
8.400000e-15 1.519264e+21 2.308164e+42
8.410000e-15 1.544037e+21 2.384052e+42
8.420000e-15 1.567139e+21 2.455926e+42
8.430000e-15 1.588550e+21 2.523491e+42
8.440000e-15 1.608250e+21 2.586468e+42
8.450000e-15 1.626223e+21 2.644600e+42
8.460000e-15 1.642453e+21 2.697652e+42
8.470000e-15 1.656928e+21 2.745409e+42
8.480000e-15 1.669635e+21 2.787681e+42
8.490000e-15 1.680565e+21 2.824300e+42
8.500000e-15 1.689711e+21 2.855125e+42
8.510000e-15 1.697067e+21 2.880037e+42
8.520000e-15 1.702629e+21 2.898944e+42
8.530000e-15 1.706394e+21 2.911779e+42
8.540000e-15 1.708362e+21 2.918500e+42
8.550000e-15 1.708535e+21 2.919093e+42
8.560000e-15 1.706917e+21 2.913567e+42
8.570000e-15 1.703513e+21 2.901957e+42
8.580000e-15 1.698330e+21 2.884326e+42
8.590000e-15 1.691378e+21 2.860758e+42
8.600000e-15 1.682666e+21 2.831365e+42
8.610000e-15 1.672209e+21 2.796282e+42
8.620000e-15 1.660020e+21 2.755665e+42
8.630000e-15 1.646115e+21 2.709696e+42
8.640000e-15 1.630514e+21 2.658576e+42
8.650000e-15 1.613235e+21 2.602528e+42
8.660000e-15 1.594301e+21 2.541795e+42
8.670000e-15 1.573734e+21 2.476638e+42
8.680000e-15 1.551559e+21 2.407335e+42
8.690000e-15 1.527803e+21 2.334183e+42
8.700000e-15 1.502495e+21 2.257490e+42
8.710000e-15 1.475663e+21 2.177580e+42
8.720000e-15 1.447339e+21 2.094790e+42
8.730000e-15 1.417556e+21 2.009465e+42
8.740000e-15 1.386348e+21 1.921961e+42
8.750000e-15 1.353751e+21 1.832641e+42
8.760000e-15 1.319802e+21 1.741876e+42
8.770000e-15 1.284539e+21 1.650040e+42
8.780000e-15 1.248002e+21 1.557508e+42
8.790000e-15 1.210232e+21 1.464661e+42
8.800000e-15 1.171271e+21 1.371876e+42
8.810000e-15 1.131163e+21 1.279530e+42
8.820000e-15 1.089952e+21 1.187995e+42
8.830000e-15 1.047684e+21 1.097642e+42
8.840000e-15 1.004405e+21 1.008830e+42
8.850000e-15 9.601636e+20 9.219142e+41
8.860000e-15 9.150076e+20 8.372389e+41
8.870000e-15 8.689866e+20 7.551376e+41
8.880000e-15 8.221508e+20 6.759319e+41
8.890000e-15 7.745513e+20 5.999297e+41
8.900000e-15 7.262398e+20 5.274243e+41
8.910000e-15 6.772687e+20 4.586929e+41
8.920000e-15 6.276910e+20 3.939960e+41
8.930000e-15 5.775602e+20 3.335758e+41
8.940000e-15 5.269304e+20 2.776556e+41
8.950000e-15 4.758559e+20 2.264388e+41
8.960000e-15 4.243916e+20 1.801083e+41
8.970000e-15 3.725927e+20 1.388253e+41
8.980000e-15 3.205146e+20 1.027296e+41
8.990000e-15 2.682128e+20 7.193808e+40
9.000000e-15 2.157430e+20 4.654505e+40
9.010000e-15 1.631612e+20 2.662156e+40
9.020000e-15 1.105230e+20 1.221534e+40
9.030000e-15 5.788437e+19 3.350600e+39
9.040000e-15 5.300928e+18 2.809983e+37
9.050000e-15 -4.717178e+19 2.225176e+39
9.060000e-15 -9.947842e+19 9.895955e+39
9.070000e-15 -1.515639e+20 2.297163e+40
9.080000e-15 -2.033736e+20 4.136083e+40
9.090000e-15 -2.548531e+20 6.495013e+40
9.100000e-15 -3.059486e+20 9.360455e+40
9.110000e-15 -3.566066e+20 1.271683e+41
9.120000e-15 -4.067743e+20 1.654654e+41
9.130000e-15 -4.563996e+20 2.083006e+41
9.140000e-15 -5.054307e+20 2.554602e+41
9.150000e-15 -5.538170e+20 3.067132e+41
9.160000e-15 -6.015082e+20 3.618121e+41
9.170000e-15 -6.484553e+20 4.204943e+41
9.180000e-15 -6.946098e+20 4.824827e+41
9.190000e-15 -7.399242e+20 5.474878e+41
9.200000e-15 -7.843522e+20 6.152083e+41
9.210000e-15 -8.278482e+20 6.853326e+41
9.220000e-15 -8.703678e+20 7.575401e+41
9.230000e-15 -9.118678e+20 8.315030e+41
9.240000e-15 -9.523061e+20 9.068870e+41
9.250000e-15 -9.916418e+20 9.833535e+41
9.260000e-15 -1.029835e+21 1.060560e+42
9.270000e-15 -1.066848e+21 1.138164e+42
9.280000e-15 -1.102643e+21 1.215821e+42
9.290000e-15 -1.137184e+21 1.293187e+42
9.300000e-15 -1.170437e+21 1.369924e+42
9.310000e-15 -1.202370e+21 1.445694e+42
9.320000e-15 -1.232951e+21 1.520168e+42
9.330000e-15 -1.262149e+21 1.593021e+42
9.340000e-15 -1.289937e+21 1.663938e+42
9.350000e-15 -1.316288e+21 1.732613e+42
9.360000e-15 -1.341176e+21 1.798752e+42
9.370000e-15 -1.364577e+21 1.862070e+42
9.380000e-15 -1.386470e+21 1.922299e+42
9.390000e-15 -1.406834e+21 1.979182e+42
9.400000e-15 -1.425650e+21 2.032479e+42
9.410000e-15 -1.442902e+21 2.081966e+42
9.420000e-15 -1.458573e+21 2.127436e+42
9.430000e-15 -1.472651e+21 2.168700e+42
9.440000e-15 -1.485122e+21 2.205588e+42
9.450000e-15 -1.495978e+21 2.237950e+42
9.460000e-15 -1.505209e+21 2.265654e+42
9.470000e-15 -1.512809e+21 2.288590e+42
9.480000e-15 -1.518772e+21 2.306668e+42
9.490000e-15 -1.523096e+21 2.319821e+42
9.500000e-15 -1.525779e+21 2.328000e+42
9.510000e-15 -1.526821e+21 2.331181e+42
9.520000e-15 -1.526224e+21 2.329360e+42
9.530000e-15 -1.523992e+21 2.322553e+42
9.540000e-15 -1.520131e+21 2.310799e+42
9.550000e-15 -1.514648e+21 2.294158e+42
9.560000e-15 -1.507551e+21 2.272710e+42
9.570000e-15 -1.498852e+21 2.246556e+42
9.580000e-15 -1.488562e+21 2.215817e+42
9.590000e-15 -1.476696e+21 2.180631e+42
9.600000e-15 -1.463270e+21 2.141158e+42
9.610000e-15 -1.448300e+21 2.097572e+42
9.620000e-15 -1.431806e+21 2.050068e+42
9.630000e-15 -1.413808e+21 1.998854e+42
9.640000e-15 -1.394329e+21 1.944153e+42
9.650000e-15 -1.373392e+21 1.886205e+42
9.660000e-15 -1.351022e+21 1.825260e+42
9.670000e-15 -1.327246e+21 1.761582e+42
9.680000e-15 -1.302092e+21 1.695445e+42
9.690000e-15 -1.275590e+21 1.627131e+42
9.700000e-15 -1.247771e+21 1.556933e+42
9.710000e-15 -1.218667e+21 1.485149e+42
9.720000e-15 -1.188311e+21 1.412084e+42
9.730000e-15 -1.156739e+21 1.338046e+42
9.740000e-15 -1.123987e+21 1.263347e+42
9.750000e-15 -1.090092e+21 1.188301e+42
9.760000e-15 -1.055093e+21 1.113221e+42
9.770000e-15 -1.019029e+21 1.038420e+42
9.780000e-15 -9.819414e+20 9.642089e+41
9.790000e-15 -9.438717e+20 8.908937e+41
9.800000e-15 -9.048626e+20 8.187764e+41
9.810000e-15 -8.649580e+20 7.481523e+41
9.820000e-15 -8.242023e+20 6.793095e+41
9.830000e-15 -7.826411e+20 6.125270e+41
9.840000e-15 -7.403204e+20 5.480743e+41
9.850000e-15 -6.972873e+20 4.862096e+41
9.860000e-15 -6.535894e+20 4.271792e+41
9.870000e-15 -6.092750e+20 3.712161e+41
9.880000e-15 -5.643930e+20 3.185394e+41
9.890000e-15 -5.189926e+20 2.693533e+41
9.900000e-15 -4.731239e+20 2.238462e+41
9.910000e-15 -4.268369e+20 1.821898e+41
9.920000e-15 -3.801825e+20 1.445388e+41
9.930000e-15 -3.332116e+20 1.110299e+41
9.940000e-15 -2.859753e+20 8.178186e+40
9.950000e-15 -2.385251e+20 5.689420e+40
9.960000e-15 -1.909125e+20 3.644757e+40
9.970000e-15 -1.431892e+20 2.050314e+40
9.980000e-15 -9.540682e+19 9.102461e+39
9.990000e-15 -4.761708e+19 2.267387e+39
1.000000e-14 1.284656e+17 1.650341e+34
