0.000000e+00 nan nan
1.000000e-17 2.779563e+01 7.725969e+02
2.000000e-17 1.422953e+04 2.024794e+08
3.000000e-17 5.469132e+05 2.991141e+11
4.000000e-17 7.281760e+06 5.302403e+13
5.000000e-17 5.423236e+07 2.941149e+15
6.000000e-17 2.796948e+08 7.822917e+16
7.000000e-17 1.119342e+09 1.252926e+18
8.000000e-17 3.720577e+09 1.384269e+19
9.000000e-17 1.073163e+10 1.151679e+20
1.000000e-16 2.767760e+10 7.660498e+20
1.100000e-16 6.520347e+10 4.251493e+21
1.200000e-16 1.425406e+11 2.031782e+22
1.300000e-16 2.926381e+11 8.563708e+22
1.400000e-16 5.694941e+11 3.243236e+23
1.500000e-16 1.058320e+12 1.120042e+24
1.600000e-16 1.889284e+12 3.569395e+24
1.700000e-16 3.255683e+12 1.059947e+25
1.800000e-16 5.437527e+12 2.956670e+25
1.900000e-16 8.831635e+12 7.799778e+25
2.000000e-16 1.398947e+13 1.957053e+26
2.100000e-16 2.166409e+13 4.693326e+26
2.200000e-16 3.286768e+13 1.080284e+27
2.300000e-16 4.894140e+13 2.395260e+27
2.400000e-16 7.163921e+13 5.132176e+27
2.500000e-16 1.032277e+14 1.065596e+28
2.600000e-16 1.466040e+14 2.149272e+28
2.700000e-16 2.054337e+14 4.220301e+28
2.800000e-16 2.843120e+14 8.083332e+28
2.900000e-16 3.889492e+14 1.512815e+29
3.000000e-16 5.263844e+14 2.770806e+29
3.100000e-16 7.052299e+14 4.973492e+29
3.200000e-16 9.359485e+14 8.759996e+29
3.300000e-16 1.231168e+15 1.515774e+30
3.400000e-16 1.606033e+15 2.579342e+30
3.500000e-16 2.078605e+15 4.320601e+30
3.600000e-16 2.670303e+15 7.130519e+30
3.700000e-16 3.406395e+15 1.160353e+31
3.800000e-16 4.316544e+15 1.863255e+31
3.900000e-16 5.435415e+15 2.954373e+31
4.000000e-16 6.803330e+15 4.628530e+31
4.100000e-16 8.467003e+15 7.169014e+31
4.200000e-16 1.048033e+16 1.098374e+32
4.300000e-16 1.290527e+16 1.665460e+32
4.400000e-16 1.581276e+16 2.500434e+32
4.500000e-16 1.928377e+16 3.718637e+32
4.600000e-16 2.341038e+16 5.480460e+32
4.700000e-16 2.829701e+16 8.007210e+32
4.800000e-16 3.406167e+16 1.160198e+33
4.900000e-16 4.083736e+16 1.667690e+33
5.000000e-16 4.877354e+16 2.378858e+33
5.100000e-16 5.803770e+16 3.368375e+33
5.200000e-16 6.881709e+16 4.735791e+33
5.300000e-16 8.132044e+16 6.613015e+33
5.400000e-16 9.577996e+16 9.173801e+33
5.500000e-16 1.124533e+17 1.264574e+34
5.600000e-16 1.316256e+17 1.732530e+34
5.700000e-16 1.536121e+17 2.359667e+34
5.800000e-16 1.787600e+17 3.195513e+34
5.900000e-16 2.074514e+17 4.303609e+34
6.000000e-16 2.401058e+17 5.765080e+34
6.100000e-16 2.771828e+17 7.683030e+34
6.200000e-16 3.191850e+17 1.018791e+35
6.300000e-16 3.666613e+17 1.344405e+35
6.400000e-16 4.202095e+17 1.765760e+35
6.500000e-16 4.804803e+17 2.308613e+35
6.600000e-16 5.481801e+17 3.005014e+35
6.700000e-16 6.240749e+17 3.894695e+35
6.800000e-16 7.089941e+17 5.026726e+35
6.900000e-16 8.038339e+17 6.461489e+35
7.000000e-16 9.095617e+17 8.273025e+35
7.100000e-16 1.027220e+18 1.055181e+36
7.200000e-16 1.157931e+18 1.340803e+36
7.300000e-16 1.302899e+18 1.697545e+36
7.400000e-16 1.463418e+18 2.141593e+36
7.500000e-16 1.640875e+18 2.692472e+36
7.600000e-16 1.836754e+18 3.373664e+36
7.700000e-16 2.052639e+18 4.213327e+36
7.800000e-16 2.290225e+18 5.245129e+36
7.900000e-16 2.551315e+18 6.509210e+36
8.000000e-16 2.837834e+18 8.053301e+36
8.100000e-16 3.151825e+18 9.933999e+36
8.200000e-16 3.495460e+18 1.221824e+37
8.300000e-16 3.871046e+18 1.498500e+37
8.400000e-16 4.281027e+18 1.832719e+37
8.500000e-16 4.727989e+18 2.235388e+37
8.600000e-16 5.214670e+18 2.719278e+37
8.700000e-16 5.743962e+18 3.299310e+37
8.800000e-16 6.318918e+18 3.992872e+37
8.900000e-16 6.942756e+18 4.820187e+37
9.000000e-16 7.618867e+18 5.804714e+37
9.100000e-16 8.350818e+18 6.973617e+37
9.200000e-16 9.142360e+18 8.358275e+37
9.300000e-16 9.997432e+18 9.994864e+37
9.400000e-16 1.092017e+19 1.192500e+38
9.500000e-16 1.191489e+19 1.419647e+38
9.600000e-16 1.298615e+19 1.686401e+38
9.700000e-16 1.413869e+19 1.999025e+38
9.800000e-16 1.537746e+19 2.364663e+38
9.900000e-16 1.670766e+19 2.791458e+38
1.000000e-15 1.813468e+19 3.288666e+38
1.010000e-15 1.966417e+19 3.866794e+38
1.020000e-15 2.130199e+19 4.537747e+38
1.030000e-15 2.305426e+19 5.314988e+38
1.040000e-15 2.492733e+19 6.213716e+38
1.050000e-15 2.692780e+19 7.251062e+38
1.060000e-15 2.906252e+19 8.446300e+38
1.070000e-15 3.133860e+19 9.821078e+38
1.080000e-15 3.376340e+19 1.139967e+39
1.090000e-15 3.634456e+19 1.320927e+39
1.100000e-15 3.908994e+19 1.528024e+39
1.110000e-15 4.200772e+19 1.764649e+39
1.120000e-15 4.510632e+19 2.034580e+39
1.130000e-15 4.839442e+19 2.342020e+39
1.140000e-15 5.188099e+19 2.691637e+39
1.150000e-15 5.557527e+19 3.088610e+39
1.160000e-15 5.948675e+19 3.538674e+39
1.170000e-15 6.362524e+19 4.048171e+39
1.180000e-15 6.800076e+19 4.624103e+39
1.190000e-15 7.262365e+19 5.274195e+39
1.200000e-15 7.750451e+19 6.006949e+39
1.210000e-15 8.265419e+19 6.831715e+39
1.220000e-15 8.808382e+19 7.758759e+39
1.230000e-15 9.380479e+19 8.799338e+39
1.240000e-15 9.982875e+19 9.965779e+39
1.250000e-15 1.061676e+20 1.127156e+40
1.260000e-15 1.128335e+20 1.273140e+40
1.270000e-15 1.198389e+20 1.436136e+40
1.280000e-15 1.271963e+20 1.617891e+40
1.290000e-15 1.349188e+20 1.820308e+40
1.300000e-15 1.430193e+20 2.045452e+40
1.310000e-15 1.515112e+20 2.295565e+40
1.320000e-15 1.604081e+20 2.573076e+40
1.330000e-15 1.697236e+20 2.880611e+40
1.340000e-15 1.794718e+20 3.221012e+40
1.350000e-15 1.896666e+20 3.597343e+40
1.360000e-15 2.003225e+20 4.012910e+40
1.370000e-15 2.114538e+20 4.471270e+40
1.380000e-15 2.230751e+20 4.976251e+40
1.390000e-15 2.352012e+20 5.531960e+40
1.400000e-15 2.478469e+20 6.142808e+40
1.410000e-15 2.610272e+20 6.813517e+40
1.420000e-15 2.747570e+20 7.549142e+40
1.430000e-15 2.890516e+20 8.355083e+40
1.440000e-15 3.039261e+20 9.237107e+40
1.450000e-15 3.193957e+20 1.020136e+41
1.460000e-15 3.354757e+20 1.125440e+41
1.470000e-15 3.521813e+20 1.240317e+41
1.480000e-15 3.695279e+20 1.365508e+41
1.490000e-15 3.875304e+20 1.501798e+41
1.500000e-15 4.062043e+20 1.650019e+41
1.510000e-15 4.255644e+20 1.811051e+41
1.520000e-15 4.456258e+20 1.985824e+41
1.530000e-15 4.664034e+20 2.175322e+41
1.540000e-15 4.879119e+20 2.380581e+41
1.550000e-15 5.101659e+20 2.602692e+41
1.560000e-15 5.331797e+20 2.842806e+41
1.570000e-15 5.569675e+20 3.102128e+41
1.580000e-15 5.815432e+20 3.381924e+41
1.590000e-15 6.069204e+20 3.683524e+41
1.600000e-15 6.331126e+20 4.008316e+41
1.610000e-15 6.601329e+20 4.357754e+41
1.620000e-15 6.879938e+20 4.733355e+41
1.630000e-15 7.167078e+20 5.136701e+41
1.640000e-15 7.462869e+20 5.569441e+41
1.650000e-15 7.767425e+20 6.033289e+41
1.660000e-15 8.080857e+20 6.530025e+41
1.670000e-15 8.403271e+20 7.061497e+41
1.680000e-15 8.734769e+20 7.629619e+41
1.690000e-15 9.075446e+20 8.236371e+41
1.700000e-15 9.425391e+20 8.883799e+41
1.710000e-15 9.784689e+20 9.574013e+41
1.720000e-15 1.015342e+21 1.030919e+42
1.730000e-15 1.053165e+21 1.109156e+42
1.740000e-15 1.091944e+21 1.192342e+42
1.750000e-15 1.131686e+21 1.280714e+42
1.760000e-15 1.172396e+21 1.374512e+42
1.770000e-15 1.214077e+21 1.473983e+42
1.780000e-15 1.256733e+21 1.579378e+42
1.790000e-15 1.300367e+21 1.690955e+42
1.800000e-15 1.344981e+21 1.808973e+42
1.810000e-15 1.390575e+21 1.933698e+42
1.820000e-15 1.437149e+21 2.065398e+42
1.830000e-15 1.484704e+21 2.204345e+42
1.840000e-15 1.533236e+21 2.350812e+42
1.850000e-15 1.582743e+21 2.505076e+42
1.860000e-15 1.633222e+21 2.667414e+42
1.870000e-15 1.684667e+21 2.838103e+42
1.880000e-15 1.737073e+21 3.017422e+42
1.890000e-15 1.790432e+21 3.205648e+42
1.900000e-15 1.844738e+21 3.403057e+42
1.910000e-15 1.899980e+21 3.609924e+42
1.920000e-15 1.956149e+21 3.826518e+42
1.930000e-15 2.013233e+21 4.053106e+42
1.940000e-15 2.071220e+21 4.289951e+42
1.950000e-15 2.130096e+21 4.537308e+42
1.960000e-15 2.189846e+21 4.795427e+42
1.970000e-15 2.250455e+21 5.064549e+42
1.980000e-15 2.311905e+21 5.344906e+42
1.990000e-15 2.374178e+21 5.636723e+42
2.000000e-15 2.437255e+21 5.940210e+42
2.010000e-15 2.501113e+21 6.255568e+42
2.020000e-15 2.565732e+21 6.582983e+42
2.030000e-15 2.631088e+21 6.922626e+42
2.040000e-15 2.697157e+21 7.274655e+42
2.050000e-15 2.763912e+21 7.639210e+42
2.060000e-15 2.831327e+21 8.016412e+42
2.070000e-15 2.899373e+21 8.406364e+42
2.080000e-15 2.968021e+21 8.809149e+42
2.090000e-15 3.037240e+21 9.224829e+42
2.100000e-15 3.106999e+21 9.653441e+42
2.110000e-15 3.177263e+21 1.009500e+43
2.120000e-15 3.247999e+21 1.054950e+43
2.130000e-15 3.319172e+21 1.101690e+43
2.140000e-15 3.390743e+21 1.149714e+43
2.150000e-15 3.462676e+21 1.199013e+43
2.160000e-15 3.534932e+21 1.249574e+43
2.170000e-15 3.607470e+21 1.301384e+43
2.180000e-15 3.680248e+21 1.354423e+43
2.190000e-15 3.753226e+21 1.408670e+43
2.200000e-15 3.826358e+21 1.464102e+43
2.210000e-15 3.899601e+21 1.520689e+43
2.220000e-15 3.972910e+21 1.578401e+43
2.230000e-15 4.046237e+21 1.637203e+43
2.240000e-15 4.119535e+21 1.697057e+43
2.250000e-15 4.192757e+21 1.757921e+43
2.260000e-15 4.265852e+21 1.819750e+43
2.270000e-15 4.338772e+21 1.882494e+43
2.280000e-15 4.411464e+21 1.946101e+43
2.290000e-15 4.483878e+21 2.010516e+43
2.300000e-15 4.555960e+21 2.075677e+43
2.310000e-15 4.627659e+21 2.141523e+43
2.320000e-15 4.698920e+21 2.207985e+43
2.330000e-15 4.769689e+21 2.274994e+43
2.340000e-15 4.839912e+21 2.342475e+43
2.350000e-15 4.909532e+21 2.410350e+43
2.360000e-15 4.978494e+21 2.478541e+43
2.370000e-15 5.046743e+21 2.546961e+43
2.380000e-15 5.114221e+21 2.615525e+43
2.390000e-15 5.180871e+21 2.684142e+43
2.400000e-15 5.246637e+21 2.752720e+43
2.410000e-15 5.311461e+21 2.821161e+43
2.420000e-15 5.375285e+21 2.889369e+43
2.430000e-15 5.438053e+21 2.957242e+43
2.440000e-15 5.499706e+21 3.024677e+43
2.450000e-15 5.560188e+21 3.091569e+43
2.460000e-15 5.619440e+21 3.157810e+43
2.470000e-15 5.677405e+21 3.223293e+43
2.480000e-15 5.734026e+21 3.287906e+43
2.490000e-15 5.789247e+21 3.351538e+43
2.500000e-15 5.843011e+21 3.414078e+43
2.510000e-15 5.895262e+21 3.475411e+43
2.520000e-15 5.945943e+21 3.535424e+43
2.530000e-15 5.995001e+21 3.594003e+43
2.540000e-15 6.042379e+21 3.651035e+43
2.550000e-15 6.088025e+21 3.706405e+43
2.560000e-15 6.131885e+21 3.760001e+43
2.570000e-15 6.173906e+21 3.811712e+43
2.580000e-15 6.214037e+21 3.861426e+43
2.590000e-15 6.252227e+21 3.909034e+43
2.600000e-15 6.288425e+21 3.954429e+43
2.610000e-15 6.322583e+21 3.997505e+43
2.620000e-15 6.354652e+21 4.038161e+43
2.630000e-15 6.384587e+21 4.076295e+43
2.640000e-15 6.412341e+21 4.111811e+43
2.650000e-15 6.437869e+21 4.144616e+43
2.660000e-15 6.461129e+21 4.174619e+43
2.670000e-15 6.482079e+21 4.201735e+43
2.680000e-15 6.500677e+21 4.225881e+43
2.690000e-15 6.516886e+21 4.246980e+43
2.700000e-15 6.530667e+21 4.264961e+43
2.710000e-15 6.541984e+21 4.279755e+43
2.720000e-15 6.550802e+21 4.291301e+43
2.730000e-15 6.557090e+21 4.299543e+43
2.740000e-15 6.560815e+21 4.304429e+43
2.750000e-15 6.561948e+21 4.305916e+43
2.760000e-15 6.560461e+21 4.303965e+43
2.770000e-15 6.556328e+21 4.298544e+43
2.780000e-15 6.549526e+21 4.289629e+43
2.790000e-15 6.540031e+21 4.277200e+43
2.800000e-15 6.527824e+21 4.261248e+43
2.810000e-15 6.512885e+21 4.241768e+43
2.820000e-15 6.495200e+21 4.218762e+43
2.830000e-15 6.474753e+21 4.192242e+43
2.840000e-15 6.451531e+21 4.162225e+43
2.850000e-15 6.425525e+21 4.128737e+43
2.860000e-15 6.396726e+21 4.091811e+43
2.870000e-15 6.365129e+21 4.051487e+43
2.880000e-15 6.330729e+21 4.007813e+43
2.890000e-15 6.293524e+21 3.960844e+43
2.900000e-15 6.253515e+21 3.910645e+43
2.910000e-15 6.210704e+21 3.857285e+43
2.920000e-15 6.165097e+21 3.800842e+43
2.930000e-15 6.116700e+21 3.741401e+43
2.940000e-15 6.065522e+21 3.679055e+43
2.950000e-15 6.011574e+21 3.613903e+43
2.960000e-15 5.954871e+21 3.546049e+43
2.970000e-15 5.895429e+21 3.475608e+43
2.980000e-15 5.833265e+21 3.402698e+43
2.990000e-15 5.768400e+21 3.327443e+43
3.000000e-15 5.700856e+21 3.249976e+43
3.010000e-15 5.630658e+21 3.170431e+43
3.020000e-15 5.557834e+21 3.088952e+43
3.030000e-15 5.482413e+21 3.005685e+43
3.040000e-15 5.404426e+21 2.920782e+43
3.050000e-15 5.323907e+21 2.834398e+43
3.060000e-15 5.240891e+21 2.746694e+43
3.070000e-15 5.155417e+21 2.657833e+43
3.080000e-15 5.067525e+21 2.567981e+43
3.090000e-15 4.977257e+21 2.477309e+43
3.100000e-15 4.884657e+21 2.385988e+43
3.110000e-15 4.789772e+21 2.294192e+43
3.120000e-15 4.692651e+21 2.202097e+43
3.130000e-15 4.593342e+21 2.109879e+43
3.140000e-15 4.491900e+21 2.017716e+43
3.150000e-15 4.388378e+21 1.925786e+43
3.160000e-15 4.282832e+21 1.834265e+43
3.170000e-15 4.175321e+21 1.743330e+43
3.180000e-15 4.065904e+21 1.653158e+43
3.190000e-15 3.954643e+21 1.563920e+43
3.200000e-15 3.841602e+21 1.475791e+43
3.210000e-15 3.726845e+21 1.388938e+43
3.220000e-15 3.610440e+21 1.303528e+43
3.230000e-15 3.492455e+21 1.219724e+43
3.240000e-15 3.372959e+21 1.137685e+43
3.250000e-15 3.252024e+21 1.057566e+43
3.260000e-15 3.129723e+21 9.795167e+42
3.270000e-15 3.006130e+21 9.036820e+42
3.280000e-15 2.881321e+21 8.302013e+42
3.290000e-15 2.755373e+21 7.592081e+42
3.300000e-15 2.628364e+21 6.908296e+42
3.310000e-15 2.500372e+21 6.251862e+42
3.320000e-15 2.371479e+21 5.623915e+42
3.330000e-15 2.241766e+21 5.025517e+42
3.340000e-15 2.111316e+21 4.457654e+42
3.350000e-15 1.980211e+21 3.921235e+42
3.360000e-15 1.848536e+21 3.417084e+42
3.370000e-15 1.716376e+21 2.945945e+42
3.380000e-15 1.583816e+21 2.508474e+42
3.390000e-15 1.450944e+21 2.105238e+42
3.400000e-15 1.317845e+21 1.736716e+42
3.410000e-15 1.184609e+21 1.403297e+42
3.420000e-15 1.051321e+21 1.105277e+42
3.430000e-15 9.180720e+20 8.428562e+41
3.440000e-15 7.849492e+20 6.161453e+41
3.450000e-15 6.520420e+20 4.251587e+41
3.460000e-15 5.194393e+20 2.698172e+41
3.470000e-15 3.872304e+20 1.499474e+41
3.480000e-15 2.555046e+20 6.528258e+40
3.490000e-15 1.243509e+20 1.546314e+40
3.500000e-15 -6.141506e+18 3.771810e+37
3.510000e-15 -1.358838e+20 1.846440e+40
3.520000e-15 -2.647873e+20 7.011230e+40
3.530000e-15 -3.927637e+20 1.542634e+41
3.540000e-15 -5.197253e+20 2.701144e+41
3.550000e-15 -6.455846e+20 4.167794e+41
3.560000e-15 -7.702547e+20 5.932923e+41
3.570000e-15 -8.936496e+20 7.986096e+41
3.580000e-15 -1.015684e+21 1.031613e+42
3.590000e-15 -1.136272e+21 1.291114e+42
3.600000e-15 -1.255331e+21 1.575856e+42
3.610000e-15 -1.372778e+21 1.884519e+42
3.620000e-15 -1.488530e+21 2.215723e+42
3.630000e-15 -1.602508e+21 2.568030e+42
3.640000e-15 -1.714630e+21 2.939955e+42
3.650000e-15 -1.824819e+21 3.329963e+42
3.660000e-15 -1.932997e+21 3.736476e+42
3.670000e-15 -2.039088e+21 4.157879e+42
3.680000e-15 -2.143018e+21 4.592525e+42
3.690000e-15 -2.244714e+21 5.038739e+42
3.700000e-15 -2.344104e+21 5.494822e+42
3.710000e-15 -2.441118e+21 5.959057e+42
3.720000e-15 -2.535689e+21 6.429717e+42
3.730000e-15 -2.627749e+21 6.905065e+42
3.740000e-15 -2.717235e+21 7.383363e+42
3.750000e-15 -2.804082e+21 7.862878e+42
3.760000e-15 -2.888232e+21 8.341882e+42
3.770000e-15 -2.969623e+21 8.818663e+42
3.780000e-15 -3.048201e+21 9.291530e+42
3.790000e-15 -3.123910e+21 9.758812e+42
3.800000e-15 -3.196697e+21 1.021887e+43
3.810000e-15 -3.266512e+21 1.067010e+43
3.820000e-15 -3.333308e+21 1.111094e+43
3.830000e-15 -3.397037e+21 1.153986e+43
3.840000e-15 -3.457658e+21 1.195540e+43
3.850000e-15 -3.515128e+21 1.235612e+43
3.860000e-15 -3.569409e+21 1.274068e+43
3.870000e-15 -3.620465e+21 1.310777e+43
3.880000e-15 -3.668263e+21 1.345616e+43
3.890000e-15 -3.712772e+21 1.378467e+43
3.900000e-15 -3.753962e+21 1.409223e+43
3.910000e-15 -3.791809e+21 1.437782e+43
3.920000e-15 -3.826290e+21 1.464049e+43
3.930000e-15 -3.857383e+21 1.487941e+43
3.940000e-15 -3.885072e+21 1.509378e+43
3.950000e-15 -3.909341e+21 1.528295e+43
3.960000e-15 -3.930179e+21 1.544631e+43
3.970000e-15 -3.947576e+21 1.558335e+43
3.980000e-15 -3.961525e+21 1.569368e+43
3.990000e-15 -3.972024e+21 1.577697e+43
4.000000e-15 -3.979070e+21 1.583300e+43
4.010000e-15 -3.982668e+21 1.586164e+43
4.020000e-15 -3.982820e+21 1.586286e+43
4.030000e-15 -3.979536e+21 1.583671e+43
4.040000e-15 -3.972826e+21 1.578335e+43
4.050000e-15 -3.962703e+21 1.570302e+43
4.060000e-15 -3.949185e+21 1.559606e+43
4.070000e-15 -3.932290e+21 1.546290e+43
4.080000e-15 -3.912041e+21 1.530406e+43
4.090000e-15 -3.888463e+21 1.512014e+43
4.100000e-15 -3.861583e+21 1.491183e+43
4.110000e-15 -3.831434e+21 1.467988e+43
4.120000e-15 -3.798047e+21 1.442516e+43
4.130000e-15 -3.761461e+21 1.414859e+43
4.140000e-15 -3.721713e+21 1.385115e+43
4.150000e-15 -3.678846e+21 1.353391e+43
4.160000e-15 -3.632905e+21 1.319800e+43
4.170000e-15 -3.583936e+21 1.284460e+43
4.180000e-15 -3.531991e+21 1.247496e+43
4.190000e-15 -3.477121e+21 1.209037e+43
4.200000e-15 -3.419381e+21 1.169217e+43
4.210000e-15 -3.358830e+21 1.128174e+43
4.220000e-15 -3.295527e+21 1.086050e+43
4.230000e-15 -3.229536e+21 1.042990e+43
4.240000e-15 -3.160921e+21 9.991423e+42
4.250000e-15 -3.089750e+21 9.546554e+42
4.260000e-15 -3.016092e+21 9.096809e+42
4.270000e-15 -2.940019e+21 8.643710e+42
4.280000e-15 -2.861605e+21 8.188783e+42
4.290000e-15 -2.780927e+21 7.733553e+42
4.300000e-15 -2.698062e+21 7.279537e+42
4.310000e-15 -2.613090e+21 6.828242e+42
4.320000e-15 -2.526095e+21 6.381156e+42
4.330000e-15 -2.437159e+21 5.939744e+42
4.340000e-15 -2.346368e+21 5.505443e+42
4.350000e-15 -2.253810e+21 5.079659e+42
4.360000e-15 -2.159573e+21 4.663755e+42
4.370000e-15 -2.063748e+21 4.259055e+42
4.380000e-15 -1.966426e+21 3.866832e+42
4.390000e-15 -1.867702e+21 3.488309e+42
4.400000e-15 -1.767668e+21 3.124651e+42
4.410000e-15 -1.666422e+21 2.776962e+42
4.420000e-15 -1.564059e+21 2.446281e+42
4.430000e-15 -1.460678e+21 2.133580e+42
4.440000e-15 -1.356377e+21 1.839758e+42
4.450000e-15 -1.251256e+21 1.565640e+42
4.460000e-15 -1.145414e+21 1.311973e+42
4.470000e-15 -1.038953e+21 1.079424e+42
4.480000e-15 -9.319745e+20 8.685765e+41
4.490000e-15 -8.245798e+20 6.799318e+41
4.500000e-15 -7.168711e+20 5.139042e+41
4.510000e-15 -6.089510e+20 3.708213e+41
4.520000e-15 -5.009219e+20 2.509227e+41
4.530000e-15 -3.928866e+20 1.543598e+41
4.540000e-15 -2.849475e+20 8.119507e+40
4.550000e-15 -1.772071e+20 3.140236e+40
4.560000e-15 -6.976761e+19 4.867520e+39
4.570000e-15 3.726922e+19 1.388994e+39
4.580000e-15 1.438020e+20 2.067901e+40
4.590000e-15 2.497299e+20 6.236502e+40
4.600000e-15 3.549527e+20 1.259914e+41
4.610000e-15 4.593711e+20 2.110218e+41
4.620000e-15 5.628864e+20 3.168411e+41
4.630000e-15 6.654010e+20 4.427585e+41
4.640000e-15 7.668184e+20 5.880104e+41
4.650000e-15 8.670429e+20 7.517634e+41
4.660000e-15 9.659804e+20 9.331182e+41
4.670000e-15 1.063538e+21 1.131113e+42
4.680000e-15 1.159624e+21 1.344729e+42
4.690000e-15 1.254149e+21 1.572890e+42
4.700000e-15 1.347024e+21 1.814475e+42
4.710000e-15 1.438163e+21 2.068313e+42
4.720000e-15 1.527480e+21 2.333196e+42
4.730000e-15 1.614893e+21 2.607880e+42
4.740000e-15 1.700321e+21 2.891091e+42
4.750000e-15 1.783684e+21 3.181528e+42
4.760000e-15 1.864905e+21 3.477871e+42
4.770000e-15 1.943910e+21 3.778788e+42
4.780000e-15 2.020627e+21 4.082933e+42
4.790000e-15 2.094985e+21 4.388960e+42
4.800000e-15 2.166915e+21 4.695523e+42
4.810000e-15 2.236355e+21 5.001282e+42
4.820000e-15 2.303239e+21 5.304911e+42
4.830000e-15 2.367509e+21 5.605099e+42
4.840000e-15 2.429107e+21 5.900560e+42
4.850000e-15 2.487978e+21 6.190034e+42
4.860000e-15 2.544070e+21 6.472293e+42
4.870000e-15 2.597335e+21 6.746149e+42
4.880000e-15 2.647726e+21 7.010453e+42
4.890000e-15 2.695200e+21 7.264102e+42
4.900000e-15 2.739717e+21 7.506047e+42
4.910000e-15 2.781239e+21 7.735290e+42
4.920000e-15 2.819733e+21 7.950894e+42
4.930000e-15 2.855167e+21 8.151981e+42
4.940000e-15 2.887515e+21 8.337741e+42
4.950000e-15 2.916750e+21 8.507430e+42
4.960000e-15 2.942852e+21 8.660376e+42
4.970000e-15 2.965802e+21 8.795980e+42
4.980000e-15 2.985585e+21 8.913718e+42
4.990000e-15 3.002190e+21 9.013144e+42
5.000000e-15 3.015608e+21 9.093889e+42
5.010000e-15 3.025833e+21 9.155666e+42
5.020000e-15 3.032864e+21 9.198266e+42
5.030000e-15 3.036703e+21 9.221563e+42
5.040000e-15 3.037353e+21 9.225512e+42
5.050000e-15 3.034822e+21 9.210147e+42
5.060000e-15 3.029123e+21 9.175585e+42
5.070000e-15 3.020269e+21 9.122022e+42
5.080000e-15 3.008277e+21 9.049730e+42
5.090000e-15 2.993169e+21 8.959061e+42
5.100000e-15 2.974969e+21 8.850441e+42
5.110000e-15 2.953704e+21 8.724368e+42
5.120000e-15 2.929404e+21 8.581411e+42
5.130000e-15 2.902104e+21 8.422207e+42
5.140000e-15 2.871839e+21 8.247458e+42
5.150000e-15 2.838649e+21 8.057928e+42
5.160000e-15 2.802577e+21 7.854438e+42
5.170000e-15 2.763669e+21 7.637864e+42
5.180000e-15 2.721972e+21 7.409132e+42
5.190000e-15 2.677539e+21 7.169214e+42
5.200000e-15 2.630423e+21 6.919125e+42
5.210000e-15 2.580681e+21 6.659917e+42
5.220000e-15 2.528374e+21 6.392675e+42
5.230000e-15 2.473562e+21 6.118511e+42
5.240000e-15 2.416312e+21 5.838563e+42
5.250000e-15 2.356689e+21 5.553985e+42
5.260000e-15 2.294765e+21 5.265944e+42
5.270000e-15 2.230609e+21 4.975618e+42
5.280000e-15 2.164298e+21 4.684187e+42
5.290000e-15 2.095907e+21 4.392827e+42
5.300000e-15 2.025515e+21 4.102711e+42
5.310000e-15 1.953202e+21 3.814999e+42
5.320000e-15 1.879051e+21 3.530833e+42
5.330000e-15 1.803146e+21 3.251335e+42
5.340000e-15 1.725573e+21 2.977601e+42
5.350000e-15 1.646419e+21 2.710696e+42
5.360000e-15 1.565774e+21 2.451649e+42
5.370000e-15 1.483729e+21 2.201452e+42
5.380000e-15 1.400376e+21 1.961052e+42
5.390000e-15 1.315807e+21 1.731348e+42
5.400000e-15 1.230118e+21 1.513189e+42
5.410000e-15 1.143403e+21 1.307370e+42
5.420000e-15 1.055760e+21 1.114629e+42
5.430000e-15 9.672851e+20 9.356405e+41
5.440000e-15 8.780772e+20 7.710195e+41
5.450000e-15 7.882347e+20 6.213139e+41
5.460000e-15 6.978567e+20 4.870040e+41
5.470000e-15 6.070431e+20 3.685014e+41
5.480000e-15 5.158938e+20 2.661464e+41
5.490000e-15 4.245088e+20 1.802077e+41
5.500000e-15 3.329885e+20 1.108814e+41
5.510000e-15 2.414332e+20 5.828998e+40
5.520000e-15 1.499429e+20 2.248288e+40
5.530000e-15 5.861760e+19 3.436023e+39
5.540000e-15 -3.244321e+19 1.052562e+39
5.550000e-15 -1.231404e+20 1.516356e+40
5.560000e-15 -2.133755e+20 4.552909e+40
5.570000e-15 -3.030505e+20 9.183960e+40
5.580000e-15 -3.920684e+20 1.537176e+41
5.590000e-15 -4.803330e+20 2.307198e+41
5.600000e-15 -5.677490e+20 3.223389e+41
5.610000e-15 -6.542223e+20 4.280068e+41
5.620000e-15 -7.396599e+20 5.470968e+41
5.630000e-15 -8.239702e+20 6.789269e+41
5.640000e-15 -9.070630e+20 8.227633e+41
5.650000e-15 -9.888495e+20 9.778232e+41
5.660000e-15 -1.069242e+21 1.143279e+42
5.670000e-15 -1.148156e+21 1.318263e+42
5.680000e-15 -1.225508e+21 1.501869e+42
5.690000e-15 -1.301215e+21 1.693159e+42
5.700000e-15 -1.375197e+21 1.891167e+42
5.710000e-15 -1.447377e+21 2.094902e+42
5.720000e-15 -1.517680e+21 2.303352e+42
5.730000e-15 -1.586031e+21 2.515495e+42
5.740000e-15 -1.652360e+21 2.730293e+42
5.750000e-15 -1.716597e+21 2.946707e+42
5.760000e-15 -1.778677e+21 3.163693e+42
5.770000e-15 -1.838536e+21 3.380214e+42
5.780000e-15 -1.896112e+21 3.595240e+42
5.790000e-15 -1.951347e+21 3.807754e+42
5.800000e-15 -2.004184e+21 4.016755e+42
5.810000e-15 -2.054572e+21 4.221267e+42
5.820000e-15 -2.102460e+21 4.420337e+42
5.830000e-15 -2.147800e+21 4.613043e+42
5.840000e-15 -2.190547e+21 4.798498e+42
5.850000e-15 -2.230662e+21 4.975853e+42
5.860000e-15 -2.268105e+21 5.144300e+42
5.870000e-15 -2.302841e+21 5.303076e+42
5.880000e-15 -2.334838e+21 5.451467e+42
5.890000e-15 -2.364066e+21 5.588810e+42
5.900000e-15 -2.390501e+21 5.714496e+42
5.910000e-15 -2.414119e+21 5.827972e+42
5.920000e-15 -2.434901e+21 5.928745e+42
5.930000e-15 -2.452831e+21 6.016382e+42
5.940000e-15 -2.467896e+21 6.090512e+42
5.950000e-15 -2.480087e+21 6.150829e+42
5.960000e-15 -2.489396e+21 6.197091e+42
5.970000e-15 -2.495821e+21 6.229122e+42
5.980000e-15 -2.499362e+21 6.246810e+42
5.990000e-15 -2.500023e+21 6.250114e+42
6.000000e-15 -2.497810e+21 6.239054e+42
6.010000e-15 -2.492733e+21 6.213720e+42
6.020000e-15 -2.484807e+21 6.174264e+42
6.030000e-15 -2.474046e+21 6.120903e+42
6.040000e-15 -2.460471e+21 6.053917e+42
6.050000e-15 -2.444105e+21 5.973648e+42
6.060000e-15 -2.424973e+21 5.880495e+42
6.070000e-15 -2.403106e+21 5.774917e+42
6.080000e-15 -2.378534e+21 5.657425e+42
6.090000e-15 -2.351294e+21 5.528583e+42
6.100000e-15 -2.321423e+21 5.389006e+42
6.110000e-15 -2.288964e+21 5.239354e+42
6.120000e-15 -2.253959e+21 5.080329e+42
6.130000e-15 -2.216455e+21 4.912674e+42
6.140000e-15 -2.176504e+21 4.737168e+42
6.150000e-15 -2.134156e+21 4.554621e+42
6.160000e-15 -2.089467e+21 4.365872e+42
6.170000e-15 -2.042495e+21 4.171785e+42
6.180000e-15 -1.993300e+21 3.973243e+42
6.190000e-15 -1.941944e+21 3.771146e+42
6.200000e-15 -1.888493e+21 3.566405e+42
6.210000e-15 -1.833013e+21 3.359938e+42
6.220000e-15 -1.775576e+21 3.152669e+42
6.230000e-15 -1.716251e+21 2.945517e+42
6.240000e-15 -1.655113e+21 2.739399e+42
6.250000e-15 -1.592238e+21 2.535220e+42
6.260000e-15 -1.527702e+21 2.333874e+42
6.270000e-15 -1.461586e+21 2.136234e+42
6.280000e-15 -1.393970e+21 1.943153e+42
6.290000e-15 -1.324938e+21 1.755459e+42
6.300000e-15 -1.254572e+21 1.573950e+42
6.310000e-15 -1.182958e+21 1.399390e+42
6.320000e-15 -1.110184e+21 1.232508e+42
6.330000e-15 -1.036337e+21 1.073994e+42
6.340000e-15 -9.615057e+20 9.244931e+41
6.350000e-15 -8.857806e+20 7.846072e+41
6.360000e-15 -8.092524e+20 6.548894e+41
6.370000e-15 -7.320126e+20 5.358425e+41
6.380000e-15 -6.541536e+20 4.279170e+41
6.390000e-15 -5.757681e+20 3.315089e+41
6.400000e-15 -4.969493e+20 2.469586e+41
6.410000e-15 -4.177908e+20 1.745492e+41
6.420000e-15 -3.383863e+20 1.145053e+41
6.430000e-15 -2.588297e+20 6.699281e+40
6.440000e-15 -1.792148e+20 3.211796e+40
6.450000e-15 -9.963546e+19 9.927224e+39
6.460000e-15 -2.018507e+19 4.074371e+38
6.470000e-15 5.904314e+19 3.486092e+39
6.480000e-15 1.379564e+20 1.903198e+40
6.490000e-15 2.164627e+20 4.685609e+40
6.500000e-15 2.944703e+20 8.671275e+40
6.510000e-15 3.718886e+20 1.383011e+41
6.520000e-15 4.486276e+20 2.012667e+41
6.530000e-15 5.245985e+20 2.752036e+41
6.540000e-15 5.997134e+20 3.596562e+41
6.550000e-15 6.738858e+20 4.541221e+41
6.560000e-15 7.470302e+20 5.580541e+41
6.570000e-15 8.190627e+20 6.708637e+41
6.580000e-15 8.899007e+20 7.919233e+41
6.590000e-15 9.594634e+20 9.205701e+41
6.600000e-15 1.027672e+21 1.056109e+42
6.610000e-15 1.094448e+21 1.197816e+42
6.620000e-15 1.159716e+21 1.344941e+42
6.630000e-15 1.223403e+21 1.496714e+42
6.640000e-15 1.285436e+21 1.652347e+42
6.650000e-15 1.345747e+21 1.811036e+42
6.660000e-15 1.404268e+21 1.971970e+42
6.670000e-15 1.460934e+21 2.134328e+42
6.680000e-15 1.515681e+21 2.297290e+42
6.690000e-15 1.568450e+21 2.460036e+42
6.700000e-15 1.619182e+21 2.621752e+42
6.710000e-15 1.667823e+21 2.781633e+42
6.720000e-15 1.714319e+21 2.938888e+42
6.730000e-15 1.758619e+21 3.092742e+42
6.740000e-15 1.800678e+21 3.242440e+42
6.750000e-15 1.840449e+21 3.387253e+42
6.760000e-15 1.877891e+21 3.526476e+42
6.770000e-15 1.912966e+21 3.659438e+42
6.780000e-15 1.945636e+21 3.785501e+42
6.790000e-15 1.975869e+21 3.904060e+42
6.800000e-15 2.003635e+21 4.014554e+42
6.810000e-15 2.028906e+21 4.116461e+42
6.820000e-15 2.051659e+21 4.209303e+42
6.830000e-15 2.071871e+21 4.292650e+42
6.840000e-15 2.089526e+21 4.366118e+42
6.850000e-15 2.104608e+21 4.429373e+42
6.860000e-15 2.117105e+21 4.482133e+42
6.870000e-15 2.127009e+21 4.524166e+42
6.880000e-15 2.134314e+21 4.555295e+42
6.890000e-15 2.139017e+21 4.575396e+42
6.900000e-15 2.141121e+21 4.584398e+42
6.910000e-15 2.140627e+21 4.582284e+42
6.920000e-15 2.137544e+21 4.569092e+42
6.930000e-15 2.131880e+21 4.544913e+42
6.940000e-15 2.123650e+21 4.509890e+42
6.950000e-15 2.112869e+21 4.464217e+42
6.960000e-15 2.099558e+21 4.408142e+42
6.970000e-15 2.083736e+21 4.341957e+42
6.980000e-15 2.065431e+21 4.266007e+42
6.990000e-15 2.044670e+21 4.180677e+42
7.000000e-15 2.021485e+21 4.086401e+42
7.010000e-15 1.995908e+21 3.983650e+42
7.020000e-15 1.967978e+21 3.872936e+42
7.030000e-15 1.937733e+21 3.754807e+42
7.040000e-15 1.905215e+21 3.629844e+42
7.050000e-15 1.870470e+21 3.498657e+42
7.060000e-15 1.833545e+21 3.361885e+42
7.070000e-15 1.794489e+21 3.220192e+42
7.080000e-15 1.753357e+21 3.074259e+42
7.090000e-15 1.710201e+21 2.924789e+42
7.100000e-15 1.665081e+21 2.772494e+42
7.110000e-15 1.618055e+21 2.618100e+42
7.120000e-15 1.569184e+21 2.462339e+42
7.130000e-15 1.518534e+21 2.305945e+42
7.140000e-15 1.466169e+21 2.149651e+42
7.150000e-15 1.412158e+21 1.994189e+42
7.160000e-15 1.356570e+21 1.840281e+42
7.170000e-15 1.299477e+21 1.688639e+42
7.180000e-15 1.240951e+21 1.539960e+42
7.190000e-15 1.181069e+21 1.394923e+42
7.200000e-15 1.119905e+21 1.254187e+42
7.210000e-15 1.057538e+21 1.118387e+42
7.220000e-15 9.940470e+20 9.881294e+41
7.230000e-15 9.295117e+20 8.639920e+41
7.240000e-15 8.640137e+20 7.465196e+41
7.250000e-15 7.976353e+20 6.362220e+41
7.260000e-15 7.304597e+20 5.335714e+41
7.270000e-15 6.625712e+20 4.390006e+41
7.280000e-15 5.940544e+20 3.529007e+41
7.290000e-15 5.249948e+20 2.756195e+41
7.300000e-15 4.554782e+20 2.074604e+41
7.310000e-15 3.855910e+20 1.486804e+41
7.320000e-15 3.154196e+20 9.948954e+40
7.330000e-15 2.450509e+20 6.004994e+40
7.340000e-15 1.745716e+20 3.047525e+40
7.350000e-15 1.040686e+20 1.083027e+40
7.360000e-15 3.362845e+19 1.130872e+39
7.370000e-15 -3.666242e+19 1.344133e+39
7.380000e-15 -1.067180e+20 1.138872e+40
7.390000e-15 -1.764526e+20 3.113551e+40
7.400000e-15 -2.457813e+20 6.040843e+40
7.410000e-15 -3.146196e+20 9.898551e+40
7.420000e-15 -3.828841e+20 1.466002e+41
7.430000e-15 -4.504919e+20 2.029429e+41
7.440000e-15 -5.173613e+20 2.676627e+41
7.450000e-15 -5.834116e+20 3.403691e+41
7.460000e-15 -6.485633e+20 4.206343e+41
7.470000e-15 -7.127380e+20 5.079955e+41
7.480000e-15 -7.758590e+20 6.019572e+41
7.490000e-15 -8.378507e+20 7.019938e+41
7.500000e-15 -8.986392e+20 8.075525e+41
7.510000e-15 -9.581522e+20 9.180557e+41
7.520000e-15 -1.016319e+21 1.032905e+42
7.530000e-15 -1.073071e+21 1.151482e+42
7.540000e-15 -1.128342e+21 1.273155e+42
7.550000e-15 -1.182065e+21 1.397278e+42
7.560000e-15 -1.234179e+21 1.523198e+42
7.570000e-15 -1.284623e+21 1.650255e+42
7.580000e-15 -1.333337e+21 1.777788e+42
7.590000e-15 -1.380266e+21 1.905135e+42
7.600000e-15 -1.425356e+21 2.031639e+42
7.610000e-15 -1.468554e+21 2.156652e+42
7.620000e-15 -1.509813e+21 2.279534e+42
7.630000e-15 -1.549084e+21 2.399660e+42
7.640000e-15 -1.586324e+21 2.516423e+42
7.650000e-15 -1.621491e+21 2.629232e+42
7.660000e-15 -1.654546e+21 2.737523e+42
7.670000e-15 -1.685454e+21 2.840754e+42
7.680000e-15 -1.714180e+21 2.938413e+42
7.690000e-15 -1.740694e+21 3.030015e+42
7.700000e-15 -1.764968e+21 3.115111e+42
7.710000e-15 -1.786977e+21 3.193285e+42
7.720000e-15 -1.806698e+21 3.264158e+42
7.730000e-15 -1.824113e+21 3.327388e+42
7.740000e-15 -1.839205e+21 3.382673e+42
7.750000e-15 -1.851960e+21 3.429755e+42
7.760000e-15 -1.862368e+21 3.468413e+42
7.770000e-15 -1.870421e+21 3.498474e+42
7.780000e-15 -1.876114e+21 3.519805e+42
7.790000e-15 -1.879447e+21 3.532320e+42
7.800000e-15 -1.880419e+21 3.535976e+42
7.810000e-15 -1.879035e+21 3.530774e+42
7.820000e-15 -1.875303e+21 3.516761e+42
7.830000e-15 -1.869231e+21 3.494026e+42
7.840000e-15 -1.860834e+21 3.462703e+42
7.850000e-15 -1.850126e+21 3.422968e+42
7.860000e-15 -1.837127e+21 3.375036e+42
7.870000e-15 -1.821857e+21 3.319164e+42
7.880000e-15 -1.804342e+21 3.255649e+42
7.890000e-15 -1.784607e+21 3.184822e+42
7.900000e-15 -1.762683e+21 3.107050e+42
7.910000e-15 -1.738601e+21 3.022734e+42
7.920000e-15 -1.712398e+21 2.932306e+42
7.930000e-15 -1.684110e+21 2.836226e+42
7.940000e-15 -1.653778e+21 2.734980e+42
7.950000e-15 -1.621443e+21 2.629079e+42
7.960000e-15 -1.587152e+21 2.519053e+42
7.970000e-15 -1.550952e+21 2.405452e+42
7.980000e-15 -1.512892e+21 2.288841e+42
7.990000e-15 -1.473023e+21 2.169798e+42
8.000000e-15 -1.431401e+21 2.048909e+42
8.010000e-15 -1.388081e+21 1.926770e+42
8.020000e-15 -1.343122e+21 1.803976e+42
8.030000e-15 -1.296583e+21 1.681127e+42
8.040000e-15 -1.248526e+21 1.558818e+42
8.050000e-15 -1.199016e+21 1.437640e+42
8.060000e-15 -1.148118e+21 1.318174e+42
8.070000e-15 -1.095898e+21 1.200992e+42
8.080000e-15 -1.042425e+21 1.086650e+42
8.090000e-15 -9.877699e+20 9.756894e+41
8.100000e-15 -9.320034e+20 8.686303e+41
8.110000e-15 -8.751981e+20 7.659718e+41
8.120000e-15 -8.174280e+20 6.681886e+41
8.130000e-15 -7.587679e+20 5.757287e+41
8.140000e-15 -6.992935e+20 4.890115e+41
8.150000e-15 -6.390817e+20 4.084254e+41
8.160000e-15 -5.782099e+20 3.343267e+41
8.170000e-15 -5.167563e+20 2.670370e+41
8.180000e-15 -4.547996e+20 2.068426e+41
8.190000e-15 -3.924190e+20 1.539927e+41
8.200000e-15 -3.296942e+20 1.086983e+41
8.210000e-15 -2.667051e+20 7.113161e+40
8.220000e-15 -2.035317e+20 4.142516e+40
8.230000e-15 -1.402542e+20 1.967125e+40
8.240000e-15 -7.695273e+19 5.921723e+39
8.250000e-15 -1.370725e+19 1.878887e+38
8.260000e-15 4.940244e+19 2.440601e+39
8.270000e-15 1.122969e+20 1.261059e+40
8.280000e-15 1.748970e+20 3.058898e+40
8.290000e-15 2.371244e+20 5.622799e+40
8.300000e-15 2.989011e+20 8.934189e+40
8.310000e-15 3.601500e+20 1.297080e+41
8.320000e-15 4.207947e+20 1.770682e+41
8.330000e-15 4.807597e+20 2.311299e+41
8.340000e-15 5.399706e+20 2.915683e+41
8.350000e-15 5.983541e+20 3.580277e+41
8.360000e-15 6.558380e+20 4.301235e+41
8.370000e-15 7.123514e+20 5.074445e+41
8.380000e-15 7.678248e+20 5.895549e+41
8.390000e-15 8.221900e+20 6.759964e+41
8.400000e-15 8.753806e+20 7.662912e+41
8.410000e-15 9.273316e+20 8.599438e+41
8.420000e-15 9.779797e+20 9.564442e+41
8.430000e-15 1.027263e+21 1.055270e+42
8.440000e-15 1.075123e+21 1.155890e+42
8.450000e-15 1.121501e+21 1.257765e+42
8.460000e-15 1.166342e+21 1.360354e+42
8.470000e-15 1.209592e+21 1.463112e+42
8.480000e-15 1.251199e+21 1.565498e+42
8.490000e-15 1.291113e+21 1.666974e+42
8.500000e-15 1.329289e+21 1.767009e+42
8.510000e-15 1.365681e+21 1.865083e+42
8.520000e-15 1.400246e+21 1.960688e+42
8.530000e-15 1.432944e+21 2.053328e+42
8.540000e-15 1.463738e+21 2.142529e+42
8.550000e-15 1.492593e+21 2.227832e+42
8.560000e-15 1.519475e+21 2.308804e+42
8.570000e-15 1.544355e+21 2.385033e+42
8.580000e-15 1.567206e+21 2.456133e+42
8.590000e-15 1.588001e+21 2.521749e+42
8.600000e-15 1.606721e+21 2.581551e+42
8.610000e-15 1.623344e+21 2.635244e+42
8.620000e-15 1.637853e+21 2.682564e+42
8.630000e-15 1.650236e+21 2.723279e+42
8.640000e-15 1.660480e+21 2.757195e+42
8.650000e-15 1.668577e+21 2.784151e+42
8.660000e-15 1.674522e+21 2.804023e+42
8.670000e-15 1.678310e+21 2.816724e+42
8.680000e-15 1.679941e+21 2.822203e+42
8.690000e-15 1.679419e+21 2.820448e+42
8.700000e-15 1.676748e+21 2.811483e+42
8.710000e-15 1.671936e+21 2.795369e+42
8.720000e-15 1.664993e+21 2.772201e+42
8.730000e-15 1.655933e+21 2.742114e+42
8.740000e-15 1.644772e+21 2.705275e+42
8.750000e-15 1.631528e+21 2.661885e+42
8.760000e-15 1.616223e+21 2.612178e+42
8.770000e-15 1.598881e+21 2.556419e+42
8.780000e-15 1.579527e+21 2.494905e+42
8.790000e-15 1.558191e+21 2.427959e+42
8.800000e-15 1.534904e+21 2.355930e+42
8.810000e-15 1.509700e+21 2.279194e+42
8.820000e-15 1.482615e+21 2.198147e+42
8.830000e-15 1.453688e+21 2.113208e+42
8.840000e-15 1.422959e+21 2.024813e+42
8.850000e-15 1.390472e+21 1.933413e+42
8.860000e-15 1.356272e+21 1.839473e+42
8.870000e-15 1.320406e+21 1.743471e+42
8.880000e-15 1.282923e+21 1.645892e+42
8.890000e-15 1.243876e+21 1.547226e+42
8.900000e-15 1.203316e+21 1.447969e+42
8.910000e-15 1.161300e+21 1.348617e+42
8.920000e-15 1.117884e+21 1.249664e+42
8.930000e-15 1.073127e+21 1.151601e+42
8.940000e-15 1.027088e+21 1.054910e+42
8.950000e-15 9.798307e+20 9.600682e+41
8.960000e-15 9.314169e+20 8.675375e+41
8.970000e-15 8.819115e+20 7.777679e+41
8.980000e-15 8.313803e+20 6.911932e+41
8.990000e-15 7.798904e+20 6.082290e+41
9.000000e-15 7.275097e+20 5.292704e+41
9.010000e-15 6.743076e+20 4.546908e+41
9.020000e-15 6.203541e+20 3.848392e+41
9.030000e-15 5.657201e+20 3.200392e+41
9.040000e-15 5.104772e+20 2.605870e+41
9.050000e-15 4.546978e+20 2.067501e+41
9.060000e-15 3.984548e+20 1.587662e+41
9.070000e-15 3.418215e+20 1.168419e+41
9.080000e-15 2.848715e+20 8.115178e+40
9.090000e-15 2.276790e+20 5.183771e+40
9.100000e-15 1.703179e+20 2.900820e+40
9.110000e-15 1.128627e+20 1.273799e+40
9.120000e-15 5.538744e+19 3.067769e+39
9.130000e-15 -2.033667e+18 4.135801e+36
9.140000e-15 -5.932673e+19 3.519661e+39
9.150000e-15 -1.164181e+20 1.355318e+40
9.160000e-15 -1.732347e+20 3.001025e+40
9.170000e-15 -2.297036e+20 5.276372e+40
9.180000e-15 -2.857527e+20 8.165458e+40
9.190000e-15 -3.413105e+20 1.164929e+41
9.200000e-15 -3.963063e+20 1.570587e+41
9.210000e-15 -4.506703e+20 2.031037e+41
9.220000e-15 -5.043335e+20 2.543522e+41
9.230000e-15 -5.572279e+20 3.105029e+41
9.240000e-15 -6.092869e+20 3.712305e+41
9.250000e-15 -6.604447e+20 4.361872e+41
9.260000e-15 -7.106372e+20 5.050052e+41
9.270000e-15 -7.598013e+20 5.772980e+41
9.280000e-15 -8.078756e+20 6.526629e+41
9.290000e-15 -8.548000e+20 7.306830e+41
9.300000e-15 -9.005161e+20 8.109293e+41
9.310000e-15 -9.449673e+20 8.929632e+41
9.320000e-15 -9.880985e+20 9.763387e+41
9.330000e-15 -1.029857e+21 1.060605e+42
9.340000e-15 -1.070190e+21 1.145307e+42
9.350000e-15 -1.109050e+21 1.229991e+42
9.360000e-15 -1.146388e+21 1.314206e+42
9.370000e-15 -1.182160e+21 1.397502e+42
9.380000e-15 -1.216322e+21 1.479439e+42
9.390000e-15 -1.248833e+21 1.559584e+42
9.400000e-15 -1.279654e+21 1.637516e+42
9.410000e-15 -1.308749e+21 1.712825e+42
9.420000e-15 -1.336084e+21 1.785119e+42
9.430000e-15 -1.361625e+21 1.854023e+42
9.440000e-15 -1.385344e+21 1.919179e+42
9.450000e-15 -1.407214e+21 1.980252e+42
9.460000e-15 -1.427210e+21 2.036928e+42
9.470000e-15 -1.445309e+21 2.088919e+42
9.480000e-15 -1.461492e+21 2.135960e+42
9.490000e-15 -1.475742e+21 2.177814e+42
9.500000e-15 -1.488043e+21 2.214273e+42
9.510000e-15 -1.498384e+21 2.245156e+42
9.520000e-15 -1.506756e+21 2.270312e+42
9.530000e-15 -1.513150e+21 2.289622e+42
9.540000e-15 -1.517562e+21 2.302996e+42
9.550000e-15 -1.519992e+21 2.310375e+42
9.560000e-15 -1.520439e+21 2.311734e+42
9.570000e-15 -1.518906e+21 2.307076e+42
9.580000e-15 -1.515400e+21 2.296437e+42
9.590000e-15 -1.509929e+21 2.279885e+42
9.600000e-15 -1.502503e+21 2.257516e+42
9.610000e-15 -1.493137e+21 2.229458e+42
9.620000e-15 -1.481846e+21 2.195867e+42
9.630000e-15 -1.468648e+21 2.156927e+42
9.640000e-15 -1.453565e+21 2.112850e+42
9.650000e-15 -1.436619e+21 2.063874e+42
9.660000e-15 -1.417836e+21 2.010260e+42
9.670000e-15 -1.397245e+21 1.952293e+42
9.680000e-15 -1.374875e+21 1.890281e+42
9.690000e-15 -1.350759e+21 1.824549e+42
9.700000e-15 -1.324931e+21 1.755443e+42
9.710000e-15 -1.297429e+21 1.683323e+42
9.720000e-15 -1.268292e+21 1.608565e+42
9.730000e-15 -1.237560e+21 1.531556e+42
9.740000e-15 -1.205278e+21 1.452694e+42
9.750000e-15 -1.171488e+21 1.372385e+42
9.760000e-15 -1.136239e+21 1.291040e+42
9.770000e-15 -1.099580e+21 1.209076e+42
9.780000e-15 -1.061560e+21 1.126910e+42
9.790000e-15 -1.022232e+21 1.044959e+42
9.800000e-15 -9.816499e+20 9.636364e+41
9.810000e-15 -9.398683e+20 8.833525e+41
9.820000e-15 -8.969444e+20 8.045092e+41
9.830000e-15 -8.529361e+20 7.275000e+41
9.840000e-15 -8.079030e+20 6.527072e+41
9.850000e-15 -7.619057e+20 5.805002e+41
9.860000e-15 -7.150060e+20 5.112335e+41
9.870000e-15 -6.672668e+20 4.452449e+41
9.880000e-15 -6.187520e+20 3.828540e+41
9.890000e-15 -5.695263e+20 3.243602e+41
9.900000e-15 -5.196553e+20 2.700416e+41
9.910000e-15 -4.692054e+20 2.201537e+41
9.920000e-15 -4.182434e+20 1.749275e+41
9.930000e-15 -3.668369e+20 1.345693e+41
9.940000e-15 -3.150538e+20 9.925890e+40
9.950000e-15 -2.629625e+20 6.914926e+40
9.960000e-15 -2.106315e+20 4.436564e+40
9.970000e-15 -1.581298e+20 2.500503e+40
9.980000e-15 -1.055261e+20 1.113576e+40
9.990000e-15 -5.288950e+19 2.797299e+39
1.000000e-14 -2.887632e+17 8.338419e+34
